B@CP 1000 -0.00630941776 -0.136744251 0.384920139 0 0 0
B@CP 1002 0.159454335 -0.216878724 -0.336121021 0 0 0
B@CP 1003 -0.177969607 0.281435342 0.0332136306 0 0 0
B@CP 1006 0.369350695 -0.0300528462 0.0822699098 0 0 0
B@CP 1007 -0.230309279 -0.103827795 -0.366745422 0 0 0
B@CP 1008 -0.291496949 -0.081191114 -0.319813857 0 0 0
B@CP 1011 0.248129324 -0.0306949109 0.267546708 0 0 0
B@CP 1015 0.11063721 0.121320085 0.309693363 0 0 0
B@CP 1019 0.152714992 0.0999458159 0.296924267 0 0 0
B@CP 1024 -0.075309129 -0.280023861 0.206257366 0 0 0
B@CP 1036 -0.433415221 -0.0408368857 -0.0422182997 0 0 0
B@CP 1037 0.0621285225 -0.399645648 -0.0470040616 0 0 0
B@CP 1042 0.122854596 -0.310788435 0.269679606 0 0 0
B@CP 1045 -0.286326711 0.105852785 -0.275299455 0 0 0
B@CP 1047 -0.0821486669 -0.0698486244 -0.167826238 0 0 0
B@CP 1049 -0.271156149 -0.3304435 0.1048595 0 0 0
B@CP 1052 0.134420409 -0.0473410879 -0.278906534 0 0 0
B@CP 1056 0.202816274 -0.164167414 -0.114800914 0 0 0
B@CP 1058 0.227227174 -0.314614141 0.196714553 0 0 0
B@CP 1062 -0.228137448 -0.201775115 -0.0754435487 0 0 0
B@CP 1063 0.229836427 -0.117576112 0.263060127 0 0 0
B@CP 1064 0.18759969 0.266304076 -0.205435892 0 0 0
B@CP 1066 0.289446793 -0.16570699 0.103652756 0 0 0
B@CP 1067 -0.418471098 -0.032732284 0.200621135 0 0 0
B@CP 1073 -0.0141571987 -0.0595735969 0.0800211044 0 0 0
B@CP 1078 0.105272827 0.104643538 0.255165065 0 0 0
B@CP 1080 -0.187379107 -0.0530783927 -0.297129416 0 0 0
B@CP 1083 -0.0347417482 -0.385131292 0.175547453 0 0 0
B@CP 1087 0.0863425983 0.113913087 0.129279876 0 0 0
B@CP 1088 0.00954245088 -0.217748281 -0.01261565 0 0 0
B@CP 1089 0.0720223092 -0.33082281 0.311292129 0 0 0
B@CP 1090 0.248666043 -0.299132561 0.107668325 0 0 0
B@CP 1091 -0.143789055 0.297218724 0.228774527 0 0 0
B@CP 1096 0.265146689 -0.229681078 -0.257460518 0 0 0
B@CP 1101 0.271522717 -0.0513044262 -0.228145453 0 0 0
B@CP 1103 -0.240103904 0.246379956 0.247628882 0 0 0
B@CP 1105 0.201942269 0.0816576551 -0.258254164 0 0 0
B@CP 1107 0.0214351064 0.114444306 0.0732169592 0 0 0
B@CP 1110 -0.45710681 -0.0183846492 -0.0523120022 0 0 0
B@CP 1113 0.229289545 -0.152637611 -0.294252299 0 0 0
B@CP 1116 -0.0126469485 0.27968798 -0.380376309 0 0 0
B@CP 1117 -0.0915845177 -0.176600789 0.362774471 0 0 0
B@CP 1118 -0.0751589326 -0.214157198 0.042156607 0 0 0
B@CP 1119 -0.0641843375 0.0271206053 0.34211474 0 0 0
B@CP 1121 0.195330328 -0.244921158 0.150924447 0 0 0
B@CP 1125 -0.368818396 -0.18674329 -0.0496556472 0 0 0
B@CP 1129 0.0101537318 -0.321387516 0.266313488 0 0 0
B@CP 1130 0.132442995 0.242636644 -0.23868797 0 0 0
B@CP 1131 0.122804159 -0.204484522 -0.39464435 0 0 0
B@CP 1133 -0.0420184338 -0.042937966 0.233994294 0 0 0
B@CP 1136 0.331927775 -0.196344662 0.082081712 0 0 0
B@CP 1139 0.250872876 -0.0706809111 0.030137979 0 0 0
B@CP 1145 0.0220435427 -0.193119276 0.409678249 0 0 0
B@CP 1148 -0.330090481 -0.150129583 0.246002635 0 0 0
B@CP 1151 0.397238073 -0.0540206417 -0.192000653 0 0 0
B@CP 1156 0.267771947 -0.301419072 -0.109507781 0 0 0
B@CP 1157 0.181065675 0.263619845 0.106271309 0 0 0
B@CP 1163 -0.291559325 0.1419632 -0.167127514 0 0 0
B@CP 1165 -0.146196856 -0.33053271 0.232471882 0 0 0
B@CP 1167 0.278795092 0.178617086 0.0819105478 0 0 0
B@CP 1170 0.107402621 -0.352029272 0.259022875 0 0 0
B@CP 1173 0.31145204 -0.0451873676 0.259493727 0 0 0
B@CP 1175 -0.227134392 -0.114976355 0.31175087 0 0 0
B@CP 1176 -0.0868005751 0.282212375 0.111714241 0 0 0
B@CP 1178 -0.281362267 0.0771485455 -0.0218563133 0 0 0
B@CP 1180 -0.00805328241 -0.0411301362 -0.358504968 0 0 0
B@CP 1188 -0.300958546 0.276183665 0.127251671 0 0 0
B@CP 1189 -0.0802965638 0.196868333 0.383018903 0 0 0
B@CP 1191 0.0238238578 0.203751155 0.287995841 0 0 0
B@CP 1196 -0.113450689 0.188011656 -0.352682724 0 0 0
B@CP 1201 0.0634229219 0.305694572 -0.312899708 0 0 0
B@CP 1203 0.00871946828 -0.139673904 -0.111543979 0 0 0
B@CP 1205 0.015250612 -0.189567116 0.0591342773 0 0 0
B@CP 1206 0.0300382959 -0.21375394 -0.309828614 0 0 0
B@CP 1210 0.0807605465 0.208406775 -0.0990839909 0 0 0
B@CP 1212 0.0265828223 0.0530010733 0.291797013 0 0 0
B@CP 1214 0.0886439948 0.262379415 0.263340516 0 0 0
B@CP 1215 -0.00979288972 0.136156885 -0.360855819 0 0 0
B@CP 1216 0.39039568 -0.227039009 -0.0728163139 0 0 0
B@CP 1222 0.168872221 -0.0288702733 0.215182338 0 0 0
B@CP 1226 0.152898673 -0.117204486 -0.296679016 0 0 0
B@CP 1232 -0.291819113 0.0566387582 0.305557178 0 0 0
B@CP 1238 -0.0872095981 -0.340596345 -0.186917706 0 0 0
B@CP 1242 0.0357867187 0.0179319093 0.145027046 0 0 0
B@CP 1243 -0.273676057 0.0665934938 0.373328388 0 0 0
B@CP 1246 -0.259518282 0.0271452105 -0.085902488 0 0 0
B@CP 1247 0.0874359633 -0.37210971 0.135053152 0 0 0
B@CP 1250 0.274961565 0.381338614 0.023282233 0 0 0
B@CP 1253 0.425739608 -0.0406929574 -0.0212748395 0 0 0
B@CP 1255 0.0388581871 -0.39390508 0.0791012711 0 0 0
B@CP 1256 -0.0618573421 0.23159579 0.263315811 0 0 0
B@CP 1257 0.129610868 0.0567415465 -0.169539533 0 0 0
B@CP 1259 0.183994655 0.107940878 0.362355225 0 0 0
B@CP 1263 0.0353799673 -0.180784219 0.00903859091 0 0 0
B@CP 1264 0.260177257 -0.150311971 0.182419819 0 0 0
B@CP 1268 0.102487197 0.327484922 0.324140108 0 0 0
B@CP 1269 0.0330188741 0.317177711 -0.297045881 0 0 0
B@CP 1273 -0.0274814632 -0.387301457 -0.000877411303 0 0 0
B@CP 1274 -0.256243272 0.38404311 0.0350568396 0 0 0
B@CP 1275 -0.0261865901 0.0108587838 -0.406782657 0 0 0
B@CP 1276 -0.183210087 -0.236178327 0.323738221 0 0 0
B@CP 1282 -0.204868366 -0.347095835 0.137835266 0 0 0
B@CP 1283 -0.202989862 -0.156858281 -0.211102378 0 0 0
B@CP 1284 0.036837373 -0.0342691713 0.393645975 0 0 0
B@CP 1291 -0.107678188 -0.132242438 0.14581823 0 0 0
B@CP 1292 -0.125541573 0.103943343 -0.171662966 0 0 0
B@CP 1305 -0.158281832 -0.00626599685 -0.36873924 0 0 0
B@CP 1308 0.391047043 0.114889829 0.193211757 0 0 0
B@CP 1312 0.221443199 -0.219508711 0.342330731 0 0 0
B@CP 1313 -0.146866426 -0.382782537 0.1240241 0 0 0
B@CP 1316 0.102430213 -0.246472115 0.20637776 0 0 0
B@CP 1317 0.157735887 0.116613154 -0.0723760818 0 0 0
B@CP 1324 -0.00535690319 0.260737859 -0.115465876 0 0 0
B@CP 1326 -0.0656410738 -0.283411664 -0.35940474 0 0 0
B@CP 1329 -0.074599124 -0.0502081067 -0.309084853 0 0 0
B@CP 1331 0.469774199 0.00567806828 0.0444638883 0 0 0
B@CP 1333 0.0650975031 0.0870020354 -0.0353114609 0 0 0
B@CP 1340 0.129998385 -0.125302071 -0.350202153 0 0 0
B@CP 1344 0.24733632 0.0715607347 -0.333711089 0 0 0
B@CP 1348 -0.0311324322 -0.148139578 -0.00423448707 0 0 0
B@CP 1350 -0.00239422415 0.0201259171 0.362998646 0 0 0
B@CP 1355 -0.176432595 0.121387132 0.0512737525 0 0 0
B@CP 1360 -0.338863862 0.142047925 0.284954231 0 0 0
B@CP 1361 -0.0854416247 0.170757838 0.0162092276 0 0 0
B@CP 1362 0.23418388 -0.337692434 -0.186868244 0 0 0
B@CP 1365 0.293058233 -0.116374296 0.135482863 0 0 0
B@CP 1367 -0.234894858 -0.262985099 0.232195653 0 0 0
B@CP 1368 -0.0420062375 -0.0882445799 0.362750245 0 0 0
B@CP 1370 0.00712669039 0.227081757 -0.277232791 0 0 0
B@CP 1371 -0.183399825 0.0924082429 -0.392285981 0 0 0
B@CP 1376 -0.147900801 -0.252900684 -0.325436393 0 0 0
B@CP 1380 0.249566416 -0.00218762983 -0.308373129 0 0 0
B@CP 1391 0.34459092 0.17339084 -0.226912739 0 0 0
B@CP 1393 -0.0752729371 -0.125664448 -0.425525491 0 0 0
B@CP 1395 0.0208319942 0.0678348731 0.307148668 0 0 0
B@CP 1396 0.112022217 -0.398654119 0.226415465 0 0 0
B@CP 1397 0.282590588 -0.0281966797 -0.111240188 0 0 0
B@CP 1402 -0.262977658 -0.333861293 -0.0787969441 0 0 0
B@CP 1404 -0.301080632 -0.297652294 0.0284335663 0 0 0
B@CP 1406 -0.0685509817 0.0270589193 0.230395496 0 0 0
B@CP 1410 -0.209659384 0.237303423 0.160860877 0 0 0
B@CP 1413 -0.176272922 0.121340029 -0.25855872 0 0 0
B@CP 1416 -0.160181804 -0.207381816 -0.0271437637 0 0 0
B@CP 1417 0.121666404 -0.154409008 0.278757775 0 0 0
B@CP 1419 -0.214772591 0.13053603 -0.138388077 0 0 0
B@CP 1428 -0.33261165 0.0643184134 0.294589406 0 0 0
B@CP 1430 0.445064133 0.03392959 -0.127014705 0 0 0
B@CP 1431 0.0141442037 0.318324429 -0.0189956477 0 0 0
B@CP 1435 0.0962438942 0.307052354 0.0552022946 0 0 0
B@CP 1437 -0.170576118 0.0828630157 0.063840747 0 0 0
B@CP 1443 -0.101841336 0.109309275 -0.321827147 0 0 0
B@CP 1445 -0.103713107 0.293843074 0.319422487 0 0 0
B@CP 1446 -0.205861044 -0.363802759 0.164400797 0 0 0
B@CP 1453 -0.29128383 0.0246946741 -0.000498583805 0 0 0
B@CP 1454 0.126613357 -0.120128256 -0.0887105531 0 0 0
B@CP 1456 -0.313965696 -0.172695594 -0.303272294 0 0 0
B@CP 1461 -0.109625233 0.0627223785 0.391611121 0 0 0
B@CP 1462 0.205279257 0.202872662 0.0201762457 0 0 0
B@CP 1463 0.148898585 -0.11124994 0.200480763 0 0 0
B@CP 1467 -0.116327026 0.205205915 -0.235553615 0 0 0
B@CP 1469 0.0454754827 -0.00790755451 0.323157532 0 0 0
B@CP 1472 0.0502641565 0.423793007 -0.0836289941 0 0 0
B@CP 1473 -0.0438259345 -0.437413342 -0.0696073477 0 0 0
B@CP 1477 -0.193076684 -0.351665129 0.0781580248 0 0 0
B@CP 1478 -0.201687129 -0.380140191 0.0840711555 0 0 0
B@CP 1481 -0.334184465 -0.0428913074 -0.222274214 0 0 0
B@CP 1484 -0.10045757 0.152037833 0.272795192 0 0 0
B@CP 1486 0.193123586 0.283251058 -0.285539962 0 0 0
B@CP 1487 -0.256895799 0.324876303 -0.056990961 0 0 0
B@CP 1488 -0.0440440805 0.0523084976 0.106999917 0 0 0
B@CP 1492 0.139285136 0.0567536284 -0.324284009 0 0 0
B@CP 1493 -0.199525326 -0.20322298 0.224574241 0 0 0
B@CP 1495 0.0779653387 0.390600342 0.181122347 0 0 0
B@CP 1499 -0.154589455 -0.193748559 -0.272274377 0 0 0
B@CP 1501 -0.0423119497 -0.0773367665 -0.294252369 0 0 0
B@CP 1503 -0.324601159 -0.0909841748 0.109124995 0 0 0
B@CP 1506 0.177110316 -0.0290422526 0.03506869 0 0 0
B@CP 1507 -0.282332274 -0.299858846 -0.208246017 0 0 0
B@CP 1508 -0.0566481516 0.190398723 -0.270435121 0 0 0
B@CP 1512 -0.00121869338 -0.306713543 0.0521683733 0 0 0
B@CP 1516 0.196686717 0.319540214 0.247489719 0 0 0
B@CP 1518 -0.123740489 -0.403195837 0.18056955 0 0 0
B@CP 1523 -0.19872497 -0.297824397 0.145432111 0 0 0
B@CP 1524 -0.0063964693 -0.349905465 -0.276702062 0 0 0
B@CP 1526 -0.00699858287 -0.195127339 0.28880368 0 0 0
B@CP 1530 -0.0325767982 0.285578011 -0.339609307 0 0 0
B@CP 1531 0.10456659 -0.0595742624 -0.399382793 0 0 0
B@CP 1532 -0.11991036 0.0280453916 -0.220904344 0 0 0
B@CP 1534 0.2462758 -0.246178354 -0.2522321 0 0 0
B@CP 1535 -0.015881748 0.150214821 0.245196516 0 0 0
B@CP 1536 0.132571912 0.364205804 0.260732431 0 0 0
B@CP 1541 -0.0188661954 -0.327253443 0.174364214 0 0 0
B@CP 1542 0.226180304 0.0601697454 0.0736919649 0 0 0
B@CP 1543 -0.0518158179 -0.0257932943 0.357385741 0 0 0
B@CP 1546 0.0444240015 0.3226541 -0.277073007 0 0 0
B@CP 1556 0.179392347 0.376520187 0.0169568483 0 0 0
B@CP 1557 -0.0341199293 0.194379917 -0.1587483 0 0 0
B@CP 1558 -0.11430255 -0.0638465024 -0.193516683 0 0 0
B@CP 1565 -0.327913939 0.103062778 0.285538094 0 0 0
B@CP 1568 0.247037245 0.0585776568 0.398116513 0 0 0
B@CP 1573 -0.224993057 -0.0956269226 -0.0297640234 0 0 0
B@CP 1578 -0.0953860481 0.22873571 -0.0536837491 0 0 0
B@CP 1586 0.153835149 0.333091133 -0.110377477 0 0 0
B@CP 1597 -0.399695755 0.034760431 0.151408118 0 0 0
B@CP 1599 0.410192917 -0.109586907 -0.0950723427 0 0 0
B@CP 1600 0.00656927143 -0.170786884 -0.181458184 0 0 0
B@CP 1602 0.184156261 -0.347233535 -0.0539087851 0 0 0
B@CP 1603 0.248086125 -0.0100114914 0.334261385 0 0 0
B@CP 1604 0.147429254 -0.298728017 0.00462687872 0 0 0
B@CP 1605 0.14840104 0.182665085 0.0878225439 0 0 0
B@CP 1611 -0.0617541534 0.154724868 0.157925396 0 0 0
B@CP 1625 -0.0240701907 -0.0235853954 0.348412094 0 0 0
B@CP 1635 -0.0178606126 0.237159077 0.250194683 0 0 0
B@CP 1637 -0.0235638413 -0.0118807693 0.456029149 0 0 0
B@CP 1638 -0.324364098 0.0257046533 0.188496746 0 0 0
B@CP 1640 0.13679053 0.26146269 -0.302976654 0 0 0
B@CP 1641 0.326604351 0.110802685 -0.181934819 0 0 0
B@CP 1646 -0.333928282 -0.12483798 -0.0782613575 0 0 0
B@CP 1650 0.297051383 0.10953951 -0.0418592332 0 0 0
B@CP 1651 0.235420495 0.132463575 -0.0791903956 0 0 0
B@CP 1652 0.36981422 0.0909647272 -0.165012342 0 0 0
B@CP 1656 0.154571815 0.17848608 0.294304582 0 0 0
B@CP 1665 -0.0403522835 -0.0745069329 0.0615147935 0 0 0
B@CP 1670 -0.079277268 -0.283792022 0.272347716 0 0 0
B@CP 1671 0.408759869 0.0500977493 -0.187753025 0 0 0
B@CP 1674 0.30780665 -0.356711222 -0.0377612119 0 0 0
B@CP 1676 0.0219782631 -0.0595908671 -0.448432393 0 0 0
B@CP 1681 0.274218502 -0.116809972 0.00979657494 0 0 0
B@CP 1684 0.0995224177 -0.0573941147 -0.394380589 0 0 0
B@CP 1687 0.191669416 -0.0884522205 0.340063665 0 0 0
B@CP 1690 -0.0203533454 0.300507834 0.15733062 0 0 0
B@CP 1692 -0.00919644362 -0.147494185 -0.439076872 0 0 0
B@CP 1693 0.358443379 0.00507341045 0.135136591 0 0 0
B@CP 1695 0.0592298492 0.311826889 -0.0165637219 0 0 0
B@CP 1696 0.127170715 0.0735704261 -0.0110495044 0 0 0
B@CP 1697 0.244413327 -0.0411479587 -0.214280538 0 0 0
B@CP 1698 0.28575204 -0.117076671 -0.239194721 0 0 0
B@CP 1699 -0.198854676 0.135130508 0.124114281 0 0 0
B@CP 1702 0.376113078 -0.133188557 -0.0207421747 0 0 0
B@CP 1707 -0.0755325833 -0.153020712 -0.24648816 0 0 0
B@CP 1708 0.0919087087 -0.410335445 -0.190405728 0 0 0
B@CP 1710 -0.239756799 -0.36156854 -0.1638593 0 0 0
B@CP 1714 0.184793091 0.240762155 -0.067928971 0 0 0
B@CP 1715 0.295951574 -0.0949747101 0.275156398 0 0 0
B@CP 1724 0.212043876 0.0851629639 -0.156277638 0 0 0
B@CP 1725 0.187644108 -0.0618223355 -0.391805492 0 0 0
B@CP 1726 -0.0351976827 0.243775987 0.183044681 0 0 0
B@CP 1731 -0.225679676 -0.000935923864 0.12043276 0 0 0
B@CP 1733 -0.0699906954 0.0980666508 0.26797004 0 0 0
B@CP 1735 -0.259699321 -0.137712755 0.232296029 0 0 0
B@CP 1741 0.136224522 0.267288893 -0.31872674 0 0 0
B@CP 1742 0.288151439 -0.245164044 0.0384344992 0 0 0
B@CP 1745 -0.0554499302 0.160626032 -0.268940415 0 0 0
B@CP 1747 0.326621823 -0.232335629 -0.186118387 0 0 0
B@CP 1750 0.0543455366 -0.15374891 0.254130523 0 0 0
B@CP 1751 -0.133197971 -0.321327479 -0.0351010936 0 0 0
B@CP 1755 -0.0784604459 0.37838124 0.240051439 0 0 0
B@CP 1757 0.11352249 0.203497321 0.234524112 0 0 0
B@CP 1762 0.22546605 -0.162563107 -0.217793873 0 0 0
B@CP 1767 -0.0460159027 -0.172321128 -0.108206052 0 0 0
B@CP 1770 0.243516157 -0.370071067 0.108663791 0 0 0
B@CP 1778 0.0514503518 -0.128285125 0.385501501 0 0 0
B@CP 1779 0.230725614 0.218310378 0.296641811 0 0 0
B@CP 1782 0.260361997 -0.0872483725 -0.383991736 0 0 0
B@CP 1784 -0.277523483 0.160116739 -0.0444940396 0 0 0
B@CP 1793 -0.17672839 -0.278303602 0.0447210271 0 0 0
B@CP 1800 0.371905204 -0.111472395 -0.141488328 0 0 0
B@CP 1803 0.247914248 0.123556794 -0.382208462 0 0 0
B@CP 1804 -0.130504857 -0.387187504 0.149116037 0 0 0
B@CP 1814 0.226355851 0.213763664 0.230972247 0 0 0
B@CP 1816 0.108482612 0.245694709 0.29103249 0 0 0
B@CP 1820 0.334090222 -0.261608558 0.100175117 0 0 0
B@CP 1822 -0.166600851 -0.107754413 0.215427309 0 0 0
B@CP 1827 0.0359119302 0.15512844 -0.269430177 0 0 0
B@CP 1828 0.291732152 -0.107740725 0.136076296 0 0 0
B@CP 1835 0.249654533 -0.283500329 0.0863670985 0 0 0
B@CP 1837 -0.442376446 -0.115188095 -0.0719685393 0 0 0
B@CP 1842 -0.20862825 0.394060648 -0.0815855486 0 0 0
B@CP 1843 -0.0500926936 0.0641244854 -0.123634139 0 0 0
B@CP 1845 0.000180827023 0.00222541414 -0.372844502 0 0 0
B@CP 1848 -0.221497954 -0.0306020948 -0.0715202196 0 0 0
B@CP 1852 -0.0970748219 -0.16566496 -0.408374641 0 0 0
B@CP 1856 -0.132042407 -0.344861145 0.0651915798 0 0 0
B@CP 1858 -0.151113973 0.0563519323 0.262702978 0 0 0
B@CP 1859 0.0807056659 0.332382919 -0.300413142 0 0 0
B@CP 1862 -0.0208836694 -0.247831218 0.388817511 0 0 0
B@CP 1863 0.159999348 -0.149823971 0.375167533 0 0 0
B@CP 1864 0.161752381 0.271528251 0.17498675 0 0 0
B@CP 1867 -0.0546291429 0.0641367594 -0.133593172 0 0 0
B@CP 1871 -0.264085538 -0.047438859 0.158982835 0 0 0
B@CP 1873 -0.117297806 0.3118267 -0.187002633 0 0 0
B@CP 1876 -0.159296471 0.0861682631 0.127654672 0 0 0
B@CP 1878 0.0682141876 0.31547926 -0.197335006 0 0 0
B@CP 1883 0.452985844 -0.0212016892 0.0543524554 0 0 0
B@CP 1886 -0.215271099 0.0984310299 -0.302979246 0 0 0
B@CP 1891 -0.128093066 0.0837681095 -0.226909847 0 0 0
B@CP 1893 -0.0987354537 -0.274517231 -0.0469919375 0 0 0
B@CP 1894 -0.332797427 0.137986674 0.034732067 0 0 0
B@CP 1897 -0.0947482463 0.421027411 0.0016624427 0 0 0
B@CP 1901 -0.156806174 -0.056614876 -0.237934911 0 0 0
B@CP 1903 -0.245037798 -0.172897669 -0.291196122 0 0 0
B@CP 1905 0.21486799 0.00322038485 -0.182656783 0 0 0
B@CP 1908 -0.352191981 -0.299550678 -0.0189687512 0 0 0
B@CP 1913 -0.337342707 0.0454058101 -0.136910802 0 0 0
B@CP 1914 0.0980543369 -0.289826851 0.144700611 0 0 0
B@CP 1918 0.0506666879 0.0823485034 0.164090397 0 0 0
B@CP 1919 0.119023224 -0.226818033 0.379887626 0 0 0
B@CP 1924 -0.309388136 0.275561858 0.141948 0 0 0
B@CP 1926 -0.000395049198 0.131082207 0.320249597 0 0 0
B@CP 1927 -0.285063338 0.00204470055 -0.0885725337 0 0 0
B@CP 1929 0.0108094767 -0.0523208708 -0.429543681 0 0 0
B@CP 1936 0.167100958 -0.181129654 0.158513254 0 0 0
B@CP 1940 -0.377691296 -0.227802754 -0.135767125 0 0 0
B@CP 1941 -0.209938823 -0.0360474663 0.389163166 0 0 0
B@CP 1944 0.0572326226 0.200398353 0.356689568 0 0 0
B@CP 1945 0.138274915 -0.383525662 0.200231252 0 0 0
B@CP 1948 -0.006543197 -0.0426284949 -0.326388576 0 0 0
B@CP 1949 -0.00742903897 -0.311346077 0.292626746 0 0 0
B@CP 1953 0.23299581 0.0143692415 -0.149345377 0 0 0
B@CP 1958 -0.0767191851 -0.332750331 0.058348331 0 0 0
B@CP 1959 -0.150958889 0.194573998 -0.32169333 0 0 0
B@CP 1961 -0.0651660388 0.0927549016 0.417598349 0 0 0
B@CP 1963 0.122864297 -0.259180839 -0.0865169201 0 0 0
B@CP 1964 0.196507607 0.403888847 -0.0957707194 0 0 0
B@CP 1966 -0.205295802 0.220253898 -0.0118147678 0 0 0
B@CP 1968 -0.366355954 0.0118296031 0.223897738 0 0 0
B@CP 1969 -0.277981528 0.301227834 0.008439287 0 0 0
B@CP 1970 0.161124273 -0.0712201663 -0.132946876 0 0 0
B@CP 1972 0.283266951 0.269481277 -0.100846668 0 0 0
B@CP 1973 -0.218268983 0.111419176 -0.327671771 0 0 0
B@CP 1978 0.00349832324 0.140699628 -0.112580092 0 0 0
B@CP 1979 0.305237439 0.342215626 0.0150643372 0 0 0
B@CP 1987 0.215417867 -0.183838917 0.270157021 0 0 0
B@CP 1989 -0.274042134 0.0226462205 -0.234498754 0 0 0
B@CP 1992 0.121285735 -0.293526407 -0.148164488 0 0 0
B@CP 1996 -0.206201212 -0.0594805656 -0.115076068 0 0 0
B@CP 1997 0.317184891 0.0415035435 0.0121699659 0 0 0
B@CP 2003 -0.226465251 -0.0861906997 0.181130529 0 0 0
B@CP 2006 0.144972068 0.335377635 0.291378388 0 0 0
B@CP 2008 -0.100914832 0.339287065 0.177797081 0 0 0
B@CP 2009 0.0553576815 -0.0116903182 0.337661673 0 0 0
B@CP 2011 0.310554762 -0.107408354 0.0960088821 0 0 0
B@CP 2013 -0.0501186298 -0.447982993 0.00896146899 0 0 0
B@CP 2014 -0.053347359 -0.232043329 -0.250609441 0 0 0
B@CP 2015 -0.303703894 -0.158377515 0.135310353 0 0 0
B@CP 2016 -0.325701514 0.0979464344 -0.215315915 0 0 0
B@CP 2020 -0.172692798 -0.269152815 -0.0685993628 0 0 0
B@CP 2024 -0.259152852 0.0568088249 -0.234909217 0 0 0
B@CP 2025 -0.0411160316 -0.0610293087 0.237547313 0 0 0
B@CP 2027 -0.295185398 -0.0431812582 -0.194258919 0 0 0
B@CP 2028 -0.0832338464 -0.322523018 -0.24330012 0 0 0
B@CP 2035 -0.236757328 0.30786313 -0.00198998154 0 0 0
B@CP 2039 -0.141447551 0.264558281 -0.150052083 0 0 0
B@CP 2041 0.0450530729 0.0724510971 -0.371856423 0 0 0
B@CP 2043 0.295410676 -0.0909818903 -0.176380005 0 0 0
B@CP 2044 0.0951430358 -0.155915615 0.393517451 0 0 0
B@CP 2045 -0.0125538151 0.154371218 0.213263722 0 0 0
B@CP 2062 0.122586902 0.00196291979 0.246566222 0 0 0
B@CP 2063 -0.240042006 0.331916342 -0.127147163 0 0 0
B@CP 2066 0.231071841 0.21584287 0.301448138 0 0 0
B@CP 2068 -0.252300917 0.000544633096 -0.369615286 0 0 0
B@CP 2072 -0.100007476 -0.0155670544 -0.16349234 0 0 0
B@CP 2074 -0.100310939 0.170426107 -0.121680667 0 0 0
B@CP 2076 0.0355121919 0.0862989244 -0.432771624 0 0 0
B@CP 2079 0.140345734 0.230907027 -0.228724906 0 0 0
B@CP 2086 0.244392165 0.368231302 0.083597772 0 0 0
B@CP 2088 -0.383520467 0.056675178 0.184330155 0 0 0
B@CP 2092 0.255962772 0.356205017 0.152314245 0 0 0
B@CP 2093 -0.00296584606 0.323843679 -0.237759965 0 0 0
B@CP 2099 0.0266631656 -0.393600196 0.144133842 0 0 0
B@CP 2107 0.135647294 -0.0643019146 0.226123204 0 0 0
B@CP 2114 0.369569409 0.17095747 0.161863447 0 0 0
B@CP 2115 -0.383952721 -0.235664994 0.00257707076 0 0 0
B@CP 2117 0.404478506 0.126987186 -0.16707043 0 0 0
B@CP 2119 0.241722767 -0.0414787644 0.372467178 0 0 0
B@CP 2120 0.150374339 0.210921094 0.342915527 0 0 0
B@CP 2122 0.0696327411 0.283754255 -0.325419711 0 0 0
B@CP 2126 0.144250887 0.0517938358 0.167548503 0 0 0
B@CP 2130 0.402567993 -0.00373824088 -0.00814762697 0 0 0
B@CP 2131 0.11834212 0.0376663009 -0.314510654 0 0 0
B@CP 2132 -0.176212499 0.266404725 -0.274800877 0 0 0
B@CP 2134 -0.105120968 -0.15915169 0.258409408 0 0 0
B@CP 2136 0.15938625 0.261984303 0.0254520919 0 0 0
B@CP 2137 -0.0630276852 0.193342429 0.282427414 0 0 0
B@CP 2138 0.159499187 -0.228651288 -0.303171205 0 0 0
B@CP 2143 -0.0544602512 -0.375960698 0.184050477 0 0 0
B@CP 2151 -0.189081382 0.0660979826 0.0459522802 0 0 0
B@CP 2152 0.310254965 -0.194498689 0.0964903779 0 0 0
B@CP 2163 -0.089036135 0.206190396 0.123174432 0 0 0
B@CP 2169 0.195547011 -0.0813735597 0.218466216 0 0 0
B@CP 2174 0.091808079 -0.404871604 -0.165329712 0 0 0
B@CP 2175 0.219238503 0.3238005 0.102918839 0 0 0
B@CP 2177 0.119533312 -0.00236115134 -0.0992308705 0 0 0
B@CP 2183 0.102423214 -0.0124418579 0.412038433 0 0 0
B@CP 2184 0.123588073 0.426682034 -0.146716716 0 0 0
B@CP 2195 0.0906023772 -0.221987146 -0.386052049 0 0 0
B@CP 2201 0.134446104 -0.163704793 0.375789261 0 0 0
B@CP 2202 -0.0831217586 -0.124400169 0.100465349 0 0 0
B@CP 2205 0.150725347 0.323370665 -0.206584673 0 0 0
B@CP 2206 0.112138648 -0.111867952 -0.360905995 0 0 0
B@CP 2209 0.261019888 0.080426444 -0.104100458 0 0 0
B@CP 2211 0.315883333 -0.0290986491 0.0865242177 0 0 0
B@CP 2212 0.152155743 -0.291158288 0.00967663859 0 0 0
B@CP 2214 -0.140981913 0.439612185 -0.0441884621 0 0 0
B@CP 2215 -0.0192489315 0.45028156 0.0472832786 0 0 0
B@CP 2223 -0.0571712084 0.102195217 -0.408700154 0 0 0
B@CP 2225 0.164089987 0.136942999 0.307220156 0 0 0
B@CP 2228 0.0753941192 -0.0727858875 0.0676139519 0 0 0
B@CP 2233 -0.184433059 -0.126590715 0.2657204 0 0 0
B@CP 2245 -0.0692342188 0.343412992 0.29570356 0 0 0
B@CP 2248 0.314815263 -0.119526594 -0.323695815 0 0 0
B@CP 2251 -0.0572030366 0.170504708 0.13873132 0 0 0
B@CP 2253 0.237294014 0.138991425 -0.276573995 0 0 0
B@CP 2254 0.204613663 0.316245426 0.168221779 0 0 0
B@CP 2259 -0.122203471 0.0117164842 0.229826633 0 0 0
B@CP 2260 0.0844777112 0.201180652 -0.0725397586 0 0 0
B@CP 2262 0.101387611 0.152210445 -0.429316755 0 0 0
B@CP 2265 0.300395581 0.0575695715 -0.264453894 0 0 0
B@CP 2267 0.0112260335 -0.171810885 0.384252046 0 0 0
B@CP 2268 -0.153755602 0.324850004 -0.181197988 0 0 0
B@CP 2272 -0.24639426 0.00226692482 0.0361623501 0 0 0
B@CP 2273 0.119324537 0.171634126 -0.173770567 0 0 0
B@CP 2274 0.207320886 -0.33602979 0.0161730578 0 0 0
B@CP 2278 0.0669620837 0.224173512 -0.299873523 0 0 0
B@CP 2279 -0.105553117 -0.0661689339 0.326324484 0 0 0
B@CP 2280 0.0455965287 -0.0263498114 0.226924615 0 0 0
B@CP 2281 0.0965931691 -0.158236031 0.140840681 0 0 0
B@CP 2283 0.245092059 0.320711697 -0.125198568 0 0 0
B@CP 2285 -0.0323236697 -0.0422912371 0.0967024431 0 0 0
B@CP 2291 0.187491796 0.134854798 -0.0186244694 0 0 0
B@CP 2293 -0.0893015594 0.07479533 0.245387131 0 0 0
B@CP 2294 0.1775262 -0.315150746 0.226472305 0 0 0
B@CP 2299 -0.0957643064 0.0561845441 0.366650462 0 0 0
B@CP 2301 0.0613489188 0.0600405514 0.361598006 0 0 0
B@CP 2310 0.132842256 -0.366117199 -0.0302176348 0 0 0
B@CP 2313 0.186535968 0.300495297 -0.223889998 0 0 0
B@CP 2316 -0.0703222164 -0.123213036 -0.28619914 0 0 0
B@CP 2318 0.320186648 -0.285248371 -0.0105548131 0 0 0
B@CP 2319 0.119677245 0.0670637374 0.178345954 0 0 0
B@CP 2321 0.385742122 -0.00342151911 -0.00345923066 0 0 0
B@CP 2323 -0.207179756 0.323730797 0.214931541 0 0 0
B@CP 2325 0.0176617443 -0.131711853 -0.432681132 0 0 0
B@CP 2332 -0.199536446 -0.132575244 -0.055029535 0 0 0
B@CP 2339 0.315024195 -0.0238596394 0.117588215 0 0 0
B@CP 2343 0.222721021 -0.193896519 -0.0878802903 0 0 0
B@CP 2345 0.39323407 -0.066909106 0.218689967 0 0 0
B@CP 2346 6.07875879e-05 -0.0948781372 0.169970537 0 0 0
B@CP 2347 -0.127137352 0.159743175 -0.2113852 0 0 0
B@CP 2348 0.293424365 0.100316445 -0.13272209 0 0 0
B@CP 2349 -0.0983159433 -0.113262151 -0.383578476 0 0 0
B@CP 2354 -0.162115213 0.363389867 0.230016956 0 0 0
B@CP 2355 0.0755252592 0.0720933784 0.199807033 0 0 0
B@CP 2360 0.368475985 0.188620602 0.198444137 0 0 0
B@CP 2361 0.0939103267 0.351661587 -0.0784210594 0 0 0
B@CP 2365 0.0281997346 0.116297994 0.178438286 0 0 0
B@CP 2369 0.35264091 -0.259198577 0.108221496 0 0 0
B@CP 2374 -0.125829645 -0.218599616 -0.210933435 0 0 0
B@CP 2376 -0.225035498 0.0141208388 -0.26135643 0 0 0
B@CP 2378 -0.258615859 0.173273874 0.216274384 0 0 0
B@CP 2379 0.406669212 0.0966249119 -0.0735041561 0 0 0
B@CP 2381 0.145730864 -0.333722325 -0.212280952 0 0 0
B@CP 2389 -0.0897633168 -0.18521621 -0.288267372 0 0 0
B@CP 2390 -0.107488859 -0.0323154297 0.350896298 0 0 0
B@CP 2394 0.340241389 -0.063755527 0.175203227 0 0 0
B@CP 2395 0.276650206 -0.194501723 -0.189559052 0 0 0
B@CP 2396 -0.00333719854 -0.0531078586 -0.225419085 0 0 0
B@CP 2398 0.195609189 0.195771422 -0.361371614 0 0 0
B@CP 2407 -0.231131781 0.140232961 0.0540664019 0 0 0
B@CP 2409 0.0644976061 0.293268236 -0.124147426 0 0 0
B@CP 2413 -0.268854679 0.334314118 0.109381758 0 0 0
B@CP 2414 0.148160795 0.215927978 0.112476341 0 0 0
B@CP 2415 -0.384882714 0.106207588 -0.115298814 0 0 0
B@CP 2421 0.391195209 0.163007568 -0.182839669 0 0 0
B@CP 2423 -0.15912236 -0.0320452745 -0.178294499 0 0 0
B@CP 2428 -0.273396202 0.136459918 0.189199518 0 0 0
B@CP 2431 -0.22342578 0.278953842 -0.296356679 0 0 0
B@CP 2432 0.183573061 -0.263778569 -0.28062406 0 0 0
B@CP 2435 -0.209443566 0.12980443 -0.266240076 0 0 0
B@CP 2437 -0.0960276493 -0.0191867118 0.18484649 0 0 0
B@CP 2438 0.218401623 -0.155030178 -0.242248524 0 0 0
B@CP 2439 -0.268904347 0.293526183 0.0595671137 0 0 0
B@CP 2440 -0.0134509189 0.0111214162 0.376108177 0 0 0
B@CP 2444 -0.0837557692 0.291939994 0.28897095 0 0 0
B@CP 2445 0.11583753 0.337653063 -0.176834062 0 0 0
B@CP 2451 0.102993875 0.185207793 0.183736205 0 0 0
B@CP 2455 -0.163844071 0.0674833426 -0.269186192 0 0 0
B@CP 2459 0.0928454201 0.00935217829 -0.121443891 0 0 0
B@CP 2462 0.0551631691 -0.317078174 -0.173155224 0 0 0
B@CP 2463 -0.0887294731 0.227998694 -0.279518225 0 0 0
B@CP 2465 0.250849802 -0.39241123 0.0372037352 0 0 0
B@CP 2467 -0.433692553 -0.133963218 0.0682116377 0 0 0
B@CP 2471 0.150899945 -0.384244869 -0.200517061 0 0 0
B@CP 2472 0.168538861 -0.162052759 0.000926124033 0 0 0
B@CP 2477 0.394891792 -0.0131492422 0.274997878 0 0 0
B@CP 2478 0.170606139 -0.032329244 -0.417244924 0 0 0
B@CP 2486 0.0413510939 0.258299037 0.214991219 0 0 0
B@CP 2488 -0.192689774 -0.125897544 0.250698189 0 0 0
B@CP 2490 0.12471514 -0.187967446 -0.0987404112 0 0 0
B@CP 2496 0.0659006676 0.266512172 -0.311543672 0 0 0
B@CP 2499 -0.127009701 0.10237762 -0.365348042 0 0 0
C@CP 2500 -0.173095074 0.144734288 -0.270574 0 0 0
C@CP 2501 0.312851995 -0.149622215 -0.121500805 0 0 0
C@CP 2502 -0.18098575 0.260990391 -0.297331561 0 0 0
C@CP 2503 0.215761644 -0.340980948 -0.0845411417 0 0 0
C@CP 2504 0.0249528063 0.0396305242 0.0927159619 0 0 0
C@CP 2505 -0.0664250782 -0.216700844 -0.2381699 0 0 0
C@CP 2506 -0.0715332661 0.336491084 0.23150849 0 0 0
C@CP 2507 0.35184394 0.0920881261 -0.190130648 0 0 0
C@CP 2508 -0.389547536 0.0972610131 -0.157024642 0 0 0
C@CP 2509 -0.309338177 0.106733505 0.292489468 0 0 0
C@CP 2510 0.214259466 -0.125049057 0.27401778 0 0 0
C@CP 2511 -0.0359750936 0.122499512 -0.227702955 0 0 0
C@CP 2512 0.064154925 0.0956137109 -0.247838972 0 0 0
C@CP 2513 0.0637530059 0.0542568532 -0.0223193646 0 0 0
C@CP 2514 -0.0413784937 0.159597783 0.261175331 0 0 0
C@CP 2515 0.277278857 -0.165581859 -0.105765693 0 0 0
C@CP 2516 0.0429256372 0.0228307763 -0.437238537 0 0 0
C@CP 2517 0.0824890071 0.102752381 0.218466663 0 0 0
C@CP 2518 -0.101195114 -0.0746792852 0.355437101 0 0 0
C@CP 2519 -0.0858919821 -0.266068082 -0.123120734 0 0 0
C@CP 2520 -0.102448643 -0.0734751132 0.437638469 0 0 0
C@CP 2521 0.26595237 0.177065091 0.354037614 0 0 0
C@CP 2522 -0.102280886 -0.157572983 -0.170153772 0 0 0
C@CP 2523 0.00890567943 0.212799078 0.204611359 0 0 0
C@CP 2524 -0.0375617025 -0.157950465 -0.363127548 0 0 0
C@CP 2525 -0.303583492 0.0874616052 -0.0880452667 0 0 0
C@CP 2526 -0.270133374 -0.074353094 -0.255354911 0 0 0
C@CP 2527 -0.00312013017 -0.487409384 0.0102086134 0 0 0
C@CP 2528 -0.0123237682 -0.210079067 0.19308975 0 0 0
C@CP 2529 -0.0504916719 0.0777486071 0.391181781 0 0 0
C@CP 2530 -0.0447866922 -0.0598298804 0.256937101 0 0 0
C@CP 2531 0.00188779426 -0.0283043413 -0.112049966 0 0 0
C@CP 2532 0.100366561 -0.0659967361 0.0188851869 0 0 0
C@CP 2533 -0.221226551 0.319492408 -0.212971699 0 0 0
C@CP 2534 -0.142950593 -0.187595734 0.367382428 0 0 0
C@CP 2535 -0.233266297 0.113240041 -0.323981623 0 0 0
C@CP 2536 0.163982169 -0.162562423 -0.0562311407 0 0 0
C@CP 2537 -0.180388749 0.200178765 0.38342102 0 0 0
C@CP 2538 0.0887324233 0.170644447 0.0321084361 0 0 0
C@CP 2539 -0.356560739 -0.263206992 0.0729063895 0 0 0
C@CP 2540 -0.394721618 0.0733155544 0.0106913044 0 0 0
C@CP 2541 0.0394462786 0.365532029 -0.131428126 0 0 0
C@CP 2542 -0.0344452121 -0.352749826 0.149477886 0 0 0
C@CP 2543 -0.178834508 0.032293799 -0.387901895 0 0 0
C@CP 2544 0.0304046561 -0.203447634 -0.29715387 0 0 0
C@CP 2545 -0.293632267 -0.303501939 0.148056374 0 0 0
C@CP 2546 0.409072291 0.150866472 0.0624054925 0 0 0
C@CP 2547 -0.267989957 0.31156384 0.159843096 0 0 0
C@CP 2548 0.0281418641 0.451775574 0.0837371797 0 0 0
C@CP 2549 -0.0477971903 0.425427224 -0.110639156 0 0 0
C@CP 2550 0.422851057 -0.00616735832 0.0565078237 0 0 0
C@CP 2551 0.13616033 0.192162136 0.142257103 0 0 0
C@CP 2552 -0.0850218052 0.0684614729 -0.094392436 0 0 0
C@CP 2553 0.378173563 -0.0279238051 0.245901869 0 0 0
C@CP 2554 -0.377570237 0.114932648 -0.0352742969 0 0 0
C@CP 2555 -0.0851908336 -0.11389283 0.212120779 0 0 0
C@CP 2556 -0.079580595 -0.410865489 -0.136536689 0 0 0
C@CP 2557 0.0760376042 0.397150959 0.101583728 0 0 0
C@CP 2558 -0.0415727865 -0.424928378 0.0181007209 0 0 0
C@CP 2559 0.0689651891 0.198013744 -0.0273994783 0 0 0
C@CP 2560 -0.0030200865 -0.0461508983 0.424738164 0 0 0
C@CP 2561 -0.297687387 -0.190439554 -0.146218831 0 0 0
C@CP 2562 -0.218102011 0.0935785952 0.342865435 0 0 0
C@CP 2563 0.323505611 0.198743645 -0.0103926043 0 0 0
C@CP 2564 0.0091195893 0.0135647662 -0.184351441 0 0 0
C@CP 2565 0.151050469 -0.356104605 -0.0430482475 0 0 0
C@CP 2566 0.123821744 -0.159362676 -0.117666219 0 0 0
C@CP 2567 0.1986049 0.119144767 -0.361558828 0 0 0
C@CP 2568 0.132426594 0.338555258 -0.178731867 0 0 0
C@CP 2569 0.362090698 -0.221623002 0.138035011 0 0 0
C@CP 2570 -0.150697956 -0.10679959 -0.420279867 0 0 0
C@CP 2571 0.106140813 0.0769905451 0.403883961 0 0 0
C@CP 2572 -0.247324039 0.0611569636 0.398781318 0 0 0
C@CP 2573 0.141820869 0.2666374 -0.349948396 0 0 0
C@CP 2574 0.292147245 -0.203122863 0.0697893 0 0 0
C@CP 2575 0.331335076 0.0448432328 -0.0791397808 0 0 0
C@CP 2576 -0.243888179 0.141601392 -0.368535636 0 0 0
C@CP 2577 -0.0408019657 0.284321773 0.112340365 0 0 0
C@CP 2578 0.1984552 -0.115491632 0.293129274 0 0 0
C@CP 2579 0.18229249 -0.25221282 0.329671588 0 0 0
C@CP 2580 0.0292835557 0.252506837 0.107878218 0 0 0
C@CP 2581 0.0261695144 0.159886204 -0.339741681 0 0 0
C@CP 2582 0.46145501 0.0270254762 0.0636154218 0 0 0
C@CP 2583 0.076013898 0.108055494 -0.125199376 0 0 0
C@CP 2584 -0.0363905272 0.44438421 0.0676949162 0 0 0
C@CP 2585 -0.194845039 -0.308106418 -0.10664679 0 0 0
C@CP 2586 0.127827616 -0.169324156 0.340296905 0 0 0
C@CP 2587 0.029911104 -0.0960124571 0.286562048 0 0 0
C@CP 2588 0.27345789 -0.0616594365 -0.0835263769 0 0 0
C@CP 2589 -0.333599402 -0.0433450515 0.106959962 0 0 0
C@CP 2590 -0.125751021 -0.228159361 -0.0505967599 0 0 0
C@CP 2591 0.126131458 0.233819255 -0.329866988 0 0 0
C@CP 2592 -0.296593963 0.36084092 0.0426965619 0 0 0
C@CP 2593 0.226745153 0.173186565 -0.141837712 0 0 0
C@CP 2594 0.2111268 -0.405968661 0.0445478084 0 0 0
C@CP 2595 0.0877016236 0.0697281834 0.430104451 0 0 0
C@CP 2596 0.218874411 -0.354145826 -0.107280094 0 0 0
C@CP 2597 0.109346369 0.323262413 0.151270881 0 0 0
C@CP 2598 -0.0315324261 -0.217557283 0.108815584 0 0 0
C@CP 2599 0.232096446 -0.415857295 -0.0225072926 0 0 0
C@CP 2600 -0.361514725 0.0679625721 -0.229040356 0 0 0
C@CP 2601 -0.266524197 -0.244734711 0.0326039184 0 0 0
C@CP 2602 -0.313257968 0.0682727895 -0.175961314 0 0 0
C@CP 2603 0.104234199 0.0886579548 -0.236099747 0 0 0
C@CP 2604 -0.0676281476 -0.274756939 -0.244740501 0 0 0
C@CP 2605 -0.399995323 0.0270092375 0.199930752 0 0 0
C@CP 2606 -0.163871632 0.025973142 0.0874949966 0 0 0
C@CP 2607 0.0798360985 -0.358885842 0.0229568488 0 0 0
C@CP 2608 0.370534164 -0.232180677 -0.17487828 0 0 0
C@CP 2609 0.343116387 -0.260100173 0.0162162492 0 0 0
C@CP 2610 0.274459886 0.211012624 -0.266193939 0 0 0
C@CP 2611 0.125661455 0.234684982 -0.232586473 0 0 0
C@CP 2612 -0.348583353 0.249330688 -0.102202484 0 0 0
C@CP 2613 -0.160195947 0.238712289 0.28833346 0 0 0
C@CP 2614 -0.246169023 -0.0370709113 0.381538008 0 0 0
C@CP 2615 0.0244219065 -0.106090134 -0.398600079 0 0 0
C@CP 2616 0.0851319599 0.207699006 -0.316431966 0 0 0
C@CP 2617 -0.32006248 -0.00733744638 -0.264559875 0 0 0
C@CP 2618 -0.383192782 -0.112217536 -0.15646742 0 0 0
C@CP 2619 -0.0525399593 -0.0939152199 0.431985128 0 0 0
C@CP 2620 0.163302144 0.203887619 0.110237832 0 0 0
C@CP 2621 0.200810349 0.326812441 -0.258439446 0 0 0
C@CP 2622 0.118556464 0.0907079757 -0.252425785 0 0 0
C@CP 2623 -0.16871937 -0.00128097709 -0.211778754 0 0 0
C@CP 2624 0.0857210229 -0.150877172 -0.0129035805 0 0 0
C@CP 2625 0.229894506 0.0749887447 0.0982679498 0 0 0
C@CP 2626 0.224241688 -0.045639485 0.22412377 0 0 0
C@CP 2627 -0.209634008 -0.0940830163 -0.277568069 0 0 0
C@CP 2628 0.139959129 0.267702369 -0.138509162 0 0 0
C@CP 2629 0.382997063 -0.0051969489 -0.138069296 0 0 0
C@CP 2630 0.180994967 -0.0410499555 -0.0429998959 0 0 0
C@CP 2631 0.141896792 0.0110632093 0.024198003 0 0 0
C@CP 2632 -0.199936558 0.306054816 -0.00144514444 0 0 0
C@CP 2633 -0.377730259 0.00526402166 0.0554679284 0 0 0
C@CP 2634 -0.267850137 -0.336150242 0.0749329647 0 0 0
C@CP 2635 -0.45449374 -0.0850274726 -0.0654737363 0 0 0
C@CP 2636 -0.380082795 0.265905853 -0.0258987805 0 0 0
C@CP 2637 -0.0718445773 -0.0850300792 0.143610871 0 0 0
C@CP 2638 -0.219564208 0.0804771411 -0.0719343019 0 0 0
C@CP 2639 -0.00682727891 0.342076606 0.0673891307 0 0 0
C@CP 2640 -0.386831698 0.143299032 0.153663427 0 0 0
C@CP 2641 0.159464673 0.296015741 -0.15873464 0 0 0
C@CP 2642 0.11329919 0.44765127 0.0382307032 0 0 0
C@CP 2643 -0.0876865095 -0.299175801 0.0334289253 0 0 0
C@CP 2644 -0.444083207 0.0198077625 -0.125239212 0 0 0
C@CP 2645 -0.273571074 -0.193686545 0.0383694419 0 0 0
C@CP 2646 -0.112172801 -0.257902846 -0.0662363677 0 0 0
C@CP 2647 0.173184517 -0.136859375 -0.331826189 0 0 0
C@CP 2648 0.128017154 -0.155679293 -0.0814602356 0 0 0
C@CP 2649 -0.120053737 0.0432023358 -0.291956669 0 0 0
C@CP 2650 0.118368388 -0.255062962 0.34123783 0 0 0
C@CP 2651 0.0521605502 0.25517733 -0.308582528 0 0 0
C@CP 2652 -0.325866847 0.0140462395 0.0587142703 0 0 0
C@CP 2653 0.125636869 -0.14124539 -0.127871859 0 0 0
C@CP 2654 -0.163651229 -0.246448645 0.053874482 0 0 0
C@CP 2655 -0.313014747 -0.118983216 0.266984127 0 0 0
C@CP 2656 -0.327565997 -0.258989176 -0.0187033322 0 0 0
C@CP 2657 -0.0326678206 -0.0835136577 0.384242881 0 0 0
C@CP 2658 -0.0842870835 -0.445019667 0.0715359773 0 0 0
C@CP 2659 -0.143484681 0.0126015279 -0.323171242 0 0 0
C@CP 2660 -0.0779922523 -0.265217169 -0.151208616 0 0 0
C@CP 2661 0.105333402 -0.206780481 -0.2266772 0 0 0
C@CP 2662 0.297344092 -0.0264272203 0.17892942 0 0 0
C@CP 2663 0.00441703025 0.132963242 -0.0625912556 0 0 0
C@CP 2664 -0.161502522 0.187277227 0.357377137 0 0 0
C@CP 2665 -0.0247097704 0.16620063 -0.130700413 0 0 0
C@CP 2666 0.221248985 0.170661752 0.233990034 0 0 0
C@CP 2667 0.052572398 -0.22531344 -0.172675177 0 0 0
C@CP 2668 0.315717315 0.25016246 -0.207775368 0 0 0
C@CP 2669 -0.229458598 -0.0728347236 -0.277731791 0 0 0
C@CP 2670 0.223386197 0.0638882518 -0.0206077201 0 0 0
C@CP 2671 -0.192010027 -0.340241479 -0.0995452908 0 0 0
C@CP 2672 0.254989882 -0.202260488 -0.0650860144 0 0 0
C@CP 2673 0.171962658 0.0936214925 -0.105250317 0 0 0
C@CP 2674 0.156766679 -0.0809915181 0.397358549 0 0 0
C@CP 2675 0.259201099 0.291173095 -0.154963492 0 0 0
C@CP 2676 0.244477621 -0.16808896 -0.0330363854 0 0 0
C@CP 2677 -0.38156473 -0.0701364957 0.0530843217 0 0 0
C@CP 2678 0.104292402 0.0219588342 0.389000002 0 0 0
C@CP 2679 -0.0938121468 0.0690524493 -0.239009978 0 0 0
C@CP 2680 0.149685179 -0.158374286 0.134021478 0 0 0
C@CP 2681 0.104697879 0.258973231 0.272949235 0 0 0
C@CP 2682 0.122116779 -0.205922765 -0.374652349 0 0 0
C@CP 2683 0.385291704 0.208300029 -0.0406922286 0 0 0
C@CP 2684 -0.0980699133 -0.35759901 0.103926086 0 0 0
C@CP 2685 0.102225021 0.220670511 0.296616527 0 0 0
C@CP 2686 0.273018178 0.325249568 0.031708303 0 0 0
C@CP 2687 0.292698064 0.196766143 -0.214557155 0 0 0
C@CP 2688 0.027611235 0.236953356 0.281865298 0 0 0
C@CP 2689 -0.270184108 -0.0562968294 0.266970685 0 0 0
C@CP 2690 0.13340654 0.00837303991 0.310023454 0 0 0
C@CP 2691 -0.0424276351 0.370608876 0.0259181435 0 0 0
C@CP 2692 -0.291229223 -0.297571147 0.113858244 0 0 0
C@CP 2693 -0.0673237444 -0.374096691 0.0623417585 0 0 0
C@CP 2694 -0.0832227335 0.22406812 -0.156996175 0 0 0
C@CP 2695 -0.00775303634 -0.00755938826 -0.22880351 0 0 0
C@CP 2696 -0.195303986 0.277023072 -0.183283911 0 0 0
C@CP 2697 0.0434097323 0.0278045445 -0.136923965 0 0 0
C@CP 2698 -0.119707213 -0.225232581 -0.0374869075 0 0 0
C@CP 2699 0.29218027 0.0454347807 -0.230694502 0 0 0
C@CP 2700 -0.41397176 0.075951115 0.225095943 0 0 0
C@CP 2701 -0.17206617 -0.421283308 0.0104557835 0 0 0
C@CP 2702 0.102509649 0.0815010244 0.385395822 0 0 0
C@CP 2703 0.0869362061 0.105171597 0.297853492 0 0 0
C@CP 2704 0.299288234 -0.123955566 -0.299012757 0 0 0
C@CP 2705 -0.383163707 0.0602610991 -0.0625327162 0 0 0
C@CP 2706 -0.0544516362 -0.215219202 -0.110954753 0 0 0
C@CP 2707 0.445064228 -0.0548294187 0.0917523307 0 0 0
C@CP 2708 -0.254705005 0.244490635 -0.282356037 0 0 0
C@CP 2709 0.238912199 -0.0155707292 -0.0781799519 0 0 0
C@CP 2710 -0.152141368 0.245917157 0.0723539779 0 0 0
C@CP 2711 -0.142922873 0.0938183315 -0.0368608889 0 0 0
C@CP 2712 0.404490391 -0.0489601919 -0.253430085 0 0 0
C@CP 2713 -0.287376518 -0.114449849 -0.331999309 0 0 0
C@CP 2714 0.235700607 -0.0501572468 0.0690413075 0 0 0
C@CP 2715 -0.262206653 -0.150752595 0.181584314 0 0 0
C@CP 2716 0.132381394 -0.119517429 -0.420299673 0 0 0
C@CP 2717 0.114017104 -0.271753955 0.303551922 0 0 0
C@CP 2718 0.329365553 -0.00487360983 0.265219336 0 0 0
C@CP 2719 0.10031207 0.162604686 -0.0434547008 0 0 0
C@CP 2720 0.0346478657 0.295778919 -0.14129685 0 0 0
C@CP 2721 0.0290316728 -0.312777939 -0.1500897 0 0 0
C@CP 2722 0.132219897 0.205656246 -0.292203567 0 0 0
C@CP 2723 0.3216777 0.289002578 -0.0959645733 0 0 0
C@CP 2724 0.181446767 -0.163032071 0.0985414102 0 0 0
C@CP 2725 -0.0906430358 0.156283384 -0.121803432 0 0 0
C@CP 2726 0.0463802948 0.445199904 0.0159074524 0 0 0
C@CP 2727 0.331086696 -0.116186934 -0.0774555951 0 0 0
C@CP 2728 -0.317967798 0.139260185 -0.303449094 0 0 0
C@CP 2729 -0.159527947 -0.268546926 -0.153581495 0 0 0
C@CP 2730 0.0558583026 0.216150892 -0.032701481 0 0 0
C@CP 2731 0.383324147 0.214968427 0.0326301919 0 0 0
C@CP 2732 0.206018973 0.0364825677 -0.332719446 0 0 0
C@CP 2733 0.100098633 0.252514952 0.247139728 0 0 0
C@CP 2734 -0.237490178 -0.185007 -0.0197239823 0 0 0
C@CP 2735 -0.138928827 0.312604619 -0.300884349 0 0 0
C@CP 2736 0.0117563257 -0.268961302 0.148722565 0 0 0
C@CP 2737 0.076469208 -0.0969376604 -0.0831056175 0 0 0
C@CP 2738 -0.0318224001 0.28496662 -0.363660293 0 0 0
C@CP 2739 0.0847625927 0.325437949 -0.149948609 0 0 0
C@CP 2740 0.190495504 0.287870069 0.166319084 0 0 0
C@CP 2741 -0.100569956 -0.0972184517 -0.027415366 0 0 0
C@CP 2742 0.00231127209 0.405218283 0.162104453 0 0 0
C@CP 2743 -0.0263173971 -0.126089738 -0.228921207 0 0 0
C@CP 2744 -0.04910678 0.181258456 -0.111795068 0 0 0
C@CP 2745 -0.367414029 0.0439470965 0.0711177809 0 0 0
C@CP 2746 -0.239831212 0.184071813 0.111434222 0 0 0
C@CP 2747 0.124152606 0.305165287 0.148152396 0 0 0
C@CP 2748 -0.103143003 0.15958789 0.134323457 0 0 0
C@CP 2749 -0.265742362 -0.249932813 -0.275014955 0 0 0
C@CP 2750 0.0981201806 0.248758689 -0.118644382 0 0 0
C@CP 2751 -0.195887126 -0.259000998 -0.188800474 0 0 0
C@CP 2752 0.41256494 0.0697167638 -0.0142356081 0 0 0
C@CP 2753 -0.335379701 -0.138295174 0.0870605345 0 0 0
C@CP 2754 0.00622960227 0.318923864 -0.108585548 0 0 0
C@CP 2755 -0.33173208 -0.122423565 0.22325048 0 0 0
C@CP 2756 0.00775969608 -0.0955211092 -0.0112533163 0 0 0
C@CP 2757 -0.347688509 0.0840237203 -0.0552377152 0 0 0
C@CP 2758 -0.22445712 0.235251286 0.000487716393 0 0 0
C@CP 2759 -0.182958127 -0.23535075 -0.124008539 0 0 0
C@CP 2760 -0.397551528 -0.0320196066 -0.0133121384 0 0 0
C@CP 2761 0.0151123898 0.288217709 -0.17633905 0 0 0
C@CP 2762 -0.122182535 0.156005196 -0.169690911 0 0 0
C@CP 2763 -0.430400272 0.0132843972 -0.14481368 0 0 0
C@CP 2764 0.320820602 0.243271229 -0.220895695 0 0 0
C@CP 2765 -0.139002757 -0.100811072 -0.0922289523 0 0 0
C@CP 2766 0.25061302 -0.0429598675 -0.077910637 0 0 0
C@CP 2767 0.305084031 -0.00377304281 0.344832449 0 0 0
C@CP 2768 0.371508818 -0.0528289925 0.103158123 0 0 0
C@CP 2769 0.232699435 0.390569978 -0.0900807045 0 0 0
C@CP 2770 -0.217991889 0.222519225 0.0614936277 0 0 0
C@CP 2771 0.17081833 -0.0987616826 -0.246740313 0 0 0
C@CP 2772 -0.27686514 -0.328079447 0.0116121764 0 0 0
C@CP 2773 -0.252707144 -0.274354514 0.0562139684 0 0 0
C@CP 2774 -0.407226629 0.0564185728 0.100990879 0 0 0
C@CP 2775 0.119828525 -0.356577608 0.163005079 0 0 0
C@CP 2776 0.309201597 0.240729997 0.199383738 0 0 0
C@CP 2777 0.0828061862 -0.240689808 0.0127631096 0 0 0
C@CP 2778 0.106776979 0.240496863 0.346846884 0 0 0
C@CP 2779 -0.13853542 0.237076268 -0.0701986542 0 0 0
C@CP 2780 0.248635206 -0.182852461 0.0609298833 0 0 0
C@CP 2781 -0.337322346 0.287853949 -0.142044973 0 0 0
C@CP 2782 0.45534096 -0.0628365892 -0.076292674 0 0 0
C@CP 2783 0.19303075 0.16428019 -0.219231804 0 0 0
C@CP 2784 0.135164984 0.39652914 0.0715385538 0 0 0
C@CP 2785 0.0672013635 -0.127770831 -0.000916564764 0 0 0
C@CP 2786 0.227730506 -0.061121191 -0.0480983848 0 0 0
C@CP 2787 -0.0888782956 -0.0950717099 -0.219009949 0 0 0
C@CP 2788 -0.167033985 0.00905497113 -0.227680132 0 0 0
C@CP 2789 -0.224702766 -0.101312192 0.202865347 0 0 0
C@CP 2790 0.265280137 0.0452819775 -0.0818727246 0 0 0
C@CP 2791 0.218685476 -0.353335421 0.130684591 0 0 0
C@CP 2792 -0.14637297 0.258278165 -0.164869558 0 0 0
C@CP 2793 0.352292558 -0.166860644 0.0676616956 0 0 0
C@CP 2794 0.00308297071 -0.422475084 0.177752456 0 0 0
C@CP 2795 0.0764844876 -0.363004786 0.074277499 0 0 0
C@CP 2796 0.0264871562 0.0858147887 -0.102575412 0 0 0
C@CP 2797 -0.198934118 -0.113039927 0.0145299763 0 0 0
C@CP 2798 0.239876348 0.00133316578 -0.282674653 0 0 0
C@CP 2799 0.0910556776 0.26581191 -0.337073086 0 0 0
C@CP 2800 -0.359930327 -0.0770099332 -0.152791727 0 0 0
C@CP 2801 0.222626065 0.310102129 -0.0803856305 0 0 0
C@CP 2802 -0.113371614 -0.225834803 -0.00322954534 0 0 0
C@CP 2803 0.125420277 -0.295395883 -0.168963107 0 0 0
C@CP 2804 0.314775646 -0.254662222 0.139677201 0 0 0
C@CP 2805 0.313470199 0.122889768 -0.105124056 0 0 0
C@CP 2806 0.216555048 0.00132307236 -0.403150922 0 0 0
C@CP 2807 -0.217463933 -0.251275764 -0.305171655 0 0 0
C@CP 2808 -0.222282252 0.128644368 -0.108267324 0 0 0
C@CP 2809 0.148004476 -0.00973673457 -0.309338771 0 0 0
C@CP 2810 0.197803283 -0.357593021 -0.157369293 0 0 0
C@CP 2811 0.0436959317 0.265880727 -0.0755178946 0 0 0
C@CP 2812 0.378066323 -0.0676899677 -0.170773903 0 0 0
C@CP 2813 -0.123770285 -0.0560013989 0.169197947 0 0 0
C@CP 2814 0.0983628587 0.233902865 0.28428911 0 0 0
C@CP 2815 -0.237003944 0.190190439 0.196227998 0 0 0
C@CP 2816 0.088998847 0.00910113098 -0.274433658 0 0 0
C@CP 2817 -0.294486152 0.357340701 0.0320956911 0 0 0
C@CP 2818 0.38549364 0.258316118 0.0224826029 0 0 0
C@CP 2819 0.149780999 -0.213763413 -0.336856283 0 0 0
C@CP 2820 0.252227561 -0.0454234647 0.0300430541 0 0 0
C@CP 2821 0.083002813 -0.103617636 0.355694967 0 0 0
C@CP 2822 0.32581371 0.0298931781 -0.166195978 0 0 0
C@CP 2823 -0.324843736 0.129997938 0.229034984 0 0 0
C@CP 2824 -0.202644004 0.123414644 -0.0623761765 0 0 0
C@CP 2825 0.33182269 -0.0714159483 -0.155284406 0 0 0
C@CP 2826 -0.261597567 -0.121262629 -0.361288201 0 0 0
C@CP 2827 -0.0730888996 -0.0794905134 0.303405911 0 0 0
C@CP 2828 -0.443986711 -0.0803908984 0.0863427895 0 0 0
C@CP 2829 -0.0518227406 0.277779958 0.186696691 0 0 0
C@CP 2830 -0.156619256 -0.19732292 0.272915234 0 0 0
C@CP 2831 -0.230362005 -0.274397656 0.184322154 0 0 0
C@CP 2832 -0.276412485 -0.0640402087 -0.058835064 0 0 0
C@CP 2833 -0.076171149 -0.22286573 0.39390884 0 0 0
C@CP 2834 -0.0461701423 0.130567092 0.399624489 0 0 0
C@CP 2835 -0.304467915 -0.115406475 0.195713599 0 0 0
C@CP 2836 0.414823556 0.112738145 0.0858157057 0 0 0
C@CP 2837 -0.143513479 -0.0260380938 -0.398153533 0 0 0
C@CP 2838 -0.385069528 -0.0557075138 0.140526208 0 0 0
C@CP 2839 -0.178423412 0.262451044 0.308455883 0 0 0
C@CP 2840 0.167518952 0.256151367 -0.042120128 0 0 0
C@CP 2841 0.411557928 -0.152056868 0.000609032259 0 0 0
C@CP 2842 -0.386296371 -0.157407224 -0.163236081 0 0 0
C@CP 2843 0.00521017995 0.209818724 -0.0755229381 0 0 0
C@CP 2844 0.0469363283 -0.117283597 0.423142318 0 0 0
C@CP 2845 0.04726044 -0.318451175 -0.0524962198 0 0 0
C@CP 2846 -0.0455880937 -0.400752313 -0.223024685 0 0 0
C@CP 2847 0.315389903 -0.163478963 -0.268339933 0 0 0
C@CP 2848 0.0304514578 0.0373213176 -0.0328512652 0 0 0
C@CP 2849 0.212053008 0.149659356 -0.0737181821 0 0 0
C@CP 2850 -0.00519088589 0.305594106 -0.0292876673 0 0 0
C@CP 2851 0.018739099 0.0211235936 -0.441836993 0 0 0
C@CP 2852 -0.0354940168 0.075065884 -0.167873616 0 0 0
C@CP 2853 -0.357954149 0.09974473 0.115333578 0 0 0
C@CP 2854 -0.148351211 0.206902865 0.30556124 0 0 0
C@CP 2855 -0.130524714 -0.0128116785 0.418853487 0 0 0
C@CP 2856 -0.0326757703 -0.057064409 -0.179401702 0 0 0
C@CP 2857 -0.242948414 0.215482791 -0.157113567 0 0 0
C@CP 2858 0.0529921424 -0.172309424 -0.113622779 0 0 0
C@CP 2859 0.161644694 0.315709019 0.0321558484 0 0 0
C@CP 2860 -0.254881133 -0.140818361 -0.134408976 0 0 0
C@CP 2861 0.289642896 -0.142078899 -0.333936853 0 0 0
C@CP 2862 -0.13106817 0.206324992 -0.296500593 0 0 0
C@CP 2863 0.0718941869 -0.0135510675 0.0129526051 0 0 0
C@CP 2864 0.00207370227 0.110222593 0.390378561 0 0 0
C@CP 2865 -0.0732372486 -0.0200142848 0.163095405 0 0 0
C@CP 2866 0.171050018 -0.394120725 0.192464284 0 0 0
C@CP 2867 0.19948545 0.0254925317 -0.209263199 0 0 0
C@CP 2868 -0.349905002 -0.0938049718 0.27947954 0 0 0
C@CP 2869 -0.0074840188 -0.000385287322 0.167641146 0 0 0
C@CP 2870 0.238594053 -0.300624977 -0.135224618 0 0 0
C@CP 2871 0.106456091 -0.0750592529 0.205653876 0 0 0
C@CP 2872 0.0461393323 0.276760923 0.286096992 0 0 0
C@CP 2873 -0.334200109 0.0138669287 -0.0369609145 0 0 0
C@CP 2874 0.095534834 0.223238025 0.320173024 0 0 0
C@CP 2875 0.120647861 -0.230811889 -0.314906767 0 0 0
C@CP 2876 -0.209181056 0.371758112 0.101364562 0 0 0
C@CP 2877 0.398121898 -0.0738719199 -0.0245033968 0 0 0
C@CP 2878 -0.101776024 0.292069896 -0.242918985 0 0 0
C@CP 2879 0.326210054 0.0321407274 0.00129523707 0 0 0
C@CP 2880 -0.0634696927 -0.0886548378 -0.253702163 0 0 0
C@CP 2881 -0.264347286 0.0891584332 -0.346368966 0 0 0
C@CP 2882 -0.173471488 -0.345643521 0.114284192 0 0 0
C@CP 2883 0.207102391 0.307620679 -0.0395387394 0 0 0
C@CP 2884 -0.108560843 0.304394813 0.266498892 0 0 0
C@CP 2885 -0.226168655 0.180137615 0.21903569 0 0 0
C@CP 2886 -0.162563573 0.00950755748 0.0522505456 0 0 0
C@CP 2887 -0.347392254 0.154174621 -0.240675398 0 0 0
C@CP 2888 -0.273421997 -0.215558021 0.222640453 0 0 0
C@CP 2889 -0.00449072894 -0.351336437 0.2187033 0 0 0
C@CP 2890 -0.0443391145 -0.0129577826 -0.257197732 0 0 0
C@CP 2891 -0.131851654 -0.197568652 0.132942553 0 0 0
C@CP 2892 -0.117848972 0.0498633843 0.31228988 0 0 0
C@CP 2893 0.333706616 0.180577336 -0.185573089 0 0 0
C@CP 2894 0.216755948 0.0255831468 -0.256647146 0 0 0
C@CP 2895 0.137497722 0.361477515 -0.00823834111 0 0 0
C@CP 2896 -0.311328891 -0.0625605497 0.0918467794 0 0 0
C@CP 2897 -0.25178739 0.0772328756 0.0207211458 0 0 0
C@CP 2898 -0.306056237 0.0547544696 -0.321390068 0 0 0
C@CP 2899 -0.0889052759 0.158735595 0.303346395 0 0 0
C@CP 2900 0.128923459 0.314264693 -0.263279398 0 0 0
C@CP 2901 0.0783789737 0.36403249 -0.172362232 0 0 0
C@CP 2902 -0.0692408536 -0.279622678 -0.172097978 0 0 0
C@CP 2903 0.0543316797 0.0466720409 -0.32187893 0 0 0
C@CP 2904 -0.29685406 -0.151015935 -0.270207145 0 0 0
C@CP 2905 -0.16384273 0.181930992 -0.374704487 0 0 0
C@CP 2906 -0.188346022 -0.176921962 -0.387406636 0 0 0
C@CP 2907 -0.269593314 -0.333325696 0.137715156 0 0 0
C@CP 2908 -0.0818294036 0.187032414 -0.25343635 0 0 0
C@CP 2909 -0.249175235 -0.194943952 -0.344807693 0 0 0
C@CP 2910 -0.24972479 0.343636692 0.0265754841 0 0 0
C@CP 2911 -0.188612498 -0.00478687335 0.345837573 0 0 0
C@CP 2912 0.0539010586 -0.350823497 -0.0393917639 0 0 0
C@CP 2913 0.213944957 0.367724153 0.0892139771 0 0 0
C@CP 2914 -0.0367174888 -0.0374596409 -0.187817696 0 0 0
C@CP 2915 -0.042805969 0.32368294 -0.0481660097 0 0 0
C@CP 2916 -0.0932998803 0.120251756 0.210117327 0 0 0
C@CP 2917 -0.090559769 -0.364990895 0.216234087 0 0 0
C@CP 2918 0.151452083 -0.211533164 0.19460664 0 0 0
C@CP 2919 0.140388283 0.243761214 0.200950903 0 0 0
C@CP 2920 0.371067204 0.244665514 -0.0409204023 0 0 0
C@CP 2921 0.245398904 0.303353204 -0.196012251 0 0 0
C@CP 2922 -0.2510484 0.0761343008 0.208183154 0 0 0
C@CP 2923 -0.0457814507 -0.0784041181 0.263109477 0 0 0
C@CP 2924 0.0719512906 -0.0453349753 0.251978903 0 0 0
C@CP 2925 -0.121604646 0.138331497 0.245642171 0 0 0
C@CP 2926 -0.0574646948 -0.258744851 -0.0376984194 0 0 0
C@CP 2927 -0.15971758 0.0184581044 -0.168321799 0 0 0
C@CP 2928 0.30165114 0.121969697 0.300053654 0 0 0
C@CP 2929 -0.203505004 -0.157301769 0.0491023354 0 0 0
C@CP 2930 -0.235414526 -0.240624323 -0.306548046 0 0 0
C@CP 2931 -0.0367124732 -0.232260035 -0.360314444 0 0 0
C@CP 2932 0.0366288288 0.248800536 -0.244049154 0 0 0
C@CP 2933 0.0355451976 0.183603124 -0.296395703 0 0 0
C@CP 2934 0.339189029 -0.0982210175 -0.00282480032 0 0 0
C@CP 2935 0.150959396 0.286925775 0.0687114555 0 0 0
C@CP 2936 -0.12685939 0.111560591 0.15840148 0 0 0
C@CP 2937 -0.170519277 -0.03352834 -0.163785073 0 0 0
C@CP 2938 0.0814397188 -0.429433613 0.0839226584 0 0 0
C@CP 2939 -0.41819488 -0.0648919554 -0.0563565101 0 0 0
C@CP 2940 0.217345214 0.196604843 -0.341838812 0 0 0
C@CP 2941 0.175958298 0.14978607 -0.159125561 0 0 0
C@CP 2942 -0.126715339 0.327381423 0.00359597448 0 0 0
C@CP 2943 -0.206802104 0.0332031142 -0.0917708506 0 0 0
C@CP 2944 0.164916731 -0.278023156 -0.311156893 0 0 0
C@CP 2945 0.0810048655 0.374360304 0.1065356 0 0 0
C@CP 2946 -0.408397753 -0.0553872749 -0.0829748217 0 0 0
C@CP 2947 -0.0872404757 0.00696066539 0.0486452121 0 0 0
C@CP 2948 0.206327967 0.376461507 0.1002765 0 0 0
C@CP 2949 0.241227814 -0.184904675 0.154040785 0 0 0
C@CP 2950 0.155278387 -0.217239128 -0.291917948 0 0 0
C@CP 2951 -0.164314115 -0.342270196 0.131708646 0 0 0
C@CP 2952 -0.0837934394 0.117443259 -0.137688548 0 0 0
C@CP 2953 0.353423199 0.189883278 0.0534367652 0 0 0
C@CP 2954 0.358030604 0.284237993 0.133422443 0 0 0
C@CP 2955 0.103285647 -0.345872705 -0.00580008251 0 0 0
C@CP 2956 0.0633780479 0.203108902 -0.137652417 0 0 0
C@CP 2957 0.196213665 -0.189427253 -0.281054388 0 0 0
C@CP 2958 0.180438696 -0.235189693 0.137550681 0 0 0
C@CP 2959 -0.129961044 0.186941657 -0.336815394 0 0 0
C@CP 2960 0.22725773 0.322857436 0.100729582 0 0 0
C@CP 2961 -0.241137296 -0.162460268 -0.0879457714 0 0 0
C@CP 2962 -0.229529971 -0.118984994 -0.0411663657 0 0 0
C@CP 2963 0.401898986 -0.0688295814 0.23891145 0 0 0
C@CP 2964 -0.192815654 0.0301743165 -0.352501995 0 0 0
C@CP 2965 -0.222490871 -0.105674744 0.220291387 0 0 0
C@CP 2966 -0.00351300288 -0.436513999 0.0765818533 0 0 0
C@CP 2967 -0.416153812 0.14659748 -0.0717442082 0 0 0
C@CP 2968 -0.103446359 -0.114074916 -0.0958164154 0 0 0
C@CP 2969 -0.0588157151 -0.242281552 0.0632078619 0 0 0
C@CP 2970 -0.0916373457 -0.0646239735 -0.161226773 0 0 0
C@CP 2971 0.0883744669 -0.416887908 -0.0553603088 0 0 0
C@CP 2972 0.038591154 -0.204379987 -0.229546962 0 0 0
C@CP 2973 -0.0956376795 0.130366566 0.277142599 0 0 0
C@CP 2974 0.186216498 -0.234671868 0.213180998 0 0 0
C@CP 2975 -0.319952082 -0.159469634 0.0585184929 0 0 0
C@CP 2976 -0.126839166 -0.159162073 -0.336802964 0 0 0
C@CP 2977 0.264725928 -0.174413536 0.252924293 0 0 0
C@CP 2978 0.0421960526 -0.0826796347 -0.0630431181 0 0 0
C@CP 2979 0.0860081491 -0.282452622 -0.0834118953 0 0 0
C@CP 2980 -0.0661558001 0.121908262 0.36093699 0 0 0
C@CP 2981 -0.166814592 -0.067972324 0.289503559 0 0 0
C@CP 2982 -0.0555908583 0.11569898 -0.405495013 0 0 0
C@CP 2983 -0.0681479415 0.0483556092 0.466461793 0 0 0
C@CP 2984 -0.148745094 -0.223443976 0.349603175 0 0 0
C@CP 2985 0.282492137 -0.323051239 -0.00187956808 0 0 0
C@CP 2986 0.0877142764 0.144544967 -0.39745505 0 0 0
C@CP 2987 -0.376397246 -0.213832117 0.133373286 0 0 0
C@CP 2988 0.145649128 0.318033357 0.0602102798 0 0 0
C@CP 2989 0.0552587642 -0.23919331 -0.0041065233 0 0 0
C@CP 2990 -0.0299743287 0.249850001 0.24128446 0 0 0
C@CP 2991 -0.132060536 -0.0752081755 0.291121309 0 0 0
C@CP 2992 0.233354648 0.121044406 -0.0946872256 0 0 0
C@CP 2993 -0.271911924 -0.26025996 0.0370093642 0 0 0
C@CP 2994 0.126606829 -0.0464413312 0.148900481 0 0 0
C@CP 2995 -0.125536622 -0.308787905 0.316502155 0 0 0
C@CP 2996 0.227745657 0.284179521 0.0809025918 0 0 0
C@CP 2997 0.0372102782 0.353454268 0.274174086 0 0 0
C@CP 2998 -0.159775314 -0.323385851 0.24914027 0 0 0
C@CP 2999 -0.134195397 0.132086862 0.114527065 0 0 0
C@CP 3000 -0.260120809 -0.0412387611 -0.0444201529 0 0 0
C@CP 3001 0.270090339 -0.121201111 0.0373623454 0 0 0
C@CP 3002 0.384833868 0.0585060697 0.095081846 0 0 0
C@CP 3003 0.31840647 0.0371921494 0.196377528 0 0 0
C@CP 3004 0.0940733518 0.293821252 0.0888191105 0 0 0
C@CP 3005 0.236890242 0.0632755274 -0.212029441 0 0 0
C@CP 3006 0.0589407477 -0.171758725 0.426633445 0 0 0
C@CP 3007 0.0763321442 0.196828677 -0.0904439028 0 0 0
C@CP 3008 0.132650781 0.175483162 0.213371347 0 0 0
C@CP 3009 0.284442833 -0.217422243 0.152621847 0 0 0
C@CP 3010 -0.217622374 -0.301076462 -0.113708397 0 0 0
C@CP 3011 0.209037034 0.0472652542 -0.353231393 0 0 0
C@CP 3012 0.211857012 0.317514421 -0.0533674563 0 0 0
C@CP 3013 -0.301636692 -0.132646008 0.0190474173 0 0 0
C@CP 3014 -0.310180728 -0.110962335 -0.224702935 0 0 0
C@CP 3015 -0.229367236 -0.0365401055 0.352761181 0 0 0
C@CP 3016 0.160482768 0.193426666 0.32185597 0 0 0
C@CP 3017 0.0279685269 -0.237258764 0.342268775 0 0 0
C@CP 3018 -0.26706935 0.27937851 -0.136244146 0 0 0
C@CP 3019 -0.206393647 0.143986089 -0.264261082 0 0 0
C@CP 3020 0.279766047 -0.164078507 -0.0159995916 0 0 0
C@CP 3021 -0.2710591 0.0231603741 0.196846615 0 0 0
C@CP 3022 0.336451802 0.121441243 -0.146171689 0 0 0
C@CP 3023 -0.324492337 0.050765277 0.261282016 0 0 0
C@CP 3024 0.0820848711 0.081689249 0.100971721 0 0 0
C@CP 3025 -0.164924554 -0.0626963231 -0.29952598 0 0 0
C@CP 3026 0.113122408 0.412901285 0.194534474 0 0 0
C@CP 3027 -0.382447284 -0.176690005 -0.0857601715 0 0 0
C@CP 3028 0.0223674228 0.274822079 0.368854316 0 0 0
C@CP 3029 -0.301378115 0.140705945 0.0019877966 0 0 0
C@CP 3030 0.269723055 -0.230811852 -0.261381087 0 0 0
C@CP 3031 0.069987932 -0.186909918 0.0761291532 0 0 0
C@CP 3032 0.394194583 -0.117485199 0.134361468 0 0 0
C@CP 3033 0.146081908 -0.243901703 -0.253818203 0 0 0
C@CP 3034 0.129565726 0.123542257 0.320913818 0 0 0
C@CP 3035 0.155937782 0.0560515892 -0.0181473652 0 0 0
C@CP 3036 0.161931746 0.105892844 0.196406427 0 0 0
C@CP 3037 -0.0978691113 0.30918585 0.0128120524 0 0 0
C@CP 3038 0.378332278 0.0779328881 0.159956426 0 0 0
C@CP 3039 0.0249396927 -0.19872434 -0.389707464 0 0 0
C@CP 3040 -0.384881244 0.199045518 -0.0896985571 0 0 0
C@CP 3041 -0.0671606796 -0.161537728 -0.336115181 0 0 0
C@CP 3042 0.19380578 0.324842598 0.235498937 0 0 0
C@CP 3043 -0.326747501 -0.151054404 0.270957235 0 0 0
C@CP 3044 0.0507962183 0.312002323 -0.0833112109 0 0 0
C@CP 3045 0.0969755817 0.0521193412 0.384284152 0 0 0
C@CP 3046 0.0213278478 0.235030185 0.0301637776 0 0 0
C@CP 3047 0.202731747 -0.361077639 0.214174645 0 0 0
C@CP 3048 -0.0794095503 0.0477960632 -0.171895246 0 0 0
C@CP 3049 0.11257877 -0.216223409 0.237780736 0 0 0
C@CP 3050 0.0406797704 -0.0981929829 -0.0971160567 0 0 0
C@CP 3051 -0.000815483746 -0.0621254579 -0.295398062 0 0 0
C@CP 3052 -0.0460570471 0.0424589274 -0.0742032746 0 0 0
C@CP 3053 0.0147992238 0.0492017885 -0.470834109 0 0 0
C@CP 3054 -0.0336537667 -0.145827514 -0.372149449 0 0 0
C@CP 3055 -0.218028196 0.182754306 -0.305009974 0 0 0
C@CP 3056 0.39369795 -0.0127010997 -0.278831354 0 0 0
C@CP 3057 -0.288226823 -0.14046848 -0.0366684437 0 0 0
C@CP 3058 0.377936828 -0.273346749 -0.0278020077 0 0 0
C@CP 3059 0.25347927 0.0207609932 -0.0960519777 0 0 0
C@CP 3060 -0.0278064798 0.0375215771 -0.419326828 0 0 0
C@CP 3061 -0.339233128 -0.248245847 -0.0129645521 0 0 0
C@CP 3062 -0.41318779 0.0424580271 0.174991035 0 0 0
C@CP 3063 0.114894266 -0.0979523351 -0.428730258 0 0 0
C@CP 3064 -0.0708107102 0.221602305 0.141199862 0 0 0
C@CP 3065 -0.0525405192 -0.189193907 -0.0953253045 0 0 0
C@CP 3066 -0.436912948 -0.0920867918 0.123238922 0 0 0
C@CP 3067 0.394424736 0.105929337 0.0715470901 0 0 0
C@CP 3068 -0.0938855978 -0.0162988917 -0.206310023 0 0 0
C@CP 3069 0.147474005 0.0949677296 -0.206592754 0 0 0
C@CP 3070 0.262187076 0.05038419 0.264134319 0 0 0
C@CP 3071 -0.219557313 -0.0253589793 -0.270173277 0 0 0
C@CP 3072 0.255208889 -0.367929801 0.0798548018 0 0 0
C@CP 3073 -0.0201487702 0.200157831 -0.0823439229 0 0 0
C@CP 3074 -0.176248931 -0.348673519 -0.199034243 0 0 0
C@CP 3075 -0.122460204 -0.126903267 0.281593055 0 0 0
C@CP 3076 -0.136039126 -0.310056953 0.309422284 0 0 0
C@CP 3077 -0.106245667 -0.164385665 -0.148003669 0 0 0
C@CP 3078 0.0979751218 0.239987993 -0.188192503 0 0 0
C@CP 3079 -0.2528123 -0.301356631 0.0574866316 0 0 0
C@CP 3080 -0.0632625619 0.130776115 -0.139102061 0 0 0
C@CP 3081 -0.261738966 0.246925486 -0.289069574 0 0 0
C@CP 3082 -0.177800992 -0.270177657 0.00580456914 0 0 0
C@CP 3083 0.188167545 0.172420583 -0.364085436 0 0 0
C@CP 3084 0.22340468 0.323443059 0.0186999299 0 0 0
C@CP 3085 0.230412362 -0.099170581 0.342742472 0 0 0
C@CP 3086 0.268339724 -0.252153645 -0.0540978269 0 0 0
C@CP 3087 0.119382524 0.368913552 -0.131450211 0 0 0
C@CP 3088 0.0943582592 0.223615392 -0.0324124465 0 0 0
C@CP 3089 -0.343672282 0.0206253972 0.00283448806 0 0 0
C@CP 3090 0.261860976 -0.29373538 -0.145561934 0 0 0
C@CP 3091 0.00520571847 -0.284092343 -0.0569429481 0 0 0
C@CP 3092 0.016759245 0.129706476 -0.034942873 0 0 0
C@CP 3093 -0.222876492 -0.0318463585 -0.393226442 0 0 0
C@CP 3094 -0.0524112492 0.249232294 0.165669286 0 0 0
C@CP 3095 0.0375715055 0.267083142 -0.0356412464 0 0 0
C@CP 3096 -0.319892386 0.278676685 -0.148846669 0 0 0
C@CP 3097 0.281235192 0.00118855824 -0.280760811 0 0 0
C@CP 3098 0.0541285249 -0.144944076 -0.0146517223 0 0 0
C@CP 3099 0.389880971 0.153327401 0.0826367667 0 0 0
C@CP 3100 -0.180445156 0.197383299 0.150735929 0 0 0
C@CP 3101 0.127910674 -0.217939614 0.379991541 0 0 0
C@CP 3102 -0.178272777 0.0944981429 0.319673833 0 0 0
C@CP 3103 0.297659989 -0.244977979 -0.15434325 0 0 0
C@CP 3104 0.237554392 -0.0647080622 0.0656191867 0 0 0
C@CP 3105 0.40927991 0.085118846 0.0269568854 0 0 0
C@CP 3106 0.131059087 0.253037805 0.0871457624 0 0 0
C@CP 3107 -0.037287678 -0.199934699 0.0859349159 0 0 0
C@CP 3108 -0.139964849 0.234720058 0.241064115 0 0 0
C@CP 3109 -0.041813468 0.122369219 -0.39065714 0 0 0
C@CP 3110 0.179353935 0.015083856 0.368055553 0 0 0
C@CP 3111 0.120342067 0.439997114 -0.0059582221 0 0 0
C@CP 3112 -0.132259623 -0.210122071 -0.146893212 0 0 0
C@CP 3113 0.247819579 0.298384244 -0.243807321 0 0 0
C@CP 3114 0.192757579 -0.354357367 0.0182876448 0 0 0
C@CP 3115 0.402208224 0.00746306522 -0.0460530838 0 0 0
C@CP 3116 -0.137132233 -0.128178758 0.10451457 0 0 0
C@CP 3117 0.431858687 -0.0389423481 -0.165171508 0 0 0
C@CP 3118 0.0935646942 -0.055031751 0.245414468 0 0 0
C@CP 3119 0.321961154 -0.170313683 0.00484938189 0 0 0
C@CP 3120 -0.150654886 0.18347768 -0.0682365457 0 0 0
C@CP 3121 -0.130861727 -0.165063602 -0.170844891 0 0 0
C@CP 3122 -0.384212346 0.0720736866 0.150469383 0 0 0
C@CP 3123 -0.138059628 -0.0275365911 -0.262053252 0 0 0
C@CP 3124 -0.16799865 -0.361562582 0.0184518517 0 0 0
C@CP 3125 0.170097234 -0.20259192 -0.264863353 0 0 0
C@CP 3126 -0.0394989109 -0.290452718 -0.222227729 0 0 0
C@CP 3127 0.168096186 -0.228502469 -0.0981368128 0 0 0
C@CP 3128 0.0813972879 0.358150961 -0.111936855 0 0 0
C@CP 3129 -0.246616144 0.154003076 0.331925961 0 0 0
C@CP 3130 0.0642248641 0.385389274 0.1337928 0 0 0
C@CP 3131 0.375186623 -0.221169936 0.185416188 0 0 0
C@CP 3132 0.000535096324 -0.344987491 -0.234015494 0 0 0
C@CP 3133 -0.0184678035 0.410126121 -0.108768525 0 0 0
C@CP 3134 0.026792584 0.239362357 -0.155284517 0 0 0
C@CP 3135 0.058040038 -0.129281834 0.268517226 0 0 0
C@CP 3136 -0.0640579682 -0.0557109237 0.326022285 0 0 0
C@CP 3137 0.276080963 -0.38141155 0.00166741422 0 0 0
C@CP 3138 0.371887149 -0.0369796846 -0.189548586 0 0 0
C@CP 3139 -0.375888478 0.00470946634 0.0866990399 0 0 0
C@CP 3140 0.314949357 -0.0757861746 -0.0406598705 0 0 0
C@CP 3141 -0.130276904 0.170252265 -0.110606678 0 0 0
C@CP 3142 -0.0991491727 0.191947491 0.362921355 0 0 0
C@CP 3143 0.0607180903 -0.111953658 0.429453824 0 0 0
C@CP 3144 0.372657583 -0.198930674 0.142256362 0 0 0
C@CP 3145 0.163794927 -0.275589233 0.244522424 0 0 0
C@CP 3146 -0.11577388 -0.176692839 0.162687252 0 0 0
C@CP 3147 -0.0766940248 -0.347293801 0.0791643959 0 0 0
C@CP 3148 0.0492494633 -0.400220198 0.0411281244 0 0 0
C@CP 3149 0.103997411 -0.173669346 -0.0628617281 0 0 0
C@CP 3150 0.13848797 0.0960428089 0.0987376247 0 0 0
C@CP 3151 -0.198875665 0.0246784829 0.0089993695 0 0 0
C@CP 3152 0.238898258 0.159926783 -0.0477805442 0 0 0
C@CP 3153 -0.210494872 0.330664122 0.227078976 0 0 0
C@CP 3154 -0.394438042 -0.0291786468 0.0249217326 0 0 0
C@CP 3155 0.164922146 -0.202948183 0.179671558 0 0 0
C@CP 3156 0.167083007 0.361271085 0.0181090853 0 0 0
C@CP 3157 -0.302277822 0.253046237 0.0123240745 0 0 0
C@CP 3158 0.319741264 -0.0959299076 -0.315002652 0 0 0
C@CP 3159 -0.126177418 0.195916292 -0.134677726 0 0 0
C@CP 3160 0.246315554 -0.350404088 0.098680484 0 0 0
C@CP 3161 0.287781221 0.0677659082 -0.104837687 0 0 0
C@CP 3162 -0.333594679 -0.195295745 -0.0203916064 0 0 0
C@CP 3163 -0.108610179 0.150752526 -0.138341141 0 0 0
C@CP 3164 0.288418964 0.189371163 -0.174969841 0 0 0
C@CP 3165 0.212908028 -0.41710739 0.0638702463 0 0 0
C@CP 3166 -0.201486622 0.149481271 0.183300841 0 0 0
C@CP 3167 0.0325006055 -0.123850585 -0.146912608 0 0 0
C@CP 3168 -0.0165796438 0.076421774 0.0153160455 0 0 0
C@CP 3169 0.203131643 0.356135926 -0.17356984 0 0 0
C@CP 3170 -0.168837476 0.357409371 0.242667159 0 0 0
C@CP 3171 0.223410704 0.059561906 0.139800589 0 0 0
C@CP 3172 0.296712326 -0.0275776069 0.273501603 0 0 0
C@CP 3173 0.314210553 -0.332601536 0.014296471 0 0 0
C@CP 3174 -0.0113386123 0.414443058 0.12653014 0 0 0
C@CP 3175 -0.0756431977 0.249742469 -0.367693683 0 0 0
C@CP 3176 -0.0752676214 0.173979946 0.208861221 0 0 0
C@CP 3177 -0.139130974 -0.0317332518 -0.382793631 0 0 0
C@CP 3178 -0.202124736 0.307913234 -0.214918833 0 0 0
C@CP 3179 -0.081955035 -0.452020386 0.00152737277 0 0 0
C@CP 3180 0.0241216394 0.300709698 0.11563639 0 0 0
C@CP 3181 0.256360695 -0.13946943 0.296296668 0 0 0
C@CP 3182 -0.325573293 0.175114891 -0.131386096 0 0 0
C@CP 3183 -0.171653482 0.31493041 0.1027035 0 0 0
C@CP 3184 -0.00615293092 -0.128765712 -0.13771948 0 0 0
C@CP 3185 -0.330341267 -0.244752315 -0.0671440874 0 0 0
C@CP 3186 -0.381039322 0.158105357 -0.12309056 0 0 0
C@CP 3187 -0.259370823 0.200445748 -0.115255816 0 0 0
C@CP 3188 -0.242232069 0.268394568 0.247417784 0 0 0
C@CP 3189 0.183097084 0.0781050788 0.367616169 0 0 0
C@CP 3190 -0.0717723122 0.208762084 0.395956022 0 0 0
C@CP 3191 0.408167303 -0.166548249 -0.0105555233 0 0 0
C@CP 3192 0.0297555111 0.364795437 -0.253394414 0 0 0
C@CP 3193 0.00160733403 -0.0379161454 0.482775161 0 0 0
C@CP 3194 -0.135007735 0.315208806 0.0549491576 0 0 0
C@CP 3195 0.217716604 -0.156135845 -0.193353985 0 0 0
C@CP 3196 -0.0389466465 -0.405003408 -0.154290078 0 0 0
C@CP 3197 0.0377766098 -0.345540631 0.131425978 0 0 0
C@CP 3198 -0.188553496 -0.214896265 0.341501696 0 0 0
C@CP 3199 0.223499848 -0.269278477 0.253440578 0 0 0
C@CP 3200 -0.151139684 -0.0606568959 -0.338696051 0 0 0
C@CP 3201 -0.190234481 -0.239490983 -0.293554073 0 0 0
C@CP 3202 0.301008194 -0.047608991 0.083351802 0 0 0
C@CP 3203 0.0520768523 -0.16679052 -0.297334507 0 0 0
C@CP 3204 0.015045515 -0.171624566 -0.227003053 0 0 0
C@CP 3205 0.384285257 -0.187195416 0.064544479 0 0 0
C@CP 3206 0.0510174199 0.0626260531 -0.437651126 0 0 0
C@CP 3207 -0.337247241 0.0221891273 0.210775854 0 0 0
C@CP 3208 0.16806132 -0.290422752 -0.111705983 0 0 0
C@CP 3209 0.102177895 0.139495384 -0.3240058 0 0 0
C@CP 3210 0.0892700907 -0.429351318 -0.0581618054 0 0 0
C@CP 3211 -0.400872296 0.222660499 0.0947665004 0 0 0
C@CP 3212 -0.174840089 0.0583442937 -0.0548920665 0 0 0
C@CP 3213 -0.169759937 -0.266104957 0.0295866289 0 0 0
C@CP 3214 -0.24912283 -0.285823716 0.102089984 0 0 0
C@CP 3215 0.144491266 0.336392282 0.171322806 0 0 0
C@CP 3216 0.172704858 0.211208103 0.314712391 0 0 0
C@CP 3217 -0.115410208 -0.313984394 0.244290543 0 0 0
C@CP 3218 -0.135269912 -0.187834023 0.311647907 0 0 0
C@CP 3219 -0.055554443 0.290459421 0.0957008377 0 0 0
C@CP 3220 0.150623986 0.222061533 0.0708939712 0 0 0
C@CP 3221 0.169291167 -0.285765736 -0.126368047 0 0 0
C@CP 3222 0.0833445351 -0.214679266 -0.161880929 0 0 0
C@CP 3223 0.109225954 -0.354616758 -0.174671788 0 0 0
C@CP 3224 -0.0998344832 -0.00970287631 0.209012675 0 0 0
C@CP 3225 0.0808608715 -0.38894572 -0.0558952815 0 0 0
C@CP 3226 0.346328599 -0.252747962 -0.183036928 0 0 0
C@CP 3227 0.413681206 -0.208670629 -0.100315112 0 0 0
C@CP 3228 -0.1165217 0.0666858401 -0.0109304835 0 0 0
C@CP 3229 0.297012153 -0.229908542 0.0286400968 0 0 0
C@CP 3230 -0.12347901 -0.0692359971 -0.0154161391 0 0 0
C@CP 3231 -0.379214146 -0.207024186 0.0987791906 0 0 0
C@CP 3232 -0.283514378 -0.311045206 0.183789404 0 0 0
C@CP 3233 -0.0720554071 -0.128686147 0.0928092501 0 0 0
C@CP 3234 0.324097012 0.0467405322 -0.0994229915 0 0 0
C@CP 3235 0.0555236213 -0.193794136 -0.102171538 0 0 0
C@CP 3236 -0.343813448 0.167010641 -0.100545802 0 0 0
C@CP 3237 0.29653073 0.129766943 0.302665479 0 0 0
C@CP 3238 0.27511657 0.203358476 0.0778606662 0 0 0
C@CP 3239 0.0422283797 -0.146372662 -0.09037343 0 0 0
C@CP 3240 -0.278035853 -0.105263119 -0.365685245 0 0 0
C@CP 3241 -0.127721232 0.0278218671 0.195001472 0 0 0
C@CP 3242 0.164700263 -0.206471658 -0.273933956 0 0 0
C@CP 3243 -0.366451374 -0.26236216 -0.129943611 0 0 0
C@CP 3244 0.0289096118 -0.366397063 0.100310975 0 0 0
C@CP 3245 -0.301700719 -0.0952078172 0.013935177 0 0 0
C@CP 3246 -0.108514475 -0.291655354 0.34876715 0 0 0
C@CP 3247 0.0426460982 0.291948866 -0.154280164 0 0 0
C@CP 3248 0.127875228 0.455201343 0.00688454227 0 0 0
C@CP 3249 0.0663559839 -0.055525286 -0.0516778056 0 0 0
C@CP 3250 0.26346795 -0.151959313 -0.128260932 0 0 0
C@CP 3251 -0.129887985 0.187930595 0.0723512484 0 0 0
C@CP 3252 0.195856833 0.0123936183 -0.0683497496 0 0 0
C@CP 3253 -0.369979318 -0.0839285351 -0.0776826684 0 0 0
C@CP 3254 -0.00079373916 0.269752239 0.283265012 0 0 0
C@CP 3255 -0.0251135642 -0.157423525 0.413199939 0 0 0
C@CP 3256 0.15805248 0.209974641 -0.323874598 0 0 0
C@CP 3257 -0.404356229 -0.0172793676 0.255052067 0 0 0
C@CP 3258 -0.294400448 -0.0365447007 -0.154170984 0 0 0
C@CP 3259 0.117200506 0.38228306 0.0243933678 0 0 0
C@CP 3260 -0.228159029 -0.12321546 0.1984866 0 0 0
C@CP 3261 0.325340748 -0.136244394 0.256729372 0 0 0
C@CP 3262 -0.052952553 0.00261284061 -0.397588396 0 0 0
C@CP 3263 -0.086900204 -0.00907451117 -0.114366499 0 0 0
C@CP 3264 0.120089511 0.0491263812 0.143214513 0 0 0
C@CP 3265 -0.0883131302 0.167696515 -0.286584734 0 0 0
C@CP 3266 0.0605306926 -0.0409529402 0.365356325 0 0 0
C@CP 3267 0.030556311 0.0452820345 0.174184135 0 0 0
C@CP 3268 0.0280923865 -0.265051393 0.34814973 0 0 0
C@CP 3269 0.0617198088 -0.0555496845 -0.137456413 0 0 0
C@CP 3270 -0.28353595 0.187385566 -0.0822073854 0 0 0
C@CP 3271 0.324826965 -0.136411094 0.198395454 0 0 0
C@CP 3272 0.00528031579 0.281359104 -0.3882563 0 0 0
C@CP 3273 -0.171572336 0.24653723 -0.191011872 0 0 0
C@CP 3274 0.319321241 -0.113899708 0.157822801 0 0 0
C@CP 3275 0.203655935 -0.221874163 0.26600724 0 0 0
C@CP 3276 -0.342459919 -0.193019581 0.176391528 0 0 0
C@CP 3277 -0.293568673 0.00516180596 0.139658741 0 0 0
C@CP 3278 -0.0815078872 0.0753612659 -0.0501367639 0 0 0
C@CP 3279 0.0136175941 0.0205504476 -0.218888508 0 0 0
C@CP 3280 -0.036387426 -0.187208043 -0.131478438 0 0 0
C@CP 3281 0.0745475245 -0.0936818043 0.404763592 0 0 0
C@CP 3282 -0.264226503 0.134122617 0.307339531 0 0 0
C@CP 3283 -0.0236992493 0.117542956 0.391971496 0 0 0
C@CP 3284 -0.218765703 -0.342822644 -0.129281533 0 0 0
C@CP 3285 0.191744297 0.382728163 -0.13061778 0 0 0
C@CP 3286 -0.21109968 0.114011384 -0.148013605 0 0 0
C@CP 3287 0.320236738 -0.107637275 -0.0693055303 0 0 0
C@CP 3288 -0.10183675 -0.0462609845 0.146140035 0 0 0
C@CP 3289 0.0404430583 -0.039785459 -0.211473172 0 0 0
C@CP 3290 0.34254159 0.0997783822 0.292765833 0 0 0
C@CP 3291 -0.190134615 -0.325893363 -0.0982974567 0 0 0
C@CP 3292 0.107060779 -0.35672147 0.118499385 0 0 0
C@CP 3293 -0.168448369 0.251366582 0.131065318 0 0 0
C@CP 3294 -0.383356104 -0.0267216841 0.222113002 0 0 0
C@CP 3295 -0.427902613 0.037740568 0.0601537594 0 0 0
C@CP 3296 0.191560178 0.0296682558 0.333839198 0 0 0
C@CP 3297 0.224490409 0.268685023 0.29309201 0 0 0
C@CP 3298 0.0399594063 0.077869474 0.01793083 0 0 0
C@CP 3299 -0.0579426735 0.152029129 0.414891543 0 0 0
C@CP 3300 -0.282084464 0.0831002288 0.0270170379 0 0 0
C@CP 3301 0.117797313 -0.408054254 -0.146923761 0 0 0
C@CP 3302 0.132221032 0.120989661 -0.135233202 0 0 0
C@CP 3303 -0.143625181 0.390993491 -0.0376864946 0 0 0
C@CP 3304 -0.000652486747 -0.149208039 -0.0219221017 0 0 0
C@CP 3305 0.0696147422 -0.301096037 0.148397817 0 0 0
C@CP 3306 0.198168277 0.132961798 0.113236501 0 0 0
C@CP 3307 -0.122675512 0.0233205184 0.231261903 0 0 0
C@CP 3308 -0.0972661371 0.16512127 0.0829870378 0 0 0
C@CP 3309 0.411899122 -0.19699925 -0.137923497 0 0 0
C@CP 3310 0.0240317482 -0.315023645 0.223573574 0 0 0
C@CP 3311 0.230759863 0.0358262957 0.048515912 0 0 0
C@CP 3312 -0.388550741 -0.105617781 -0.15327069 0 0 0
C@CP 3313 -0.278911743 -0.247608355 0.171577732 0 0 0
C@CP 3314 0.321784576 -0.182899209 -0.160244453 0 0 0
C@CP 3315 -0.050794045 0.234824287 -0.291873028 0 0 0
C@CP 3316 -0.288011345 -0.0466393846 -0.290787597 0 0 0
C@CP 3317 -0.112098378 -0.161903783 -0.111862984 0 0 0
C@CP 3318 -0.115842572 0.392313417 -0.0290187086 0 0 0
C@CP 3319 -0.236844373 0.063705578 -0.0750017632 0 0 0
C@CP 3320 0.0563490951 -0.0814953079 0.208981688 0 0 0
C@CP 3321 0.338169998 -0.313281633 -0.10312411 0 0 0
C@CP 3322 -0.31106331 0.0866173982 0.105322147 0 0 0
C@CP 3323 0.0827323511 -0.236516977 0.140920854 0 0 0
C@CP 3324 -0.0726016465 -0.196823013 0.245165146 0 0 0
C@CP 3325 0.355696686 0.134186571 0.0164876113 0 0 0
C@CP 3326 0.0456258523 -0.0206275027 -0.223279227 0 0 0
C@CP 3327 0.0796988541 0.255250086 -0.0799151208 0 0 0
C@CP 3328 0.301394975 0.0179299014 -0.278751835 0 0 0
C@CP 3329 0.276580316 -0.337655092 0.132272295 0 0 0
C@CP 3330 0.168877043 0.403702305 -0.17596092 0 0 0
C@CP 3331 -0.0195945126 0.0977896102 -0.0712079607 0 0 0
C@CP 3332 -0.121050731 -0.317513704 0.269480621 0 0 0
C@CP 3333 -0.281021697 0.294674681 0.0443401678 0 0 0
C@CP 3334 -0.124047588 0.318786915 0.0432419289 0 0 0
C@CP 3335 0.158597782 -0.233590093 -0.0238479611 0 0 0
C@CP 3336 -0.0437891076 0.0636191467 0.174444757 0 0 0
C@CP 3337 -0.157219769 -0.213114334 -0.233580253 0 0 0
C@CP 3338 0.045290016 0.25190186 -0.40642477 0 0 0
C@CP 3339 0.207250732 -0.150616699 0.2437734 0 0 0
C@CP 3340 -0.189335124 -0.408143301 -0.077589183 0 0 0
C@CP 3341 0.400951076 0.0305379884 -0.0313650442 0 0 0
C@CP 3342 0.0169397103 0.141458396 0.0291947836 0 0 0
C@CP 3343 -0.000718000439 0.143585761 -0.161567046 0 0 0
C@CP 3344 -0.0777100092 0.110298191 0.246261589 0 0 0
C@CP 3345 -0.125576935 -0.193009222 0.246097441 0 0 0
C@CP 3346 0.24860791 -0.04422102 -0.112870267 0 0 0
C@CP 3347 0.404299057 -0.0339889223 -0.0659143106 0 0 0
C@CP 3348 0.240095681 -0.0177046148 0.122853569 0 0 0
C@CP 3349 -0.388566098 0.114948465 -0.0155305345 0 0 0
C@CP 3350 -0.209491245 0.107125616 0.00443078334 0 0 0
C@CP 3351 -0.0501377941 -0.338124628 -0.0496285173 0 0 0
C@CP 3352 0.0702417067 -0.112981818 0.0543467172 0 0 0
C@CP 3353 -0.335143137 -0.156698739 0.124396672 0 0 0
C@CP 3354 0.162553558 -0.153289069 -0.041427584 0 0 0
C@CP 3355 -0.115644305 -0.15884673 0.235444449 0 0 0
C@CP 3356 0.209826233 -0.27361946 0.0560243728 0 0 0
C@CP 3357 0.070774946 0.312450248 -0.226781959 0 0 0
C@CP 3358 -0.262018298 -0.245483463 -0.119305766 0 0 0
C@CP 3359 -0.169543846 0.0598391274 -0.295309876 0 0 0
C@CP 3360 0.192747581 0.342682922 0.177833349 0 0 0
C@CP 3361 0.231967468 -0.292350901 0.174858014 0 0 0
C@CP 3362 -0.26596861 -0.157588661 -0.0702056247 0 0 0
C@CP 3363 0.236891788 0.303186823 -0.0013060764 0 0 0
C@CP 3364 0.226047573 -0.221518877 0.134942267 0 0 0
C@CP 3365 -0.193806973 0.192530594 0.284000533 0 0 0
C@CP 3366 -0.0340533761 0.246180314 0.102257659 0 0 0
C@CP 3367 -0.0231985729 0.0329729204 -0.278813041 0 0 0
C@CP 3368 0.0454067729 0.378357922 0.13133023 0 0 0
C@CP 3369 -0.185681161 0.00713365223 0.410292626 0 0 0
C@CP 3370 0.14566751 0.162752281 0.391714631 0 0 0
C@CP 3371 -0.313418673 -0.166624648 0.0210501943 0 0 0
C@CP 3372 -0.213881422 0.278816492 0.173151329 0 0 0
C@CP 3373 -0.29286808 0.0242830889 0.0728815006 0 0 0
C@CP 3374 -0.296691305 0.0743893626 -0.0720424563 0 0 0
C@CP 3375 0.0111997627 -0.0310387354 0.319847299 0 0 0
C@CP 3376 -0.445085909 0.106916057 0.041748047 0 0 0
C@CP 3377 0.111860179 -0.0573789119 -0.141361709 0 0 0
C@CP 3378 -0.370591069 -0.0534136457 -0.191867402 0 0 0
C@CP 3379 0.232242066 0.340789086 -0.00204561485 0 0 0
C@CP 3380 0.0517985988 0.0578330279 0.256268979 0 0 0
C@CP 3381 0.237424553 0.294806574 0.0125637962 0 0 0
C@CP 3382 0.0104755245 0.393606874 0.0991799299 0 0 0
C@CP 3383 -0.227309421 -0.287914701 0.282849128 0 0 0
C@CP 3384 -0.162392577 0.388553148 -0.0741205656 0 0 0
C@CP 3385 -0.0790874637 -0.319436436 0.220809252 0 0 0
C@CP 3386 -0.150427417 -0.350258101 0.182509939 0 0 0
C@CP 3387 0.093192771 0.0544968604 -0.0325090178 0 0 0
C@CP 3388 0.0168550193 -0.133175881 -0.0644127041 0 0 0
C@CP 3389 -0.3337026 0.175736017 -0.247151003 0 0 0
C@CP 3390 0.140129465 0.140739999 -0.167024474 0 0 0
C@CP 3391 0.219720971 0.055883199 -0.0831372076 0 0 0
C@CP 3392 0.105581382 0.225885871 0.26852681 0 0 0
C@CP 3393 0.170451603 0.316619571 0.298060432 0 0 0
C@CP 3394 0.113450307 -0.318058673 -0.193770202 0 0 0
C@CP 3395 0.0336862924 -0.0552771827 0.271869903 0 0 0
C@CP 3396 -0.220412194 0.145472855 -0.214280309 0 0 0
C@CP 3397 0.00539346163 0.293981532 -0.302851751 0 0 0
C@CP 3398 0.188254228 -0.16769047 -0.206306581 0 0 0
C@CP 3399 0.376286981 0.0256504092 -0.120949403 0 0 0
C@CP 3400 0.0899757685 -0.0711154039 0.13214842 0 0 0
C@CP 3401 0.147426845 0.367037995 -0.211455029 0 0 0
C@CP 3402 -0.360335485 -0.286380947 -0.0530934084 0 0 0
C@CP 3403 0.124763328 0.186398119 -0.273652712 0 0 0
C@CP 3404 -0.272338364 0.150210499 -0.283216752 0 0 0
C@CP 3405 0.065360872 -0.420469364 -0.14361189 0 0 0
C@CP 3406 -0.236535667 -0.174058835 0.286374889 0 0 0
C@CP 3407 0.238597996 0.288032103 0.271888998 0 0 0
C@CP 3408 -0.010820662 -0.14892395 0.276750589 0 0 0
C@CP 3409 0.133294733 -0.26731403 -0.31401239 0 0 0
C@CP 3410 0.0928764345 0.336263452 0.211755137 0 0 0
C@CP 3411 0.280332024 -0.0890330275 -0.241970008 0 0 0
C@CP 3412 0.197569438 -0.155668313 -0.224428438 0 0 0
C@CP 3413 0.124077558 0.175498902 -0.247190472 0 0 0
C@CP 3414 0.0462880913 -0.0904785059 0.0755705496 0 0 0
C@CP 3415 0.188362161 -0.2720351 -0.165437165 0 0 0
C@CP 3416 0.193641198 0.347671588 0.0927164228 0 0 0
C@CP 3417 0.0928492747 0.153527989 -0.275314948 0 0 0
C@CP 3418 -0.322596793 0.205953204 0.242243368 0 0 0
C@CP 3419 0.400068763 0.163533555 0.0277233071 0 0 0
C@CP 3420 -0.323897433 -0.282282449 0.138281346 0 0 0
C@CP 3421 -0.190327794 -0.382181657 -0.199181014 0 0 0
C@CP 3422 -0.329176573 0.0947897388 -0.239514476 0 0 0
C@CP 3423 0.20563183 0.203949705 -0.173720318 0 0 0
C@CP 3424 0.0405417212 -0.401389018 -0.00434250353 0 0 0
C@CP 3425 -0.126071658 -0.333581741 0.0998908986 0 0 0
C@CP 3426 0.0903575547 -0.0101432671 0.154465162 0 0 0
C@CP 3427 0.0936853406 -0.3469933 -0.0648280408 0 0 0
C@CP 3428 -0.222455538 -0.388547556 -0.062047884 0 0 0
C@CP 3429 -0.409927441 0.14819848 -0.107710857 0 0 0
C@CP 3430 0.259278178 0.133973454 -0.375495211 0 0 0
C@CP 3431 -0.0888893424 -0.230090793 -0.369166158 0 0 0
C@CP 3432 0.139367975 -0.213421092 0.25287555 0 0 0
C@CP 3433 -0.113657751 0.0832833778 0.0503631088 0 0 0
C@CP 3434 -0.165470601 -0.0203019939 0.107581143 0 0 0
C@CP 3435 -0.328207677 0.231500576 -0.174831023 0 0 0
C@CP 3436 -0.232872624 0.174749878 -0.310082534 0 0 0
C@CP 3437 0.0340075016 0.153811442 -0.117117194 0 0 0
C@CP 3438 0.0917259838 -0.183797073 0.351074827 0 0 0
C@CP 3439 -0.212887709 -0.133094436 -0.145560576 0 0 0
C@CP 3440 -0.203633328 -0.122047718 -0.130135637 0 0 0
C@CP 3441 -0.422625968 -0.0740863412 -0.115170293 0 0 0
C@CP 3442 0.177323082 -0.186986888 0.0693297755 0 0 0
C@CP 3443 0.155711213 -0.193669934 -0.0306068633 0 0 0
C@CP 3444 0.100087769 -0.17357924 -0.178696951 0 0 0
C@CP 3445 0.204303176 0.277305819 -0.0681767342 0 0 0
C@CP 3446 0.228342577 -0.220081319 0.134520295 0 0 0
C@CP 3447 0.2585429 -0.0796711227 -0.268785357 0 0 0
C@CP 3448 0.125548029 0.147933971 0.0827381119 0 0 0
C@CP 3449 0.141858487 0.403365195 0.157601731 0 0 0
C@CP 3450 0.121315285 -0.207403262 -0.387578312 0 0 0
C@CP 3451 0.242782957 0.198618335 0.275240313 0 0 0
C@CP 3452 0.260508775 -0.112785775 0.35812333 0 0 0
C@CP 3453 -0.0391755635 -0.377021279 -0.0581480179 0 0 0
C@CP 3454 0.328985024 0.24095366 -0.165293868 0 0 0
C@CP 3455 0.0460697775 -0.35214871 0.196934104 0 0 0
C@CP 3456 -0.167274655 -0.317261745 -0.118425356 0 0 0
C@CP 3457 -0.280711174 -0.0554059546 -0.301424412 0 0 0
C@CP 3458 0.000927114572 -0.162193267 -0.276250713 0 0 0
C@CP 3459 0.0564816978 -0.268198712 -0.172211635 0 0 0
C@CP 3460 -0.280925363 -0.0678259697 -0.0024312282 0 0 0
C@CP 3461 -0.071838108 0.382000362 0.263801393 0 0 0
C@CP 3462 0.114081115 0.302799932 -0.240579495 0 0 0
C@CP 3463 -0.224343692 0.0898324467 0.0361403842 0 0 0
C@CP 3464 -0.34422093 -0.246611399 0.109382537 0 0 0
C@CP 3465 -0.283136164 0.127273041 -0.272718746 0 0 0
C@CP 3466 0.203122274 0.110209356 -0.12164606 0 0 0
C@CP 3467 0.357282171 0.0275516029 0.237345698 0 0 0
C@CP 3468 0.306480939 -0.138375489 0.143000945 0 0 0
C@CP 3469 -0.162457491 -0.415198055 -0.0640828217 0 0 0
C@CP 3470 -0.198076316 -0.021380627 0.182759212 0 0 0
C@CP 3471 0.0412616047 -0.252405635 0.000977436274 0 0 0
C@CP 3472 0.012747842 0.039324712 0.107202531 0 0 0
C@CP 3473 -0.0681822231 -0.21628619 -0.0251409409 0 0 0
C@CP 3474 0.195367347 0.039031974 0.171380356 0 0 0
C@CP 3475 0.115054617 0.399856577 0.000310715174 0 0 0
C@CP 3476 -0.0623751192 0.250856261 -0.28380002 0 0 0
C@CP 3477 0.264828537 -0.171275469 0.294179018 0 0 0
C@CP 3478 0.193925693 -0.000420458336 -0.35100501 0 0 0
C@CP 3479 -0.219652919 0.166427194 0.137020394 0 0 0
C@CP 3480 -0.0675010393 0.372047617 -0.0849769784 0 0 0
C@CP 3481 0.0328160894 0.143765317 0.010368497 0 0 0
C@CP 3482 -0.01898655 -0.109527014 -0.301527777 0 0 0
C@CP 3483 0.280708781 0.116137262 -0.0629368442 0 0 0
C@CP 3484 0.186338471 0.138242465 -0.107268587 0 0 0
C@CP 3485 0.0576244744 -0.266871034 -0.133706319 0 0 0
C@CP 3486 -0.0222508535 0.0990805608 -0.263092636 0 0 0
C@CP 3487 0.263999567 -0.127385994 -0.17528709 0 0 0
C@CP 3488 0.389557366 -0.247968765 0.00864888553 0 0 0
C@CP 3489 0.297652821 0.110524804 0.257994842 0 0 0
C@CP 3490 0.348322812 -0.119255343 -0.0557832768 0 0 0
C@CP 3491 0.277603677 -0.0908810118 0.344627761 0 0 0
C@CP 3492 -0.20831634 -0.0865209935 0.0907219943 0 0 0
C@CP 3493 0.161145569 -0.206176674 -0.250006421 0 0 0
C@CP 3494 -0.300186071 -0.0196189095 -0.281380951 0 0 0
C@CP 3495 0.0736896912 -0.0350871664 0.10844102 0 0 0
C@CP 3496 -0.389871029 -0.0514726627 0.060777028 0 0 0
C@CP 3497 -0.149248252 0.00859896248 -0.168592106 0 0 0
C@CP 3498 0.111148267 0.0507419679 0.161454809 0 0 0
C@CP 3499 0.16820543 0.180680852 0.00848117254 0 0 0
