B@CP 1002 -0.310244194 0.111408007 0.16258305 0 0 0
B@CP 1004 -0.114486379 -0.140098636 0.131459871 0 0 0
B@CP 1007 -0.347188159 0.0441086453 -0.195155796 0 0 0
B@CP 1013 -0.205507902 0.204523545 0.351445554 0 0 0
B@CP 1014 -0.205153096 -0.0418190639 0.241682228 0 0 0
B@CP 1018 -0.0344033872 0.187764182 -0.394910883 0 0 0
B@CP 1019 -0.175633692 0.345700616 0.00915203222 0 0 0
B@CP 1021 -0.00792922651 0.387907422 0.0512685161 0 0 0
B@CP 1022 0.0843984114 0.0444419621 -0.113718644 0 0 0
B@CP 1025 0.145544146 0.122338848 0.404583604 0 0 0
B@CP 1033 -0.203011339 0.0753691736 -0.112044147 0 0 0
B@CP 1034 0.207694799 -0.0383072465 -0.267294535 0 0 0
B@CP 1039 -0.099309785 -0.152407467 -0.145480873 0 0 0
B@CP 1052 -0.168832925 -0.0738760642 0.409539136 0 0 0
B@CP 1053 0.188000768 -0.31641038 0.0169175988 0 0 0
B@CP 1055 0.136877767 -0.100547512 0.288910902 0 0 0
B@CP 1060 0.191981709 -0.0168975633 -0.0803492267 0 0 0
B@CP 1065 0.159951304 -0.329302625 -0.1868161 0 0 0
B@CP 1066 -0.214777372 -0.0925806458 0.306594821 0 0 0
B@CP 1067 -0.0164375065 -0.0324364702 0.357164758 0 0 0
B@CP 1068 0.273590663 0.106163645 -0.241285329 0 0 0
B@CP 1076 0.0797383044 -0.409754234 0.0173541502 0 0 0
B@CP 1079 0.158128827 0.0160653282 -0.234402137 0 0 0
B@CP 1087 -0.0868968983 -0.259914905 0.0515449104 0 0 0
B@CP 1089 -0.204586978 0.0696998046 -0.37516455 0 0 0
B@CP 1093 0.06505832 -0.228453377 0.151029196 0 0 0
B@CP 1106 -0.18785831 0.178796054 -0.0687549604 0 0 0
B@CP 1110 0.118941847 -0.371250648 -0.0329363658 0 0 0
B@CP 1113 0.105323917 -0.380994411 0.0568403408 0 0 0
B@CP 1119 -0.0543366736 0.0320609265 -0.245625583 0 0 0
B@CP 1124 0.0604301147 -0.394131758 -0.239592518 0 0 0
B@CP 1127 0.295852268 0.0926350322 -0.146206855 0 0 0
B@CP 1129 -0.316725903 -0.24208862 0.0318378372 0 0 0
B@CP 1133 0.175022018 0.352756184 -0.0145006456 0 0 0
B@CP 1134 0.159399002 -0.0285204827 0.0105983534 0 0 0
B@CP 1135 -0.109880927 0.182135161 0.0280810684 0 0 0
B@CP 1137 0.363878904 -0.0267127646 0.0518007878 0 0 0
B@CP 1138 -0.255367056 0.0898656412 -0.276917309 0 0 0
B@CP 1142 0.198999183 0.208865524 -0.165375295 0 0 0
B@CP 1144 0.330693072 -0.255482297 -0.174589081 0 0 0
B@CP 1146 -0.253065972 -0.203962524 0.0788497949 0 0 0
B@CP 1149 -0.349091825 0.131084197 0.242427481 0 0 0
B@CP 1150 0.256923144 0.235330656 0.0528961272 0 0 0
B@CP 1151 -0.260194297 -0.0878050503 -0.107352676 0 0 0
B@CP 1153 0.176408952 -0.351652768 0.0851239162 0 0 0
B@CP 1155 -0.123488758 -0.150464261 -0.395305886 0 0 0
B@CP 1157 0.0645325971 -0.151995254 -0.218002954 0 0 0
B@CP 1161 -0.374882107 -0.0716529342 0.19677597 0 0 0
B@CP 1165 0.0202703553 -0.294107132 -0.28501899 0 0 0
B@CP 1171 -0.164044806 0.141086119 -0.084764621 0 0 0
B@CP 1175 0.458260394 0.0130930058 -0.0325920227 0 0 0
B@CP 1178 -0.0542778068 0.352790742 -0.04599066 0 0 0
B@CP 1187 0.114448361 0.199045688 -0.0100415899 0 0 0
B@CP 1189 -0.0262078604 0.277929397 -0.0364030025 0 0 0
B@CP 1195 -0.18000744 -0.335353056 0.0457325221 0 0 0
B@CP 1200 -0.151577806 0.165256767 -0.282716516 0 0 0
B@CP 1202 -0.165891561 0.281343299 -0.00646763778 0 0 0
B@CP 1203 0.294747901 0.119421517 -0.2242789 0 0 0
B@CP 1205 0.0445648783 0.295625084 -0.0414010028 0 0 0
B@CP 1206 -0.15291566 -0.346264797 0.273588728 0 0 0
B@CP 1212 -0.00885337182 0.0527495355 0.12568887 0 0 0
B@CP 1213 -0.263136503 -0.215789379 -0.101890738 0 0 0
B@CP 1214 -0.117932454 -0.380490801 -0.197872045 0 0 0
B@CP 1217 0.0342047313 0.0304714967 0.230605738 0 0 0
B@CP 1219 0.225252505 -0.206920299 -0.104671502 0 0 0
B@CP 1224 0.309289449 0.226296575 -0.0514712552 0 0 0
B@CP 1225 0.0629649266 0.217072144 0.282955468 0 0 0
B@CP 1233 -0.220696456 0.281097084 -0.0185059359 0 0 0
B@CP 1235 -0.223174627 0.241860032 -0.0467703926 0 0 0
B@CP 1241 -0.254932606 0.16142739 0.160038513 0 0 0
B@CP 1245 0.0423787833 -0.051346968 -0.442495965 0 0 0
B@CP 1254 -0.0774069172 -0.253104851 0.211890955 0 0 0
B@CP 1263 -0.165936505 0.326052614 -0.0890795028 0 0 0
B@CP 1273 -0.340117524 -0.164515048 0.137143299 0 0 0
B@CP 1276 0.371272869 -0.169219104 -0.220615391 0 0 0
B@CP 1278 0.164455646 -0.358039729 0.00375797836 0 0 0
B@CP 1283 0.150857381 -0.0804372255 -0.268287132 0 0 0
B@CP 1288 -0.282187107 0.3880382 0.0108190467 0 0 0
B@CP 1300 -0.276484044 -0.161086098 0.328747345 0 0 0
B@CP 1302 0.187011827 0.261405003 0.268259013 0 0 0
B@CP 1308 0.337058812 -0.0868058016 -0.284763869 0 0 0
B@CP 1316 0.109597398 0.288825305 -0.157372207 0 0 0
B@CP 1321 -0.0661459631 0.326759903 -0.183810434 0 0 0
B@CP 1323 0.337792126 0.291969716 0.00766816172 0 0 0
B@CP 1327 0.249730575 0.139474109 -0.0525743839 0 0 0
B@CP 1329 -0.0577192771 -0.0553283384 0.444778973 0 0 0
B@CP 1330 -0.143344265 0.127276677 -0.237775165 0 0 0
B@CP 1334 -0.0173313582 -0.269452017 -0.154239785 0 0 0
B@CP 1340 0.43373746 0.00846912021 -0.119450066 0 0 0
B@CP 1342 0.301450223 0.0551942409 -0.323142369 0 0 0
B@CP 1343 0.156289985 0.0874079768 -0.403392786 0 0 0
B@CP 1344 0.309053209 -0.33293219 -0.0543890841 0 0 0
B@CP 1345 -0.296304508 0.0679740356 0.193259232 0 0 0
B@CP 1349 0.206032539 0.122966458 -0.208544186 0 0 0
B@CP 1350 -0.135244036 0.253167293 0.0708326754 0 0 0
B@CP 1351 -0.338846298 -0.111190381 -0.0740223429 0 0 0
B@CP 1356 -0.235415507 0.0519629627 -0.283568936 0 0 0
B@CP 1361 0.235640512 0.0584017871 -0.334333672 0 0 0
B@CP 1366 -0.108140245 0.302116641 -0.190257079 0 0 0
B@CP 1367 0.17302724 0.193165489 -0.0569380941 0 0 0
B@CP 1371 -0.212805489 0.0251240183 -0.0954954602 0 0 0
B@CP 1374 0.402539269 0.189650805 -0.112868739 0 0 0
B@CP 1376 -0.255152569 0.0466276659 -0.134389219 0 0 0
B@CP 1377 0.0886385448 0.122957042 -0.237102843 0 0 0
B@CP 1382 0.0314760277 0.236568194 -0.336903669 0 0 0
B@CP 1384 0.330190832 0.160886609 0.00696570012 0 0 0
B@CP 1387 0.132241272 -0.125132428 0.330404843 0 0 0
B@CP 1388 0.0872404978 0.0706616821 -0.417086999 0 0 0
B@CP 1389 0.172263553 -0.249535517 0.0556645785 0 0 0
B@CP 1396 0.0978367709 0.308011528 0.154096705 0 0 0
B@CP 1400 -0.261758257 -0.278761924 0.000351225685 0 0 0
B@CP 1402 0.0598372128 0.0793434248 0.324531621 0 0 0
B@CP 1408 -0.0481205237 0.339795471 0.218225889 0 0 0
B@CP 1417 -0.0837540445 0.297433381 0.0967428158 0 0 0
B@CP 1419 -0.0047888614 -0.0434039754 -0.33874328 0 0 0
B@CP 1421 -0.301160007 0.184224847 -0.298649244 0 0 0
B@CP 1428 -0.188323498 -0.282215847 -0.189148518 0 0 0
B@CP 1429 -0.0927941549 -0.268439415 -0.106190907 0 0 0
B@CP 1432 -0.192252865 -0.0418732209 -0.382750379 0 0 0
B@CP 1433 -0.0893670241 0.313450597 -0.12860694 0 0 0
B@CP 1436 0.167651426 -0.255604798 -0.306094592 0 0 0
B@CP 1437 0.281498206 -0.327372255 0.152382468 0 0 0
B@CP 1440 0.252798897 -0.0857556574 0.297155871 0 0 0
B@CP 1458 0.0187920898 -0.278128641 -0.147963617 0 0 0
B@CP 1460 0.1082296 -0.0915278673 0.209147997 0 0 0
B@CP 1464 -0.0885541489 -0.224329034 -0.265550173 0 0 0
B@CP 1465 -0.32613705 -0.00791072125 -0.00331121309 0 0 0
B@CP 1467 0.126455821 0.19891293 0.387808449 0 0 0
B@CP 1468 0.355193282 0.0263551952 -0.0756582404 0 0 0
B@CP 1472 -0.312275898 0.00778959103 0.201398346 0 0 0
B@CP 1473 -0.110617028 -0.0963269415 0.423691554 0 0 0
B@CP 1474 -0.294192992 -0.139964743 0.152911499 0 0 0
B@CP 1476 0.0087518583 0.446076423 -0.0341214896 0 0 0
B@CP 1481 0.217313422 -0.127871623 0.183229169 0 0 0
B@CP 1487 -0.150067925 0.255893457 -0.189517423 0 0 0
B@CP 1490 0.206117602 -0.0213423314 0.355150943 0 0 0
B@CP 1492 -0.400257432 0.154027243 0.161948883 0 0 0
B@CP 1497 0.0787098303 -0.439489623 -0.0375917559 0 0 0
B@CP 1501 -0.259461728 -0.137375944 -0.216077597 0 0 0
B@CP 1515 0.199472063 -0.187269057 0.113577063 0 0 0
B@CP 1518 0.175589553 0.39486223 -0.0228734147 0 0 0
B@CP 1526 -0.0168693389 -0.407792204 -0.209038891 0 0 0
B@CP 1531 -0.30092346 -0.207331395 -0.0838141141 0 0 0
B@CP 1532 0.116116373 0.0562296172 0.117070471 0 0 0
B@CP 1535 0.45568417 0.00951068715 0.102725027 0 0 0
B@CP 1538 0.0509397578 0.208415651 -0.123874512 0 0 0
B@CP 1539 -0.156941216 0.142326669 0.118251839 0 0 0
B@CP 1542 -0.177295331 0.320861907 0.246484836 0 0 0
B@CP 1544 -0.0914949821 0.128811396 0.396990663 0 0 0
B@CP 1546 -0.276962341 -0.0505810232 0.374211354 0 0 0
B@CP 1550 0.137178729 -0.10574981 -0.324334013 0 0 0
B@CP 1552 0.104120292 -0.34172361 -0.181632222 0 0 0
B@CP 1555 0.44841048 -0.103366695 -0.0823866102 0 0 0
B@CP 1560 -0.0824870636 -0.272174012 0.0908110451 0 0 0
B@CP 1568 -0.069546828 -0.0436581831 -0.239367294 0 0 0
B@CP 1571 0.220594798 0.0317794377 0.335495696 0 0 0
B@CP 1575 0.0861686802 0.0931511578 -0.0931850562 0 0 0
B@CP 1576 0.195663631 0.129711017 0.289122753 0 0 0
B@CP 1580 0.000535587998 -0.285564741 -0.0800415649 0 0 0
B@CP 1585 -0.303917473 -0.0601919776 0.26143085 0 0 0
B@CP 1587 -0.0763444306 0.417251547 0.0706843571 0 0 0
B@CP 1588 0.185730012 0.404863437 0.122825246 0 0 0
B@CP 1592 -0.252716104 -0.135612353 -0.00146850921 0 0 0
B@CP 1598 0.0641343409 0.310067957 -0.261504601 0 0 0
B@CP 1599 0.267338506 -0.13413933 0.319469067 0 0 0
B@CP 1601 0.0490425855 -0.139111148 0.0798580562 0 0 0
B@CP 1603 0.111188 0.327041385 -0.134646212 0 0 0
B@CP 1607 -0.117957584 -0.0996887999 -0.408257564 0 0 0
B@CP 1609 0.0919896326 0.0718421762 -0.267029469 0 0 0
B@CP 1613 -0.137435085 0.0649564988 0.264907733 0 0 0
B@CP 1615 0.264682456 -0.159017496 0.248568608 0 0 0
B@CP 1616 0.292214742 -0.246631801 0.249874231 0 0 0
B@CP 1617 0.144992293 -0.00380662557 0.147190898 0 0 0
B@CP 1620 -0.289572825 0.172245012 0.0935653761 0 0 0
B@CP 1621 0.327443103 -0.191606225 0.0394869688 0 0 0
B@CP 1623 0.356084751 -0.237449897 0.197614596 0 0 0
B@CP 1626 -0.0238885935 -0.0493402049 -0.462872712 0 0 0
B@CP 1632 0.276009668 -0.0673920901 0.373086001 0 0 0
B@CP 1634 0.212047394 0.258556705 -0.294337223 0 0 0
B@CP 1637 0.00212843681 -0.234027815 0.0881385116 0 0 0
B@CP 1640 -0.10567107 -0.163894357 0.0843350654 0 0 0
B@CP 1641 0.0700906371 -0.320365743 -0.00617584313 0 0 0
B@CP 1644 0.193154537 -0.125229441 -0.361031714 0 0 0
B@CP 1647 0.21047867 -0.297792742 0.0561564756 0 0 0
B@CP 1648 -0.0992114548 -0.0447666599 -0.442503355 0 0 0
B@CP 1649 0.341188597 0.0497976834 -0.194323965 0 0 0
B@CP 1656 -0.0137722328 -0.367356657 -0.247548761 0 0 0
B@CP 1659 -0.0169473052 -0.200126206 -0.0774037589 0 0 0
B@CP 1660 0.0659260626 -0.405549499 0.111027677 0 0 0
B@CP 1664 -0.171337273 -0.375953661 -0.0913661019 0 0 0
B@CP 1666 0.455535277 0.0646673603 0.0178587303 0 0 0
B@CP 1669 -0.00491099917 -0.00531024596 -0.205148805 0 0 0
B@CP 1670 -0.0939537951 -0.285509867 0.289165879 0 0 0
B@CP 1672 -0.150039242 0.331865456 0.267076494 0 0 0
B@CP 1677 -0.0301056706 0.236665771 -0.116676777 0 0 0
B@CP 1681 -0.039465162 -0.421065131 0.189432796 0 0 0
B@CP 1683 -0.0712641443 0.128485157 0.396793253 0 0 0
B@CP 1685 0.368126657 -0.262074195 -0.0711627752 0 0 0
B@CP 1686 0.0206316406 -0.377216314 -0.0430587128 0 0 0
B@CP 1689 0.297482419 -0.1870926 0.0099115933 0 0 0
B@CP 1690 -0.26907965 0.0896582335 -0.367405116 0 0 0
B@CP 1692 0.171976547 0.0379290561 -0.133440214 0 0 0
B@CP 1701 -0.100154387 0.227527221 0.0740290812 0 0 0
B@CP 1702 0.415534649 0.146136436 -0.0114614645 0 0 0
B@CP 1704 0.0829587684 -0.193361207 -0.139947965 0 0 0
B@CP 1709 0.0744119626 -0.14311634 0.346199647 0 0 0
B@CP 1711 -0.350849543 0.147057482 -0.0924576212 0 0 0
B@CP 1715 0.284826285 -0.247704034 -0.100635588 0 0 0
B@CP 1717 -0.135429492 0.0741267173 -0.336320757 0 0 0
B@CP 1719 -0.194250224 0.0976994988 -0.119921984 0 0 0
B@CP 1720 0.329939234 -0.0520061209 0.300406177 0 0 0
B@CP 1721 0.111772514 -0.0277257235 -0.31163021 0 0 0
B@CP 1732 0.00943436109 -0.0380631411 0.473337001 0 0 0
B@CP 1734 0.0561232332 0.125238805 -0.0980916284 0 0 0
B@CP 1735 0.255839753 0.157630533 -0.17376759 0 0 0
B@CP 1736 -0.254077274 0.143147295 -0.0730838607 0 0 0
B@CP 1740 0.091561788 -0.123551754 -0.401581435 0 0 0
B@CP 1742 -0.338030551 -0.217161322 -0.10313358 0 0 0
B@CP 1745 -0.103602842 -0.310783632 -0.248822765 0 0 0
B@CP 1747 0.26355831 0.116848849 -0.0891155246 0 0 0
B@CP 1748 -0.110661931 -0.36828513 -0.24675495 0 0 0
B@CP 1750 0.27459006 -0.0101457316 0.307880959 0 0 0
B@CP 1756 -0.237086073 0.218367539 -0.293136986 0 0 0
B@CP 1758 0.124296281 0.285504129 -0.0887537234 0 0 0
B@CP 1760 0.0399130111 0.0129250137 -0.212660144 0 0 0
B@CP 1762 -0.351794541 -0.00746212075 0.21737936 0 0 0
B@CP 1767 0.171741655 0.146108453 0.154908029 0 0 0
B@CP 1768 0.23049945 0.154175527 0.154696062 0 0 0
B@CP 1771 -0.379349179 -0.065349034 0.229227482 0 0 0
B@CP 1773 0.185005696 -0.416346057 -0.0213460513 0 0 0
B@CP 1774 -0.00761718752 -0.0951800706 0.297873785 0 0 0
B@CP 1775 0.0387598909 0.153106944 -0.158868143 0 0 0
B@CP 1779 0.245024074 -0.0555849618 0.0177976664 0 0 0
B@CP 1781 -0.307639187 -0.308515452 -0.0467700791 0 0 0
B@CP 1783 0.292948209 0.130295495 -0.283411965 0 0 0
B@CP 1786 -0.0649563399 -0.338705248 0.146298526 0 0 0
B@CP 1787 -0.0286822528 -0.346853864 0.242723316 0 0 0
B@CP 1800 -0.0819579108 -0.0931769222 0.386249755 0 0 0
B@CP 1802 0.111054827 -0.213857409 0.017360345 0 0 0
B@CP 1805 0.138252627 -0.323308952 -0.0419267171 0 0 0
B@CP 1808 0.428009338 -0.158430782 0.0963256091 0 0 0
B@CP 1826 -0.38006639 0.000946933072 -0.280282253 0 0 0
B@CP 1827 0.379948095 -0.00647819107 0.155383472 0 0 0
B@CP 1830 -0.189809996 0.130978724 0.27948833 0 0 0
B@CP 1837 -0.0595386079 -0.0441103602 -0.459581242 0 0 0
B@CP 1838 -0.104351676 -0.288891385 -0.0930324178 0 0 0
B@CP 1840 -0.166852703 -0.369980047 0.0402144963 0 0 0
B@CP 1845 0.0979729393 -0.0916191815 0.415951152 0 0 0
B@CP 1847 0.0353744826 -0.0398823628 0.370746724 0 0 0
B@CP 1848 0.307445646 -0.218973654 -0.166824102 0 0 0
B@CP 1851 0.19285439 0.208253155 -0.0472855811 0 0 0
B@CP 1852 -0.0616582842 -0.0751941199 -0.235266506 0 0 0
B@CP 1853 0.00840915097 0.26044377 -0.391508905 0 0 0
B@CP 1858 0.139234786 -0.366224527 0.229291715 0 0 0
B@CP 1859 0.0860571565 -0.331446363 0.11578456 0 0 0
B@CP 1860 -0.214557462 0.0637248477 0.199791972 0 0 0
B@CP 1863 -0.148489827 -0.244844217 -0.233011357 0 0 0
B@CP 1874 0.334257197 0.188527581 -0.220679341 0 0 0
B@CP 1875 -0.337831351 0.150411891 0.264443197 0 0 0
B@CP 1876 -0.186507189 -0.15332229 -0.0251796811 0 0 0
B@CP 1877 0.305559304 -0.183746302 0.209951779 0 0 0
B@CP 1878 -0.0470628647 0.052672673 -0.203842616 0 0 0
B@CP 1879 0.186213044 -0.415894988 0.00649837115 0 0 0
B@CP 1881 -0.225916933 0.323404328 0.0161944644 0 0 0
B@CP 1883 0.325913669 -0.298312887 -0.0639681277 0 0 0
B@CP 1891 -0.145426252 -0.0595954134 -0.0396720393 0 0 0
B@CP 1893 0.253824795 0.129034212 -0.0258333045 0 0 0
B@CP 1894 -0.0171060269 -0.285111266 0.358173756 0 0 0
B@CP 1898 -0.0883917445 -0.229448077 0.135266163 0 0 0
B@CP 1900 -0.262876373 0.187124322 0.209691127 0 0 0
B@CP 1901 0.0769729061 -0.312441843 0.237820077 0 0 0
B@CP 1902 -0.122710211 0.163221247 0.160542653 0 0 0
B@CP 1904 -0.191467579 -0.205877196 0.134403797 0 0 0
B@CP 1909 0.0571030312 -0.313829698 0.0966612646 0 0 0
B@CP 1910 0.198132799 0.120275383 0.304023815 0 0 0
B@CP 1915 -0.126093092 0.394486829 -0.0997206176 0 0 0
B@CP 1919 -0.0674056427 -0.23131604 -0.119317625 0 0 0
B@CP 1922 -0.291184827 -0.0433281453 -0.0976447064 0 0 0
B@CP 1926 -0.108522797 0.232532469 0.254949661 0 0 0
B@CP 1929 -0.212887737 0.107135906 -0.39587219 0 0 0
B@CP 1931 -0.312932296 0.106834493 0.00744741244 0 0 0
B@CP 1935 0.111839641 0.33696487 0.0163105985 0 0 0
B@CP 1937 -0.251302152 -0.0604192903 -0.367654305 0 0 0
B@CP 1940 0.0253013472 0.0602369404 -0.296294958 0 0 0
B@CP 1941 -0.152031527 0.381233843 -0.0610540738 0 0 0
B@CP 1943 -0.245814014 0.119520418 -0.274124613 0 0 0
B@CP 1944 0.313989092 0.308899184 -0.0725218043 0 0 0
B@CP 1946 -0.14633653 -0.158084363 0.0972364417 0 0 0
B@CP 1948 -0.252705439 -0.129469964 0.161088888 0 0 0
B@CP 1949 0.207156335 0.0392894168 0.078973913 0 0 0
B@CP 1950 0.267192973 -0.328879044 0.0218416438 0 0 0
B@CP 1954 -0.0541550659 0.0725718575 0.109004356 0 0 0
B@CP 1958 -0.288597924 0.213877399 -0.256642817 0 0 0
B@CP 1959 0.245293159 0.0367621886 -0.299310328 0 0 0
B@CP 1960 0.0837394378 0.317220045 -0.217103963 0 0 0
B@CP 1970 0.366038242 -0.0910210914 -0.234479301 0 0 0
B@CP 1977 -0.0141969677 0.0979263436 0.353754926 0 0 0
B@CP 1988 -0.236815157 -0.123429649 0.194208723 0 0 0
B@CP 1989 0.0194765307 0.0084578468 0.0326741514 0 0 0
B@CP 1990 -0.351173926 -0.187045552 0.114289341 0 0 0
B@CP 1995 0.0606838188 -0.180622157 -0.371671305 0 0 0
B@CP 1999 0.0812528585 -0.112970222 -0.320339149 0 0 0
B@CP 2005 0.16299246 -0.0435312639 0.116274878 0 0 0
B@CP 2006 0.0685296344 -0.120770563 0.322922104 0 0 0
B@CP 2007 -0.0142894637 -0.259941646 0.351920569 0 0 0
B@CP 2020 -0.333832767 -0.195469263 -0.210361662 0 0 0
B@CP 2022 -0.180911255 -0.358011228 0.230829151 0 0 0
B@CP 2023 -0.206365547 -0.00192322552 0.254393335 0 0 0
B@CP 2025 -0.146291978 -0.312677917 -0.0591326581 0 0 0
B@CP 2026 0.145884177 -0.339595584 -0.0324497161 0 0 0
B@CP 2037 -0.137219659 -0.0799385213 0.069288586 0 0 0
B@CP 2038 0.190309131 0.222594942 -0.252854053 0 0 0
B@CP 2039 -0.400813315 -0.236957536 -0.113777958 0 0 0
B@CP 2043 0.16647996 0.151195511 -0.226079028 0 0 0
B@CP 2044 -0.234124339 0.0767198999 -0.14213533 0 0 0
B@CP 2048 -0.188673913 0.316977087 -0.274801517 0 0 0
B@CP 2050 -0.2935496 -0.154772291 0.0135731853 0 0 0
B@CP 2051 0.267180281 -0.182220645 -0.144330077 0 0 0
B@CP 2059 -0.24969727 -0.199461252 0.120171008 0 0 0
B@CP 2060 0.0972576432 -0.240253836 -0.200388185 0 0 0
B@CP 2064 0.116198083 -0.419661738 -0.121686735 0 0 0
B@CP 2066 0.0461383969 0.123453656 0.345991796 0 0 0
B@CP 2070 0.0850617553 -0.385551833 0.177178435 0 0 0
B@CP 2071 0.198607857 -0.0518689321 -0.0192023314 0 0 0
B@CP 2072 0.00809465496 -0.233465161 0.252881479 0 0 0
B@CP 2076 -0.117537744 -0.214992859 0.122685958 0 0 0
B@CP 2079 -0.190836688 0.240737619 0.167952053 0 0 0
B@CP 2080 -0.326649395 0.0739583366 0.238469525 0 0 0
B@CP 2081 -0.0560936676 0.0405357493 0.341895455 0 0 0
B@CP 2086 0.23599048 -0.291769088 0.187230313 0 0 0
B@CP 2087 0.0967019341 0.0158080617 -0.239086371 0 0 0
B@CP 2088 -0.0805482025 0.286446315 0.0398701002 0 0 0
B@CP 2091 0.0671944217 0.0765900529 -0.366081679 0 0 0
B@CP 2095 -0.075358463 -0.162419098 0.286771092 0 0 0
B@CP 2101 0.0811305007 -0.0695361032 -0.027922216 0 0 0
B@CP 2102 -0.264593986 -0.137415656 -0.27107442 0 0 0
B@CP 2103 -0.323878657 -0.0745412821 -0.333570104 0 0 0
B@CP 2105 -0.288740457 0.128536963 0.35534696 0 0 0
B@CP 2112 0.27308583 -0.100779248 0.0239969904 0 0 0
B@CP 2113 -0.183396005 0.0763479529 -0.150473481 0 0 0
B@CP 2115 -0.194434183 -0.142490408 -0.399026625 0 0 0
B@CP 2123 0.224392057 -0.0659306464 -0.371460388 0 0 0
B@CP 2124 -0.209973365 0.0567698424 -0.277190865 0 0 0
B@CP 2126 0.131223994 -0.0197403745 0.223489879 0 0 0
B@CP 2130 -0.106831062 -0.0660355304 -0.398116562 0 0 0
B@CP 2138 -0.108175297 -0.224999134 0.20524593 0 0 0
B@CP 2141 0.228048592 0.331006226 -0.0451412278 0 0 0
B@CP 2142 0.303661675 -0.171667441 0.152078999 0 0 0
B@CP 2144 -0.163118082 0.0893303179 -0.130812214 0 0 0
B@CP 2145 0.18880961 -0.163299676 0.270382202 0 0 0
B@CP 2148 0.0306413077 0.351206234 0.157863987 0 0 0
B@CP 2154 0.364264835 -0.0992265432 -0.0392890179 0 0 0
B@CP 2155 0.197218003 -0.308114489 -0.0513632833 0 0 0
B@CP 2156 0.213521208 0.102676274 0.409904768 0 0 0
B@CP 2159 0.324894223 -0.000220033408 0.256066345 0 0 0
B@CP 2165 -0.18118132 -0.149289043 0.29464492 0 0 0
B@CP 2169 0.239371508 0.248463922 -0.234307899 0 0 0
B@CP 2171 0.320132715 -0.0926695816 0.164295825 0 0 0
B@CP 2174 0.25750215 -0.27770185 -0.0728126896 0 0 0
B@CP 2178 -0.200078131 -0.253123911 0.220771513 0 0 0
B@CP 2182 -0.404496065 0.198756488 -0.122813579 0 0 0
B@CP 2183 0.0198638841 0.0322348027 0.415225291 0 0 0
B@CP 2187 0.116027545 -0.313710576 -0.121486747 0 0 0
B@CP 2190 -0.291134249 0.180127133 0.186238365 0 0 0
B@CP 2198 0.18042256 0.134163023 -0.226463716 0 0 0
B@CP 2202 -0.397668611 -0.180227534 -0.0444739333 0 0 0
B@CP 2206 0.157363614 0.199077006 0.0239882568 0 0 0
B@CP 2209 0.311391844 -0.158086879 -0.175647516 0 0 0
B@CP 2212 0.20446216 -0.183623976 -0.0539297161 0 0 0
B@CP 2214 -0.115451879 -0.265793753 -0.339282997 0 0 0
B@CP 2215 0.265511452 0.346722603 0.0751251408 0 0 0
B@CP 2218 -0.255574726 -0.226429542 0.180982855 0 0 0
B@CP 2220 -0.194768293 -0.279483812 -0.105741424 0 0 0
B@CP 2221 -0.382512765 -0.167334824 -0.0598383479 0 0 0
B@CP 2222 -0.360044334 -0.175955579 -0.154754922 0 0 0
B@CP 2223 0.449492744 0.0834699236 0.0805229672 0 0 0
B@CP 2226 -0.363903462 -0.0964277577 -0.0294075231 0 0 0
B@CP 2227 -0.143443924 -0.0351999726 -0.338506551 0 0 0
B@CP 2230 -0.207507231 -0.0270715323 0.410728283 0 0 0
B@CP 2234 0.213543584 0.24534843 0.252467343 0 0 0
B@CP 2235 0.123685236 0.114920354 0.384733603 0 0 0
B@CP 2236 -0.0510457928 -0.361218631 0.0394972464 0 0 0
B@CP 2241 -0.193635177 -0.0707837828 0.107655064 0 0 0
B@CP 2242 -0.0390764524 0.147267776 0.134022167 0 0 0
B@CP 2243 -0.277955032 -0.0658257648 -0.0547721458 0 0 0
B@CP 2246 0.291507513 0.216682807 -0.287446718 0 0 0
B@CP 2250 0.0319971467 -0.11044747 -0.100815691 0 0 0
B@CP 2255 0.153239023 -0.0509676315 -0.000748004795 0 0 0
B@CP 2257 -0.184974906 -0.111673838 0.352049625 0 0 0
B@CP 2261 -0.122988516 0.0535940894 -0.40827166 0 0 0
B@CP 2262 -0.00223370025 -0.19862346 0.0979617024 0 0 0
B@CP 2264 0.204801164 0.148851555 -0.252149132 0 0 0
B@CP 2267 -0.373168354 -0.191689456 -0.0424097256 0 0 0
B@CP 2268 0.340701826 -0.210559688 0.0443099591 0 0 0
B@CP 2273 0.203348327 -0.111098305 -0.251329723 0 0 0
B@CP 2279 -0.425979366 -0.0592142699 -0.128348821 0 0 0
B@CP 2282 0.069570705 0.137265869 -0.140159676 0 0 0
B@CP 2284 -0.267553963 0.220913861 0.00216464999 0 0 0
B@CP 2286 -0.0505911059 0.0679850425 0.394676432 0 0 0
B@CP 2288 -0.346904308 -0.234816984 -0.0766593531 0 0 0
B@CP 2295 0.152883001 -0.00632707804 0.146982271 0 0 0
B@CP 2300 -0.0902871646 -0.278601029 -0.318441927 0 0 0
B@CP 2303 0.0680781748 0.0117034649 0.0852372245 0 0 0
B@CP 2304 -0.424554469 0.102540015 0.123813506 0 0 0
B@CP 2305 0.0407910882 0.301327399 0.0917990684 0 0 0
B@CP 2309 -0.276336028 0.122428824 0.0451349998 0 0 0
B@CP 2311 0.289719854 -0.207528392 0.0600567335 0 0 0
B@CP 2313 0.0784124768 -0.145764553 0.405138 0 0 0
B@CP 2320 -0.375554002 -0.164168706 -0.0143122003 0 0 0
B@CP 2321 -0.259475641 0.0250678673 0.385208384 0 0 0
B@CP 2323 -0.0746309223 -0.391804606 -0.121517714 0 0 0
B@CP 2324 -0.436085315 0.125858956 -0.0663294995 0 0 0
B@CP 2330 -0.20825371 -0.178519827 -0.201104436 0 0 0
B@CP 2333 0.433006831 -0.0346373281 -0.116202883 0 0 0
B@CP 2334 0.125805207 0.112560981 0.0240778745 0 0 0
B@CP 2336 -0.232747732 0.289697896 0.0792585008 0 0 0
B@CP 2337 0.0462525496 -0.141036696 -0.221609332 0 0 0
B@CP 2339 0.0571781779 0.359713462 0.0745711918 0 0 0
B@CP 2340 -0.217489541 -0.0374287489 -0.195467076 0 0 0
B@CP 2341 -0.360134581 0.0434012429 -0.00562361706 0 0 0
B@CP 2343 0.0331986039 -0.363789628 0.0288363184 0 0 0
B@CP 2344 -0.121921903 -0.127005045 -0.182562563 0 0 0
B@CP 2347 -0.406834406 -0.044967551 -0.210041396 0 0 0
B@CP 2348 -0.246405567 0.050729105 0.203302925 0 0 0
B@CP 2349 0.00159444065 0.201395789 0.114236835 0 0 0
B@CP 2351 -0.0444437254 -0.128334982 -0.253449727 0 0 0
B@CP 2354 -0.136720075 -0.260934829 0.22454588 0 0 0
B@CP 2358 -0.0733236144 0.304425182 -0.233194321 0 0 0
B@CP 2360 -0.291138836 0.0891826491 0.178539279 0 0 0
B@CP 2362 -0.330936858 0.0561879727 0.081219218 0 0 0
B@CP 2366 0.105466909 0.149551433 -0.426335101 0 0 0
B@CP 2368 0.271978127 0.00678946618 -0.0179390001 0 0 0
B@CP 2370 -0.222781489 -0.183835591 -0.219691761 0 0 0
B@CP 2371 -0.292173694 0.132579025 0.317627263 0 0 0
B@CP 2372 0.296593506 -0.105772386 0.166163133 0 0 0
B@CP 2374 -0.327162149 -0.0532953832 0.0853214757 0 0 0
B@CP 2375 -0.036954821 0.287418388 0.0986080764 0 0 0
B@CP 2377 0.0640622418 0.344350597 -0.147106095 0 0 0
B@CP 2379 -0.072618099 -0.193109215 -0.412887506 0 0 0
B@CP 2380 0.301027042 0.329848916 -0.0500269838 0 0 0
B@CP 2385 -0.397085891 0.226239321 -0.0325791702 0 0 0
B@CP 2389 -0.453407717 -0.0834366027 0.0128490833 0 0 0
B@CP 2392 -0.114950325 -0.38185266 -0.160815579 0 0 0
B@CP 2393 0.0618383164 0.0380743458 0.311380579 0 0 0
B@CP 2395 -0.438359587 -0.000983703617 -0.0851079764 0 0 0
B@CP 2398 -0.322468527 0.14000389 -0.280598601 0 0 0
B@CP 2400 -0.0493570442 0.230393227 0.32812133 0 0 0
B@CP 2402 0.0392823155 0.0191701533 0.020814609 0 0 0
B@CP 2405 0.0558023407 0.361025912 -0.139384689 0 0 0
B@CP 2413 0.301843193 0.0977092164 -0.0350039621 0 0 0
B@CP 2414 0.0759020748 -0.437847523 0.123124036 0 0 0
B@CP 2415 -0.108709394 -0.0233249815 -0.286122514 0 0 0
B@CP 2419 -0.0725507983 -0.300241939 -0.15950533 0 0 0
B@CP 2420 -0.0448862492 -0.146410473 -0.401426769 0 0 0
B@CP 2421 0.151402242 -0.225906793 -0.164934861 0 0 0
B@CP 2422 -0.189085246 -0.25047027 -0.0960501508 0 0 0
B@CP 2425 0.202120561 -0.201213179 -0.0698260021 0 0 0
B@CP 2446 -0.293845632 -0.107281686 -0.11389397 0 0 0
B@CP 2447 0.369070877 0.0810151172 -0.0231602356 0 0 0
B@CP 2449 0.0896640208 0.019324184 -0.0014226103 0 0 0
B@CP 2450 -0.0718770462 0.117315888 0.137649187 0 0 0
B@CP 2453 -0.0212609305 0.287944648 -0.186925421 0 0 0
B@CP 2458 0.397104204 -0.151006629 -0.113123499 0 0 0
B@CP 2461 -0.367143006 -0.214216606 0.0753016477 0 0 0
B@CP 2462 0.135480276 -0.137320246 -0.191819863 0 0 0
B@CP 2464 0.459021399 0.0236586648 -0.015829349 0 0 0
B@CP 2465 0.363941023 -0.288470463 0.0296730965 0 0 0
B@CP 2466 0.0899788761 -0.210055257 -0.0719072222 0 0 0
B@CP 2469 0.218555565 -0.0387574232 0.229635822 0 0 0
B@CP 2470 -0.0106584632 -0.158533032 -0.286641312 0 0 0
B@CP 2471 -0.110138582 -0.424258618 -0.14323719 0 0 0
B@CP 2472 -0.263097887 -0.117296971 0.0546149371 0 0 0
B@CP 2474 0.117629752 0.158617979 0.197899998 0 0 0
B@CP 2476 -0.0288542937 -0.160154055 0.195336458 0 0 0
B@CP 2477 -0.168253698 0.176208796 -0.330838076 0 0 0
B@CP 2478 0.0281462131 0.312843653 0.0829808333 0 0 0
B@CP 2479 0.15626476 -0.16328257 0.120339548 0 0 0
B@CP 2482 0.390185205 -0.119617244 -0.0445984834 0 0 0
B@CP 2484 0.0755880787 -0.357525017 0.178454592 0 0 0
B@CP 2489 0.0708807236 -0.305399738 -0.294298891 0 0 0
B@CP 2491 -0.015890472 0.11326136 -0.112312884 0 0 0
B@CP 2493 -0.0304208819 0.160699219 0.177545982 0 0 0
B@CP 2499 -0.320778355 0.162529937 -0.0701243929 0 0 0
C@CP 2500 -0.0370743359 -0.220640315 0.293225861 0 0 0
C@CP 2501 0.287599999 0.0165212396 0.181701667 0 0 0
C@CP 2502 -0.184667325 -0.0167480884 0.373665729 0 0 0
C@CP 2503 0.179539526 -0.109618046 -0.236097554 0 0 0
C@CP 2504 0.13738843 -0.0747536211 -0.407073079 0 0 0
C@CP 2505 0.378808139 0.108506374 -0.110587848 0 0 0
C@CP 2506 0.180526262 -0.019764663 -0.210922689 0 0 0
C@CP 2507 -0.135088274 -0.228828797 -0.349592881 0 0 0
C@CP 2508 -0.0795038235 0.444350922 -0.0437286984 0 0 0
C@CP 2509 -0.0584935984 0.00248414813 -0.297331763 0 0 0
C@CP 2510 -0.145514308 0.127053537 0.121090569 0 0 0
C@CP 2511 0.0919418922 -0.106499775 -0.160965329 0 0 0
C@CP 2512 -0.294327848 0.0721248424 0.0497204515 0 0 0
C@CP 2513 0.0636692209 0.145488754 0.0855257705 0 0 0
C@CP 2514 -0.190649397 -0.0956046013 0.391592736 0 0 0
C@CP 2515 0.324856059 0.261437667 0.179441106 0 0 0
C@CP 2516 0.161059273 -0.277493316 -0.29812111 0 0 0
C@CP 2517 0.234835329 -0.231549655 -0.0745721168 0 0 0
C@CP 2518 -0.226887966 -0.203996697 0.111703134 0 0 0
C@CP 2519 -0.0985164624 -0.0793487552 -0.108002995 0 0 0
C@CP 2520 0.170931471 0.279579205 0.254140617 0 0 0
C@CP 2521 0.260200265 0.0850589246 0.274059222 0 0 0
C@CP 2522 0.142494904 0.27241915 0.101677242 0 0 0
C@CP 2523 0.0705291673 0.413077267 0.174733589 0 0 0
C@CP 2524 0.10373569 -0.178803524 0.234539334 0 0 0
C@CP 2525 0.190968119 0.0504909448 0.280787314 0 0 0
C@CP 2526 -0.0548056884 0.101426708 -0.301239225 0 0 0
C@CP 2527 0.00143304652 -0.0233297599 -0.181123307 0 0 0
C@CP 2528 0.199382007 -0.21224822 -0.207885254 0 0 0
C@CP 2529 0.0260602035 0.0408399725 -0.143730644 0 0 0
C@CP 2530 0.016917215 0.147376174 0.0987024495 0 0 0
C@CP 2531 -0.132207759 0.105344764 0.403601218 0 0 0
C@CP 2532 -0.332608542 -0.272979976 0.117498683 0 0 0
C@CP 2533 0.175411931 -0.238590499 0.275539285 0 0 0
C@CP 2534 -0.142295464 -0.0517567901 0.00105578582 0 0 0
C@CP 2535 0.0979043904 0.159659172 0.113934531 0 0 0
C@CP 2536 -0.215552196 -0.404390963 -0.107051949 0 0 0
C@CP 2537 0.196131086 0.141398564 -0.163433219 0 0 0
C@CP 2538 0.2672518 0.358043778 0.00483100967 0 0 0
C@CP 2539 -0.038011922 0.350871299 -0.212859691 0 0 0
C@CP 2540 0.250310714 0.147286905 0.0555272285 0 0 0
C@CP 2541 0.399425581 -0.0826224277 0.0362718754 0 0 0
C@CP 2542 -0.160451804 -0.275795271 0.116261946 0 0 0
C@CP 2543 -0.157294576 0.329737298 -0.0475155518 0 0 0
C@CP 2544 -0.0667834914 0.0555726713 0.158133994 0 0 0
C@CP 2545 -0.0933341402 0.227174594 -0.198777226 0 0 0
C@CP 2546 0.298203871 0.0582029303 0.352830647 0 0 0
C@CP 2547 -0.136500091 -0.104748797 -0.414002535 0 0 0
C@CP 2548 0.177978774 0.0105270864 0.157584816 0 0 0
C@CP 2549 -0.244942256 -0.183810322 -0.024838188 0 0 0
C@CP 2550 0.183289019 -0.0876087033 0.107795872 0 0 0
C@CP 2551 -0.140291872 0.23359115 -0.199600589 0 0 0
C@CP 2552 -0.225820624 -0.193946726 -0.067871921 0 0 0
C@CP 2553 0.113434344 0.413629339 0.00124833792 0 0 0
C@CP 2554 0.252283394 -0.211645434 0.135249264 0 0 0
C@CP 2555 0.0977832216 0.0202706481 -0.294888416 0 0 0
C@CP 2556 -0.0105094979 -0.128670806 0.38927863 0 0 0
C@CP 2557 -0.171802499 0.217168705 -0.307755743 0 0 0
C@CP 2558 0.243322542 -0.115676115 -0.366933119 0 0 0
C@CP 2559 0.163333001 0.318157459 0.214323988 0 0 0
C@CP 2560 0.0918641043 0.0637677118 -0.0933944823 0 0 0
C@CP 2561 0.0873514213 0.1383049 -0.084745854 0 0 0
C@CP 2562 0.347981941 0.111259664 -0.23353049 0 0 0
C@CP 2563 0.130666772 -0.366957934 0.237316707 0 0 0
C@CP 2564 -0.0259342059 0.162594969 -0.117173304 0 0 0
C@CP 2565 0.224491459 -0.0301181329 -0.136931626 0 0 0
C@CP 2566 -0.17930282 0.0141536835 0.386966402 0 0 0
C@CP 2567 -0.266956582 -0.158094031 0.109884594 0 0 0
C@CP 2568 -0.278057982 -0.144083428 -0.327549261 0 0 0
C@CP 2569 0.20968436 -0.244156759 0.334201387 0 0 0
C@CP 2570 -0.317852827 -0.2013408 -0.209057469 0 0 0
C@CP 2571 -0.39573962 0.113951526 -0.031583051 0 0 0
C@CP 2572 0.17717992 0.11223441 -0.200348584 0 0 0
C@CP 2573 -0.0964401648 -0.0386065858 -0.383841816 0 0 0
C@CP 2574 0.275790533 0.0873953269 -0.177685063 0 0 0
C@CP 2575 -0.397160416 -0.0304413394 0.0285468864 0 0 0
C@CP 2576 0.114258504 -0.111914602 -0.0239685415 0 0 0
C@CP 2577 0.0896263042 0.390306508 0.040490968 0 0 0
C@CP 2578 0.1280077 -0.0459720131 -0.0103610882 0 0 0
C@CP 2579 -0.0463292475 0.0631423087 -0.355296409 0 0 0
C@CP 2580 -0.136646009 -0.0921658345 0.291783337 0 0 0
C@CP 2581 -0.00288219532 0.186717407 -0.32272533 0 0 0
C@CP 2582 -0.196114322 -0.118313822 -0.2059853 0 0 0
C@CP 2583 -0.131208224 -0.321733759 0.305461338 0 0 0
C@CP 2584 -0.159270779 0.396455763 0.229920437 0 0 0
C@CP 2585 -0.109350653 0.423638024 -0.125701074 0 0 0
C@CP 2586 0.167255917 -0.161254208 -0.0386041473 0 0 0
C@CP 2587 -0.184346923 0.0441204645 0.0951584461 0 0 0
C@CP 2588 0.277521287 0.326740655 -0.0848174254 0 0 0
C@CP 2589 0.24354001 0.237664336 -0.318484303 0 0 0
C@CP 2590 -0.327833862 0.0209648347 0.0927404298 0 0 0
C@CP 2591 0.258550803 0.368065088 0.0961066406 0 0 0
C@CP 2592 -0.227945873 0.0741665616 0.152964307 0 0 0
C@CP 2593 -0.205165028 0.324656829 -0.0369924805 0 0 0
C@CP 2594 -0.41463466 -0.0403551408 0.0976299399 0 0 0
C@CP 2595 0.348352402 -0.028700487 -0.246267998 0 0 0
C@CP 2596 0.0865290302 -0.0682287894 0.216450423 0 0 0
C@CP 2597 0.262121729 -0.0946724713 -0.183946207 0 0 0
C@CP 2598 0.184277428 -0.098664722 -0.132150521 0 0 0
C@CP 2599 0.242819453 0.0809678604 0.0153741929 0 0 0
C@CP 2600 -0.311282068 -0.18361988 0.201704784 0 0 0
C@CP 2601 0.216795774 0.322722001 -0.112981827 0 0 0
C@CP 2602 -0.041183572 0.0287552747 0.225259311 0 0 0
C@CP 2603 -0.175857119 0.298019095 0.270692204 0 0 0
C@CP 2604 0.283088817 -0.12368867 -0.220157585 0 0 0
C@CP 2605 0.291768784 0.0243074815 0.0227675007 0 0 0
C@CP 2606 0.000442877837 0.111772956 0.405700988 0 0 0
C@CP 2607 0.0633500056 0.194430111 -0.222555386 0 0 0
C@CP 2608 0.18001783 0.138341446 -0.402827153 0 0 0
C@CP 2609 -0.242762572 0.0159425025 0.0417707993 0 0 0
C@CP 2610 -0.392089884 0.101971183 -0.194436797 0 0 0
C@CP 2611 0.257595382 0.235888658 0.165384221 0 0 0
C@CP 2612 0.368437086 -0.0320161704 0.0928365674 0 0 0
C@CP 2613 -0.0486419004 -0.241888301 0.32028912 0 0 0
C@CP 2614 0.0325720912 -0.327906577 0.161076443 0 0 0
C@CP 2615 0.0191058327 -0.311994185 -0.24710361 0 0 0
C@CP 2616 -0.0615945341 -0.26553666 -0.0305064363 0 0 0
C@CP 2617 -0.418110574 -0.118752014 -0.0399001029 0 0 0
C@CP 2618 0.378055776 -0.151103641 0.177558871 0 0 0
C@CP 2619 -0.0394370403 0.195954741 -0.376102084 0 0 0
C@CP 2620 0.0122980231 -0.129113088 0.377574056 0 0 0
C@CP 2621 -0.197107204 0.275265749 -0.0679869942 0 0 0
C@CP 2622 0.415660335 -0.121393557 0.0255088778 0 0 0
C@CP 2623 -0.0686521082 0.171112255 0.241354357 0 0 0
C@CP 2624 0.0517068094 -0.100107608 0.451734049 0 0 0
C@CP 2625 0.264911957 0.193843173 -0.134467004 0 0 0
C@CP 2626 0.276184051 -0.0279403129 0.312202378 0 0 0
C@CP 2627 0.114960393 0.340062333 -0.114179798 0 0 0
C@CP 2628 -0.342033667 0.0916621662 -0.134468054 0 0 0
C@CP 2629 0.392714735 -0.0137348729 -0.138985762 0 0 0
C@CP 2630 -0.0710835239 -0.165616823 0.258872438 0 0 0
C@CP 2631 0.335305269 -0.0348866542 -0.26022105 0 0 0
C@CP 2632 0.0314839922 -0.26641898 0.233328838 0 0 0
C@CP 2633 0.107113226 0.422904135 -0.00273308841 0 0 0
C@CP 2634 0.295789619 -0.0936952528 0.338208255 0 0 0
C@CP 2635 0.311499206 0.186956147 0.244245271 0 0 0
C@CP 2636 0.0798426071 0.0198202242 -0.347016148 0 0 0
C@CP 2637 0.348812093 0.0347256796 0.0410705674 0 0 0
C@CP 2638 0.339635691 -0.0510005245 -0.196707824 0 0 0
C@CP 2639 0.0344895414 -0.220225663 0.276974628 0 0 0
C@CP 2640 0.0796089224 -0.195272837 -0.245300267 0 0 0
C@CP 2641 -0.133515789 -0.0658685749 -0.101376648 0 0 0
C@CP 2642 0.0043753496 -0.203125815 -0.0140562656 0 0 0
C@CP 2643 -0.15592434 -0.172801604 -0.000130202828 0 0 0
C@CP 2644 0.194695982 0.0178033412 -0.18248988 0 0 0
C@CP 2645 -0.24528872 -0.0446818241 -0.333501115 0 0 0
C@CP 2646 0.0911859875 0.0608296675 -0.198160184 0 0 0
C@CP 2647 0.165501027 -0.323144373 0.248240462 0 0 0
C@CP 2648 0.269382847 -0.36621189 -0.0467724026 0 0 0
C@CP 2649 0.320979702 -0.0933145605 0.0367140262 0 0 0
C@CP 2650 0.184418445 0.044484034 -0.187534429 0 0 0
C@CP 2651 -0.0142662826 -0.053942677 -0.123717642 0 0 0
C@CP 2652 -0.0993010445 0.00159936449 0.0926472003 0 0 0
C@CP 2653 -0.328174884 -0.149891024 -0.0490986145 0 0 0
C@CP 2654 0.0651690753 -0.368091932 0.226203385 0 0 0
C@CP 2655 0.105024979 -0.250908493 0.210436409 0 0 0
C@CP 2656 -0.217623207 0.0722828471 0.186711478 0 0 0
C@CP 2657 -0.233683703 -0.00759008692 0.0307427341 0 0 0
C@CP 2658 0.244283837 0.0783976299 -0.321784634 0 0 0
C@CP 2659 -0.0263124613 -0.144225698 0.416560552 0 0 0
C@CP 2660 -0.0584181935 0.217538498 0.066236491 0 0 0
C@CP 2661 0.321149413 -0.2383041 0.151260242 0 0 0
C@CP 2662 0.142957451 0.336798272 0.290170342 0 0 0
C@CP 2663 -0.308116294 0.192566913 0.210563472 0 0 0
C@CP 2664 0.201072662 -0.218473582 0.346121243 0 0 0
C@CP 2665 -0.297123344 0.166436379 -0.296443113 0 0 0
C@CP 2666 0.268473816 -0.14323252 -0.0796777805 0 0 0
C@CP 2667 0.0626993671 -0.284639722 0.101340523 0 0 0
C@CP 2668 -0.197501386 0.372466112 0.0934130551 0 0 0
C@CP 2669 0.313931025 -0.212498393 0.0404571207 0 0 0
C@CP 2670 0.0729087159 -0.0458285749 0.447894678 0 0 0
C@CP 2671 0.0446390244 0.236309874 0.00814066592 0 0 0
C@CP 2672 -0.316522946 -0.162974985 -0.269552407 0 0 0
C@CP 2673 -0.233007381 -0.0336341074 -0.332379211 0 0 0
C@CP 2674 -0.0251519985 0.350662707 0.0182287805 0 0 0
C@CP 2675 -0.077504171 -0.196402636 -0.130898188 0 0 0
C@CP 2676 0.273996318 -0.0353792513 -0.279307373 0 0 0
C@CP 2677 -0.31157949 -0.140214643 0.0746188293 0 0 0
C@CP 2678 -0.224920851 0.214056888 0.252380417 0 0 0
C@CP 2679 -0.368076553 -0.255966375 -0.134183361 0 0 0
C@CP 2680 0.0358820409 -0.279013947 0.00976945428 0 0 0
C@CP 2681 -0.159531491 -0.265324344 -0.336466813 0 0 0
C@CP 2682 -0.121109405 -0.153393166 0.234411097 0 0 0
C@CP 2683 -0.172454379 0.326863833 -0.251962521 0 0 0
C@CP 2684 0.415995706 0.067090438 0.199404643 0 0 0
C@CP 2685 -0.0667946746 0.167144772 -0.17188134 0 0 0
C@CP 2686 0.349011068 -0.0691265406 0.258929709 0 0 0
C@CP 2687 0.293633337 0.0164374319 -0.120089575 0 0 0
C@CP 2689 -0.000424276771 -0.160070082 -0.445086302 0 0 0
C@CP 2690 -0.0621209041 -0.0631479867 0.0297468434 0 0 0
C@CP 2691 -0.0201837011 -0.267702261 0.341356621 0 0 0
C@CP 2692 0.119830532 0.00746038298 -0.424070186 0 0 0
C@CP 2693 0.0204425567 -0.305146494 0.225230352 0 0 0
C@CP 2694 0.00399494129 0.108965546 -0.159686075 0 0 0
C@CP 2695 0.356640823 0.0919377998 0.094068368 0 0 0
C@CP 2696 -0.0308033653 0.406801982 -0.0628901307 0 0 0
C@CP 2697 -0.0137849969 0.00788229451 -0.454088364 0 0 0
C@CP 2698 0.00674228184 -0.168625177 0.239251895 0 0 0
C@CP 2699 0.330061141 0.0739476091 0.204869042 0 0 0
C@CP 2700 0.162510375 0.190168971 0.180789225 0 0 0
C@CP 2701 0.0282227874 0.0178674755 0.299815785 0 0 0
C@CP 2702 -0.32055139 0.0563970046 -0.0288836225 0 0 0
C@CP 2703 -0.281274573 -0.163058803 -0.287485483 0 0 0
C@CP 2704 0.0709495533 0.293826002 0.205857247 0 0 0
C@CP 2705 0.0109209819 0.132630156 -0.149552084 0 0 0
C@CP 2706 -0.0545538943 0.266320252 -0.329148875 0 0 0
C@CP 2707 -0.215374309 0.216844394 0.0342319878 0 0 0
C@CP 2708 0.335541597 -0.0392014399 0.254083663 0 0 0
C@CP 2709 0.18960637 -0.0348110197 -0.00569695601 0 0 0
C@CP 2710 0.266551362 0.0299945844 0.323035275 0 0 0
C@CP 2711 -0.176112687 0.404525183 -0.0408728626 0 0 0
C@CP 2712 0.14034592 0.0735624293 0.190258453 0 0 0
C@CP 2713 -0.023514391 0.386055641 0.144274768 0 0 0
C@CP 2714 -0.181746054 -0.254537681 0.0941741732 0 0 0
C@CP 2715 -0.260770695 0.0556077417 -0.311347665 0 0 0
C@CP 2716 0.112921024 -0.137884068 -0.179569158 0 0 0
C@CP 2717 -0.400307281 -0.0874297627 -0.148295841 0 0 0
C@CP 2718 -0.127041619 0.35699306 -0.190654936 0 0 0
C@CP 2719 0.34466144 0.00349418543 0.226186339 0 0 0
C@CP 2720 0.152496492 0.0532635656 0.161547404 0 0 0
C@CP 2721 0.11050957 0.253433476 0.100097236 0 0 0
C@CP 2722 -0.246332748 0.169588923 -0.0567602108 0 0 0
C@CP 2723 -0.144316042 0.423852561 -0.0190551237 0 0 0
C@CP 2724 0.178215021 0.214114325 -0.117308266 0 0 0
C@CP 2725 0.201772337 0.171689646 -0.0898750658 0 0 0
C@CP 2726 -0.31931245 -0.0357467591 0.301049813 0 0 0
C@CP 2727 -0.00557670193 0.0401263504 0.25463255 0 0 0
C@CP 2728 0.0152007636 0.324556902 0.147648723 0 0 0
C@CP 2730 0.244840385 -0.252704997 -0.00619159893 0 0 0
C@CP 2731 0.246522653 0.00137256729 -0.122533071 0 0 0
C@CP 2732 0.303252939 0.184255199 -0.304731788 0 0 0
C@CP 2733 -0.360933708 0.150475774 -0.155402432 0 0 0
C@CP 2734 0.239711686 0.30426047 0.0796913133 0 0 0
C@CP 2735 0.038510303 0.0372386611 0.0596543479 0 0 0
C@CP 2736 -0.393865121 0.238029926 0.0789012458 0 0 0
C@CP 2737 -0.131753002 0.269084514 -0.0915716555 0 0 0
C@CP 2738 0.289088602 0.162571868 -0.0640296555 0 0 0
C@CP 2739 0.0234274582 0.318826927 0.341243534 0 0 0
C@CP 2740 -0.0840473088 0.453258857 0.0592778482 0 0 0
C@CP 2741 -0.169632578 -0.0543123013 -0.270512429 0 0 0
C@CP 2742 0.0880131095 0.052606169 0.320567161 0 0 0
C@CP 2743 -0.000393341223 0.353304536 0.263328749 0 0 0
C@CP 2744 -0.381222231 -0.0657049659 0.206519423 0 0 0
C@CP 2745 0.186974219 -0.0507672822 0.195358492 0 0 0
C@CP 2746 0.196278143 0.0984641028 -0.385911599 0 0 0
C@CP 2747 -0.0555039774 -0.209191377 -0.125020754 0 0 0
C@CP 2748 0.0402970937 -0.0530220243 -0.340269862 0 0 0
C@CP 2749 -0.302452678 -0.334005569 -0.125464787 0 0 0
C@CP 2750 0.243748807 -0.257676573 -0.13584191 0 0 0
C@CP 2751 0.337512713 -0.209063443 0.0294722017 0 0 0
C@CP 2752 0.139715376 -0.407143054 0.0250058509 0 0 0
C@CP 2753 0.338299067 -0.227931934 -0.218992984 0 0 0
C@CP 2754 -0.086739873 -0.300040083 0.035296203 0 0 0
C@CP 2755 0.369818427 -0.257555637 -0.135740769 0 0 0
C@CP 2756 -0.116196732 -0.187626986 0.0296183905 0 0 0
C@CP 2757 -0.304918976 -0.0421697458 0.282688189 0 0 0
C@CP 2758 -0.0600202536 0.261844716 -0.349756542 0 0 0
C@CP 2759 -0.152896474 -0.112256823 0.321903159 0 0 0
C@CP 2760 -0.140897404 -0.320179512 -0.0476895178 0 0 0
C@CP 2761 -0.342862053 -0.192915165 0.121589352 0 0 0
C@CP 2762 -0.214225151 0.24083823 -0.109854566 0 0 0
C@CP 2763 -0.169231621 0.0671220954 -0.0985457716 0 0 0
C@CP 2764 0.256795143 0.350150537 -0.0578370785 0 0 0
C@CP 2765 -0.271017437 -0.34635853 0.1353545 0 0 0
C@CP 2766 -0.134755374 0.201719195 0.374685763 0 0 0
C@CP 2767 -0.0993017729 0.277544246 -0.139862503 0 0 0
C@CP 2768 0.16438553 0.209024712 0.0947505325 0 0 0
C@CP 2769 0.173879778 0.159321443 0.250650199 0 0 0
C@CP 2770 0.0209579342 0.0462522138 0.201132321 0 0 0
C@CP 2771 -0.00306131876 -0.14263798 -0.236931573 0 0 0
C@CP 2772 -0.289180958 0.250032835 -0.187919718 0 0 0
C@CP 2773 0.457923842 -0.0031666449 0.0257552285 0 0 0
C@CP 2774 -0.0078458608 0.287504973 0.306993441 0 0 0
C@CP 2775 -0.113237446 -0.10961585 -0.345838035 0 0 0
C@CP 2777 0.324105523 0.262399847 -0.0759008202 0 0 0
C@CP 2778 0.106743232 -0.392845086 0.0568128122 0 0 0
C@CP 2779 -0.220757803 0.199686983 0.0312902611 0 0 0
C@CP 2780 0.356420217 -0.0200695947 -0.206134092 0 0 0
C@CP 2781 -0.447148845 -0.0227574928 -0.062754226 0 0 0
C@CP 2782 0.316614256 0.00103118229 -0.048849686 0 0 0
C@CP 2783 -0.00832454879 -0.396013076 -0.204972557 0 0 0
C@CP 2784 0.2501831 -0.300085069 -0.0446894429 0 0 0
C@CP 2786 -0.115571203 0.121994815 0.37061167 0 0 0
C@CP 2787 -0.156606403 0.266711555 0.265645563 0 0 0
C@CP 2788 -0.140810215 0.0559543292 -0.274171304 0 0 0
C@CP 2789 -0.292869699 -0.0174065304 0.310134719 0 0 0
C@CP 2790 0.00857033861 -0.0217637121 -0.320392609 0 0 0
C@CP 2791 0.067318503 -0.313082348 -0.100917595 0 0 0
C@CP 2792 -0.312924719 0.34396087 -0.0761340114 0 0 0
C@CP 2793 0.107424227 0.0874604411 0.282300122 0 0 0
C@CP 2794 0.233271286 0.204667381 -0.206085803 0 0 0
C@CP 2795 -0.0737653666 0.409122512 -0.103459215 0 0 0
C@CP 2796 0.146902986 -0.01132933 -0.142777586 0 0 0
C@CP 2797 0.0716623054 0.398520249 0.0653630887 0 0 0
C@CP 2798 0.0303204341 0.0999599704 -0.271508499 0 0 0
C@CP 2799 -0.0989001168 0.307961061 -0.188052741 0 0 0
C@CP 2801 -0.172249386 0.392555533 -0.0580571407 0 0 0
C@CP 2802 -0.0781250765 -0.296936808 0.00218967508 0 0 0
C@CP 2803 -0.156754381 -0.268654641 -0.0419110003 0 0 0
C@CP 2804 -0.0168643369 -0.0857018139 0.367790868 0 0 0
C@CP 2805 -0.0338572777 -0.0561885994 -0.0238067846 0 0 0
C@CP 2806 -0.194603987 0.0915740813 0.278111251 0 0 0
C@CP 2807 -0.0896576112 0.223574983 0.0572644843 0 0 0
C@CP 2808 0.0282300791 -0.317894793 0.126698263 0 0 0
C@CP 2809 -0.247147184 0.159347654 -0.197700338 0 0 0
C@CP 2810 0.0372928921 0.182499215 0.0393028029 0 0 0
C@CP 2811 -0.220865248 0.259846712 -0.0840399861 0 0 0
C@CP 2812 -0.107029978 -0.263275669 -0.284118982 0 0 0
C@CP 2813 0.184782145 0.18405648 -0.0648173095 0 0 0
C@CP 2814 -0.369452919 -0.1887521 -0.0620589097 0 0 0
C@CP 2815 0.199539751 0.202326293 -0.104733047 0 0 0
C@CP 2816 0.0048523222 -0.0521552254 -0.0518111748 0 0 0
C@CP 2817 -0.282563303 0.0252325376 -0.0693808421 0 0 0
C@CP 2818 0.166414911 -0.203357068 0.221137942 0 0 0
C@CP 2819 -0.0577542303 0.316747761 -0.122460254 0 0 0
C@CP 2820 0.0104866625 -0.00766153291 0.107553844 0 0 0
C@CP 2821 0.0154890044 0.0979794939 0.0499403418 0 0 0
C@CP 2822 -0.231680489 -0.147839426 -0.319255673 0 0 0
C@CP 2823 -0.119353345 0.231929858 0.0839730081 0 0 0
C@CP 2824 -0.304370223 0.00269661721 -0.165922197 0 0 0
C@CP 2825 0.216899742 0.144530879 -0.217496272 0 0 0
C@CP 2826 -0.031087818 0.0990248109 -0.040150155 0 0 0
C@CP 2827 -0.267698752 -0.0235220751 -0.168286101 0 0 0
C@CP 2828 0.237567203 0.144945507 0.154807634 0 0 0
C@CP 2830 -0.0972556326 0.25085788 0.359901565 0 0 0
C@CP 2831 0.219143218 -0.180654421 0.319546344 0 0 0
C@CP 2832 0.411896677 0.0601805609 -0.0939927277 0 0 0
C@CP 2833 0.105749255 0.042214525 -0.303258894 0 0 0
C@CP 2834 0.082417726 -0.101579638 -0.344499066 0 0 0
C@CP 2835 -0.127684332 -0.133105419 0.106502504 0 0 0
C@CP 2836 0.262458156 0.116149145 0.313046453 0 0 0
C@CP 2837 0.0407754173 -0.424575089 -0.0660186285 0 0 0
C@CP 2839 -0.136949164 0.0229043338 -0.116641834 0 0 0
C@CP 2840 -0.00735353774 -0.122923943 -0.127648167 0 0 0
C@CP 2841 -0.119791739 0.109567509 -0.0568842822 0 0 0
C@CP 2842 -0.157203737 0.229831128 0.00100285139 0 0 0
C@CP 2843 -0.100166688 0.0696583823 0.362390849 0 0 0
C@CP 2844 -0.165805582 -0.157852467 -0.384058874 0 0 0
C@CP 2845 -0.052158031 -0.0941996211 -0.367403702 0 0 0
C@CP 2846 -0.356476395 0.159617371 0.0666335808 0 0 0
C@CP 2847 -0.108227882 -0.281019095 0.246478294 0 0 0
C@CP 2848 0.253523037 0.148431145 0.18348326 0 0 0
C@CP 2849 0.20931608 -0.396864544 -0.0729686532 0 0 0
C@CP 2850 -0.0138559474 -0.379791516 -0.122861853 0 0 0
C@CP 2851 -0.113374673 0.430458213 0.0624512113 0 0 0
C@CP 2852 0.40717687 0.0552141073 -0.0538238858 0 0 0
C@CP 2853 0.215570371 -0.127289525 -0.00694731858 0 0 0
C@CP 2854 0.231473106 0.113370433 0.237673961 0 0 0
C@CP 2855 0.0340899951 0.0787140429 0.0595738816 0 0 0
C@CP 2856 0.123841042 -0.0333728921 -0.366747162 0 0 0
C@CP 2857 0.0160006916 0.114526154 0.0176047344 0 0 0
C@CP 2858 -0.0267053952 -0.258523012 -0.360846053 0 0 0
C@CP 2859 -0.176777097 -0.094120998 -0.276334968 0 0 0
C@CP 2860 -0.239485558 -0.0836927381 0.0353062624 0 0 0
C@CP 2861 0.206591512 -0.1336833 -0.233806923 0 0 0
C@CP 2862 -0.283631522 -0.178817749 0.293316668 0 0 0
C@CP 2863 -0.218253631 -0.324911596 -0.230289228 0 0 0
C@CP 2864 0.0229680451 -0.27087336 -0.32047571 0 0 0
C@CP 2865 -0.249544106 -0.0436264441 -0.176980974 0 0 0
C@CP 2866 -0.217213984 -0.257758173 -0.122673894 0 0 0
C@CP 2867 0.177202727 -0.0581038779 0.350621836 0 0 0
C@CP 2868 -0.0677670873 0.16348684 0.386379802 0 0 0
C@CP 2869 0.228865148 -0.243029536 -0.140919801 0 0 0
C@CP 2870 0.00210834901 0.259465094 -0.222960501 0 0 0
C@CP 2871 -0.394063805 0.0723905555 0.00108694957 0 0 0
C@CP 2873 0.0133350761 0.335662841 -0.050906628 0 0 0
C@CP 2874 -0.361081721 -0.217587407 0.0695140375 0 0 0
C@CP 2875 -0.116930381 0.092528394 -0.358761732 0 0 0
C@CP 2876 -0.192216276 -0.00545366397 0.079640075 0 0 0
C@CP 2877 -0.255485708 0.362857063 -0.13667529 0 0 0
C@CP 2878 0.319792973 -0.166024304 0.050741288 0 0 0
C@CP 2879 -0.0102868044 -0.380310628 0.214622475 0 0 0
C@CP 2880 0.204667178 0.18980574 -0.305277303 0 0 0
C@CP 2881 -0.358301844 0.281847127 -0.118871138 0 0 0
C@CP 2882 -0.18542276 -0.121252288 0.375549104 0 0 0
C@CP 2883 -0.111056208 -0.161329179 0.234489493 0 0 0
C@CP 2884 -0.187527096 -0.032213172 -0.0236628039 0 0 0
C@CP 2885 -0.270915519 0.154869143 -0.106834167 0 0 0
C@CP 2886 0.232019457 -0.242279807 -0.0803023406 0 0 0
C@CP 2887 -0.057585389 0.167525464 -0.134357667 0 0 0
C@CP 2888 -0.264071482 0.0939089707 -0.0928856854 0 0 0
C@CP 2889 0.0198250755 -0.288986888 0.0909117583 0 0 0
C@CP 2890 0.276796915 -0.294467151 -0.223191757 0 0 0
C@CP 2891 -0.208267556 -0.0395894756 0.186897237 0 0 0
C@CP 2892 0.0346818916 -0.210614555 -0.0904853048 0 0 0
C@CP 2893 0.0434327412 0.281823511 -0.197822639 0 0 0
C@CP 2894 0.245580589 0.162747597 -0.321779845 0 0 0
C@CP 2895 0.383804029 0.0568354584 -0.148398451 0 0 0
C@CP 2896 0.0281946863 -0.0628768593 0.0401807579 0 0 0
C@CP 2897 0.228193898 0.0622682296 0.26847969 0 0 0
C@CP 2898 0.113575279 -0.167917282 -0.271136042 0 0 0
C@CP 2899 -0.320458816 0.0208615298 0.162437546 0 0 0
C@CP 2900 0.0448788008 0.265750126 -0.221002082 0 0 0
C@CP 2901 -0.270285279 0.0909506507 -0.310700432 0 0 0
C@CP 2902 -0.0209323009 -0.350581069 -0.243267377 0 0 0
C@CP 2903 -0.334817569 0.121557027 0.00526759286 0 0 0
C@CP 2904 -0.111620648 0.226727996 0.342252351 0 0 0
C@CP 2905 0.00461288022 -0.420143967 0.00775393434 0 0 0
C@CP 2906 0.0918555098 -0.227075746 -0.211879498 0 0 0
C@CP 2907 -0.1749901 0.0566728573 -0.0629210691 0 0 0
C@CP 2908 0.291161076 -0.0691786717 -0.237033041 0 0 0
C@CP 2909 0.237599457 0.00754211632 -0.40288473 0 0 0
C@CP 2910 0.0511860137 0.0114674107 0.298733327 0 0 0
C@CP 2911 -0.0040891028 0.277995788 0.135444303 0 0 0
C@CP 2912 0.0243489414 -0.191655241 -0.268448503 0 0 0
C@CP 2913 0.150766742 0.129903358 -0.120287135 0 0 0
C@CP 2914 0.00108088999 0.0135726789 0.107761766 0 0 0
C@CP 2915 -0.191351215 0.256642128 -0.208086287 0 0 0
C@CP 2916 0.338093475 -0.0146500959 0.138709252 0 0 0
C@CP 2917 0.0447159101 0.284246772 0.106976858 0 0 0
C@CP 2918 -0.0754759631 -0.150848246 0.351295255 0 0 0
C@CP 2919 -0.0325520218 -0.04919654 0.468197441 0 0 0
C@CP 2920 0.403023086 -0.178255104 0.167002865 0 0 0
C@CP 2921 -0.217201953 -0.135706162 0.0171341235 0 0 0
C@CP 2922 0.0766967771 0.0810809827 -0.00858594655 0 0 0
C@CP 2923 -0.0537261369 -0.348787918 -0.0560390145 0 0 0
C@CP 2924 0.212552514 0.197900897 -0.292697037 0 0 0
C@CP 2925 -0.086695971 0.019839552 0.384721096 0 0 0
C@CP 2926 -0.114871414 -0.285946305 0.326559178 0 0 0
C@CP 2927 -0.0360983198 -0.149682829 -0.318665759 0 0 0
C@CP 2928 0.425415057 0.0436238424 -0.117125705 0 0 0
C@CP 2929 0.0714816612 -0.0311156475 0.240987205 0 0 0
C@CP 2930 0.161770482 -0.248433666 -0.192853488 0 0 0
C@CP 2931 0.122327806 0.310747729 -0.217326771 0 0 0
C@CP 2932 -0.0886874251 0.0173061605 -0.21906891 0 0 0
C@CP 2933 0.253473774 -0.24573364 -0.0400813777 0 0 0
C@CP 2934 0.0350074591 -0.128179098 -0.358412664 0 0 0
C@CP 2935 0.25636263 -0.157871417 -0.383474525 0 0 0
C@CP 2936 0.284919903 -0.188781713 0.120837681 0 0 0
C@CP 2937 -0.0934443568 -0.384217785 0.14135347 0 0 0
C@CP 2938 -0.312226758 0.0557842381 0.117658463 0 0 0
C@CP 2939 0.223140278 0.157002514 -0.0668788203 0 0 0
C@CP 2940 0.18456524 -0.308559564 -0.101967951 0 0 0
C@CP 2941 0.340977822 -0.0191650647 -0.147502174 0 0 0
C@CP 2942 0.0578553505 0.309983169 0.335884113 0 0 0
C@CP 2943 -0.169754581 0.275743736 -0.0408689915 0 0 0
C@CP 2944 0.0329791693 0.393755357 0.191183037 0 0 0
C@CP 2945 0.358377254 0.057791572 0.0374866451 0 0 0
C@CP 2946 0.152951077 -0.410627512 0.0853048611 0 0 0
C@CP 2947 -0.166930649 -0.146427873 0.15409153 0 0 0
C@CP 2948 0.17051992 0.333306485 -0.199890565 0 0 0
C@CP 2949 -0.380166929 -0.188400523 -0.092777194 0 0 0
C@CP 2950 0.239742774 0.213744804 -0.233725754 0 0 0
C@CP 2951 0.316923628 -0.0223096115 0.308331995 0 0 0
C@CP 2952 0.109450468 0.402108851 0.22780449 0 0 0
C@CP 2953 0.0163620607 0.216217642 0.411934272 0 0 0
C@CP 2954 0.244086133 -0.301176258 0.0657942797 0 0 0
C@CP 2955 -0.169443032 0.226472451 -0.145302943 0 0 0
C@CP 2956 0.0933954905 -0.0779323439 0.362978458 0 0 0
C@CP 2957 -0.25148278 0.0631653998 0.263758703 0 0 0
C@CP 2958 -0.0338651357 0.206332549 -0.21138374 0 0 0
C@CP 2959 0.0622799601 -0.323599369 0.132730796 0 0 0
C@CP 2960 -0.175022798 -0.371931974 -0.0268075954 0 0 0
C@CP 2961 0.297684262 0.147769571 0.300260458 0 0 0
C@CP 2962 -0.00628670768 -0.1544787 -0.0632835753 0 0 0
C@CP 2964 0.0910114305 -0.2543873 -0.280263758 0 0 0
C@CP 2965 -0.010681776 0.0291050261 0.0350330275 0 0 0
C@CP 2966 -0.0851295228 0.0760801399 0.418258569 0 0 0
C@CP 2967 -0.0940238585 0.38100078 0.0278509219 0 0 0
C@CP 2968 0.102266057 0.34455136 -0.0896977048 0 0 0
C@CP 2969 0.31105545 -0.0857042447 -0.0688503923 0 0 0
C@CP 2970 0.133531592 -0.381340653 0.111386153 0 0 0
C@CP 2971 0.258976189 -0.214027222 0.0731288703 0 0 0
C@CP 2972 -0.244544854 0.000537719438 -0.11283492 0 0 0
C@CP 2973 -0.299647578 -0.0344653667 0.313670705 0 0 0
C@CP 2974 -0.34551525 -0.0195126265 -0.0978832541 0 0 0
C@CP 2975 0.144241334 0.0494513478 0.342859134 0 0 0
C@CP 2976 -0.448066748 -0.0969844643 -0.041331322 0 0 0
C@CP 2977 -0.0349644007 -0.186023478 -0.0604768536 0 0 0
C@CP 2978 -0.193057146 -0.336795816 0.207300339 0 0 0
C@CP 2979 0.149512275 -0.0756953867 0.0879983817 0 0 0
C@CP 2980 0.136134583 -0.385167572 0.226576084 0 0 0
C@CP 2981 0.292684275 -0.157709193 0.142056728 0 0 0
C@CP 2982 -0.187454315 0.0078272349 -0.372852635 0 0 0
C@CP 2983 -0.272716884 0.0755490491 0.103797626 0 0 0
C@CP 2984 -0.34749401 -0.084036918 0.302104744 0 0 0
C@CP 2985 -0.255501372 -0.142146041 -0.349392659 0 0 0
C@CP 2986 0.0209341631 -0.10537505 0.0601288508 0 0 0
C@CP 2987 0.133391244 0.0691427024 0.344452006 0 0 0
C@CP 2988 0.364694616 -0.113722831 -0.255738727 0 0 0
C@CP 2989 -0.197619261 0.0569759254 -0.114150362 0 0 0
C@CP 2990 -0.249588662 0.333778295 -0.0932744947 0 0 0
C@CP 2991 0.0711976776 -0.0723089404 0.39847171 0 0 0
C@CP 2992 -0.246769006 0.213395227 0.269309103 0 0 0
C@CP 2993 0.277898279 -0.391988343 -0.0186959723 0 0 0
C@CP 2994 0.229894081 0.271013264 -0.279583035 0 0 0
C@CP 2995 0.0934666916 0.0338450372 -0.0979566288 0 0 0
C@CP 2996 0.115319083 -0.0790605859 -0.320350379 0 0 0
C@CP 2997 0.0923351545 0.169069784 0.225131421 0 0 0
C@CP 2998 -0.169712601 -0.188591313 0.335813329 0 0 0
C@CP 2999 -0.372127415 -0.0872451116 0.0507035821 0 0 0
C@CP 3000 0.0860739236 -0.221060833 -0.151439231 0 0 0
C@CP 3001 0.230785382 -0.198265911 0.0515127677 0 0 0
C@CP 3002 0.354092663 -0.223634375 -0.0236627353 0 0 0
C@CP 3003 0.09796656 -0.242882019 0.247283722 0 0 0
C@CP 3004 0.159254111 0.037753269 0.412172758 0 0 0
C@CP 3005 -0.310031155 0.0258682302 0.0198910216 0 0 0
C@CP 3006 0.0231375305 0.0403175058 -0.400506385 0 0 0
C@CP 3007 0.120762639 -0.181856386 0.280736829 0 0 0
C@CP 3008 0.143206424 -0.403309404 0.0520097936 0 0 0
C@CP 3009 0.0814180479 -0.292816163 0.0771484443 0 0 0
C@CP 3010 0.337213295 0.0212745872 0.210999423 0 0 0
C@CP 3012 -0.209076716 0.106508103 0.380859755 0 0 0
C@CP 3013 -0.0564475135 0.163154954 0.165255022 0 0 0
C@CP 3014 0.239603701 0.142543964 -0.315631621 0 0 0
C@CP 3015 -0.349583791 0.00229418165 0.0855868991 0 0 0
C@CP 3016 -0.392068311 -0.138307365 -0.0120336646 0 0 0
C@CP 3017 0.146344739 -0.0420879205 -0.317498318 0 0 0
C@CP 3018 0.149360396 -0.211851898 0.210466884 0 0 0
C@CP 3019 -0.139859045 0.27217238 -0.202966355 0 0 0
C@CP 3020 -0.404382099 -0.0761890027 0.142390936 0 0 0
C@CP 3021 0.0715519426 -0.0765529216 -0.343869145 0 0 0
C@CP 3022 -0.26486143 -0.261618141 0.183242476 0 0 0
C@CP 3023 -0.213111593 0.0817772987 0.345099354 0 0 0
C@CP 3024 0.0105831799 -0.270553245 0.038500794 0 0 0
C@CP 3025 0.0787230498 -0.111851582 0.293553686 0 0 0
C@CP 3027 0.231311345 -0.121141452 0.387691223 0 0 0
C@CP 3028 -0.0887905897 -0.00376207811 0.198649036 0 0 0
C@CP 3029 0.363163921 -0.215450765 -0.0178171685 0 0 0
C@CP 3030 0.289293127 -0.226470088 -0.185341967 0 0 0
C@CP 3031 -0.0366218652 -0.210586999 -0.234670766 0 0 0
C@CP 3032 0.156305495 0.11460038 0.208911155 0 0 0
C@CP 3033 -0.174892129 0.258010965 0.0382652501 0 0 0
C@CP 3034 0.211713156 -0.203051525 0.190316046 0 0 0
C@CP 3035 -0.169568451 0.0603242019 0.0812144145 0 0 0
C@CP 3036 -0.371728452 -0.103290944 0.108842874 0 0 0
C@CP 3037 -0.33851187 0.243516399 -0.0155135841 0 0 0
C@CP 3038 -0.171336733 0.0581441877 -0.198493323 0 0 0
C@CP 3039 -0.0947974507 -0.303970998 0.239074819 0 0 0
C@CP 3040 0.23207079 0.259339435 -0.0612209348 0 0 0
C@CP 3041 -0.0863716491 0.02027364 -0.352280862 0 0 0
C@CP 3042 -0.0790877041 0.160703497 -0.00206780168 0 0 0
C@CP 3043 -0.209226059 -0.196437606 0.293448014 0 0 0
C@CP 3044 -0.336144805 -0.221307199 -0.0722778126 0 0 0
C@CP 3045 0.229930213 -0.421855216 0.0122423121 0 0 0
C@CP 3046 -0.132995098 -0.373994854 0.203673289 0 0 0
C@CP 3047 -0.183698419 -0.0508717955 -0.00634561927 0 0 0
C@CP 3048 0.384136249 0.175017321 0.147990682 0 0 0
C@CP 3049 0.206547249 -0.199142498 -0.103243739 0 0 0
C@CP 3050 -0.446777793 -0.0525679534 0.043251064 0 0 0
C@CP 3051 -0.155079576 -0.0439908412 -0.28538323 0 0 0
C@CP 3052 -0.199008575 -0.0833294163 0.332485541 0 0 0
C@CP 3053 0.154480656 0.265168829 0.0509655468 0 0 0
C@CP 3054 0.0491897575 -0.148689838 0.0107337897 0 0 0
C@CP 3055 0.247234247 0.292761105 -0.21877464 0 0 0
C@CP 3056 -0.313447245 0.0571512927 -0.241699184 0 0 0
C@CP 3057 -0.103063015 -0.221789577 0.115138417 0 0 0
C@CP 3058 -0.0266996341 -0.123520102 0.0614572626 0 0 0
C@CP 3059 -0.218959188 -0.143801334 0.109128367 0 0 0
C@CP 3060 0.351729252 0.13453455 -0.22906847 0 0 0
C@CP 3061 -0.000342126615 0.198060795 0.426709482 0 0 0
C@CP 3063 0.119912648 0.314705101 -0.214938963 0 0 0
C@CP 3064 0.108524392 0.122929034 0.165386007 0 0 0
C@CP 3065 0.0451310411 -0.249428592 -0.36197265 0 0 0
C@CP 3066 -0.14368993 -0.443148668 -0.0408638686 0 0 0
C@CP 3067 -0.404395602 -0.115826143 0.100390698 0 0 0
C@CP 3068 0.0529264551 0.282031926 -0.253522128 0 0 0
C@CP 3069 0.191540596 -0.428646272 0.0237776524 0 0 0
C@CP 3070 -0.253142603 -0.187709109 0.210074708 0 0 0
C@CP 3071 0.266237672 -0.273666234 -0.141469887 0 0 0
C@CP 3072 -0.305698093 -0.279915668 0.0432715138 0 0 0
C@CP 3073 0.0386279588 -0.316305452 -0.00543135443 0 0 0
C@CP 3074 -0.111284885 -0.0944365234 0.349287668 0 0 0
C@CP 3075 0.0439150623 -0.419452251 0.0954313537 0 0 0
C@CP 3076 -0.0875443982 0.35135986 -0.169355189 0 0 0
C@CP 3077 0.105321006 0.178443485 -0.411397213 0 0 0
C@CP 3078 -0.221875582 -0.316553642 -0.095363867 0 0 0
C@CP 3079 0.0256143162 -0.357735124 -0.142109347 0 0 0
C@CP 3080 0.368920869 0.00101984458 0.231551053 0 0 0
C@CP 3081 0.333351463 -0.00329680562 -0.0262482638 0 0 0
C@CP 3082 0.0174794097 -0.146556875 -0.161984513 0 0 0
C@CP 3083 0.10723398 -0.0767411087 0.181140572 0 0 0
C@CP 3084 0.249515286 0.202092472 0.0530231637 0 0 0
C@CP 3085 -0.0161158892 0.272126586 -0.145337646 0 0 0
C@CP 3086 0.101018913 0.404748629 -0.0197500885 0 0 0
C@CP 3087 0.153687433 -0.343745522 0.0277232071 0 0 0
C@CP 3088 0.00995200367 0.459216795 0.0359369542 0 0 0
C@CP 3089 0.197967312 0.202367385 -0.19812772 0 0 0
C@CP 3090 0.379845289 -0.0177314467 -0.238553606 0 0 0
C@CP 3091 -0.156164583 0.115893882 -0.118035821 0 0 0
C@CP 3092 0.20030764 0.0230682849 -0.014102741 0 0 0
C@CP 3093 0.0562449209 -0.352177953 0.0689599452 0 0 0
C@CP 3094 -0.121670452 0.229692027 -0.0565081112 0 0 0
C@CP 3095 -0.275330772 0.0441472341 0.0865250086 0 0 0
C@CP 3096 -0.0883063664 -0.214034722 0.101575051 0 0 0
C@CP 3097 -0.272266661 0.156382962 -0.342467519 0 0 0
C@CP 3098 0.170609127 -0.392799797 -0.0784002773 0 0 0
C@CP 3099 -0.291584578 0.0408635241 0.179819272 0 0 0
C@CP 3100 -0.135702363 0.343706217 0.122263052 0 0 0
C@CP 3101 0.320767302 0.0794286495 -0.122442889 0 0 0
C@CP 3102 0.129694841 -0.203578513 0.301608004 0 0 0
C@CP 3103 0.354422054 -0.00922203633 -0.303620977 0 0 0
C@CP 3104 0.341631327 -0.181174899 0.166167439 0 0 0
C@CP 3105 -0.0535676534 0.294193911 -0.0651333555 0 0 0
C@CP 3106 0.296537253 0.0620351325 0.348810957 0 0 0
C@CP 3107 0.245809485 -0.0411285669 0.226548651 0 0 0
C@CP 3108 0.0331095186 0.39444766 0.0680110359 0 0 0
C@CP 3109 0.150746337 0.186387422 0.350283708 0 0 0
C@CP 3110 -0.325404138 0.149271813 -0.00674695481 0 0 0
C@CP 3111 -0.129759648 0.202804771 -0.340161586 0 0 0
C@CP 3112 -0.17452559 0.174955702 0.36446454 0 0 0
C@CP 3113 -0.261716354 0.183345264 -0.146981838 0 0 0
C@CP 3114 -0.169204508 -0.0894485885 0.0369904595 0 0 0
C@CP 3115 -0.131170684 0.0350669105 0.186486271 0 0 0
C@CP 3116 -0.275617654 0.350426428 -0.0801626114 0 0 0
C@CP 3117 -0.243400006 0.0663483395 0.396208428 0 0 0
C@CP 3118 -0.0990519345 0.298109864 -0.212750757 0 0 0
C@CP 3119 -0.325606691 0.233994338 -0.187193425 0 0 0
C@CP 3120 -0.0236588077 -0.0224202798 0.346534684 0 0 0
C@CP 3121 -0.397910745 0.206069221 0.0602507615 0 0 0
C@CP 3123 -0.0727047634 0.0578195778 0.121948536 0 0 0
C@CP 3124 0.19484897 -0.137123807 -0.349083388 0 0 0
C@CP 3125 0.155773397 -0.300595566 -0.101602457 0 0 0
C@CP 3126 -0.292571199 0.14412922 0.0271433654 0 0 0
C@CP 3127 -0.150419381 0.273930833 -0.131973531 0 0 0
C@CP 3128 0.173025775 0.0598478698 -0.131892517 0 0 0
C@CP 3129 -0.132348284 0.0801601022 -0.124955448 0 0 0
C@CP 3130 0.19189637 0.133623194 -0.395985612 0 0 0
C@CP 3131 -0.305724102 -0.271644896 -0.171555702 0 0 0
C@CP 3132 0.0855373315 -0.192809923 0.0916438131 0 0 0
C@CP 3133 -0.0154471427 -0.339137254 -0.312116928 0 0 0
C@CP 3134 0.310711213 0.0711829075 -0.0892049582 0 0 0
C@CP 3135 0.201768675 -0.335112483 -0.113004804 0 0 0
C@CP 3136 -0.0592418414 -0.0534936965 0.228629068 0 0 0
C@CP 3137 0.0977455986 0.229438341 0.158799241 0 0 0
C@CP 3138 0.374880982 0.00795636847 -0.24329506 0 0 0
C@CP 3139 -0.152316697 0.369822331 -0.0248523128 0 0 0
C@CP 3140 0.27654216 -0.252524564 -0.0310997954 0 0 0
C@CP 3141 -0.12780341 0.0710740569 -0.0102201726 0 0 0
C@CP 3142 0.205675218 0.00960554095 0.00792939571 0 0 0
C@CP 3143 0.193314017 -0.286312377 -0.038559179 0 0 0
C@CP 3144 -0.106535515 0.197581774 0.29240787 0 0 0
C@CP 3145 0.222184784 0.215584036 0.31229159 0 0 0
C@CP 3146 -0.260397799 -0.0959674196 0.165848684 0 0 0
C@CP 3147 0.257139589 0.236962328 0.138369726 0 0 0
C@CP 3148 0.155843534 -0.366014987 0.213750738 0 0 0
C@CP 3149 -0.0838385115 0.16512586 0.102155087 0 0 0
C@CP 3150 0.235905307 0.185710205 0.271697121 0 0 0
C@CP 3151 -0.482771863 0.00301125301 0.00790506796 0 0 0
C@CP 3152 -0.208023771 0.0353192273 -0.347611647 0 0 0
C@CP 3153 -0.150989669 0.187548843 0.158813823 0 0 0
C@CP 3154 -0.124951602 -0.135606677 -0.394481964 0 0 0
C@CP 3155 0.256230464 0.173082362 0.298905874 0 0 0
C@CP 3156 -0.0953919645 0.00877585109 0.244157058 0 0 0
C@CP 3157 -0.00867776594 -0.342850206 -0.0150506153 0 0 0
C@CP 3158 0.0764205877 -0.34071332 0.0383857283 0 0 0
C@CP 3159 0.0419532412 0.299988503 -0.313764622 0 0 0
C@CP 3160 0.372042497 0.163058391 -0.116633232 0 0 0
C@CP 3161 -0.298250796 0.0888873565 0.186231355 0 0 0
C@CP 3162 0.308245864 0.195007799 0.149073229 0 0 0
C@CP 3163 0.0691495528 0.377316844 0.208332631 0 0 0
C@CP 3164 -0.125609488 -0.137044271 0.00551778781 0 0 0
C@CP 3165 -0.000166177947 0.0491424913 -0.0194413019 0 0 0
C@CP 3166 0.31244757 -0.213483524 0.11148418 0 0 0
C@CP 3167 -0.163849589 -0.0584315769 -0.13720986 0 0 0
C@CP 3168 -0.0560351546 0.0816427664 0.292783435 0 0 0
C@CP 3169 -0.351297177 0.260805222 -0.12851707 0 0 0
C@CP 3170 0.0609176748 -0.0304381471 0.251836226 0 0 0
C@CP 3171 -0.353601902 0.143771349 -0.244558448 0 0 0
C@CP 3172 -0.000524219403 -0.435979273 -0.11578885 0 0 0
C@CP 3173 0.120226866 -0.277263423 0.0986701126 0 0 0
C@CP 3174 -0.224087209 -0.230554283 0.00923335858 0 0 0
C@CP 3175 0.0539020257 0.0206364272 -0.274685697 0 0 0
C@CP 3176 0.290939265 0.287494824 -0.20051823 0 0 0
C@CP 3177 -0.323529851 0.266947379 -0.0225326246 0 0 0
C@CP 3178 -0.0752625016 0.161285636 -0.0414210332 0 0 0
C@CP 3179 -0.064284909 -0.00372317572 -0.128335055 0 0 0
C@CP 3180 -0.150511862 0.2171614 0.114712813 0 0 0
C@CP 3181 0.0201107865 -0.0227701934 -0.016655069 0 0 0
C@CP 3182 -0.274306305 -0.194060006 -0.32610208 0 0 0
C@CP 3183 0.021124034 0.100999289 0.277326086 0 0 0
C@CP 3184 0.11526601 0.0224885559 0.234157581 0 0 0
C@CP 3185 0.205317771 -0.180319228 0.0662597747 0 0 0
C@CP 3186 0.414908273 -0.0755498736 0.153962313 0 0 0
C@CP 3187 -0.152811064 0.162228274 -0.112557362 0 0 0
C@CP 3188 0.205914858 0.274087047 0.248780177 0 0 0
C@CP 3189 -0.343435735 0.0775310863 0.149493661 0 0 0
C@CP 3190 0.240091478 -0.128329135 0.197790305 0 0 0
C@CP 3191 0.0426644 -0.206479332 -0.395766556 0 0 0
C@CP 3192 -0.124517989 0.328596657 -0.126504909 0 0 0
C@CP 3193 -0.132752453 0.172609207 -0.117658345 0 0 0
C@CP 3194 0.00429099385 0.187977748 0.246286049 0 0 0
C@CP 3195 0.13450131 -0.0756317447 -0.10451277 0 0 0
C@CP 3196 0.2052755 0.26105383 0.0297510228 0 0 0
C@CP 3197 0.120839368 0.200252135 -0.140280585 0 0 0
C@CP 3198 -0.287487495 -0.0112413235 -0.203461658 0 0 0
C@CP 3199 -0.149598979 0.395245583 0.0680886325 0 0 0
C@CP 3200 -0.0660997345 0.30869446 -0.354216378 0 0 0
C@CP 3201 -0.0306244762 0.365789449 -0.0440008869 0 0 0
C@CP 3202 -0.0488977397 0.0482721702 0.109409235 0 0 0
C@CP 3203 0.101837925 0.0908898915 0.321728835 0 0 0
C@CP 3204 0.349831364 0.115295893 -0.189355812 0 0 0
C@CP 3205 -0.0897343007 -0.154627785 0.186286779 0 0 0
C@CP 3206 0.320647559 0.165388586 0.160783669 0 0 0
C@CP 3207 0.194900316 -0.242397325 0.212759007 0 0 0
C@CP 3208 0.0684096276 -0.170242456 -0.11459573 0 0 0
C@CP 3209 0.0173452061 0.342713168 0.103802085 0 0 0
C@CP 3210 -0.0364442371 -0.0744009677 0.417304478 0 0 0
C@CP 3211 0.018787606 0.222114771 -0.362921994 0 0 0
C@CP 3212 -0.410347837 -0.102335722 -0.0941267828 0 0 0
C@CP 3213 -0.30785157 -0.260133744 0.192228604 0 0 0
C@CP 3214 -0.000946977554 -0.243538345 0.159044173 0 0 0
C@CP 3215 0.0769499773 0.198438554 -0.265619704 0 0 0
C@CP 3216 -0.136996635 -0.00766326602 -0.0793136584 0 0 0
C@CP 3217 0.147165572 -0.355680198 0.257410693 0 0 0
C@CP 3218 -0.0735007393 -0.112397076 -0.0146185206 0 0 0
C@CP 3219 -0.01372042 -0.215197209 0.123343002 0 0 0
C@CP 3220 0.129946209 0.346738816 -0.284068499 0 0 0
C@CP 3221 0.0800845051 0.192133656 0.0843788569 0 0 0
C@CP 3222 0.12867971 -0.0643247272 0.355605776 0 0 0
C@CP 3223 -0.0418733637 0.474502252 -0.0270395227 0 0 0
C@CP 3224 -0.23587216 -0.205059995 0.110219163 0 0 0
C@CP 3225 0.0710422335 -0.362462476 0.259153389 0 0 0
C@CP 3226 0.0923409988 -0.0221156694 0.206212657 0 0 0
C@CP 3227 0.102197164 -0.0499154588 -0.154668336 0 0 0
C@CP 3228 0.231112484 0.322828402 -0.148103378 0 0 0
C@CP 3229 -0.00319568911 -0.282283486 0.321213138 0 0 0
C@CP 3230 -0.36103464 -0.282803285 -0.103902924 0 0 0
C@CP 3231 0.066423717 0.112617431 0.373299893 0 0 0
C@CP 3232 -0.279361377 0.279619798 -0.0885651394 0 0 0
C@CP 3233 -0.232881632 0.0966531339 -0.0203539348 0 0 0
C@CP 3234 0.109051086 -0.29864414 0.218432031 0 0 0
C@CP 3235 -0.280590067 -0.330107127 0.0687655021 0 0 0
C@CP 3236 -0.041585389 0.394489503 -0.158236662 0 0 0
C@CP 3237 0.326760286 0.180192709 -0.102212395 0 0 0
C@CP 3238 -0.0730748058 0.350012458 -0.0988083594 0 0 0
C@CP 3239 0.155245124 -0.056105418 0.12459565 0 0 0
C@CP 3240 -0.203870075 -0.311749123 0.227923541 0 0 0
C@CP 3241 -0.103039335 0.21334786 -0.350542961 0 0 0
C@CP 3242 0.225425941 -0.385621266 0.13994151 0 0 0
C@CP 3243 -0.0468098947 0.438046265 0.124264876 0 0 0
C@CP 3244 0.0669603192 0.105620303 0.343764105 0 0 0
C@CP 3245 -0.244710695 0.157410691 0.348819823 0 0 0
C@CP 3246 -0.41691998 -0.126586527 -0.173065731 0 0 0
C@CP 3247 -0.220797721 -0.100968031 -0.13240831 0 0 0
C@CP 3248 -0.349123278 0.120469161 0.0415907282 0 0 0
C@CP 3249 -0.297993574 -0.271896096 -0.0113039379 0 0 0
C@CP 3250 0.240473788 -0.374711047 -0.0554557535 0 0 0
C@CP 3251 0.126073704 0.0997538515 0.285552675 0 0 0
C@CP 3252 -0.332500916 -0.1429657 -0.268051303 0 0 0
C@CP 3253 -0.140764381 -0.322577766 0.0897589294 0 0 0
C@CP 3254 0.179786006 -0.244388798 0.232039045 0 0 0
C@CP 3255 -0.0973817245 0.294905308 -0.186612424 0 0 0
C@CP 3256 -0.32671071 0.162896763 0.210482799 0 0 0
C@CP 3257 0.158071036 -0.265504852 0.0786308756 0 0 0
C@CP 3258 0.272587075 0.0276578539 -0.162257223 0 0 0
C@CP 3259 0.0654669851 -0.261425815 -0.358704404 0 0 0
C@CP 3260 0.276637844 -0.295360066 0.100212305 0 0 0
C@CP 3261 0.361795156 0.214211194 -0.110703004 0 0 0
C@CP 3262 -0.331836373 -0.248415192 -0.145757468 0 0 0
C@CP 3263 0.25144634 0.0712264018 0.160994727 0 0 0
C@CP 3264 -0.299046146 -0.073367929 -0.319343743 0 0 0
C@CP 3265 0.366386666 -0.180340817 -0.0115100598 0 0 0
C@CP 3266 0.350526587 0.0296075462 0.208733118 0 0 0
C@CP 3267 0.334260698 -0.1296246 0.150387338 0 0 0
C@CP 3268 -0.0414557026 0.00726967398 0.435608718 0 0 0
C@CP 3269 0.0913354797 -0.173394862 -0.08684572 0 0 0
C@CP 3270 0.118232985 0.285554325 0.0512323364 0 0 0
C@CP 3271 -0.163124829 -0.173712704 -0.267054023 0 0 0
C@CP 3272 -0.085597825 -0.066739464 -0.414621696 0 0 0
C@CP 3273 -0.14770159 0.00176852795 0.247958171 0 0 0
C@CP 3274 0.214224282 0.0856948971 0.0316492388 0 0 0
C@CP 3275 0.322183008 -0.0357948548 -0.327969094 0 0 0
C@CP 3276 0.265724102 0.121639136 -0.0372656456 0 0 0
C@CP 3277 -0.10584549 -0.258427747 -0.0498814437 0 0 0
C@CP 3278 0.407535986 -0.124309962 -0.0846824611 0 0 0
C@CP 3279 0.0267960973 -0.0415867975 0.371344706 0 0 0
C@CP 3280 0.0603123215 -0.344335667 0.203120053 0 0 0
C@CP 3281 -0.251007376 -0.123764123 0.276311933 0 0 0
C@CP 3282 -0.0426225449 0.0779177526 0.118299155 0 0 0
C@CP 3283 0.387794607 -0.145201609 -0.206930314 0 0 0
C@CP 3284 -0.0388998825 0.236951783 -0.0494266813 0 0 0
C@CP 3285 -0.0421791262 -0.124918889 0.180479809 0 0 0
C@CP 3286 0.0909717356 -0.0270570685 0.352059034 0 0 0
C@CP 3287 0.175899463 0.225386442 0.193034896 0 0 0
C@CP 3288 -0.256923722 -0.112850431 -0.188062305 0 0 0
C@CP 3289 -0.238843201 0.156043809 -0.180613236 0 0 0
C@CP 3290 0.314220978 -0.253733318 -0.212862936 0 0 0
C@CP 3291 0.383184258 0.100282486 0.0823718011 0 0 0
C@CP 3292 0.0702827625 -0.119329868 -0.41162283 0 0 0
C@CP 3293 0.0406464868 0.0250053422 -0.0651681344 0 0 0
C@CP 3294 0.0133438425 -0.0648630861 0.406527423 0 0 0
C@CP 3295 -0.0944746754 -0.155863427 0.269711611 0 0 0
C@CP 3296 0.158087054 -0.304420525 -0.223168351 0 0 0
C@CP 3297 -0.315640583 0.0701601036 -0.182239031 0 0 0
C@CP 3298 0.301245582 -0.112276632 0.319100284 0 0 0
C@CP 3299 0.313111785 0.0272521025 -0.16369322 0 0 0
C@CP 3300 -0.0570049643 -0.188972567 -0.331495408 0 0 0
C@CP 3301 -0.114214872 -0.270598394 0.185392703 0 0 0
C@CP 3302 0.0626532398 -0.0294985668 0.11120504 0 0 0
C@CP 3303 -0.190907542 0.0707274519 -0.160028513 0 0 0
C@CP 3304 0.222575917 0.223675399 -0.149422438 0 0 0
C@CP 3305 0.328332506 -0.259331485 -0.0696077226 0 0 0
C@CP 3306 0.060573851 0.053659206 -0.263407634 0 0 0
C@CP 3307 -0.231798943 0.151062346 -0.387463174 0 0 0
C@CP 3308 -0.0419412183 -0.0523813332 0.106699797 0 0 0
C@CP 3309 0.304592212 -0.279803743 0.188317098 0 0 0
C@CP 3310 0.0953106454 -0.135015963 -0.296725692 0 0 0
C@CP 3311 0.401186795 -0.229810996 -0.0172930755 0 0 0
C@CP 3312 -0.0447397054 -0.248455163 0.166483359 0 0 0
C@CP 3313 0.152112329 -0.177446057 -0.126338641 0 0 0
C@CP 3314 -0.161504246 0.243842996 -0.360647479 0 0 0
C@CP 3315 0.169781269 -0.314482162 -0.122827672 0 0 0
C@CP 3316 0.299209168 0.135725307 -0.177182457 0 0 0
C@CP 3317 0.146476621 0.0988584294 -0.0330758494 0 0 0
C@CP 3318 -0.111640535 0.270332523 -0.29264264 0 0 0
C@CP 3319 -0.149923389 0.312217852 -0.159498843 0 0 0
C@CP 3320 -0.388380779 0.0277424584 -0.0953353897 0 0 0
C@CP 3321 -0.1747212 -0.285289962 -0.0519743425 0 0 0
C@CP 3322 0.0894906906 0.448155359 0.0459357344 0 0 0
C@CP 3323 -0.0891904198 -0.0390229444 0.385492569 0 0 0
C@CP 3324 -0.105779263 0.221800955 0.220734383 0 0 0
C@CP 3325 0.320391681 0.228547396 0.0654714075 0 0 0
C@CP 3326 -0.0587325003 0.191864882 -0.426105675 0 0 0
C@CP 3327 0.23026535 0.304619302 0.247753034 0 0 0
C@CP 3328 0.216171 0.312000667 0.0974763219 0 0 0
C@CP 3329 -0.0769437068 0.131184953 -0.212932807 0 0 0
C@CP 3330 -0.0755387637 0.334589462 0.182355935 0 0 0
C@CP 3331 -0.33043156 0.27477616 -0.151257426 0 0 0
C@CP 3332 -0.3105341 -0.291228939 0.155834762 0 0 0
C@CP 3333 -0.161732231 0.149772502 0.177854364 0 0 0
C@CP 3334 -0.173812589 0.0833870594 -0.352408707 0 0 0
C@CP 3335 -0.0862381878 -0.0854364948 0.371924502 0 0 0
C@CP 3336 -0.316595552 -0.0863419652 -0.185586835 0 0 0
C@CP 3337 0.332731712 -8.22823723e-05 0.158487793 0 0 0
C@CP 3338 -0.0564099822 0.218728573 0.219988473 0 0 0
C@CP 3339 -0.228848087 -0.15487551 0.0311630505 0 0 0
C@CP 3340 0.30434509 0.332334727 0.051699034 0 0 0
C@CP 3341 -0.141646999 0.158822459 0.162960021 0 0 0
C@CP 3342 -0.318993084 -0.00217962445 -0.137244454 0 0 0
C@CP 3343 -0.258481777 0.00335154253 0.295028145 0 0 0
C@CP 3344 -0.0413628875 0.0855211789 -0.12519043 0 0 0
C@CP 3345 0.252718955 0.282423528 -0.215190785 0 0 0
C@CP 3346 -0.013083149 0.374736468 -0.017572646 0 0 0
C@CP 3347 -0.0167888666 0.24440924 -0.34926808 0 0 0
C@CP 3348 0.00326358863 0.230751429 -0.247925723 0 0 0
C@CP 3349 -0.0220158961 -0.330384933 -0.195864798 0 0 0
C@CP 3350 -0.26899152 -0.1648691 -0.0305989032 0 0 0
C@CP 3351 -0.363513187 -0.0740016388 -0.0141024777 0 0 0
C@CP 3352 -0.0910119804 -0.0869161819 0.319506019 0 0 0
C@CP 3353 -0.31681422 0.195221563 0.0374708613 0 0 0
C@CP 3354 -0.11372175 -0.431561436 0.00135145421 0 0 0
C@CP 3355 0.0688699332 0.151116359 0.237838891 0 0 0
C@CP 3356 -0.268234936 0.174784251 0.33762622 0 0 0
C@CP 3357 -0.157382195 0.0731771781 0.0540466892 0 0 0
C@CP 3358 0.138683554 0.194178563 -0.0691682104 0 0 0
C@CP 3359 0.0699904243 -0.0745953174 -0.303348994 0 0 0
C@CP 3360 0.0446908964 -0.134844995 -0.212471673 0 0 0
C@CP 3361 -0.0362510952 -0.167630103 0.00284104369 0 0 0
C@CP 3362 0.178333021 -0.382041858 -0.0266080566 0 0 0
C@CP 3363 0.226277398 -0.0789654128 -0.296782923 0 0 0
C@CP 3364 0.299832004 -0.224903617 0.1117152 0 0 0
C@CP 3365 -0.121755117 -0.182880562 -0.0100465395 0 0 0
C@CP 3366 -0.0254353168 0.2223958 0.0986787923 0 0 0
C@CP 3367 0.0103319024 -0.26776051 -0.278877242 0 0 0
C@CP 3368 0.261898746 -0.05272862 -0.198594815 0 0 0
C@CP 3369 0.365605556 -0.220677116 0.119166888 0 0 0
C@CP 3370 -0.0889265832 0.0829803361 0.0963141589 0 0 0
C@CP 3371 -0.0473847577 -0.236623225 -0.283886012 0 0 0
C@CP 3372 -0.329938998 0.126330947 0.243558503 0 0 0
C@CP 3373 0.244526534 0.0358787911 -0.305305201 0 0 0
C@CP 3374 -0.0498238419 0.135670123 -0.0859973784 0 0 0
C@CP 3375 -0.00410240578 0.0217840865 -0.00378442191 0 0 0
C@CP 3376 -0.229635129 -0.188288389 0.267161442 0 0 0
C@CP 3377 -0.0515501282 0.10404762 0.378629369 0 0 0
C@CP 3378 0.265027372 0.328361581 -0.0791713808 0 0 0
C@CP 3379 -0.11231944 -0.206515317 -0.161495226 0 0 0
C@CP 3380 0.330761857 -0.132844201 -0.122976416 0 0 0
C@CP 3381 0.406889317 -0.157533946 -0.155620528 0 0 0
C@CP 3382 -0.0129704738 -0.485187158 -0.0225802939 0 0 0
C@CP 3383 -0.0241947234 0.127766492 0.15542705 0 0 0
C@CP 3384 -0.279176279 0.0539295249 0.355202171 0 0 0
C@CP 3385 -0.224468466 0.342824613 -0.0398406089 0 0 0
C@CP 3386 0.273920065 -0.104227948 0.292263889 0 0 0
C@CP 3387 0.018857298 -0.245795792 0.0950920553 0 0 0
C@CP 3388 -0.389580448 -0.0387742781 -0.218385675 0 0 0
C@CP 3389 -0.0697789605 -0.326055998 -0.240478877 0 0 0
C@CP 3390 0.155482256 -0.0710305434 0.0762560818 0 0 0
C@CP 3391 0.242457832 0.272171392 0.0422944407 0 0 0
C@CP 3392 -0.109458968 -0.0711892042 -0.420620617 0 0 0
C@CP 3393 -0.085772487 0.363141689 -0.235189781 0 0 0
C@CP 3394 0.00213291061 0.0356434104 0.419837898 0 0 0
C@CP 3395 -0.231235068 -0.112215601 0.0680138877 0 0 0
C@CP 3396 0.0933255824 -0.412939985 0.0239896927 0 0 0
C@CP 3397 0.363983824 0.0953246208 -0.205602298 0 0 0
C@CP 3398 -0.041974714 0.297108803 0.13788225 0 0 0
C@CP 3399 -0.0881742411 0.265823087 0.0578656767 0 0 0
C@CP 3400 0.236144282 0.107484015 0.154103931 0 0 0
C@CP 3401 -0.00239001722 0.1323368 -0.23158495 0 0 0
C@CP 3402 0.22964289 0.260002759 -0.16520234 0 0 0
C@CP 3403 0.0803339271 0.312295311 0.275884935 0 0 0
C@CP 3404 0.0379734776 0.128434864 0.264729713 0 0 0
C@CP 3405 0.149255535 -0.232277645 0.271896528 0 0 0
C@CP 3406 -0.0617840938 0.0271580187 -0.32902246 0 0 0
C@CP 3407 -0.0231378285 -0.376816137 -0.0676330116 0 0 0
C@CP 3408 -0.416814301 -0.0157502504 -0.244570371 0 0 0
C@CP 3409 -0.336304065 -0.266357143 -0.0639508586 0 0 0
C@CP 3410 -0.00748674725 -0.0589575972 0.248279366 0 0 0
C@CP 3411 0.277084098 -0.23577105 -0.168080676 0 0 0
C@CP 3412 -0.0118501332 0.291887521 0.0774862928 0 0 0
C@CP 3413 -0.266702735 0.0533701261 0.307180434 0 0 0
C@CP 3414 0.318875818 0.000346215488 0.217262454 0 0 0
C@CP 3415 0.366900934 -0.0304827185 -0.270730976 0 0 0
C@CP 3416 0.182453316 -0.098644361 -0.118836309 0 0 0
C@CP 3417 0.125416788 -0.148387474 0.139554737 0 0 0
C@CP 3418 -0.07884821 0.391448825 0.0477648249 0 0 0
C@CP 3419 -0.0357007543 -0.156607022 0.280324873 0 0 0
C@CP 3420 0.313908274 0.33600257 -0.0383856995 0 0 0
C@CP 3421 0.148812682 0.0939505856 -0.110391963 0 0 0
C@CP 3422 0.0292809106 -0.366573816 0.107883257 0 0 0
C@CP 3423 -0.310649694 0.0991464785 -0.203208003 0 0 0
C@CP 3424 0.0847297038 0.366686986 0.0181482696 0 0 0
C@CP 3425 -0.0934730143 0.426588484 0.137584126 0 0 0
C@CP 3426 -0.356190928 0.125803437 0.133507924 0 0 0
C@CP 3427 0.300154798 0.147153243 0.0341095056 0 0 0
C@CP 3428 0.0469781273 -0.145957537 0.409340971 0 0 0
C@CP 3430 0.102202768 -0.0435815017 0.325733429 0 0 0
C@CP 3431 0.158940833 0.155537792 0.250699844 0 0 0
C@CP 3432 -0.254865612 0.193493655 -0.204590559 0 0 0
C@CP 3433 -0.190261881 0.0515955043 0.326241814 0 0 0
C@CP 3434 0.247063011 -0.161840072 0.271806862 0 0 0
C@CP 3435 -0.0702045057 -0.185442621 -0.224146984 0 0 0
C@CP 3436 0.204319685 0.143982649 0.027523351 0 0 0
C@CP 3437 -0.0565256281 -0.30690889 -0.0132299793 0 0 0
C@CP 3438 0.357751255 0.0319024459 -0.102060659 0 0 0
C@CP 3439 -0.0776216247 -0.0748244553 -0.0419819739 0 0 0
C@CP 3440 0.216841581 -0.0491304781 -0.120457688 0 0 0
C@CP 3441 -0.202629925 0.213946764 0.0432624589 0 0 0
C@CP 3442 0.224847004 0.144821093 -0.33019709 0 0 0
C@CP 3443 0.0883480312 0.206452828 -0.163381485 0 0 0
C@CP 3444 0.196562343 -0.241285045 -0.336014174 0 0 0
C@CP 3445 -0.0205414533 0.0949070792 0.0891008141 0 0 0
C@CP 3446 -0.37143754 0.0117380224 0.148739853 0 0 0
C@CP 3447 0.0165424734 -0.124641172 0.336116656 0 0 0
C@CP 3448 -0.0788723795 0.140163747 -0.161064553 0 0 0
C@CP 3449 0.0834491628 0.181719455 0.0674199419 0 0 0
C@CP 3450 -0.347954325 -0.266438491 -0.0354797825 0 0 0
C@CP 3451 0.233706107 0.25601956 -0.152642259 0 0 0
C@CP 3452 0.188491234 0.336608499 0.245518027 0 0 0
C@CP 3453 0.0697382009 -0.330682207 0.143404935 0 0 0
C@CP 3454 0.338160214 -0.0552811535 0.319505938 0 0 0
C@CP 3455 -0.3051878 -0.252414639 0.0560968305 0 0 0
C@CP 3456 0.234535764 0.277992366 -0.152695961 0 0 0
C@CP 3457 0.406331182 0.219972625 -0.0619255134 0 0 0
C@CP 3458 0.357078997 -0.110672164 -0.101569047 0 0 0
C@CP 3459 0.235450246 -0.390408739 -0.0121174178 0 0 0
C@CP 3460 -0.144704819 -0.081799977 0.102664547 0 0 0
C@CP 3461 0.320242199 -0.0587455851 -0.252244463 0 0 0
C@CP 3462 -0.0260199702 0.187972049 0.29442468 0 0 0
C@CP 3463 0.231735969 -0.13859523 -0.0539443389 0 0 0
C@CP 3464 -0.0902599909 0.407227214 -0.206797269 0 0 0
C@CP 3465 0.273055861 0.00314679316 0.059824348 0 0 0
C@CP 3466 0.136257244 0.18737838 0.335981504 0 0 0
C@CP 3467 0.0733552312 0.0635940484 0.313985282 0 0 0
C@CP 3468 0.334488608 -0.0408298543 -0.0138568445 0 0 0
C@CP 3470 -0.0925986655 0.16430251 -0.419336868 0 0 0
C@CP 3471 -0.103766939 -0.16697916 0.411326793 0 0 0
C@CP 3472 -0.0739098458 0.377856889 0.26381515 0 0 0
C@CP 3473 0.000826144827 -0.274485208 0.369827374 0 0 0
C@CP 3474 -0.269412661 -0.177371249 -0.140141761 0 0 0
C@CP 3475 0.252064273 0.337188455 -0.191214433 0 0 0
C@CP 3476 0.401479687 -0.00279085156 0.0879548601 0 0 0
C@CP 3477 -0.263029539 -0.0523470418 0.16621566 0 0 0
C@CP 3478 -0.197981932 0.121786756 -0.296283659 0 0 0
C@CP 3479 0.107295227 -0.0441245546 -0.064581501 0 0 0
C@CP 3481 -0.377612992 -0.0450468237 -0.0661393955 0 0 0
C@CP 3482 -0.0382972707 -0.15749725 -0.439268134 0 0 0
C@CP 3483 0.160944371 -0.165385054 -0.257480894 0 0 0
C@CP 3484 0.00698535427 0.090114161 0.306292131 0 0 0
C@CP 3485 -0.269061154 0.0134796848 0.258770401 0 0 0
C@CP 3486 -0.181537391 0.166786981 0.0306496321 0 0 0
C@CP 3487 0.196126895 0.402914499 -0.109221642 0 0 0
C@CP 3488 -0.168339546 -0.097547214 -0.313513567 0 0 0
C@CP 3489 -0.397247383 0.029229761 0.254219873 0 0 0
C@CP 3490 -0.164560161 -0.222326944 0.18733321 0 0 0
C@CP 3491 0.115059281 -0.125248811 0.0885411208 0 0 0
C@CP 3492 0.163118514 0.0999953812 -0.366462898 0 0 0
C@CP 3493 -0.264619931 -0.100304193 -0.276326117 0 0 0
C@CP 3494 0.0209499368 -0.379573352 0.0286756435 0 0 0
C@CP 3495 -0.172524921 0.0530534286 -0.0602819598 0 0 0
C@CP 3496 0.113079367 -0.0253410807 0.447176591 0 0 0
C@CP 3497 -0.0142171181 -0.130994216 -0.0206689479 0 0 0
C@CP 3499 -0.379401584 0.117287022 -0.00937609216 0 0 0
B@CP 3501 -0.107895828 0.168522567 0.105842513 0 0 0
C@CP 3502 -0.104652202 -0.165646126 0.323756906 0 0 0
B@CP 3504 0.296147945 -0.205605524 -0.0953601607 0 0 0
C@CP 3505 0.342291331 -0.198948678 -0.245727388 0 0 0
B@CP 3507 0.0835248831 -0.151637278 -0.133580069 0 0 0
C@CP 3508 -0.190925628 -0.0515564224 0.240584385 0 0 0
B@CP 3510 -0.128025864 0.335280458 -0.015461714 0 0 0
C@CP 3511 0.190619748 -0.11656528 -0.116386832 0 0 0
B@CP 3513 -0.0445607742 -0.0356257097 -0.0937905632 0 0 0
C@CP 3514 -0.235258804 0.0521646543 -0.13011334 0 0 0
B@CP 3516 0.180661953 0.169706631 -0.327339582 0 0 0
C@CP 3517 0.273897768 0.189727644 -0.324936769 0 0 0
B@CP 3519 -0.167093139 0.203584879 -0.281433931 0 0 0
B@CP 3521 0.0257731814 0.13691853 0.255761024 0 0 0
C@CP 3522 0.202334051 0.0289764068 0.352291149 0 0 0
C@CP 3523 -0.133004235 -0.262192132 0.287318285 0 0 0
B@CP 3525 -0.246601143 -0.0614798622 0.246195083 0 0 0
C@CP 3526 0.0527675809 -0.0890807284 -0.315957529 0 0 0
B@CP 3528 0.243558219 0.0651926583 0.146562322 0 0 0
C@CP 3529 -0.0452114685 -0.120556928 0.0714232443 0 0 0
B@CP 3531 -0.0781770908 -0.0628369067 -0.430314645 0 0 0
C@CP 3532 -0.345213265 0.0364228725 -0.254530552 0 0 0
B@CP 3534 0.135408869 0.109623004 0.124560682 0 0 0
C@CP 3535 0.0549887756 0.132234341 -0.116267379 0 0 0
B@CP 3537 0.24208042 0.262534281 0.0715721247 0 0 0
C@CP 3538 0.0026269598 -0.375937311 -0.00512087026 0 0 0
B@CP 3540 0.125386354 -0.0182033975 -0.440528105 0 0 0
C@CP 3541 -0.378264077 -0.194844824 -0.172110493 0 0 0
B@CP 3543 0.158431153 -0.393200454 0.0905761226 0 0 0
C@CP 3544 0.1393375 -0.0967148551 0.401455374 0 0 0
B@CP 3546 -0.0813645902 -0.0995385293 0.413868471 0 0 0
C@CP 3547 -0.0431711428 0.101743739 -0.190065714 0 0 0
B@CP 3549 0.0165875654 -0.214360014 -0.0791634856 0 0 0
C@CP 3550 0.0691900923 -0.0280764795 -0.391637829 0 0 0
