B@CP 1000 -0.220316875 -0.0365406271 -0.39931301 0 0 0
B@CP 1002 -0.134314953 -0.0141111315 -0.440200774 0 0 0
B@CP 1003 -0.223969222 0.138191535 -0.015034027 0 0 0
B@CP 1006 0.465789781 0.0679815145 0.0447186259 0 0 0
B@CP 1007 0.258645348 -0.184470595 -0.1468576 0 0 0
B@CP 1008 -0.421154222 0.0710740898 0.0490598913 0 0 0
B@CP 1011 -0.225723671 -0.187569719 -0.286839597 0 0 0
B@CP 1015 0.282278905 -0.320351656 0.174221122 0 0 0
B@CP 1019 0.0455678118 0.169462732 0.00768709759 0 0 0
B@CP 1024 -0.257250893 0.352448111 0.121999231 0 0 0
B@CP 1036 -0.292748188 -0.0387103164 0.23442264 0 0 0
B@CP 1037 0.211055244 0.00711051144 -0.162190046 0 0 0
B@CP 1042 -0.0555789154 0.109387624 -0.229733114 0 0 0
B@CP 1045 -0.270786231 0.246294614 0.00692461832 0 0 0
B@CP 1047 0.0884054714 0.105778901 -0.046730393 0 0 0
B@CP 1049 0.11530609 -0.218914731 -0.390106885 0 0 0
B@CP 1052 0.0303055762 -0.116647505 -0.349388584 0 0 0
B@CP 1056 -0.398683967 -0.0263117254 0.00547199028 0 0 0
B@CP 1058 -0.0866441362 0.0426996706 -0.136948538 0 0 0
B@CP 1062 0.272007239 -0.262650721 -0.0608865829 0 0 0
B@CP 1063 -0.0496359282 0.449317148 -0.108459153 0 0 0
B@CP 1064 0.261408343 0.00205657484 -0.268254154 0 0 0
B@CP 1066 -0.0309336522 -0.0266157382 -0.373555814 0 0 0
B@CP 1067 0.176175026 -0.351222824 0.0982837823 0 0 0
B@CP 1073 -0.270623919 0.0428268435 0.177742157 0 0 0
B@CP 1078 0.225217721 -0.00520407572 -0.152857613 0 0 0
B@CP 1080 0.114289696 0.30072248 -0.278417346 0 0 0
B@CP 1083 -0.0573905121 -0.022942558 0.227124579 0 0 0
B@CP 1087 0.014612913 -0.242108653 0.225137844 0 0 0
B@CP 1088 -0.0184872582 -0.352385627 0.281050649 0 0 0
B@CP 1089 -0.0963921796 -0.279177035 0.150326238 0 0 0
B@CP 1090 -0.0624090956 0.188968496 -0.240103116 0 0 0
B@CP 1091 0.178707054 0.19656624 -0.176343679 0 0 0
B@CP 1096 -0.171758717 -0.266864931 -0.253708498 0 0 0
B@CP 1101 -0.139844562 0.270617694 0.122216677 0 0 0
B@CP 1103 -0.0807452805 -0.0276472481 0.0206859279 0 0 0
B@CP 1105 -0.339525459 -0.294238773 0.0540191082 0 0 0
B@CP 1107 -0.347395149 0.176929472 0.0699109515 0 0 0
B@CP 1110 0.257455466 0.191070609 -0.0113251624 0 0 0
B@CP 1113 -0.0234243606 0.32732432 0.0211405747 0 0 0
B@CP 1116 -0.0961411413 -0.0735940585 -0.11668161 0 0 0
B@CP 1117 0.0200713682 0.160670346 -0.399920612 0 0 0
B@CP 1118 -0.104468106 0.0441256545 0.00936187587 0 0 0
B@CP 1119 -0.136890383 0.146081814 0.233805902 0 0 0
B@CP 1121 0.188899284 0.193457967 -0.0300476202 0 0 0
B@CP 1125 0.0301256142 0.165888383 -0.101220091 0 0 0
B@CP 1129 0.211672739 -0.0502846214 -0.236614263 0 0 0
B@CP 1130 0.0321912888 -0.0757440713 0.108307624 0 0 0
B@CP 1131 -0.322939347 -0.307601681 0.109819179 0 0 0
B@CP 1133 -0.0592702447 -0.39720857 0.0423456691 0 0 0
B@CP 1136 0.389338789 -0.22397038 0.032427463 0 0 0
B@CP 1139 -0.0577840362 0.146593251 0.361016812 0 0 0
B@CP 1145 -0.169800671 -0.277242676 0.232633569 0 0 0
B@CP 1148 -0.203910236 -0.297844406 -0.10322814 0 0 0
B@CP 1151 -0.139931793 -0.0935860779 0.285742084 0 0 0
B@CP 1156 -0.1191411 0.232978044 -0.239569317 0 0 0
B@CP 1157 0.296136523 -0.197927283 0.0493503666 0 0 0
B@CP 1163 0.00474686642 0.365929885 0.0608857644 0 0 0
B@CP 1165 -0.219443642 0.236540218 -0.29972898 0 0 0
B@CP 1167 0.190808085 -0.353076328 -0.0691885888 0 0 0
B@CP 1170 0.179034916 -0.27279995 0.209347462 0 0 0
B@CP 1173 0.337483546 0.047924908 -0.0791027499 0 0 0
B@CP 1175 -0.388442412 0.0252521211 -0.0242161172 0 0 0
B@CP 1176 0.0690042711 0.342922392 -0.215828226 0 0 0
B@CP 1178 -0.078491961 0.0377125802 -0.295383265 0 0 0
B@CP 1180 -0.00448638445 -0.0991104099 -0.321195429 0 0 0
B@CP 1188 -0.0635945993 0.219799728 -0.0398176279 0 0 0
B@CP 1189 -0.0026786231 -0.230825421 -0.177627795 0 0 0
B@CP 1191 -0.11969651 -0.14889258 -0.412043501 0 0 0
B@CP 1196 0.120512722 -0.23809984 -0.246938477 0 0 0
B@CP 1201 -0.244109934 0.121507505 0.228872879 0 0 0
B@CP 1203 -0.2112568 -0.19598526 -0.377201932 0 0 0
B@CP 1205 0.317009051 -0.0611468865 0.202270517 0 0 0
B@CP 1206 -0.0492523247 -0.119085783 -0.431253664 0 0 0
B@CP 1210 0.222948606 -0.0599453704 0.276370721 0 0 0
B@CP 1212 -0.172986981 -0.110422183 -0.169169287 0 0 0
B@CP 1214 0.157406891 -0.0502644396 -0.195186145 0 0 0
B@CP 1215 0.307103794 -0.0959099816 0.137644581 0 0 0
B@CP 1216 0.0743768936 -0.221754081 -0.0569237945 0 0 0
B@CP 1222 0.27322571 0.279102334 0.00965831422 0 0 0
B@CP 1226 -0.0636764176 0.230288871 0.0776461362 0 0 0
B@CP 1232 -0.139171249 0.155586867 0.209589492 0 0 0
B@CP 1238 0.14492808 -0.249731157 0.20262492 0 0 0
B@CP 1242 0.179365176 -0.153919957 0.0189297064 0 0 0
B@CP 1243 -0.0766252886 -0.0170301429 -0.12216944 0 0 0
B@CP 1246 -0.00712709748 -0.0391120872 0.471829891 0 0 0
B@CP 1247 0.143829252 0.235371589 0.355850695 0 0 0
B@CP 1250 0.426812983 0.0647966524 -0.0382522732 0 0 0
B@CP 1253 -0.099153023 -0.228256421 -0.274562645 0 0 0
B@CP 1255 0.184809666 -0.0191395967 0.259823635 0 0 0
B@CP 1256 0.025430452 -0.249034399 0.383715092 0 0 0
B@CP 1257 0.0245502168 0.193845514 -0.0884526522 0 0 0
B@CP 1259 -0.174839778 0.00900995704 0.352518165 0 0 0
B@CP 1263 -0.180457733 -0.0693439112 0.0349511888 0 0 0
B@CP 1264 0.318166499 -0.166465834 -0.19250674 0 0 0
B@CP 1268 -0.223444978 -0.139592708 -0.243016037 0 0 0
B@CP 1269 -0.29588189 -0.167714161 0.0825934721 0 0 0
B@CP 1273 0.386406359 -0.240377692 0.166177457 0 0 0
B@CP 1274 0.238211361 -0.23436228 0.193406977 0 0 0
B@CP 1275 -0.0461244074 0.35971464 -0.192980924 0 0 0
B@CP 1276 0.297904645 -0.254672388 0.242789239 0 0 0
B@CP 1282 0.0348228077 -0.00247823442 0.0785496207 0 0 0
B@CP 1283 0.0142813465 -0.328417748 -0.0038460207 0 0 0
B@CP 1284 -0.145452632 -0.0276591228 -0.355936593 0 0 0
B@CP 1291 0.0839807016 0.260369043 -0.0527763988 0 0 0
B@CP 1292 -0.233959523 -0.161608673 0.147717867 0 0 0
B@CP 1305 -0.0490246566 0.147674011 0.0689582653 0 0 0
B@CP 1308 0.27044312 0.173241365 0.00239008028 0 0 0
B@CP 1312 -0.134208501 -0.164570633 -0.323802872 0 0 0
B@CP 1313 0.0368498865 0.0563437914 0.43758041 0 0 0
B@CP 1316 -0.214026673 0.116380627 -0.0571258403 0 0 0
B@CP 1317 0.0350533832 0.257605372 -0.236081817 0 0 0
B@CP 1324 -0.12890749 0.0837977644 -0.412376229 0 0 0
B@CP 1326 0.0626852802 -0.334588552 0.159785332 0 0 0
B@CP 1329 0.16890008 0.13384348 -0.200253578 0 0 0
B@CP 1331 0.285651815 0.284019298 0.0706363469 0 0 0
B@CP 1333 -0.307530468 -0.0604826504 0.037789694 0 0 0
B@CP 1340 -0.218667375 0.0655152384 -0.172831707 0 0 0
B@CP 1344 0.194240012 -0.263166319 0.255529056 0 0 0
B@CP 1348 -0.176144114 0.038775379 -0.371108359 0 0 0
B@CP 1350 -0.0806934202 -0.461322874 -0.0443832897 0 0 0
B@CP 1355 -0.392091769 -0.019015224 0.242681464 0 0 0
B@CP 1360 -0.040539163 0.433864623 0.118923674 0 0 0
B@CP 1361 -0.2798434 0.121712837 0.0768711979 0 0 0
B@CP 1362 -0.0547870456 0.252119065 0.150646194 0 0 0
B@CP 1365 -0.106455016 0.174276844 -0.0437788838 0 0 0
B@CP 1367 0.290821602 0.197557299 -0.305540261 0 0 0
B@CP 1368 0.445709277 0.102836551 0.0469818087 0 0 0
B@CP 1370 -0.22227763 -0.258623341 -0.257523554 0 0 0
B@CP 1371 -0.300777904 -0.244676855 0.199379898 0 0 0
B@CP 1376 0.0568163527 -0.147018695 0.292344863 0 0 0
B@CP 1380 -0.100673377 -0.0946794871 -0.369101538 0 0 0
B@CP 1391 -0.19349767 0.152042255 -0.0532968869 0 0 0
B@CP 1393 -0.384853502 -0.262663715 -0.00897277099 0 0 0
B@CP 1395 0.158330261 0.123969496 0.0868125896 0 0 0
B@CP 1396 -0.0599054769 -0.393973854 -0.00446049778 0 0 0
B@CP 1397 -0.12037994 0.107553167 0.0302149933 0 0 0
B@CP 1402 -0.11980623 -0.275971303 -0.295065315 0 0 0
B@CP 1404 0.0309537614 0.263217166 -0.252350026 0 0 0
B@CP 1406 -0.08031268 0.036394717 0.125408585 0 0 0
B@CP 1410 -0.0997402116 -0.249571552 -0.219889587 0 0 0
B@CP 1413 0.0161523635 0.234000237 -0.102944219 0 0 0
B@CP 1416 -0.0140636049 -0.06787373 0.0623530645 0 0 0
B@CP 1417 -0.133563559 0.287349378 -0.0624381957 0 0 0
B@CP 1419 -0.410176852 -0.08500957 0.0346656103 0 0 0
B@CP 1428 0.301397367 -0.000386406215 0.0226640084 0 0 0
B@CP 1430 -0.379086911 -0.178409217 -0.189827327 0 0 0
B@CP 1431 -0.0489810673 0.113020456 -0.392938689 0 0 0
B@CP 1435 0.208181656 -0.170020142 -0.025452613 0 0 0
B@CP 1437 0.217402491 0.114184027 0.130401507 0 0 0
B@CP 1443 0.0552293171 0.421863578 -0.0486711832 0 0 0
B@CP 1445 -0.0615724307 -0.2629423 0.0869599463 0 0 0
B@CP 1446 -0.0839550328 -0.168357397 -0.3617381 0 0 0
B@CP 1453 -0.0489188201 -0.085342901 -0.0996001933 0 0 0
B@CP 1454 -0.352599159 0.108731968 0.227242054 0 0 0
B@CP 1456 -0.211281123 -0.0420198462 -0.238822047 0 0 0
B@CP 1461 -0.0963973415 -0.447440943 -0.0890620993 0 0 0
B@CP 1462 -0.310493066 0.0433447875 0.281960339 0 0 0
B@CP 1463 -0.132501268 0.30025121 0.296838385 0 0 0
B@CP 1467 -0.0401952086 0.345507877 0.26578519 0 0 0
B@CP 1469 0.362479085 0.0454133098 -0.210809084 0 0 0
B@CP 1472 0.16987352 -0.11898366 -0.118023665 0 0 0
B@CP 1473 -0.0121954317 0.0236067949 -0.0978172991 0 0 0
B@CP 1477 -0.00914003361 -0.295050169 0.230050584 0 0 0
B@CP 1478 -0.348025504 -0.177171993 0.250675406 0 0 0
B@CP 1481 0.161315962 -0.0741272608 0.155649537 0 0 0
B@CP 1484 0.311459417 0.139183133 0.31215356 0 0 0
B@CP 1486 -0.289514876 -0.336976239 -0.105374972 0 0 0
B@CP 1487 -0.119290235 0.27290929 0.0688434412 0 0 0
B@CP 1488 0.167229371 0.181689652 0.201035521 0 0 0
B@CP 1492 0.00528344345 -0.0955855318 0.211465241 0 0 0
B@CP 1493 -0.194799104 0.138720742 0.368039411 0 0 0
B@CP 1495 0.393482707 0.0315444496 -0.220556449 0 0 0
B@CP 1499 0.106456104 -0.387974273 -0.095907695 0 0 0
B@CP 1501 0.295766203 0.0862549893 0.195065336 0 0 0
B@CP 1503 0.033609638 0.180880131 -0.264995205 0 0 0
B@CP 1506 -0.0940283634 0.428872607 0.0466083789 0 0 0
B@CP 1507 0.218973909 0.0706086207 0.322870212 0 0 0
B@CP 1508 -0.20883106 -0.123841592 -0.164886809 0 0 0
B@CP 1512 -0.125556111 0.122736608 0.195036933 0 0 0
B@CP 1516 0.274855953 -0.0647021394 -0.197992573 0 0 0
B@CP 1518 -0.228198936 -0.227327175 -0.302226588 0 0 0
B@CP 1523 -0.357095343 0.0921249108 0.121264709 0 0 0
B@CP 1524 0.181168272 0.151538972 -0.369463932 0 0 0
B@CP 1526 0.162587787 -0.398656068 -0.0422982517 0 0 0
B@CP 1530 0.115805192 0.064163442 -0.13409562 0 0 0
B@CP 1531 -0.00178189956 -0.399214419 -0.0898004429 0 0 0
B@CP 1532 -0.137594508 0.426219561 0.0885936338 0 0 0
B@CP 1534 0.187148692 0.241072366 -0.00246229252 0 0 0
B@CP 1535 0.307477864 -0.170726933 0.078224672 0 0 0
B@CP 1536 -0.224235779 0.0623706513 -0.388014877 0 0 0
B@CP 1541 -0.405288911 -0.0355899994 0.108853027 0 0 0
B@CP 1542 0.398174486 0.164456605 -0.0799420667 0 0 0
B@CP 1543 0.264696802 -0.32033325 -0.121129924 0 0 0
B@CP 1546 -0.102476957 -0.204165379 -0.333867819 0 0 0
B@CP 1556 0.295841554 -0.0837422394 -0.294794694 0 0 0
B@CP 1557 0.108519219 -0.176880428 -0.00290710385 0 0 0
B@CP 1558 0.329375403 0.276644574 -0.104078227 0 0 0
B@CP 1565 -0.14489847 -0.024456317 -0.419455408 0 0 0
B@CP 1568 0.239612328 -0.0223768034 0.356726807 0 0 0
B@CP 1573 0.276062133 0.1449997 -0.110270907 0 0 0
B@CP 1578 0.129177162 -0.0745378058 0.376238621 0 0 0
B@CP 1586 0.133578414 0.0559737107 0.195287737 0 0 0
B@CP 1597 -0.0757496334 -0.113244626 -0.0109230486 0 0 0
B@CP 1599 0.342731598 -0.137092604 0.221762198 0 0 0
B@CP 1600 0.190089145 0.0140234876 0.280588442 0 0 0
B@CP 1602 -0.0300882328 0.0819188575 0.0782560196 0 0 0
B@CP 1603 0.0863831742 0.0600667318 -0.291757411 0 0 0
B@CP 1604 0.130993528 0.0284783749 0.0853970701 0 0 0
B@CP 1605 -0.196176282 0.0979149075 -0.244245002 0 0 0
B@CP 1611 -0.0785199499 0.361010606 0.160155718 0 0 0
B@CP 1625 -0.391873999 -0.14782104 -0.021098681 0 0 0
B@CP 1635 0.00431721177 0.161621613 0.120491197 0 0 0
B@CP 1637 0.0313631386 -0.242161432 0.166905212 0 0 0
B@CP 1638 -0.0346893327 0.206100483 -0.077236935 0 0 0
B@CP 1640 -0.0160391034 0.219848315 0.231383347 0 0 0
B@CP 1641 -0.0504172725 -0.228124539 0.407069178 0 0 0
B@CP 1646 -0.0392997252 0.0332723881 0.433058965 0 0 0
B@CP 1650 0.316532836 -0.227823888 0.0876637957 0 0 0
B@CP 1651 0.107121804 0.366002001 0.217066556 0 0 0
B@CP 1652 0.297253723 0.10381975 -0.111791608 0 0 0
B@CP 1656 -0.0543606324 -0.253674689 -0.355863228 0 0 0
B@CP 1665 0.393813314 -0.219745466 0.0707574597 0 0 0
B@CP 1670 -0.207612891 -0.0939357211 0.0586075883 0 0 0
B@CP 1671 -0.115412794 0.252169984 -0.26118361 0 0 0
B@CP 1674 0.0318515633 -0.107067053 0.0711944305 0 0 0
B@CP 1676 0.126221854 0.266675489 0.18184855 0 0 0
B@CP 1681 7.49187634e-05 -0.209801668 0.0131946653 0 0 0
B@CP 1684 -0.00551142406 -0.311042999 0.341632797 0 0 0
B@CP 1687 0.125454605 0.227371704 0.294629509 0 0 0
B@CP 1690 0.253363422 -0.0780044769 -0.0379863299 0 0 0
B@CP 1692 0.262640775 -0.300397859 -0.00283675016 0 0 0
B@CP 1693 -0.30544951 0.107380138 0.294864661 0 0 0
B@CP 1695 -0.398409298 -0.103501318 -0.193988448 0 0 0
B@CP 1696 -0.342946738 0.136592604 0.270830817 0 0 0
B@CP 1697 -0.387607487 -0.00774266397 -0.163817368 0 0 0
B@CP 1698 0.0123547443 0.165978865 -0.436275858 0 0 0
B@CP 1699 0.151146076 -0.155469077 -0.109741295 0 0 0
B@CP 1702 0.405955638 -0.215324327 -0.0292909866 0 0 0
B@CP 1707 -0.306354394 0.011777582 -0.257238648 0 0 0
B@CP 1708 -0.373307386 -0.00815688828 0.297096128 0 0 0
B@CP 1710 0.197936908 -0.227599584 0.256429265 0 0 0
B@CP 1714 0.209650904 0.0968449295 -0.375322593 0 0 0
B@CP 1715 0.360009556 0.00196699106 0.190007281 0 0 0
B@CP 1724 -0.336748276 -0.0501480822 -0.0966425658 0 0 0
B@CP 1725 -0.136373384 0.377996527 0.167743155 0 0 0
B@CP 1726 -0.122631678 0.202748237 -0.229680054 0 0 0
B@CP 1731 0.264539468 -0.203548474 -0.257065252 0 0 0
B@CP 1733 -0.191410885 -0.0292097353 0.277479987 0 0 0
B@CP 1735 -0.12131393 0.296526098 -0.0836854681 0 0 0
B@CP 1741 0.137294734 0.34598425 -0.076328928 0 0 0
B@CP 1742 -0.16520709 0.282409989 -0.281221496 0 0 0
B@CP 1745 -0.0130470166 0.0813429224 0.240231515 0 0 0
B@CP 1747 -0.454692804 -0.0743598595 -0.0138403309 0 0 0
B@CP 1750 0.0668094804 0.0119698066 0.391950512 0 0 0
B@CP 1751 -0.0582278252 -0.00649717601 0.119401838 0 0 0
B@CP 1755 0.38088826 0.132973683 0.0470092318 0 0 0
B@CP 1757 -0.0549267385 0.0645329953 0.408279708 0 0 0
B@CP 1762 0.286269022 0.21153226 0.114803879 0 0 0
B@CP 1767 0.0582812057 -0.184089474 -0.0516862782 0 0 0
B@CP 1770 -0.0485811163 -0.191811139 0.0135448001 0 0 0
B@CP 1778 0.112830326 0.331546729 0.225018566 0 0 0
B@CP 1779 -0.158311923 0.0862119363 0.301434104 0 0 0
B@CP 1782 -0.255815663 -0.284204822 0.179550696 0 0 0
B@CP 1784 0.248550173 -0.132982165 0.276290165 0 0 0
B@CP 1793 0.160796785 -0.298676591 -0.241708265 0 0 0
B@CP 1800 -0.174440099 -0.300608514 0.135593321 0 0 0
B@CP 1803 0.364814747 0.0513643989 0.0138852982 0 0 0
B@CP 1804 0.196350024 0.109057676 0.153991463 0 0 0
B@CP 1814 -0.0294796012 -0.0883881718 -0.251203187 0 0 0
B@CP 1816 0.103754782 -0.345509602 0.0101564561 0 0 0
B@CP 1820 0.287898977 -0.0551111599 -0.237125632 0 0 0
B@CP 1822 -0.184798733 0.138101957 -0.0253655638 0 0 0
B@CP 1827 -0.284801542 -0.0478729681 0.186308967 0 0 0
B@CP 1828 0.242268882 0.362972574 -0.141899655 0 0 0
B@CP 1835 -0.354028004 -0.148904744 -0.155296392 0 0 0
B@CP 1837 0.205405187 -0.0644881084 -0.380243443 0 0 0
B@CP 1842 -0.397584404 0.196677948 -0.072522776 0 0 0
B@CP 1843 0.0332153296 -0.21615059 0.0481431843 0 0 0
B@CP 1845 0.320386368 0.191512382 -0.0922010541 0 0 0
B@CP 1848 0.0596769339 0.189380779 -0.101344226 0 0 0
B@CP 1852 0.106107356 -0.200240641 0.0228520014 0 0 0
B@CP 1856 -0.150116347 -0.232135991 0.0577373433 0 0 0
B@CP 1858 -0.0844245971 -0.191180765 -0.170842222 0 0 0
B@CP 1859 -0.280784559 0.369299208 0.0701946838 0 0 0
B@CP 1862 -0.23998778 0.3565578 0.157349944 0 0 0
B@CP 1863 -0.230644162 -0.103498213 0.0353507295 0 0 0
B@CP 1864 -0.338911872 0.0329000525 -0.187882424 0 0 0
B@CP 1867 0.155885372 -0.17510632 -0.0172723548 0 0 0
B@CP 1871 -0.0723373396 -0.0692225606 -0.392853846 0 0 0
B@CP 1873 -0.0198734497 0.174398219 -0.0288629373 0 0 0
B@CP 1876 -0.204444061 -0.00312266661 -0.241545511 0 0 0
B@CP 1878 0.0838705886 0.00772860407 0.42740466 0 0 0
B@CP 1883 -0.236715698 -0.0247288286 0.214213105 0 0 0
B@CP 1886 -0.13267935 -0.0394380887 0.312344368 0 0 0
B@CP 1891 0.123337544 -0.0167346126 0.114322372 0 0 0
B@CP 1893 0.311230816 0.291951077 -0.163012175 0 0 0
B@CP 1894 -0.139093101 -0.376883623 0.241981381 0 0 0
B@CP 1897 -0.00841748998 0.00111690292 0.412376045 0 0 0
B@CP 1901 -0.0577159386 -0.114862175 0.205973936 0 0 0
B@CP 1903 -0.189319062 0.302442704 0.136654406 0 0 0
B@CP 1905 -0.320289686 -0.0405840992 0.246836312 0 0 0
B@CP 1908 0.224036822 0.149934912 0.13265 0 0 0
B@CP 1913 0.196083501 -0.0199035822 -0.248005995 0 0 0
B@CP 1914 0.0428321273 -0.316911545 0.226313051 0 0 0
B@CP 1918 -7.53692626e-05 0.115259105 -0.256489383 0 0 0
B@CP 1919 -0.0703548694 -0.126184736 -0.394314038 0 0 0
B@CP 1924 -0.198025379 -0.156850184 0.0237043426 0 0 0
B@CP 1926 -0.412651451 0.193157915 -0.052475015 0 0 0
B@CP 1927 0.210055718 -0.105184066 0.297922805 0 0 0
B@CP 1929 0.000440810007 0.104073692 0.0784756698 0 0 0
B@CP 1936 -0.386750583 -0.245069915 0.104999717 0 0 0
B@CP 1940 0.241672589 -0.157332983 0.33432683 0 0 0
B@CP 1941 0.229071587 -0.286920804 0.00263572278 0 0 0
B@CP 1944 0.203880765 -0.31077627 0.0517526218 0 0 0
B@CP 1945 -0.0567024157 0.333290946 0.232985663 0 0 0
B@CP 1948 -0.405216849 -0.146952056 0.119453827 0 0 0
B@CP 1949 0.0384272002 0.240595577 -0.260401321 0 0 0
B@CP 1953 0.130834835 -0.264972494 0.144414801 0 0 0
B@CP 1958 0.254153099 0.0384595281 -0.320872785 0 0 0
B@CP 1959 -0.0450225277 0.155611318 -0.288699666 0 0 0
B@CP 1961 0.235737151 -0.180953734 0.154417508 0 0 0
B@CP 1963 0.0274050647 0.414975163 -0.171079437 0 0 0
B@CP 1964 -0.0640265816 -0.108516977 -0.0529326937 0 0 0
B@CP 1966 -0.181801861 0.0559169161 -0.155253507 0 0 0
B@CP 1968 -0.136214763 0.0551566412 0.092006689 0 0 0
B@CP 1969 -0.0738090718 0.251865649 0.111486622 0 0 0
B@CP 1970 0.0618717958 0.418041983 -0.0347350668 0 0 0
B@CP 1972 0.301917855 -0.00429602213 0.0471033035 0 0 0
B@CP 1973 0.293661464 0.221498211 0.265354525 0 0 0
B@CP 1978 0.133702234 -0.390414007 0.16983902 0 0 0
B@CP 1979 -0.381391577 -0.0670006093 0.0608001924 0 0 0
B@CP 1987 -0.135006478 0.065850366 0.0949142312 0 0 0
B@CP 1989 -0.105884308 0.164000644 -0.332427492 0 0 0
B@CP 1992 -0.223824649 0.111554576 -0.231710677 0 0 0
B@CP 1996 0.232706811 -0.117069597 0.00660240446 0 0 0
B@CP 1997 -0.101146275 -0.387130296 -0.0240489608 0 0 0
B@CP 2003 0.0206662522 -0.283939594 -0.365470887 0 0 0
B@CP 2006 0.17984652 0.3660068 0.0458805968 0 0 0
B@CP 2008 0.151782006 0.242099378 0.234442067 0 0 0
B@CP 2009 0.0930704639 0.182465363 -0.393748643 0 0 0
B@CP 2011 0.0667557976 0.325185951 0.272274633 0 0 0
B@CP 2013 0.21125533 0.204833628 -0.276016456 0 0 0
B@CP 2014 0.0841136249 0.205964936 -0.356882636 0 0 0
B@CP 2015 -0.279352701 0.323737392 -0.102806229 0 0 0
B@CP 2016 -0.156688378 0.129373415 -0.270797724 0 0 0
B@CP 2020 0.0467399471 0.249553777 -0.388243614 0 0 0
B@CP 2024 0.163267463 0.381572293 0.212238935 0 0 0
B@CP 2025 -0.264759363 0.142902083 -0.367959775 0 0 0
B@CP 2027 0.395264683 0.0622357473 0.138011018 0 0 0
B@CP 2028 -0.26339199 -0.224831511 0.162211729 0 0 0
B@CP 2035 -0.273718828 -0.155963389 -0.148727968 0 0 0
B@CP 2039 -0.129596784 0.204129588 0.0152953761 0 0 0
B@CP 2041 -0.310308086 0.0212664177 -0.120308482 0 0 0
B@CP 2043 0.164292578 0.155383971 -0.338165423 0 0 0
B@CP 2044 -0.024880519 -0.113675497 0.179174884 0 0 0
B@CP 2045 0.0503390896 0.330738206 -0.0882976348 0 0 0
B@CP 2062 0.234393069 -0.0927243866 0.287625939 0 0 0
B@CP 2063 -0.268541266 0.0230273672 0.254097984 0 0 0
B@CP 2066 0.0272640601 -0.23407251 -0.390614223 0 0 0
B@CP 2068 0.0827355605 -0.175907493 0.0474709358 0 0 0
B@CP 2072 -0.367934607 -0.204527235 -0.0657776268 0 0 0
B@CP 2074 0.110403764 -0.0411866715 -0.296608881 0 0 0
B@CP 2076 -0.276381542 -0.251063194 0.126887531 0 0 0
B@CP 2079 0.309784369 -0.0266796345 -0.250001938 0 0 0
B@CP 2086 -0.223690553 0.291351895 -0.0409162978 0 0 0
B@CP 2088 0.0824210266 0.142959518 -0.402727332 0 0 0
B@CP 2092 -0.213559241 0.20614728 -0.154735865 0 0 0
B@CP 2093 -0.00963881978 -0.109698714 -0.4431684 0 0 0
B@CP 2099 -0.126112414 0.134908828 -0.271683494 0 0 0
B@CP 2107 0.31458111 0.0712914569 0.290627141 0 0 0
B@CP 2114 -0.216379043 -0.11148261 0.105321845 0 0 0
B@CP 2115 -0.355748464 -0.0550019597 -0.285383633 0 0 0
B@CP 2117 -0.135480465 -0.00471706309 0.016988652 0 0 0
B@CP 2119 0.100753144 0.00993207707 0.0950450643 0 0 0
B@CP 2120 -0.21837422 -0.277198704 -0.0325533009 0 0 0
B@CP 2122 -0.342579099 -0.0695695557 -0.240592403 0 0 0
B@CP 2126 -0.0183231322 -0.202291836 0.416113122 0 0 0
B@CP 2130 -0.00471220883 0.0586696277 0.226490874 0 0 0
B@CP 2131 -0.247505117 -0.220404143 0.0498115493 0 0 0
B@CP 2132 -0.24442373 0.244526301 0.193355249 0 0 0
B@CP 2134 0.0761872157 0.354741598 0.248491527 0 0 0
B@CP 2136 -0.187647523 0.0835065489 0.392405665 0 0 0
B@CP 2137 0.325186124 0.225961604 0.24021502 0 0 0
B@CP 2138 0.277522836 -0.0809099397 0.217499993 0 0 0
B@CP 2143 0.0670713266 -0.175218598 -0.394252097 0 0 0
B@CP 2151 -0.151834755 -0.25466492 -0.295581492 0 0 0
B@CP 2152 -0.0280019928 -0.149275732 0.445037291 0 0 0
B@CP 2163 -0.12230705 -0.183465972 0.0830127464 0 0 0
B@CP 2169 0.0512073309 -0.432943232 0.0801569518 0 0 0
B@CP 2174 0.127940451 0.124427185 0.371373276 0 0 0
B@CP 2175 0.170792835 0.0183351125 0.00373715206 0 0 0
B@CP 2177 -0.242375492 -0.265664144 0.139846912 0 0 0
B@CP 2183 -0.129665644 0.11120206 0.184107707 0 0 0
B@CP 2184 -0.170392537 -0.349928448 0.238696182 0 0 0
B@CP 2195 0.243068428 -0.308382315 -0.206095686 0 0 0
B@CP 2201 0.00165518376 0.223691285 -0.408273657 0 0 0
B@CP 2202 0.0848550441 -0.343646939 -0.141688788 0 0 0
B@CP 2205 -0.224859298 0.173290773 -0.3363288 0 0 0
B@CP 2206 -0.100070617 -0.0601432656 0.0482254862 0 0 0
B@CP 2209 0.202703084 -0.0722971743 -0.089951116 0 0 0
B@CP 2211 -0.0211945745 0.391760291 0.0873353899 0 0 0
B@CP 2212 -0.0352381642 -0.0930934079 -0.330829741 0 0 0
B@CP 2214 0.211612602 -0.106123532 0.135796472 0 0 0
B@CP 2215 0.23759676 0.0427326895 -0.179619665 0 0 0
B@CP 2223 0.162590603 0.125938242 0.275862927 0 0 0
B@CP 2225 -0.294072315 0.0244567869 0.0146482577 0 0 0
B@CP 2228 -0.0401805783 0.256494156 0.0131721059 0 0 0
B@CP 2233 -0.0341767517 0.206484686 -0.139059014 0 0 0
B@CP 2245 -0.000938350083 0.308110679 0.0891389137 0 0 0
B@CP 2248 -0.198032939 -0.253134012 -0.243128207 0 0 0
B@CP 2251 -0.264941279 -0.0587996929 0.110918149 0 0 0
B@CP 2253 0.145349303 -0.185212952 0.409186919 0 0 0
B@CP 2254 -0.192089122 -0.237249543 -0.253358393 0 0 0
B@CP 2259 0.260026748 -0.00525408781 0.151453304 0 0 0
B@CP 2260 0.180398193 0.397490307 0.0332260179 0 0 0
B@CP 2262 -0.404723582 0.0422835835 -0.134753754 0 0 0
B@CP 2265 -0.419031969 -0.0771917573 0.0870986727 0 0 0
B@CP 2267 -0.0740707382 -0.290860296 0.315334809 0 0 0
B@CP 2268 -0.300804741 0.0808001022 0.207653535 0 0 0
B@CP 2272 -0.221988403 0.258363356 0.270727518 0 0 0
B@CP 2273 0.0720086302 0.319882378 -0.131218804 0 0 0
B@CP 2274 -0.16203818 -0.0530434622 0.292885848 0 0 0
B@CP 2278 0.166026659 -0.327888307 0.197690212 0 0 0
B@CP 2279 0.0719137561 0.103599315 0.0524223011 0 0 0
B@CP 2280 0.185975938 0.000241527962 0.135414829 0 0 0
B@CP 2281 -0.0475437671 0.107770782 -0.257578517 0 0 0
B@CP 2283 -0.126642515 0.18826853 0.232384455 0 0 0
B@CP 2285 -0.255894266 0.0425202383 -0.00923638641 0 0 0
B@CP 2291 -0.0656400419 -0.155019146 -0.0563103698 0 0 0
B@CP 2293 -0.396664495 -0.0477403949 -0.197033859 0 0 0
B@CP 2294 0.273151812 -0.13481149 0.116183529 0 0 0
B@CP 2299 0.363656874 0.0752647104 -0.0227929813 0 0 0
B@CP 2301 0.141720233 -0.248561199 0.085524165 0 0 0
B@CP 2310 0.0829124932 -0.0661568429 0.0194462017 0 0 0
B@CP 2313 0.0616774861 0.182409641 0.0460477655 0 0 0
B@CP 2316 -0.124979269 -0.158731901 0.22922196 0 0 0
B@CP 2318 0.0683682896 -0.399857622 0.138946405 0 0 0
B@CP 2319 0.266410626 -0.257115163 -0.115016845 0 0 0
B@CP 2321 -0.0159665971 -0.220152918 -0.362643562 0 0 0
B@CP 2323 -0.250147895 0.0885251528 -0.0302853462 0 0 0
B@CP 2325 0.0375546737 -0.254703148 0.339388447 0 0 0
B@CP 2332 -0.134384434 0.400137062 -0.21920286 0 0 0
B@CP 2339 -0.0385136356 -0.0244780234 -0.473125727 0 0 0
B@CP 2343 -0.222688935 -0.325559606 -0.0301258826 0 0 0
B@CP 2345 -0.00667672083 0.0407271659 0.226379441 0 0 0
B@CP 2346 0.151754172 0.137472608 -0.327669142 0 0 0
B@CP 2347 0.311933232 -0.213740147 -0.175832299 0 0 0
B@CP 2348 0.163549838 0.0606425653 0.362865925 0 0 0
B@CP 2349 0.0501379944 -0.121807145 -0.219678223 0 0 0
B@CP 2354 -0.317725857 0.126391902 0.00199404221 0 0 0
B@CP 2355 0.155107706 -0.371089481 -0.163325614 0 0 0
B@CP 2360 0.360226661 0.0955121234 -0.266587129 0 0 0
B@CP 2361 0.149589287 0.186164971 -0.299710473 0 0 0
B@CP 2365 -0.197230331 0.0590216314 0.346198419 0 0 0
B@CP 2369 0.0460378597 -0.0532001687 -0.0140900293 0 0 0
B@CP 2374 0.21955972 0.224931204 0.0796983295 0 0 0
B@CP 2376 0.3321296 -0.0639584373 0.205133039 0 0 0
B@CP 2378 -0.223264492 -0.0517435392 0.021381357 0 0 0
B@CP 2379 -0.384381369 -0.0645721581 -0.0239651686 0 0 0
B@CP 2381 -0.182419084 0.420299195 -0.0674864984 0 0 0
B@CP 2389 0.289018374 0.308222151 -0.0546187638 0 0 0
B@CP 2390 -0.374358305 -0.14102825 -0.181173688 0 0 0
B@CP 2394 0.141339905 -0.121558415 -0.378615464 0 0 0
B@CP 2395 0.0580797137 0.104214429 0.00833029808 0 0 0
B@CP 2396 -0.0896157691 -0.154849959 -0.33024139 0 0 0
B@CP 2398 0.251006324 -0.326326036 -0.201335155 0 0 0
B@CP 2407 0.0283157109 -0.0914633825 0.458521103 0 0 0
B@CP 2409 -0.174416069 -0.236266477 0.121573624 0 0 0
B@CP 2413 -0.174457959 -0.116295723 0.212041764 0 0 0
B@CP 2414 -0.130611495 -0.139333669 -0.412150791 0 0 0
B@CP 2415 -0.205155737 -0.219078394 -0.0726637637 0 0 0
B@CP 2421 -0.410157427 0.129716312 -0.00529472356 0 0 0
B@CP 2423 0.194924812 -0.112479281 0.287244266 0 0 0
B@CP 2428 0.309431423 0.0617760586 0.20044654 0 0 0
B@CP 2431 0.179207727 -0.0043334706 -0.281643352 0 0 0
B@CP 2432 0.0396788513 0.325845696 -0.178412072 0 0 0
B@CP 2435 -0.15337528 -0.0979517691 -0.130884805 0 0 0
B@CP 2437 -0.180682476 0.0523692737 -0.25669911 0 0 0
B@CP 2438 0.0959040189 0.417120465 0.0861836834 0 0 0
B@CP 2439 -0.025251105 0.0561582783 -0.264669828 0 0 0
B@CP 2440 -0.105167813 -0.221232576 -0.38617496 0 0 0
B@CP 2444 -0.23650423 -0.0672983289 -0.364358759 0 0 0
B@CP 2445 -0.29032339 -0.0832344278 -0.36070102 0 0 0
B@CP 2451 -0.107435009 0.358034964 -0.230017387 0 0 0
B@CP 2455 0.144475465 0.21705851 -0.0842482914 0 0 0
B@CP 2459 0.0704378999 -0.310023088 -0.144007701 0 0 0
B@CP 2462 -0.315100453 -0.1591573 0.161849738 0 0 0
B@CP 2463 -0.374899706 0.203066749 0.0910250806 0 0 0
B@CP 2465 0.269439648 0.0708950114 0.220192038 0 0 0
B@CP 2467 -0.212084607 0.139928847 -0.243907553 0 0 0
B@CP 2471 -0.413543183 -0.155684558 -0.0795564065 0 0 0
B@CP 2472 0.151939148 -0.380248672 0.117456992 0 0 0
B@CP 2477 0.320571005 -0.235759906 0.212615677 0 0 0
B@CP 2478 0.0901063966 -0.308483192 -0.291211301 0 0 0
B@CP 2486 0.253595313 -0.0269418962 0.233471988 0 0 0
B@CP 2488 -0.31218027 0.284229966 -0.052759302 0 0 0
B@CP 2490 -0.0891714167 -0.295767709 0.17140198 0 0 0
B@CP 2496 0.250250697 -0.12513649 -0.320827176 0 0 0
B@CP 2499 -0.0592890324 -0.302986318 0.0732655193 0 0 0
C@CP 2500 0.0959243326 0.443027571 0.0450879064 0 0 0
C@CP 2501 0.335592477 -0.272261124 -0.0259292255 0 0 0
C@CP 2502 0.0604133031 0.18144682 -0.0842802849 0 0 0
C@CP 2503 -0.20717674 -0.15952988 0.385386496 0 0 0
C@CP 2504 0.195735686 0.343270526 -0.258517749 0 0 0
C@CP 2505 0.174790162 0.0987388943 0.0825165545 0 0 0
C@CP 2506 -0.157504471 0.217648813 0.0650044938 0 0 0
C@CP 2507 -0.226050888 0.0839122668 -0.0492260608 0 0 0
C@CP 2508 0.180218814 0.0427152644 0.187773079 0 0 0
C@CP 2509 -0.385065551 0.255252453 0.0670228939 0 0 0
C@CP 2510 0.0954204411 0.393269025 0.198438023 0 0 0
C@CP 2511 0.0136138082 -0.1885676 0.386484133 0 0 0
C@CP 2512 -0.0539589217 -0.238860183 0.164398625 0 0 0
C@CP 2513 -0.290822935 -0.147806878 -0.160045515 0 0 0
C@CP 2514 -0.137109419 0.0242614523 -0.349094373 0 0 0
C@CP 2515 0.0669710588 0.264465866 -0.0564409468 0 0 0
C@CP 2516 0.237324276 0.00661642129 0.0690356495 0 0 0
C@CP 2517 0.278226268 0.116789282 -0.160162297 0 0 0
C@CP 2518 0.252160337 -0.340203884 0.0861060956 0 0 0
C@CP 2519 0.286150526 0.00285396074 -0.22224046 0 0 0
C@CP 2520 -0.0116985117 0.344799207 -0.2184529 0 0 0
C@CP 2521 0.00694502878 -0.0473676269 0.293245598 0 0 0
C@CP 2522 0.165538218 -0.189107973 -0.00678365721 0 0 0
C@CP 2523 0.312517117 -0.0371554314 0.300652131 0 0 0
C@CP 2524 0.0583123814 0.0975767433 0.131808938 0 0 0
C@CP 2525 0.0779907173 0.0901938406 0.336022015 0 0 0
C@CP 2526 -0.357885963 0.106413241 -0.0164057296 0 0 0
C@CP 2527 0.29520641 -0.331215982 0.0533838115 0 0 0
C@CP 2528 0.126985654 -0.0059525124 -0.013214558 0 0 0
C@CP 2529 -0.00512742105 -0.123099999 0.281612595 0 0 0
C@CP 2530 0.018330285 -0.153801841 -0.147547776 0 0 0
C@CP 2531 -0.00141787291 0.0823863791 -0.0871908458 0 0 0
C@CP 2532 0.095361248 -0.18180287 0.258708508 0 0 0
C@CP 2533 -0.0149173275 0.107382766 0.295201819 0 0 0
C@CP 2534 -0.23267034 0.292893451 0.264413254 0 0 0
C@CP 2535 0.126575614 0.266283313 -0.204534325 0 0 0
C@CP 2536 0.348473315 -0.0158877275 0.185614626 0 0 0
C@CP 2537 0.0609997945 -0.122609061 0.31577985 0 0 0
C@CP 2538 -0.0409825262 -0.242839261 -0.101681476 0 0 0
C@CP 2539 -0.270935597 -0.363860571 -0.0562519595 0 0 0
C@CP 2540 0.0182171935 0.27432994 -0.356269078 0 0 0
C@CP 2541 -0.237785169 -0.030808756 0.175369534 0 0 0
C@CP 2542 -0.212174713 -0.128045417 0.0232299897 0 0 0
C@CP 2543 0.104343694 -0.0156373002 0.00144237079 0 0 0
C@CP 2544 -0.406703097 0.120882992 -0.0023743119 0 0 0
C@CP 2545 0.0250943852 0.153387476 -0.0743213705 0 0 0
C@CP 2546 -0.195665786 -0.12748198 0.177971903 0 0 0
C@CP 2547 -0.0269335503 0.0817002278 0.382874375 0 0 0
C@CP 2548 -0.0100238363 0.0660061263 0.0181287933 0 0 0
C@CP 2549 0.130828406 -0.188053844 -0.102917926 0 0 0
C@CP 2550 -0.0497237543 0.432207827 -0.0847595756 0 0 0
C@CP 2551 -0.281805389 -0.104158806 -0.272784738 0 0 0
C@CP 2552 -0.12661029 0.144815145 -0.409118518 0 0 0
C@CP 2553 0.0182836151 0.112384244 -0.42346368 0 0 0
C@CP 2554 -0.174812886 -0.046047725 -0.0773059258 0 0 0
C@CP 2555 -0.135324284 0.117397673 0.170287539 0 0 0
C@CP 2556 -0.104948275 -0.261992583 0.260533164 0 0 0
C@CP 2557 0.303912961 0.144222887 0.331461088 0 0 0
C@CP 2558 0.139568194 -0.30690732 0.216639981 0 0 0
C@CP 2559 -0.114086375 -0.394974072 -0.182221141 0 0 0
C@CP 2560 -0.101673319 0.216843756 -0.275020241 0 0 0
C@CP 2561 -0.149593423 0.205683401 -0.262137262 0 0 0
C@CP 2562 -0.3427646 0.0495598546 -0.0465165815 0 0 0
C@CP 2563 0.293653646 -0.181059637 0.257055249 0 0 0
C@CP 2564 -0.325153634 -0.178830779 -0.143140446 0 0 0
C@CP 2565 -0.16256833 -0.376172624 0.0255209816 0 0 0
C@CP 2566 0.0771389399 -0.09249822 0.209069642 0 0 0
C@CP 2567 -0.302024416 -0.199039234 0.0623918317 0 0 0
C@CP 2568 -0.106186494 0.111224511 -0.122384999 0 0 0
C@CP 2569 0.174803515 -0.0218050426 -0.315291664 0 0 0
C@CP 2570 -0.159333958 -0.0590790502 0.213022371 0 0 0
C@CP 2571 -0.0548869066 0.263678925 0.278905341 0 0 0
C@CP 2572 -0.268584838 0.0445310161 -0.0686651517 0 0 0
C@CP 2573 0.16147265 -0.246390781 0.193943611 0 0 0
C@CP 2574 0.124525401 -0.2941988 0.207877867 0 0 0
C@CP 2575 -0.156412982 0.0150088865 -0.166109991 0 0 0
C@CP 2576 -0.228720236 -0.114177636 0.218199006 0 0 0
C@CP 2577 -0.213378354 -0.415540809 -0.0605648744 0 0 0
C@CP 2578 -0.0587906764 0.360606482 -0.00518331177 0 0 0
C@CP 2579 -0.251744449 0.0325970529 -0.0136868694 0 0 0
C@CP 2580 -0.206712492 0.0358940271 0.16398541 0 0 0
C@CP 2581 0.0361142991 -0.279536464 -0.107332998 0 0 0
C@CP 2582 -0.347486356 0.0793178863 -0.0618475236 0 0 0
C@CP 2583 0.11086467 -0.205609145 -0.058558575 0 0 0
C@CP 2584 -0.130601482 0.393928783 0.218936213 0 0 0
C@CP 2585 0.165981778 0.0754212801 -0.00350259437 0 0 0
C@CP 2586 -0.193954204 0.245383564 -0.264780392 0 0 0
C@CP 2587 -0.0116562275 0.291475599 -0.343888263 0 0 0
C@CP 2588 -0.155758171 0.168659555 0.278172476 0 0 0
C@CP 2589 -0.124756939 -0.211953534 0.0510539144 0 0 0
C@CP 2590 0.0180401003 0.328149525 -0.307840646 0 0 0
C@CP 2591 -0.233449389 0.021008192 -0.0350523559 0 0 0
C@CP 2592 0.360257585 0.0337199819 0.00593264597 0 0 0
C@CP 2593 -0.200917184 0.191902524 -0.375939676 0 0 0
C@CP 2594 -0.0452375662 0.172690647 0.270406319 0 0 0
C@CP 2595 0.10486775 -0.158292007 -0.412666442 0 0 0
C@CP 2596 0.0959060523 0.0898012058 -0.208377442 0 0 0
C@CP 2597 0.427252479 0.0312838476 -0.0510326624 0 0 0
C@CP 2598 -0.358959093 -0.152575231 -0.0545509954 0 0 0
C@CP 2599 -0.00445362769 0.372174897 0.00490018151 0 0 0
C@CP 2600 -0.395447499 0.0326290659 0.139747194 0 0 0
C@CP 2601 -0.0403114607 -0.154830457 -0.389372793 0 0 0
C@CP 2602 -0.0180728357 0.0218547172 0.285069616 0 0 0
C@CP 2603 -0.0582556608 0.428257728 -0.048583898 0 0 0
C@CP 2604 0.0511659162 0.26230414 -0.246082221 0 0 0
C@CP 2605 -0.0589123763 -0.184417732 -0.235757875 0 0 0
C@CP 2606 -0.0482026028 -0.0998150733 -0.178589514 0 0 0
C@CP 2607 0.303891305 -0.143305757 -0.0320210192 0 0 0
C@CP 2608 -0.401042772 -0.0920206674 0.00535233499 0 0 0
C@CP 2609 -0.161311179 0.22863192 -0.0255880336 0 0 0
C@CP 2610 -0.205678761 0.172819088 -0.00406173037 0 0 0
C@CP 2611 -0.279672095 -0.251365625 -0.168693504 0 0 0
C@CP 2612 0.0417870515 -0.398009318 0.0552380429 0 0 0
C@CP 2613 -0.019500793 -0.369992446 -0.255890585 0 0 0
C@CP 2614 -0.132948135 -0.133284538 0.330739886 0 0 0
C@CP 2615 0.0634290078 0.347673727 0.219501805 0 0 0
C@CP 2616 0.0409581829 0.234028648 -0.148597031 0 0 0
C@CP 2617 -0.177243392 -0.0826008094 -0.32738353 0 0 0
C@CP 2618 -0.0707405271 0.0361999483 -0.128527119 0 0 0
C@CP 2619 0.359922472 0.169449448 -0.0964242402 0 0 0
C@CP 2620 0.272770622 -0.150833845 -0.353361953 0 0 0
C@CP 2621 -0.057065269 -0.100232816 0.0793091541 0 0 0
C@CP 2622 -0.156900119 -0.0279319173 0.258730719 0 0 0
C@CP 2623 0.275714493 -0.361422341 -0.0726201154 0 0 0
C@CP 2624 0.203579935 0.142083971 -0.19749105 0 0 0
C@CP 2625 -0.0623831272 0.0533448883 0.00399780224 0 0 0
C@CP 2626 0.389950634 0.204932631 -0.0189180498 0 0 0
C@CP 2627 0.0864455821 -0.312544217 0.0417298472 0 0 0
C@CP 2628 0.0233827089 -0.141900752 0.241209304 0 0 0
C@CP 2629 0.248245095 0.102033584 -0.00124694134 0 0 0
C@CP 2630 0.341294903 0.0562248575 0.273660057 0 0 0
C@CP 2631 0.271617332 -0.0497382671 0.319074737 0 0 0
C@CP 2632 0.1480266 -0.197270474 -0.330821252 0 0 0
C@CP 2633 -0.372355689 0.207648483 -0.15556613 0 0 0
C@CP 2634 -0.168468355 0.0809243666 0.128337908 0 0 0
C@CP 2635 0.0534209069 -0.0802106158 0.131430052 0 0 0
C@CP 2636 -0.162297497 0.123330044 -0.35476428 0 0 0
C@CP 2637 0.366518635 -0.167254195 0.166987286 0 0 0
C@CP 2638 -0.0765969097 -0.168500816 0.0630415356 0 0 0
C@CP 2639 -0.222915537 0.248037884 -0.186830387 0 0 0
C@CP 2640 -0.103926598 -0.226342369 -0.225327977 0 0 0
C@CP 2641 0.142550095 0.188811243 -0.226155368 0 0 0
C@CP 2642 -0.0175971171 -0.469134529 -0.0536717994 0 0 0
C@CP 2643 0.321663509 -0.176257586 -0.270543965 0 0 0
C@CP 2644 -0.239583232 -0.387903209 0.0708199957 0 0 0
C@CP 2645 -0.32646683 0.13888388 0.186014226 0 0 0
C@CP 2646 -0.226245415 -0.104582727 0.00604533006 0 0 0
C@CP 2647 -0.00659225373 0.168522773 0.313543479 0 0 0
C@CP 2648 -0.335525429 0.223210724 0.102192493 0 0 0
C@CP 2649 -0.315345902 0.0735941142 -0.254401061 0 0 0
C@CP 2650 -0.0771972611 -0.189143755 0.401450248 0 0 0
C@CP 2651 -0.292305976 -0.143765971 -0.201157725 0 0 0
C@CP 2652 0.179487888 -0.118087082 0.221830976 0 0 0
C@CP 2653 0.18143916 0.0300525702 -0.364670557 0 0 0
C@CP 2654 0.173467141 0.27816195 0.297501369 0 0 0
C@CP 2655 -0.191249142 0.147119211 0.376989738 0 0 0
C@CP 2656 0.0222463927 -0.0172260964 0.39956389 0 0 0
C@CP 2657 0.403267684 0.029768582 -0.122615812 0 0 0
C@CP 2658 -0.0730893511 -0.279461384 -0.235719411 0 0 0
C@CP 2659 0.404802753 0.160182644 -0.185001422 0 0 0
C@CP 2660 -0.343232005 -0.207362748 -0.00834888926 0 0 0
C@CP 2661 0.201988784 0.214029215 0.201349771 0 0 0
C@CP 2662 0.399823579 -0.230691887 0.0904757318 0 0 0
C@CP 2663 0.26344683 -0.170195461 -0.13168452 0 0 0
C@CP 2664 -0.197329117 0.0355028291 0.0874289344 0 0 0
C@CP 2665 0.273705514 -0.061911574 -0.0896309067 0 0 0
C@CP 2666 -0.034538511 -0.00480605827 0.0531713538 0 0 0
C@CP 2667 0.091677521 -0.148562702 0.122019809 0 0 0
C@CP 2668 -0.00882467433 0.0799451199 0.421539744 0 0 0
C@CP 2669 -0.227596792 -0.0245476724 0.00772415942 0 0 0
C@CP 2670 0.374818432 -0.256524763 0.0915423889 0 0 0
C@CP 2671 0.0135579455 -0.063810772 0.312832953 0 0 0
C@CP 2672 0.116461048 0.194450656 -0.170989567 0 0 0
C@CP 2673 0.299484918 -0.278682398 -0.0169095557 0 0 0
C@CP 2674 -0.0175393908 0.100180607 0.440069166 0 0 0
C@CP 2675 0.27027432 0.155099707 0.304108808 0 0 0
C@CP 2676 0.0128384475 -0.0954018405 -0.347097966 0 0 0
C@CP 2677 0.21520928 0.101058545 0.278948323 0 0 0
C@CP 2678 -0.359936033 0.213676609 -0.100281601 0 0 0
C@CP 2679 -0.0248592654 0.155652547 0.0458996391 0 0 0
C@CP 2680 -0.0925272673 -0.226989716 0.358906701 0 0 0
C@CP 2681 0.0214267402 -0.0954617223 -0.225443126 0 0 0
C@CP 2682 0.0421392281 -0.390631968 0.197145571 0 0 0
C@CP 2683 0.311290524 -0.149572213 -0.051486378 0 0 0
C@CP 2684 0.233756353 0.0797743456 -0.23444475 0 0 0
C@CP 2685 0.0157053966 0.383526529 -0.138710752 0 0 0
C@CP 2686 -0.0175471831 0.389743758 0.027865744 0 0 0
C@CP 2687 -0.309918005 -0.299313466 -0.0821619556 0 0 0
C@CP 2688 -0.0182649625 -0.0320364458 0.378808979 0 0 0
C@CP 2689 0.00101798905 -0.0369466521 0.450666229 0 0 0
C@CP 2690 0.0151840786 -0.382548114 0.101551362 0 0 0
C@CP 2691 0.00164886614 -0.0121929978 -0.130713811 0 0 0
C@CP 2692 -0.19814094 0.353828446 0.218320295 0 0 0
C@CP 2693 -0.110311542 -0.230563347 -0.125438012 0 0 0
C@CP 2694 -0.179072314 -0.0133865013 -0.39997736 0 0 0
C@CP 2695 0.339631051 0.230771071 -0.214976227 0 0 0
C@CP 2696 0.231454375 0.352976022 -0.152681662 0 0 0
C@CP 2697 0.0775835707 0.0533081321 0.0614747672 0 0 0
C@CP 2698 0.310162077 0.0454422399 0.195412431 0 0 0
C@CP 2699 -0.16373986 0.132707513 0.0955564255 0 0 0
C@CP 2700 -0.103513811 -0.396736926 0.0115755708 0 0 0
C@CP 2701 0.115945783 -0.0857323158 0.103855443 0 0 0
C@CP 2702 -0.117691363 -0.191860428 -0.177916171 0 0 0
C@CP 2703 0.220955869 0.180443671 -0.242210462 0 0 0
C@CP 2704 0.267570246 0.107463901 -0.277521412 0 0 0
C@CP 2705 0.10893685 -0.208380208 -0.242022588 0 0 0
C@CP 2706 0.353910261 0.302852709 -0.00904097132 0 0 0
C@CP 2707 0.0303695573 -0.155117778 -0.126383208 0 0 0
C@CP 2708 0.0139472303 0.160170265 0.340372059 0 0 0
C@CP 2709 0.336639977 -0.294217455 0.0197760656 0 0 0
C@CP 2710 -0.316044989 0.175029543 0.287632728 0 0 0
C@CP 2711 0.337383525 0.111770444 -0.153640547 0 0 0
C@CP 2712 -0.209956131 -0.171967631 -0.355320627 0 0 0
C@CP 2713 -0.301501318 -0.00643403925 0.244628661 0 0 0
C@CP 2714 -0.126297642 -0.372610139 0.181716714 0 0 0
C@CP 2715 0.111565827 0.0956065555 -0.118137464 0 0 0
C@CP 2716 0.144621565 -0.38613775 -0.121140792 0 0 0
C@CP 2717 -0.0495748635 -0.155922077 0.0610775487 0 0 0
C@CP 2718 -0.149615033 0.312939426 -0.160844011 0 0 0
C@CP 2719 0.221505086 0.344543837 0.182345646 0 0 0
C@CP 2720 0.160227815 0.299726061 0.0945922555 0 0 0
C@CP 2721 0.372325463 0.279242518 0.0457894149 0 0 0
C@CP 2722 -0.0258913526 0.218211073 -0.154127689 0 0 0
C@CP 2723 -0.34978082 0.179227666 0.135679482 0 0 0
C@CP 2724 -0.176320102 -0.33060505 -0.0551142762 0 0 0
C@CP 2725 -0.0262147396 0.209549934 -0.109255842 0 0 0
C@CP 2726 -0.273845364 0.298730053 -0.0896898406 0 0 0
C@CP 2727 -0.0575939134 0.132935879 -0.146424778 0 0 0
C@CP 2728 -0.129214562 -0.0192865157 -0.322611448 0 0 0
C@CP 2729 0.331192133 -0.203834766 0.0167268747 0 0 0
C@CP 2730 -0.416358152 0.174409193 -0.125195771 0 0 0
C@CP 2731 0.0552940475 0.357564962 0.279514559 0 0 0
C@CP 2732 0.236668328 -0.0450126059 0.167105797 0 0 0
C@CP 2733 -0.336387009 0.160530922 -0.269511262 0 0 0
C@CP 2734 -0.432669884 -0.1073942 -0.0325736075 0 0 0
C@CP 2735 0.31821331 0.0471564272 0.20847471 0 0 0
C@CP 2736 -0.179373101 0.168312903 -0.104077619 0 0 0
C@CP 2737 -0.116862261 -0.228151976 -0.025115345 0 0 0
C@CP 2738 0.0439077901 0.201257762 -0.282574035 0 0 0
C@CP 2739 0.0688455702 -0.400134406 -0.0628016259 0 0 0
C@CP 2740 0.285532918 0.133018937 0.177588747 0 0 0
C@CP 2741 0.0470037973 0.0151161297 0.245771264 0 0 0
C@CP 2742 -0.136637254 0.156603626 -0.340198792 0 0 0
C@CP 2743 -0.23635856 0.347347931 -0.0862590685 0 0 0
C@CP 2744 0.31751084 0.307576444 -0.0410099884 0 0 0
C@CP 2745 0.430524578 -0.0479627299 -0.0448339813 0 0 0
C@CP 2746 0.0935100423 0.440962449 0.0160296159 0 0 0
C@CP 2747 0.000675091212 0.423588676 -0.117313789 0 0 0
C@CP 2748 -0.349409821 -0.165819688 -0.0211569675 0 0 0
C@CP 2749 0.389415053 0.217987698 -0.160321251 0 0 0
C@CP 2750 -0.322740375 -0.094365892 -0.0479361888 0 0 0
C@CP 2751 -0.111405307 -0.257287648 -0.231092657 0 0 0
C@CP 2752 -0.134953341 -0.288688546 0.0806046384 0 0 0
C@CP 2753 -0.0404829644 -0.164565526 0.281449785 0 0 0
C@CP 2754 0.217818869 0.107525227 0.067110669 0 0 0
C@CP 2755 0.064772642 -0.118223224 -0.369469876 0 0 0
C@CP 2756 -0.0370598157 -0.169328445 0.211171323 0 0 0
C@CP 2757 -0.225986125 0.131847544 -0.0220910764 0 0 0
C@CP 2758 -0.211924615 -0.165080526 -0.226889763 0 0 0
C@CP 2759 0.351506486 -0.0295041885 0.129950849 0 0 0
C@CP 2760 -0.435812063 -0.139669297 0.083469157 0 0 0
C@CP 2761 -0.375026345 0.0405279474 0.230803125 0 0 0
C@CP 2762 0.0720666327 -0.412811312 -0.068729747 0 0 0
C@CP 2763 0.0601539316 -0.271478885 0.106118733 0 0 0
C@CP 2764 0.283118846 -0.173786814 0.168585364 0 0 0
C@CP 2765 -0.259784213 -0.222022349 0.222111588 0 0 0
C@CP 2766 -0.249401644 -0.145454109 -0.176149671 0 0 0
C@CP 2767 0.159608273 -0.0739779812 0.222913356 0 0 0
C@CP 2768 0.0997131076 -0.0293490894 -0.20573244 0 0 0
C@CP 2769 0.0397967263 -0.436007821 -0.0422599178 0 0 0
C@CP 2770 0.182107253 0.085904016 0.112416243 0 0 0
C@CP 2771 -0.168879597 -0.331152669 -0.132088714 0 0 0
C@CP 2772 0.103793963 0.342994657 -0.285983039 0 0 0
C@CP 2773 -0.034402674 0.177737824 0.412329486 0 0 0
C@CP 2774 -0.277818942 0.188549248 0.327969757 0 0 0
C@CP 2775 0.124442463 -0.341775591 -0.105492621 0 0 0
C@CP 2776 -0.0738228733 -0.159972116 -0.415842037 0 0 0
C@CP 2777 0.26454326 -0.155970751 -0.336899099 0 0 0
C@CP 2778 0.257397538 -0.110144626 0.0667678194 0 0 0
C@CP 2779 0.229057345 0.255069447 0.169581233 0 0 0
C@CP 2780 0.0478924211 0.0342908241 -0.117049943 0 0 0
C@CP 2781 -0.00120945661 -0.224408516 -0.117694076 0 0 0
C@CP 2782 -0.396252301 0.0187905744 -0.134634152 0 0 0
C@CP 2783 0.209298543 0.124187639 -0.35160157 0 0 0
C@CP 2784 -0.122350968 -0.246960588 0.0147998737 0 0 0
C@CP 2785 -0.174272549 -0.239701133 -0.231639499 0 0 0
C@CP 2786 -0.396849297 -0.147436847 0.0318044638 0 0 0
C@CP 2787 -0.212050404 0.239214057 -0.285386694 0 0 0
C@CP 2788 -0.248354467 0.00770198728 0.262847147 0 0 0
C@CP 2789 -0.0827655917 -0.0113267344 0.281018329 0 0 0
C@CP 2790 0.450749574 -0.0523917558 -0.0343119299 0 0 0
C@CP 2791 0.0358639128 -0.306164676 -0.0786197767 0 0 0
C@CP 2792 0.35608478 -0.061558997 -0.250250438 0 0 0
C@CP 2793 0.28436306 -0.328174094 0.0873703314 0 0 0
C@CP 2794 -0.0805578933 -0.170498582 0.351374615 0 0 0
C@CP 2795 -0.178512239 -0.336599286 0.0796776209 0 0 0
C@CP 2796 0.099741506 -0.297182157 -0.209416116 0 0 0
C@CP 2797 -0.186393576 0.0983406431 0.35192353 0 0 0
C@CP 2798 0.224982508 -0.150545324 -0.0317354582 0 0 0
C@CP 2799 -0.112298032 0.336521417 -0.263326985 0 0 0
C@CP 2800 0.171168667 0.151120797 -0.12734532 0 0 0
C@CP 2801 0.160728762 -0.114911799 -0.200475083 0 0 0
C@CP 2802 -0.290861692 -0.191486138 -0.231825382 0 0 0
C@CP 2803 0.0132149487 -0.08509326 0.330916647 0 0 0
C@CP 2804 0.0863850133 0.00750705059 0.321626917 0 0 0
C@CP 2805 -0.0809745004 -0.191419105 -0.355715167 0 0 0
C@CP 2806 0.326487517 0.146379127 -0.288020614 0 0 0
C@CP 2807 0.0249765358 -0.00533664835 -0.435899488 0 0 0
C@CP 2808 0.0562710059 -0.289620789 0.109634078 0 0 0
C@CP 2809 0.162520469 0.168321497 0.268963878 0 0 0
C@CP 2810 0.0728931234 -0.131433236 -0.184245919 0 0 0
C@CP 2811 -0.133468211 -0.199650631 0.187335766 0 0 0
C@CP 2812 0.251732056 -0.0612667539 0.352578111 0 0 0
C@CP 2813 -0.0747194317 -0.0101547528 0.364118061 0 0 0
C@CP 2814 0.0972896666 0.338719443 0.311072994 0 0 0
C@CP 2815 0.184246503 0.405344215 -0.0723978768 0 0 0
C@CP 2816 -0.412654736 -0.112707704 0.075923209 0 0 0
C@CP 2817 0.344311098 0.0590252335 0.291543022 0 0 0
C@CP 2818 -0.301921058 0.0216171628 -0.231022937 0 0 0
C@CP 2819 -0.428060984 -0.0204538944 0.141620158 0 0 0
C@CP 2820 0.0942226437 0.207452632 0.104891177 0 0 0
C@CP 2821 -0.307613561 -0.229324933 0.0756843216 0 0 0
C@CP 2822 -0.0233072531 0.113867873 -0.288504439 0 0 0
C@CP 2823 0.127918939 0.10008435 0.280193987 0 0 0
C@CP 2824 0.110670873 -0.249553163 0.189669107 0 0 0
C@CP 2825 0.21166975 -0.337986958 0.143759624 0 0 0
C@CP 2826 -0.140793855 -0.14709939 -0.11352344 0 0 0
C@CP 2827 0.192981534 0.10072045 0.32229735 0 0 0
C@CP 2828 -0.326207042 0.163835137 0.215558059 0 0 0
C@CP 2829 -0.278882973 -0.0232683384 0.101536335 0 0 0
C@CP 2830 0.386773755 0.028210134 0.0900966849 0 0 0
C@CP 2831 -0.190954358 0.378529581 -0.220481617 0 0 0
C@CP 2832 -0.18748819 -0.378170295 -0.0917365858 0 0 0
C@CP 2833 0.265461606 -0.0386430154 -0.349531141 0 0 0
C@CP 2834 -0.26074152 0.289161929 0.0123267773 0 0 0
C@CP 2835 -0.0438211484 -0.223197254 0.00944548033 0 0 0
C@CP 2836 0.11202814 0.354037179 0.273533768 0 0 0
C@CP 2837 0.0577363015 0.178281644 -0.100112006 0 0 0
C@CP 2838 0.200612265 -0.329826058 -0.213419673 0 0 0
C@CP 2839 0.400036061 0.0841807858 0.0702276173 0 0 0
C@CP 2840 0.0960437359 0.186632028 -0.403203624 0 0 0
C@CP 2841 0.234215894 -0.349420947 -0.0599221817 0 0 0
C@CP 2842 -0.0272336401 0.15665189 -0.182846191 0 0 0
C@CP 2843 -0.345886582 -0.148218179 -0.243793659 0 0 0
C@CP 2844 -0.111710389 -0.332153921 -0.253335935 0 0 0
C@CP 2845 -0.086699627 -0.0316902734 0.226595154 0 0 0
C@CP 2846 0.0112415688 0.38459048 0.157587132 0 0 0
C@CP 2847 -0.158863748 -0.112121463 0.145850916 0 0 0
C@CP 2848 -0.147948221 0.272627827 -0.00412197529 0 0 0
C@CP 2849 -0.0942679964 0.43518396 -0.11096739 0 0 0
C@CP 2850 -0.186184314 0.175262538 0.0338982188 0 0 0
C@CP 2851 0.128697299 -0.345700314 -0.0147444242 0 0 0
C@CP 2852 0.0817779837 -0.299114634 0.346679329 0 0 0
C@CP 2853 0.144817992 -0.202929077 -0.0269429431 0 0 0
C@CP 2854 -0.33635766 -0.220737126 0.19738367 0 0 0
C@CP 2855 0.0567031327 -0.417653846 0.173924324 0 0 0
C@CP 2856 0.279448592 -0.273300169 0.168295462 0 0 0
C@CP 2857 0.127814485 -0.238915029 -0.110712584 0 0 0
C@CP 2858 -0.392480537 -0.029088085 -0.0492211294 0 0 0
C@CP 2859 0.239009395 -0.128695506 0.061577157 0 0 0
C@CP 2860 -0.401098068 0.0765102973 -0.054248173 0 0 0
C@CP 2861 -0.338649897 -0.0501898662 0.101854263 0 0 0
C@CP 2862 0.152865579 -0.0857579547 0.154544146 0 0 0
C@CP 2863 -0.398180585 -0.243188776 0.11394028 0 0 0
C@CP 2864 0.0515712083 0.185549089 0.0298181057 0 0 0
C@CP 2865 -0.0850989417 -0.00781168417 -0.293477678 0 0 0
C@CP 2866 0.0720683985 -0.0942898492 -0.195627737 0 0 0
C@CP 2867 0.261279558 -0.224754115 -0.0370005807 0 0 0
C@CP 2868 -0.310129686 -0.104707553 0.198162672 0 0 0
C@CP 2869 0.199618302 -0.3242142 0.164619701 0 0 0
C@CP 2870 0.0808892059 0.0203748292 0.359685705 0 0 0
C@CP 2871 0.211342186 0.0614592072 -0.237184274 0 0 0
C@CP 2872 0.0355638229 0.371714258 0.0803698392 0 0 0
C@CP 2873 0.326487117 -0.180237869 0.231901848 0 0 0
C@CP 2874 -0.204963416 0.110613846 0.352225675 0 0 0
C@CP 2875 -0.188664012 -0.188394999 -0.220526487 0 0 0
C@CP 2876 -0.0791825049 0.368184913 0.0991493231 0 0 0
C@CP 2877 0.130215414 0.347140105 -0.0826002022 0 0 0
C@CP 2878 0.115179462 -0.24173677 -0.187903721 0 0 0
C@CP 2879 -0.283657425 -0.333285797 0.10318732 0 0 0
C@CP 2880 -0.183768969 -0.186183143 0.356242581 0 0 0
C@CP 2881 -0.0935207784 0.0188792791 0.416492641 0 0 0
C@CP 2882 -0.179505011 0.181199893 0.0920291951 0 0 0
C@CP 2883 -0.20531242 -0.173572066 0.00503995896 0 0 0
C@CP 2884 0.0459986556 -0.00949981799 -0.14964306 0 0 0
C@CP 2885 0.0322170135 -0.0151995485 0.0910080082 0 0 0
C@CP 2886 0.252329976 -0.191243937 0.220228444 0 0 0
C@CP 2887 -0.217080783 0.390376765 -0.0495649342 0 0 0
C@CP 2888 -0.0708516918 0.266849677 -0.0284969005 0 0 0
C@CP 2889 -0.0269967447 0.393836228 0.145886948 0 0 0
C@CP 2890 0.0535056428 -0.0329761982 0.0297987321 0 0 0
C@CP 2891 0.163969239 -0.0103551415 0.162894012 0 0 0
C@CP 2892 -0.000702111635 0.361228138 0.141709064 0 0 0
C@CP 2893 0.281775923 -0.035676994 0.153208418 0 0 0
C@CP 2894 0.0656076801 -0.159328199 -0.0439465561 0 0 0
C@CP 2895 -0.00473919396 -0.263992168 -0.276976283 0 0 0
C@CP 2896 -0.327395684 0.0884225265 0.256559317 0 0 0
C@CP 2897 0.244315008 -0.255882109 0.123146721 0 0 0
C@CP 2898 0.134606182 0.128582477 -0.1953427 0 0 0
C@CP 2899 0.00399199844 0.300320633 -0.147470039 0 0 0
C@CP 2900 -0.168354842 0.148823125 -0.0619418908 0 0 0
C@CP 2901 0.13612782 0.220313153 0.256892828 0 0 0
C@CP 2902 0.243014975 -0.332633058 -0.147095177 0 0 0
C@CP 2903 0.108475702 0.0656991005 -0.361161302 0 0 0
C@CP 2904 -0.297735262 -0.339643138 0.107010224 0 0 0
C@CP 2905 -0.139909664 0.0158079327 0.306858407 0 0 0
C@CP 2906 -0.214693458 -0.356396841 -0.204709697 0 0 0
C@CP 2907 -0.314505875 -0.220705523 -0.102641315 0 0 0
C@CP 2908 -0.0569201208 0.368141005 -0.0134519069 0 0 0
C@CP 2909 -0.0285955427 0.365971984 0.0868325285 0 0 0
C@CP 2910 0.123990283 -0.222968605 0.376325384 0 0 0
C@CP 2911 0.0863460163 0.18000628 0.415304633 0 0 0
C@CP 2912 0.470058752 0.0130519018 -0.0443058794 0 0 0
C@CP 2913 0.0809358423 -0.207594778 -0.316875425 0 0 0
C@CP 2914 0.0863324703 0.0250957496 0.135711996 0 0 0
C@CP 2915 0.0875347008 0.0106422481 -0.0321274347 0 0 0
C@CP 2916 -0.216542533 0.0563054949 0.293248346 0 0 0
C@CP 2917 0.257268192 -0.134102659 -0.379033073 0 0 0
C@CP 2918 -0.212425046 -0.35487308 -0.0589985843 0 0 0
C@CP 2919 0.180083235 0.176375475 -0.369304801 0 0 0
C@CP 2920 -0.195913021 -0.154238044 -0.262775922 0 0 0
C@CP 2921 0.231941145 0.105779657 -0.164579032 0 0 0
C@CP 2922 -0.124953632 -0.148833022 0.121542572 0 0 0
C@CP 2923 0.195071304 0.264309056 -0.195732447 0 0 0
C@CP 2924 -0.288595873 0.243573594 -0.139626397 0 0 0
C@CP 2925 0.242337423 0.0972005881 -0.32573575 0 0 0
C@CP 2926 -0.223129558 -0.026835374 -0.107730989 0 0 0
C@CP 2927 0.208198329 0.267959062 0.123478376 0 0 0
C@CP 2928 -0.385132505 0.155976979 -0.0172952297 0 0 0
C@CP 2929 -0.140271924 0.362462133 0.245689746 0 0 0
C@CP 2930 -0.0271705943 0.441852437 -0.107786321 0 0 0
C@CP 2931 -0.06676005 -0.0344090956 0.0590299345 0 0 0
C@CP 2932 -0.258783228 -0.236535445 0.275679498 0 0 0
C@CP 2933 0.31776671 -0.168400872 0.00171505604 0 0 0
C@CP 2934 0.346610861 -0.119065672 0.0435566759 0 0 0
C@CP 2935 -0.10001354 0.0694126176 -0.231811099 0 0 0
C@CP 2936 -0.0907459967 -0.0853987152 -0.109446637 0 0 0
C@CP 2937 0.42091596 0.166819813 -0.105965165 0 0 0
C@CP 2938 -0.0219432283 -0.358896701 -0.0505716504 0 0 0
C@CP 2939 0.0468314011 -0.258625917 -0.0642113319 0 0 0
C@CP 2940 0.048988012 -0.175676796 -0.383649592 0 0 0
C@CP 2941 -0.209214279 0.372263029 0.200486272 0 0 0
C@CP 2942 -0.273674223 0.0190200072 0.298352713 0 0 0
C@CP 2943 -0.22115026 -0.296591254 0.0770702457 0 0 0
C@CP 2944 -0.246429115 0.293594181 -0.230673512 0 0 0
C@CP 2945 -0.201195332 -0.356035869 -0.0377721419 0 0 0
C@CP 2946 0.150738531 0.244630883 -0.0173212674 0 0 0
C@CP 2947 0.024018895 0.145250998 -0.354540823 0 0 0
C@CP 2948 -0.124099012 -0.161021729 0.0797304877 0 0 0
C@CP 2949 -0.193110862 -0.0624983856 -0.118288894 0 0 0
C@CP 2950 0.123315914 -0.436167992 0.0913982242 0 0 0
C@CP 2951 -0.100380008 0.41142964 -0.0774148606 0 0 0
C@CP 2952 0.181349253 -0.0175413954 -0.372223243 0 0 0
C@CP 2953 0.0936039624 0.0776496546 -0.26157416 0 0 0
C@CP 2954 0.28071429 -0.241120141 0.26996089 0 0 0
C@CP 2955 -0.381550772 -0.0397424755 0.176218893 0 0 0
C@CP 2956 -0.389359985 -0.194514076 0.16493754 0 0 0
C@CP 2957 0.273013693 0.0542588418 -0.0750622989 0 0 0
C@CP 2958 0.198972003 -0.363839508 -0.0172643365 0 0 0
C@CP 2959 -0.285855535 -0.121409747 -0.144339415 0 0 0
C@CP 2960 0.208215973 0.38139893 0.0789146702 0 0 0
C@CP 2961 0.270806109 -0.157707127 -0.0812187112 0 0 0
C@CP 2962 0.0957254766 0.120711314 -0.375709673 0 0 0
C@CP 2963 -0.22833595 0.13192467 0.395919542 0 0 0
C@CP 2964 0.242034851 0.05044232 -0.252121955 0 0 0
C@CP 2965 0.136903212 0.268822462 -0.0674440095 0 0 0
C@CP 2966 0.240610596 -0.0700647166 -0.159235893 0 0 0
C@CP 2967 -0.000597726213 0.445505444 0.0433502245 0 0 0
C@CP 2968 -0.0370091911 -0.191899367 -0.103814068 0 0 0
C@CP 2969 -0.246419252 -0.182031259 -0.260273706 0 0 0
C@CP 2970 0.0332291647 0.228938615 0.263624834 0 0 0
C@CP 2971 -0.402712575 -0.0219048537 0.0289088274 0 0 0
C@CP 2972 0.133132367 -0.0793032367 0.0347471956 0 0 0
C@CP 2973 0.124226296 -0.0191871715 -0.0382181391 0 0 0
C@CP 2974 -0.0969450891 0.265873228 0.264838042 0 0 0
C@CP 2975 0.038708353 0.0628883367 0.194048364 0 0 0
C@CP 2976 0.248510486 0.17925778 -0.0351740963 0 0 0
C@CP 2977 -0.358419051 -0.143114646 0.0320417174 0 0 0
C@CP 2978 -0.0123610216 0.00170111177 -0.483419422 0 0 0
C@CP 2979 0.307007355 0.244744393 0.0332441684 0 0 0
C@CP 2980 0.0877837492 -0.0017603739 -0.347960856 0 0 0
C@CP 2981 -0.127149957 -0.241847666 0.269229637 0 0 0
C@CP 2982 -0.0855015815 -0.330240594 0.117089495 0 0 0
C@CP 2983 0.0555805599 -0.446648664 0.0472909658 0 0 0
C@CP 2984 -0.0945694551 0.276731336 0.0509780082 0 0 0
C@CP 2985 0.275366736 0.0766715385 0.00645262828 0 0 0
C@CP 2986 0.100875647 0.330357618 -0.282464716 0 0 0
C@CP 2987 0.147131903 -0.079044466 -0.23473643 0 0 0
C@CP 2988 0.00240295648 -0.138552001 -0.0220819303 0 0 0
C@CP 2989 -0.332148609 0.115428518 0.0784009565 0 0 0
C@CP 2990 -0.0610540946 -0.0314084744 0.174613163 0 0 0
C@CP 2991 -0.113321871 -0.333412162 -0.0183666093 0 0 0
C@CP 2992 0.422462915 -0.0186055807 -0.1853366 0 0 0
C@CP 2993 0.314643781 -0.185571243 -0.0517170424 0 0 0
C@CP 2994 -0.197399362 0.319715449 -0.263034223 0 0 0
C@CP 2995 0.11648569 0.312685748 -0.157159673 0 0 0
C@CP 2996 0.0671541954 -0.394526223 -0.143031755 0 0 0
C@CP 2997 -0.0139700586 -0.0310891289 -0.112008073 0 0 0
C@CP 2998 0.102080257 0.0294414116 -0.388671848 0 0 0
C@CP 2999 0.0934762438 0.423731331 0.13510936 0 0 0
C@CP 3000 -0.329192441 0.18599971 0.129809555 0 0 0
C@CP 3001 0.296630606 -0.192898611 0.264388758 0 0 0
C@CP 3002 0.0315169693 -0.0969211829 -0.286629086 0 0 0
C@CP 3003 -0.0140687514 -0.196545071 0.16367832 0 0 0
C@CP 3004 0.0871818352 -0.249411687 -0.042718922 0 0 0
C@CP 3005 -0.0844783474 -0.230195666 0.378196194 0 0 0
C@CP 3006 -0.368873963 0.117867471 -0.180995249 0 0 0
C@CP 3007 -0.164552043 0.289564201 0.044999409 0 0 0
C@CP 3008 -0.413827093 0.0357558604 0.0914515029 0 0 0
C@CP 3009 -0.375643793 -0.210091345 0.125384934 0 0 0
C@CP 3010 -0.0269087825 -0.434912479 0.131862548 0 0 0
C@CP 3011 0.289089009 -0.186750019 0.0719879951 0 0 0
C@CP 3012 -0.334751638 0.210812348 -0.239828341 0 0 0
C@CP 3013 -0.197069534 -0.148337741 -0.329877557 0 0 0
C@CP 3014 -0.0236310176 -0.11244887 0.23432903 0 0 0
C@CP 3015 0.283567557 0.00925431427 -0.0838175954 0 0 0
C@CP 3016 -0.209276191 0.0616989858 0.378372263 0 0 0
C@CP 3017 -0.120348546 -0.269802809 -0.306033751 0 0 0
C@CP 3018 -0.292555692 -0.106275131 -0.0556386059 0 0 0
C@CP 3019 0.261991269 -0.0336250995 0.0875744427 0 0 0
C@CP 3020 -0.258345698 -0.198014432 0.338516437 0 0 0
C@CP 3021 0.209610511 0.0776592062 -0.307397765 0 0 0
C@CP 3022 0.314251842 0.250091651 -0.227541339 0 0 0
C@CP 3023 0.089291365 -0.399137126 0.0547568825 0 0 0
C@CP 3024 -0.312578702 -0.0181167122 0.283743789 0 0 0
C@CP 3025 0.178956012 -0.165590642 -0.206690468 0 0 0
C@CP 3026 -0.0301541007 0.184375415 -0.375488516 0 0 0
C@CP 3027 -0.22716805 -0.0626286104 -0.355776866 0 0 0
C@CP 3028 0.162668866 0.0132584041 -0.424592964 0 0 0
C@CP 3029 -0.300218571 -0.225506489 0.211247246 0 0 0
C@CP 3030 0.159497728 -0.351233164 -0.142495092 0 0 0
C@CP 3031 -0.0886532989 0.138259225 -0.0233353786 0 0 0
C@CP 3032 -0.18047272 0.196647373 -0.326223623 0 0 0
C@CP 3033 0.0234654337 0.180486137 0.00830288011 0 0 0
C@CP 3034 -0.0726990037 -0.29647438 -0.202931954 0 0 0
C@CP 3035 0.00118666032 0.19391363 -0.289410635 0 0 0
C@CP 3036 0.119407382 -0.267592924 -0.102746798 0 0 0
C@CP 3037 -0.0705184668 -0.249080181 -0.210194973 0 0 0
C@CP 3038 -0.393026712 0.0812352708 0.020595555 0 0 0
C@CP 3039 0.229222793 -0.313517293 -0.203853235 0 0 0
C@CP 3040 0.355266308 -0.182499603 0.00199473496 0 0 0
C@CP 3041 0.0353446144 -0.400099245 -0.111728099 0 0 0
C@CP 3042 0.0662740727 -0.129753165 0.363791267 0 0 0
C@CP 3043 -0.269253324 0.208328263 0.194529316 0 0 0
C@CP 3044 -0.34626953 -0.12452233 -0.0625848343 0 0 0
C@CP 3045 -0.0478215719 -0.451358346 0.0838057759 0 0 0
C@CP 3046 0.0062298101 0.24879143 0.0574558985 0 0 0
C@CP 3047 -0.0675334655 0.0804100402 -0.132173551 0 0 0
C@CP 3048 0.20643712 -0.230724015 0.249053552 0 0 0
C@CP 3049 0.105681529 -0.00872247619 -0.157732582 0 0 0
C@CP 3050 -0.314150411 -0.0404872099 -0.082883309 0 0 0
C@CP 3051 -0.232661741 0.31734154 0.224160374 0 0 0
C@CP 3052 0.308283085 -0.270066366 0.116928307 0 0 0
C@CP 3053 0.105234856 0.300577002 0.231533225 0 0 0
C@CP 3054 -0.119694359 -0.262859289 -0.256838984 0 0 0
C@CP 3055 -0.0205989229 -0.0760766162 0.0888853517 0 0 0
C@CP 3056 0.407400334 0.137326763 0.0528526175 0 0 0
C@CP 3057 -0.0597775828 -0.0851783172 0.217537536 0 0 0
C@CP 3058 0.0457758693 -0.0184143139 -0.188845841 0 0 0
C@CP 3059 0.203531857 -0.133484775 0.396034237 0 0 0
C@CP 3060 -0.231045228 0.0980354542 0.182295087 0 0 0
C@CP 3061 -0.190789809 0.398378796 -0.0544657472 0 0 0
C@CP 3062 -0.0475434323 0.0860481416 0.121972375 0 0 0
C@CP 3063 0.319448673 0.206906739 0.0193389015 0 0 0
C@CP 3064 -0.307497517 0.261977906 -0.125664121 0 0 0
C@CP 3065 -0.0266482477 0.0962455348 0.0556545689 0 0 0
C@CP 3066 -0.0174000254 0.0575053347 -0.14171746 0 0 0
C@CP 3067 0.0122528156 -0.07261825 0.269772198 0 0 0
C@CP 3068 0.418961129 -0.139101263 0.158094949 0 0 0
C@CP 3069 0.0217973699 0.0810490981 0.0061151607 0 0 0
C@CP 3070 0.195702313 -0.349677745 -0.251562186 0 0 0
C@CP 3071 0.0949337423 0.274293427 0.302006758 0 0 0
C@CP 3072 -0.164931931 0.135305989 0.386147592 0 0 0
C@CP 3073 0.25140532 -0.0984742637 0.24526477 0 0 0
C@CP 3074 -0.114237441 -0.242167849 0.0364180166 0 0 0
C@CP 3075 -0.131391623 0.108175624 0.341209067 0 0 0
C@CP 3076 0.266984488 -0.3800739 0.0721198683 0 0 0
C@CP 3077 0.313555099 0.188374683 -0.0589985449 0 0 0
C@CP 3078 -0.231950718 0.106010616 -0.258948662 0 0 0
C@CP 3079 -0.216631268 -0.00890454851 -0.230177877 0 0 0
C@CP 3080 0.0448336481 -0.206789341 -0.0712799005 0 0 0
C@CP 3081 -0.275010481 -0.00524682165 0.127770041 0 0 0
C@CP 3082 0.144212757 0.133770757 0.0446037708 0 0 0
C@CP 3083 -0.0932919511 -0.0321794069 -0.391725093 0 0 0
C@CP 3084 0.313016099 -0.315337431 -0.0636183592 0 0 0
C@CP 3085 0.222752965 -0.313316516 -0.187454977 0 0 0
C@CP 3086 0.085850718 -0.042750894 -0.155014346 0 0 0
C@CP 3087 -0.206618347 0.302607587 -0.0192835581 0 0 0
C@CP 3088 0.409613199 -0.126266707 -0.0977237974 0 0 0
C@CP 3089 -0.0685680993 0.367222979 -0.131694871 0 0 0
C@CP 3090 -0.18235439 -0.213390414 0.216482679 0 0 0
C@CP 3091 0.040424648 -0.37454257 -0.151792241 0 0 0
C@CP 3092 -0.261570966 0.0825937706 -0.368929325 0 0 0
C@CP 3093 0.132544535 -0.29493663 -0.267249144 0 0 0
C@CP 3094 -0.145497985 0.0793216005 0.37199056 0 0 0
C@CP 3095 -0.319123687 0.0350958469 -0.302972008 0 0 0
C@CP 3096 0.181190995 -0.363234506 -0.225445504 0 0 0
C@CP 3097 -0.282609853 0.299829674 -0.148063944 0 0 0
C@CP 3098 0.037031809 -0.186343389 0.0284663188 0 0 0
C@CP 3099 -0.28655292 -0.0331148585 -0.188607974 0 0 0
C@CP 3100 -0.124560008 0.09483885 0.306923485 0 0 0
C@CP 3101 0.141471144 0.265034654 -0.104984769 0 0 0
C@CP 3102 0.103265844 0.245093228 -0.240858664 0 0 0
C@CP 3103 -0.297460486 0.263546149 -0.188509314 0 0 0
C@CP 3104 -0.271825466 0.115807433 -0.147206613 0 0 0
C@CP 3105 -0.00333266677 -0.405009738 -0.202535089 0 0 0
C@CP 3106 0.167567233 0.381760773 0.250437905 0 0 0
C@CP 3107 -0.114973112 -0.377552129 -0.269708478 0 0 0
C@CP 3108 -0.0298693501 0.11198818 -0.102934411 0 0 0
C@CP 3109 -0.0594282181 0.254068169 -0.0810468834 0 0 0
C@CP 3110 -0.340363486 0.164164882 -0.195392256 0 0 0
C@CP 3111 -0.401947983 0.0367485056 -0.216240431 0 0 0
C@CP 3112 -0.212398935 0.23946548 0.27323457 0 0 0
C@CP 3113 0.183735362 0.159881703 -0.186065587 0 0 0
C@CP 3114 0.175463575 -0.218664568 0.282025216 0 0 0
C@CP 3115 0.135175789 -0.218350136 -0.330793817 0 0 0
C@CP 3116 -0.0211775467 0.153407491 -0.103765941 0 0 0
C@CP 3117 0.0239615138 0.0862181934 0.132921453 0 0 0
C@CP 3118 0.0504872253 -0.18837796 0.192106995 0 0 0
C@CP 3119 -0.199835663 0.302270816 0.015445712 0 0 0
C@CP 3120 0.0334057497 -0.108001448 0.444630238 0 0 0
C@CP 3121 0.0998779057 0.166615686 0.195480078 0 0 0
C@CP 3122 -0.104728361 0.178913749 -0.376780977 0 0 0
C@CP 3123 -0.0980290538 -0.060223743 -0.217383694 0 0 0
C@CP 3124 0.146453788 0.244570299 0.217454422 0 0 0
C@CP 3125 -0.0133870747 -0.182878024 -0.11671831 0 0 0
C@CP 3126 0.0509000155 -0.392070016 -0.157318428 0 0 0
C@CP 3127 -0.0163280123 0.138647391 -0.299664588 0 0 0
C@CP 3128 -0.211283876 -0.254384653 0.303232736 0 0 0
C@CP 3129 0.317816935 -0.201887385 0.0512226115 0 0 0
C@CP 3130 -0.0611751159 -0.0409120329 -0.3909485 0 0 0
C@CP 3131 0.301271156 0.240930429 0.110157052 0 0 0
C@CP 3132 0.0122691336 -0.202592824 0.205353905 0 0 0
C@CP 3133 -0.0999501764 0.161654776 0.288336182 0 0 0
C@CP 3134 0.234562878 0.0822390481 0.0898414443 0 0 0
C@CP 3135 0.0296690567 0.118412048 -0.259142392 0 0 0
C@CP 3136 0.289218377 0.146927438 0.0628788416 0 0 0
C@CP 3137 -0.330480588 -0.0983778873 -0.149931744 0 0 0
C@CP 3138 0.0867938581 0.1730062 0.196610099 0 0 0
C@CP 3139 -0.216938135 0.0537751888 -0.0914428381 0 0 0
C@CP 3140 0.397616679 0.17346411 0.0844280286 0 0 0
C@CP 3141 0.0977797582 -0.308974351 -0.338483542 0 0 0
C@CP 3142 -0.157974033 0.199294402 -0.347973412 0 0 0
C@CP 3143 -0.230009259 -0.41006161 0.00968151542 0 0 0
C@CP 3144 0.029971675 0.291484385 0.345638599 0 0 0
C@CP 3145 0.246698682 0.139060987 0.131769044 0 0 0
C@CP 3146 0.167383556 0.188876791 -0.166404242 0 0 0
C@CP 3147 0.208856196 0.241640674 -0.315066141 0 0 0
C@CP 3148 -0.368903356 0.154344789 -0.0783892292 0 0 0
C@CP 3149 0.188621933 0.122656557 -0.344729084 0 0 0
C@CP 3150 0.348579126 0.151504803 -0.0690311262 0 0 0
C@CP 3151 0.180104781 0.0235260775 0.14170598 0 0 0
C@CP 3152 0.0320116185 0.134119847 0.263900897 0 0 0
C@CP 3153 -0.24022291 0.0330867003 0.384839731 0 0 0
C@CP 3154 -0.0925487338 -0.0625333454 -0.426851003 0 0 0
C@CP 3155 -0.0108678503 0.397949756 -0.103556961 0 0 0
C@CP 3156 -0.070275108 -0.353179667 -0.239970823 0 0 0
C@CP 3157 0.223642913 -0.323651884 0.0596563892 0 0 0
C@CP 3158 -0.17352206 0.324498489 0.286651489 0 0 0
C@CP 3159 -0.040088412 0.251405241 0.221179159 0 0 0
C@CP 3160 0.445532074 0.0450626178 -0.111565041 0 0 0
C@CP 3161 -0.154696234 0.131612708 0.177379627 0 0 0
C@CP 3162 -0.086748304 0.301486154 0.167702361 0 0 0
C@CP 3163 -0.135782612 0.0970572369 0.267771751 0 0 0
C@CP 3164 -0.354454412 0.250978273 0.159000056 0 0 0
C@CP 3165 -0.0344586036 -0.360521724 -0.205241037 0 0 0
C@CP 3166 0.124030697 -0.0873540499 -0.113521705 0 0 0
C@CP 3167 -0.213750028 0.257892585 -0.00979169349 0 0 0
C@CP 3168 -0.0519437579 -0.415951686 0.142583427 0 0 0
C@CP 3169 0.0191754937 0.064785669 0.279697156 0 0 0
C@CP 3170 0.20667004 0.197010828 0.371965707 0 0 0
C@CP 3171 -0.0917706466 -0.283061837 0.0454172295 0 0 0
C@CP 3172 -0.0785701402 0.0367831909 -0.20456277 0 0 0
C@CP 3173 0.0314192927 -0.408579274 -0.187148839 0 0 0
C@CP 3174 0.202485611 0.081698377 -0.0929344891 0 0 0
C@CP 3175 0.247934581 0.321220637 0.200152196 0 0 0
C@CP 3176 -0.171718401 -0.0133395374 0.404907595 0 0 0
C@CP 3177 -0.352767586 0.0347342311 -0.0390650617 0 0 0
C@CP 3178 0.238004774 0.219808631 -0.117964003 0 0 0
C@CP 3179 0.168811062 0.345749625 0.21640318 0 0 0
C@CP 3180 -0.360776501 0.0495675601 -0.273432774 0 0 0
C@CP 3181 0.24708129 -0.318523791 -0.172621597 0 0 0
C@CP 3182 0.0890259971 0.0455521082 -0.34239069 0 0 0
C@CP 3183 0.146118373 -0.101190264 0.0306478704 0 0 0
C@CP 3184 -0.238860599 -0.126028214 -0.242301999 0 0 0
C@CP 3185 0.167850701 -0.288430053 -0.249134183 0 0 0
C@CP 3186 -0.148361146 0.171243188 0.116916947 0 0 0
C@CP 3187 0.301022812 -0.194407015 0.272429192 0 0 0
C@CP 3188 0.150298026 -0.0738615127 0.212206157 0 0 0
C@CP 3189 0.193310562 0.18692729 0.18842944 0 0 0
C@CP 3190 -0.123324496 -0.406267206 0.19017486 0 0 0
C@CP 3191 0.0402584813 0.0483766928 0.218588899 0 0 0
C@CP 3192 0.224206318 -0.17410633 -0.182599542 0 0 0
C@CP 3193 -0.174137485 0.345386467 0.136290257 0 0 0
C@CP 3194 0.0618053748 -0.275648982 -0.076701309 0 0 0
C@CP 3195 0.233168571 -0.221064298 -0.0458849078 0 0 0
C@CP 3196 0.276174798 -0.166897651 0.183188771 0 0 0
C@CP 3197 0.0117928251 -0.181049475 0.204199061 0 0 0
C@CP 3198 0.167104187 0.154715929 -0.0530355922 0 0 0
C@CP 3199 -0.376153682 0.262635028 -0.0027365266 0 0 0
C@CP 3200 -0.332192237 0.280333885 0.0425080798 0 0 0
C@CP 3201 -0.193701945 0.114444516 -0.391686073 0 0 0
C@CP 3202 -0.441012366 0.0941568686 -0.0824760916 0 0 0
C@CP 3203 0.128938885 -0.189781493 -0.191552792 0 0 0
C@CP 3204 0.0228787896 -0.325306567 0.29893131 0 0 0
C@CP 3205 -0.233235889 0.350211532 0.0834172128 0 0 0
C@CP 3206 0.351153104 -0.127028641 -0.271072314 0 0 0
C@CP 3207 -0.0327864177 0.290403182 0.180192107 0 0 0
C@CP 3208 -0.211051551 -0.0272629344 0.10290823 0 0 0
C@CP 3209 0.0505310561 -0.215846413 -0.346473089 0 0 0
C@CP 3210 0.266053536 0.356335385 0.0910037066 0 0 0
C@CP 3211 -0.189555969 -0.103586676 -0.0989514525 0 0 0
C@CP 3212 -0.203862451 0.0405416784 -0.282547536 0 0 0
C@CP 3213 -0.150527808 -0.0322655945 0.413269554 0 0 0
C@CP 3214 -0.0465667223 0.263732967 0.140120377 0 0 0
C@CP 3215 0.376853289 -0.158504941 0.0153031927 0 0 0
C@CP 3216 -0.244727588 0.225624134 0.324448781 0 0 0
C@CP 3217 -0.375534618 0.23813403 -0.139420116 0 0 0
C@CP 3218 -0.186887986 0.0205080802 -0.383408737 0 0 0
C@CP 3219 0.333254733 -0.182026339 -0.259039232 0 0 0
C@CP 3220 0.337939777 -0.176461169 0.154364743 0 0 0
C@CP 3221 0.300364862 -0.0507177338 -0.260889777 0 0 0
C@CP 3222 -0.185241306 -0.325542481 0.122736847 0 0 0
C@CP 3223 -0.102537178 0.284085661 -0.149995675 0 0 0
C@CP 3224 0.132638723 0.443946428 -0.0101709 0 0 0
C@CP 3225 0.206612112 -0.139280187 -0.271793917 0 0 0
C@CP 3226 -0.154281756 -0.1812593 -0.401640087 0 0 0
C@CP 3227 -0.252027976 -0.00970557792 0.275218177 0 0 0
C@CP 3228 -0.370714863 0.0815265301 -0.0778747328 0 0 0
C@CP 3229 0.0899593138 -0.182543357 -0.365602429 0 0 0
C@CP 3230 -0.280998233 -0.345907187 -0.0528852172 0 0 0
C@CP 3231 0.00517952255 0.27173908 -0.305464093 0 0 0
C@CP 3232 -0.193276156 -0.148552116 -0.135383459 0 0 0
C@CP 3233 -0.348558287 -0.0696109352 0.0761300321 0 0 0
C@CP 3234 -0.138220745 -0.290378223 0.101605955 0 0 0
C@CP 3235 -0.0670402989 0.378091066 -0.0381175755 0 0 0
C@CP 3236 -0.187144707 0.135295391 -0.123072983 0 0 0
C@CP 3237 0.169351469 -0.0927590047 0.225588446 0 0 0
C@CP 3238 0.314352579 0.270331261 -0.151198018 0 0 0
C@CP 3239 -0.261572156 0.00713204687 0.243664537 0 0 0
C@CP 3240 0.23644888 0.0758525102 -0.314482918 0 0 0
C@CP 3241 0.388048083 -0.200680687 0.110558189 0 0 0
C@CP 3242 0.358974288 0.0583837314 0.252046506 0 0 0
C@CP 3243 0.20479402 0.265820347 -0.108133538 0 0 0
C@CP 3244 0.394852167 0.0069136457 -0.267025417 0 0 0
C@CP 3245 -0.153325933 0.12153024 -0.182202042 0 0 0
C@CP 3246 -0.175178024 0.0025753068 0.0844772632 0 0 0
C@CP 3247 -0.333488431 0.00579845437 0.241410333 0 0 0
C@CP 3248 -0.0167720687 -0.0447964531 -0.299307976 0 0 0
C@CP 3249 -0.372172507 -0.0926963082 -0.0484778634 0 0 0
C@CP 3250 0.270739011 -0.0985241543 0.0409361799 0 0 0
C@CP 3251 0.182168286 -0.369084837 -0.236277376 0 0 0
C@CP 3252 -0.310189927 0.0396521161 0.289819599 0 0 0
C@CP 3253 0.257424796 0.0246623007 -0.301474245 0 0 0
C@CP 3254 -0.202325555 -0.262474511 0.283489843 0 0 0
C@CP 3255 -0.088503708 -0.442478839 -0.0530303572 0 0 0
C@CP 3256 -0.177330903 -0.263823646 0.260826947 0 0 0
C@CP 3257 -0.0124027339 -0.272462537 -0.225394808 0 0 0
C@CP 3258 0.107597416 -0.157789547 0.340096548 0 0 0
C@CP 3259 0.0983440828 0.0821561964 -0.180104424 0 0 0
C@CP 3260 0.176223866 0.153171737 0.21901366 0 0 0
C@CP 3261 -0.0821677224 -0.324967193 -0.0674118429 0 0 0
C@CP 3262 -0.150883237 0.239844874 -0.249197089 0 0 0
C@CP 3263 -0.165760244 0.0988897413 0.246994034 0 0 0
C@CP 3264 -0.0378550357 -0.0876487833 0.112986613 0 0 0
C@CP 3265 0.0928326969 -0.336878743 -0.298505762 0 0 0
C@CP 3266 -0.327432972 -0.221907546 0.2413617 0 0 0
C@CP 3267 -0.139581151 0.0965280833 0.128502029 0 0 0
C@CP 3268 0.446689688 0.0154992336 0.11900596 0 0 0
C@CP 3269 0.0895116368 -0.0247444357 0.43266463 0 0 0
C@CP 3270 0.276670664 -0.0347408212 0.248184101 0 0 0
C@CP 3271 -0.112526595 -0.247183661 -0.320154555 0 0 0
C@CP 3272 0.248367441 0.132968236 -0.262540865 0 0 0
C@CP 3273 0.0170426194 0.179648601 0.0873119636 0 0 0
C@CP 3274 -0.0656794235 0.244081188 0.307822993 0 0 0
C@CP 3275 0.198575091 -0.257019983 0.0470387372 0 0 0
C@CP 3276 0.083267594 -0.136059623 0.41627188 0 0 0
C@CP 3277 0.395541619 0.248909831 -0.144244993 0 0 0
C@CP 3278 0.262872058 -0.245014286 0.282133687 0 0 0
C@CP 3279 0.307102356 -0.0946506921 0.117506419 0 0 0
C@CP 3280 0.398086882 0.246755555 -0.149750532 0 0 0
C@CP 3281 0.108337916 0.206295625 0.141874337 0 0 0
C@CP 3282 -0.140418726 -0.27326988 -0.30748126 0 0 0
C@CP 3283 0.283652187 0.145806307 -0.121868457 0 0 0
C@CP 3284 -0.028227865 0.24269197 0.211264491 0 0 0
C@CP 3285 -0.0635333507 0.121526731 -0.430533959 0 0 0
C@CP 3286 0.135115486 0.192636996 0.170968805 0 0 0
C@CP 3287 0.155996661 0.00968659918 0.316748317 0 0 0
C@CP 3288 0.205258303 -0.0653124298 0.29722701 0 0 0
C@CP 3289 0.288374035 -0.0375395928 0.106709642 0 0 0
C@CP 3290 -0.0671030902 0.0289508462 -0.376603077 0 0 0
C@CP 3291 0.173047121 -0.0367166998 -0.290737558 0 0 0
C@CP 3292 0.00983689723 -0.136387834 0.3905429 0 0 0
C@CP 3293 0.0602849088 -0.124263829 -0.154569129 0 0 0
C@CP 3294 0.0483584103 -0.366262913 0.124936265 0 0 0
C@CP 3295 -0.240178217 0.0467350718 -0.23730201 0 0 0
C@CP 3296 -0.128786948 0.0278578726 -0.23843099 0 0 0
C@CP 3297 -0.0233922707 0.0104869946 0.399109453 0 0 0
C@CP 3298 0.187545538 0.371979616 0.089573381 0 0 0
C@CP 3299 0.125439208 -0.260730778 -0.290582686 0 0 0
C@CP 3300 -0.0858020681 0.37584513 -0.217705289 0 0 0
C@CP 3301 -0.216789355 -0.229297927 -0.337935456 0 0 0
C@CP 3302 0.27247524 0.0501512626 0.00875085194 0 0 0
C@CP 3303 -0.216478079 0.035292434 -0.299351089 0 0 0
C@CP 3304 0.0178547783 -0.05461212 -0.271666937 0 0 0
C@CP 3305 -0.28381028 -0.259148719 0.16414197 0 0 0
C@CP 3306 0.179285934 0.2381425 0.306927021 0 0 0
C@CP 3307 0.416469258 -0.158863707 0.112190269 0 0 0
C@CP 3308 0.198761099 -0.169818532 0.023157092 0 0 0
C@CP 3309 -0.118004071 -0.264693676 -0.237907931 0 0 0
C@CP 3310 -0.00717203702 0.0736420481 -0.270237169 0 0 0
C@CP 3311 -0.0777002582 0.0285945635 -0.302249157 0 0 0
C@CP 3312 0.0450285552 -0.300482262 -0.268811327 0 0 0
C@CP 3313 -0.0856633037 -0.103122493 0.153571946 0 0 0
C@CP 3314 0.180065 -0.00189466108 -0.26829322 0 0 0
C@CP 3315 0.204764908 -0.129673571 0.270129454 0 0 0
C@CP 3316 0.302953033 0.273926669 0.133315029 0 0 0
C@CP 3317 0.0371573525 0.0300882052 0.200329928 0 0 0
C@CP 3318 0.201708554 -0.113007536 -0.308682373 0 0 0
C@CP 3319 -0.0465467617 -0.105430402 0.201762921 0 0 0
C@CP 3320 -0.241055836 -0.185684279 -0.255902477 0 0 0
C@CP 3321 0.283016725 0.165256415 0.233040148 0 0 0
C@CP 3322 -0.212153543 -0.175250427 0.0932322439 0 0 0
C@CP 3323 0.181487113 0.244727898 0.295035735 0 0 0
C@CP 3324 -0.135494235 0.277064532 -0.186128375 0 0 0
C@CP 3325 -0.259868771 0.0134449676 0.0831258702 0 0 0
C@CP 3326 0.00316474683 0.142770843 0.192387499 0 0 0
C@CP 3327 -0.397997676 0.147144301 0.0899392846 0 0 0
C@CP 3328 0.168918972 0.129394867 -0.0424065127 0 0 0
C@CP 3329 0.296883987 -0.230077634 -0.0938713051 0 0 0
C@CP 3330 -0.231854727 0.0189278118 0.320944608 0 0 0
C@CP 3331 0.236692989 -0.109667267 -0.284753262 0 0 0
C@CP 3332 -0.264759998 0.213149518 0.0995773259 0 0 0
C@CP 3333 -0.0957683488 -0.108822131 0.338498141 0 0 0
C@CP 3334 -0.0443037647 0.226506181 -0.278964862 0 0 0
C@CP 3335 -0.124406709 -0.191599158 -0.0873862748 0 0 0
C@CP 3336 -0.0747263234 -0.107281935 0.262081681 0 0 0
C@CP 3337 0.112654538 -0.038828084 0.147036798 0 0 0
C@CP 3338 -0.0292127608 0.165248045 -0.280565881 0 0 0
C@CP 3339 -0.323853205 0.247877547 -0.159750373 0 0 0
C@CP 3340 0.0191350592 0.0880225166 0.355117582 0 0 0
C@CP 3341 -0.075579758 0.13104052 -0.079837325 0 0 0
C@CP 3342 -0.0689543278 -0.121884598 0.152234552 0 0 0
C@CP 3343 0.330443502 0.210249415 0.0611514672 0 0 0
C@CP 3344 0.295890617 0.0121530423 -0.306966315 0 0 0
C@CP 3345 0.224400811 0.187308029 0.096583451 0 0 0
C@CP 3346 0.291634304 0.135212082 -0.107220783 0 0 0
C@CP 3347 -0.0636360814 -0.140001501 -0.300550629 0 0 0
C@CP 3348 0.0836236411 0.35484688 0.256074941 0 0 0
C@CP 3349 0.15739756 0.389288181 0.0280044975 0 0 0
C@CP 3350 0.081361264 0.210995471 0.0587020233 0 0 0
C@CP 3351 -0.0139106649 0.202393116 -0.160652361 0 0 0
C@CP 3352 0.199784872 0.340502529 -0.232316902 0 0 0
C@CP 3353 0.224186049 -0.281029412 -0.0400002635 0 0 0
C@CP 3354 -0.110894874 0.0311492434 0.269248318 0 0 0
C@CP 3355 0.0149612904 0.382565545 0.144177439 0 0 0
C@CP 3356 0.11611639 0.100053551 -0.13944863 0 0 0
C@CP 3357 -0.269808225 -0.178065346 0.183797857 0 0 0
C@CP 3358 -0.102350979 0.0620254646 -0.301026081 0 0 0
C@CP 3359 -0.0987881984 0.341790467 0.143470623 0 0 0
C@CP 3360 -0.000513950874 0.0450044145 0.395663805 0 0 0
C@CP 3361 -0.388837057 -0.135711235 0.0149878915 0 0 0
C@CP 3362 -0.0512626397 0.30667374 0.116733724 0 0 0
C@CP 3363 0.316304478 0.0284473741 -0.322801675 0 0 0
C@CP 3364 -0.0239634833 0.315533933 -0.0267982196 0 0 0
C@CP 3365 0.224896738 -0.182144436 -0.0402672888 0 0 0
C@CP 3366 -0.0379555537 -0.0244572139 0.358810783 0 0 0
C@CP 3367 -0.149033121 0.0696769014 0.0757091807 0 0 0
C@CP 3368 -0.0966508078 0.0963411404 0.0741337745 0 0 0
C@CP 3369 -0.0923636987 -0.064272623 -0.389708395 0 0 0
C@CP 3370 -0.378176562 -0.042894414 0.118448159 0 0 0
C@CP 3371 -0.030008397 -0.114538301 -0.38690649 0 0 0
C@CP 3372 -0.11929009 0.0188805737 0.241426458 0 0 0
C@CP 3373 0.364506252 -0.0978875925 0.0976391538 0 0 0
C@CP 3374 0.183176985 0.181631054 -0.0759776981 0 0 0
C@CP 3375 0.423457306 -0.0191215028 -0.205426885 0 0 0
C@CP 3376 -0.104354019 0.405790207 -0.0306453422 0 0 0
C@CP 3377 0.172237296 -0.0505352479 0.23809002 0 0 0
C@CP 3378 0.264316785 -0.36583755 -0.0835067269 0 0 0
C@CP 3379 -0.205370277 0.0469271842 0.156106274 0 0 0
C@CP 3380 -0.05034719 -0.313118616 0.041095625 0 0 0
C@CP 3381 0.0058565056 -0.13329213 -0.180670085 0 0 0
C@CP 3382 -0.0356806993 -0.0900047411 0.0352472056 0 0 0
C@CP 3383 0.264318796 -0.00793472496 0.0800253048 0 0 0
C@CP 3384 -0.36683275 0.20189894 0.0515422627 0 0 0
C@CP 3385 -0.0472414138 0.0836480384 0.241934759 0 0 0
C@CP 3386 -0.228866213 -0.169168978 0.380680136 0 0 0
C@CP 3387 -0.17104562 -0.207145096 0.311458043 0 0 0
C@CP 3388 0.211136459 -0.196946575 0.0185718524 0 0 0
C@CP 3389 -0.13748771 -0.146368644 0.355636037 0 0 0
C@CP 3390 -0.402845046 -0.129272948 0.18184621 0 0 0
C@CP 3391 -0.307988311 -0.230257363 0.253254843 0 0 0
C@CP 3392 -0.404767171 0.0197517542 0.205162351 0 0 0
C@CP 3393 0.0840238969 0.36603287 0.1306351 0 0 0
C@CP 3394 0.189583739 0.202056868 -0.127715114 0 0 0
C@CP 3395 0.451396158 -0.00976657247 0.121039598 0 0 0
C@CP 3396 -0.0396027715 0.0319540701 0.444093418 0 0 0
C@CP 3397 -0.0957990004 0.0674310027 0.382694875 0 0 0
C@CP 3398 0.40665359 0.21638457 -0.0885400804 0 0 0
C@CP 3399 -0.150928573 -0.0330038299 -0.223051825 0 0 0
C@CP 3400 -0.0158065441 -0.271361142 -0.325489956 0 0 0
C@CP 3401 0.0421336721 0.0823897927 -0.158612368 0 0 0
C@CP 3402 -0.302387025 0.00627439673 0.160345333 0 0 0
C@CP 3403 -0.0460706085 -0.146736651 -0.133014378 0 0 0
C@CP 3404 -0.138022292 0.0135281759 -0.302132669 0 0 0
C@CP 3405 -0.328787405 0.145108448 -0.064411025 0 0 0
C@CP 3406 -0.0692583603 0.0923430319 0.214075622 0 0 0
C@CP 3407 0.257140489 -0.0873372018 0.281314521 0 0 0
C@CP 3408 -0.0227165938 -0.185071148 -0.171866192 0 0 0
C@CP 3409 0.3439158 -0.231228009 0.150152165 0 0 0
C@CP 3410 -0.0849700618 0.329527561 -0.206407416 0 0 0
C@CP 3411 -0.0728123567 -0.308175306 -0.21724494 0 0 0
C@CP 3412 0.267901787 0.298037474 -0.205336627 0 0 0
C@CP 3413 0.080453138 -0.277389732 0.372029614 0 0 0
C@CP 3414 -0.189648185 0.0056824198 -0.404349026 0 0 0
C@CP 3415 0.404345586 0.0100334315 0.192256096 0 0 0
C@CP 3416 0.110258971 0.316188179 0.132161445 0 0 0
C@CP 3417 -0.113287776 0.0548018479 -0.242163522 0 0 0
C@CP 3418 -0.174363508 0.166596797 0.0587999115 0 0 0
C@CP 3419 0.120939727 -0.132976501 -0.22679179 0 0 0
C@CP 3420 0.254052883 0.122954413 -0.367788153 0 0 0
C@CP 3421 -0.382119394 -0.236983166 0.0342176923 0 0 0
C@CP 3422 -0.293574094 -0.0636170107 -0.220475606 0 0 0
C@CP 3423 0.287854453 -0.179118246 -0.259773371 0 0 0
C@CP 3424 0.147130543 0.127111917 0.0963759347 0 0 0
C@CP 3425 -0.0123271167 0.151064816 -0.303697634 0 0 0
C@CP 3426 -0.164584924 0.303769879 0.245806907 0 0 0
C@CP 3427 -0.103314739 -0.0949989681 0.244751578 0 0 0
C@CP 3428 0.261212895 0.315422853 0.0532924769 0 0 0
C@CP 3429 0.257685533 0.312495724 0.018288161 0 0 0
C@CP 3430 0.152268798 0.0908006917 0.106559409 0 0 0
C@CP 3431 0.206100674 -0.311252528 0.00494386977 0 0 0
C@CP 3432 0.39971627 -0.040506737 0.195109834 0 0 0
C@CP 3433 0.310005804 -0.0153281134 -0.210947259 0 0 0
C@CP 3434 0.116946424 -0.177882309 0.235435565 0 0 0
C@CP 3435 -0.16618184 0.281932457 0.138071953 0 0 0
C@CP 3436 0.283790424 0.139057486 0.288056603 0 0 0
C@CP 3437 0.413679606 0.17602205 -0.037379515 0 0 0
C@CP 3438 -0.225552689 0.0827441265 -0.344945146 0 0 0
C@CP 3439 0.151633609 0.0689286062 0.283848023 0 0 0
C@CP 3440 0.375904676 -0.102299175 0.132714384 0 0 0
C@CP 3441 0.0740630308 0.455211766 0.0760945475 0 0 0
C@CP 3442 0.101726971 0.345551231 -0.262536252 0 0 0
C@CP 3443 0.0759105573 -0.0208646579 -0.165824486 0 0 0
C@CP 3444 0.0924925502 -0.00553035715 -0.109482386 0 0 0
C@CP 3445 0.179545556 -0.122301413 0.277595328 0 0 0
C@CP 3446 -0.298007691 -0.181284916 0.0531693479 0 0 0
C@CP 3447 0.145221342 0.294220851 0.0407977438 0 0 0
C@CP 3448 0.131131683 -0.316719885 0.141480158 0 0 0
C@CP 3449 -0.0566964491 -0.38296952 0.13882814 0 0 0
C@CP 3450 -0.0438511587 -0.285751808 0.0936596078 0 0 0
C@CP 3451 0.252233907 0.226090115 -0.0805884612 0 0 0
C@CP 3452 0.217740388 -0.048859732 -0.31265623 0 0 0
C@CP 3453 0.261444249 0.21877649 -0.264546455 0 0 0
C@CP 3454 -0.241927111 -0.337484866 -0.128123576 0 0 0
C@CP 3455 0.0673882706 -0.0107926917 -0.071892837 0 0 0
C@CP 3456 0.0781009282 0.0465254 -0.280514074 0 0 0
C@CP 3457 0.162603312 0.0463692999 0.429770494 0 0 0
C@CP 3458 -0.323263876 0.00842691775 -0.244436134 0 0 0
C@CP 3459 -0.085956412 -0.0547620381 0.367056664 0 0 0
C@CP 3460 0.335486272 -0.247412608 0.21321563 0 0 0
C@CP 3461 0.0062567303 -0.287034141 0.023587769 0 0 0
C@CP 3462 0.188790972 0.222084388 0.0975776337 0 0 0
C@CP 3463 -0.306760648 -0.144786861 -0.147406884 0 0 0
C@CP 3464 -0.16068353 -0.122525594 -0.283121399 0 0 0
C@CP 3465 -0.000717690041 -0.44401273 -0.0304142701 0 0 0
C@CP 3466 0.241426919 -0.207630612 -0.07446123 0 0 0
C@CP 3467 0.222849196 0.210591963 -0.11693689 0 0 0
C@CP 3468 -0.212791281 0.123607969 0.185002721 0 0 0
C@CP 3469 0.00449287651 0.0352072911 0.0544316157 0 0 0
C@CP 3470 -0.0157640705 -0.264058012 0.370609046 0 0 0
C@CP 3471 -0.127095471 -0.172900175 -0.151525632 0 0 0
C@CP 3472 0.0240849133 0.138819453 -0.162409607 0 0 0
C@CP 3473 0.0866424489 -0.417882386 -0.033757534 0 0 0
C@CP 3474 -0.237905807 0.0485396583 0.172428861 0 0 0
C@CP 3475 0.0108773395 0.151892307 -0.217971693 0 0 0
C@CP 3476 0.0788479141 0.195110904 0.221875935 0 0 0
C@CP 3477 0.241991951 -0.387266185 0.0863420681 0 0 0
C@CP 3478 0.1006781 0.302898917 0.175865448 0 0 0
C@CP 3479 0.0815533243 0.316253678 -0.143830929 0 0 0
C@CP 3480 -0.164512823 0.068135945 -0.211172106 0 0 0
C@CP 3481 0.200446643 0.243674767 -0.217333789 0 0 0
C@CP 3482 -0.025552347 0.0392828748 -0.367169162 0 0 0
C@CP 3483 -0.0662460916 -0.116758408 -0.2828093 0 0 0
C@CP 3484 -0.138943001 -0.0572735178 0.371636388 0 0 0
C@CP 3485 0.32698383 -0.218734695 -0.248338785 0 0 0
C@CP 3486 0.255594875 -0.341008124 0.144062176 0 0 0
C@CP 3487 -0.315768825 -0.285492878 -0.169178015 0 0 0
C@CP 3488 0.131962892 -0.125437051 -0.104480223 0 0 0
C@CP 3489 0.196195327 0.131351994 0.27659388 0 0 0
C@CP 3490 0.0309254734 -0.312674898 -0.329744308 0 0 0
C@CP 3491 0.242392937 0.051829103 -0.0917657757 0 0 0
C@CP 3492 -0.269897293 0.206000627 0.0122840744 0 0 0
C@CP 3493 0.343778016 -0.0771440042 -0.225052084 0 0 0
C@CP 3494 -0.0904018382 0.307773131 0.0747399037 0 0 0
C@CP 3495 0.0752323701 0.282293527 0.0274396119 0 0 0
C@CP 3496 -0.147515455 -0.116014923 0.317283977 0 0 0
C@CP 3497 0.242057638 -0.0219477079 -0.241458694 0 0 0
C@CP 3498 -0.0380706039 -0.216902341 -0.0838588605 0 0 0
C@CP 3499 -0.0560219774 0.231181975 -0.112140331 0 0 0
