B@CP 1000 -0.0047588353 -0.272137662 -0.0414619453 0 0 0
B@CP 1002 0.0136272657 -0.274149934 0.215152915 0 0 0
B@CP 1003 0.274262712 -0.103770042 0.129348216 0 0 0
B@CP 1006 -0.356381018 0.00481140825 0.0407260535 0 0 0
B@CP 1007 0.209075382 -0.368522091 0.0750582425 0 0 0
B@CP 1008 0.0499413699 0.32425246 0.182010569 0 0 0
B@CP 1011 -0.256191983 0.0865374688 0.0936160096 0 0 0
B@CP 1015 0.102974435 -0.391632772 -0.0319049299 0 0 0
B@CP 1019 0.118925998 -0.126305947 -0.366858677 0 0 0
B@CP 1024 0.150961283 -0.0923549272 -0.0993123118 0 0 0
B@CP 1036 -0.0793120227 0.115434762 0.15940889 0 0 0
B@CP 1037 -0.187518175 0.400861532 0.0603734829 0 0 0
B@CP 1042 0.0328154405 -0.198169974 0.206514298 0 0 0
B@CP 1045 0.361935126 0.0153706885 -0.30002651 0 0 0
B@CP 1047 0.000900629035 0.0407918714 0.00852255674 0 0 0
B@CP 1049 0.309100118 -0.100634028 -0.0556931035 0 0 0
B@CP 1052 0.332843304 0.0152244143 0.055377298 0 0 0
B@CP 1056 0.0748449029 -0.444304331 0.0493181586 0 0 0
B@CP 1058 -0.187117739 -0.345894147 -0.0943292994 0 0 0
B@CP 1062 -0.187175755 -0.0707770198 0.334891945 0 0 0
B@CP 1063 -0.160877745 0.347589106 0.219167451 0 0 0
B@CP 1064 0.367451076 -0.280742207 0.0266025775 0 0 0
B@CP 1066 0.18386096 0.145423588 -0.25754603 0 0 0
B@CP 1067 -0.0814035194 -0.331106578 -0.153238238 0 0 0
B@CP 1073 0.132661833 -0.118338578 -0.0193429329 0 0 0
B@CP 1078 0.219160533 -0.241044107 -0.166441047 0 0 0
B@CP 1080 0.0310421228 -0.353027478 0.101600265 0 0 0
B@CP 1083 -0.230684902 -0.184654089 -0.088730566 0 0 0
B@CP 1087 0.268988271 -0.179494868 0.2415764 0 0 0
B@CP 1088 0.241149045 -0.0222901577 0.211922698 0 0 0
B@CP 1089 -0.166777566 0.0149555542 0.326077989 0 0 0
B@CP 1090 0.0907858496 -0.34170289 -0.247372121 0 0 0
B@CP 1091 -0.184450893 -0.355450414 -0.130222185 0 0 0
B@CP 1096 0.209490508 -0.0655772045 -0.0313069799 0 0 0
B@CP 1101 -0.0925162626 0.0406372891 -0.389898286 0 0 0
B@CP 1103 0.252004518 0.0928675355 -0.143917876 0 0 0
B@CP 1105 -0.440978619 0.0019536933 0.0649000874 0 0 0
B@CP 1107 0.00141539891 0.00834748997 -0.273224164 0 0 0
B@CP 1110 0.0839017768 -0.276489614 0.311069629 0 0 0
B@CP 1113 0.450558094 0.0902131103 0.0451316808 0 0 0
B@CP 1116 0.00520671652 0.0241236723 -0.177580083 0 0 0
B@CP 1117 -0.365441325 -0.0132689579 0.1140588 0 0 0
B@CP 1118 -0.00230268518 -0.18979058 0.301394257 0 0 0
B@CP 1119 -0.237049057 0.0594113435 0.301887481 0 0 0
B@CP 1121 -0.126875196 -0.00511560173 -0.119510122 0 0 0
B@CP 1125 -0.0752115766 -0.00644622422 -0.300659322 0 0 0
B@CP 1129 0.10570277 -0.0099858354 0.316863526 0 0 0
B@CP 1130 -0.225463414 0.253750243 0.239702323 0 0 0
B@CP 1131 -0.0703743395 -0.0412787253 -0.440878539 0 0 0
B@CP 1133 0.272594281 -0.0738158206 0.325342623 0 0 0
B@CP 1136 0.300390819 -0.210604481 0.0319428005 0 0 0
B@CP 1139 -0.178091225 -0.0995900066 -0.188609854 0 0 0
B@CP 1145 -0.278583166 0.0826160634 0.287696946 0 0 0
B@CP 1148 -0.207990632 -0.0649699851 0.135171973 0 0 0
B@CP 1151 -0.224743328 0.0502230447 0.032747351 0 0 0
B@CP 1156 0.0305477057 0.299018015 0.230063307 0 0 0
B@CP 1157 0.230466161 -0.311244863 -0.0452471668 0 0 0
B@CP 1163 0.177437224 -0.179373987 -0.361011903 0 0 0
B@CP 1165 -0.133478864 -0.248959209 -0.135883543 0 0 0
B@CP 1167 -0.0882875082 0.277474252 0.272920881 0 0 0
B@CP 1170 0.153459169 0.340338921 -0.222857483 0 0 0
B@CP 1173 0.0595360083 0.195562837 0.306723993 0 0 0
B@CP 1175 -0.0613796704 0.390284061 -0.0995615026 0 0 0
B@CP 1176 0.0146708211 0.383090336 -0.178977963 0 0 0
B@CP 1178 0.260924811 -0.14607835 0.252070476 0 0 0
B@CP 1180 -0.256829392 -0.314118809 0.0208154198 0 0 0
B@CP 1188 -0.0932708722 0.14777487 0.118622404 0 0 0
B@CP 1189 0.12817027 0.0555990336 0.0381371433 0 0 0
B@CP 1191 -0.0712050972 -0.225445198 -0.0735751187 0 0 0
B@CP 1196 0.0701982001 0.0995313467 -0.255262696 0 0 0
B@CP 1201 0.0966119362 -0.203313932 -0.188826989 0 0 0
B@CP 1203 0.243872349 -0.206749245 0.178486119 0 0 0
B@CP 1205 0.0602869572 -0.316548105 -0.0227394933 0 0 0
B@CP 1206 0.00652247691 -0.0794366054 0.16328777 0 0 0
B@CP 1210 -0.074517343 0.212002203 0.117103977 0 0 0
B@CP 1212 -0.0735122642 -0.168335206 0.204271302 0 0 0
B@CP 1214 -0.232235707 -0.244114612 0.0477649462 0 0 0
B@CP 1215 -0.270858923 -0.100234997 0.243619581 0 0 0
B@CP 1216 -0.090024065 -0.0761792391 0.444020575 0 0 0
B@CP 1222 -0.277419853 -0.0986208965 0.265275328 0 0 0
B@CP 1226 -0.202300303 0.137867522 -0.0856399313 0 0 0
B@CP 1232 0.276771729 -0.289635833 -0.145438358 0 0 0
B@CP 1238 0.00470413011 -0.152881716 -0.328634403 0 0 0
B@CP 1242 -0.00243593493 0.34872378 0.0725496926 0 0 0
B@CP 1243 -0.32016592 0.0241721006 -0.323704837 0 0 0
B@CP 1246 0.190522353 -0.327979594 0.260557636 0 0 0
B@CP 1247 -0.260022877 -0.0987795672 -0.147971271 0 0 0
B@CP 1250 -0.0399597352 0.0960878033 -0.0129420586 0 0 0
B@CP 1253 -0.323893314 -0.0904397198 0.00708209984 0 0 0
B@CP 1255 0.0909024098 0.284056648 0.346978211 0 0 0
B@CP 1256 -0.112347538 -0.146112745 -0.00691735747 0 0 0
B@CP 1257 -0.0981479095 0.331647328 0.134355588 0 0 0
B@CP 1259 -0.284003863 0.200436916 0.0619956679 0 0 0
B@CP 1263 -0.207355459 0.169157728 -0.0498361136 0 0 0
B@CP 1264 -0.322911216 -0.0358224483 -0.0889947039 0 0 0
B@CP 1268 -0.274542855 -0.274364898 0.0221819606 0 0 0
B@CP 1269 -0.389180098 0.145739888 -0.0839307739 0 0 0
B@CP 1273 0.048576884 -0.0582424841 0.23944153 0 0 0
B@CP 1274 0.411432231 -0.00853309261 0.164780438 0 0 0
B@CP 1275 -0.108401832 -0.302825497 -0.26022506 0 0 0
B@CP 1276 0.207626586 0.307611171 -0.2677151 0 0 0
B@CP 1282 -0.153257717 0.321413082 -0.057256976 0 0 0
B@CP 1283 0.00793706267 -0.00301318247 0.341080242 0 0 0
B@CP 1284 0.358675384 0.0972250055 0.168272792 0 0 0
B@CP 1291 -0.315659408 -0.161405769 -0.267276437 0 0 0
B@CP 1292 -0.180975276 0.272523819 0.24728888 0 0 0
B@CP 1305 0.24154745 -0.157953739 -0.141432749 0 0 0
B@CP 1308 0.278164078 0.127077131 0.32506956 0 0 0
B@CP 1312 -0.119029616 0.0236709986 0.263982385 0 0 0
B@CP 1313 0.126053051 0.0390672188 0.156138802 0 0 0
B@CP 1316 -0.173001298 -0.276677499 0.170253007 0 0 0
B@CP 1317 0.0483959075 0.120440781 0.268789222 0 0 0
B@CP 1324 0.327478385 0.105972072 -0.220892286 0 0 0
B@CP 1326 -0.143180582 0.0201659676 -0.287786128 0 0 0
B@CP 1329 0.163528409 0.0359601789 -0.427770684 0 0 0
B@CP 1331 0.249594093 0.329625097 0.0434470312 0 0 0
B@CP 1333 0.164614198 -0.00965624176 0.347906256 0 0 0
B@CP 1340 0.355444677 -0.181480797 -0.111746853 0 0 0
B@CP 1344 -0.348978504 0.0353058707 -0.106099665 0 0 0
B@CP 1348 0.176425739 0.0142663982 -0.169430003 0 0 0
B@CP 1350 0.367873861 0.0941865788 -0.149245514 0 0 0
B@CP 1355 -0.347923997 0.043578598 -0.225525959 0 0 0
B@CP 1360 0.325195249 0.180126177 -0.242325081 0 0 0
B@CP 1361 0.341096289 0.0821399505 0.142765277 0 0 0
B@CP 1362 -0.276472394 0.114541811 0.137754758 0 0 0
B@CP 1365 0.134894832 0.166625577 0.250053834 0 0 0
B@CP 1367 0.35337184 0.0464230605 0.0127191193 0 0 0
B@CP 1368 0.150717626 0.0418268166 0.108180576 0 0 0
B@CP 1370 0.199082908 -0.247306903 -0.174239655 0 0 0
B@CP 1371 0.149753579 -0.237672417 0.0357497416 0 0 0
B@CP 1376 0.29811718 -0.324858384 0.15166571 0 0 0
B@CP 1380 -0.22457635 0.308492433 -0.20037822 0 0 0
B@CP 1391 0.225860039 0.228908757 0.0175806036 0 0 0
B@CP 1393 0.154275966 -0.0178104123 0.150557027 0 0 0
B@CP 1395 -0.0237601761 0.311232188 -0.325298523 0 0 0
B@CP 1396 0.321310023 0.170273579 0.274353017 0 0 0
B@CP 1397 0.137649415 0.212557766 0.261348633 0 0 0
B@CP 1402 -0.149420099 -0.0315746035 -0.335151078 0 0 0
B@CP 1404 0.109094935 0.257930017 0.00688359414 0 0 0
B@CP 1406 -0.0615017186 -0.223292291 0.0241269743 0 0 0
B@CP 1410 0.415991864 0.0274828715 0.0655427421 0 0 0
B@CP 1413 0.268463606 -0.143539681 -0.235119758 0 0 0
B@CP 1416 0.00904018727 -0.120802954 -0.254873899 0 0 0
B@CP 1417 0.230558472 0.0681987417 -0.321862518 0 0 0
B@CP 1419 0.198952336 0.292689542 -0.0614923396 0 0 0
B@CP 1428 -0.112369918 -0.204077206 0.0509160897 0 0 0
B@CP 1430 -0.00750505883 0.00272996032 0.0303908225 0 0 0
B@CP 1431 -0.279612021 0.239743889 0.21482608 0 0 0
B@CP 1435 -0.231308302 0.0344221689 0.374266846 0 0 0
B@CP 1437 0.0594912182 0.0599618563 -0.177516212 0 0 0
B@CP 1443 -0.335833932 -0.0794782183 0.316923591 0 0 0
B@CP 1445 -0.159562907 -0.407070568 0.165466978 0 0 0
B@CP 1446 -0.145855062 0.208903312 0.316163103 0 0 0
B@CP 1453 -0.062304874 -0.0309351846 0.439320196 0 0 0
B@CP 1454 -0.348918317 0.195897267 -0.215646288 0 0 0
B@CP 1456 -0.167448041 -0.398543038 0.216951982 0 0 0
B@CP 1461 -0.220258538 0.181919597 0.00534798946 0 0 0
B@CP 1462 0.0747415203 -0.0968191146 0.443454247 0 0 0
B@CP 1463 0.214095216 -0.119847466 0.0203548723 0 0 0
B@CP 1467 0.061602561 -0.0235578353 0.00559299816 0 0 0
B@CP 1469 -0.00964253909 -0.388555379 -0.222634987 0 0 0
B@CP 1472 0.167272762 0.0533135221 0.234944919 0 0 0
B@CP 1473 0.130800904 0.0138885944 0.169751659 0 0 0
B@CP 1477 -0.26165152 0.26823762 0.0404888685 0 0 0
B@CP 1478 -0.0229721253 0.248432278 -0.206304874 0 0 0
B@CP 1481 -0.180922839 0.0274863609 0.231042533 0 0 0
B@CP 1484 0.293677802 0.108972287 -0.0489440285 0 0 0
B@CP 1486 0.118644174 0.389411216 0.0344075227 0 0 0
B@CP 1487 -0.0914058347 0.186544419 -0.408136808 0 0 0
B@CP 1488 -0.406985606 -0.0464327322 -0.0765187461 0 0 0
B@CP 1492 0.0966035313 0.254901326 0.219114945 0 0 0
B@CP 1493 -0.201034557 -0.0254268878 -0.398235875 0 0 0
B@CP 1495 0.120957058 0.303224155 0.138250509 0 0 0
B@CP 1499 0.073366222 0.146948002 0.00445741515 0 0 0
B@CP 1501 0.118648512 0.0391975655 -0.246537035 0 0 0
B@CP 1503 0.19654455 0.0823732602 -0.231939966 0 0 0
B@CP 1506 -0.327356747 0.331986657 0.0831654624 0 0 0
B@CP 1507 -0.0317562792 0.232622365 -0.216932022 0 0 0
B@CP 1508 -0.247280203 -0.0279553691 -0.0097480945 0 0 0
B@CP 1512 0.147154759 0.21680844 -0.153677057 0 0 0
B@CP 1516 -0.0326895512 0.090758337 -0.18393161 0 0 0
B@CP 1518 -0.222171208 0.369102028 0.122379025 0 0 0
B@CP 1523 0.179813092 -0.383682283 0.149876799 0 0 0
B@CP 1524 0.393993959 0.243590869 -0.113133747 0 0 0
B@CP 1526 0.248436306 -0.187346287 -0.298734004 0 0 0
B@CP 1530 -0.0012238207 0.164057062 0.308269675 0 0 0
B@CP 1531 0.090326815 0.0581515035 0.141181598 0 0 0
B@CP 1532 -0.169852247 0.36992067 -0.0119635726 0 0 0
B@CP 1534 -0.298010791 0.213034258 0.279693516 0 0 0
B@CP 1535 -0.201829622 -0.384445347 0.0612999652 0 0 0
B@CP 1536 -0.168087705 -0.0776678988 0.393622569 0 0 0
B@CP 1541 -0.190779844 -0.367738937 -0.079209361 0 0 0
B@CP 1542 -0.100844698 -0.415921584 -0.203029195 0 0 0
B@CP 1543 0.355892916 -0.270501902 -0.0712045245 0 0 0
B@CP 1546 0.0558337564 -0.340548901 -0.153363178 0 0 0
B@CP 1556 -0.160649417 0.352215218 0.207494326 0 0 0
B@CP 1557 -0.060101556 0.0556166536 -0.037535304 0 0 0
B@CP 1558 -0.137987079 0.262631047 0.327960803 0 0 0
B@CP 1565 0.100916341 0.114178046 -0.172773492 0 0 0
B@CP 1568 0.345734708 0.119192188 0.13883514 0 0 0
B@CP 1573 0.000509374755 -0.398485433 0.00172838816 0 0 0
B@CP 1578 -0.409183617 0.137486827 0.137311724 0 0 0
B@CP 1586 0.0823966326 0.297946982 0.00663337563 0 0 0
B@CP 1597 -0.306050108 -0.159292394 0.284296387 0 0 0
B@CP 1599 0.336476159 -0.23212319 0.224335192 0 0 0
B@CP 1600 0.0963239377 -0.0448171547 0.418450981 0 0 0
B@CP 1602 0.0128953208 -0.28266692 -0.262405177 0 0 0
B@CP 1603 0.440558 0.0755124301 -0.115696076 0 0 0
B@CP 1604 -0.397875977 -0.00453557129 -0.174581005 0 0 0
B@CP 1605 0.242935607 -0.328280172 -0.126414553 0 0 0
B@CP 1611 0.44673196 0.0228663602 -0.13474769 0 0 0
B@CP 1625 -0.0101237287 -0.0378187482 -0.199207067 0 0 0
B@CP 1635 0.115705779 -0.2278296 -0.0832242185 0 0 0
B@CP 1637 -0.103378771 -0.0387036163 0.373072407 0 0 0
B@CP 1638 0.373159336 0.221104894 0.186794157 0 0 0
B@CP 1640 -0.219123129 -0.11362889 -0.0345075535 0 0 0
B@CP 1641 -0.401308571 -0.184265578 -0.0629699014 0 0 0
B@CP 1646 -0.112189224 -0.0750436426 -0.447249339 0 0 0
B@CP 1650 -0.0518581471 -0.144302791 -0.0710560697 0 0 0
B@CP 1651 0.229473984 0.411807649 0.0397382646 0 0 0
B@CP 1652 -0.208568714 0.0318559549 0.26558147 0 0 0
B@CP 1656 -0.000347633392 0.255603862 -0.293419947 0 0 0
B@CP 1665 -0.303207512 0.114555492 -0.279936443 0 0 0
B@CP 1670 0.165902529 -0.148308121 0.00164427311 0 0 0
B@CP 1671 0.283948253 0.149199725 -0.0324240532 0 0 0
B@CP 1674 -0.282162093 -0.0501544177 -0.353814215 0 0 0
B@CP 1676 -0.363080408 0.279155099 -0.0904498703 0 0 0
B@CP 1681 0.0551171704 -0.0117794627 -0.344052077 0 0 0
B@CP 1684 0.0428818782 -0.0489202622 -0.455379788 0 0 0
B@CP 1687 0.265267132 0.109017754 0.198247249 0 0 0
B@CP 1690 0.225338381 -0.16014462 -0.0321898513 0 0 0
B@CP 1692 -0.243407285 0.305614807 0.240908737 0 0 0
B@CP 1693 0.324399652 -0.0739309198 -0.107772061 0 0 0
B@CP 1695 0.107418994 0.43231358 -0.0336736122 0 0 0
B@CP 1696 0.206150721 0.388402107 0.0726285956 0 0 0
B@CP 1697 0.360097686 0.102340958 0.160314757 0 0 0
B@CP 1698 0.179272909 0.384313421 0.126539245 0 0 0
B@CP 1699 0.0971466619 -0.351808413 -0.272838922 0 0 0
B@CP 1702 0.0522852871 -0.134978457 -0.111361812 0 0 0
B@CP 1707 0.263691446 0.311622401 -0.151916262 0 0 0
B@CP 1708 -0.180445988 0.302863783 0.297663575 0 0 0
B@CP 1710 -0.113223419 0.303857249 -0.0525894712 0 0 0
B@CP 1714 0.211860115 0.368418445 -0.0151135012 0 0 0
B@CP 1715 -0.185955076 -0.279156154 0.0607938648 0 0 0
B@CP 1724 0.0808649356 -0.0326694664 -0.204551839 0 0 0
B@CP 1725 0.0263330672 -0.412298466 0.152438946 0 0 0
B@CP 1726 -0.387295081 0.0386773072 0.206611891 0 0 0
B@CP 1731 -0.110371441 -0.383761716 -0.264481798 0 0 0
B@CP 1733 0.295690032 0.230993012 0.0355669204 0 0 0
B@CP 1735 -0.292588141 -0.344945328 0.057868884 0 0 0
B@CP 1741 -0.252067592 -0.0718573761 0.178024237 0 0 0
B@CP 1742 0.115902793 -0.425198477 0.101252948 0 0 0
B@CP 1745 0.271646449 0.238659558 0.101035249 0 0 0
B@CP 1747 0.0367391029 -0.147326298 -0.0991808157 0 0 0
B@CP 1750 -0.100107964 0.151633162 -0.303712771 0 0 0
B@CP 1751 -0.15719908 0.325839544 -0.0853643443 0 0 0
B@CP 1755 -0.230124715 -0.0915360033 0.369514347 0 0 0
B@CP 1757 0.0137047158 0.374442659 -0.101638 0 0 0
B@CP 1762 0.407916041 -0.142995811 0.15246278 0 0 0
B@CP 1767 0.268606724 0.307754329 -0.1974816 0 0 0
B@CP 1770 0.252457009 0.389337871 0.0574167648 0 0 0
B@CP 1778 0.411360513 0.076835891 -0.0347788164 0 0 0
B@CP 1779 -0.0286285674 -0.272559002 0.186479759 0 0 0
B@CP 1782 -0.231411014 0.147668021 0.0503500293 0 0 0
B@CP 1784 -0.141039794 0.36432633 -0.0726630046 0 0 0
B@CP 1793 -0.180836236 0.0243792646 0.200132396 0 0 0
B@CP 1800 0.309298817 0.0760394034 -0.12840564 0 0 0
B@CP 1803 0.274304939 0.385137369 -0.0236112339 0 0 0
B@CP 1804 -0.341925719 -0.251140157 0.0297777753 0 0 0
B@CP 1814 -0.208544044 0.0852979805 0.00100825457 0 0 0
B@CP 1816 -0.232669065 0.134972636 0.318122912 0 0 0
B@CP 1820 -0.085144888 0.303643843 0.0369059344 0 0 0
B@CP 1822 -0.0133276358 0.390099933 0.0409203664 0 0 0
B@CP 1827 -0.0583196301 0.255499413 0.04550379 0 0 0
B@CP 1828 0.471264342 0.0510663433 0.00500393933 0 0 0
B@CP 1835 0.43084417 -0.0362342818 -0.0233920324 0 0 0
B@CP 1837 0.311712263 -0.0450301612 0.0324850841 0 0 0
B@CP 1842 0.0472437388 0.156144997 0.00607774895 0 0 0
B@CP 1843 -0.124478917 -0.148500707 -0.275428279 0 0 0
B@CP 1845 -0.138350511 0.237174361 0.124251065 0 0 0
B@CP 1848 0.0308790723 -0.233142865 0.0727746871 0 0 0
B@CP 1852 0.296993062 0.0952135256 0.195940548 0 0 0
B@CP 1856 -0.461737564 0.0671211289 -0.0460141135 0 0 0
B@CP 1858 0.0821982025 -0.337278123 -0.315074647 0 0 0
B@CP 1859 -0.0802385895 -0.151795679 -0.196352221 0 0 0
B@CP 1862 -0.0511374321 0.0317920811 0.0526734526 0 0 0
B@CP 1863 0.109085831 -0.100266178 -0.0624575838 0 0 0
B@CP 1864 -0.292159125 0.034909626 0.00917946092 0 0 0
B@CP 1867 0.249473075 -0.29338109 0.0389226242 0 0 0
B@CP 1871 0.0638853533 0.351704622 -0.220062438 0 0 0
B@CP 1873 0.317246893 0.31648402 0.0919467241 0 0 0
B@CP 1876 0.304834073 -0.107782461 0.326058656 0 0 0
B@CP 1878 0.147362215 0.126767744 0.284293716 0 0 0
B@CP 1883 -0.114660256 -0.207631896 -0.280985724 0 0 0
B@CP 1886 -0.011873321 0.0119870153 -0.383545733 0 0 0
B@CP 1891 -0.0980900322 -0.300517309 0.256393685 0 0 0
B@CP 1893 -0.229307401 0.269236387 0.221516606 0 0 0
B@CP 1894 0.158427058 -0.256146005 -0.237240272 0 0 0
B@CP 1897 0.077255426 0.418420089 0.0227526637 0 0 0
B@CP 1901 -0.192140915 0.324489543 0.169608038 0 0 0
B@CP 1903 -0.239874 -0.109178327 0.137278024 0 0 0
B@CP 1905 -0.144483938 -0.0183013903 0.150911584 0 0 0
B@CP 1908 0.0370851119 -0.247702106 0.210050442 0 0 0
B@CP 1913 0.133297542 -0.0496381345 -0.150285573 0 0 0
B@CP 1914 0.237916646 0.336355133 -0.106941908 0 0 0
B@CP 1918 -0.3048261 0.0339544936 0.107148274 0 0 0
B@CP 1919 -0.13807282 0.123795516 -0.161271512 0 0 0
B@CP 1924 0.0610679224 -0.296583343 -0.184536985 0 0 0
B@CP 1926 -0.124036818 -0.161431293 -0.273390176 0 0 0
B@CP 1927 0.00324467674 0.0353460177 -0.216480042 0 0 0
B@CP 1929 -0.357708989 0.14044718 0.208973313 0 0 0
B@CP 1936 0.167289211 0.236709684 -0.295539201 0 0 0
B@CP 1940 0.0226376413 -0.244319159 0.0712596418 0 0 0
B@CP 1941 0.0831632862 0.04909313 0.243641589 0 0 0
B@CP 1944 -0.260546491 -0.071149718 0.383271041 0 0 0
B@CP 1945 0.194199488 -0.225569887 0.202560619 0 0 0
B@CP 1948 0.138845683 -0.10687749 0.185648263 0 0 0
B@CP 1949 -0.0721372919 -0.269252681 -0.238352168 0 0 0
B@CP 1953 0.187952248 0.110224218 -0.12002838 0 0 0
B@CP 1958 0.203790208 0.160139043 -0.205854391 0 0 0
B@CP 1959 0.266739058 0.154131426 -0.134723276 0 0 0
B@CP 1961 0.316476452 0.305459447 0.0791120946 0 0 0
B@CP 1963 -0.274021987 -0.242813624 -0.102287975 0 0 0
B@CP 1964 0.377163634 -0.111065374 -0.108978656 0 0 0
B@CP 1966 -0.236069638 -0.0216584412 -0.124886313 0 0 0
B@CP 1968 0.19035179 -0.294111153 -0.0780320332 0 0 0
B@CP 1969 0.0174109481 -0.162759956 0.14179102 0 0 0
B@CP 1970 -0.0992918235 0.346870322 0.201200515 0 0 0
B@CP 1972 -0.000519665438 -0.00224573075 -0.348322507 0 0 0
B@CP 1973 -0.0750542932 -0.0319428776 -0.0802917031 0 0 0
B@CP 1978 -0.234790445 -0.393968432 -0.0673418521 0 0 0
B@CP 1979 0.222364716 0.251236149 0.138072775 0 0 0
B@CP 1987 0.0539855874 -0.142530653 0.00118635618 0 0 0
B@CP 1989 0.072887998 0.185436916 2.17412606e-05 0 0 0
B@CP 1992 0.195099839 -0.0941885171 -0.164432876 0 0 0
B@CP 1996 0.0161375352 0.0597317235 -0.286136158 0 0 0
B@CP 1997 -0.418614929 0.0325967175 0.0614238048 0 0 0
B@CP 2003 0.293674793 0.0140955268 0.0345649296 0 0 0
B@CP 2006 -0.210350043 0.00296538699 0.328165948 0 0 0
B@CP 2008 0.277913473 0.183709068 -0.247932981 0 0 0
B@CP 2009 0.0710185783 -0.0756306899 0.262184765 0 0 0
B@CP 2011 0.109580432 0.0733151585 0.235007544 0 0 0
B@CP 2013 0.201736647 -0.0687542 0.412968513 0 0 0
B@CP 2014 -0.100351341 -0.172959723 0.100063322 0 0 0
B@CP 2015 0.17160697 -0.0176334749 0.147232797 0 0 0
B@CP 2016 0.0722319037 -0.160731805 -0.282533813 0 0 0
B@CP 2020 -0.120067192 -0.23801793 -0.0982458596 0 0 0
B@CP 2024 0.119539273 0.224553317 -0.00639578674 0 0 0
B@CP 2025 -0.260252412 -0.0899560842 0.0338445583 0 0 0
B@CP 2027 -0.193222694 0.0693638008 -0.244181805 0 0 0
B@CP 2028 -0.18122691 -0.0513230568 0.324291973 0 0 0
B@CP 2035 -0.0446312838 0.183913158 -0.310539266 0 0 0
B@CP 2039 -0.236971647 0.320534015 -0.0580651291 0 0 0
B@CP 2041 0.0724907307 -0.043462449 0.378003775 0 0 0
B@CP 2043 0.0564090048 -0.0391408321 -0.0142277175 0 0 0
B@CP 2044 -0.283706856 0.152035493 -0.122716257 0 0 0
B@CP 2045 0.00525905723 0.305839475 -0.325567659 0 0 0
B@CP 2062 0.174555001 0.297213809 0.0310615771 0 0 0
B@CP 2063 -0.0466649297 -0.287600723 -0.175636648 0 0 0
B@CP 2066 0.286282085 -0.241359199 -0.141196601 0 0 0
B@CP 2068 -0.383529314 -0.142346968 -0.150971272 0 0 0
B@CP 2072 0.157466903 0.379251108 -0.240775301 0 0 0
B@CP 2074 -0.00885634686 -0.246731608 -0.35126344 0 0 0
B@CP 2076 0.278708979 0.00115486305 0.288732036 0 0 0
B@CP 2079 0.20567504 -0.218957526 0.014922187 0 0 0
B@CP 2086 -0.145868284 -0.301395442 0.0558498579 0 0 0
B@CP 2088 0.332643464 -0.0827710291 0.20650019 0 0 0
B@CP 2092 -0.322319994 0.0506785552 0.00940128503 0 0 0
B@CP 2093 -0.0703180917 0.0375309976 -0.00544496238 0 0 0
B@CP 2099 0.205520076 -0.177974475 0.0497587142 0 0 0
B@CP 2107 0.247298845 0.169622545 -0.0233934911 0 0 0
B@CP 2114 -0.124346035 -0.435930697 0.10982052 0 0 0
B@CP 2115 0.0500318188 -0.12293956 0.0683462993 0 0 0
B@CP 2117 0.0136256365 0.163399264 0.00784132937 0 0 0
B@CP 2119 0.27242209 0.229209904 0.140287331 0 0 0
B@CP 2120 -0.159582556 -0.0199167384 0.0229505659 0 0 0
B@CP 2122 -0.245224935 -0.199361487 -0.123947978 0 0 0
B@CP 2126 0.0141997903 -0.315149322 -0.0423942934 0 0 0
B@CP 2130 -0.305455918 -0.192235653 -0.257413629 0 0 0
B@CP 2131 -0.200951418 -0.0696053686 -0.36087513 0 0 0
B@CP 2132 0.0565501627 -0.299543178 0.110724635 0 0 0
B@CP 2134 0.219239744 -0.159205623 0.0758962922 0 0 0
B@CP 2136 0.217559477 0.389946505 0.0448875642 0 0 0
B@CP 2137 -0.0560568856 0.0465310392 -0.135831716 0 0 0
B@CP 2138 -0.183428258 -0.315250823 0.0783471253 0 0 0
B@CP 2143 0.0953296419 -0.0243856574 -0.0693346207 0 0 0
B@CP 2151 -0.0295682543 0.06825609 -0.459059521 0 0 0
B@CP 2152 -0.362218427 0.165943728 0.0939631556 0 0 0
B@CP 2163 -0.0795618015 -0.160851199 0.0549803189 0 0 0
B@CP 2169 0.340494918 -0.133724087 -0.191170125 0 0 0
B@CP 2174 0.00939602142 0.4081156 -0.127177328 0 0 0
B@CP 2175 0.303156122 0.0594842561 -0.268354166 0 0 0
B@CP 2177 -0.202389056 -0.191771064 0.101305103 0 0 0
B@CP 2183 0.0897512129 0.30568515 -0.207910639 0 0 0
B@CP 2184 0.461648135 -0.0226399509 -0.0233004875 0 0 0
B@CP 2195 -0.111543296 -0.158355415 -0.0962996543 0 0 0
B@CP 2201 -0.0746235291 0.0691848201 -0.223002506 0 0 0
B@CP 2202 0.231567674 0.31273627 -0.246048947 0 0 0
B@CP 2205 0.128468136 -0.166332114 -0.237962252 0 0 0
B@CP 2206 -0.317434183 -0.214768226 -0.00399641502 0 0 0
B@CP 2209 0.139305998 0.429727316 -0.0179754141 0 0 0
B@CP 2211 0.298925121 0.357478591 0.0225614336 0 0 0
B@CP 2212 -0.357729877 0.275061384 -0.0436177048 0 0 0
B@CP 2214 -0.087405053 0.247205196 -0.114305478 0 0 0
B@CP 2215 0.294638474 0.112445029 0.0041493773 0 0 0
B@CP 2223 -0.231133792 -0.253412042 -0.124495922 0 0 0
B@CP 2225 -0.29272763 0.0715530745 -0.274390975 0 0 0
B@CP 2228 0.282588327 0.199855088 0.11279933 0 0 0
B@CP 2233 -0.286246003 -0.337995547 -0.00779266908 0 0 0
B@CP 2245 -0.0836624884 -0.161400407 -0.321458855 0 0 0
B@CP 2248 -0.0612150447 0.150786044 0.115437815 0 0 0
B@CP 2251 -0.131654974 0.377133335 0.133312439 0 0 0
B@CP 2253 0.00268218169 0.419979041 0.104412514 0 0 0
B@CP 2254 -0.351568268 -0.179154156 0.190355439 0 0 0
B@CP 2259 0.272841992 -0.165279496 -0.0135982387 0 0 0
B@CP 2260 0.383826485 -0.258724657 0.0523896237 0 0 0
B@CP 2262 -0.0768688855 -0.1670586 -0.354285278 0 0 0
B@CP 2265 -0.0814108017 -0.16586499 0.00421210269 0 0 0
B@CP 2267 -0.21239402 0.120351713 0.0622575884 0 0 0
B@CP 2268 0.136352074 0.389978903 -0.0472582911 0 0 0
B@CP 2272 -0.319314732 0.260414047 0.117705403 0 0 0
B@CP 2273 0.270221432 -0.104226548 -0.0371980531 0 0 0
B@CP 2274 0.24625997 -0.333400253 -0.205953102 0 0 0
B@CP 2278 -0.128251868 0.127145274 -0.422661376 0 0 0
B@CP 2279 0.115351042 0.229525823 0.126480447 0 0 0
B@CP 2280 0.126961913 -0.302367017 0.00094511143 0 0 0
B@CP 2281 -0.191347795 -0.0511085202 -0.358115359 0 0 0
B@CP 2283 0.220397254 -0.38716841 -0.0227012974 0 0 0
B@CP 2285 0.00973153284 0.047812244 0.374542808 0 0 0
B@CP 2291 -0.113515545 -0.225554646 -0.0446940371 0 0 0
B@CP 2293 0.251236423 0.325474897 -0.0461205667 0 0 0
B@CP 2294 0.33318483 -0.243294423 -0.169214582 0 0 0
B@CP 2299 0.381541888 0.170378665 0.169317891 0 0 0
B@CP 2301 -0.24809063 0.0344453509 0.340761987 0 0 0
B@CP 2310 -0.00994943173 -0.0481317912 -0.0407976036 0 0 0
B@CP 2313 0.0122442418 0.158500189 -0.282394017 0 0 0
B@CP 2316 -0.282134513 0.0260451771 -0.046862985 0 0 0
B@CP 2318 0.101542931 0.183904769 -0.379399042 0 0 0
B@CP 2319 -0.191059162 -0.029844232 0.18237184 0 0 0
B@CP 2321 -0.0635929825 -0.0327103807 -0.0279679948 0 0 0
B@CP 2323 -0.0706735462 -0.158890129 -0.419694445 0 0 0
B@CP 2325 0.210931037 -0.325001849 0.0270593857 0 0 0
B@CP 2332 0.0686570152 -0.00947726714 -0.241560566 0 0 0
B@CP 2339 -0.082814904 -0.235570871 0.00767485404 0 0 0
B@CP 2343 -0.229455022 0.107135634 0.38571836 0 0 0
B@CP 2345 0.167935054 0.372315577 0.0876184921 0 0 0
B@CP 2346 -0.29823892 0.0764372335 -0.288658519 0 0 0
B@CP 2347 -0.140974431 -0.197003681 0.203969595 0 0 0
B@CP 2348 -0.249403996 -0.343836283 -0.137008077 0 0 0
B@CP 2349 0.258333202 0.32116572 -0.124767697 0 0 0
B@CP 2354 0.00928957813 0.422234985 0.113126511 0 0 0
B@CP 2355 0.194615919 0.241498156 -0.0639752797 0 0 0
B@CP 2360 0.402549857 -0.014504813 0.243717406 0 0 0
B@CP 2361 -0.13546011 0.268550907 0.198990923 0 0 0
B@CP 2365 -0.139821397 -0.0242786271 0.0902769106 0 0 0
B@CP 2369 -0.244220073 0.297369974 0.187100242 0 0 0
B@CP 2374 0.163372903 -0.221157376 0.333818857 0 0 0
B@CP 2376 -0.0498111293 0.449965191 0.0148698734 0 0 0
B@CP 2378 0.236793867 -0.322226823 0.218911575 0 0 0
B@CP 2379 -0.026416943 -0.148112401 -0.0457999634 0 0 0
B@CP 2381 -0.204375739 -0.116568148 -0.0265121712 0 0 0
B@CP 2389 0.15124089 0.141697322 0.26971262 0 0 0
B@CP 2390 0.223526204 0.0537731856 -0.259935786 0 0 0
B@CP 2394 -0.190395073 -0.251149621 -0.275162641 0 0 0
B@CP 2395 -0.187179625 -0.0832232967 -0.0431304075 0 0 0
B@CP 2396 0.144284899 0.180710974 -0.0172868074 0 0 0
B@CP 2398 0.263762953 0.191083482 -0.280307944 0 0 0
B@CP 2407 0.0246561146 -0.262167909 -0.0396806781 0 0 0
B@CP 2409 0.133845541 -0.228628897 0.0490828265 0 0 0
B@CP 2413 -0.110148281 -0.41331091 -0.166735219 0 0 0
B@CP 2414 0.379051152 -0.216542854 0.105146899 0 0 0
B@CP 2415 0.0356698259 -0.0297098327 -0.0498629775 0 0 0
B@CP 2421 0.253100171 0.1673725 -0.0295323548 0 0 0
B@CP 2423 -0.0340825709 -0.116445491 -0.227290573 0 0 0
B@CP 2428 -0.230167893 -0.124981386 0.0796732109 0 0 0
B@CP 2431 0.255330294 -0.0286649297 -0.0168432863 0 0 0
B@CP 2432 0.341626239 -0.264731903 0.186351494 0 0 0
B@CP 2435 0.213410667 0.136642658 -0.240403996 0 0 0
B@CP 2437 0.0424477471 0.399578743 -0.0742492757 0 0 0
B@CP 2438 0.335885827 -0.0921353319 -0.303361901 0 0 0
B@CP 2439 -0.0812056619 0.187128357 0.290412837 0 0 0
B@CP 2440 0.360210977 -0.247631036 0.00890329766 0 0 0
B@CP 2444 -0.3046048 0.228503144 0.253885388 0 0 0
B@CP 2445 -0.0420847027 -0.385656992 0.207112278 0 0 0
B@CP 2451 0.125353848 0.298483615 0.153409185 0 0 0
B@CP 2455 -0.0852115883 -0.140933041 0.285384014 0 0 0
B@CP 2459 0.324005181 -0.183329764 0.272284529 0 0 0
B@CP 2462 0.397661664 -0.238108339 -0.150219422 0 0 0
B@CP 2463 -0.0441246491 -0.235843379 0.224737933 0 0 0
B@CP 2465 0.285886937 0.0836132315 0.321841173 0 0 0
B@CP 2467 -0.11937119 0.38737119 -0.208539674 0 0 0
B@CP 2471 0.283707332 0.0964478002 0.0937888548 0 0 0
B@CP 2472 -0.263861418 0.18638946 -0.231547928 0 0 0
B@CP 2477 -0.0192466736 -0.331038647 0.295821978 0 0 0
B@CP 2478 -0.317837482 -0.0670502722 0.11240468 0 0 0
B@CP 2486 0.00653436767 -0.263497744 -0.367040519 0 0 0
B@CP 2488 -0.0837461234 0.29709879 -0.345688829 0 0 0
B@CP 2490 -0.12435466 0.0451112944 -0.0804772348 0 0 0
B@CP 2496 -0.17931306 -0.375056403 0.057576482 0 0 0
B@CP 2499 0.342706062 0.247793661 0.106305078 0 0 0
C@CP 2500 0.135832041 -0.0135202186 0.142691299 0 0 0
C@CP 2501 -0.120035594 -0.194768554 0.083910785 0 0 0
C@CP 2502 0.0902624271 0.166355894 0.353187684 0 0 0
C@CP 2503 -0.100798879 -0.045460345 -0.233440765 0 0 0
C@CP 2504 0.239147759 0.0668241407 -0.295120668 0 0 0
C@CP 2505 -0.0326450521 0.144632159 -0.265176455 0 0 0
C@CP 2506 -0.0246681733 -0.249154556 -0.0710121312 0 0 0
C@CP 2507 -0.0357080739 0.376476501 0.182184031 0 0 0
C@CP 2508 -0.288137844 -0.17184795 -0.0588292607 0 0 0
C@CP 2509 -0.316985321 -0.0120339619 -0.263714117 0 0 0
C@CP 2510 0.105602911 -0.167534308 -0.0951845826 0 0 0
C@CP 2511 0.434849455 -0.0201585724 -0.148089324 0 0 0
C@CP 2512 -0.0379865044 0.220911938 0.0521373434 0 0 0
C@CP 2513 0.14259804 -0.082237984 0.327599344 0 0 0
C@CP 2514 -0.203999819 -0.208291163 -0.274418333 0 0 0
C@CP 2515 0.0419080511 0.205349551 0.322333766 0 0 0
C@CP 2516 -0.102205508 -0.419254288 -0.143972271 0 0 0
C@CP 2517 0.0682774426 0.152402306 0.108995453 0 0 0
C@CP 2518 -0.0065983201 -0.151000959 -0.260544948 0 0 0
C@CP 2519 -0.137796497 -0.390882004 -0.192090894 0 0 0
C@CP 2520 0.193553174 -0.242439313 -0.246512391 0 0 0
C@CP 2521 0.190578135 0.3717079 0.00324009632 0 0 0
C@CP 2522 0.253890958 -0.00479895941 0.0856319968 0 0 0
C@CP 2523 -0.164571331 -0.397489221 -0.222695215 0 0 0
C@CP 2524 0.0213690638 -0.464718651 -0.0369866759 0 0 0
C@CP 2525 -0.0149860855 -0.283512421 0.228699296 0 0 0
C@CP 2526 0.0460557208 -0.175103004 -0.310939643 0 0 0
C@CP 2527 0.356142557 0.185154004 0.106752485 0 0 0
C@CP 2528 -0.303114809 0.101943126 0.0632325206 0 0 0
C@CP 2529 0.379205724 -0.260945699 0.10332496 0 0 0
C@CP 2530 0.032161826 0.280620068 0.0877476224 0 0 0
C@CP 2531 0.0264417256 0.149421651 0.26788077 0 0 0
C@CP 2532 -0.339586423 0.0467368363 0.183373811 0 0 0
C@CP 2533 -0.195243833 -0.310436453 0.153316113 0 0 0
C@CP 2534 0.134186043 0.0857111647 0.278715065 0 0 0
C@CP 2535 -0.122355925 -0.0271586035 0.118141035 0 0 0
C@CP 2536 0.10676753 0.188218865 -0.346398356 0 0 0
C@CP 2537 -0.0988412731 -0.228181175 0.24301233 0 0 0
C@CP 2538 -0.0240231278 0.201948638 -0.370707429 0 0 0
C@CP 2539 0.146034905 -0.12789602 -0.31697158 0 0 0
C@CP 2540 0.281534991 0.321592397 0.102242825 0 0 0
C@CP 2541 0.280717397 -0.185545793 -0.330411921 0 0 0
C@CP 2542 -0.158533462 0.192103234 -0.333440221 0 0 0
C@CP 2543 -0.0676291024 -0.00352383923 0.434700117 0 0 0
C@CP 2544 -0.178544573 0.293254867 0.293383203 0 0 0
C@CP 2545 0.0798523231 -0.059435913 0.377780828 0 0 0
C@CP 2546 -0.185210849 -0.0400286429 -0.176681653 0 0 0
C@CP 2547 -0.113252447 -0.0661074466 0.378009209 0 0 0
C@CP 2548 0.153160684 -0.0727080007 -0.00565071059 0 0 0
C@CP 2549 -0.352865691 0.263193421 0.133943684 0 0 0
C@CP 2550 -0.0857155296 -0.269388566 -0.0383579854 0 0 0
C@CP 2551 0.336804099 -0.175956638 0.174215546 0 0 0
C@CP 2552 -0.149921166 -0.104761997 -0.233569845 0 0 0
C@CP 2553 -0.2590265 0.0233637265 -0.250967461 0 0 0
C@CP 2554 0.0225208805 -0.120427941 -0.417428761 0 0 0
C@CP 2555 0.128649431 -0.105132849 0.0252417625 0 0 0
C@CP 2556 0.370638415 0.102067577 0.251027771 0 0 0
C@CP 2557 -0.194291863 0.120540251 -0.367296181 0 0 0
C@CP 2558 -0.0977002059 0.205920339 -0.354855475 0 0 0
C@CP 2559 0.409422132 0.0622981249 -0.104962619 0 0 0
C@CP 2560 0.0303765606 0.155654373 -0.175371849 0 0 0
C@CP 2561 0.27594482 -0.266382056 0.253549751 0 0 0
C@CP 2562 0.13298393 -0.00834705516 -0.259349705 0 0 0
C@CP 2563 0.230345415 -0.324586606 0.232683821 0 0 0
C@CP 2564 0.0703011049 -0.190530163 0.318567479 0 0 0
C@CP 2565 -0.102274444 0.109410776 -0.290664185 0 0 0
C@CP 2566 -0.10524914 -0.0610477114 0.338889236 0 0 0
C@CP 2567 -0.226763845 0.234862255 0.110828095 0 0 0
C@CP 2568 -0.195033421 0.131442091 0.205368188 0 0 0
C@CP 2569 -0.112140873 0.0793606087 0.37203484 0 0 0
C@CP 2570 0.269640002 -0.0956320966 -0.365364453 0 0 0
C@CP 2571 0.169646635 0.0926173444 -0.19293226 0 0 0
C@CP 2572 0.142064197 0.217829491 0.308490906 0 0 0
C@CP 2573 -0.274794977 -0.324159433 -0.0131256581 0 0 0
C@CP 2574 -0.245593309 0.241391024 0.278089653 0 0 0
C@CP 2575 -0.124750684 -0.378738865 0.0223652665 0 0 0
C@CP 2576 -0.381886805 0.00810876815 0.191441998 0 0 0
C@CP 2577 0.180746016 -0.167695378 0.397712257 0 0 0
C@CP 2578 0.159051605 -0.35123276 0.0602134765 0 0 0
C@CP 2579 0.340400671 0.117395722 -0.0619821392 0 0 0
C@CP 2580 -0.384792063 -0.226052109 0.100130125 0 0 0
C@CP 2581 0.0356476056 -0.0356503944 0.0914580881 0 0 0
C@CP 2582 0.403978483 0.00491747673 -0.0378722647 0 0 0
C@CP 2583 0.122500429 -0.0327477125 -0.441005039 0 0 0
C@CP 2584 0.0355240682 -0.22426482 -0.236670173 0 0 0
C@CP 2585 0.142817789 -0.112332463 0.233689208 0 0 0
C@CP 2586 0.357184217 -0.100843521 -0.191190832 0 0 0
C@CP 2587 0.141230875 0.153688447 -0.3922874 0 0 0
C@CP 2588 0.0848402387 -0.0933511946 0.362651188 0 0 0
C@CP 2589 -0.000771707034 -0.0128066647 0.16293165 0 0 0
C@CP 2590 0.142490965 -0.142686594 0.24819165 0 0 0
C@CP 2591 0.248071819 0.0102380375 -0.359046511 0 0 0
C@CP 2592 -0.00415560578 -0.196929571 -0.359972903 0 0 0
C@CP 2593 -0.262498244 -0.0824682834 0.311195183 0 0 0
C@CP 2594 0.198426414 -0.232642809 -0.0413976504 0 0 0
C@CP 2595 -0.122988681 0.355738687 0.00638921531 0 0 0
C@CP 2596 0.103212326 -0.0714594517 0.0825820095 0 0 0
C@CP 2597 0.122698917 -0.0597028822 -0.264669336 0 0 0
C@CP 2598 0.107969853 0.282850706 -0.294658145 0 0 0
C@CP 2599 -0.294961591 0.0309865334 0.345650555 0 0 0
C@CP 2600 0.16150597 0.309257998 -0.0845598958 0 0 0
C@CP 2601 0.0941971099 0.12170236 0.357538589 0 0 0
C@CP 2602 0.24603928 -0.297473721 -0.246692518 0 0 0
C@CP 2603 -0.328710256 0.0210482313 0.226759972 0 0 0
C@CP 2604 -0.358079575 -0.198207374 -0.209564654 0 0 0
C@CP 2605 0.238325571 0.057437465 -0.263295888 0 0 0
C@CP 2606 0.145498938 0.114398336 0.34990749 0 0 0
C@CP 2607 0.0137593765 0.139020917 0.147242689 0 0 0
C@CP 2608 0.074834632 0.221968167 0.250798718 0 0 0
C@CP 2609 0.0594337361 -0.303446115 0.116174323 0 0 0
C@CP 2610 -0.129528649 0.385979689 -0.0419935183 0 0 0
C@CP 2611 0.261077891 -0.212999024 0.188834579 0 0 0
C@CP 2612 0.171560564 0.293546686 0.198902141 0 0 0
C@CP 2613 0.0258390077 0.304171686 -0.202095027 0 0 0
C@CP 2614 -0.115736608 0.0272796072 -0.116554895 0 0 0
C@CP 2615 -0.2634961 -0.235677384 -0.191140161 0 0 0
C@CP 2616 -0.2428685 0.187998848 0.205338802 0 0 0
C@CP 2617 0.160031954 0.248541937 -0.0773035568 0 0 0
C@CP 2618 -0.115739854 -0.135620379 0.198117505 0 0 0
C@CP 2619 0.1387433 0.168256618 0.00798401228 0 0 0
C@CP 2620 -0.0269690217 0.249857822 -0.141409397 0 0 0
C@CP 2621 0.135592413 0.296208405 -0.230540417 0 0 0
C@CP 2622 -0.0242108318 0.0323250046 0.203065187 0 0 0
C@CP 2623 -0.0492838626 -0.422032449 -0.0873637151 0 0 0
C@CP 2624 0.350281653 0.036519838 -0.116751751 0 0 0
C@CP 2625 0.0677841474 0.0597396454 0.430393876 0 0 0
C@CP 2626 -0.0678991954 0.0164024485 -0.411839273 0 0 0
C@CP 2627 0.297609029 -0.010564416 0.217616703 0 0 0
C@CP 2628 0.105303147 -0.368217899 0.138846304 0 0 0
C@CP 2629 -0.0285690217 -0.285199139 0.147650276 0 0 0
C@CP 2630 -0.21785614 -0.00749647883 0.281899984 0 0 0
C@CP 2631 0.192195858 -0.172310429 0.136633024 0 0 0
C@CP 2632 -0.329884477 -0.0919579456 -0.164793089 0 0 0
C@CP 2633 -0.212894004 0.405933726 -0.11256301 0 0 0
C@CP 2634 0.24211494 0.193263753 0.109859924 0 0 0
C@CP 2635 0.0163768842 0.425052796 0.169778931 0 0 0
C@CP 2636 -0.117745445 0.224801939 -0.246028658 0 0 0
C@CP 2637 -0.129664816 -0.312245533 0.183742064 0 0 0
C@CP 2638 -0.220754066 0.402074203 0.0670012206 0 0 0
C@CP 2639 -0.328077419 -0.0619374373 0.0909444545 0 0 0
C@CP 2640 0.0307720677 -0.308058315 -0.0114405346 0 0 0
C@CP 2641 0.202265721 0.0736528616 -0.220071963 0 0 0
C@CP 2642 0.13450195 0.404181659 -0.205104609 0 0 0
C@CP 2643 0.281187037 -0.380484243 0.0210389518 0 0 0
C@CP 2644 0.140911294 -0.199756763 0.309117974 0 0 0
C@CP 2645 0.00516760472 0.297946374 0.208638232 0 0 0
C@CP 2646 0.102251091 0.355769157 0.160779369 0 0 0
C@CP 2647 -0.1744689 0.0314213395 -0.120055013 0 0 0
C@CP 2648 -0.259073996 0.253105271 -0.0853191218 0 0 0
C@CP 2649 -0.0990365924 0.00695797726 -0.282773234 0 0 0
C@CP 2650 -0.19979144 -0.0394275667 0.211528057 0 0 0
C@CP 2651 -0.1042818 0.33765644 0.27284412 0 0 0
C@CP 2652 -0.401917364 0.0421516968 -0.215192075 0 0 0
C@CP 2653 0.140192202 0.085926309 0.172414923 0 0 0
C@CP 2654 0.112362903 -0.217885833 0.170632343 0 0 0
C@CP 2655 -0.309337911 0.199939491 -0.149464725 0 0 0
C@CP 2656 0.262638405 0.178199599 -0.048110244 0 0 0
C@CP 2657 -0.316644681 0.221487256 0.0311265729 0 0 0
C@CP 2658 -0.0708341232 -0.12127548 -0.325616813 0 0 0
C@CP 2659 -0.341215807 -0.1194327 0.212744413 0 0 0
C@CP 2660 -0.107323882 0.0568029887 0.129923523 0 0 0
C@CP 2661 -0.135424599 0.156758525 0.0600970645 0 0 0
C@CP 2662 -0.297423592 0.22179762 0.094221116 0 0 0
C@CP 2663 0.152491569 -0.0514596849 -0.0898138411 0 0 0
C@CP 2664 0.277670435 -0.325111794 -0.149070702 0 0 0
C@CP 2665 0.168445565 0.253098118 -0.0383541599 0 0 0
C@CP 2666 0.312924185 0.00802191937 0.112238803 0 0 0
C@CP 2667 -0.115697891 0.268703099 0.0541684165 0 0 0
C@CP 2668 0.140358556 -0.190554507 0.178832027 0 0 0
C@CP 2669 -0.197920064 -0.173309786 0.0613640049 0 0 0
C@CP 2670 -0.031670092 0.219254302 0.222777848 0 0 0
C@CP 2671 0.257354791 -0.0921969927 -0.17537642 0 0 0
C@CP 2672 -0.0866712449 0.31384652 0.192456496 0 0 0
C@CP 2673 -0.0604113415 -0.283648736 0.171464939 0 0 0
C@CP 2674 0.0716132063 0.0879887986 -0.172432902 0 0 0
C@CP 2675 0.387921964 -0.028384998 0.263782746 0 0 0
C@CP 2676 -0.263484063 -0.270690152 0.152292538 0 0 0
C@CP 2677 0.203063084 0.400226402 0.132296686 0 0 0
C@CP 2678 -0.0467657951 0.0435528616 -0.148999665 0 0 0
C@CP 2679 -0.0446450853 0.0318419625 -0.0114281242 0 0 0
C@CP 2680 0.0141119143 -0.160679552 0.102651124 0 0 0
C@CP 2681 0.021269058 0.395821004 0.24046633 0 0 0
C@CP 2682 0.28981833 -0.136278553 0.345931352 0 0 0
C@CP 2683 -0.301594781 -0.250196999 0.0156383523 0 0 0
C@CP 2684 0.180701818 -0.135692632 0.219142811 0 0 0
C@CP 2685 -0.061141085 -0.211284977 0.236861937 0 0 0
C@CP 2686 -0.0339139291 0.00266670657 0.170538601 0 0 0
C@CP 2687 0.0806858442 -0.110616075 0.305680326 0 0 0
C@CP 2688 0.148259599 -0.0346296243 -0.154139571 0 0 0
C@CP 2689 0.191120347 -0.161078866 -0.295522401 0 0 0
C@CP 2690 -0.162335689 -0.14468787 -0.394927428 0 0 0
C@CP 2691 -0.0389155224 0.448591776 0.0143898636 0 0 0
C@CP 2692 0.146482914 0.0835627782 -0.253463792 0 0 0
C@CP 2693 0.157404351 0.196610021 -0.000225795 0 0 0
C@CP 2694 -0.0899893749 0.298988804 0.190830172 0 0 0
C@CP 2695 -0.09291345 -0.129762677 0.126369884 0 0 0
C@CP 2696 -0.128783433 0.0420088412 -0.0912126752 0 0 0
C@CP 2697 0.275926862 -0.185756263 -0.184714179 0 0 0
C@CP 2698 0.27574172 0.0479184511 0.292022687 0 0 0
C@CP 2699 0.281833542 0.335229417 -0.0988943655 0 0 0
C@CP 2700 0.412536329 0.059497915 0.188000594 0 0 0
C@CP 2701 0.0868809636 0.292914095 -0.0733452478 0 0 0
C@CP 2702 0.277432887 0.196608954 0.301842418 0 0 0
C@CP 2703 -0.343461557 -0.191604392 -0.0966474845 0 0 0
C@CP 2704 -0.0370051505 -0.203072157 -0.365171448 0 0 0
C@CP 2705 0.312097518 -0.123421814 0.169890544 0 0 0
C@CP 2706 0.107912939 0.0513921498 0.124169278 0 0 0
C@CP 2707 0.0401261925 0.20412278 0.159412659 0 0 0
C@CP 2708 -0.188862373 0.0421296492 0.0300682793 0 0 0
C@CP 2709 0.379376772 -0.018016234 -0.292992102 0 0 0
C@CP 2710 -0.311449662 0.0241046703 -0.266964682 0 0 0
C@CP 2711 0.283447591 -0.0896679355 -0.0199519477 0 0 0
C@CP 2712 0.0480856064 -0.261257497 -0.32445782 0 0 0
C@CP 2713 0.0327340588 0.363694871 0.266461914 0 0 0
C@CP 2714 0.0115419767 0.152864878 0.391280996 0 0 0
C@CP 2715 -0.24772475 0.232695063 0.14499984 0 0 0
C@CP 2716 -0.232011343 -0.200053067 -0.0695967182 0 0 0
C@CP 2717 0.124848806 0.344730987 -0.290051429 0 0 0
C@CP 2718 -0.286906712 -0.011491943 0.0541839814 0 0 0
C@CP 2719 0.248766575 -0.0493623246 -0.101232193 0 0 0
C@CP 2720 -0.244134505 -0.287310911 0.104607769 0 0 0
C@CP 2721 -0.397496665 0.0350613739 -0.0688117498 0 0 0
C@CP 2722 0.154791913 0.161783004 0.0702688404 0 0 0
C@CP 2723 0.161863736 -0.201601288 -0.0693549795 0 0 0
C@CP 2724 -0.364707071 -0.169431146 -0.0625574303 0 0 0
C@CP 2725 -0.164113897 0.172403086 0.125843251 0 0 0
C@CP 2726 0.190799953 0.388784549 0.0975321243 0 0 0
C@CP 2727 0.00979947136 0.148038639 0.257368166 0 0 0
C@CP 2728 -0.0351839725 0.14295191 0.0295919741 0 0 0
C@CP 2729 0.399728902 0.245134021 0.0308613249 0 0 0
C@CP 2730 0.336688514 -0.0148212024 -0.0789389677 0 0 0
C@CP 2731 -0.0107449935 -0.301411372 0.133241217 0 0 0
C@CP 2732 0.188946626 0.341009471 -0.141790427 0 0 0
C@CP 2733 -0.236437053 0.0255174666 -0.113819628 0 0 0
C@CP 2734 -0.139576157 -0.40029613 -0.119908462 0 0 0
C@CP 2735 -0.151465515 0.10276589 0.427992719 0 0 0
C@CP 2736 0.27979995 -0.0536706837 -0.0836719756 0 0 0
C@CP 2737 -0.0344079114 -0.00486197781 0.353319727 0 0 0
C@CP 2738 0.17377341 -0.409551277 0.0957634822 0 0 0
C@CP 2739 -0.0296427179 -0.152389434 0.0560867073 0 0 0
C@CP 2740 -0.37329032 -0.0192316306 -0.174579712 0 0 0
C@CP 2741 -0.288069804 -0.104695714 0.167023571 0 0 0
C@CP 2742 0.299948514 0.193999284 0.0722049795 0 0 0
C@CP 2743 0.212005913 -0.171515856 -0.396626823 0 0 0
C@CP 2744 0.386823988 0.00117280219 0.0231013613 0 0 0
C@CP 2745 0.057642189 -0.216371153 -0.338425088 0 0 0
C@CP 2746 0.28957596 0.244987038 0.104811753 0 0 0
C@CP 2747 0.217594732 0.384425194 -0.0667411023 0 0 0
C@CP 2748 0.0917776168 -0.23359467 -0.268545528 0 0 0
C@CP 2749 0.267045712 -0.171608108 -0.292353784 0 0 0
C@CP 2750 0.0903163059 0.0708703244 0.232198429 0 0 0
C@CP 2751 -0.270924245 -0.288219644 -0.0728681945 0 0 0
C@CP 2752 0.316967284 -0.0712458008 0.336308646 0 0 0
C@CP 2753 -0.432087109 0.069648198 0.0248778506 0 0 0
C@CP 2754 -0.226947417 -0.0899440627 -0.205149614 0 0 0
C@CP 2755 0.125515975 0.0526621178 0.428291173 0 0 0
C@CP 2756 -0.341890361 0.059189113 0.091308906 0 0 0
C@CP 2757 0.0783054666 -0.0570312536 0.309698172 0 0 0
C@CP 2758 -0.240918126 -0.06791491 0.257031098 0 0 0
C@CP 2759 -0.195732957 -0.194238849 0.0292317113 0 0 0
C@CP 2760 0.0500617345 -0.274491417 0.13582302 0 0 0
C@CP 2761 0.0712307025 -0.118070411 0.0674277532 0 0 0
C@CP 2762 -0.235475101 0.0750512846 0.12612017 0 0 0
C@CP 2763 -0.156310813 -0.13764533 -0.0723086387 0 0 0
C@CP 2764 -0.396101547 0.171754377 -0.0686380279 0 0 0
C@CP 2765 -0.109044024 0.17916583 0.303113452 0 0 0
C@CP 2766 0.0311925089 -0.329079958 -0.0595152969 0 0 0
C@CP 2767 -0.0137101308 0.25398967 -0.0026680334 0 0 0
C@CP 2768 -0.112551604 0.349391264 0.125964167 0 0 0
C@CP 2769 -0.296819755 -0.253127863 0.193874557 0 0 0
C@CP 2770 0.0717652748 0.200149779 0.00105371212 0 0 0
C@CP 2771 0.483493657 -0.0225729416 0.0213400898 0 0 0
C@CP 2772 0.373399432 0.161294094 -0.145973728 0 0 0
C@CP 2773 -0.0371622759 -0.447317135 -0.0143500681 0 0 0
C@CP 2774 -0.0873600781 -0.326929015 -0.266834668 0 0 0
C@CP 2775 0.190406115 0.119469608 0.295602113 0 0 0
C@CP 2776 -0.255760824 0.0503960608 0.347786947 0 0 0
C@CP 2777 -0.182666903 -0.320917548 0.0296183862 0 0 0
C@CP 2778 -0.308842444 0.167425699 0.24130413 0 0 0
C@CP 2779 -0.428724184 -0.0818334929 0.0405821445 0 0 0
C@CP 2780 -0.385234053 -0.137164044 -0.155853389 0 0 0
C@CP 2781 0.208301126 0.209231794 -0.243266626 0 0 0
C@CP 2782 0.239369564 -0.216367188 0.0025283629 0 0 0
C@CP 2783 0.112458235 0.0665279642 0.362894987 0 0 0
C@CP 2784 0.410524435 0.15917955 0.0685967957 0 0 0
C@CP 2785 -0.0681323928 0.410758435 -0.10824791 0 0 0
C@CP 2786 -0.321417751 0.110609486 0.155025302 0 0 0
C@CP 2787 -0.231641037 0.324159347 -0.0443179501 0 0 0
C@CP 2788 -0.109540968 0.046637113 -0.383881745 0 0 0
C@CP 2789 -0.0178810841 -0.100556856 -0.322156707 0 0 0
C@CP 2790 -0.131132341 -0.157956185 0.396590072 0 0 0
C@CP 2791 0.19285061 0.186271535 0.0193019168 0 0 0
C@CP 2792 0.322503401 -0.00460820406 -0.0626213585 0 0 0
C@CP 2793 -0.174904335 0.136285565 -0.0667664903 0 0 0
C@CP 2794 -0.0706570547 0.0400522323 0.0448369791 0 0 0
C@CP 2795 -0.0816330298 -0.246794195 0.0187125576 0 0 0
C@CP 2796 0.0781285221 0.213152768 -0.180455746 0 0 0
C@CP 2797 -0.157533178 0.34011204 0.252960174 0 0 0
C@CP 2798 0.0229350795 -0.057955882 -0.245844568 0 0 0
C@CP 2799 -0.133497088 0.301824279 -0.197654072 0 0 0
C@CP 2800 0.331014074 0.258165455 0.164717658 0 0 0
C@CP 2801 0.306873562 -0.0688479748 0.0866283785 0 0 0
C@CP 2802 0.10667962 -0.11118259 0.146625331 0 0 0
C@CP 2803 -0.0564315632 -0.115945656 0.3135687 0 0 0
C@CP 2804 0.0113319847 0.225252526 0.305571759 0 0 0
C@CP 2805 -0.0417777002 -0.0369933083 -0.270133728 0 0 0
C@CP 2806 0.0991684948 -0.134186855 -0.221588099 0 0 0
C@CP 2807 0.0720692648 0.0664422771 -0.263657436 0 0 0
C@CP 2808 0.152365167 0.0484463341 -0.285375227 0 0 0
C@CP 2809 0.039299266 0.292063342 -0.134778046 0 0 0
C@CP 2810 0.267299146 -0.182941211 0.0823422986 0 0 0
C@CP 2811 -0.150801768 0.011732647 -0.0819752999 0 0 0
C@CP 2812 0.195786054 0.254818431 0.136115568 0 0 0
C@CP 2813 0.336060948 0.0759881149 -0.0965828617 0 0 0
C@CP 2814 -0.0751069333 0.408959516 -0.0289369273 0 0 0
C@CP 2815 0.0491571785 -0.181676273 0.145660381 0 0 0
C@CP 2816 -0.122329593 0.356664175 -0.216963039 0 0 0
C@CP 2817 -0.176579039 -0.0177372071 0.321360418 0 0 0
C@CP 2818 0.305197415 -0.200651107 0.189156262 0 0 0
C@CP 2819 -0.330681321 -0.173524754 0.165627546 0 0 0
C@CP 2820 0.203676943 -0.0280901918 0.131059637 0 0 0
C@CP 2821 -0.00215118531 0.207752741 -0.283820245 0 0 0
C@CP 2822 0.384323002 -0.115915045 -0.046832767 0 0 0
C@CP 2823 -0.150148803 -0.341927566 0.0911360886 0 0 0
C@CP 2824 0.228338792 -0.372344282 -0.132977413 0 0 0
C@CP 2825 -0.100753559 0.33654851 0.0500977126 0 0 0
C@CP 2826 0.237307218 0.0791181027 0.219476458 0 0 0
C@CP 2827 -0.166181119 0.343015949 0.147398557 0 0 0
C@CP 2828 -0.210219534 -0.102234442 0.0199544313 0 0 0
C@CP 2829 0.0679728123 -0.108353491 0.326053912 0 0 0
C@CP 2830 0.178553856 0.179238033 0.370002455 0 0 0
C@CP 2831 0.200688337 0.258487759 -0.260979224 0 0 0
C@CP 2832 0.011592749 0.248825212 -0.32577237 0 0 0
C@CP 2833 -0.340531091 -0.0387153083 0.0721133098 0 0 0
C@CP 2834 -0.340715143 0.0575029175 -0.288468752 0 0 0
C@CP 2835 -0.196104043 -0.20904975 0.107269477 0 0 0
C@CP 2836 -0.115882121 0.172958916 0.039774611 0 0 0
C@CP 2837 0.110557803 0.233183845 -0.198522079 0 0 0
C@CP 2838 0.310538402 -0.269997966 0.127453971 0 0 0
C@CP 2839 -0.35197199 -0.059790666 0.143052537 0 0 0
C@CP 2840 0.037313071 0.222149633 -0.243434122 0 0 0
C@CP 2841 0.0924047191 -0.39762852 -0.0914964901 0 0 0
C@CP 2842 -0.0391111161 -0.23787337 -0.237371432 0 0 0
C@CP 2843 0.171790197 0.172449919 -0.156748666 0 0 0
C@CP 2844 -0.0378736768 -0.174548951 0.220319584 0 0 0
C@CP 2845 0.0910079494 -0.202544288 0.114922609 0 0 0
C@CP 2846 -0.138857091 0.158788979 0.0485929111 0 0 0
C@CP 2847 -0.109646786 0.285163051 0.20265079 0 0 0
C@CP 2848 -0.0915500122 0.122278132 0.126106977 0 0 0
C@CP 2849 0.056937283 -0.35814651 0.208774049 0 0 0
C@CP 2850 0.115844012 0.157800125 0.168198369 0 0 0
C@CP 2851 0.190023933 0.371706338 -0.0398089266 0 0 0
C@CP 2852 0.122404427 0.367015903 -0.1145275 0 0 0
C@CP 2853 0.051533396 -0.0832273916 0.218423669 0 0 0
C@CP 2854 -0.004020843 -0.172100073 -0.207269753 0 0 0
C@CP 2855 -0.028118707 0.0165082253 -0.0681256433 0 0 0
C@CP 2856 -0.0770603722 0.391109284 0.181175499 0 0 0
C@CP 2857 0.27714251 -0.10998346 -0.179663969 0 0 0
C@CP 2858 -0.00231753125 0.218657766 -0.16994627 0 0 0
C@CP 2859 0.0488805166 0.172071509 0.0230321905 0 0 0
C@CP 2860 -0.0904223246 -0.305698124 0.192625792 0 0 0
C@CP 2861 0.132057397 0.251774846 0.230041121 0 0 0
C@CP 2862 -0.12810131 0.0615767744 -0.40755875 0 0 0
C@CP 2863 0.0860253019 0.348510817 -0.108592318 0 0 0
C@CP 2864 0.12695474 -0.122848395 0.35720311 0 0 0
C@CP 2865 0.118680353 0.129375879 0.0122778326 0 0 0
C@CP 2866 0.302661007 -0.0137957911 0.165660768 0 0 0
C@CP 2867 -0.0739586071 -0.269176101 0.35825506 0 0 0
C@CP 2868 0.355946387 0.184798342 -0.0890661294 0 0 0
C@CP 2869 0.300036126 -0.085473498 -0.0398416087 0 0 0
C@CP 2870 -0.27063917 -0.056255455 0.0484926618 0 0 0
C@CP 2871 0.194910358 0.354437976 -0.0443817823 0 0 0
C@CP 2872 -0.194537419 -0.00488024144 -0.0941767805 0 0 0
C@CP 2873 -0.109769643 0.376300302 -0.0707248784 0 0 0
C@CP 2874 0.141075222 -0.0436266822 0.261803201 0 0 0
C@CP 2875 0.30707198 0.205891294 -0.270992792 0 0 0
C@CP 2876 -0.151056269 -0.168600086 0.1227659 0 0 0
C@CP 2877 0.231445121 0.289382641 -0.076650576 0 0 0
C@CP 2878 -0.385565974 -0.0365743379 -0.281316277 0 0 0
C@CP 2879 -0.000170206826 0.0593682148 0.244157309 0 0 0
C@CP 2880 0.160085481 -0.21459603 0.02445271 0 0 0
C@CP 2881 -0.225305255 0.343169706 0.1496887 0 0 0
C@CP 2882 -0.0662181418 0.0589699365 -0.046779745 0 0 0
C@CP 2883 -0.0475188267 -0.335473352 0.0483947813 0 0 0
C@CP 2884 -0.319492323 0.250572954 -0.00722229969 0 0 0
C@CP 2885 0.312553833 0.22425096 0.209877647 0 0 0
C@CP 2886 0.0653215651 -0.0712084024 -0.358889298 0 0 0
C@CP 2887 0.0869849286 -0.326838839 -0.0945663676 0 0 0
C@CP 2888 -0.033716474 0.394233444 0.232537545 0 0 0
C@CP 2889 0.0467576815 -0.16500947 0.426596666 0 0 0
C@CP 2890 -0.218500972 -0.169604045 -0.372305649 0 0 0
C@CP 2891 0.131674027 -0.216675617 0.390762312 0 0 0
C@CP 2892 -0.0959350963 0.090533829 -0.123088536 0 0 0
C@CP 2893 -0.280387374 -0.039823849 0.125242056 0 0 0
C@CP 2894 0.237152772 -0.225697224 -0.00705442977 0 0 0
C@CP 2895 0.0300211752 -0.124284868 0.348791597 0 0 0
C@CP 2896 0.126832704 0.381575301 -0.121329408 0 0 0
C@CP 2897 0.154187225 -0.16838204 0.37879277 0 0 0
C@CP 2898 0.244661845 0.0473731188 0.144347212 0 0 0
C@CP 2899 -0.385719913 0.125443291 -0.107060746 0 0 0
C@CP 2900 -0.21594641 0.280063727 0.215173342 0 0 0
C@CP 2901 0.114463421 -0.114906466 0.337049886 0 0 0
C@CP 2902 -0.313250152 0.313623458 0.140392027 0 0 0
C@CP 2903 0.236659251 -0.244011187 0.0819094264 0 0 0
C@CP 2904 -0.0789279445 0.24811045 0.373184237 0 0 0
C@CP 2905 0.260795001 0.1216659 0.0409453211 0 0 0
C@CP 2906 0.321539668 -0.147950188 0.0261026687 0 0 0
C@CP 2907 0.291967975 -0.251897991 -0.182355558 0 0 0
C@CP 2908 0.308717575 -0.25458037 0.0823014597 0 0 0
C@CP 2909 0.279410326 0.162289183 0.120525195 0 0 0
C@CP 2910 0.0544120619 0.120908427 -0.150955018 0 0 0
C@CP 2911 0.0465072708 0.0132625377 -0.400455989 0 0 0
C@CP 2912 -0.342605932 0.268079811 -0.184766112 0 0 0
C@CP 2913 0.3346386 0.226034975 0.0213595217 0 0 0
C@CP 2914 0.280658177 0.17491837 0.00946944483 0 0 0
C@CP 2915 -0.107445596 0.430015772 -0.0944963317 0 0 0
C@CP 2916 -0.0550192414 0.083407766 -0.44079614 0 0 0
C@CP 2917 -0.382847392 -0.00376277342 0.200627908 0 0 0
C@CP 2918 0.389959361 0.0751227687 -0.120693478 0 0 0
C@CP 2919 -0.0799567496 0.321468826 0.175104138 0 0 0
C@CP 2920 0.257533258 -0.280378013 0.101470531 0 0 0
C@CP 2921 -0.141267714 -0.166550494 -0.367399283 0 0 0
C@CP 2922 -0.17201913 -0.265783137 0.259937718 0 0 0
C@CP 2923 0.309326114 0.128909371 -0.0417163672 0 0 0
C@CP 2924 0.352643258 0.174278051 0.0416037651 0 0 0
C@CP 2925 0.160101152 0.0568752525 -0.123643838 0 0 0
C@CP 2926 0.0274693827 -0.179682806 0.225209369 0 0 0
C@CP 2927 -0.188818966 0.136019815 0.227601096 0 0 0
C@CP 2928 -0.345047363 0.305284878 -0.0828075069 0 0 0
C@CP 2929 0.0513532095 0.00957569227 -0.190713579 0 0 0
C@CP 2930 0.0140391886 0.238221557 0.0484446586 0 0 0
C@CP 2931 0.346977604 0.0980762044 -0.109086562 0 0 0
C@CP 2932 0.11948677 -0.0425503201 -0.299720422 0 0 0
C@CP 2933 0.0636306553 -0.241958618 0.105947624 0 0 0
C@CP 2934 0.0170403434 0.399574491 0.204086532 0 0 0
C@CP 2935 -0.0696038709 -0.0493984185 -0.239184715 0 0 0
C@CP 2936 -0.189302546 0.133378649 -0.214019979 0 0 0
C@CP 2937 -0.411851636 -0.00587735573 0.1121572 0 0 0
C@CP 2938 -0.0126453387 0.0732357938 0.195372009 0 0 0
C@CP 2939 0.0943468064 -0.238803956 0.333860791 0 0 0
C@CP 2940 0.284661377 0.195109446 0.0752319753 0 0 0
C@CP 2941 -0.340862927 0.28375267 0.0714570357 0 0 0
C@CP 2942 0.248675133 -0.0815056405 -0.23587369 0 0 0
C@CP 2943 0.099441625 -0.171799119 -0.0325875612 0 0 0
C@CP 2944 -0.155869249 -0.0937758126 -0.149004348 0 0 0
C@CP 2945 -0.319011717 -0.192582686 0.277381561 0 0 0
C@CP 2946 0.0271975121 -0.324478038 0.216899989 0 0 0
C@CP 2947 -0.157269226 -0.0205691488 -0.0912278358 0 0 0
C@CP 2948 0.321254376 0.0881351015 0.0936272998 0 0 0
C@CP 2949 0.278726791 -0.00412074465 -0.301539969 0 0 0
C@CP 2950 0.140803271 0.116319213 -0.213234532 0 0 0
C@CP 2951 0.0530662169 -0.35289917 -0.0538249135 0 0 0
C@CP 2952 -0.00765852275 0.190466393 0.150035612 0 0 0
C@CP 2953 0.084174969 -0.331390189 -0.129747529 0 0 0
C@CP 2954 -0.0495054791 -0.377893286 -0.268835696 0 0 0
C@CP 2955 -0.397332992 -0.0454752873 0.00337449846 0 0 0
C@CP 2956 -0.0792015871 -0.418747424 -0.00503981214 0 0 0
C@CP 2957 0.0749745147 -0.100153074 -0.0235663612 0 0 0
C@CP 2958 -0.193542628 0.240467803 0.335067694 0 0 0
C@CP 2959 -0.0251522211 0.373716319 0.0838528925 0 0 0
C@CP 2960 -0.314822629 0.2080395 0.219227746 0 0 0
C@CP 2961 0.362843927 -0.148045386 -0.233211124 0 0 0
C@CP 2962 -0.282449434 -0.0971961816 -0.198735457 0 0 0
C@CP 2963 -0.218156148 0.288413176 0.271863631 0 0 0
C@CP 2964 0.00973588852 -0.165043228 0.195772363 0 0 0
C@CP 2965 -0.285341239 -0.0883196921 -0.168744244 0 0 0
C@CP 2966 0.017816996 0.129785974 -0.124416711 0 0 0
C@CP 2967 -0.169540391 -0.349724395 0.238075775 0 0 0
C@CP 2968 -0.210028999 -0.16736932 -0.323037241 0 0 0
C@CP 2969 -0.258504364 0.0868924758 -0.0610926689 0 0 0
C@CP 2970 0.279769036 0.104962733 0.186066013 0 0 0
C@CP 2971 -0.20384828 -0.0778824598 0.0106681987 0 0 0
C@CP 2972 0.0981031132 0.188432622 0.197846732 0 0 0
C@CP 2973 0.0536207579 -0.149819333 -0.204448521 0 0 0
C@CP 2974 -0.0541105114 0.374691072 -0.0551216914 0 0 0
C@CP 2975 -0.207766718 0.0386412737 -0.065374962 0 0 0
C@CP 2976 -0.0284080797 0.0169778151 0.309374417 0 0 0
C@CP 2977 0.246335543 0.294016589 -0.178568205 0 0 0
C@CP 2978 0.110149623 -0.0240190932 0.0622052621 0 0 0
C@CP 2979 -0.252070894 0.127088793 -0.212529637 0 0 0
C@CP 2980 0.0761874336 0.288663495 0.0976210253 0 0 0
C@CP 2981 -0.00803121733 -0.122874708 -0.0467948317 0 0 0
C@CP 2982 0.0405778674 0.0709287486 0.0921982722 0 0 0
C@CP 2983 0.406515609 0.0387080153 0.161396088 0 0 0
C@CP 2984 0.40224818 -0.0739163571 -0.00942224079 0 0 0
C@CP 2985 -0.12356053 0.26142825 -0.069101329 0 0 0
C@CP 2986 0.00692548258 -0.135855936 0.158906979 0 0 0
C@CP 2987 0.0115415322 -0.198479116 -0.375667456 0 0 0
C@CP 2988 -0.39169344 0.116556147 0.182001296 0 0 0
C@CP 2989 -0.128237179 -0.0772998231 -0.340238746 0 0 0
C@CP 2990 -0.126759947 -0.0716983677 -0.305700963 0 0 0
C@CP 2991 0.139088015 0.27692209 -0.0119894379 0 0 0
C@CP 2992 -0.0522104962 0.0376265136 0.145481027 0 0 0
C@CP 2993 -0.0177236317 0.319140851 0.0622497874 0 0 0
C@CP 2994 -0.183906962 -0.0697920707 -0.0336084194 0 0 0
C@CP 2995 0.347152327 0.204046106 0.149755429 0 0 0
C@CP 2996 -0.161676772 0.287010844 -0.31539331 0 0 0
C@CP 2997 0.278165314 -0.179296985 -0.329773398 0 0 0
C@CP 2998 0.205169484 0.355632153 0.0199113983 0 0 0
C@CP 2999 -0.257347647 -0.0723267307 0.128849571 0 0 0
C@CP 3000 -0.260627274 0.265733934 0.264273025 0 0 0
C@CP 3001 -0.398612976 0.0185744498 -0.0762696873 0 0 0
C@CP 3002 0.0669655671 0.422403614 -0.0322639096 0 0 0
C@CP 3003 0.113977168 -0.382128593 0.130279737 0 0 0
C@CP 3004 -0.169252074 -0.0166085804 -0.385147346 0 0 0
C@CP 3005 0.0885716594 -0.190550754 0.194036952 0 0 0
C@CP 3006 -0.205607947 0.236910254 -0.139743132 0 0 0
C@CP 3007 0.127211831 0.0571641491 -0.0555272701 0 0 0
C@CP 3008 0.241183461 0.340066224 -0.0751665154 0 0 0
C@CP 3009 -0.157744402 0.271026234 -0.248191175 0 0 0
C@CP 3010 -0.193090172 -0.191066347 0.389919519 0 0 0
C@CP 3011 -0.0462669723 0.336395866 -0.0807821259 0 0 0
C@CP 3012 0.266525684 0.273453957 -0.123630604 0 0 0
C@CP 3013 0.313899071 -0.310931878 0.080566586 0 0 0
C@CP 3014 -0.192153217 -0.00312589755 -0.0780813582 0 0 0
C@CP 3015 -0.221716123 0.138919492 0.0406669234 0 0 0
C@CP 3016 0.0235184045 -0.0265071356 0.390832691 0 0 0
C@CP 3017 -0.23475989 0.162297845 0.155274701 0 0 0
C@CP 3018 0.300931876 -0.0799939432 -0.284567073 0 0 0
C@CP 3019 -0.0159093966 0.147805492 0.0847765918 0 0 0
C@CP 3020 0.0476219826 -0.0184146361 0.298439053 0 0 0
C@CP 3021 0.136029543 -0.236381696 -0.360354 0 0 0
C@CP 3022 0.288573875 -0.149766004 0.215219188 0 0 0
C@CP 3023 -0.360551494 0.00599050555 0.172761963 0 0 0
C@CP 3024 0.0826531707 0.0991165106 -0.357200746 0 0 0
C@CP 3025 0.160616724 0.0915631484 -0.172609282 0 0 0
C@CP 3026 0.147527994 0.0202274655 0.434898747 0 0 0
C@CP 3027 -0.0255205485 -0.0469384548 0.165839944 0 0 0
C@CP 3028 -0.222212391 0.0727902393 0.281630995 0 0 0
C@CP 3029 0.191914302 -0.0437516757 0.395836558 0 0 0
C@CP 3030 -0.120079269 -0.233901466 -0.378678277 0 0 0
C@CP 3031 0.182339053 0.0835634348 -0.240881125 0 0 0
C@CP 3032 -0.337499425 0.199712986 -0.185952687 0 0 0
C@CP 3033 -0.0148080272 0.126557948 0.218528424 0 0 0
C@CP 3034 0.0862386424 0.368914682 0.00673841894 0 0 0
C@CP 3035 0.224968935 -0.127317468 -0.243284502 0 0 0
C@CP 3036 0.155699213 -0.332663219 -0.220803523 0 0 0
C@CP 3037 -0.201556906 0.421949582 -0.00247511472 0 0 0
C@CP 3038 -0.284870288 0.0194579259 -0.0215798617 0 0 0
C@CP 3039 0.34068965 -0.00388347954 0.256655558 0 0 0
C@CP 3040 -0.389371727 -0.0742189715 0.00694103782 0 0 0
C@CP 3041 -0.220531033 -0.230116924 0.108306763 0 0 0
C@CP 3042 -0.311321779 -0.25780925 -0.0580343104 0 0 0
C@CP 3043 -0.0690715968 0.279500715 -0.174331283 0 0 0
C@CP 3044 -0.264047613 0.0936611097 -0.197127159 0 0 0
C@CP 3045 -0.407082642 -0.169722923 0.0824174588 0 0 0
C@CP 3046 -0.0444310183 -0.041455652 0.0721285747 0 0 0
C@CP 3047 -0.266145275 -0.0071093843 0.283800335 0 0 0
C@CP 3048 0.158311721 0.0786972242 0.314827978 0 0 0
C@CP 3049 0.421571899 0.0859241344 0.0399652144 0 0 0
C@CP 3050 -0.0479887097 0.0720111764 -0.441186822 0 0 0
C@CP 3051 0.390102689 -0.0709263945 -0.195901423 0 0 0
C@CP 3052 -0.136439199 -0.0800411391 0.177157571 0 0 0
C@CP 3053 -0.0896298491 -0.278573361 0.100018022 0 0 0
C@CP 3054 -0.107410495 -0.0934897553 0.378211217 0 0 0
C@CP 3055 0.36501119 -0.139110014 0.142593532 0 0 0
C@CP 3056 -0.0984234201 -0.139106141 -0.173197575 0 0 0
C@CP 3057 0.150994312 0.204602264 0.0356399322 0 0 0
C@CP 3058 0.0435864273 0.283353665 0.318812112 0 0 0
C@CP 3059 0.156004982 -0.120883094 -0.253910705 0 0 0
C@CP 3060 0.0938893107 0.204453745 0.293269329 0 0 0
C@CP 3061 -0.132894086 0.0257997329 -0.413594248 0 0 0
C@CP 3062 0.0682637777 0.020065005 0.0697627787 0 0 0
C@CP 3063 0.324705094 -0.205754448 0.0362678453 0 0 0
C@CP 3064 -0.0697777137 -0.0947038747 -0.210758551 0 0 0
C@CP 3065 0.0129512484 0.0805267672 0.18439766 0 0 0
C@CP 3066 -0.173922901 0.112833735 -0.385596773 0 0 0
C@CP 3067 0.344875079 0.303777102 -0.10402632 0 0 0
C@CP 3068 -0.204878172 -0.15724 0.353025582 0 0 0
C@CP 3069 0.210179883 -0.0747383246 0.0736792547 0 0 0
C@CP 3070 0.124888525 0.159560265 0.221052725 0 0 0
C@CP 3071 -0.169278784 -0.239771684 0.0723469356 0 0 0
C@CP 3072 0.0380063585 0.387593292 0.124072915 0 0 0
C@CP 3073 0.391460391 0.254389944 -0.0768056079 0 0 0
C@CP 3074 -0.342139294 0.240211437 0.16275875 0 0 0
C@CP 3075 -0.21177061 0.250082206 0.127846214 0 0 0
C@CP 3076 -0.129670813 0.228897673 -0.324107153 0 0 0
C@CP 3077 0.0767226909 -0.165378558 -0.25433815 0 0 0
C@CP 3078 0.0915886658 0.288287825 -0.0872843142 0 0 0
C@CP 3079 0.295787454 0.253136652 -0.225918784 0 0 0
C@CP 3080 -0.249080933 0.103804352 -0.188230143 0 0 0
C@CP 3081 0.139300479 0.0639856773 0.121045967 0 0 0
C@CP 3082 0.0711100831 -0.0992936984 0.385161977 0 0 0
C@CP 3083 -0.12123973 -0.0180660553 0.398282042 0 0 0
C@CP 3084 -0.162518891 0.214255492 -0.270890457 0 0 0
C@CP 3085 -0.240454107 -0.388093653 0.0491817551 0 0 0
C@CP 3086 -0.0184599617 -0.122831018 0.31490557 0 0 0
C@CP 3087 -0.00957616957 0.0536421597 -0.351247006 0 0 0
C@CP 3088 -0.0762784454 -0.179598897 -0.183991421 0 0 0
C@CP 3089 0.0605582468 0.250900652 0.36331684 0 0 0
C@CP 3090 -0.13476597 0.0155522233 0.383460411 0 0 0
C@CP 3091 0.110397986 -0.195241628 0.391807829 0 0 0
C@CP 3092 -0.0879129355 -0.195695476 0.246436997 0 0 0
C@CP 3093 0.125945768 0.221203857 -0.086065973 0 0 0
C@CP 3094 -0.0267826751 0.168248712 -0.337304755 0 0 0
C@CP 3095 0.319762328 -0.135116082 0.00438238918 0 0 0
C@CP 3096 0.175102764 -0.0753598787 0.0931994585 0 0 0
C@CP 3097 0.391273007 -0.0754110414 -0.253125586 0 0 0
C@CP 3098 -0.157853518 -0.171308252 0.0561960435 0 0 0
C@CP 3099 -0.22082361 -0.0607537698 -0.364250986 0 0 0
C@CP 3100 -0.32986671 -0.0800448897 0.296707112 0 0 0
C@CP 3101 -0.117744296 0.0781331201 0.395491491 0 0 0
C@CP 3102 -0.109493923 -0.425419761 0.0946105406 0 0 0
C@CP 3103 0.0574605945 -0.153631101 -0.00706590167 0 0 0
C@CP 3104 -0.148170105 -0.395880131 -0.234239203 0 0 0
C@CP 3105 0.162213952 0.0682580545 0.217979012 0 0 0
C@CP 3106 -0.022198252 0.116641296 -0.359204437 0 0 0
C@CP 3107 0.224974357 0.126806978 -0.0840099141 0 0 0
C@CP 3108 0.292262303 0.375851372 0.0376273274 0 0 0
C@CP 3109 -0.137933807 -0.188116133 0.336870546 0 0 0
C@CP 3110 -0.00360251381 0.373103175 -0.00861867836 0 0 0
C@CP 3111 -0.0710095234 0.0533225334 -0.397729327 0 0 0
C@CP 3112 0.290850285 -0.17579567 -0.29833902 0 0 0
C@CP 3113 0.165785504 0.0151137995 0.427561359 0 0 0
C@CP 3114 -0.131909974 0.0751645312 -0.262127553 0 0 0
C@CP 3115 0.0515943107 -0.180104746 0.177850042 0 0 0
C@CP 3116 0.0359097239 0.00302378434 -0.0926802615 0 0 0
C@CP 3117 0.014556828 -0.102584138 -0.00926777939 0 0 0
C@CP 3118 -0.00114835863 -0.263631463 -0.233883746 0 0 0
C@CP 3119 0.251814593 0.207998405 0.123534331 0 0 0
C@CP 3120 0.0825293482 0.0856328399 -0.235929285 0 0 0
C@CP 3121 0.131577976 -0.128222847 -0.279154444 0 0 0
C@CP 3122 0.0674399567 0.0794285233 -0.374113164 0 0 0
C@CP 3123 0.255106649 -0.312213167 -0.209070171 0 0 0
C@CP 3124 0.0720053502 -0.0772455266 -0.37381011 0 0 0
C@CP 3125 -0.0598539805 0.402492054 -0.00258421487 0 0 0
C@CP 3126 -0.0236590593 -0.371691368 0.271552035 0 0 0
C@CP 3127 -0.248560539 0.23914138 0.0347746934 0 0 0
C@CP 3128 0.337650755 -0.135332466 -0.065840805 0 0 0
C@CP 3129 0.355998227 0.141039683 -0.115761033 0 0 0
C@CP 3130 -0.286548359 -0.201043194 -0.135869098 0 0 0
C@CP 3131 -0.00826073642 0.287395783 0.0949602114 0 0 0
C@CP 3132 -0.123384714 -0.0379899341 0.425452265 0 0 0
C@CP 3133 0.397670173 -0.0214104795 -0.274978021 0 0 0
C@CP 3134 -0.323643037 -0.105427539 -0.12379489 0 0 0
C@CP 3135 -0.236429079 -0.0425918074 0.0282062032 0 0 0
C@CP 3136 0.0139061575 -0.393062766 0.150608685 0 0 0
C@CP 3137 0.138337785 -0.0909046495 0.197858833 0 0 0
C@CP 3138 -0.0513153127 0.324151417 0.136092813 0 0 0
C@CP 3139 0.0372294127 0.168372309 0.183910109 0 0 0
C@CP 3140 0.298844288 0.0780031068 0.0123731489 0 0 0
C@CP 3141 -0.0894708083 -0.312108657 -0.312496297 0 0 0
C@CP 3142 0.0982207041 0.26926094 0.0961320571 0 0 0
C@CP 3143 0.372928747 0.113257409 0.0952717079 0 0 0
C@CP 3144 0.11768952 0.150925045 0.288360442 0 0 0
C@CP 3145 0.0926082221 -0.153298492 -0.349046444 0 0 0
C@CP 3146 0.321443421 -0.155638577 -0.0509623734 0 0 0
C@CP 3147 0.319835519 0.271035356 0.023851955 0 0 0
C@CP 3148 0.0594408305 0.0965415973 0.259019357 0 0 0
C@CP 3149 -0.171623681 -0.0521195689 -0.23172368 0 0 0
C@CP 3150 -0.186030761 0.206724669 0.0286494078 0 0 0
C@CP 3151 -0.386942075 0.128348221 0.00263920659 0 0 0
C@CP 3152 0.127914663 -0.0312185829 -0.0606007315 0 0 0
C@CP 3153 -0.169521097 0.180723994 0.18814467 0 0 0
C@CP 3154 -0.101282374 0.297747968 0.289558865 0 0 0
C@CP 3155 -0.0619809499 0.283404094 -0.0482273528 0 0 0
C@CP 3156 0.20222892 0.380912278 0.169926778 0 0 0
C@CP 3157 0.0498094776 0.190495399 -0.414780463 0 0 0
C@CP 3158 0.154563104 0.116519068 -0.012361823 0 0 0
C@CP 3159 0.266414811 0.0389191947 0.0438092062 0 0 0
C@CP 3160 0.0106076839 0.276103456 0.172317214 0 0 0
C@CP 3161 -0.378203634 0.0362281 -0.0534817349 0 0 0
C@CP 3162 -0.431136404 -0.0360572298 -0.125113399 0 0 0
C@CP 3163 -0.0735612072 -0.146294925 0.188295214 0 0 0
C@CP 3164 -0.0590221954 -0.133583906 0.382469305 0 0 0
C@CP 3165 0.106330192 0.0459216993 0.14174927 0 0 0
C@CP 3166 -0.339893237 -0.0462198303 -0.21314022 0 0 0
C@CP 3167 -0.0205166364 -0.00666033689 0.166814946 0 0 0
C@CP 3168 -0.269340014 -0.190877775 -0.218623549 0 0 0
C@CP 3169 0.117189902 -0.131213194 -0.260808914 0 0 0
C@CP 3170 -0.185720636 -0.0267584332 0.404575497 0 0 0
C@CP 3171 -0.2697237 -0.173679961 0.28125786 0 0 0
C@CP 3172 -0.424104069 -0.0468609689 0.179925653 0 0 0
C@CP 3173 0.117252908 -0.217966134 0.321979277 0 0 0
C@CP 3174 0.380383771 0.13888483 0.1871767 0 0 0
C@CP 3175 -0.191329446 -0.193615915 0.0962850381 0 0 0
C@CP 3176 -0.0591353595 -0.173148595 0.161329662 0 0 0
C@CP 3177 0.191592508 -0.186139058 0.301506599 0 0 0
C@CP 3178 -0.17458987 0.130731955 0.116502982 0 0 0
C@CP 3179 0.422515476 0.147296143 0.120603535 0 0 0
C@CP 3180 0.197046263 0.323006419 -0.205971514 0 0 0
C@CP 3181 -0.142730937 -0.268510213 -0.248858011 0 0 0
C@CP 3182 0.179701453 0.0390224899 -0.196954453 0 0 0
C@CP 3183 0.173290365 -0.366580752 -0.153604021 0 0 0
C@CP 3184 -0.0460760214 -0.291129324 0.188618662 0 0 0
C@CP 3185 -0.28501601 -0.27121499 -0.144402593 0 0 0
C@CP 3186 0.0178756944 -0.427529212 0.12326941 0 0 0
C@CP 3187 -0.0557831121 -0.393554468 0.119233403 0 0 0
C@CP 3188 0.152434756 0.395282276 0.228953437 0 0 0
C@CP 3189 0.253415112 0.000102192791 -0.184489573 0 0 0
C@CP 3190 -0.421107505 -0.146742805 -0.0909024754 0 0 0
C@CP 3191 -0.120650054 0.295525088 -0.165835046 0 0 0
C@CP 3192 -0.247507893 0.160480214 0.252674455 0 0 0
C@CP 3193 -0.104216815 -0.0482977305 0.117574182 0 0 0
C@CP 3194 0.164571079 0.171314804 0.322258625 0 0 0
C@CP 3195 -0.361269432 -0.195257088 -0.0389257243 0 0 0
C@CP 3196 0.302463902 -0.0408855964 -0.339120906 0 0 0
C@CP 3197 -0.0100153031 0.415599353 0.112929509 0 0 0
C@CP 3198 0.451649518 0.0101694087 0.0937085217 0 0 0
C@CP 3199 0.243844285 0.144757715 -0.268277112 0 0 0
C@CP 3200 -0.256122582 0.214782304 0.0415498585 0 0 0
C@CP 3201 -0.0349691415 -0.000743374969 -0.164793802 0 0 0
C@CP 3202 0.351736523 0.0447999541 -0.0104151425 0 0 0
C@CP 3203 -0.0737751257 -0.244246891 0.380295992 0 0 0
C@CP 3204 0.1713845 -0.0374180145 -0.0936386957 0 0 0
C@CP 3205 0.261547867 0.20919351 0.19473447 0 0 0
C@CP 3206 0.231806966 0.00413201954 0.298590273 0 0 0
C@CP 3207 0.0415856294 0.10849753 -0.285907267 0 0 0
C@CP 3208 0.266275133 -0.249297379 0.108974902 0 0 0
C@CP 3209 -0.194830332 0.23421247 -0.126463697 0 0 0
C@CP 3210 -0.311936812 -0.283450955 -0.0773772464 0 0 0
C@CP 3211 0.186188999 0.173537145 0.0872716528 0 0 0
C@CP 3212 0.183774357 0.211901029 -0.101371757 0 0 0
C@CP 3213 -0.235174912 -0.116686908 0.233842526 0 0 0
C@CP 3214 0.233670337 -0.218335385 -0.0894588176 0 0 0
C@CP 3215 0.355079562 -0.134452669 0.0588850237 0 0 0
C@CP 3216 0.0426072558 0.0712902893 0.293961976 0 0 0
C@CP 3217 -0.315368442 -0.191702605 -0.0109103936 0 0 0
C@CP 3218 -0.201089221 -0.0991001189 -0.374849045 0 0 0
C@CP 3219 -0.246508779 -0.204668104 0.223964761 0 0 0
C@CP 3220 0.396586869 0.0104462679 0.0156074095 0 0 0
C@CP 3221 -0.261951438 0.265095685 0.237443542 0 0 0
C@CP 3222 -0.0886395336 0.0362312658 -0.0312139047 0 0 0
C@CP 3223 -0.103366441 -0.416397786 -0.0895836 0 0 0
C@CP 3224 0.00599602922 -0.29888262 0.222176582 0 0 0
C@CP 3225 0.0151082979 0.0507093501 -0.354721254 0 0 0
C@CP 3226 0.293167309 0.209740618 -0.0842896935 0 0 0
C@CP 3227 -0.0462472586 -0.354676719 0.27361735 0 0 0
C@CP 3228 0.13836637 0.0822336924 0.330983481 0 0 0
C@CP 3229 -0.335534063 -0.0339061866 0.105723228 0 0 0
C@CP 3230 0.096621093 -0.0274671672 0.11507718 0 0 0
C@CP 3231 -0.0862840915 0.161483477 -0.101520974 0 0 0
C@CP 3232 -0.062706769 -0.129116676 -0.264252029 0 0 0
C@CP 3233 0.117452219 0.0561312233 -0.16419341 0 0 0
C@CP 3234 0.136750576 -0.27160163 0.0239058045 0 0 0
C@CP 3235 0.0344057513 0.0520831716 0.238575332 0 0 0
C@CP 3236 -0.0691966983 -0.130997482 0.341396684 0 0 0
C@CP 3237 -0.174946574 -0.296135806 0.180728438 0 0 0
C@CP 3238 0.355826532 0.16554929 -0.156365283 0 0 0
C@CP 3239 0.259053702 0.00173784061 -0.112124999 0 0 0
C@CP 3240 0.140931777 0.130670958 -0.37006326 0 0 0
C@CP 3241 0.0941556955 -0.0159216073 0.368395244 0 0 0
C@CP 3242 0.157346016 0.104123732 0.108111068 0 0 0
C@CP 3243 -0.0538389362 0.0457670716 -0.141386288 0 0 0
C@CP 3244 0.304934619 -0.276364172 -0.119604891 0 0 0
C@CP 3245 0.356509116 0.0791325114 0.216243039 0 0 0
C@CP 3246 0.169857403 0.0194410158 -0.331552248 0 0 0
C@CP 3247 0.0784332942 -0.0793133749 -0.348180523 0 0 0
C@CP 3248 -0.0799856781 -0.348405361 0.0452378606 0 0 0
C@CP 3249 0.141401915 -0.167332146 -0.311045208 0 0 0
C@CP 3250 0.00383783238 -0.311296507 0.164529622 0 0 0
C@CP 3251 -0.243833639 0.251446573 -0.211580409 0 0 0
C@CP 3252 0.320826972 -0.250216524 -0.0311132331 0 0 0
C@CP 3253 -0.188789643 0.405939519 0.119701844 0 0 0
C@CP 3254 0.382613855 0.254159163 0.0418642614 0 0 0
C@CP 3255 0.164144001 0.121445295 -0.291376013 0 0 0
C@CP 3256 0.199487825 0.175759359 0.34839243 0 0 0
C@CP 3257 -0.37470862 -0.0188310387 0.187320907 0 0 0
C@CP 3258 -0.0136547095 -0.0395052 0.0615568748 0 0 0
C@CP 3259 0.286047226 0.109853791 0.0283581236 0 0 0
C@CP 3260 -0.184509984 0.210272039 0.309721173 0 0 0
C@CP 3261 -0.0293856478 -0.202189433 0.204027271 0 0 0
C@CP 3262 -0.0599262645 0.448423351 -0.0109552034 0 0 0
C@CP 3263 -0.145867565 0.0135112533 0.0764582384 0 0 0
C@CP 3264 0.101193885 -0.425407576 -0.0452363604 0 0 0
C@CP 3265 -0.139880051 0.306327858 -0.120729699 0 0 0
C@CP 3266 0.131644069 -0.360964002 -0.0591924583 0 0 0
C@CP 3267 0.141199581 0.0284668343 0.148861365 0 0 0
C@CP 3268 -0.064535562 -0.0796577377 -0.203688156 0 0 0
C@CP 3269 0.316333321 -0.165238051 0.0485955896 0 0 0
C@CP 3270 0.121749674 0.0248570215 -0.0814669498 0 0 0
C@CP 3271 -0.0917288207 -0.294954403 0.00588962758 0 0 0
C@CP 3272 0.0476445652 -0.270400766 0.189629527 0 0 0
C@CP 3273 0.109216195 0.0167436444 -0.351412015 0 0 0
C@CP 3274 -0.234251051 -0.339391802 0.212906156 0 0 0
C@CP 3275 0.106641392 0.262559635 0.14013657 0 0 0
C@CP 3276 -0.121301784 -0.36497933 -0.0964523191 0 0 0
C@CP 3277 -0.0434335478 -0.398573874 -0.15819384 0 0 0
C@CP 3278 -0.0241434476 0.179834156 0.228744481 0 0 0
C@CP 3279 -0.0519825827 -0.379867047 0.180130887 0 0 0
C@CP 3280 0.0357937444 -0.0958531511 -0.386227027 0 0 0
C@CP 3281 0.0610449758 0.117399576 -0.0436421501 0 0 0
C@CP 3282 0.163954998 0.199248386 -0.150754028 0 0 0
C@CP 3283 0.16976846 -0.381609454 -0.179632949 0 0 0
C@CP 3284 -0.0152829275 0.285681398 0.300739854 0 0 0
C@CP 3285 -0.0264601456 -0.0715434677 -0.41885692 0 0 0
C@CP 3286 0.15706675 0.187330783 0.216922221 0 0 0
C@CP 3287 -0.093487805 0.0471211791 -0.442908075 0 0 0
C@CP 3288 0.0501076231 0.10533857 -0.194084936 0 0 0
C@CP 3289 0.358087653 -0.0831221113 -0.180037768 0 0 0
C@CP 3290 -0.032994869 0.107174661 -0.153705597 0 0 0
C@CP 3291 -0.271934735 -0.110101331 0.371817587 0 0 0
C@CP 3292 -0.214730344 -0.361398973 0.193773214 0 0 0
C@CP 3293 0.310509082 -0.168350528 0.108808966 0 0 0
C@CP 3294 0.0230325754 0.367709852 0.0686490775 0 0 0
C@CP 3295 -0.156155576 0.147440031 -0.0394883495 0 0 0
C@CP 3296 -0.155376566 -0.192543178 -0.259960441 0 0 0
C@CP 3297 0.0361584188 -0.0401262051 0.359889085 0 0 0
C@CP 3298 0.187769185 -0.171934969 0.088790421 0 0 0
C@CP 3299 0.20846727 -0.162885951 -0.321506011 0 0 0
C@CP 3300 -0.38400725 -0.245952892 -0.00189599591 0 0 0
C@CP 3301 0.0808197043 -0.424725272 0.00290349623 0 0 0
C@CP 3302 0.196677842 0.0567470629 0.354454388 0 0 0
C@CP 3303 -0.213213934 -0.206887918 -0.0682426202 0 0 0
C@CP 3304 0.1682374 -0.0535217499 0.220075765 0 0 0
C@CP 3305 0.283383574 -0.244191815 0.024361193 0 0 0
C@CP 3306 0.35910511 0.0289301411 -0.101972766 0 0 0
C@CP 3307 -0.278249094 -0.0881343891 0.226242457 0 0 0
C@CP 3308 -0.0291252681 -0.0907707697 0.225383965 0 0 0
C@CP 3309 0.0414086809 0.155537017 -0.321017252 0 0 0
C@CP 3310 -0.193499558 0.428775036 0.00871451151 0 0 0
C@CP 3311 0.103339653 0.220381711 -0.358870191 0 0 0
C@CP 3312 -0.00407086223 -0.421104941 0.0650528065 0 0 0
C@CP 3313 0.112801819 -0.225316773 -0.0464286623 0 0 0
C@CP 3314 -0.316283337 -0.0469005031 0.154150803 0 0 0
C@CP 3315 -0.00410496535 0.14744666 0.10710355 0 0 0
C@CP 3316 0.459754827 -0.0715958131 0.0107360139 0 0 0
C@CP 3317 0.179490996 0.0146411857 0.0949702524 0 0 0
C@CP 3318 -0.111383509 0.0798317657 0.274291447 0 0 0
C@CP 3319 -0.173386287 0.00285492503 0.415031115 0 0 0
C@CP 3320 -0.320945897 0.138003567 0.147777902 0 0 0
C@CP 3321 0.287758891 0.0836384966 -0.034055775 0 0 0
C@CP 3322 0.251474127 -0.348578732 -0.0838011355 0 0 0
C@CP 3323 -0.385566151 -0.00687750306 -0.0634170931 0 0 0
C@CP 3324 -0.0943606978 -0.0870469847 0.397319893 0 0 0
C@CP 3325 -0.130829114 0.119575032 -0.395577908 0 0 0
C@CP 3326 -0.379621521 0.000472161526 0.157304385 0 0 0
C@CP 3327 -0.0796609728 -0.0958439147 0.0226771309 0 0 0
C@CP 3328 0.128369788 -0.345112753 -0.0808108939 0 0 0
C@CP 3329 0.109924503 -0.0995752495 -0.0657757237 0 0 0
C@CP 3330 0.217800583 0.137996181 0.374142183 0 0 0
C@CP 3331 0.349487712 0.213871552 0.0846854921 0 0 0
C@CP 3332 -0.40760292 -0.0348775974 -0.134678113 0 0 0
C@CP 3333 -0.194056534 -0.236913548 -0.0285260997 0 0 0
C@CP 3334 -0.280922875 -0.207480289 0.151255802 0 0 0
C@CP 3335 0.26004957 -0.313815578 -0.212804812 0 0 0
C@CP 3336 -0.255068428 -0.265292141 0.0439836819 0 0 0
C@CP 3337 -0.131979317 0.0283056274 0.162525954 0 0 0
C@CP 3338 -0.347300857 0.239479699 0.0405487006 0 0 0
C@CP 3339 0.0568203512 -0.0509748443 -0.143149459 0 0 0
C@CP 3340 0.0830870476 0.1968599 0.134164337 0 0 0
C@CP 3341 -0.260616899 -0.0399898728 -0.368666469 0 0 0
C@CP 3342 0.00357565909 -0.215488743 -0.28605804 0 0 0
C@CP 3343 0.193328053 -0.293627834 0.263507278 0 0 0
C@CP 3344 -0.107721279 0.0383410346 0.164978289 0 0 0
C@CP 3345 -0.399611579 -0.0200084351 -0.219944771 0 0 0
C@CP 3346 0.0244508874 -0.022854163 0.395010826 0 0 0
C@CP 3347 0.186906294 0.0726878707 0.0277662981 0 0 0
C@CP 3348 -0.301025054 0.200498547 0.187077321 0 0 0
C@CP 3349 0.163742641 -0.0247858624 0.324060272 0 0 0
C@CP 3350 -0.115673818 0.00191522343 -0.235595537 0 0 0
C@CP 3351 0.168031895 -0.110419635 -0.375717137 0 0 0
C@CP 3352 -0.198917505 -0.436287621 0.00506364983 0 0 0
C@CP 3353 -0.401255444 -0.122301384 -0.0884647305 0 0 0
C@CP 3354 -0.195248656 -0.075270857 0.0640125441 0 0 0
C@CP 3355 0.0862857982 0.0637688605 -0.144348411 0 0 0
C@CP 3356 -0.20986548 0.300330785 0.0982943063 0 0 0
C@CP 3357 -0.175123927 0.339717155 0.282766101 0 0 0
C@CP 3358 -0.358733515 0.160093926 -0.0344958644 0 0 0
C@CP 3359 -0.0406311857 -0.085413277 0.114437686 0 0 0
C@CP 3360 0.374381124 -0.10143335 -0.0918789544 0 0 0
C@CP 3361 0.152359801 -0.281979007 -0.203204117 0 0 0
C@CP 3362 0.209860963 0.165307761 0.268097003 0 0 0
C@CP 3363 0.08223687 -0.106491908 -0.114502213 0 0 0
C@CP 3364 0.150217133 -0.293216454 -0.211352962 0 0 0
C@CP 3365 -0.00658233408 0.0271085484 0.21218662 0 0 0
C@CP 3366 0.336067341 -0.122186826 0.0845889812 0 0 0
C@CP 3367 -0.32736476 -0.0149981734 0.2522348 0 0 0
C@CP 3368 0.365546655 -0.110634732 0.00601214132 0 0 0
C@CP 3369 -0.0793915687 0.22110674 -0.33923415 0 0 0
C@CP 3370 -0.00991913469 -0.0927135492 0.116163628 0 0 0
C@CP 3371 -0.169891589 0.258907207 0.232604018 0 0 0
C@CP 3372 -0.399562204 0.235562375 -0.0619036464 0 0 0
C@CP 3373 0.266090886 0.155473567 -0.115841737 0 0 0
C@CP 3374 -0.150700415 -0.0663887458 0.244917867 0 0 0
C@CP 3375 -0.0816578545 0.112110126 -0.330938911 0 0 0
C@CP 3376 0.101891279 -0.0617229928 0.321702421 0 0 0
C@CP 3377 -0.0555758009 -0.0286569924 0.277196784 0 0 0
C@CP 3378 0.347674879 0.0141374489 -0.0300434672 0 0 0
C@CP 3379 0.347213857 -0.193302416 0.235068626 0 0 0
C@CP 3380 0.108151293 0.130263205 0.407818397 0 0 0
C@CP 3381 0.126219179 0.338720111 -0.169890052 0 0 0
C@CP 3382 -0.187382336 -0.304672702 -0.274169532 0 0 0
C@CP 3383 0.341399609 -0.0434416268 0.270379155 0 0 0
C@CP 3384 -0.0776041775 0.0141677043 0.339960871 0 0 0
C@CP 3385 -0.0105842134 0.0156617208 0.409225943 0 0 0
C@CP 3386 -0.169595635 0.0104325123 -0.104384323 0 0 0
C@CP 3387 0.22572172 0.0945436374 -0.0674175179 0 0 0
C@CP 3388 0.246427859 -0.245695152 0.254537504 0 0 0
C@CP 3389 0.0715069026 0.116888269 0.144067571 0 0 0
C@CP 3390 0.0250685038 -0.0865002562 -0.361583374 0 0 0
C@CP 3391 -0.275298302 0.124742284 0.0373300769 0 0 0
C@CP 3392 -0.158232365 0.185389144 -0.188030776 0 0 0
C@CP 3393 0.175990952 -0.377298627 -0.0306749061 0 0 0
C@CP 3394 0.146960878 -0.103978457 0.025552542 0 0 0
C@CP 3395 0.429686825 0.0576895203 -0.0489656441 0 0 0
C@CP 3396 -0.170123818 0.324168385 0.119008711 0 0 0
C@CP 3397 -0.246187214 -0.336004486 0.140059775 0 0 0
C@CP 3398 0.210086336 0.268777449 -0.0761339291 0 0 0
C@CP 3399 0.00937352001 -0.0443639468 0.34131134 0 0 0
C@CP 3400 0.0874007918 -0.115481743 0.297415316 0 0 0
C@CP 3401 0.393250467 0.0451347157 0.00352292176 0 0 0
C@CP 3402 -0.326145895 -0.115182353 0.254364207 0 0 0
C@CP 3403 0.0400141827 -0.0306089052 -0.373544952 0 0 0
C@CP 3404 0.0751157964 -0.190110707 0.407141427 0 0 0
C@CP 3405 0.0958416283 -0.333094751 -0.0026467053 0 0 0
C@CP 3406 -0.204392436 0.355863658 -0.100749899 0 0 0
C@CP 3407 -0.297041642 0.0365580065 0.207476333 0 0 0
C@CP 3408 0.245442126 0.251554474 0.103748153 0 0 0
C@CP 3409 -0.185626526 0.228939728 -0.10840237 0 0 0
C@CP 3410 -0.257801575 -0.114993402 -0.0344821061 0 0 0
C@CP 3411 -0.137124351 0.266953452 0.264969445 0 0 0
C@CP 3412 -0.121144711 -0.242806732 0.0961956355 0 0 0
C@CP 3413 0.286846711 0.168950962 -0.124276948 0 0 0
C@CP 3414 0.0550656404 0.277209506 0.057696544 0 0 0
C@CP 3415 -0.0864724201 0.0182811742 0.326434618 0 0 0
C@CP 3416 -0.0445666814 -0.0765434996 0.295817883 0 0 0
C@CP 3417 0.200272597 -0.194445566 0.0140373399 0 0 0
C@CP 3418 -0.0754452103 -0.23568748 -0.0720835865 0 0 0
C@CP 3419 -0.0527429879 -0.0103318735 -0.366344828 0 0 0
C@CP 3420 0.447722642 0.0159591717 -0.053999854 0 0 0
C@CP 3421 -0.161277292 0.0283742107 0.294309903 0 0 0
C@CP 3422 -0.153462171 0.0737197527 0.158889398 0 0 0
C@CP 3423 0.20117647 -0.401428629 -0.0404058593 0 0 0
C@CP 3424 0.126265858 -0.0562397748 0.3004187 0 0 0
C@CP 3425 0.0313030481 0.433698422 -0.0647643661 0 0 0
C@CP 3426 0.189088065 -0.178335044 -0.0344765071 0 0 0
C@CP 3427 -0.201358847 -0.347538574 -0.0725276712 0 0 0
C@CP 3428 0.0317888377 -0.0735633807 -0.0895497561 0 0 0
C@CP 3429 -0.167420526 -0.00025022061 0.00727380845 0 0 0
C@CP 3430 -0.195976747 0.121593734 0.254751917 0 0 0
C@CP 3431 -0.0198456459 -0.381476738 0.0346204589 0 0 0
C@CP 3432 0.0755590779 -0.0566192794 -0.248535407 0 0 0
C@CP 3433 -0.0961924771 -0.0126031392 -0.351179469 0 0 0
C@CP 3434 0.199743889 0.235048127 -0.250455778 0 0 0
C@CP 3435 0.262058839 -0.141778027 -0.0206671055 0 0 0
C@CP 3436 -0.388117303 0.203719681 0.0804393895 0 0 0
C@CP 3437 0.314138528 -0.160648878 0.261469323 0 0 0
C@CP 3438 -0.358134847 -0.13760083 -0.0161710461 0 0 0
C@CP 3439 -0.163039674 0.356269423 0.0455236666 0 0 0
C@CP 3440 0.00252861434 -0.353237352 -0.281091796 0 0 0
C@CP 3441 -0.00891089724 0.368697635 -0.212234674 0 0 0
C@CP 3442 -0.236556039 0.0116969984 -0.11429074 0 0 0
C@CP 3443 0.222372831 -0.296055295 -0.0530226886 0 0 0
C@CP 3444 -0.27733982 0.179509395 -0.160278068 0 0 0
C@CP 3445 0.128282915 -0.123333039 -0.40877125 0 0 0
C@CP 3446 0.180719203 -0.220073609 -0.0964328357 0 0 0
C@CP 3447 -0.154154512 -0.0790090328 0.090921622 0 0 0
C@CP 3448 0.0353692571 0.373683784 0.0590370598 0 0 0
C@CP 3449 -0.201559531 0.0861971848 -0.105781894 0 0 0
C@CP 3450 0.0327315549 -0.161257117 -0.131691199 0 0 0
C@CP 3451 -0.215777506 -0.0150607908 -0.318407322 0 0 0
C@CP 3452 -0.253477449 0.28602135 0.224808947 0 0 0
C@CP 3453 0.287873455 0.126100598 0.281734011 0 0 0
C@CP 3454 -0.131076881 0.0661509611 -0.239477427 0 0 0
C@CP 3455 -0.0402588629 0.187587909 0.0367352443 0 0 0
C@CP 3456 -0.249951296 0.241424121 0.0127762521 0 0 0
C@CP 3457 0.199835456 0.184231256 0.0577885737 0 0 0
C@CP 3458 0.132845123 0.199171976 -0.259178064 0 0 0
C@CP 3459 0.0444177976 -0.175929208 -0.260299177 0 0 0
C@CP 3460 0.354744928 0.275763315 -0.111331071 0 0 0
C@CP 3461 0.155478472 0.0412186799 0.0837318071 0 0 0
C@CP 3462 -0.095427084 -0.302706857 -0.293151474 0 0 0
C@CP 3463 -0.0244127801 0.392044903 -0.00742083195 0 0 0
C@CP 3464 -0.271522842 0.161876203 0.170982887 0 0 0
C@CP 3465 0.108114677 0.237990494 0.300785381 0 0 0
C@CP 3466 -0.0272392949 0.249050936 0.149073767 0 0 0
C@CP 3467 -0.178898336 -0.22522981 0.225611731 0 0 0
C@CP 3468 0.0948815798 -0.353988493 0.115780032 0 0 0
C@CP 3469 -0.12773827 -0.174837932 -0.177863431 0 0 0
C@CP 3470 -0.0448157974 -0.316201092 0.170516349 0 0 0
C@CP 3471 -0.190133877 -0.193722874 0.235340997 0 0 0
C@CP 3472 0.153453483 0.2124202 0.362734438 0 0 0
C@CP 3473 0.429486308 -0.123695803 0.0759272823 0 0 0
C@CP 3474 0.173673833 0.111526581 -0.056516948 0 0 0
C@CP 3475 -0.0919091847 0.155230921 0.0769147024 0 0 0
C@CP 3476 0.162903537 -0.327511302 -0.00961186849 0 0 0
C@CP 3477 0.388149489 0.257065626 -0.109446551 0 0 0
C@CP 3478 0.114885632 -0.153759673 -0.120095056 0 0 0
C@CP 3479 0.149637431 0.366347853 0.0390936542 0 0 0
C@CP 3480 -0.319468326 -0.119608172 0.191783352 0 0 0
C@CP 3481 0.343734647 0.0803570082 0.0628818826 0 0 0
C@CP 3482 0.0686887372 -0.168500967 0.209012115 0 0 0
C@CP 3483 -0.0190457884 0.0339039821 -0.349519438 0 0 0
C@CP 3484 -0.0731319922 -0.292392915 -0.110830176 0 0 0
C@CP 3485 -0.226275289 0.166319117 -0.322330694 0 0 0
C@CP 3486 0.0659939682 -0.0869338438 0.283693393 0 0 0
C@CP 3487 0.164754466 -0.128999092 -0.0235858507 0 0 0
C@CP 3488 -0.14685282 0.116536024 -0.0155819702 0 0 0
C@CP 3489 -0.135960488 -0.269560367 -0.111511129 0 0 0
C@CP 3490 0.19856565 -0.380402367 -0.0507393264 0 0 0
C@CP 3491 -0.133031297 -0.202955273 0.231781432 0 0 0
C@CP 3492 -0.161656494 0.272584925 0.27726303 0 0 0
C@CP 3493 -0.212072564 0.282444023 0.142423217 0 0 0
C@CP 3494 0.193831389 -0.170057597 0.012305445 0 0 0
C@CP 3495 -0.27234386 -0.165949175 0.224534824 0 0 0
C@CP 3496 0.278503973 0.142946345 -0.208359119 0 0 0
C@CP 3497 0.315076731 -0.175839321 0.128356256 0 0 0
C@CP 3498 -0.207986684 0.22408265 0.358016844 0 0 0
C@CP 3499 -0.0101819728 0.0842649767 -0.322778454 0 0 0
