B@CP 1000 0.13038354 -0.230051484 -0.13371357 0 0 0
B@CP 1002 0.347303442 0.194563841 0.0311671503 0 0 0
B@CP 1003 -0.101943199 0.271811156 0.25883249 0 0 0
B@CP 1006 0.285171572 -0.125357515 -0.140087298 0 0 0
B@CP 1007 0.200960578 0.16018741 0.117482337 0 0 0
B@CP 1008 0.102866358 -0.0639448882 -0.0313959448 0 0 0
B@CP 1011 0.0453894337 -0.118490975 -0.0944448169 0 0 0
B@CP 1015 -0.391419277 -0.0730844854 -0.036647369 0 0 0
B@CP 1019 -0.240833669 0.177143882 0.240758596 0 0 0
B@CP 1024 -0.165117913 0.170237325 -0.1512451 0 0 0
B@CP 1036 -0.230048363 0.316367956 0.0576602101 0 0 0
B@CP 1037 0.208229102 -0.277399075 -0.129743583 0 0 0
B@CP 1042 -0.0562505551 0.357232276 -0.180598462 0 0 0
B@CP 1045 0.108020622 -0.439252573 0.0434863217 0 0 0
B@CP 1047 0.33084786 -0.246602883 -0.167717779 0 0 0
B@CP 1049 -0.210148904 0.286121491 0.0406960938 0 0 0
B@CP 1052 -0.261526392 -0.406419097 0.0235602583 0 0 0
B@CP 1056 -0.100422078 -0.0477977599 0.372754966 0 0 0
B@CP 1058 -0.124422215 0.379760333 0.205496616 0 0 0
B@CP 1062 0.0330413831 -0.149022298 0.147423683 0 0 0
B@CP 1063 -0.296130881 0.0310431402 0.349107504 0 0 0
B@CP 1064 0.143045357 -0.225401329 0.118327711 0 0 0
B@CP 1066 -0.108442907 -0.0740145091 -0.388903837 0 0 0
B@CP 1067 -0.227895231 0.0144596092 -0.109210587 0 0 0
B@CP 1073 -0.18933799 -0.132554884 0.148921064 0 0 0
B@CP 1078 0.353844647 -0.243286567 -0.00489269832 0 0 0
B@CP 1080 -0.227927222 -0.060867087 -0.395850986 0 0 0
B@CP 1083 -0.227393133 0.345187549 0.198213987 0 0 0
B@CP 1087 0.0496415157 -0.0277521895 -0.0533515717 0 0 0
B@CP 1088 0.0401194443 -0.0736154252 0.397615136 0 0 0
B@CP 1089 -0.13155983 -0.261098317 -0.211346483 0 0 0
B@CP 1090 -0.245568134 -0.201287459 -0.141808272 0 0 0
B@CP 1091 0.0588190632 -0.338554894 0.0534028153 0 0 0
B@CP 1096 -0.0629170105 0.390409194 -0.219259017 0 0 0
B@CP 1101 -0.0864134594 -0.031977157 -0.209327784 0 0 0
B@CP 1103 -0.424868808 -0.00453239269 -0.235270463 0 0 0
B@CP 1105 -0.172743092 -0.225671121 -0.247266191 0 0 0
B@CP 1107 0.244924261 0.170205469 -0.081548106 0 0 0
B@CP 1110 0.114982952 0.201707349 -0.221894352 0 0 0
B@CP 1113 0.362011366 0.106056379 -0.0764056739 0 0 0
B@CP 1116 0.017016181 0.24217539 -0.403534239 0 0 0
B@CP 1117 -0.13758394 -0.278917592 0.0906984994 0 0 0
B@CP 1118 -0.23623429 -0.119110583 0.0145045332 0 0 0
B@CP 1119 -0.0766043969 0.0305814917 -0.0768613922 0 0 0
B@CP 1121 -0.052846727 0.136175004 -0.28130855 0 0 0
B@CP 1125 0.09702752 -0.331979715 -0.0935540835 0 0 0
B@CP 1129 0.0565466742 0.184826566 0.00912893355 0 0 0
B@CP 1130 0.361356824 0.160612349 0.213435751 0 0 0
B@CP 1131 -0.0924599031 0.36981258 -0.224053621 0 0 0
B@CP 1133 -0.0653813375 -0.0738495186 0.349652759 0 0 0
B@CP 1136 -0.270579056 -0.192174472 0.246354316 0 0 0
B@CP 1139 0.301613093 0.0976451402 -0.187909118 0 0 0
B@CP 1145 -0.116001539 0.331999562 -0.074096923 0 0 0
B@CP 1148 -0.111496417 0.0497415349 0.00691942526 0 0 0
B@CP 1151 0.302390334 -0.331589466 -0.0538926808 0 0 0
B@CP 1156 0.137999451 -0.0148294605 -0.345967216 0 0 0
B@CP 1157 -0.213702556 0.0549442918 0.148846271 0 0 0
B@CP 1163 -0.267151137 0.183294816 0.032877678 0 0 0
B@CP 1165 0.341918863 -0.0969911999 -0.175124033 0 0 0
B@CP 1167 -0.267484287 -0.261057899 0.144975175 0 0 0
B@CP 1170 -0.0412757617 0.0467436178 0.429274987 0 0 0
B@CP 1173 -0.0515662238 -0.056833863 -0.13621793 0 0 0
B@CP 1175 -0.319387596 -0.0552311287 0.148074515 0 0 0
B@CP 1176 -0.0236000034 -0.250024428 -0.356560487 0 0 0
B@CP 1178 0.148950545 -0.143564392 -0.201772836 0 0 0
B@CP 1180 0.272779776 -0.268081596 -0.223932211 0 0 0
B@CP 1188 -0.0134719813 0.180845858 0.112912152 0 0 0
B@CP 1189 0.307576943 0.229594037 -0.101450492 0 0 0
B@CP 1191 -0.134532087 0.400714388 0.206031251 0 0 0
B@CP 1196 -0.288185303 0.287615819 -0.0706110966 0 0 0
B@CP 1201 0.0438933483 -0.265405611 -0.265262965 0 0 0
B@CP 1203 -0.109807542 0.317018871 -0.0688283232 0 0 0
B@CP 1205 0.165183072 0.0432508889 -0.351477893 0 0 0
B@CP 1206 -0.275676486 -0.0399892677 -0.296954147 0 0 0
B@CP 1210 -0.208956512 -0.358259801 -0.1856339 0 0 0
B@CP 1212 0.386921711 -0.108525621 -0.158686276 0 0 0
B@CP 1214 0.401897553 -0.0255458948 0.132844768 0 0 0
B@CP 1215 -0.0677674299 0.285814259 -0.0110280943 0 0 0
B@CP 1216 0.0744219749 0.322163764 -0.0200605646 0 0 0
B@CP 1222 -0.297721883 0.0528359279 0.322257725 0 0 0
B@CP 1226 0.153641842 -0.423885293 0.0915964939 0 0 0
B@CP 1232 -0.273297236 0.117973218 0.0161673131 0 0 0
B@CP 1238 0.232094674 0.121364404 0.387761091 0 0 0
B@CP 1242 -0.365130627 -0.154354137 0.11840265 0 0 0
B@CP 1243 0.0539915119 0.0169641788 -0.252482969 0 0 0
B@CP 1246 -0.05989734 -0.373419779 0.128435209 0 0 0
B@CP 1247 -0.0903401221 0.129210386 0.217238107 0 0 0
B@CP 1250 0.00655078121 0.362489064 -0.135587354 0 0 0
B@CP 1253 -0.0932788492 -0.0729240016 -0.13267816 0 0 0
B@CP 1255 -0.249367432 0.0110749484 0.113944962 0 0 0
B@CP 1256 0.17261514 -0.358402437 -0.186527353 0 0 0
B@CP 1257 -0.100699643 -0.350043233 0.306091411 0 0 0
B@CP 1259 -0.388368275 0.123564047 0.215532314 0 0 0
B@CP 1263 0.390010072 0.195570268 0.169891413 0 0 0
B@CP 1264 -0.0920743325 -0.221988916 -0.182273405 0 0 0
B@CP 1268 -0.321957877 0.242886078 -0.022722895 0 0 0
B@CP 1269 0.125755664 -0.144308922 0.33145935 0 0 0
B@CP 1273 0.188353864 -0.298335203 -0.122037571 0 0 0
B@CP 1274 0.166438622 -0.220040505 0.19476056 0 0 0
B@CP 1275 -0.165015907 -0.0779468539 0.134235569 0 0 0
B@CP 1276 0.283379121 0.0404812638 -0.144384353 0 0 0
B@CP 1282 -0.00593726444 0.26429766 0.222584001 0 0 0
B@CP 1283 0.236643533 0.070130736 0.0911407581 0 0 0
B@CP 1284 0.328796932 0.242654753 0.193570601 0 0 0
B@CP 1291 0.22777817 0.170651294 0.230473261 0 0 0
B@CP 1292 0.326648667 -0.247226294 -0.210571999 0 0 0
B@CP 1305 0.14793721 -0.377858969 0.23164076 0 0 0
B@CP 1308 0.133958546 -0.0958725588 -0.114957892 0 0 0
B@CP 1312 0.270941516 -0.069629799 0.153079433 0 0 0
B@CP 1313 0.168192937 -0.220839184 0.321917712 0 0 0
B@CP 1316 0.0704050548 0.442207245 0.0576716103 0 0 0
B@CP 1317 -0.0808000617 -0.0682203451 -0.457691213 0 0 0
B@CP 1324 0.290568505 0.267859077 0.0437882478 0 0 0
B@CP 1326 -0.0273333212 0.354200558 -0.294062519 0 0 0
B@CP 1329 -0.24596687 0.0718876927 0.219148442 0 0 0
B@CP 1331 0.0481032155 -0.0712595573 -0.297833315 0 0 0
B@CP 1333 0.15272841 -0.118816439 0.380701429 0 0 0
B@CP 1340 -0.17200311 0.196826028 0.314227663 0 0 0
B@CP 1344 0.109246853 0.216016957 0.119686065 0 0 0
B@CP 1348 -0.12260148 -0.0994334906 -0.308873418 0 0 0
B@CP 1350 0.203889076 -0.121451091 -0.118197213 0 0 0
B@CP 1355 -0.0654338537 -0.154262572 -0.29322883 0 0 0
B@CP 1360 -0.150934937 -0.189101517 0.383727599 0 0 0
B@CP 1361 -0.00121659769 -0.190474073 0.042561925 0 0 0
B@CP 1362 -0.0141281683 0.0559767022 -0.0876824403 0 0 0
B@CP 1365 -0.22610969 0.10977637 -0.313131824 0 0 0
B@CP 1367 0.199527208 -0.210893834 0.0401623476 0 0 0
B@CP 1368 -0.213999933 -0.170037488 0.253708248 0 0 0
B@CP 1370 -0.291524316 -0.274105574 -0.20365366 0 0 0
B@CP 1371 -0.211397223 0.137971369 -0.357601804 0 0 0
B@CP 1376 0.240524564 -0.080933762 -0.371033771 0 0 0
B@CP 1380 -0.00794555828 -0.3931775 0.174055103 0 0 0
B@CP 1391 -0.127382256 -0.341190765 -0.297887871 0 0 0
B@CP 1393 -0.250936934 0.177448815 0.187755088 0 0 0
B@CP 1395 -0.146274505 -0.364106956 -0.0571399833 0 0 0
B@CP 1396 -0.201949709 0.28840546 0.109901397 0 0 0
B@CP 1397 0.232588562 0.0900864081 -0.405278094 0 0 0
B@CP 1402 0.0109059716 0.181633814 0.20464296 0 0 0
B@CP 1404 0.228273279 -0.0948431 0.242725807 0 0 0
B@CP 1406 -0.0350500156 0.332272175 -0.244776901 0 0 0
B@CP 1410 0.291944775 -0.113775944 -0.108472748 0 0 0
B@CP 1413 0.375310079 -0.216644685 -0.0179602671 0 0 0
B@CP 1416 -0.0663661925 0.00420673347 0.362035733 0 0 0
B@CP 1417 -0.00781809973 0.105674779 0.143587035 0 0 0
B@CP 1419 -0.311970261 -0.276325717 -0.179035028 0 0 0
B@CP 1428 -0.109231354 0.149956909 -0.318949222 0 0 0
B@CP 1430 -0.122031173 0.301653372 -0.0528938493 0 0 0
B@CP 1431 -0.199538754 -0.229327453 0.191361732 0 0 0
B@CP 1435 -0.0458386811 -0.189182749 0.172661317 0 0 0
B@CP 1437 -0.216428911 -0.16299124 0.355313627 0 0 0
B@CP 1443 0.0926908361 -0.0357083083 0.308604892 0 0 0
B@CP 1445 0.226917899 -0.028848678 0.0013679255 0 0 0
B@CP 1446 0.0890316023 0.232363877 -0.339962491 0 0 0
B@CP 1453 0.221646021 -0.338280519 0.137446662 0 0 0
B@CP 1454 0.268232096 -0.18261251 0.277601973 0 0 0
B@CP 1456 -0.356567502 -0.0866592811 -0.0968583329 0 0 0
B@CP 1461 -0.212297826 -0.178656782 -0.116182021 0 0 0
B@CP 1462 -0.0187450609 0.216881809 -0.0417565767 0 0 0
B@CP 1463 0.0565161299 -0.0914606879 -0.442178451 0 0 0
B@CP 1467 0.00540610508 -0.195922101 -0.270065588 0 0 0
B@CP 1469 -0.0782247063 -0.194080176 0.342525542 0 0 0
B@CP 1472 -0.228060338 0.40227387 0.0725164457 0 0 0
B@CP 1473 -0.272132646 -0.187242199 0.119096594 0 0 0
B@CP 1477 0.134988933 -0.106400755 0.209866369 0 0 0
B@CP 1478 -0.0205703031 -0.246407369 0.351804192 0 0 0
B@CP 1481 -0.0166852027 -0.100837261 -0.209609881 0 0 0
B@CP 1484 -0.37260416 -0.163866703 -0.0364860643 0 0 0
B@CP 1486 -0.217074066 0.198603266 0.251727157 0 0 0
B@CP 1487 0.101890538 0.106181967 -0.395085068 0 0 0
B@CP 1488 -0.0859689516 0.13331901 0.422278449 0 0 0
B@CP 1492 0.0422997778 0.0182341418 -0.192270345 0 0 0
B@CP 1493 0.36281632 0.0107926998 0.27662786 0 0 0
B@CP 1495 -0.284782691 0.0959900671 -0.138204096 0 0 0
B@CP 1499 -0.130957495 -0.368605873 -0.152295818 0 0 0
B@CP 1501 0.36035181 0.235375484 -0.0618310849 0 0 0
B@CP 1503 -0.189431016 0.0602169131 -0.330655675 0 0 0
B@CP 1506 -0.0193256148 -0.328600713 0.288904801 0 0 0
B@CP 1507 -0.121440243 -0.19873564 0.0101365675 0 0 0
B@CP 1508 0.114142286 0.177466339 -0.116483464 0 0 0
B@CP 1512 -0.00759738221 -0.035586637 0.35470456 0 0 0
B@CP 1516 0.264268046 0.126567462 0.0735846988 0 0 0
B@CP 1518 -0.228608205 -0.07678825 0.380775422 0 0 0
B@CP 1523 0.438172293 -0.131820943 -0.0375197767 0 0 0
B@CP 1524 -0.0390811962 -0.233746974 0.0794826934 0 0 0
B@CP 1526 -0.059198982 -0.388288911 0.0737111552 0 0 0
B@CP 1530 0.000157185226 -0.154305508 0.244287976 0 0 0
B@CP 1531 0.0529167118 -0.310509097 0.0700698909 0 0 0
B@CP 1532 -0.265463779 -0.0671943916 0.172556702 0 0 0
B@CP 1534 0.0630836424 -0.323689952 0.0913870035 0 0 0
B@CP 1535 -0.0168259364 -0.0537100431 -0.0692868153 0 0 0
B@CP 1536 0.0409564336 0.268009139 0.179785541 0 0 0
B@CP 1541 0.209804575 0.0488554876 -0.375436184 0 0 0
B@CP 1542 0.0405093542 -0.371980716 0.274700084 0 0 0
B@CP 1543 -0.283039332 -0.231564074 -0.15757384 0 0 0
B@CP 1546 -0.352164884 -0.106493323 0.182312317 0 0 0
B@CP 1556 -0.378562077 0.024166613 0.118251868 0 0 0
B@CP 1557 0.422763225 0.108079341 -0.0583980059 0 0 0
B@CP 1558 0.0579248704 -0.0500910721 -0.41153134 0 0 0
B@CP 1565 -0.141080563 -0.119427636 -0.108540735 0 0 0
B@CP 1568 -0.317422138 -0.0119622992 -0.189551781 0 0 0
B@CP 1573 0.460977622 -0.0567896393 -0.00158664682 0 0 0
B@CP 1578 0.226672952 0.137943921 0.372513306 0 0 0
B@CP 1586 0.169310121 -0.135124834 0.237628412 0 0 0
B@CP 1597 0.330635607 -0.0416242911 -0.178250632 0 0 0
B@CP 1599 -0.278736886 -0.250578089 -0.101789361 0 0 0
B@CP 1600 0.305587557 0.289963383 -0.00545175847 0 0 0
B@CP 1602 -0.335416357 -0.132055116 0.0289946996 0 0 0
B@CP 1603 -0.104073732 -0.379570081 -0.0764832607 0 0 0
B@CP 1604 -0.326148059 -0.117079978 -0.0850583488 0 0 0
B@CP 1605 0.107214611 0.144466908 0.0330510902 0 0 0
B@CP 1611 -0.258661173 0.0588764462 0.190454559 0 0 0
B@CP 1625 -0.39658839 0.0967810234 0.03700107 0 0 0
B@CP 1635 -0.311138909 0.273596566 -0.00987143387 0 0 0
B@CP 1637 -0.135453988 0.386047683 0.263469256 0 0 0
B@CP 1638 0.108475992 -0.189114358 -0.0121596935 0 0 0
B@CP 1640 -0.185932093 -0.399377065 0.14719333 0 0 0
B@CP 1641 -0.167483387 0.177297776 -0.250807059 0 0 0
B@CP 1646 0.194384319 -0.314328498 -0.274082743 0 0 0
B@CP 1650 0.334555944 -0.00160468404 0.0358721012 0 0 0
B@CP 1651 -0.055965499 0.455705358 0.0461844196 0 0 0
B@CP 1652 -0.352154665 -0.110368582 0.0937361248 0 0 0
B@CP 1656 0.225389467 0.280892818 -0.0203035287 0 0 0
B@CP 1665 -0.209622137 -0.227880068 0.317241986 0 0 0
B@CP 1670 0.280139163 -0.34736094 0.0739434778 0 0 0
B@CP 1671 -0.438051058 0.0200635213 0.110630631 0 0 0
B@CP 1674 -0.284717711 0.309522484 0.112424209 0 0 0
B@CP 1676 0.00138216076 -0.257706864 0.0286437675 0 0 0
B@CP 1681 -0.0085709061 -0.0516013984 -0.266771173 0 0 0
B@CP 1684 -0.406512989 -0.197406908 -0.114789054 0 0 0
B@CP 1687 0.207659195 -0.0963012195 -0.33207246 0 0 0
B@CP 1690 -0.0333138355 -0.086826303 -0.314964257 0 0 0
B@CP 1692 0.315177364 -0.155621539 -0.150612733 0 0 0
B@CP 1693 -0.122038575 0.32561292 0.102592418 0 0 0
B@CP 1695 0.00133748771 -0.293210923 0.194322055 0 0 0
B@CP 1696 0.00991786368 -0.397378192 0.109738471 0 0 0
B@CP 1697 -0.264079721 0.0639899658 0.12011001 0 0 0
B@CP 1698 0.133455209 -0.379111927 -0.00772202667 0 0 0
B@CP 1699 0.0131879811 0.223385311 -0.394180502 0 0 0
B@CP 1702 -0.17426728 0.389331525 0.182701839 0 0 0
B@CP 1707 0.130332426 -0.113370862 0.213359076 0 0 0
B@CP 1708 -0.144020875 0.0785139564 -0.203368758 0 0 0
B@CP 1710 -0.0684582861 0.319506219 -0.172046492 0 0 0
B@CP 1714 -0.0736543134 -0.369270603 -0.189831942 0 0 0
B@CP 1715 -0.143877782 0.00330428867 -0.180273457 0 0 0
B@CP 1724 0.0913367663 -0.104326774 -0.30505987 0 0 0
B@CP 1725 -0.00770409426 -0.231808378 -0.330821122 0 0 0
B@CP 1726 0.0377179534 0.364625958 0.064067444 0 0 0
B@CP 1731 -0.0520786129 -0.0998357901 0.0478860341 0 0 0
B@CP 1733 -0.166203051 0.173616919 0.161455823 0 0 0
B@CP 1735 0.0546793511 -0.24438614 0.0208388358 0 0 0
B@CP 1741 0.0504745005 -0.161662153 0.0375170667 0 0 0
B@CP 1742 0.0364054389 -0.106370118 0.363314972 0 0 0
B@CP 1745 0.0563553915 -0.174811134 -0.175473728 0 0 0
B@CP 1747 0.279395621 0.151345855 -0.0219049141 0 0 0
B@CP 1750 0.241776549 -0.237251107 -0.291289106 0 0 0
B@CP 1751 -0.361973865 0.00394596932 0.208493463 0 0 0
B@CP 1755 -0.330883557 -0.10490346 0.152900042 0 0 0
B@CP 1757 0.0176643528 -0.219575796 0.0257253162 0 0 0
B@CP 1762 0.151973554 0.0105045759 -0.323686722 0 0 0
B@CP 1767 0.2942947 -0.102420117 -0.205102473 0 0 0
B@CP 1770 0.159686494 0.428738573 0.08330551 0 0 0
B@CP 1778 -0.0844902248 0.146982891 -0.0386261158 0 0 0
B@CP 1779 -0.0847034668 -0.20471707 -0.00849330181 0 0 0
B@CP 1782 0.141811452 -0.301745807 -0.0648311767 0 0 0
B@CP 1784 0.181436625 -0.289692501 0.0236698277 0 0 0
B@CP 1793 0.290479481 -0.239891108 0.140314625 0 0 0
B@CP 1800 0.124462763 0.191967572 -0.109892933 0 0 0
B@CP 1803 -0.0283820643 0.0364687562 0.0534940711 0 0 0
B@CP 1804 0.245606414 -0.0668061086 -0.0236078767 0 0 0
B@CP 1814 -0.0426987184 0.363355356 0.239525568 0 0 0
B@CP 1816 0.14725252 0.38863161 -0.0549297457 0 0 0
B@CP 1820 0.170442754 0.0874441174 -0.307924404 0 0 0
B@CP 1822 -0.00221232288 -0.0575242802 -0.0742556915 0 0 0
B@CP 1827 0.111653673 0.0419366747 0.187193745 0 0 0
B@CP 1828 0.0187302138 0.345098622 -0.0641532925 0 0 0
B@CP 1835 0.225643785 -0.0117384855 -0.0627299797 0 0 0
B@CP 1837 -0.0252231158 -0.00506103859 0.112853759 0 0 0
B@CP 1842 -0.266566344 -0.230680297 0.0744131973 0 0 0
B@CP 1843 0.304280504 0.139647551 0.186861513 0 0 0
B@CP 1845 -0.252054183 -0.0493798194 0.326801407 0 0 0
B@CP 1848 -0.201247955 -0.0464218505 -0.342117575 0 0 0
B@CP 1852 0.246673496 0.337941973 0.132402779 0 0 0
B@CP 1856 0.0083432917 -0.0607971928 0.422569301 0 0 0
B@CP 1858 0.0239726138 0.138399706 -0.094712167 0 0 0
B@CP 1859 -0.0133844156 -0.0818949967 -0.377062504 0 0 0
B@CP 1862 0.100639843 0.309858754 0.150560814 0 0 0
B@CP 1863 0.201610107 0.239895085 0.0137283756 0 0 0
B@CP 1864 -0.189582161 0.280227568 0.0235080906 0 0 0
B@CP 1867 -0.193075383 0.00327500622 -0.0426839503 0 0 0
B@CP 1871 -0.117328465 -0.226072336 -0.0488854976 0 0 0
B@CP 1873 -0.168649596 -0.225962629 -0.137645744 0 0 0
B@CP 1876 0.151755375 -0.21899973 -0.135889514 0 0 0
B@CP 1878 0.195029557 0.171982202 0.335606617 0 0 0
B@CP 1883 0.020128036 0.291341674 0.231061691 0 0 0
B@CP 1886 0.261814316 0.252145067 0.0234568226 0 0 0
B@CP 1891 -0.146342457 0.204793592 -0.129674272 0 0 0
B@CP 1893 -0.104104177 -0.10564478 0.194019168 0 0 0
B@CP 1894 0.205487724 0.238111329 -0.0607803322 0 0 0
B@CP 1897 -0.0580802832 0.00231369296 0.348529344 0 0 0
B@CP 1901 0.109911751 -0.0816273079 -0.0565126415 0 0 0
B@CP 1903 0.164991965 0.0161135821 -0.165445053 0 0 0
B@CP 1905 -0.35893818 0.0109625984 -0.188454487 0 0 0
B@CP 1908 -0.250568271 0.0520208171 0.321258753 0 0 0
B@CP 1913 -0.0121983744 0.0429195288 0.117314214 0 0 0
B@CP 1914 -0.10221664 -0.41167986 -0.0922783712 0 0 0
B@CP 1918 -0.00946105992 -0.302273269 0.31580278 0 0 0
B@CP 1919 0.0163856668 -0.112499165 -0.195373852 0 0 0
B@CP 1924 0.0353816099 -0.386938251 -0.245220074 0 0 0
B@CP 1926 0.26012219 0.328215879 -0.192046321 0 0 0
B@CP 1927 0.0939388058 0.0730544239 -0.199425875 0 0 0
B@CP 1929 -0.273160738 -0.00214112067 0.329055065 0 0 0
B@CP 1936 0.280569713 0.207775698 0.122192991 0 0 0
B@CP 1940 -0.435202907 -0.0846165564 -0.115148557 0 0 0
B@CP 1941 -0.349063866 0.0355320763 0.295999711 0 0 0
B@CP 1944 -0.0633546497 0.357687951 0.067384167 0 0 0
B@CP 1945 -0.290424504 -0.252698708 0.199514786 0 0 0
B@CP 1948 0.204156456 -0.393656914 -0.123098325 0 0 0
B@CP 1949 0.261063221 0.072869563 0.380996518 0 0 0
B@CP 1953 0.196747517 -0.158382301 -0.237341705 0 0 0
B@CP 1958 -0.162435564 -0.419220813 -0.120873646 0 0 0
B@CP 1959 -0.315182789 -0.032729349 -0.0627462096 0 0 0
B@CP 1961 -0.255471019 0.281050743 0.145029078 0 0 0
B@CP 1963 -0.156567164 0.29073245 0.144478008 0 0 0
B@CP 1964 0.0909232296 -0.066394978 0.153142789 0 0 0
B@CP 1966 -0.2983801 -0.0840314161 -0.356810479 0 0 0
B@CP 1968 0.110185957 -0.172774471 -0.140446524 0 0 0
B@CP 1969 -0.227184917 -0.00370998108 0.00748237704 0 0 0
B@CP 1970 0.033645768 -0.0432354555 0.268680049 0 0 0
B@CP 1972 -0.255569706 0.032586855 -0.155093974 0 0 0
B@CP 1973 -0.118735138 -0.302363163 0.141960938 0 0 0
B@CP 1978 -0.0180719017 0.00927896646 -0.0694728839 0 0 0
B@CP 1979 0.18451243 0.0338085146 0.0535121645 0 0 0
B@CP 1987 -0.176037536 -0.329592039 -0.220074383 0 0 0
B@CP 1989 0.374258954 -0.133067407 -0.187139257 0 0 0
B@CP 1992 0.201761194 -0.11372166 0.195849611 0 0 0
B@CP 1996 -0.0376888085 -0.250100454 -0.295170811 0 0 0
B@CP 1997 -0.135962981 0.125185795 0.153335432 0 0 0
B@CP 2003 0.118732707 0.157903294 -0.0683996423 0 0 0
B@CP 2006 -0.196033098 -0.372352051 -0.201526927 0 0 0
B@CP 2008 0.154481129 0.0194881911 -0.10623353 0 0 0
B@CP 2009 0.241106357 0.297654006 0.128375505 0 0 0
B@CP 2011 -0.00782240292 -0.297146826 -0.0860777904 0 0 0
B@CP 2013 0.00953231015 -0.242032645 0.240961638 0 0 0
B@CP 2014 -0.349678798 0.0407617444 0.294034666 0 0 0
B@CP 2015 0.0302837188 -0.397776485 0.0287877051 0 0 0
B@CP 2016 0.15881712 -0.118842753 -0.012397322 0 0 0
B@CP 2020 0.354020882 -0.213419024 0.186555773 0 0 0
B@CP 2024 0.0809694922 -0.389025848 0.127628776 0 0 0
B@CP 2025 -0.0690372592 -0.0500367624 0.428799589 0 0 0
B@CP 2027 0.0663786212 0.252729398 0.0410206167 0 0 0
B@CP 2028 0.0442809996 0.244326841 -0.340229669 0 0 0
B@CP 2035 0.38075222 0.0731254346 0.197193507 0 0 0
B@CP 2039 0.0698709841 0.330563879 0.0522922666 0 0 0
B@CP 2041 -0.0594814936 -0.0035602866 0.395464486 0 0 0
B@CP 2043 -0.0684083585 -0.237522061 -0.113352752 0 0 0
B@CP 2044 0.141311661 0.193431818 0.408332136 0 0 0
B@CP 2045 -0.0774676728 0.384204844 -0.119944513 0 0 0
B@CP 2062 0.216592899 -0.195629705 -0.307510359 0 0 0
B@CP 2063 -0.120236666 -0.376906178 -0.10222088 0 0 0
B@CP 2066 0.0868101491 -0.177816219 -0.168851086 0 0 0
B@CP 2068 0.025394572 0.19425586 -0.264220833 0 0 0
B@CP 2072 0.314435818 -0.0635992014 -0.224547875 0 0 0
B@CP 2074 0.110269746 0.256441904 0.265288598 0 0 0
B@CP 2076 0.0506839681 -0.22909144 -0.0374102913 0 0 0
B@CP 2079 -0.0399432213 -0.357695975 0.0385758662 0 0 0
B@CP 2086 -0.420834074 0.0136170106 0.224934357 0 0 0
B@CP 2088 0.064219719 -0.159646248 0.376598818 0 0 0
B@CP 2092 0.0778761328 -0.410054734 -0.121872443 0 0 0
B@CP 2093 0.213259859 -0.0155375069 0.378331615 0 0 0
B@CP 2099 -0.132978323 0.113256875 0.407975527 0 0 0
B@CP 2107 -0.0367883881 -0.105236155 0.394162661 0 0 0
B@CP 2114 0.149379393 -0.186590809 -0.232159985 0 0 0
B@CP 2115 0.172939518 0.358294407 0.0730993796 0 0 0
B@CP 2117 -0.225847735 0.34509459 0.228195636 0 0 0
B@CP 2119 -0.220322741 -0.101093204 -0.349500413 0 0 0
B@CP 2120 -0.333821079 0.0266805801 -0.0271192145 0 0 0
B@CP 2122 0.284985743 -0.299253041 0.147811832 0 0 0
B@CP 2126 0.237543932 -0.233670282 0.272785778 0 0 0
B@CP 2130 0.183939179 0.0111436262 0.37195174 0 0 0
B@CP 2131 0.221559572 -0.261072833 -0.287631478 0 0 0
B@CP 2132 0.0842424377 -0.245383663 0.175287138 0 0 0
B@CP 2134 0.258766665 -0.218937095 -0.0816141422 0 0 0
B@CP 2136 -0.313508976 -0.216992603 0.0685521482 0 0 0
B@CP 2137 -0.112107835 0.0364896825 -0.124534139 0 0 0
B@CP 2138 -0.105834269 0.137441418 0.172955558 0 0 0
B@CP 2143 0.333010328 -0.22612668 -0.0143722455 0 0 0
B@CP 2151 0.213181006 -0.330031731 0.229372521 0 0 0
B@CP 2152 -0.0179257843 -0.260431207 0.0881903094 0 0 0
B@CP 2163 0.262853632 0.00253538805 0.322809073 0 0 0
B@CP 2169 -0.367082636 0.132851297 -0.056119026 0 0 0
B@CP 2174 -0.244349836 -0.350313124 0.0273763261 0 0 0
B@CP 2175 0.25461169 -0.371022294 0.126973968 0 0 0
B@CP 2177 0.00279016891 -0.363769357 -0.0249943669 0 0 0
B@CP 2183 0.298234119 0.0548668238 0.144720411 0 0 0
B@CP 2184 0.15396956 0.404780771 -0.0405581194 0 0 0
B@CP 2195 0.124748414 -0.113627336 0.344870009 0 0 0
B@CP 2201 0.0558392535 -0.2825518 -0.280871568 0 0 0
B@CP 2202 0.211453409 0.124524848 -0.173480048 0 0 0
B@CP 2205 -0.442826345 -0.033321705 0.130924482 0 0 0
B@CP 2206 -0.0596670614 0.030936026 0.463144149 0 0 0
B@CP 2209 -0.0070464901 0.264304875 -0.101031112 0 0 0
B@CP 2211 0.0302334581 -0.165156516 0.316012206 0 0 0
B@CP 2212 -0.00909251197 0.293511923 0.22386864 0 0 0
B@CP 2214 0.435175041 0.0211133418 -0.115960347 0 0 0
B@CP 2215 0.174642347 0.340975695 -0.00830517685 0 0 0
B@CP 2223 0.434441727 0.0563025804 -0.149138001 0 0 0
B@CP 2225 -0.334564947 0.0397195259 0.216914497 0 0 0
B@CP 2228 -0.301210474 0.135436076 0.14126435 0 0 0
B@CP 2233 0.231461329 0.349248578 0.203252509 0 0 0
B@CP 2245 -0.19460786 -0.264266436 -0.2144015 0 0 0
B@CP 2248 -0.112342451 0.404213365 -0.0326524073 0 0 0
B@CP 2251 -0.150017985 -0.0860940583 0.394668855 0 0 0
B@CP 2253 0.0497997765 0.419795998 0.131638396 0 0 0
B@CP 2254 -0.274732268 -0.35877798 0.0635104425 0 0 0
B@CP 2259 0.311486051 -0.060323322 -0.0932995094 0 0 0
B@CP 2260 -0.00224655249 0.0865675623 0.0930409813 0 0 0
B@CP 2262 0.37851938 -0.127982397 0.184298699 0 0 0
B@CP 2265 -0.23766651 -0.173372891 0.24894616 0 0 0
B@CP 2267 -0.20981839 -0.220035826 -0.0899016697 0 0 0
B@CP 2268 0.0669507414 0.108428293 0.396481914 0 0 0
B@CP 2272 0.272916655 0.358690826 -0.069799942 0 0 0
B@CP 2273 0.161686498 0.381882521 -0.111584152 0 0 0
B@CP 2274 -0.421506427 0.0413096713 0.0696547791 0 0 0
B@CP 2278 -0.177459567 0.03661081 -0.383155572 0 0 0
B@CP 2279 -0.119318574 -0.215773991 -0.097540586 0 0 0
B@CP 2280 0.0255734919 0.146375856 0.30484933 0 0 0
B@CP 2281 0.265339883 -0.193537655 0.0552390128 0 0 0
B@CP 2283 0.0208895331 0.326526074 0.20510213 0 0 0
B@CP 2285 -0.269017163 -0.314239061 0.134413961 0 0 0
B@CP 2291 -0.382610379 -0.0397070476 -0.151538317 0 0 0
B@CP 2293 0.00854827025 -0.117360017 -0.29772863 0 0 0
B@CP 2294 -0.0258981795 -0.0202130888 -0.30788104 0 0 0
B@CP 2299 -0.0020097731 0.000984929536 -0.185276704 0 0 0
B@CP 2301 0.036426521 -0.397653925 0.0712518771 0 0 0
B@CP 2310 -0.219283134 -0.0726635297 0.112628504 0 0 0
B@CP 2313 0.294208989 -0.0684120557 -0.248205617 0 0 0
B@CP 2316 -0.0163819552 -0.451103947 -0.0103179361 0 0 0
B@CP 2318 0.0668459142 -0.102198644 -0.385739226 0 0 0
B@CP 2319 -0.217944421 0.224490841 0.312236787 0 0 0
B@CP 2321 -0.26190128 0.206820365 -0.286369398 0 0 0
B@CP 2323 0.326110831 -0.230698673 -0.103944422 0 0 0
B@CP 2325 0.0283502018 -0.0274084254 0.071832547 0 0 0
B@CP 2332 -0.254802451 0.0354845616 0.0416627209 0 0 0
B@CP 2339 0.405281052 -0.0236877589 -0.0747714052 0 0 0
B@CP 2343 0.168438054 -0.0124710151 0.158258039 0 0 0
B@CP 2345 0.212335156 -0.0331393201 0.0902320343 0 0 0
B@CP 2346 0.198102882 -0.195008244 0.158891077 0 0 0
B@CP 2347 -0.0509595391 0.132402847 -0.242738066 0 0 0
B@CP 2348 -0.300421464 -0.0669697198 0.0917639466 0 0 0
B@CP 2349 0.00683040375 -0.276935146 -0.066894535 0 0 0
B@CP 2354 -0.208361427 -0.234199691 0.129848844 0 0 0
B@CP 2355 -0.160248665 0.34820873 -0.238293119 0 0 0
B@CP 2360 0.360881522 -0.184669058 -0.0060436615 0 0 0
B@CP 2361 -0.125921549 0.041371295 0.202120574 0 0 0
B@CP 2365 -0.296913178 -0.159297793 0.140141718 0 0 0
B@CP 2369 -0.0309423904 0.0378698434 0.134391475 0 0 0
B@CP 2374 0.0527728115 -0.256187765 -0.21887487 0 0 0
B@CP 2376 -0.212103086 -0.225672317 -0.185699749 0 0 0
B@CP 2378 0.124452233 0.265386165 -0.220477288 0 0 0
B@CP 2379 0.230049851 0.247194657 0.182927434 0 0 0
B@CP 2381 -0.183283527 0.290263454 0.281815937 0 0 0
B@CP 2389 -0.0810498753 -0.421586725 0.160422985 0 0 0
B@CP 2390 -0.202187729 -0.273580995 -0.0436440267 0 0 0
B@CP 2394 -0.163770318 -0.249655012 -0.35896409 0 0 0
B@CP 2395 -0.10599484 -0.0021103732 -0.3496143 0 0 0
B@CP 2396 0.120530685 0.202591821 0.0329438441 0 0 0
B@CP 2398 -0.0819803938 0.132604459 0.0121019138 0 0 0
B@CP 2407 -0.203272957 -0.250715145 -0.259813758 0 0 0
B@CP 2409 0.322814255 -0.127306167 0.274525455 0 0 0
B@CP 2413 -0.020331724 -0.298087894 0.367805275 0 0 0
B@CP 2414 0.0927768036 0.281812774 0.195094906 0 0 0
B@CP 2415 0.109623656 -0.0374468149 -0.108939165 0 0 0
B@CP 2421 -0.0825395156 0.203926468 -0.248644408 0 0 0
B@CP 2423 -0.116955493 -0.350626966 0.26944886 0 0 0
B@CP 2428 0.135768247 -0.181841874 -0.194819428 0 0 0
B@CP 2431 0.352974714 0.209208022 -0.183223868 0 0 0
B@CP 2432 -0.210650206 0.207614507 -0.13325394 0 0 0
B@CP 2435 -0.0487029462 0.218980857 0.406655416 0 0 0
B@CP 2437 -0.148140036 0.123344944 -0.210253488 0 0 0
B@CP 2438 -0.0112703125 0.0601863723 0.0459453714 0 0 0
B@CP 2439 0.154897779 0.356439932 0.0415101469 0 0 0
B@CP 2440 -0.0085496859 0.23671387 -0.133943039 0 0 0
B@CP 2444 0.157536363 -0.256818357 -0.295226716 0 0 0
B@CP 2445 -0.068154466 -0.313238557 -0.0842354759 0 0 0
B@CP 2451 -0.342005484 -0.109960252 -0.0753036766 0 0 0
B@CP 2455 -0.0707906584 -0.167110094 -0.127505387 0 0 0
B@CP 2459 -0.0637628745 0.300728617 0.267678511 0 0 0
B@CP 2462 -0.0701481755 -0.450920569 -0.067006566 0 0 0
B@CP 2463 -0.351873183 0.039026867 0.254241083 0 0 0
B@CP 2465 -0.283228349 -0.192883684 -0.178511227 0 0 0
B@CP 2467 -0.0512314681 0.0205975206 0.381625042 0 0 0
B@CP 2471 0.223019375 0.302239739 -0.263742273 0 0 0
B@CP 2472 0.287165621 0.142307021 -0.349559272 0 0 0
B@CP 2477 0.286472144 -0.0899455018 0.218493314 0 0 0
B@CP 2478 0.161559137 0.0249328442 -0.423085094 0 0 0
B@CP 2486 0.268061058 0.016469248 0.266713419 0 0 0
B@CP 2488 0.213321013 0.0505349427 -0.291293668 0 0 0
B@CP 2490 -0.312225059 0.028518988 -0.145458681 0 0 0
B@CP 2496 -0.311932942 0.157172902 -0.124745681 0 0 0
B@CP 2499 -0.0166818763 -0.0555144021 0.271949658 0 0 0
C@CP 2500 -0.0243731403 -0.0614888436 -0.391613891 0 0 0
C@CP 2501 0.0237241711 -0.229558703 -0.0733935872 0 0 0
C@CP 2502 -0.122019345 -0.209265962 0.368326868 0 0 0
C@CP 2503 0.281868546 -0.291637636 -0.0994210122 0 0 0
C@CP 2504 -0.245736872 0.303425119 -0.0662272672 0 0 0
C@CP 2505 -0.161716496 -0.0247891338 0.400587549 0 0 0
C@CP 2506 0.156981428 -0.24807853 0.142074936 0 0 0
C@CP 2507 -0.169617112 0.242344908 0.312697482 0 0 0
C@CP 2508 0.305640887 0.102101881 -0.181263353 0 0 0
C@CP 2509 0.32853475 0.0545776638 -0.163105961 0 0 0
C@CP 2510 0.0838106189 -0.162359894 -0.292161049 0 0 0
C@CP 2511 0.273077065 -0.148805126 0.186134634 0 0 0
C@CP 2512 0.0462918895 -0.0286075957 -0.0654504994 0 0 0
C@CP 2513 -0.362693365 -0.00787836438 0.216874358 0 0 0
C@CP 2514 0.154895464 0.140429744 0.00701147334 0 0 0
C@CP 2515 0.0534725034 -0.0876638308 0.241690229 0 0 0
C@CP 2516 -0.0594982854 -0.0453221916 0.452745627 0 0 0
C@CP 2517 -0.380736836 -0.243659637 0.143842782 0 0 0
C@CP 2518 -0.34797039 0.193235938 -0.058612037 0 0 0
C@CP 2519 -0.124381586 -0.170475093 0.0274316062 0 0 0
C@CP 2520 -0.00672804337 0.1736547 -0.258460388 0 0 0
C@CP 2521 0.163077096 -0.0921024455 0.104952753 0 0 0
C@CP 2522 -0.0613217435 -0.146210951 0.213957074 0 0 0
C@CP 2523 -0.196467562 -0.311617389 -0.138878066 0 0 0
C@CP 2524 0.152960512 -0.0288528369 0.0246072274 0 0 0
C@CP 2525 0.144232886 0.425198225 0.00883276328 0 0 0
C@CP 2526 0.0558867918 0.248282571 -0.336842787 0 0 0
C@CP 2527 0.16276951 -0.0162839621 -0.375167568 0 0 0
C@CP 2528 -0.273184442 0.114149517 0.281932826 0 0 0
C@CP 2529 -0.0402875062 0.00774377343 0.00785915269 0 0 0
C@CP 2530 0.185669614 -0.323084537 0.19124769 0 0 0
C@CP 2531 0.308474314 -0.351103301 -0.010697531 0 0 0
C@CP 2532 -0.150710093 0.0891565244 -0.13796944 0 0 0
C@CP 2533 0.0800326132 0.00128925448 -0.11178379 0 0 0
C@CP 2534 -0.19695461 0.125127141 0.178217143 0 0 0
C@CP 2535 0.0855876418 0.0438253894 0.123339904 0 0 0
C@CP 2536 0.210743416 -0.0890478814 0.312519024 0 0 0
C@CP 2537 0.222420322 -0.336134007 -0.113753671 0 0 0
C@CP 2538 -0.353551972 0.148613787 -0.124098325 0 0 0
C@CP 2539 0.255124791 -0.00793814874 0.0969322743 0 0 0
C@CP 2540 -0.0805230423 0.299894703 -0.28994374 0 0 0
C@CP 2541 0.370396568 0.0585789499 -0.0359869073 0 0 0
C@CP 2542 -0.134109751 -0.0408276358 0.317856313 0 0 0
C@CP 2543 0.1670943 -0.140006775 0.228472625 0 0 0
C@CP 2544 -0.0318837936 0.0349955791 -0.353040879 0 0 0
C@CP 2545 0.119409449 0.314923501 0.090419461 0 0 0
C@CP 2546 0.0193010872 0.016695627 0.0439376334 0 0 0
C@CP 2547 -0.363113885 -0.183252508 -0.0730869712 0 0 0
C@CP 2548 -0.104861462 0.0936492654 0.157748773 0 0 0
C@CP 2549 -0.0715281046 0.0142392196 0.43568322 0 0 0
C@CP 2550 -0.18995444 -0.162573461 -0.267510706 0 0 0
C@CP 2551 0.180321056 0.162669473 -0.257124953 0 0 0
C@CP 2552 0.136799958 -0.0702604806 0.383957452 0 0 0
C@CP 2553 -0.003287077 0.0880290184 0.428707391 0 0 0
C@CP 2554 -0.282190407 0.101284852 0.110971428 0 0 0
C@CP 2555 -0.00840736928 0.0107472521 -0.307450912 0 0 0
C@CP 2556 0.27010246 0.0758911557 0.25310841 0 0 0
C@CP 2557 0.0449089984 0.235106958 0.243673711 0 0 0
C@CP 2558 0.203252117 0.00426425792 -0.10128374 0 0 0
C@CP 2559 -0.196703284 0.186343371 -0.318697441 0 0 0
C@CP 2560 0.0562007303 -0.171983336 0.321128974 0 0 0
C@CP 2561 -0.30515317 0.268197668 -0.14036983 0 0 0
C@CP 2562 -0.00282417756 0.256949475 -0.203706109 0 0 0
C@CP 2563 -0.335840184 -0.06692294 -0.23677185 0 0 0
C@CP 2564 0.22263312 0.347654463 -0.0654012615 0 0 0
C@CP 2565 -0.187056029 0.197827326 -0.285843259 0 0 0
C@CP 2566 0.0692795497 -0.0131838439 0.0935537066 0 0 0
C@CP 2567 0.101997924 -0.406439504 0.00762277934 0 0 0
C@CP 2568 -0.161052856 -0.201875873 0.00379752844 0 0 0
C@CP 2569 0.128866046 0.224508581 -0.290818084 0 0 0
C@CP 2570 0.0656750638 0.199426666 0.00945797056 0 0 0
C@CP 2571 0.0470827745 0.124420272 -0.349391247 0 0 0
C@CP 2572 0.121893997 0.229719973 0.046784619 0 0 0
C@CP 2573 0.237699773 0.0532910199 0.126688288 0 0 0
C@CP 2574 0.0252497061 0.213769748 0.118423875 0 0 0
C@CP 2575 -0.200378309 -0.296346501 -0.176820157 0 0 0
C@CP 2576 0.227413322 -0.299605089 0.0732799533 0 0 0
C@CP 2577 -0.185943777 -0.266442246 0.285955022 0 0 0
C@CP 2578 -0.086356959 -0.290905447 0.272237871 0 0 0
C@CP 2579 0.0641914658 0.00526771308 -0.113384398 0 0 0
C@CP 2580 0.302105101 -0.357153836 0.0344670842 0 0 0
C@CP 2581 0.140182196 -0.258411484 -0.0193488499 0 0 0
C@CP 2582 0.262281833 -0.134811188 0.195257579 0 0 0
C@CP 2583 -0.0470042705 0.354009848 -0.270750008 0 0 0
C@CP 2584 0.101935449 0.247196871 -0.197455731 0 0 0
C@CP 2585 -0.0981130064 -0.00690379907 -0.43864196 0 0 0
C@CP 2586 -0.157013188 0.346951422 -0.0158570018 0 0 0
C@CP 2587 0.207073314 0.138841097 -0.250764991 0 0 0
C@CP 2588 -0.190719128 0.241720649 0.0446473337 0 0 0
C@CP 2589 0.0792079638 0.0980187395 -0.249944487 0 0 0
C@CP 2590 -0.411565374 0.0467703345 0.152416164 0 0 0
C@CP 2591 -0.119277198 -0.192471173 0.205173109 0 0 0
C@CP 2592 -0.0193935619 -0.181191286 0.0232240209 0 0 0
C@CP 2593 0.0441784212 0.101187809 -0.409910309 0 0 0
C@CP 2594 -0.223007374 -0.114117938 -0.200255543 0 0 0
C@CP 2595 0.239788849 -0.0401421614 0.012504092 0 0 0
C@CP 2596 0.0662352054 0.0553224073 0.113626057 0 0 0
C@CP 2597 0.180069462 -0.250104626 0.215592559 0 0 0
C@CP 2598 -0.110952407 0.012779626 -0.400887262 0 0 0
C@CP 2599 0.0464866012 -0.222115186 -0.392695016 0 0 0
C@CP 2600 -0.383961133 0.194715686 -0.183211326 0 0 0
C@CP 2601 -0.0238551281 0.285066295 0.293084167 0 0 0
C@CP 2602 -0.362979957 -0.00379649643 -0.0397121203 0 0 0
C@CP 2603 -0.314783349 0.171786186 -0.209008713 0 0 0
C@CP 2604 -0.0065122387 0.156786081 0.416712632 0 0 0
C@CP 2605 -0.109443153 0.34787005 -0.260088957 0 0 0
C@CP 2606 -0.451978101 -0.062555461 -0.095649009 0 0 0
C@CP 2607 0.121248536 -0.0703306402 -0.253393451 0 0 0
C@CP 2608 0.317914368 0.0457946217 -0.235952674 0 0 0
C@CP 2609 0.240916211 -0.024066612 -0.00123712113 0 0 0
C@CP 2610 -0.3495859 -0.168558976 0.175957928 0 0 0
C@CP 2611 0.313208704 0.0503018674 -0.0193016004 0 0 0
C@CP 2612 -0.157956257 0.0766663962 0.180841132 0 0 0
C@CP 2613 0.23728429 -0.271017382 0.137915511 0 0 0
C@CP 2614 0.18413895 0.0568013174 -0.261218152 0 0 0
C@CP 2615 -0.227635332 -0.194367974 -0.112086519 0 0 0
C@CP 2616 -0.318848984 0.0760644751 -0.155497589 0 0 0
C@CP 2617 -0.0537724777 -0.270929768 -0.239484559 0 0 0
C@CP 2618 -0.179225673 -0.235594595 0.319071132 0 0 0
C@CP 2619 -0.121941501 -0.209959972 -0.137143268 0 0 0
C@CP 2620 0.218856111 0.0126989856 0.322125987 0 0 0
C@CP 2621 0.0399452153 0.103907951 -0.174753931 0 0 0
C@CP 2622 0.180231486 -0.219031575 -0.336478451 0 0 0
C@CP 2623 0.210398807 -0.138169708 -0.359790141 0 0 0
C@CP 2624 0.0747599125 -0.184274897 -0.198965614 0 0 0
C@CP 2625 0.222645698 0.234736589 0.177763287 0 0 0
C@CP 2626 0.30635728 -0.301934763 -0.0843255402 0 0 0
C@CP 2627 -0.186800254 -0.0148735513 -0.264520369 0 0 0
C@CP 2628 0.217801757 -0.200253904 0.199264168 0 0 0
C@CP 2629 0.276505173 -0.161090353 -0.136651998 0 0 0
C@CP 2630 -0.175873962 -0.143607743 -0.373485016 0 0 0
C@CP 2631 -0.0795286919 0.251172872 0.110869903 0 0 0
C@CP 2632 -0.0286722219 -0.208121978 0.0927902089 0 0 0
C@CP 2633 -0.290076912 -0.131125546 0.0725599772 0 0 0
C@CP 2634 0.0714242727 -0.152054419 -0.357846357 0 0 0
C@CP 2635 -0.131787497 0.272328997 -0.070844015 0 0 0
C@CP 2636 -0.408096343 -0.193224498 0.0913470061 0 0 0
C@CP 2637 -0.0638958725 0.216448223 -0.400774745 0 0 0
C@CP 2638 -0.082548154 -0.376629796 -0.0236072231 0 0 0
C@CP 2639 0.055974307 -0.170257271 -0.413972917 0 0 0
C@CP 2640 0.248264614 -0.144257732 -0.333340648 0 0 0
C@CP 2641 -0.179908922 0.132710968 0.412860879 0 0 0
C@CP 2642 -0.120102943 0.201061428 -0.153424471 0 0 0
C@CP 2643 0.336234569 0.248763322 0.16564967 0 0 0
C@CP 2644 0.319564015 -0.152483548 0.153465662 0 0 0
C@CP 2645 -0.119024653 -0.299611817 0.283625535 0 0 0
C@CP 2646 0.243363112 0.235368283 -0.196688667 0 0 0
C@CP 2647 -0.284420146 -0.123970621 -0.00076363491 0 0 0
C@CP 2648 0.349323501 -0.122093133 0.200258057 0 0 0
C@CP 2649 -0.36379974 0.160442619 -0.0406791482 0 0 0
C@CP 2650 0.081794056 -0.0540411829 -0.389726171 0 0 0
C@CP 2651 -0.0422131259 0.237460794 0.242294132 0 0 0
C@CP 2652 -0.127061341 -0.0339699689 -0.00750905726 0 0 0
C@CP 2653 -0.182580043 -0.12575265 -0.213669477 0 0 0
C@CP 2654 0.323658133 0.244155918 0.0294401416 0 0 0
C@CP 2655 -0.130729643 0.193336241 0.133761295 0 0 0
C@CP 2656 -0.11563641 0.235202227 0.34335225 0 0 0
C@CP 2657 -0.378866579 -0.210732658 -0.13966883 0 0 0
C@CP 2658 0.343216472 0.239756906 -0.0705571512 0 0 0
C@CP 2659 -0.217153581 -0.12620387 -0.0492606702 0 0 0
C@CP 2660 -0.324883119 -0.0272275524 -0.21929842 0 0 0
C@CP 2661 0.276487826 -0.102963237 0.354495862 0 0 0
C@CP 2662 0.278219362 0.331336298 -0.162266488 0 0 0
C@CP 2663 0.316027586 -0.30357502 0.0615477291 0 0 0
C@CP 2664 0.178715775 -0.13501849 -0.400375023 0 0 0
C@CP 2665 0.290238043 0.102470281 -0.300816183 0 0 0
C@CP 2666 -0.216132393 0.0170341134 0.280627649 0 0 0
C@CP 2667 0.0977518591 0.403592768 -0.170605277 0 0 0
C@CP 2668 0.430099605 -0.0586484229 -0.074612462 0 0 0
C@CP 2669 -0.270259921 -0.101617749 -0.159763435 0 0 0
C@CP 2670 0.0805533785 -0.182549695 0.365561775 0 0 0
C@CP 2671 -0.138470979 0.0439231945 0.165649772 0 0 0
C@CP 2672 0.333506733 0.164516093 0.254779553 0 0 0
C@CP 2673 -0.0708860198 0.162852732 0.367339764 0 0 0
C@CP 2674 -0.361082483 -0.189868131 -0.177255034 0 0 0
C@CP 2675 0.150086901 0.321142095 0.306825998 0 0 0
C@CP 2676 0.11284689 0.40785893 0.196141576 0 0 0
C@CP 2677 0.0252739728 0.350574553 -0.297296889 0 0 0
C@CP 2678 0.0542262402 -0.125092438 0.182104088 0 0 0
C@CP 2679 -0.187086811 -0.322642819 0.146246096 0 0 0
C@CP 2680 -0.328987446 0.248453021 0.0667624361 0 0 0
C@CP 2681 -0.103155382 0.0691872611 -0.198096501 0 0 0
C@CP 2682 -0.044116879 -0.346969267 -0.0957768085 0 0 0
C@CP 2683 0.292300057 -0.149225343 -0.109340895 0 0 0
C@CP 2684 0.37965905 -0.0639766749 -0.0238435944 0 0 0
C@CP 2685 0.180520387 -0.248458696 0.0918308831 0 0 0
C@CP 2686 -0.296301755 -0.0994805356 -0.212364051 0 0 0
C@CP 2687 0.216343077 0.41393312 -0.0345873667 0 0 0
C@CP 2688 0.360179965 0.13402129 -0.252418972 0 0 0
C@CP 2689 -0.168032507 0.0247501362 0.327725707 0 0 0
C@CP 2690 0.267148335 0.118182203 0.031509683 0 0 0
C@CP 2691 0.143223835 0.00340199933 0.434351582 0 0 0
C@CP 2692 -0.00685935407 -0.32491101 -0.125650468 0 0 0
C@CP 2693 0.277387728 -0.115396435 -0.250921672 0 0 0
C@CP 2694 -0.113806003 0.00924413624 -0.0547107517 0 0 0
C@CP 2695 0.0187084828 0.127953474 0.247345224 0 0 0
C@CP 2696 -0.380316404 0.211259484 0.0153802819 0 0 0
C@CP 2697 -0.022405078 -0.259027037 0.359764144 0 0 0
C@CP 2698 0.157552215 0.0178704369 0.234514727 0 0 0
C@CP 2699 -0.259001903 -0.163083213 -0.294359325 0 0 0
C@CP 2700 0.311182755 0.12986029 -0.221944771 0 0 0
C@CP 2701 -0.11359131 -0.146807679 -0.192780841 0 0 0
C@CP 2702 0.0383474048 0.0664310339 -0.31692634 0 0 0
C@CP 2703 0.14868649 -0.106726256 -0.142454817 0 0 0
C@CP 2704 -0.0672052792 0.404594688 0.193644223 0 0 0
C@CP 2705 -0.358747962 -0.00141114339 -0.21808885 0 0 0
C@CP 2706 0.0775367943 0.207754944 -0.326564238 0 0 0
C@CP 2707 -0.343940167 0.0829026545 -0.289464821 0 0 0
C@CP 2708 0.278930754 -0.152646335 -0.140300266 0 0 0
C@CP 2709 -0.00807241837 0.246359988 -0.256715367 0 0 0
C@CP 2710 -0.215077565 0.314755703 -0.0503585796 0 0 0
C@CP 2711 0.0970290329 0.14451517 0.23850687 0 0 0
C@CP 2712 -0.026485622 -0.0829562742 -0.311276105 0 0 0
C@CP 2713 -0.0363015264 0.265308657 -0.164929759 0 0 0
C@CP 2714 0.0125853196 -0.269302341 -0.200639267 0 0 0
C@CP 2715 0.291124475 0.142097551 0.204887688 0 0 0
C@CP 2716 -0.170268852 -0.177423152 0.172099116 0 0 0
C@CP 2717 0.049636526 0.278212058 0.301317419 0 0 0
C@CP 2718 -0.0947166826 0.0263694827 0.221333913 0 0 0
C@CP 2719 -0.0186253756 -0.120095048 0.135790826 0 0 0
C@CP 2720 0.253023825 -0.204356619 -0.0828978559 0 0 0
C@CP 2721 0.177916829 0.133265668 -0.400538128 0 0 0
C@CP 2722 -0.111410938 -0.308190105 0.00386322031 0 0 0
C@CP 2723 0.155842436 0.104349168 0.375445553 0 0 0
C@CP 2724 -0.420515105 0.100350609 0.0210405296 0 0 0
C@CP 2725 0.30606006 -0.0857926635 0.309297122 0 0 0
C@CP 2726 -0.434332217 -0.153269303 0.0849363004 0 0 0
C@CP 2727 -0.00809002407 -0.386470853 0.236641715 0 0 0
C@CP 2728 -0.0575108659 0.366040296 -0.204585084 0 0 0
C@CP 2729 0.166552231 -0.144749331 -0.0533405302 0 0 0
C@CP 2730 0.0427258373 -0.299647727 0.20556583 0 0 0
C@CP 2731 -0.166497478 0.0461236877 -0.0626015903 0 0 0
C@CP 2732 -0.121058225 -0.201486754 -0.371045143 0 0 0
C@CP 2733 -0.378729979 -0.200264501 -0.109397904 0 0 0
C@CP 2734 -0.194570157 -0.10475781 0.269865099 0 0 0
C@CP 2735 0.339953798 -0.18460058 0.0359570236 0 0 0
C@CP 2736 0.237418681 0.215803571 0.0500672525 0 0 0
C@CP 2737 -0.309124498 -0.133211704 0.14461528 0 0 0
C@CP 2738 -0.229149023 0.28986487 0.221716689 0 0 0
C@CP 2739 0.30946128 0.12033253 0.224905331 0 0 0
C@CP 2740 -0.197100119 0.272521361 -0.0956836739 0 0 0
C@CP 2741 0.0331474855 -0.29222929 0.329549409 0 0 0
C@CP 2742 0.296835755 -0.0478361303 0.317701911 0 0 0
C@CP 2743 0.0175167915 -0.0861718122 -0.278063051 0 0 0
C@CP 2744 0.411484019 -0.0306277915 0.239647702 0 0 0
C@CP 2745 -0.115717213 0.141478914 0.157832205 0 0 0
C@CP 2746 -0.0489895507 -0.378648095 0.0618024285 0 0 0
C@CP 2747 0.0706631904 -0.36906823 -0.172149446 0 0 0
C@CP 2748 -0.189954845 0.167366559 -0.195881438 0 0 0
C@CP 2749 0.1351403 0.427236314 0.00727037916 0 0 0
C@CP 2750 -0.0738304295 0.0326452643 0.0432191747 0 0 0
C@CP 2751 0.143467121 0.307604205 -0.279364188 0 0 0
C@CP 2752 -0.0868423806 0.45003218 0.0938292648 0 0 0
C@CP 2753 -0.140084238 -0.176211746 -0.296009724 0 0 0
C@CP 2754 -0.00609799334 0.146376975 0.343644467 0 0 0
C@CP 2755 -0.018108268 0.0767157427 -0.406521573 0 0 0
C@CP 2756 0.0811719354 -0.243830865 -0.308185893 0 0 0
C@CP 2757 -0.27242647 0.0328291603 0.188689016 0 0 0
C@CP 2758 -0.086303 -0.103176483 -0.290076629 0 0 0
C@CP 2759 -0.302115086 -0.232705682 -0.0355713011 0 0 0
C@CP 2760 -0.177259972 0.214207748 -0.281243036 0 0 0
C@CP 2761 0.25017982 0.269691776 -0.0370710643 0 0 0
C@CP 2762 -0.193377001 0.15093643 -0.0381017108 0 0 0
C@CP 2763 0.103234856 0.429892279 0.0295108453 0 0 0
C@CP 2764 -0.0413566903 -0.13785786 -0.264039629 0 0 0
C@CP 2765 -0.160470529 -0.345418485 0.150296473 0 0 0
C@CP 2766 -0.172839259 0.178833466 -0.0763193544 0 0 0
C@CP 2767 -0.141997824 -0.113732167 0.00161370233 0 0 0
C@CP 2768 -0.171836692 0.27398934 0.319083076 0 0 0
C@CP 2769 0.468416834 0.00814813202 -0.0298642541 0 0 0
C@CP 2770 -0.179319609 -0.393679682 -0.0391307206 0 0 0
C@CP 2771 -0.211731539 0.0319633571 -0.167094277 0 0 0
C@CP 2772 -0.124547513 0.0216514561 -0.280514608 0 0 0
C@CP 2773 -0.288995216 -0.0190777205 -0.342855815 0 0 0
C@CP 2774 -0.239593161 0.0774574101 0.0293042622 0 0 0
C@CP 2775 -0.113277508 0.0579307018 0.314792876 0 0 0
C@CP 2776 -0.179033633 -0.206933421 -0.238838096 0 0 0
C@CP 2777 -0.120676947 -0.227607173 0.138832044 0 0 0
C@CP 2778 -0.288175981 -0.121469795 -0.259442845 0 0 0
C@CP 2779 -0.308783709 0.237574007 -0.107593197 0 0 0
C@CP 2780 0.052260696 0.356653946 0.105506194 0 0 0
C@CP 2781 -0.138505012 -0.3320882 0.223479137 0 0 0
C@CP 2782 0.0626526901 0.050446769 0.30806587 0 0 0
C@CP 2783 0.205375935 -0.207731869 0.0617920054 0 0 0
C@CP 2784 0.317556583 -0.308881395 0.0507070998 0 0 0
C@CP 2785 -0.335057105 0.315439167 -0.00678692465 0 0 0
C@CP 2786 0.180159914 0.408943769 0.0687918892 0 0 0
C@CP 2787 -0.315385509 -0.00355665439 0.160181054 0 0 0
C@CP 2788 -0.166324748 0.135738452 -0.407964092 0 0 0
C@CP 2789 0.12831845 0.0973731709 0.432884608 0 0 0
C@CP 2790 -0.262133471 -0.128688827 0.220291193 0 0 0
C@CP 2791 0.0444933346 -0.156518094 0.19706103 0 0 0
C@CP 2792 -0.224234243 0.132091107 -0.125526172 0 0 0
C@CP 2793 -0.0520080135 0.369071448 0.146207768 0 0 0
C@CP 2794 0.117306744 0.183970298 -0.226591356 0 0 0
C@CP 2795 -0.254499709 -0.407945133 0.0351577264 0 0 0
C@CP 2796 -0.192419246 -0.228994797 -0.100862085 0 0 0
C@CP 2797 -0.336330961 -0.0132577463 -0.00572837831 0 0 0
C@CP 2798 0.0728691478 0.199089842 -0.228264221 0 0 0
C@CP 2799 0.0528482626 0.418330363 -0.0819939913 0 0 0
C@CP 2800 -0.0228977734 0.234056655 -0.300769837 0 0 0
C@CP 2801 0.210852812 -0.0414725651 0.206195716 0 0 0
C@CP 2802 -0.227830607 0.350484155 -0.0365546677 0 0 0
C@CP 2803 -0.0399952684 -0.464108565 0.0727925137 0 0 0
C@CP 2804 0.214618718 0.214625912 -0.0651461593 0 0 0
C@CP 2805 0.142273478 0.206359038 0.0903113164 0 0 0
C@CP 2806 -0.2348333 -0.380149934 -0.139071177 0 0 0
C@CP 2807 -0.155162525 -0.0734816932 0.0630542229 0 0 0
C@CP 2808 0.34216006 -0.0879008142 0.0471719495 0 0 0
C@CP 2809 -0.0656022213 0.314450404 0.181035036 0 0 0
C@CP 2810 -0.42099678 -0.0145234898 -0.0954939315 0 0 0
C@CP 2811 -0.253084124 -0.327979143 0.0902216181 0 0 0
C@CP 2812 0.377124508 -0.144888792 -0.170957891 0 0 0
C@CP 2813 0.0277117434 -0.365125844 0.103061454 0 0 0
C@CP 2814 -0.303872562 -0.0136117881 -0.0853607279 0 0 0
C@CP 2815 0.0385595343 -0.230760494 -0.378343333 0 0 0
C@CP 2816 -0.0169788975 0.232845708 -0.274804349 0 0 0
C@CP 2817 0.069819538 -0.320739288 0.321805725 0 0 0
C@CP 2818 0.233062376 0.0818669436 -0.213693128 0 0 0
C@CP 2819 0.0218469698 -0.195449109 -0.328867097 0 0 0
C@CP 2820 -0.22183879 0.202784293 -0.0565234518 0 0 0
C@CP 2821 -0.391883684 0.155167945 -0.00836382488 0 0 0
C@CP 2822 0.239898266 -0.260052473 0.28755591 0 0 0
C@CP 2823 -0.240531772 -0.0247364593 0.191358856 0 0 0
C@CP 2824 0.041393656 0.221078418 0.354960346 0 0 0
C@CP 2825 0.17033965 0.131243223 -0.00663657527 0 0 0
C@CP 2826 0.0672286803 -0.346553043 -0.205925466 0 0 0
C@CP 2827 -0.311164866 -0.0171301262 0.307994353 0 0 0
C@CP 2828 0.181726605 0.116631618 -0.392586194 0 0 0
C@CP 2829 0.0905339571 -0.206160665 0.416332842 0 0 0
C@CP 2830 0.120684829 -0.169275669 -0.396413116 0 0 0
C@CP 2831 -0.241287009 0.314478568 -0.226239566 0 0 0
C@CP 2832 -0.0976529471 0.284967312 -0.17738713 0 0 0
C@CP 2833 -0.0841945603 0.167958898 0.108945026 0 0 0
C@CP 2834 -0.0917015837 0.049552872 0.38481894 0 0 0
C@CP 2835 -0.190379884 -0.128486649 -0.00594134314 0 0 0
C@CP 2836 -0.312273492 -0.0207684451 0.327944184 0 0 0
C@CP 2837 0.127299024 0.00204113777 0.235525702 0 0 0
C@CP 2838 -0.015525596 0.314847631 -0.166847179 0 0 0
C@CP 2839 -0.168594741 0.106233216 -0.285503797 0 0 0
C@CP 2840 0.0834962134 -0.105297906 -0.128581164 0 0 0
C@CP 2841 -0.000766689576 -0.273144401 -0.149313026 0 0 0
C@CP 2842 0.0481487355 0.405798587 -0.166349129 0 0 0
C@CP 2843 -0.389065092 0.0793988089 0.0357313953 0 0 0
C@CP 2844 -0.0249958628 0.0974126496 -0.00325350313 0 0 0
C@CP 2845 -0.299094853 -0.164443572 -0.170174648 0 0 0
C@CP 2846 0.141264253 0.247003404 -0.245030815 0 0 0
C@CP 2847 -0.211767299 -0.151977659 0.230145322 0 0 0
C@CP 2848 0.199724689 0.0118267427 0.235207122 0 0 0
C@CP 2849 -0.235342307 -0.16653793 0.384849887 0 0 0
C@CP 2850 -0.0410113617 -0.428859093 -0.0863480008 0 0 0
C@CP 2851 0.214384114 0.321174176 -0.214783695 0 0 0
C@CP 2852 -0.0268479955 -0.0506899362 0.102208747 0 0 0
C@CP 2853 -0.0428758399 -0.0248201511 -0.346910923 0 0 0
C@CP 2854 0.414546065 0.160612029 -0.107317059 0 0 0
C@CP 2855 0.00584471066 -0.186714311 0.0830875687 0 0 0
C@CP 2856 -0.00716141926 -0.403680308 -0.190288129 0 0 0
C@CP 2857 -0.240717072 -0.170007519 0.366912706 0 0 0
C@CP 2858 -0.363620883 0.0146637822 0.0199344822 0 0 0
C@CP 2859 0.166586597 0.0219638078 -0.0433240435 0 0 0
C@CP 2860 -0.0367886372 -0.375491614 0.178166598 0 0 0
C@CP 2861 -0.27894379 0.22098912 0.00780405112 0 0 0
C@CP 2862 -0.261152715 0.0192247719 -0.0178085175 0 0 0
C@CP 2863 -0.0873061338 0.347845037 -0.172719605 0 0 0
C@CP 2864 0.158426604 0.401650121 -0.161854706 0 0 0
C@CP 2865 0.0855938947 -0.095392287 -0.276020735 0 0 0
C@CP 2866 0.0772127037 -0.0658679612 0.0575316297 0 0 0
C@CP 2867 0.35868838 0.0214945395 -0.239835307 0 0 0
C@CP 2868 0.302197155 -0.309949727 -0.0783285322 0 0 0
C@CP 2869 0.0101804388 0.0360237129 0.0246324875 0 0 0
C@CP 2870 -0.0413596607 -0.263894141 -0.106823796 0 0 0
C@CP 2871 0.0365996592 0.0269814408 0.169706601 0 0 0
C@CP 2872 -0.105142703 0.193643521 0.408873831 0 0 0
C@CP 2873 0.00780882199 -0.183698081 -0.188298134 0 0 0
C@CP 2874 -0.0250214488 0.415501847 -0.0993170992 0 0 0
C@CP 2875 0.170465953 -0.236456628 0.294400855 0 0 0
C@CP 2876 0.256731879 -0.120425024 0.028120333 0 0 0
C@CP 2877 -0.0167447683 0.0844083003 -0.162511243 0 0 0
C@CP 2878 0.40285371 0.0285115921 -0.261375891 0 0 0
C@CP 2879 -0.0959538129 -0.0894495893 -0.309503603 0 0 0
C@CP 2880 0.116621326 0.187053189 -0.34913342 0 0 0
C@CP 2881 -0.107918123 0.086830854 0.268277788 0 0 0
C@CP 2882 -0.233838138 -0.336636775 -0.0116198705 0 0 0
C@CP 2883 0.0398641588 0.325105869 0.322988284 0 0 0
C@CP 2884 0.0280005997 -0.41044276 -0.159178387 0 0 0
C@CP 2885 -0.000182682021 -0.161019751 0.0231977685 0 0 0
C@CP 2886 0.0765749084 0.277880885 -0.0363389122 0 0 0
C@CP 2887 0.174273692 -0.124615894 -0.370715841 0 0 0
C@CP 2888 0.168857854 0.13774091 0.210126297 0 0 0
C@CP 2889 -0.0409578528 0.183774709 -0.184882026 0 0 0
C@CP 2890 0.392655953 0.239111851 0.098117244 0 0 0
C@CP 2891 0.261772487 -0.14110574 -0.207596598 0 0 0
C@CP 2892 0.19389907 -0.235542335 -0.279085702 0 0 0
C@CP 2893 0.0198981959 0.216666364 0.27918755 0 0 0
C@CP 2894 0.0418108103 -0.0988322111 -0.365375086 0 0 0
C@CP 2895 -0.163717579 0.0647570359 -0.192034433 0 0 0
C@CP 2896 -0.328002176 -0.140142068 0.28367378 0 0 0
C@CP 2897 0.0419763716 0.386477311 -0.173274637 0 0 0
C@CP 2898 0.076962685 0.106287769 0.377648235 0 0 0
C@CP 2899 -0.205357316 -0.0514148442 -0.109964747 0 0 0
C@CP 2900 -0.118606533 0.0930289772 0.260022626 0 0 0
C@CP 2901 0.238870279 -0.250897067 -0.218449781 0 0 0
C@CP 2902 -0.138322033 -0.0478752593 -0.401872543 0 0 0
C@CP 2903 0.0591149926 0.257441019 -0.07982361 0 0 0
C@CP 2904 -0.048334821 -0.178990493 -0.226532662 0 0 0
C@CP 2905 -0.0462509756 0.237758313 -0.138255651 0 0 0
C@CP 2906 -0.288411116 -0.331821166 0.0624301505 0 0 0
C@CP 2907 -0.293020244 -0.0914298597 0.0580271873 0 0 0
C@CP 2908 -0.337837403 -0.00290191948 -0.216316749 0 0 0
C@CP 2909 -0.0339854443 0.378104806 -0.257644407 0 0 0
C@CP 2910 0.0872271781 -0.232076744 0.32080082 0 0 0
C@CP 2911 -0.0130043631 0.209223444 -0.423412032 0 0 0
C@CP 2912 0.142400625 0.0471783143 0.31892863 0 0 0
C@CP 2913 0.216039744 -0.0389248382 -0.09221588 0 0 0
C@CP 2914 0.269241533 0.0581939235 0.133829758 0 0 0
C@CP 2915 0.0268918418 -0.151199355 0.313181373 0 0 0
C@CP 2916 -0.0234469323 -0.356440949 -0.252420921 0 0 0
C@CP 2917 0.216077966 -0.111009206 0.0857545365 0 0 0
C@CP 2918 0.166434883 0.235791458 0.047911291 0 0 0
C@CP 2919 -0.174683345 -0.193658355 0.166466966 0 0 0
C@CP 2920 0.389501663 0.0204389505 0.0539450652 0 0 0
C@CP 2921 0.0623127427 -0.188420037 -0.143944876 0 0 0
C@CP 2922 -0.015949633 0.2592809 0.154858233 0 0 0
C@CP 2923 0.322081172 0.296524903 -0.0722324768 0 0 0
C@CP 2924 -0.437767671 -0.1172116 0.0966884811 0 0 0
C@CP 2925 0.248620329 0.0925837335 -0.112157043 0 0 0
C@CP 2926 -0.0563934113 0.0169223813 -0.0354224207 0 0 0
C@CP 2927 0.220651636 0.251290515 -0.0787560393 0 0 0
C@CP 2928 0.266489415 -0.309940354 0.111831493 0 0 0
C@CP 2929 0.0384505927 0.151090925 -0.25355837 0 0 0
C@CP 2930 -0.0911540827 0.211695535 0.386795123 0 0 0
C@CP 2931 0.0097685943 -0.328079635 -0.00405720691 0 0 0
C@CP 2932 0.233259163 -0.195496107 -0.0813184942 0 0 0
C@CP 2933 -0.063497683 0.331504536 0.0124582146 0 0 0
C@CP 2934 0.116169342 0.143342326 0.184255373 0 0 0
C@CP 2935 0.00436125596 -0.389217152 0.010203108 0 0 0
C@CP 2936 -0.250007335 0.268317183 0.145096437 0 0 0
C@CP 2937 0.0785166174 0.37627628 0.0886014549 0 0 0
C@CP 2938 0.167037574 -0.252414516 0.171109725 0 0 0
C@CP 2939 -0.385450694 -0.0771573187 -0.17430055 0 0 0
C@CP 2940 -0.333174123 0.116291016 -0.11885846 0 0 0
C@CP 2941 -0.0577000437 0.0881573629 -0.163550209 0 0 0
C@CP 2942 0.0698396024 0.227959928 0.36854882 0 0 0
C@CP 2943 -0.174916903 0.121231915 0.303553345 0 0 0
C@CP 2944 -0.298515908 -0.261271696 0.202071913 0 0 0
C@CP 2945 -0.220714914 -0.217051767 0.0743162362 0 0 0
C@CP 2946 -0.0194905537 0.016654391 0.0218178611 0 0 0
C@CP 2947 -0.0266883841 -0.37056956 0.06090178 0 0 0
C@CP 2948 -0.046689616 -0.159227568 -0.113879562 0 0 0
C@CP 2949 0.321246447 0.116269305 0.11057881 0 0 0
C@CP 2950 0.0291587259 0.0362477304 0.102863631 0 0 0
C@CP 2951 -0.0444359751 0.295784817 -0.108647941 0 0 0
C@CP 2952 -0.0798596572 0.142436658 -0.224858667 0 0 0
C@CP 2953 0.0401734604 -0.123934535 0.0320362955 0 0 0
C@CP 2954 0.0494829625 -0.334309413 0.17367341 0 0 0
C@CP 2955 0.0788544206 -0.314064741 0.197496623 0 0 0
C@CP 2956 0.0850239625 0.217749444 -0.0791104736 0 0 0
C@CP 2957 -0.396648701 -0.0703416779 -0.106586703 0 0 0
C@CP 2958 -0.0351202232 -0.00204600895 0.37072677 0 0 0
C@CP 2959 -0.215197169 0.35327444 0.147253586 0 0 0
C@CP 2960 0.374902712 0.260581821 -0.00830976352 0 0 0
C@CP 2961 -0.0187407195 -0.286456236 0.339864254 0 0 0
C@CP 2962 0.340958212 0.000834472176 -0.29214142 0 0 0
C@CP 2963 0.0390497323 -0.0186004958 -0.0782788614 0 0 0
C@CP 2964 0.0928280601 0.178415517 0.0933813658 0 0 0
C@CP 2965 0.0328014714 -0.276464901 -0.0502032822 0 0 0
C@CP 2966 0.104002534 0.000288006797 -0.0336018917 0 0 0
C@CP 2967 -0.337910944 -0.19799776 0.0188791667 0 0 0
C@CP 2968 0.214787403 -0.159813772 -0.271709428 0 0 0
C@CP 2969 -0.343272642 -0.306178796 -0.00183296085 0 0 0
C@CP 2970 -0.0757807604 -0.378799869 0.0859035364 0 0 0
C@CP 2971 -0.0216354004 -0.170357576 0.382464804 0 0 0
C@CP 2972 -0.121382307 -0.0854835122 -0.125330206 0 0 0
C@CP 2973 0.0420760791 0.19841938 0.0866543788 0 0 0
C@CP 2974 -0.0712284611 -0.156204116 0.400108755 0 0 0
C@CP 2975 0.00538023838 -0.314672317 -0.295926906 0 0 0
C@CP 2976 -0.0466105164 -0.146856406 -0.239951072 0 0 0
C@CP 2977 0.207475498 0.0921867719 0.241924122 0 0 0
C@CP 2978 0.00745150029 0.125573458 0.449066843 0 0 0
C@CP 2979 0.215761155 0.0946012236 -0.0401457111 0 0 0
C@CP 2980 -0.0825768239 -0.0647523062 -0.239744463 0 0 0
C@CP 2981 -0.117119205 0.128381215 -0.324613742 0 0 0
C@CP 2982 -0.121272646 0.317333176 0.202896857 0 0 0
C@CP 2983 -0.0306818889 0.0630637654 -0.195124312 0 0 0
C@CP 2984 -0.0801760154 0.184634572 -0.213426444 0 0 0
C@CP 2985 0.153160824 -0.0463657867 0.275245518 0 0 0
C@CP 2986 0.353740023 0.138145648 0.000809819212 0 0 0
C@CP 2987 0.206779979 0.155404691 -0.107298475 0 0 0
C@CP 2988 0.112698347 -0.116281791 -0.0743420396 0 0 0
C@CP 2989 -0.243087716 -0.157268529 -0.0330486472 0 0 0
C@CP 2990 0.282208295 -0.0277100512 -0.276176019 0 0 0
C@CP 2991 0.300756402 0.217062879 -0.00381199323 0 0 0
C@CP 2992 -0.000990335615 0.0935261727 -0.238891752 0 0 0
C@CP 2993 -0.175494427 -0.334694004 -0.00521378474 0 0 0
C@CP 2994 -0.157126726 0.360023842 0.232851362 0 0 0
C@CP 2995 -0.153220791 -0.0547814231 -0.258825062 0 0 0
C@CP 2996 -0.149615086 0.23511606 0.0780915762 0 0 0
C@CP 2997 -0.333953043 0.123708816 0.218156822 0 0 0
C@CP 2998 -0.165876943 -0.22083371 -0.162472534 0 0 0
C@CP 2999 0.297734538 -0.133462748 -0.240886702 0 0 0
C@CP 3000 0.375988034 -0.0506164359 -0.239832753 0 0 0
C@CP 3001 0.141573763 0.208566486 -0.123602398 0 0 0
C@CP 3002 0.245534741 -0.103506774 -0.25538511 0 0 0
C@CP 3003 0.0849417216 0.119382036 -0.259398946 0 0 0
C@CP 3004 0.0786255149 0.299301685 -0.167004908 0 0 0
C@CP 3005 -0.356317714 0.0698151073 -0.261778134 0 0 0
C@CP 3006 -0.0774800029 -0.406556501 -0.221510099 0 0 0
C@CP 3007 -0.255924339 0.0697580764 0.0712607963 0 0 0
C@CP 3008 -0.0114194332 -0.0726717584 -0.253375893 0 0 0
C@CP 3009 -0.0590545417 -0.13839744 0.340357512 0 0 0
C@CP 3010 0.00525661439 -0.184342024 -0.0215907398 0 0 0
C@CP 3011 -0.252830551 0.167360441 0.378033435 0 0 0
C@CP 3012 -0.230755214 -0.0362813015 -0.0497444421 0 0 0
C@CP 3013 0.306285539 -0.0824983509 -0.0626593178 0 0 0
C@CP 3014 0.0636381513 0.117252734 -0.118554407 0 0 0
C@CP 3015 -0.306999507 -0.129001088 0.304812762 0 0 0
C@CP 3016 -0.174290572 -0.103684982 -0.338617046 0 0 0
C@CP 3017 -0.109051861 -0.247895407 0.0307430468 0 0 0
C@CP 3018 -0.403170967 -0.0546315843 -0.142708759 0 0 0
C@CP 3019 0.371774447 0.0316592632 0.157728856 0 0 0
C@CP 3020 -0.0851519834 0.0263022489 0.306364734 0 0 0
C@CP 3021 -0.241943823 -0.148439639 -0.266704534 0 0 0
C@CP 3022 0.113382876 0.0650678094 0.177203457 0 0 0
C@CP 3023 -0.203653229 -0.269482903 -0.0733840112 0 0 0
C@CP 3024 0.189766089 -0.251101875 0.23935963 0 0 0
C@CP 3025 0.340714219 -0.241914761 0.083836544 0 0 0
C@CP 3026 0.331400993 0.0164293424 -0.0692587674 0 0 0
C@CP 3027 -0.115797998 -0.296244986 0.0722218479 0 0 0
C@CP 3028 0.25930815 -0.048467227 0.266843531 0 0 0
C@CP 3029 0.0220043169 0.261770142 -0.02206023 0 0 0
C@CP 3030 0.115398348 0.177013144 -0.092251376 0 0 0
C@CP 3031 0.124492107 0.168641303 -0.0162634895 0 0 0
C@CP 3032 -0.296127167 0.0649852134 -0.0329691817 0 0 0
C@CP 3033 0.194988569 -0.384723879 -0.0821817589 0 0 0
C@CP 3034 -0.195577816 -0.0939439236 -0.187951074 0 0 0
C@CP 3035 -0.0085558216 -0.336519747 0.130407488 0 0 0
C@CP 3036 -0.0324057915 0.169005722 -0.308024142 0 0 0
C@CP 3037 0.271052242 0.154783271 0.150613085 0 0 0
C@CP 3038 -0.0126139232 -0.130014008 0.0319593988 0 0 0
C@CP 3039 -0.250864556 0.0863103485 -0.175187458 0 0 0
C@CP 3040 -0.0534477264 0.0926616915 -0.0124150299 0 0 0
C@CP 3041 0.0399774598 0.141487697 0.328604053 0 0 0
C@CP 3042 -0.00858417158 0.14358224 -0.262790852 0 0 0
C@CP 3043 -0.225675911 -0.395851889 0.0170093679 0 0 0
C@CP 3044 0.296210813 0.163162447 0.222522204 0 0 0
C@CP 3045 -0.36536479 -0.0473131308 -0.0999572149 0 0 0
C@CP 3046 -0.275288472 0.00338207961 -0.326017746 0 0 0
C@CP 3047 0.293769787 0.308726412 -0.1259963 0 0 0
C@CP 3048 -0.335094243 -0.173806132 0.0764005182 0 0 0
C@CP 3049 0.334416587 -0.224322425 -0.0197856908 0 0 0
C@CP 3050 0.0713301748 0.123389926 -0.363240988 0 0 0
C@CP 3051 -0.256086963 -0.253511849 0.128896244 0 0 0
C@CP 3052 0.126558059 0.267763361 0.0336819608 0 0 0
C@CP 3053 0.320890455 0.00578703803 -0.187261987 0 0 0
C@CP 3054 -0.00475383015 0.178901055 0.399182393 0 0 0
C@CP 3055 -0.0371121113 -0.106257359 -0.376936739 0 0 0
C@CP 3056 -0.0761428954 -0.359821992 0.282097727 0 0 0
C@CP 3057 0.0182684264 0.196745701 -0.184697636 0 0 0
C@CP 3058 0.0743458272 -0.409352461 -0.0869798833 0 0 0
C@CP 3059 0.266477394 0.183697025 -0.336064387 0 0 0
C@CP 3060 0.203992238 -0.266307045 -0.146511296 0 0 0
C@CP 3061 0.253413362 -0.123376656 0.255475361 0 0 0
C@CP 3062 -0.181859517 -0.2276116 -0.112167086 0 0 0
C@CP 3063 0.0418136854 -0.029091784 0.193911524 0 0 0
C@CP 3064 0.0539250993 -0.135227556 0.123422489 0 0 0
C@CP 3065 -0.298395902 0.152565779 0.0579233532 0 0 0
C@CP 3066 0.225739523 0.237182512 0.191358098 0 0 0
C@CP 3067 0.208848146 0.124965785 -0.124229358 0 0 0
C@CP 3068 -0.0880147454 0.273130383 -0.313286816 0 0 0
C@CP 3069 -0.10811736 -0.047569722 0.192687788 0 0 0
C@CP 3070 0.00320453022 0.269996163 0.273242428 0 0 0
C@CP 3071 -0.162350154 -0.16989444 0.236658599 0 0 0
C@CP 3072 -0.157191745 0.229917573 0.202334547 0 0 0
C@CP 3073 -0.236307247 0.372935696 -0.155889019 0 0 0
C@CP 3074 -0.0414064576 -0.352256396 0.128940028 0 0 0
C@CP 3075 -0.168326276 -0.27201347 0.301157003 0 0 0
C@CP 3076 0.120578164 -0.132113063 -0.11095782 0 0 0
C@CP 3077 -0.0904440575 -0.0276833416 -0.155965928 0 0 0
C@CP 3078 0.11232599 0.10479641 0.151094092 0 0 0
C@CP 3079 0.120573402 -0.0862442403 0.438473008 0 0 0
C@CP 3080 -0.140544053 0.41811421 -0.0253934289 0 0 0
C@CP 3081 -0.138229172 0.133744291 -0.199433152 0 0 0
C@CP 3082 0.0746821678 0.116405841 -0.174765571 0 0 0
C@CP 3083 -0.257554283 -0.160461144 -0.160151287 0 0 0
C@CP 3084 -0.358324877 -0.072211586 0.12097358 0 0 0
C@CP 3085 0.0792950423 -0.302675413 -0.0123349917 0 0 0
C@CP 3086 -0.00302457053 0.0129674216 -0.0269801658 0 0 0
C@CP 3087 0.163919152 -0.0452961464 0.306150439 0 0 0
C@CP 3088 0.212661483 0.0993041579 0.362658663 0 0 0
C@CP 3089 -0.13092926 0.251075103 0.209907052 0 0 0
C@CP 3090 -0.377605882 0.147977845 0.211816566 0 0 0
C@CP 3091 0.217467744 0.191967859 0.0427914355 0 0 0
C@CP 3092 0.222322328 -0.26089938 -0.00162204875 0 0 0
C@CP 3093 0.346412042 0.0914351455 0.292377208 0 0 0
C@CP 3094 0.345324992 -0.16855477 -0.0980704938 0 0 0
C@CP 3095 0.0840778225 -0.26072486 0.236202593 0 0 0
C@CP 3096 0.00613269088 -0.174826756 0.277104005 0 0 0
C@CP 3097 -0.240765232 -0.203334857 0.0333933742 0 0 0
C@CP 3098 0.176919364 -0.136969201 0.163815686 0 0 0
C@CP 3099 0.138556232 -0.0921612851 -0.198748428 0 0 0
C@CP 3100 -0.156756008 0.0510260427 0.193050082 0 0 0
C@CP 3101 -0.0220618587 0.214333671 -0.154716769 0 0 0
C@CP 3102 -0.25830115 0.158657118 0.0606228754 0 0 0
C@CP 3103 -0.058608627 0.326645598 0.0484459301 0 0 0
C@CP 3104 -0.316168318 0.144059269 -0.0239694045 0 0 0
C@CP 3105 -0.115299288 0.301809008 -0.160968185 0 0 0
C@CP 3106 0.345267186 0.284912331 0.0262014921 0 0 0
C@CP 3107 -0.0217711921 0.189905793 0.075322993 0 0 0
C@CP 3108 0.185185517 -0.343097049 -0.151872874 0 0 0
C@CP 3109 0.00889554909 -0.100256418 -0.139707718 0 0 0
C@CP 3110 0.0929828318 -0.0218017943 -0.0509203059 0 0 0
C@CP 3111 0.34533828 -0.220480118 -0.210338736 0 0 0
C@CP 3112 -0.207245517 0.126042929 0.375738174 0 0 0
C@CP 3113 -0.0522183301 -0.214990337 0.0286048754 0 0 0
C@CP 3114 -0.0917953976 0.302251997 -0.303678495 0 0 0
C@CP 3115 -0.272389096 0.00598517865 -0.3315614 0 0 0
C@CP 3116 0.162731663 0.0433489214 0.257604993 0 0 0
C@CP 3117 0.109732534 0.131022777 0.162328043 0 0 0
C@CP 3118 -0.179186363 0.254144301 0.0297772879 0 0 0
C@CP 3119 0.0183057433 -0.403511672 -0.0103623559 0 0 0
C@CP 3120 -0.256316256 0.249124483 -0.100717664 0 0 0
C@CP 3121 -0.132224539 -0.196986123 0.0166485329 0 0 0
C@CP 3122 0.191849632 -0.189992324 -0.10997404 0 0 0
C@CP 3123 -0.422292311 -0.0173549509 0.194442753 0 0 0
C@CP 3124 0.282581643 0.00241676791 0.36845559 0 0 0
C@CP 3125 -0.0116873599 0.408672008 0.0080241867 0 0 0
C@CP 3126 -0.289293242 0.249682002 0.116064147 0 0 0
C@CP 3127 -0.0831949341 -0.353899427 0.15399755 0 0 0
C@CP 3128 -0.0742651552 0.374818375 -0.0779073183 0 0 0
C@CP 3129 -0.0157065745 0.162432274 -0.227798896 0 0 0
C@CP 3130 -0.012006376 0.206489599 0.142164906 0 0 0
C@CP 3131 0.148807347 -0.087471434 0.27378915 0 0 0
C@CP 3132 0.226711763 0.315429195 0.249720087 0 0 0
C@CP 3133 -0.410955015 0.0523776586 -0.168487317 0 0 0
C@CP 3134 0.185053884 -0.404295612 -0.120553433 0 0 0
C@CP 3135 0.226980136 -0.186989228 -0.317276319 0 0 0
C@CP 3136 -0.0513753478 0.0363547415 0.111347279 0 0 0
C@CP 3137 -0.195130618 0.175501265 0.36700944 0 0 0
C@CP 3138 0.255328521 0.0681622761 -0.34408281 0 0 0
C@CP 3139 -0.297326568 -0.147809276 -0.106441321 0 0 0
C@CP 3140 0.034290706 -0.182357918 0.0719359737 0 0 0
C@CP 3141 -0.418580914 0.165018639 -0.0612894075 0 0 0
C@CP 3142 0.0998776907 -0.083711848 -0.263109497 0 0 0
C@CP 3143 0.0459008317 0.191618433 -0.324467372 0 0 0
C@CP 3144 -0.0532110201 0.24698838 0.14219612 0 0 0
C@CP 3145 0.0361039276 0.233748897 -0.0511838205 0 0 0
C@CP 3146 0.286522452 0.0408074959 -0.320304862 0 0 0
C@CP 3147 -0.12226266 0.108750551 -0.313541901 0 0 0
C@CP 3148 0.313441365 -0.137835405 -0.220590157 0 0 0
C@CP 3149 -0.229253104 -0.0708178181 -0.203061279 0 0 0
C@CP 3150 -0.39914052 -0.123051333 -0.0744356072 0 0 0
C@CP 3151 -0.41381113 -0.0489826944 -0.0202753066 0 0 0
C@CP 3152 0.266031998 0.241701723 0.250342562 0 0 0
C@CP 3153 0.0799676057 -0.195969482 -0.329785474 0 0 0
C@CP 3154 0.102836605 0.382073173 0.250410757 0 0 0
C@CP 3155 -0.0292324863 0.32915359 -0.265612794 0 0 0
C@CP 3156 -0.030025536 -0.0766300593 0.447756116 0 0 0
C@CP 3157 -0.323109814 0.164261363 0.0828443499 0 0 0
C@CP 3158 -0.244244936 0.219359336 -0.0872767516 0 0 0
C@CP 3159 0.120997272 -0.156259612 0.293591217 0 0 0
C@CP 3160 -0.315537571 0.227755546 -0.20775048 0 0 0
C@CP 3161 0.0928508953 0.416566214 0.126229977 0 0 0
C@CP 3162 0.271929935 -0.219377415 0.231964736 0 0 0
C@CP 3163 0.269649368 -0.281527559 -0.101489611 0 0 0
C@CP 3164 -0.0942456841 -0.188221998 -0.395039822 0 0 0
C@CP 3165 0.381736636 -0.126235598 0.092107302 0 0 0
C@CP 3166 0.00154269767 -0.266769892 -0.207298909 0 0 0
C@CP 3167 0.106407783 0.204808979 -0.0807979307 0 0 0
C@CP 3168 -0.00355326109 -0.400671365 -0.0320127719 0 0 0
C@CP 3169 0.311122269 -0.00744862815 -0.138757444 0 0 0
C@CP 3170 0.0333058823 -0.278855036 0.378012879 0 0 0
C@CP 3171 -0.0915216927 0.215573842 -0.150577562 0 0 0
C@CP 3172 -0.315602078 0.00847948562 -0.31330097 0 0 0
C@CP 3173 -0.364311362 0.149731977 -0.167943376 0 0 0
C@CP 3174 0.146728303 0.0208282189 0.322887515 0 0 0
C@CP 3175 0.30576348 -0.341996262 -0.0953685434 0 0 0
C@CP 3176 -0.150675045 -0.10299242 0.418813817 0 0 0
C@CP 3177 0.0269138718 0.00783353535 0.0187761885 0 0 0
C@CP 3178 0.112112884 0.280775785 0.0996874943 0 0 0
C@CP 3179 -0.340143505 -0.0440820494 0.0470502807 0 0 0
C@CP 3180 0.27214805 -0.0806262173 -0.330509801 0 0 0
C@CP 3181 -0.0695446578 0.0666988776 0.138906819 0 0 0
C@CP 3182 0.0818677023 0.105178496 -0.273113212 0 0 0
C@CP 3183 -0.320946858 -0.220902271 0.257253181 0 0 0
C@CP 3184 0.00579623149 -0.209063412 0.273943386 0 0 0
C@CP 3185 -0.187391537 -0.00543498052 -0.210585402 0 0 0
C@CP 3186 0.146128919 -0.313797894 -0.1737028 0 0 0
C@CP 3187 0.186317384 0.0222613552 0.410580824 0 0 0
C@CP 3188 -0.295658566 0.217076015 0.0484709724 0 0 0
C@CP 3189 -0.171398834 0.177800158 -0.324624113 0 0 0
C@CP 3190 0.0609624762 -0.106331677 -0.338055301 0 0 0
C@CP 3191 0.201338074 0.209635222 -0.338213661 0 0 0
C@CP 3192 -0.105149438 -0.0306254576 0.428473667 0 0 0
C@CP 3193 -0.0780355422 0.411654255 0.121735594 0 0 0
C@CP 3194 -0.0621654991 -0.236783414 0.267695143 0 0 0
C@CP 3195 -0.32226834 0.146904253 0.291215149 0 0 0
C@CP 3196 0.422809344 0.0173432905 -0.18347491 0 0 0
C@CP 3197 -0.198594157 0.0325973042 -0.2308333 0 0 0
C@CP 3198 0.151878465 0.21488226 -0.349360103 0 0 0
C@CP 3199 -0.375690644 -0.14542531 -0.0331626824 0 0 0
C@CP 3200 0.193954208 0.0462543421 -0.0305771521 0 0 0
C@CP 3201 -0.125485672 0.276017617 -0.0870514814 0 0 0
C@CP 3202 0.23852405 0.0507001607 -0.390328603 0 0 0
C@CP 3203 -0.149057315 0.236603785 0.0439940913 0 0 0
C@CP 3204 0.00501491022 0.434005875 -0.0535295821 0 0 0
C@CP 3205 -0.023301033 0.035754967 -0.140120838 0 0 0
C@CP 3206 0.152235633 -0.264613565 -0.0671789327 0 0 0
C@CP 3207 0.0460859821 0.26539987 -0.0409884953 0 0 0
C@CP 3208 0.180979058 -0.178051265 -0.0606166159 0 0 0
C@CP 3209 -0.228459001 0.0607734295 0.247463749 0 0 0
C@CP 3210 -0.265667757 -0.326574957 0.204219959 0 0 0
C@CP 3211 -0.139332086 -0.0707913203 -0.0990265823 0 0 0
C@CP 3212 -0.0625249303 -0.359494821 -0.0977528011 0 0 0
C@CP 3213 0.318002612 -0.187724444 0.132330911 0 0 0
C@CP 3214 -0.0537288258 -0.142307078 0.320890965 0 0 0
C@CP 3215 -0.183462721 -0.226267821 0.327506242 0 0 0
C@CP 3216 0.026921326 -0.255078103 -0.0886717307 0 0 0
C@CP 3217 -0.104860336 0.228046705 -0.0590635951 0 0 0
C@CP 3218 -0.389408634 -0.0196132828 -0.215851821 0 0 0
C@CP 3219 0.179089965 0.191712808 -0.128479107 0 0 0
C@CP 3220 0.299064307 -0.215817949 0.181853416 0 0 0
C@CP 3221 0.154230004 0.188443632 0.152455749 0 0 0
C@CP 3222 -0.435657697 -0.15218357 0.0826315051 0 0 0
C@CP 3223 0.340036312 0.0408387832 -0.244647963 0 0 0
C@CP 3224 -0.195545938 -0.113543307 0.376373751 0 0 0
C@CP 3225 0.010815815 0.0246951353 0.28909166 0 0 0
C@CP 3226 -0.278197405 0.162884774 0.249409122 0 0 0
C@CP 3227 0.120846554 -0.359755961 0.228623616 0 0 0
C@CP 3228 -0.174288405 0.290991784 -0.169982395 0 0 0
C@CP 3229 0.265176051 0.237498054 0.109092623 0 0 0
C@CP 3230 -0.0929465395 0.413906927 0.0197483569 0 0 0
C@CP 3231 0.285349188 -0.142604276 0.160320573 0 0 0
C@CP 3232 -0.175407432 0.28783096 -0.150278731 0 0 0
C@CP 3233 0.105396828 0.156102485 0.0737740709 0 0 0
C@CP 3234 -0.0175066396 0.283225559 0.0822656447 0 0 0
C@CP 3235 0.403484007 -0.114936848 0.103842576 0 0 0
C@CP 3236 0.309319551 -0.21396932 0.182498714 0 0 0
C@CP 3237 -0.159433708 -0.302754633 -0.15630967 0 0 0
C@CP 3238 0.180924332 -0.276555995 -0.0811699885 0 0 0
C@CP 3239 0.141951289 0.0836398262 0.254454604 0 0 0
C@CP 3240 0.109138669 0.257229415 0.207559928 0 0 0
C@CP 3241 0.0945727054 -0.448015908 0.0640665912 0 0 0
C@CP 3242 0.0273545138 -0.292905765 0.155852407 0 0 0
C@CP 3243 -0.235471896 -0.0302912857 -0.348866662 0 0 0
C@CP 3244 0.0706231189 0.105637457 0.0962603828 0 0 0
C@CP 3245 -0.144018613 -0.180871048 0.332793594 0 0 0
C@CP 3246 0.315720093 -0.0744424527 -0.11377902 0 0 0
C@CP 3247 -0.146954593 0.37701956 -0.245776059 0 0 0
C@CP 3248 -0.083875458 -0.00625429825 0.144253927 0 0 0
C@CP 3249 0.271922764 -0.373985309 -0.040068818 0 0 0
C@CP 3250 -0.0294521491 -0.0698254584 -0.0208134291 0 0 0
C@CP 3251 0.114612593 -0.0687752729 0.334467132 0 0 0
C@CP 3252 0.101077349 -0.2133215 -0.061315827 0 0 0
C@CP 3253 -0.0714376013 0.190154386 -0.415027114 0 0 0
C@CP 3254 -0.337729566 0.219723342 -0.00104622278 0 0 0
C@CP 3255 -0.149960338 -0.261941225 0.280713941 0 0 0
C@CP 3256 0.333054675 0.17094925 0.259139905 0 0 0
C@CP 3257 -0.239205783 0.187268141 0.23498652 0 0 0
C@CP 3258 -0.299113708 0.262850472 0.146514818 0 0 0
C@CP 3259 0.130193777 0.316788706 -0.0227921872 0 0 0
C@CP 3260 0.190860103 -0.321423537 -0.205965007 0 0 0
C@CP 3261 0.00898183747 -0.0495724075 0.0634849633 0 0 0
C@CP 3262 -0.26034301 0.202255277 -0.11171846 0 0 0
C@CP 3263 -0.0782394101 0.211065348 0.00436287263 0 0 0
C@CP 3264 -0.0855378713 -0.360459026 0.286827173 0 0 0
C@CP 3265 0.0498241091 0.193163074 0.333733741 0 0 0
C@CP 3266 0.173396683 -0.278799297 -0.228933796 0 0 0
C@CP 3267 0.00137890822 0.259602983 0.325918769 0 0 0
C@CP 3268 0.0248931113 0.115264924 0.168555252 0 0 0
C@CP 3269 0.0263498317 -0.181379977 -0.0382754887 0 0 0
C@CP 3270 -0.14111268 0.312137275 0.219842414 0 0 0
C@CP 3271 -0.225489183 0.0801145213 -0.0979993864 0 0 0
C@CP 3272 -0.345189736 0.177670874 -0.180747855 0 0 0
C@CP 3273 -0.41348472 0.0521608594 0.0531211954 0 0 0
C@CP 3274 0.174191903 -0.0234840519 0.230749446 0 0 0
C@CP 3275 -0.430100084 -0.0903613863 0.0922699584 0 0 0
C@CP 3276 -0.347935254 -0.0673847771 0.272865165 0 0 0
C@CP 3277 0.14656423 0.0330046136 -0.163102108 0 0 0
C@CP 3278 0.085281205 -0.323606641 0.288814324 0 0 0
C@CP 3279 0.381022857 0.245444111 -0.160355952 0 0 0
C@CP 3280 0.370588486 0.172185279 0.0229236182 0 0 0
C@CP 3281 0.285647055 0.107931847 0.232359853 0 0 0
C@CP 3282 -0.375461976 -0.199669405 0.0553233443 0 0 0
C@CP 3283 0.441302941 0.0416144831 -0.0486216011 0 0 0
C@CP 3284 0.26297832 0.0118017263 -0.028989336 0 0 0
C@CP 3285 0.450207494 0.0679881884 0.0209812562 0 0 0
C@CP 3286 0.329808486 0.125447911 0.11492229 0 0 0
C@CP 3287 0.120620729 -0.113118513 -0.155444178 0 0 0
C@CP 3288 -0.0293566672 0.099294928 -0.198935688 0 0 0
C@CP 3289 0.374007477 0.122317797 -0.146759032 0 0 0
C@CP 3290 0.0674665792 -0.00958905678 0.0655013281 0 0 0
C@CP 3291 0.248611361 -0.0378290698 0.356235538 0 0 0
C@CP 3292 -0.0512311984 0.036125439 -0.193412814 0 0 0
C@CP 3293 -0.393625704 -0.103033249 -0.0132033419 0 0 0
C@CP 3294 -0.141005964 -0.137785632 0.14214433 0 0 0
C@CP 3295 -0.307225534 -0.191176291 -0.199978859 0 0 0
C@CP 3296 0.0657433103 -0.108594497 -0.223641233 0 0 0
C@CP 3297 -0.0160874869 0.122383264 0.321595833 0 0 0
C@CP 3298 -0.270008868 -0.278700293 -0.119847896 0 0 0
C@CP 3299 0.36472267 0.0774067199 0.181377657 0 0 0
C@CP 3300 0.174482994 -0.0375509189 0.149809032 0 0 0
C@CP 3301 -0.06838846 -0.165426223 0.339295178 0 0 0
C@CP 3302 -0.132345049 0.0684325624 0.134885509 0 0 0
C@CP 3303 -0.167606816 0.187544133 0.142514847 0 0 0
C@CP 3304 -0.172484206 -0.424599705 0.0469336092 0 0 0
C@CP 3305 -0.0391012584 0.161066641 0.0700289335 0 0 0
C@CP 3306 -0.028799781 0.0923239436 -0.0115879677 0 0 0
C@CP 3307 -0.397440082 0.176209383 0.0908347836 0 0 0
C@CP 3308 0.347810992 0.0141274399 -0.300796639 0 0 0
C@CP 3309 -0.171642666 0.175665712 -0.155425614 0 0 0
C@CP 3310 -2.62207146e-06 0.0277182308 0.291327274 0 0 0
C@CP 3311 -0.264679652 -0.149898388 -0.327020829 0 0 0
C@CP 3312 0.345103047 0.139429274 -0.0106569561 0 0 0
C@CP 3313 -0.0550002633 0.31577056 0.152531514 0 0 0
C@CP 3314 0.0557468104 -0.174879089 0.159504015 0 0 0
C@CP 3315 0.0629649131 0.255262606 -0.357423546 0 0 0
C@CP 3316 -0.0120452051 0.170324608 0.173556801 0 0 0
C@CP 3317 -0.017381045 -0.0191241073 -0.20100151 0 0 0
C@CP 3318 -0.19332086 -0.189627514 -0.332056075 0 0 0
C@CP 3319 -0.233561078 0.179290019 -0.382574042 0 0 0
C@CP 3320 0.393459994 0.0850242909 -0.00397723558 0 0 0
C@CP 3321 -0.132928323 -0.233923574 -0.20989782 0 0 0
C@CP 3322 0.366419693 0.136954432 0.0394083313 0 0 0
C@CP 3323 -0.0823113209 0.291456205 -0.0528843699 0 0 0
C@CP 3324 8.39708563e-05 -0.44518582 -0.0398151084 0 0 0
C@CP 3325 0.320447709 -0.178979359 -0.160493365 0 0 0
C@CP 3326 -0.311361623 -0.0880318023 0.121607493 0 0 0
C@CP 3327 0.227117818 -0.0013841359 0.0883098782 0 0 0
C@CP 3328 -0.117628607 0.0926986858 -0.323556183 0 0 0
C@CP 3329 0.380500602 0.131031295 0.0888204913 0 0 0
C@CP 3330 -0.30255576 -0.312237991 -0.038658836 0 0 0
C@CP 3331 0.184120487 0.322810257 -0.0760156457 0 0 0
C@CP 3332 -0.0487372428 -0.185998566 0.0768970432 0 0 0
C@CP 3333 -0.159520407 -0.167326236 -0.406481152 0 0 0
C@CP 3334 -0.145011235 0.00809562108 0.135273831 0 0 0
C@CP 3335 -0.392019618 0.114977158 0.168731558 0 0 0
C@CP 3336 -0.377180726 -0.0599169159 -0.0149173492 0 0 0
C@CP 3337 0.0568993096 -0.160323537 -0.402952087 0 0 0
C@CP 3338 0.167577311 -0.284738217 0.209317551 0 0 0
C@CP 3339 -0.341793193 0.236306412 0.0123633061 0 0 0
C@CP 3340 0.051395732 -0.0665215163 0.401159651 0 0 0
C@CP 3341 -0.168275447 -0.046486352 0.215435942 0 0 0
C@CP 3342 -0.0406081193 -0.230128593 -0.137970923 0 0 0
C@CP 3343 0.304509808 0.150116177 0.270675216 0 0 0
C@CP 3344 -0.226595071 0.42086604 0.0297750994 0 0 0
C@CP 3345 -0.074249085 0.263880152 -0.161970722 0 0 0
C@CP 3346 0.11330412 0.0965610465 -0.119245761 0 0 0
C@CP 3347 0.0422082531 0.224374523 -0.348699573 0 0 0
C@CP 3348 0.102614119 -0.182481141 0.392684801 0 0 0
C@CP 3349 0.167080176 -0.0488879763 -0.344028733 0 0 0
C@CP 3350 -0.0139718216 0.36341906 0.196039402 0 0 0
C@CP 3351 -0.328434553 -0.301293264 -0.10894386 0 0 0
C@CP 3352 -0.0608037832 0.357300349 0.168930233 0 0 0
C@CP 3353 0.387457643 -0.121022811 -0.089728527 0 0 0
C@CP 3354 -0.36646586 -0.0401901331 0.198477778 0 0 0
C@CP 3355 0.397061095 -0.245214545 -0.157065657 0 0 0
C@CP 3356 0.00545069959 -0.215175559 -0.037982078 0 0 0
C@CP 3357 -0.275398003 -0.348435351 -0.0601968629 0 0 0
C@CP 3358 0.304953805 0.276501565 -0.18748138 0 0 0
C@CP 3359 0.100255606 0.371710594 0.212899628 0 0 0
C@CP 3360 -0.327313823 0.23774905 0.172135462 0 0 0
C@CP 3361 -0.0378512795 -0.19867181 0.110406264 0 0 0
C@CP 3362 0.0341814075 -0.00305314747 -0.0484749407 0 0 0
C@CP 3363 0.315202265 -0.176870907 0.0144291022 0 0 0
C@CP 3364 -0.0801301751 0.187631695 -0.0365215486 0 0 0
C@CP 3365 0.211346059 0.125130698 0.232660568 0 0 0
C@CP 3366 -0.125418022 -0.0785828888 -0.0726350013 0 0 0
C@CP 3367 0.2085907 0.318691998 0.0200941531 0 0 0
C@CP 3368 0.178358704 0.0974687455 -0.0961908278 0 0 0
C@CP 3369 0.133026984 -0.160222889 -0.395212786 0 0 0
C@CP 3370 -0.00123852669 -0.183036378 0.294262655 0 0 0
C@CP 3371 0.194090279 0.417134771 0.0438824802 0 0 0
C@CP 3372 0.370767768 0.0111746308 -0.141783235 0 0 0
C@CP 3373 0.324527591 0.136272498 -0.190683666 0 0 0
C@CP 3374 0.0197598969 0.0453052759 0.046780413 0 0 0
C@CP 3375 0.177607839 0.239712859 -0.135911068 0 0 0
C@CP 3376 -0.0886817295 -0.256360575 -0.301050895 0 0 0
C@CP 3377 -0.355078666 0.134862995 0.0954239626 0 0 0
C@CP 3378 0.344806706 -0.0171784367 0.0765487522 0 0 0
C@CP 3379 0.0271604977 0.299984862 -0.0731474028 0 0 0
C@CP 3380 0.1618031 -0.0911202328 0.018103366 0 0 0
C@CP 3381 0.103801096 -0.076618587 0.426830931 0 0 0
C@CP 3382 0.188272668 -0.0896470148 0.293678412 0 0 0
C@CP 3383 -0.285911601 0.00783578501 0.105070149 0 0 0
C@CP 3384 -0.356424059 -0.212573168 0.171224695 0 0 0
C@CP 3385 -0.0497248195 0.104755497 0.291915562 0 0 0
C@CP 3386 0.0475647555 -0.175610129 -0.380602242 0 0 0
C@CP 3387 -0.110211959 -0.0291466962 0.409840218 0 0 0
C@CP 3388 0.0575812686 0.18032507 -0.0277851604 0 0 0
C@CP 3389 0.121017857 0.389472547 0.12524858 0 0 0
C@CP 3390 0.237337731 0.0764602713 -0.263073918 0 0 0
C@CP 3391 -0.0272711955 -0.194743781 0.375062507 0 0 0
C@CP 3392 -0.12277495 0.366398048 0.136831372 0 0 0
C@CP 3393 -0.382622341 0.261561101 0.0371121858 0 0 0
C@CP 3394 0.309961476 0.0269499972 0.0117136487 0 0 0
C@CP 3395 -0.368126323 -0.128534849 -0.101223984 0 0 0
C@CP 3396 -0.266507478 0.0561373022 -0.12086319 0 0 0
C@CP 3397 -0.374503488 -0.0921646379 -0.241215811 0 0 0
C@CP 3398 -0.0457831382 0.23981137 0.011314497 0 0 0
C@CP 3399 0.129419905 -0.398971869 -0.202353177 0 0 0
C@CP 3400 0.0592315038 0.0651227601 -0.439950514 0 0 0
C@CP 3401 0.23690637 0.15288549 -0.0593763772 0 0 0
C@CP 3402 0.0577028982 0.00807801139 0.240798177 0 0 0
C@CP 3403 0.0101580243 0.102437846 0.385266467 0 0 0
C@CP 3404 -0.301660549 0.0769542337 0.342680339 0 0 0
C@CP 3405 0.276566412 -0.124381967 -0.244410382 0 0 0
C@CP 3406 0.16887533 -0.0393007734 -0.254400767 0 0 0
C@CP 3407 0.108915098 0.0804249195 0.443254334 0 0 0
C@CP 3408 0.0104381385 0.0123952327 -0.224737588 0 0 0
C@CP 3409 -0.121982091 -0.280215599 -0.115623101 0 0 0
C@CP 3410 0.129095445 0.191054282 -0.167721089 0 0 0
C@CP 3411 0.0321098288 0.381829243 0.265761655 0 0 0
C@CP 3412 -0.0153984944 0.143077253 -0.0548206071 0 0 0
C@CP 3413 -0.0456838818 -0.111692557 -0.310869715 0 0 0
C@CP 3414 0.0141580315 -0.0244096013 0.18793144 0 0 0
C@CP 3415 -0.186404749 -0.146458116 0.114029248 0 0 0
C@CP 3416 -0.255175618 0.375870748 0.0285878353 0 0 0
C@CP 3417 0.316910607 0.300809922 -0.0367128541 0 0 0
C@CP 3418 0.201100425 -0.410552535 0.00734063589 0 0 0
C@CP 3419 0.346433826 -0.24111503 -0.00652965819 0 0 0
C@CP 3420 0.0134790438 -0.0169763734 0.190166657 0 0 0
C@CP 3421 0.32722142 -0.0861342991 -0.267448577 0 0 0
C@CP 3422 0.00330530033 0.176987781 0.172394811 0 0 0
C@CP 3423 -0.253416907 -0.105670705 0.182978915 0 0 0
C@CP 3424 0.123434046 -0.144713793 0.337624958 0 0 0
C@CP 3425 -0.00745352839 -0.0457450675 -0.096674527 0 0 0
C@CP 3426 -0.109229591 0.00455467028 -0.134146888 0 0 0
C@CP 3427 0.225332863 -0.116589504 0.0978773554 0 0 0
C@CP 3428 0.305019038 0.0142638953 0.218954404 0 0 0
C@CP 3429 -0.0281013833 -0.183662589 0.150693114 0 0 0
C@CP 3430 -0.0781089507 0.150862471 0.408917821 0 0 0
C@CP 3431 0.0345587549 0.0423286061 0.14430094 0 0 0
C@CP 3432 -0.177879801 -0.244837906 0.0661180235 0 0 0
C@CP 3433 -0.0574476311 0.120760897 0.0228987824 0 0 0
C@CP 3434 0.332242385 0.198108621 -0.120471383 0 0 0
C@CP 3435 -0.0612444579 0.00180556548 0.121999251 0 0 0
C@CP 3436 -0.00126945106 0.269169998 -0.159067293 0 0 0
C@CP 3437 -0.332495604 -0.206139817 0.0632150031 0 0 0
C@CP 3438 -0.0229964323 0.306905421 0.0958390653 0 0 0
C@CP 3439 -0.081756989 0.098467636 -0.424594868 0 0 0
C@CP 3440 0.238686546 0.183357208 0.123136058 0 0 0
C@CP 3441 0.313183317 -0.04084191 -0.0521293054 0 0 0
C@CP 3442 -0.0622792256 -0.067215971 -0.408599629 0 0 0
C@CP 3443 -0.167486781 0.00750417086 -0.00796104389 0 0 0
C@CP 3444 0.222001958 -0.172403867 0.241467611 0 0 0
C@CP 3445 0.108269253 -0.309973356 0.0875360452 0 0 0
C@CP 3446 -0.316490734 -0.294369565 -0.0896991667 0 0 0
C@CP 3447 0.00749913851 0.180285572 -0.000251095829 0 0 0
C@CP 3448 -0.119823281 -0.251476797 0.233370599 0 0 0
C@CP 3449 0.0356093124 0.169073344 0.309270367 0 0 0
C@CP 3450 -0.165514208 -0.0724171151 -0.056192346 0 0 0
C@CP 3451 0.295111615 0.0601203278 -0.15732679 0 0 0
C@CP 3452 0.0287425826 -0.353854467 -0.293482729 0 0 0
C@CP 3453 0.182232652 0.0775103245 0.101942642 0 0 0
C@CP 3454 -0.0580061475 0.109174323 -0.295852863 0 0 0
C@CP 3455 -0.333506649 -0.193516759 0.208889957 0 0 0
C@CP 3456 -0.189334688 0.186972149 0.100277442 0 0 0
C@CP 3457 0.174138802 -0.285825064 -0.0143443715 0 0 0
C@CP 3458 -0.119553438 0.322702649 0.256631453 0 0 0
C@CP 3459 -0.101778369 -0.111795253 0.170601151 0 0 0
C@CP 3460 -0.0561067051 -0.0485123953 0.116204208 0 0 0
C@CP 3461 -0.310253665 -0.227111826 0.0789735591 0 0 0
C@CP 3462 0.163453923 0.202077199 -0.274123168 0 0 0
C@CP 3463 -0.0205280034 -0.0406372624 -0.183393341 0 0 0
C@CP 3464 -0.0761420599 0.155623036 0.0479959533 0 0 0
C@CP 3465 0.309759493 -0.150507079 0.14692679 0 0 0
C@CP 3466 0.103776999 -0.0968091865 0.276706979 0 0 0
C@CP 3467 0.28636822 -0.309396792 -0.00668290514 0 0 0
C@CP 3468 0.0849876707 0.0161689854 -0.172570119 0 0 0
C@CP 3469 -0.150163665 0.175856801 0.406039866 0 0 0
C@CP 3470 -0.40169849 -0.0533788636 -0.152493137 0 0 0
C@CP 3471 0.13844489 -0.378076358 -0.217473564 0 0 0
C@CP 3472 0.140813393 -0.152673802 0.0698057243 0 0 0
C@CP 3473 0.226734166 0.322886589 0.0226168046 0 0 0
C@CP 3474 -0.162945144 0.0640201232 -0.0786256157 0 0 0
C@CP 3475 0.200002722 0.211746207 0.00763761045 0 0 0
C@CP 3476 -0.162583733 0.116986055 0.000663185498 0 0 0
C@CP 3477 -0.0851748506 0.183408742 -0.222161195 0 0 0
C@CP 3478 -0.205872935 0.206243219 0.0781725555 0 0 0
C@CP 3479 0.224260318 -0.103711526 -0.363439926 0 0 0
C@CP 3480 -0.224095081 -0.191037217 -0.301546395 0 0 0
C@CP 3481 0.157838566 -0.249059788 0.161299676 0 0 0
C@CP 3482 -0.0461191131 0.212860362 -0.380826231 0 0 0
C@CP 3483 -0.0259627874 0.141133317 -0.259911486 0 0 0
C@CP 3484 -0.240318416 0.170315045 0.28283672 0 0 0
C@CP 3485 0.178314252 0.43927561 0.0104197037 0 0 0
C@CP 3486 -0.230441179 0.249280358 0.0553462874 0 0 0
C@CP 3487 0.433036278 -0.147619059 -0.100536442 0 0 0
C@CP 3488 0.186950645 -0.00394432587 0.155901154 0 0 0
C@CP 3489 -0.075893148 0.384424301 0.0270838251 0 0 0
C@CP 3490 -0.245987965 -0.0297507165 0.192702759 0 0 0
C@CP 3491 -0.0584983991 -0.265877067 -0.169230157 0 0 0
C@CP 3492 0.133645614 -0.275078643 -0.0525295315 0 0 0
C@CP 3493 0.0801946632 -0.156285432 0.0984536617 0 0 0
C@CP 3494 0.22435101 0.309039533 0.0558138269 0 0 0
C@CP 3495 -0.217393108 0.337446162 -0.0544547076 0 0 0
C@CP 3496 0.179441521 -0.319274896 -0.158961528 0 0 0
C@CP 3497 0.219668193 0.410163751 0.0180048499 0 0 0
C@CP 3498 0.125033449 -0.110446752 0.406134378 0 0 0
C@CP 3499 -0.213563638 -0.351151148 0.0046900427 0 0 0
