B@CP 1000 -0.0604557502 -0.27331912 -0.27582146 0 0 0
B@CP 1002 0.213108089 -0.0796495032 -0.0659247218 0 0 0
B@CP 1003 -0.267230761 -0.182968749 0.236517306 0 0 0
B@CP 1006 0.270764587 -0.354091281 -0.067377535 0 0 0
B@CP 1007 0.0650281591 -0.348544251 -0.11810664 0 0 0
B@CP 1008 0.250136036 -0.28968409 -0.0606022356 0 0 0
B@CP 1011 -0.0408568131 -0.39580434 -0.206840788 0 0 0
B@CP 1015 0.387835922 -0.10770984 -0.0898232347 0 0 0
B@CP 1019 0.202375302 0.0731446362 -0.0425234642 0 0 0
B@CP 1024 0.0226310235 -0.37886267 -0.197390803 0 0 0
B@CP 1036 -0.0949359317 0.0133160863 0.171625129 0 0 0
B@CP 1037 -0.173621975 -0.152870676 0.348843388 0 0 0
B@CP 1042 -0.193420318 -0.291660919 -0.176972231 0 0 0
B@CP 1045 -0.0842859723 0.309807628 0.0964397474 0 0 0
B@CP 1047 -0.0713184105 0.00735212199 -0.189425626 0 0 0
B@CP 1049 -0.0194736036 -0.196664854 -0.266106057 0 0 0
B@CP 1052 0.00906158928 0.107985042 0.0674736623 0 0 0
B@CP 1056 0.356752508 0.125928302 -0.0282809036 0 0 0
B@CP 1058 -0.309600902 -0.202227686 -0.120175643 0 0 0
B@CP 1062 -0.24552508 -0.22666332 -0.265337844 0 0 0
B@CP 1063 -0.206095205 0.0951519261 -0.0423441755 0 0 0
B@CP 1064 -0.291430551 -0.307105469 0.0155679282 0 0 0
B@CP 1066 -0.0894655287 0.183907175 0.079458058 0 0 0
B@CP 1067 -0.00847594795 0.229387104 -0.15910166 0 0 0
B@CP 1073 -0.171876923 -0.396763636 0.0695964334 0 0 0
B@CP 1078 -0.100470962 -0.323843147 0.0897122473 0 0 0
B@CP 1080 -0.0825155928 -0.191334731 -0.116648279 0 0 0
B@CP 1083 -0.129080301 -0.17674728 0.352210629 0 0 0
B@CP 1087 -0.0692494549 -0.158413401 0.134414022 0 0 0
B@CP 1088 -0.0225432067 -0.244171144 -0.147645131 0 0 0
B@CP 1089 -0.0287261256 0.145891707 0.214577386 0 0 0
B@CP 1090 0.171051815 -0.170299952 -0.402890561 0 0 0
B@CP 1091 -0.194974142 0.219002642 0.0553137555 0 0 0
B@CP 1096 -0.104354461 -0.241172079 -0.195155272 0 0 0
B@CP 1101 -0.042013152 0.0523526217 -0.214775772 0 0 0
B@CP 1103 -0.0976763128 -0.107282145 0.162986511 0 0 0
B@CP 1105 -0.133359823 0.066690447 0.0706249065 0 0 0
B@CP 1107 0.0881366436 -0.441690487 0.0908479241 0 0 0
B@CP 1110 0.358386994 0.280387892 -0.035766411 0 0 0
B@CP 1113 0.271936699 0.281542292 -0.0612265206 0 0 0
B@CP 1116 0.10773192 -0.108284723 -0.0600595173 0 0 0
B@CP 1117 -0.118315354 -0.0758820406 0.438860098 0 0 0
B@CP 1118 0.259440066 0.049335924 0.158751577 0 0 0
B@CP 1119 -0.0421657754 0.114261702 0.190163125 0 0 0
B@CP 1121 0.00578961753 -0.0505612131 -0.218296156 0 0 0
B@CP 1125 -0.28839393 -0.319591387 0.179008717 0 0 0
B@CP 1129 -0.125855836 -0.43279778 -0.0423932948 0 0 0
B@CP 1130 -0.0010981252 0.221332597 0.132303117 0 0 0
B@CP 1131 0.034966532 -0.293854091 0.271067735 0 0 0
B@CP 1133 -0.384993536 -0.0744260406 -0.0965472694 0 0 0
B@CP 1136 -0.278496172 -0.088989557 0.291015676 0 0 0
B@CP 1139 -0.307126238 -0.1543711 0.0340383701 0 0 0
B@CP 1145 -0.189344697 0.0840707115 0.328644712 0 0 0
B@CP 1148 0.236796539 -0.140995024 -0.215481921 0 0 0
B@CP 1151 -0.0437166391 0.011833333 0.331926301 0 0 0
B@CP 1156 -0.0342909248 0.016549636 -0.378523272 0 0 0
B@CP 1157 -0.217401649 -0.0737239303 0.254932544 0 0 0
B@CP 1163 -0.16766804 0.31918338 -0.0828735644 0 0 0
B@CP 1165 0.18850541 -0.21647577 -0.287392522 0 0 0
B@CP 1167 -0.324095923 -0.153744625 -0.0619259443 0 0 0
B@CP 1170 -0.0944855757 0.219800669 -0.137778541 0 0 0
B@CP 1173 0.0360878987 0.225141581 -0.0374557131 0 0 0
B@CP 1175 -0.379692675 0.161088878 0.210453129 0 0 0
B@CP 1176 -0.114933532 -0.0739920029 0.336949685 0 0 0
B@CP 1178 0.354073629 -0.109503686 0.109498475 0 0 0
B@CP 1180 0.297633126 -0.329099633 0.0665612973 0 0 0
B@CP 1188 0.0553641096 -0.156115373 0.393711029 0 0 0
B@CP 1189 0.0879830445 -0.363504894 -0.204227401 0 0 0
B@CP 1191 0.183407969 -0.0877992786 -0.421992834 0 0 0
B@CP 1196 -0.297939426 0.127384273 -0.228853298 0 0 0
B@CP 1201 0.0618189098 0.294769351 0.344770856 0 0 0
B@CP 1203 -0.282432589 0.17111791 -0.24386473 0 0 0
B@CP 1205 0.204188665 0.431779759 -0.010960921 0 0 0
B@CP 1206 0.176661183 0.194226213 0.105132463 0 0 0
B@CP 1210 -0.289850729 -0.255905132 -0.0509112123 0 0 0
B@CP 1212 -0.28420745 0.0174505902 0.18708808 0 0 0
B@CP 1214 0.146846813 0.306818582 -0.0310336249 0 0 0
B@CP 1215 -0.111688688 0.152142262 -0.283015727 0 0 0
B@CP 1216 0.202623092 0.247320176 0.142616722 0 0 0
B@CP 1222 0.0601347717 -0.0952286567 0.324010369 0 0 0
B@CP 1226 -0.2047622 -0.261357962 -0.0918443925 0 0 0
B@CP 1232 -0.0865574687 -0.153977447 -0.241327696 0 0 0
B@CP 1238 -0.173261243 -0.387356837 0.0463024959 0 0 0
B@CP 1242 -0.126523873 -0.243353338 0.0242268282 0 0 0
B@CP 1243 -0.23614344 -0.244772968 -0.0406265806 0 0 0
B@CP 1246 -0.0839665238 0.154920767 -0.390885871 0 0 0
B@CP 1247 -0.241625526 -0.0421286862 0.237849339 0 0 0
B@CP 1250 -0.185161794 -0.323057585 0.0481692618 0 0 0
B@CP 1253 -0.0646760966 0.123157028 0.146157321 0 0 0
B@CP 1255 0.405177353 -0.192758565 -0.106973951 0 0 0
B@CP 1256 0.0373076065 -0.206550424 -0.235454892 0 0 0
B@CP 1257 -0.00573200563 -0.248188772 0.166619558 0 0 0
B@CP 1259 -0.268136323 0.0586162153 -0.0979068739 0 0 0
B@CP 1263 -0.00749897008 0.153586389 -0.188064681 0 0 0
B@CP 1264 0.192024414 0.409075851 0.103672069 0 0 0
B@CP 1268 0.255672045 -0.12054891 0.21253096 0 0 0
B@CP 1269 0.00439328163 0.359587059 0.0662932658 0 0 0
B@CP 1273 -0.0434903903 0.268340312 0.39240453 0 0 0
B@CP 1274 0.0981107768 -0.221747756 0.22980815 0 0 0
B@CP 1275 -0.183165572 0.122135715 0.329671038 0 0 0
B@CP 1276 0.0829798503 0.0568780283 -0.329614434 0 0 0
B@CP 1282 -0.175882291 -0.132286062 -0.047544742 0 0 0
B@CP 1283 0.307296275 0.256813423 -0.00182110583 0 0 0
B@CP 1284 0.160330348 0.131633925 0.212190988 0 0 0
B@CP 1291 -0.0502475163 0.37357395 -0.186254547 0 0 0
B@CP 1292 0.352987323 -0.0735844222 0.139047383 0 0 0
B@CP 1305 0.156455085 0.291709557 -0.119983792 0 0 0
B@CP 1308 -0.0512315741 -0.144810235 -0.283928102 0 0 0
B@CP 1312 -0.212966734 0.0745023024 -0.0966175913 0 0 0
B@CP 1313 0.23729997 -0.0970809832 -0.0904469154 0 0 0
B@CP 1316 -0.0404141719 -0.218026824 -0.392497164 0 0 0
B@CP 1317 0.0667740241 0.159952717 0.429568556 0 0 0
B@CP 1324 -0.107176677 -0.426560899 0.0424944061 0 0 0
B@CP 1326 0.0631836644 0.120464987 -0.148924867 0 0 0
B@CP 1329 -0.142545787 0.207308943 -0.0325666513 0 0 0
B@CP 1331 -0.289135151 0.276627404 0.0584545408 0 0 0
B@CP 1333 0.175833101 -0.0792414039 -0.275276189 0 0 0
B@CP 1340 0.27243869 0.0291403634 -0.0261620639 0 0 0
B@CP 1344 -0.306673063 -0.216582497 -0.140360296 0 0 0
B@CP 1348 0.084223805 -0.204308436 -0.223979025 0 0 0
B@CP 1350 -0.192595553 0.361443119 -0.0262693216 0 0 0
B@CP 1355 0.246254943 0.045124518 0.30581101 0 0 0
B@CP 1360 0.0955452856 0.0401288631 -0.0976205212 0 0 0
B@CP 1361 0.0800572146 0.0875617948 0.126315049 0 0 0
B@CP 1362 -0.0272770087 0.121438689 -0.283725838 0 0 0
B@CP 1365 -0.220360828 -0.349461912 -0.168807914 0 0 0
B@CP 1367 0.356238867 -0.232589174 0.0131279839 0 0 0
B@CP 1368 0.137351227 -0.188428283 -0.0899308789 0 0 0
B@CP 1370 -0.269003425 -0.0829632911 -0.209879011 0 0 0
B@CP 1371 0.121301117 -0.0841675799 0.22810495 0 0 0
B@CP 1376 -0.0137931712 -0.208971278 -0.425743136 0 0 0
B@CP 1380 -0.0314244105 -0.30973877 -0.303517437 0 0 0
B@CP 1391 -0.264751051 0.266277025 -0.151516904 0 0 0
B@CP 1393 -0.209472423 0.0395156036 0.00875183707 0 0 0
B@CP 1395 0.0913296389 -0.0610889863 0.207749021 0 0 0
B@CP 1396 0.0246715786 -0.104572494 -0.424188873 0 0 0
B@CP 1397 0.290548866 0.328215159 -0.00429923515 0 0 0
B@CP 1402 -0.285600086 -0.225322499 0.168856608 0 0 0
B@CP 1404 0.0298619831 -0.126072209 0.13868287 0 0 0
B@CP 1406 0.184294664 -0.0903255216 0.418171654 0 0 0
B@CP 1410 -0.199078517 0.0290654121 0.00356033395 0 0 0
B@CP 1413 0.0710329401 -0.0793244509 -0.229456314 0 0 0
B@CP 1416 -0.0945170741 0.228863356 -0.010215789 0 0 0
B@CP 1417 -0.0580573663 0.198627799 -0.201366014 0 0 0
B@CP 1419 -0.0456155726 0.198252908 0.210393172 0 0 0
B@CP 1428 0.0305586227 -0.172076985 -0.123795227 0 0 0
B@CP 1430 0.112807451 -0.132759251 -0.082190305 0 0 0
B@CP 1431 -0.160460267 -0.361122616 0.0130861524 0 0 0
B@CP 1435 0.0334227628 -0.312030026 -0.0902243086 0 0 0
B@CP 1437 -0.239186445 0.154391827 0.261155813 0 0 0
B@CP 1443 0.280628737 -0.211473911 0.0747157325 0 0 0
B@CP 1445 -0.0537154946 -0.0662745143 0.235656464 0 0 0
B@CP 1446 0.150207998 -0.0959446291 -0.0788341301 0 0 0
B@CP 1453 -0.017664796 0.46381762 0.0741384676 0 0 0
B@CP 1454 0.0388575994 -0.0344347215 0.199892437 0 0 0
B@CP 1456 -0.170687558 0.0976927546 0.363038802 0 0 0
B@CP 1461 0.323025623 -0.191821826 -0.00740938372 0 0 0
B@CP 1462 0.0135509638 0.0151853324 -0.218902385 0 0 0
B@CP 1463 0.395659937 0.0126310445 0.0493488431 0 0 0
B@CP 1467 -0.169147959 0.238471173 0.173866435 0 0 0
B@CP 1469 0.292538629 0.369263075 0.0142027028 0 0 0
B@CP 1472 -0.0841198497 0.244822283 0.209253815 0 0 0
B@CP 1473 0.182016537 -0.15213803 -0.146804073 0 0 0
B@CP 1477 -0.172454881 0.301786286 -0.0633771836 0 0 0
B@CP 1478 0.344308598 0.139480317 -0.0559868464 0 0 0
B@CP 1481 0.191823412 -0.186446811 -0.201054638 0 0 0
B@CP 1484 -0.281080092 -0.0930418214 -0.242145747 0 0 0
B@CP 1486 0.38913999 0.0466132079 0.113371187 0 0 0
B@CP 1487 -0.279681519 -0.00340486306 0.293034446 0 0 0
B@CP 1488 0.161374041 -0.202722734 0.32484047 0 0 0
B@CP 1492 -0.126702749 -0.275766553 0.0858931081 0 0 0
B@CP 1493 0.277383553 0.0774038444 0.305692478 0 0 0
B@CP 1495 0.234554431 0.0743803317 0.218746506 0 0 0
B@CP 1499 0.17185907 0.00618365439 -0.0760487503 0 0 0
B@CP 1501 0.092731544 -0.114435356 -0.354642223 0 0 0
B@CP 1503 0.442583174 -0.118358578 -0.0453308006 0 0 0
B@CP 1506 -0.4319122 -0.0499337149 0.107445081 0 0 0
B@CP 1507 0.206739571 -0.22902771 -0.0411067726 0 0 0
B@CP 1508 0.124954478 -0.166791852 0.142036988 0 0 0
B@CP 1512 -0.054197754 -0.327210748 0.166975473 0 0 0
B@CP 1516 -0.307077625 -0.0823943577 0.14773906 0 0 0
B@CP 1518 0.165947612 -0.163204142 -0.222050517 0 0 0
B@CP 1523 0.0267233872 -0.0406046863 0.216054863 0 0 0
B@CP 1524 0.0694276261 -0.310117249 0.158635865 0 0 0
B@CP 1526 -0.221338088 -0.357339103 0.0410718869 0 0 0
B@CP 1530 -0.0275336872 -0.273996161 0.395418327 0 0 0
B@CP 1531 -0.427281207 -0.0526282346 -0.0849493789 0 0 0
B@CP 1532 -0.181412854 0.209150677 0.0742109699 0 0 0
B@CP 1534 0.118132716 0.449546196 0.0133126261 0 0 0
B@CP 1535 0.159517377 -0.027566236 0.349375604 0 0 0
B@CP 1536 0.385789049 -0.227096643 -0.135882455 0 0 0
B@CP 1541 0.316205413 -0.0368462511 0.287621741 0 0 0
B@CP 1542 0.160781321 0.0962690344 -0.305789501 0 0 0
B@CP 1543 -0.0893630294 0.268654497 0.10276334 0 0 0
B@CP 1546 0.281935205 -0.151468823 0.0388468284 0 0 0
B@CP 1556 -0.096474853 -0.0538785793 0.385593138 0 0 0
B@CP 1557 -0.278347634 0.123553919 0.162724265 0 0 0
B@CP 1558 0.285203512 -0.0710326235 -0.356338 0 0 0
B@CP 1565 -0.16040847 -0.382581859 -0.18104295 0 0 0
B@CP 1568 -0.22076763 0.299029401 0.0119624418 0 0 0
B@CP 1573 -0.247714136 -0.156013505 -0.226950791 0 0 0
B@CP 1578 -0.201164596 0.235653065 -0.154942363 0 0 0
B@CP 1586 -0.293097258 -0.16503023 -0.0853704367 0 0 0
B@CP 1597 -0.0139042517 -0.434307435 0.00253193092 0 0 0
B@CP 1599 -0.255608236 0.358616933 -0.129984031 0 0 0
B@CP 1600 0.289784753 -0.178328964 -0.152690702 0 0 0
B@CP 1602 0.0285183529 -0.0362226921 -0.0957782343 0 0 0
B@CP 1603 0.162914558 0.134467001 -0.214694105 0 0 0
B@CP 1604 0.0541002402 0.373346938 0.0642312046 0 0 0
B@CP 1605 -0.17702667 0.010809761 -0.0138783354 0 0 0
B@CP 1611 0.0806126284 0.143466947 0.367935164 0 0 0
B@CP 1625 0.0139904218 -0.433577769 0.0132121752 0 0 0
B@CP 1635 -0.125512596 -0.172057957 0.350707944 0 0 0
B@CP 1637 0.221744482 -0.326904031 0.00453485697 0 0 0
B@CP 1638 -0.110730748 -0.247757841 0.151250703 0 0 0
B@CP 1640 0.0850304854 -0.211780241 0.00979542346 0 0 0
B@CP 1641 -0.379036673 -0.0257569966 -0.00571407296 0 0 0
B@CP 1646 0.22152163 -0.320126119 -0.101302436 0 0 0
B@CP 1650 0.208842208 -0.0387779496 0.112926774 0 0 0
B@CP 1651 -0.0267160954 0.137589053 0.41190425 0 0 0
B@CP 1652 -0.123847887 -0.419714073 0.114103179 0 0 0
B@CP 1656 -0.284185923 -0.282494222 0.0677236418 0 0 0
B@CP 1665 -0.00875577423 0.323617546 0.179268777 0 0 0
B@CP 1670 -0.206450382 0.113862476 -0.214937292 0 0 0
B@CP 1671 0.215219889 -0.127411647 0.185459223 0 0 0
B@CP 1674 -0.110092059 0.0543690433 -0.31408154 0 0 0
B@CP 1676 -0.368234726 0.211832257 0.110514917 0 0 0
B@CP 1681 0.13301393 0.124971896 -0.179944643 0 0 0
B@CP 1684 -0.238600389 -0.00374753172 -0.0312004992 0 0 0
B@CP 1687 -0.200371966 0.400071802 0.124208559 0 0 0
B@CP 1690 0.0464634261 0.0127645451 -0.0558806092 0 0 0
B@CP 1692 0.266717733 -0.0267249237 -0.137882077 0 0 0
B@CP 1693 0.1215466 -0.0318492937 -0.246374191 0 0 0
B@CP 1695 0.277848295 0.268325163 -0.0176936654 0 0 0
B@CP 1696 0.251496498 0.0819862636 -0.00887664585 0 0 0
B@CP 1697 -0.0793407547 0.0367739084 0.271172806 0 0 0
B@CP 1698 -0.168380963 -0.350731094 -0.0360949349 0 0 0
B@CP 1699 0.361498977 0.257427007 0.0621613203 0 0 0
B@CP 1702 -0.213124541 -0.134037067 0.0172354015 0 0 0
B@CP 1707 0.202327577 0.0178507069 -0.0467480196 0 0 0
B@CP 1708 0.0754990831 -0.131713896 -0.075689797 0 0 0
B@CP 1710 0.0343444686 -0.11260605 0.375700815 0 0 0
B@CP 1714 0.0708267493 -0.24523425 -0.383208147 0 0 0
B@CP 1715 0.277522072 -0.0783209708 -0.147740745 0 0 0
B@CP 1724 0.443638345 -0.013640902 -0.0270373713 0 0 0
B@CP 1725 0.0429564539 -0.0171974216 0.12405718 0 0 0
B@CP 1726 -0.163810156 -0.363692676 0.186475797 0 0 0
B@CP 1731 -0.177018552 0.206229078 -0.242405982 0 0 0
B@CP 1733 -0.163988177 0.269810142 -0.289316545 0 0 0
B@CP 1735 0.0932685654 -0.16698607 -0.349449931 0 0 0
B@CP 1741 -0.197748294 -0.0740807451 0.183050732 0 0 0
B@CP 1742 -0.196959622 0.250543301 0.344197937 0 0 0
B@CP 1745 0.40232163 0.0382848978 0.242685586 0 0 0
B@CP 1747 -0.0244706728 0.32241523 0.00446365388 0 0 0
B@CP 1750 -0.305674558 0.296087147 0.143478477 0 0 0
B@CP 1751 -0.127429545 -0.176239476 -0.0159257918 0 0 0
B@CP 1755 -0.256054382 -0.18888313 -0.255673845 0 0 0
B@CP 1757 0.247712844 -0.107038037 -0.357308421 0 0 0
B@CP 1762 -0.317347544 0.341633132 0.0494837754 0 0 0
B@CP 1767 0.0923045369 0.24172788 -0.0652316493 0 0 0
B@CP 1770 0.275245261 -0.167352377 -0.23215335 0 0 0
B@CP 1778 -0.0757856406 -0.164461578 -0.429408107 0 0 0
B@CP 1779 0.071380982 0.291726935 -0.242900339 0 0 0
B@CP 1782 0.164166356 -0.0947592625 -0.404598294 0 0 0
B@CP 1784 -0.104807658 0.220938741 -0.33037075 0 0 0
B@CP 1793 -0.124916634 0.200668526 -0.178968299 0 0 0
B@CP 1800 0.15585387 0.0395649454 -0.160313432 0 0 0
B@CP 1803 -0.0417198371 0.235768478 -0.151538712 0 0 0
B@CP 1804 0.0785880894 -0.431739901 0.0104072365 0 0 0
B@CP 1814 -0.114167064 -0.235419699 -0.137602944 0 0 0
B@CP 1816 -0.169954588 -0.35096445 0.0329168001 0 0 0
B@CP 1820 0.23881576 0.217970841 -0.0137491101 0 0 0
B@CP 1822 -0.249070517 -0.017100192 0.0331658031 0 0 0
B@CP 1827 0.226026454 -0.0836663898 -0.0688102871 0 0 0
B@CP 1828 -0.101320673 -0.209649228 0.313797057 0 0 0
B@CP 1835 0.286757414 0.169281304 -0.220869055 0 0 0
B@CP 1837 -0.191220946 0.1297295 -0.193159121 0 0 0
B@CP 1842 -0.0321276317 -0.0314529548 -0.053930597 0 0 0
B@CP 1843 0.0818681892 0.077378765 0.00642794643 0 0 0
B@CP 1845 0.114108463 -0.33652617 0.21967096 0 0 0
B@CP 1848 -0.271731899 0.0693245028 -0.333561832 0 0 0
B@CP 1852 0.20085048 -0.252311799 0.321695508 0 0 0
B@CP 1856 0.154734578 0.0544507233 -0.144051468 0 0 0
B@CP 1858 0.0684648664 -0.292793758 0.223228647 0 0 0
B@CP 1859 0.186035654 -0.0689715358 0.129668773 0 0 0
B@CP 1862 0.0749287295 -0.00941582239 0.174481488 0 0 0
B@CP 1863 -0.309102165 -0.219433551 -0.0563066011 0 0 0
B@CP 1864 0.267831094 -0.0588410948 0.146429055 0 0 0
B@CP 1867 -0.191990736 -0.146951497 0.103147507 0 0 0
B@CP 1871 0.431262277 -0.0351121359 -0.126864542 0 0 0
B@CP 1873 -0.452280352 -0.045598146 -0.0780309908 0 0 0
B@CP 1876 -0.318058955 -0.0117597894 -0.0579876036 0 0 0
B@CP 1878 0.0949447389 -0.231040036 -0.0975379356 0 0 0
B@CP 1883 -0.0539721733 -0.147830396 0.0198198105 0 0 0
B@CP 1886 -0.105825447 0.0589399619 -0.423770684 0 0 0
B@CP 1891 0.361234657 0.16140858 0.239665412 0 0 0
B@CP 1893 0.331410886 -0.296637211 0.0911391219 0 0 0
B@CP 1894 -0.0343694891 -0.161563671 -0.407401479 0 0 0
B@CP 1897 0.0986947157 -0.0216161826 0.31568682 0 0 0
B@CP 1901 -0.124833114 0.274831724 0.353228536 0 0 0
B@CP 1903 -0.0105942193 0.127016592 0.225647432 0 0 0
B@CP 1905 -0.103840104 -0.386637062 -0.156897063 0 0 0
B@CP 1908 -0.0894542071 -0.160380065 0.342283362 0 0 0
B@CP 1913 -0.174269813 -0.334409442 0.117218382 0 0 0
B@CP 1914 -0.055877116 -0.437287857 0.0723548206 0 0 0
B@CP 1918 0.0525222206 0.0426205468 0.0370212321 0 0 0
B@CP 1919 0.279018118 -0.0408394008 -0.290551846 0 0 0
B@CP 1924 0.11241287 -0.218522973 -0.200863811 0 0 0
B@CP 1926 0.0802353266 -0.355469228 -0.0933111938 0 0 0
B@CP 1927 -0.06306476 -0.350261577 0.270559154 0 0 0
B@CP 1929 0.188958393 0.35675575 0.0423978874 0 0 0
B@CP 1936 -0.0897596438 -0.12105599 -0.14254198 0 0 0
B@CP 1940 0.116919987 -0.187131406 -0.164722994 0 0 0
B@CP 1941 0.0814741992 0.090889184 0.131621359 0 0 0
B@CP 1944 -0.0828208888 0.397232427 -0.00382600172 0 0 0
B@CP 1945 0.291124467 0.0601995404 -0.350954169 0 0 0
B@CP 1948 0.0671795049 0.0797027689 0.0358199639 0 0 0
B@CP 1949 0.0801899405 -0.0448700857 0.164286717 0 0 0
B@CP 1953 -0.034625892 -0.229386197 0.278177566 0 0 0
B@CP 1958 -0.284776045 -0.285588862 0.181469431 0 0 0
B@CP 1959 0.0704919575 -0.213243449 0.356021854 0 0 0
B@CP 1961 -0.208070757 -0.355164456 -0.103939659 0 0 0
B@CP 1963 0.280077792 0.131963916 0.17051433 0 0 0
B@CP 1964 -0.0867162781 -0.045976434 -0.351892454 0 0 0
B@CP 1966 0.241006618 -0.153923093 0.145028418 0 0 0
B@CP 1968 0.265742891 -0.0616191653 -0.126698039 0 0 0
B@CP 1969 0.18202579 0.110087031 0.234091507 0 0 0
B@CP 1970 0.377548781 -0.108138315 0.0243518191 0 0 0
B@CP 1972 -0.146134217 0.328534063 -0.236912332 0 0 0
B@CP 1973 -0.169324608 0.129023268 -0.215209261 0 0 0
B@CP 1978 -0.0461105536 0.327755257 0.120560968 0 0 0
B@CP 1979 -0.143137644 0.225223469 -0.0651354935 0 0 0
B@CP 1987 0.34429409 0.288536705 -0.153844466 0 0 0
B@CP 1989 -0.168178563 0.375166325 0.0446197509 0 0 0
B@CP 1992 -0.12556553 -0.447498346 0.0499618051 0 0 0
B@CP 1996 0.087952284 0.43408899 -0.00161075046 0 0 0
B@CP 1997 -0.284895742 -0.212266202 0.104479415 0 0 0
B@CP 2003 0.153310835 -0.286466189 0.139885978 0 0 0
B@CP 2006 -0.349281966 -0.00613510686 -0.156663202 0 0 0
B@CP 2008 -0.168124627 0.153200443 0.111611556 0 0 0
B@CP 2009 -0.181943489 0.0717834091 0.392272378 0 0 0
B@CP 2011 -0.276951621 0.0954105278 -0.0909789207 0 0 0
B@CP 2013 0.269200932 -0.261200785 -0.263451157 0 0 0
B@CP 2014 0.102624526 0.103111516 0.021276319 0 0 0
B@CP 2015 0.0810346416 0.0765725812 -0.0264364754 0 0 0
B@CP 2016 -0.197271407 -0.133077623 -0.402510957 0 0 0
B@CP 2020 0.020667231 -0.345109672 0.170055963 0 0 0
B@CP 2024 -0.297124427 -0.17490936 0.0979234823 0 0 0
B@CP 2025 -0.119117035 0.352489836 0.18102051 0 0 0
B@CP 2027 -0.0302741075 -0.319865995 -0.220940544 0 0 0
B@CP 2028 -0.382896827 0.142709048 0.220584818 0 0 0
B@CP 2035 -0.0932128417 0.0724073973 -0.148433042 0 0 0
B@CP 2039 -0.425596555 -0.0176913703 -0.0195997115 0 0 0
B@CP 2041 -0.279583759 -0.0742840785 0.188730739 0 0 0
B@CP 2043 0.175632449 -0.0375558728 -0.0654545312 0 0 0
B@CP 2044 0.177203391 0.0453621657 -0.110593082 0 0 0
B@CP 2045 0.0541617764 -0.31311422 0.106805735 0 0 0
B@CP 2062 0.138305404 -0.125622693 0.318574267 0 0 0
B@CP 2063 0.0138118418 0.372947518 -0.0453302665 0 0 0
B@CP 2066 0.171478827 -0.0935896982 -0.0829608241 0 0 0
B@CP 2068 0.38119823 -0.177054137 0.117617845 0 0 0
B@CP 2072 -0.315069425 0.0746805882 0.277526041 0 0 0
B@CP 2074 -0.435558402 0.0657111852 0.0645348465 0 0 0
B@CP 2076 -0.0635337636 -0.0170656443 0.421662687 0 0 0
B@CP 2079 0.206866149 -0.0728722562 -0.204204983 0 0 0
B@CP 2086 0.14191004 0.306403296 0.191253969 0 0 0
B@CP 2088 -0.2337781 0.395966375 0.0145003287 0 0 0
B@CP 2092 0.164604012 -0.172581278 0.298708513 0 0 0
B@CP 2093 0.0220450324 0.238473775 0.393160169 0 0 0
B@CP 2099 0.211697098 0.152812267 0.400681957 0 0 0
B@CP 2107 0.00978384508 0.0942525879 0.318390674 0 0 0
B@CP 2114 -0.290909771 0.0203765099 0.145387203 0 0 0
B@CP 2115 0.0505774125 0.172690039 -0.203528018 0 0 0
B@CP 2117 -0.401153294 -0.0347439231 0.118525361 0 0 0
B@CP 2119 0.0893654118 -0.33650934 -0.120437863 0 0 0
B@CP 2120 0.344849279 -0.0644383919 -0.259043295 0 0 0
B@CP 2122 -0.138229673 -0.161477699 -0.061060527 0 0 0
B@CP 2126 0.15948584 0.102647448 -0.270655325 0 0 0
B@CP 2130 -0.423238691 -0.0281550038 0.132925383 0 0 0
B@CP 2131 0.32122769 0.159387555 -0.0407984604 0 0 0
B@CP 2132 -0.0267058616 0.198997019 0.125617276 0 0 0
B@CP 2134 -0.0123925211 -0.0933868973 0.307459711 0 0 0
B@CP 2136 0.15730502 -0.0362333166 0.403553331 0 0 0
B@CP 2137 -0.0135386756 0.142503599 -0.341046358 0 0 0
B@CP 2138 0.288739793 0.0440140555 0.294208078 0 0 0
B@CP 2143 -0.212161058 -0.0775071632 -0.31814786 0 0 0
B@CP 2151 0.213909581 -0.0420291331 0.227767873 0 0 0
B@CP 2152 -0.182455449 -0.0630405209 0.0345413982 0 0 0
B@CP 2163 -0.127680345 -0.0642384924 0.336225173 0 0 0
B@CP 2169 -0.254417008 -0.385838466 0.000499736397 0 0 0
B@CP 2174 -0.20931731 0.152139684 0.37818867 0 0 0
B@CP 2175 0.148365286 0.165613343 0.233418022 0 0 0
B@CP 2177 -0.168509099 -0.031795054 0.0324852125 0 0 0
B@CP 2183 0.395592769 0.141151717 0.203885456 0 0 0
B@CP 2184 0.0899068196 0.266665016 -0.240793054 0 0 0
B@CP 2195 -0.0234715892 0.235769202 0.324259503 0 0 0
B@CP 2201 0.250199072 -0.0236066473 0.0794563177 0 0 0
B@CP 2202 -0.141854486 0.156801535 -0.375255502 0 0 0
B@CP 2205 -0.024077222 0.455453443 0.0924381247 0 0 0
B@CP 2206 -0.143477726 -0.38395267 -0.179040769 0 0 0
B@CP 2209 -0.414179277 -0.0984723095 -0.188799303 0 0 0
B@CP 2211 0.241309139 0.16245177 -0.267872492 0 0 0
B@CP 2212 0.232478058 -0.410292009 0.034175355 0 0 0
B@CP 2214 -0.0469234652 -0.0245953016 0.335601857 0 0 0
B@CP 2215 0.275859359 -0.136055416 0.127953531 0 0 0
B@CP 2223 -0.118178278 -0.179979128 0.190714614 0 0 0
B@CP 2225 0.0394581468 0.180498252 -0.22237846 0 0 0
B@CP 2228 -0.0875464549 -0.19762824 0.096982938 0 0 0
B@CP 2233 -0.294235285 0.113080978 -0.320542345 0 0 0
B@CP 2245 -0.36714257 -0.0241446045 0.00696176721 0 0 0
B@CP 2248 -0.245163267 -0.310097651 0.105258884 0 0 0
B@CP 2251 0.120237468 -0.169259757 -0.388204486 0 0 0
B@CP 2253 0.161943142 0.0488819505 0.362793601 0 0 0
B@CP 2254 -0.0984278819 -0.0136136485 0.19399767 0 0 0
B@CP 2259 -0.129534989 0.0327082386 0.150815185 0 0 0
B@CP 2260 -0.300886402 -0.0786079586 0.0173721476 0 0 0
B@CP 2262 -0.144167411 0.0251792182 0.153125587 0 0 0
B@CP 2265 0.203548634 0.217181411 -0.257034766 0 0 0
B@CP 2267 -0.0681859584 -0.279679029 -0.209480868 0 0 0
B@CP 2268 0.0119741715 0.234100894 -0.153560144 0 0 0
B@CP 2272 0.101073512 0.0711547412 -0.233979381 0 0 0
B@CP 2273 -0.0226040803 0.381138782 0.12722674 0 0 0
B@CP 2274 0.027066695 0.415127895 0.0143704691 0 0 0
B@CP 2278 0.177399402 -0.20563274 -0.34000148 0 0 0
B@CP 2279 0.294023333 -0.303163326 -0.102734448 0 0 0
B@CP 2280 -0.0356996629 -0.132627596 0.0181897235 0 0 0
B@CP 2281 0.138516053 0.201080464 0.260124066 0 0 0
B@CP 2283 -0.0819194703 -0.287932386 0.0980949347 0 0 0
B@CP 2285 0.13044325 0.363580631 0.112406118 0 0 0
B@CP 2291 0.400573293 -0.161230301 0.0676099336 0 0 0
B@CP 2293 0.0373575593 -0.05645852 0.437610938 0 0 0
B@CP 2294 -0.43246285 -0.0296821696 -0.189259528 0 0 0
B@CP 2299 0.0631900244 -0.0900701188 -0.168099673 0 0 0
B@CP 2301 -0.430744912 0.096867713 0.120762328 0 0 0
B@CP 2310 -0.165831425 -0.222132436 -0.0810755953 0 0 0
B@CP 2313 0.0355226497 0.22569608 0.26362353 0 0 0
B@CP 2316 -0.0333126831 0.0524258137 -0.152237773 0 0 0
B@CP 2318 -0.110819255 -0.451897124 -0.0349792377 0 0 0
B@CP 2319 -0.152371893 0.15367914 0.0172167838 0 0 0
B@CP 2321 -0.0544599787 -0.260082181 0.233466945 0 0 0
B@CP 2323 0.268988683 0.267806868 0.0910872223 0 0 0
B@CP 2325 0.0781007342 -0.393598196 -0.0443339711 0 0 0
B@CP 2332 0.0647617697 -0.152507192 -0.184555543 0 0 0
B@CP 2339 -0.0621342742 0.148991286 0.413702704 0 0 0
B@CP 2343 -0.0846403743 0.0329902565 0.326706992 0 0 0
B@CP 2345 -0.08982747 -0.313266023 0.334952911 0 0 0
B@CP 2346 -0.320317789 -0.0938256623 -0.00725498284 0 0 0
B@CP 2347 -0.263833384 0.335229396 0.186615445 0 0 0
B@CP 2348 0.274001102 0.236858773 -0.271691217 0 0 0
B@CP 2349 -0.026642798 0.15232233 -0.134426586 0 0 0
B@CP 2354 -0.129310091 0.444578416 0.0589124446 0 0 0
B@CP 2355 0.298161996 -0.291079658 0.0585597531 0 0 0
B@CP 2360 -0.137408328 -0.254934919 0.201145713 0 0 0
B@CP 2361 -0.305400116 -0.0728125411 -0.229155497 0 0 0
B@CP 2365 0.221814696 -0.248316412 -0.193167771 0 0 0
B@CP 2369 0.0808172233 0.167708833 0.00596866131 0 0 0
B@CP 2374 -0.02665005 0.150107239 -0.404568647 0 0 0
B@CP 2376 0.186125937 0.200873425 0.323646412 0 0 0
B@CP 2378 -0.116458418 -0.281444191 -0.171525983 0 0 0
B@CP 2379 0.13227882 0.0110748973 -0.378699189 0 0 0
B@CP 2381 0.0309187889 0.222332131 -0.268145964 0 0 0
B@CP 2389 0.207124564 0.385536357 -0.175899642 0 0 0
B@CP 2390 -0.414317312 -0.162562725 0.124124996 0 0 0
B@CP 2394 -0.172822369 -0.2731862 0.304756371 0 0 0
B@CP 2395 0.0455283406 -0.0663452536 -0.14781938 0 0 0
B@CP 2396 0.0987493233 0.157311078 -0.423091169 0 0 0
B@CP 2398 -0.133226892 -0.103979316 -0.436098415 0 0 0
B@CP 2407 -0.0467768232 -0.334637677 -0.123444009 0 0 0
B@CP 2409 -0.0160963951 0.159913182 -0.10644385 0 0 0
B@CP 2413 -0.120163999 0.29401428 0.134066146 0 0 0
B@CP 2414 -0.0527429969 0.0850770522 -0.189339512 0 0 0
B@CP 2415 0.338575226 -0.0772069822 -0.0925692573 0 0 0
B@CP 2421 0.0335885829 -0.0875829843 0.156889685 0 0 0
B@CP 2423 0.263276493 -0.267086695 0.254454248 0 0 0
B@CP 2428 -0.239519672 0.359729691 -0.0699966997 0 0 0
B@CP 2431 -0.116348635 0.0718040251 -0.170840088 0 0 0
B@CP 2432 0.385618749 0.123383178 0.0806807611 0 0 0
B@CP 2435 -0.352714916 -0.059347173 -0.123048339 0 0 0
B@CP 2437 -0.283477646 0.307814794 -0.204565951 0 0 0
B@CP 2438 0.251222876 -0.30747701 -0.0253641777 0 0 0
B@CP 2439 -0.143394265 -0.132187231 0.0098897703 0 0 0
B@CP 2440 0.0623655547 -0.0320496443 0.463305947 0 0 0
B@CP 2444 0.397960625 -0.0532093961 0.170964698 0 0 0
B@CP 2445 0.133156365 -0.0775053073 0.403087551 0 0 0
B@CP 2451 0.126706683 -0.0841424907 -0.143338762 0 0 0
B@CP 2455 0.368534688 -0.0908242888 -0.135050969 0 0 0
B@CP 2459 0.178884411 0.313712516 -0.0267838318 0 0 0
B@CP 2462 0.0678421705 0.206404386 -0.217960658 0 0 0
B@CP 2463 0.27879826 -0.101419762 -0.118545121 0 0 0
B@CP 2465 -0.191511819 0.257878145 -0.109633027 0 0 0
B@CP 2467 0.208072356 -0.296660133 0.0489049404 0 0 0
B@CP 2471 0.364962395 -0.0952320825 -0.0583217021 0 0 0
B@CP 2472 -0.434357477 -0.0770830809 0.00828880814 0 0 0
B@CP 2477 -0.165336431 0.143130372 -0.0187422945 0 0 0
B@CP 2478 -0.160467489 -0.139471593 -0.188519835 0 0 0
B@CP 2486 -0.0791532065 -0.355069662 -0.137772435 0 0 0
B@CP 2488 0.154940794 0.0443895498 0.231577133 0 0 0
B@CP 2490 0.301130299 -0.160036022 0.285185059 0 0 0
B@CP 2496 -0.0844433724 0.194226407 -0.414820958 0 0 0
B@CP 2499 -0.255822878 0.0970273701 -0.086440736 0 0 0
C@CP 2500 -0.0201779049 0.204728905 0.42018344 0 0 0
C@CP 2501 0.186923828 -0.0957118897 -0.345086683 0 0 0
C@CP 2502 -0.0389608954 -0.283971656 0.287208198 0 0 0
C@CP 2503 0.0507329595 0.0784216861 -0.128097963 0 0 0
C@CP 2504 -0.307342187 0.325982627 -0.0879403428 0 0 0
C@CP 2505 -0.184798479 -0.0732345861 0.303662689 0 0 0
C@CP 2506 0.00273518349 -0.120197005 -0.18044874 0 0 0
C@CP 2507 0.364104331 0.030319931 0.0386944535 0 0 0
C@CP 2508 0.345157468 -0.0540766137 -0.0277978481 0 0 0
C@CP 2509 0.223119842 0.18404429 0.23229972 0 0 0
C@CP 2510 0.28483378 -0.285102995 0.226197381 0 0 0
C@CP 2511 0.127231644 -0.0249515645 0.313965149 0 0 0
C@CP 2512 -0.0229392482 0.234151379 0.1677277 0 0 0
C@CP 2513 -0.293934756 0.18026071 -0.0783603864 0 0 0
C@CP 2514 0.3627668 0.0103893748 -0.024649168 0 0 0
C@CP 2515 -0.0670493885 0.0294566838 0.211889002 0 0 0
C@CP 2516 0.0643511916 -0.0382069052 0.309394787 0 0 0
C@CP 2517 0.242645186 0.0818310981 -0.31427321 0 0 0
C@CP 2518 -0.349699756 -0.0520088435 0.140682035 0 0 0
C@CP 2519 0.300491581 -0.338915653 -0.0712924531 0 0 0
C@CP 2520 -0.175861837 0.0266073037 0.352102221 0 0 0
C@CP 2521 0.18722517 0.0959360204 -0.111108538 0 0 0
C@CP 2522 0.157376912 -0.300297366 0.193565118 0 0 0
C@CP 2523 0.0891881168 0.312310535 -0.074037274 0 0 0
C@CP 2524 -0.380121728 0.142093397 0.205667048 0 0 0
C@CP 2525 0.147317977 -0.133153489 0.0898082658 0 0 0
C@CP 2526 0.22654697 -0.0759687259 -0.133878721 0 0 0
C@CP 2527 0.0840879042 0.0186122451 0.0615492061 0 0 0
C@CP 2528 0.25826793 -0.217650454 -0.146278128 0 0 0
C@CP 2529 0.180832765 -0.356023288 0.135088701 0 0 0
C@CP 2530 -0.218751562 -0.233406277 -0.0313726587 0 0 0
C@CP 2531 -0.0995497995 0.0743332108 0.387608575 0 0 0
C@CP 2532 0.392391306 0.0034356481 0.16389432 0 0 0
C@CP 2533 0.19456039 0.237838196 0.115885545 0 0 0
C@CP 2534 0.0903596613 -0.0678428094 -0.408341775 0 0 0
C@CP 2535 0.0899949514 0.275830936 0.232800739 0 0 0
C@CP 2536 0.0217108762 -0.267546644 0.0692485086 0 0 0
C@CP 2537 0.120241684 0.340334069 0.305025732 0 0 0
C@CP 2538 -0.0581040209 0.378661866 -0.231611196 0 0 0
C@CP 2539 -0.095997251 0.408852255 -0.0674838964 0 0 0
C@CP 2540 -0.157104371 -0.243892185 -0.30183597 0 0 0
C@CP 2541 0.0912700007 0.0928465012 -0.0264305779 0 0 0
C@CP 2542 0.272709058 -0.118028666 -0.0571434128 0 0 0
C@CP 2543 -0.0666268998 -0.140963721 -0.214601145 0 0 0
C@CP 2544 -0.242595213 -0.0393754364 -0.0437903689 0 0 0
C@CP 2545 -0.0739054782 -0.0338287306 0.272869776 0 0 0
C@CP 2546 0.422956036 -0.113850974 0.15502761 0 0 0
C@CP 2547 -0.105630359 0.0380976136 -0.301306058 0 0 0
C@CP 2548 0.160249339 0.157968036 0.304963466 0 0 0
C@CP 2549 0.301511332 -0.0512509141 0.146352045 0 0 0
C@CP 2550 -0.130839719 -0.0628672767 0.0603043619 0 0 0
C@CP 2551 0.208044033 -0.196894502 -0.302541143 0 0 0
C@CP 2552 0.260955765 -0.226128311 0.0760827759 0 0 0
C@CP 2553 -0.15311614 -0.0237722913 -0.27880969 0 0 0
C@CP 2554 -0.238503272 0.371376972 0.12190186 0 0 0
C@CP 2555 0.256534586 -0.206777109 0.328511358 0 0 0
C@CP 2556 0.239017404 0.403976156 -0.0597556956 0 0 0
C@CP 2557 0.124243543 -0.272570413 0.261630929 0 0 0
C@CP 2558 0.186881933 0.218884319 0.241885841 0 0 0
C@CP 2559 -0.182522977 -0.102057944 -0.363661314 0 0 0
C@CP 2560 0.00525554754 0.0875194339 -0.169204897 0 0 0
C@CP 2561 -0.0136882615 -0.399056783 -0.186341446 0 0 0
C@CP 2562 0.208840118 0.0559010987 -0.23999969 0 0 0
C@CP 2563 -0.081257296 -0.271787052 -0.172820856 0 0 0
C@CP 2564 -0.0898939786 0.327543693 -0.257563025 0 0 0
C@CP 2565 0.191185491 -0.299613105 0.301473723 0 0 0
C@CP 2566 0.343382744 0.086956095 -0.113650923 0 0 0
C@CP 2567 -0.0666341862 -0.281588497 0.302259436 0 0 0
C@CP 2568 -0.336836454 -0.262258938 -0.0734983219 0 0 0
C@CP 2569 0.0937224998 0.218046967 0.174132109 0 0 0
C@CP 2570 -0.0757429873 0.0911844331 -0.126215488 0 0 0
C@CP 2571 0.270482086 -0.209556236 0.318373534 0 0 0
C@CP 2572 -0.334642452 -0.174189015 0.0828834767 0 0 0
C@CP 2573 0.0274475278 -0.0432181904 -0.140761832 0 0 0
C@CP 2574 -0.389129921 0.102780108 -0.170844833 0 0 0
C@CP 2575 -0.119743117 0.00766017231 -0.436006424 0 0 0
C@CP 2576 0.140138251 -0.0643954603 0.251588997 0 0 0
C@CP 2577 0.0502884797 -0.264781789 0.212228576 0 0 0
C@CP 2578 -0.303178917 -0.00401440016 -0.200246846 0 0 0
C@CP 2579 0.288413427 -0.0517314054 -0.170750233 0 0 0
C@CP 2580 -0.178757675 0.0989730468 -0.0376206052 0 0 0
C@CP 2581 0.170525062 -0.156067911 0.346819845 0 0 0
C@CP 2582 0.322906998 -0.0909494259 0.183339796 0 0 0
C@CP 2583 0.116895929 -0.287498942 0.0104059477 0 0 0
C@CP 2584 0.140293479 0.179497483 0.345039125 0 0 0
C@CP 2585 0.131077687 -0.382092917 0.176793784 0 0 0
C@CP 2586 0.244387579 -0.304370095 -0.0325429975 0 0 0
C@CP 2587 -0.21673514 0.117077239 0.173617566 0 0 0
C@CP 2588 -0.0805607766 -0.374207473 0.0190679715 0 0 0
C@CP 2589 -0.021636447 0.1599569 0.295782688 0 0 0
C@CP 2590 0.0123179744 0.23816033 -0.148647092 0 0 0
C@CP 2591 0.0610147145 -0.0994118854 0.139558737 0 0 0
C@CP 2592 -0.254228351 0.076539367 -0.0516703175 0 0 0
C@CP 2593 -0.458017587 -0.00509287595 0.0764633443 0 0 0
C@CP 2594 0.137796913 -0.410949532 -0.149566454 0 0 0
C@CP 2595 -0.202623928 -0.153358437 0.0744873713 0 0 0
C@CP 2596 0.26170609 0.0208099539 0.00938633487 0 0 0
C@CP 2597 0.170451282 0.012628887 0.224538993 0 0 0
C@CP 2598 0.439287734 0.0293407142 0.106102863 0 0 0
C@CP 2599 0.3333056 0.0427610699 0.305417587 0 0 0
C@CP 2600 0.205289774 0.00669972574 0.208347233 0 0 0
C@CP 2601 -0.0521046009 -0.438768246 0.121243013 0 0 0
C@CP 2602 0.157366062 0.183543796 0.360597494 0 0 0
C@CP 2603 0.435853062 -0.105453175 0.115071909 0 0 0
C@CP 2604 -0.266800236 -0.0291567191 0.127093066 0 0 0
C@CP 2605 0.182712445 -0.300254189 -0.193489999 0 0 0
C@CP 2606 -0.140759631 -0.229183588 -0.363538639 0 0 0
C@CP 2607 0.0761457433 -0.191961778 -0.203404856 0 0 0
C@CP 2608 -0.450109354 0.0666056692 -0.00132532261 0 0 0
C@CP 2609 -0.337336089 0.0104942772 -0.0450106972 0 0 0
C@CP 2610 -0.360507409 -0.271642906 0.0130307811 0 0 0
C@CP 2611 -0.251129305 0.21597194 -0.081609829 0 0 0
C@CP 2612 -0.0419158636 -0.318813103 -0.289797402 0 0 0
C@CP 2613 -0.262922728 -0.159096983 -0.251429925 0 0 0
C@CP 2614 0.377034168 -0.118930918 -0.011192405 0 0 0
C@CP 2615 -0.15034896 0.00340687691 0.418275963 0 0 0
C@CP 2616 -0.25209332 -0.0162431338 0.0883276313 0 0 0
C@CP 2617 -0.307948528 0.103374783 0.249305857 0 0 0
C@CP 2618 0.299144579 -0.147561073 -0.161682387 0 0 0
C@CP 2619 -0.251248549 -0.0540524155 -0.0973794016 0 0 0
C@CP 2620 -0.323960879 -0.0346310307 -0.206474411 0 0 0
C@CP 2621 -0.240798468 0.231987356 -0.271552751 0 0 0
C@CP 2622 0.0879776251 0.114426627 0.136358852 0 0 0
C@CP 2623 -0.121913502 0.102166865 0.25408701 0 0 0
C@CP 2624 -0.408118395 -0.0193342107 -0.214423928 0 0 0
C@CP 2625 0.204977077 -0.292013729 -0.0830665175 0 0 0
C@CP 2626 -0.185691384 -0.0445344255 0.0941289451 0 0 0
C@CP 2627 -0.270769123 -0.0860991168 -0.304646272 0 0 0
C@CP 2628 -0.0239032336 -0.0272409439 -0.357741812 0 0 0
C@CP 2629 0.276950839 -0.230379366 -0.243359243 0 0 0
C@CP 2630 -0.0166281253 0.125289361 -0.406526482 0 0 0
C@CP 2631 -0.149026945 0.123531107 -0.23936357 0 0 0
C@CP 2632 -0.106763203 -0.0798709522 0.280186646 0 0 0
C@CP 2633 -0.0744250159 -0.219634371 -0.161466501 0 0 0
C@CP 2634 -0.22672234 -0.0519085685 -0.387598649 0 0 0
C@CP 2635 0.360827495 0.141863146 -0.258750706 0 0 0
C@CP 2636 -0.395279637 0.146535323 0.0903113061 0 0 0
C@CP 2637 0.174755935 -0.0356612205 0.313236956 0 0 0
C@CP 2638 -0.294237612 -0.0641397853 0.09577861 0 0 0
C@CP 2639 -0.224817797 0.379937364 -0.0510582134 0 0 0
C@CP 2640 0.0344578373 0.248774487 0.0826245102 0 0 0
C@CP 2641 -0.266923487 0.0666604569 0.109284235 0 0 0
C@CP 2642 -0.376972342 0.0417244349 0.214179431 0 0 0
C@CP 2643 -0.222584176 -0.0105933107 -0.121945264 0 0 0
C@CP 2644 -0.0698123788 0.280725225 -0.33730597 0 0 0
C@CP 2645 -0.0885644853 -0.0948641162 0.427262905 0 0 0
C@CP 2646 0.0417954183 0.00504133469 0.468069738 0 0 0
C@CP 2647 0.137526605 0.060515192 -0.269792119 0 0 0
C@CP 2648 -0.347330754 0.0694562587 -0.241550275 0 0 0
C@CP 2649 0.337355079 -0.128273826 -0.0165263355 0 0 0
C@CP 2650 0.143290152 0.000444824583 -0.00676808288 0 0 0
C@CP 2651 0.00770435502 0.26492954 0.306967981 0 0 0
C@CP 2652 0.0241220307 0.192713456 -0.305904024 0 0 0
C@CP 2653 -0.455372044 0.00553782408 -0.0462306002 0 0 0
C@CP 2654 -0.00513384688 -0.381679216 0.0460049871 0 0 0
C@CP 2655 0.187989226 -0.016566936 -0.153155157 0 0 0
C@CP 2656 0.191597715 0.00679766151 0.0491310194 0 0 0
C@CP 2657 -0.0318298424 0.0483892547 0.223689983 0 0 0
C@CP 2658 0.138191956 0.00378759689 -0.131278534 0 0 0
C@CP 2659 -0.154555244 0.140134185 0.109725464 0 0 0
C@CP 2660 -0.0678708949 -0.0200387997 0.465829361 0 0 0
C@CP 2661 0.435560761 0.1251137 -0.0515965888 0 0 0
C@CP 2662 0.041079392 0.369753188 -0.0166410304 0 0 0
C@CP 2663 0.0746336324 0.0334122572 -0.268383389 0 0 0
C@CP 2664 0.121235264 0.0524240909 0.250628467 0 0 0
C@CP 2665 -0.132418099 0.182495912 0.0409495491 0 0 0
C@CP 2666 -0.173351845 0.318497672 0.0400885411 0 0 0
C@CP 2667 -0.114493889 -0.0110588867 0.0801574486 0 0 0
C@CP 2668 0.252494263 -0.224338291 0.0342705367 0 0 0
C@CP 2669 -0.467315432 -0.012784151 -0.0789328626 0 0 0
C@CP 2670 0.0186831672 0.0142198662 -0.132374906 0 0 0
C@CP 2671 0.163069156 0.135930125 -0.100036777 0 0 0
C@CP 2672 0.150725576 0.0911509198 0.375736108 0 0 0
C@CP 2673 -0.169959549 0.188628966 -0.086542796 0 0 0
C@CP 2674 -0.216784111 0.166118243 0.139113663 0 0 0
C@CP 2675 0.348836419 -0.178436602 0.159454714 0 0 0
C@CP 2676 -0.0859946808 -0.0660278203 0.436019719 0 0 0
C@CP 2677 0.11596726 0.157017461 0.0480001534 0 0 0
C@CP 2678 -0.0179003658 -0.246984836 0.411942424 0 0 0
C@CP 2679 0.140850364 0.213298956 0.265957567 0 0 0
C@CP 2680 -0.0229598234 -0.210044213 0.140152098 0 0 0
C@CP 2681 -0.0891095921 -0.14884531 0.290552678 0 0 0
C@CP 2682 -0.113748255 -0.000297895723 -0.013568129 0 0 0
C@CP 2683 -0.225941293 0.069005547 -0.281320528 0 0 0
C@CP 2684 0.344414612 -0.0357265016 0.221989195 0 0 0
C@CP 2685 0.0772200309 0.0297872365 -0.390452465 0 0 0
C@CP 2686 -0.0782282621 0.439068824 -0.0910934884 0 0 0
C@CP 2687 -0.165424222 -0.14256952 0.330216482 0 0 0
C@CP 2688 -0.119889142 0.193596458 -0.30616783 0 0 0
C@CP 2689 -0.0331848001 0.0314083543 0.018050753 0 0 0
C@CP 2690 0.0540597152 0.198163103 -0.248817466 0 0 0
C@CP 2691 0.15518051 0.334631993 -0.202637375 0 0 0
C@CP 2692 0.211231386 0.34092917 -0.057092923 0 0 0
C@CP 2693 0.269308653 -0.00396467905 0.286269816 0 0 0
C@CP 2694 -0.203420588 0.239253276 0.268806804 0 0 0
C@CP 2695 0.278734728 -0.200725376 -0.115093395 0 0 0
C@CP 2696 0.0153425358 -0.0557280996 -0.294427794 0 0 0
C@CP 2697 -0.135186583 0.147651934 -0.413797387 0 0 0
C@CP 2698 -0.222488596 -0.0113849294 0.388493252 0 0 0
C@CP 2699 0.210689266 -0.236137621 -0.307414274 0 0 0
C@CP 2700 0.418227192 0.000974473038 0.000885424472 0 0 0
C@CP 2701 0.125474482 -0.146461197 -0.411540233 0 0 0
C@CP 2702 0.151107372 0.0365835198 0.200008696 0 0 0
C@CP 2703 -0.329166843 -0.0981238866 0.0157695562 0 0 0
C@CP 2704 -0.219799664 0.115720641 -0.209319107 0 0 0
C@CP 2705 -0.228624632 0.032433452 0.267923828 0 0 0
C@CP 2706 -0.142940822 0.0703960818 0.288316503 0 0 0
C@CP 2707 0.195657361 -0.167863572 -0.0120589468 0 0 0
C@CP 2708 0.239188617 -0.192156192 0.28748498 0 0 0
C@CP 2709 0.208932823 0.217931555 0.156996089 0 0 0
C@CP 2710 -0.132500011 -0.00722299193 0.33761386 0 0 0
C@CP 2711 0.210278673 -0.404600156 0.114193731 0 0 0
C@CP 2712 -0.379228901 -0.005618922 0.203010414 0 0 0
C@CP 2713 -0.129572246 0.288548386 -0.268270303 0 0 0
C@CP 2714 -0.34960721 0.21069673 0.209805946 0 0 0
C@CP 2715 -0.411909621 0.0962966911 0.171277785 0 0 0
C@CP 2716 -0.105899464 -0.0641092601 -0.275712529 0 0 0
C@CP 2717 0.231583329 -0.181509207 0.300801654 0 0 0
C@CP 2718 0.35512323 0.233028696 0.188893154 0 0 0
C@CP 2719 0.209474533 -0.202497279 0.270537052 0 0 0
C@CP 2720 0.0754282934 0.166871593 -0.0812455728 0 0 0
C@CP 2721 0.108531488 -0.221229453 -0.0505369091 0 0 0
C@CP 2722 -0.0635352714 0.260396927 0.172848442 0 0 0
C@CP 2723 0.148347491 -0.143867164 -0.257968652 0 0 0
C@CP 2724 -0.166489982 -0.0809464115 -0.055912376 0 0 0
C@CP 2725 -0.343114687 0.110650939 -0.264526701 0 0 0
C@CP 2726 -0.0321059168 0.291000531 0.0722010165 0 0 0
C@CP 2727 0.285168733 0.132822729 0.100618121 0 0 0
C@CP 2728 -0.124403467 0.339344294 -0.298496431 0 0 0
C@CP 2729 -0.173422377 -0.35709813 -0.258422222 0 0 0
C@CP 2730 0.318440534 0.110034534 -0.0248953428 0 0 0
C@CP 2731 0.15244219 0.123990376 0.179629803 0 0 0
C@CP 2732 0.192434707 0.0968000751 -0.338801048 0 0 0
C@CP 2733 0.246487588 0.285250292 0.216506459 0 0 0
C@CP 2734 -0.124653435 -0.145121887 0.256811167 0 0 0
C@CP 2735 -0.35946817 0.0653746238 -0.0141941198 0 0 0
C@CP 2736 -0.119912504 0.229233503 0.0160204929 0 0 0
C@CP 2737 -0.283340326 0.177439576 -0.260736506 0 0 0
C@CP 2738 -0.0622270194 0.0319971069 -0.110180218 0 0 0
C@CP 2739 0.153966746 0.12456862 0.349439987 0 0 0
C@CP 2740 -0.0637793462 0.0751355702 -0.360236777 0 0 0
C@CP 2741 0.135943141 -0.125638508 0.0425047566 0 0 0
C@CP 2742 0.0975186036 -0.0103602053 -0.0482557777 0 0 0
C@CP 2743 0.251787141 -0.0942515309 -0.19013819 0 0 0
C@CP 2744 -0.344409184 -0.0274589203 0.160691478 0 0 0
C@CP 2745 0.0747171416 -0.44312817 -0.0532429884 0 0 0
C@CP 2746 0.0651011555 0.0597798209 -0.0386889348 0 0 0
C@CP 2747 -0.348351141 0.268828661 -0.0430947579 0 0 0
C@CP 2748 -0.192530309 -0.347434077 -0.123657247 0 0 0
C@CP 2749 -0.356478046 0.231798957 0.146818397 0 0 0
C@CP 2750 0.113922791 -0.120282017 -0.0832779296 0 0 0
C@CP 2751 0.224682175 -0.0141687109 -0.0786994418 0 0 0
C@CP 2752 0.226199685 -0.24937231 0.103771638 0 0 0
C@CP 2753 0.225980239 -0.0238667029 -0.115681392 0 0 0
C@CP 2754 0.0894991822 0.11801417 0.108527392 0 0 0
C@CP 2755 -0.0413951274 0.308754342 -0.194619332 0 0 0
C@CP 2756 -0.30591529 0.257925219 0.135416522 0 0 0
C@CP 2757 -0.0177073046 -0.124720355 -0.125952376 0 0 0
C@CP 2758 0.228719511 -0.0965279349 0.307324455 0 0 0
C@CP 2759 0.0356930704 -0.0385316938 0.00466033447 0 0 0
C@CP 2760 0.269254246 0.155448684 -0.00719326402 0 0 0
C@CP 2761 -0.113404351 0.0521102092 0.0861749396 0 0 0
C@CP 2762 0.0435028577 -0.0920477461 0.408498961 0 0 0
C@CP 2763 0.367547472 0.219479415 -0.0975983911 0 0 0
C@CP 2764 -0.0427835861 -0.0449799873 -0.231200692 0 0 0
C@CP 2765 -0.00488729455 -0.126465694 -0.36017795 0 0 0
C@CP 2766 0.131845503 -0.366763453 -0.146934381 0 0 0
C@CP 2767 0.29940988 -0.16683892 -0.271831008 0 0 0
C@CP 2768 -0.184829393 0.0396789597 0.403848798 0 0 0
C@CP 2769 0.0330367392 -0.29474159 -0.30719752 0 0 0
C@CP 2770 0.135141041 -0.115826521 -0.0779915123 0 0 0
C@CP 2771 0.424242829 0.0992498334 -0.0477739742 0 0 0
C@CP 2772 -0.224540506 0.121926488 -7.78705567e-06 0 0 0
C@CP 2773 0.0609475489 0.329227696 0.107721886 0 0 0
C@CP 2774 -0.181126102 -0.132528796 -0.0573668594 0 0 0
C@CP 2775 -0.0385779651 -0.291228119 -0.253469396 0 0 0
C@CP 2776 0.155017975 -0.00372345583 -0.0677811909 0 0 0
C@CP 2777 -0.141352676 -0.216607187 0.307031083 0 0 0
C@CP 2778 0.212831998 -0.197678883 -0.0938552272 0 0 0
C@CP 2779 -0.184654913 0.234210793 0.0452210163 0 0 0
C@CP 2780 -0.134062776 -0.0746413124 0.440399699 0 0 0
C@CP 2781 -0.231284907 0.295255289 0.107810597 0 0 0
C@CP 2782 0.264370081 -0.0607457515 -0.360745871 0 0 0
C@CP 2783 -0.14649191 -0.150642094 0.385858827 0 0 0
C@CP 2784 -0.394727572 0.0102129212 0.186160083 0 0 0
C@CP 2785 0.0331677872 0.0259767031 0.274066186 0 0 0
C@CP 2786 -0.259214216 -0.101412608 -0.170436963 0 0 0
C@CP 2787 -0.193734204 0.369016112 0.125266555 0 0 0
C@CP 2788 0.161714304 0.326946892 -0.261545252 0 0 0
C@CP 2789 -0.28609036 -0.063145394 0.284999719 0 0 0
C@CP 2790 -0.111587168 0.119952019 0.0191981822 0 0 0
C@CP 2791 -0.0067651986 0.266239705 -0.214870119 0 0 0
C@CP 2792 -0.0498220397 -0.0467629075 0.461895789 0 0 0
C@CP 2793 -0.132195827 0.0416152579 0.212596995 0 0 0
C@CP 2794 0.236724958 0.0282361581 -0.111063934 0 0 0
C@CP 2795 -0.139028007 0.251326075 -0.364956521 0 0 0
C@CP 2796 -0.247934748 -0.247350221 0.275872532 0 0 0
C@CP 2797 0.121960232 0.390179946 -0.0346825579 0 0 0
C@CP 2798 0.0504662304 -0.356909507 -0.100216177 0 0 0
C@CP 2799 -0.0136627278 -0.0465603781 0.447407915 0 0 0
C@CP 2800 -0.420439554 0.0425486222 -0.220902509 0 0 0
C@CP 2801 0.0042774499 -0.0911503225 0.260535826 0 0 0
C@CP 2802 -0.0438424959 -0.103664401 -0.0404643377 0 0 0
C@CP 2803 0.185168525 0.241654556 -0.177713496 0 0 0
C@CP 2804 0.0642097648 -0.17462646 0.0383248758 0 0 0
C@CP 2805 0.155413798 -0.231034146 -0.263129881 0 0 0
C@CP 2806 0.251733046 0.25456779 0.139819618 0 0 0
C@CP 2807 0.189657209 -0.0805191836 -0.227655742 0 0 0
C@CP 2808 -0.30360505 -0.0929814389 -0.300211639 0 0 0
C@CP 2809 -0.344238287 0.0942876868 0.192600758 0 0 0
C@CP 2810 -0.0605524506 -0.0542851854 -0.264043745 0 0 0
C@CP 2811 -0.1040369 -0.201844113 -0.317202915 0 0 0
C@CP 2812 -0.160622035 -0.28950774 -0.0436767939 0 0 0
C@CP 2813 0.332102172 -0.226626362 -0.104361156 0 0 0
C@CP 2814 0.0326794124 0.135154313 -0.333072285 0 0 0
C@CP 2815 -0.118706062 -0.32786716 -0.309157721 0 0 0
C@CP 2816 -0.346439847 0.00447731809 0.12394105 0 0 0
C@CP 2817 -0.088935172 -0.0879497274 -0.171001978 0 0 0
C@CP 2818 0.328765449 0.0956508397 -0.228101225 0 0 0
C@CP 2819 0.157516536 -0.0686269033 0.163622993 0 0 0
C@CP 2820 -0.182043393 0.322441484 0.254331943 0 0 0
C@CP 2821 0.368269461 0.00267842834 0.254332071 0 0 0
C@CP 2822 0.0276503638 -0.0125582912 -0.257862009 0 0 0
C@CP 2823 0.102782165 0.323287971 0.00732649326 0 0 0
C@CP 2824 -0.00893253175 0.0719286995 0.433284246 0 0 0
C@CP 2825 0.135516871 -0.132178597 0.203121374 0 0 0
C@CP 2826 0.397537352 -0.194655862 -0.00337836357 0 0 0
C@CP 2827 0.325846045 -0.0585500659 -0.0505073737 0 0 0
C@CP 2828 -0.0163381555 0.228623968 0.212853706 0 0 0
C@CP 2829 0.225980033 0.104278827 -0.188517818 0 0 0
C@CP 2830 0.0542386579 -0.00612570698 -0.143539253 0 0 0
C@CP 2831 -0.032809261 -0.129389724 -0.0391758573 0 0 0
C@CP 2832 0.203654997 -0.334029836 -0.190407907 0 0 0
C@CP 2833 0.217532608 0.135303706 -0.0727406647 0 0 0
C@CP 2834 0.239208362 -0.0765055745 0.0219822763 0 0 0
C@CP 2835 -0.0472188693 0.0982341667 -0.429032416 0 0 0
C@CP 2836 -0.353843088 0.0228372661 0.133176088 0 0 0
C@CP 2837 0.0367220806 -0.0287799666 -0.253779425 0 0 0
C@CP 2838 0.377156897 -0.215270895 -0.0624130503 0 0 0
C@CP 2839 0.264893455 -0.151037423 0.20793411 0 0 0
C@CP 2840 -0.0391884356 -0.186759678 -0.224637741 0 0 0
C@CP 2841 0.13985451 -0.259715315 0.331294855 0 0 0
C@CP 2842 0.0379592014 0.426715822 -0.140501751 0 0 0
C@CP 2843 -0.182928232 -0.111161392 0.127974914 0 0 0
C@CP 2844 -0.271206567 -0.196389616 -0.2302699 0 0 0
C@CP 2845 -0.0531165971 -0.280214536 -0.2180431 0 0 0
C@CP 2846 0.0452948264 0.080717933 -0.0813556427 0 0 0
C@CP 2847 0.216853647 -0.290107661 0.22930374 0 0 0
C@CP 2848 0.294875583 0.224732641 0.216168902 0 0 0
C@CP 2849 0.362945915 -0.0313807803 -0.155177143 0 0 0
C@CP 2850 -0.178555966 0.183191308 0.363180858 0 0 0
C@CP 2851 0.302449595 0.316023137 -0.147670394 0 0 0
C@CP 2852 -0.0407464139 -0.0447914633 0.0448401478 0 0 0
C@CP 2853 -0.0556480638 0.0731520483 0.190869104 0 0 0
C@CP 2854 0.355831493 -0.0380809196 0.22906554 0 0 0
C@CP 2855 0.43866728 0.0137770255 0.17200032 0 0 0
C@CP 2856 -0.15213043 -0.000837253956 -0.0293502415 0 0 0
C@CP 2857 -0.134463819 -0.060907183 -0.23797517 0 0 0
C@CP 2858 -0.339565921 -0.0678741029 -0.105248407 0 0 0
C@CP 2859 0.135403028 -0.0580464375 0.0656665903 0 0 0
C@CP 2860 -0.165921756 -0.0484478462 0.0226550279 0 0 0
C@CP 2861 0.230987005 0.0592921701 0.10592786 0 0 0
C@CP 2862 -0.0818114576 0.0375715121 -0.059527558 0 0 0
C@CP 2863 -0.0980052356 -0.195393394 0.220553695 0 0 0
C@CP 2864 -0.146362053 0.00812949246 0.0353330506 0 0 0
C@CP 2865 0.0159622885 -0.356634744 0.247178455 0 0 0
C@CP 2866 -0.118086697 0.334152975 -0.289879694 0 0 0
C@CP 2867 -0.222042832 0.231292624 0.0243061063 0 0 0
C@CP 2868 -0.189215784 0.0751763324 -0.08076364 0 0 0
C@CP 2869 0.345983755 0.22675273 -0.187639414 0 0 0
C@CP 2870 0.0410371879 0.149867887 -0.118574539 0 0 0
C@CP 2871 -0.13276848 0.163406085 -0.320978644 0 0 0
C@CP 2872 0.0614971169 -0.0996337277 -0.444867426 0 0 0
C@CP 2873 -0.0498247247 -0.0794389174 -0.158322855 0 0 0
C@CP 2874 -0.0613967493 -0.0951660971 -0.4015233 0 0 0
C@CP 2875 -0.0235084247 0.297423923 0.335913806 0 0 0
C@CP 2876 -0.0382405732 -0.21074346 0.399287247 0 0 0
C@CP 2877 -0.0460639511 -0.0908176503 -0.422289676 0 0 0
C@CP 2878 -0.00508443152 -0.276077013 -0.200163715 0 0 0
C@CP 2879 -0.32627272 0.269517055 0.0698641327 0 0 0
C@CP 2880 0.0595211924 -0.217161219 -0.0947804277 0 0 0
C@CP 2881 0.139350033 0.309609151 -0.311737577 0 0 0
C@CP 2882 0.159253707 0.169457119 -0.00115538549 0 0 0
C@CP 2883 -0.269471052 0.0363425264 -0.285741474 0 0 0
C@CP 2884 -0.242142382 0.236368656 -0.150305636 0 0 0
C@CP 2885 -0.164558653 0.00790051801 0.239095165 0 0 0
C@CP 2886 0.309889046 0.0289837912 0.0411376457 0 0 0
C@CP 2887 -0.0452689938 0.32875082 0.0985697781 0 0 0
C@CP 2888 0.118559826 -0.0750527027 -0.0233614675 0 0 0
C@CP 2889 -0.0134967625 -0.425919077 -0.162658581 0 0 0
C@CP 2890 0.256377837 -0.0127480185 -0.0741386075 0 0 0
C@CP 2891 -0.189249784 0.303061017 0.0958304273 0 0 0
C@CP 2892 0.116549446 0.157914284 0.164975563 0 0 0
C@CP 2893 0.109106211 0.0190703171 -0.227538932 0 0 0
C@CP 2894 -0.0609075106 -0.366349516 -0.265221639 0 0 0
C@CP 2895 -0.165948629 0.408977598 -0.144153483 0 0 0
C@CP 2896 -0.00993298681 0.347911778 0.144473597 0 0 0
C@CP 2897 -0.372234965 -0.0265596325 -0.237856437 0 0 0
C@CP 2898 0.16296297 -0.198801402 0.0146749333 0 0 0
C@CP 2899 -0.0364492649 0.0246638461 0.282627064 0 0 0
C@CP 2900 0.0356403978 -0.229288586 -0.350732206 0 0 0
C@CP 2901 0.12938954 0.0103029152 -0.120897236 0 0 0
C@CP 2902 -0.029923303 0.402630822 0.141145917 0 0 0
C@CP 2903 0.0486153649 0.345850143 0.102024939 0 0 0
C@CP 2904 -0.300987618 0.270162145 -0.105882113 0 0 0
C@CP 2905 0.141450599 0.14100212 -0.197552592 0 0 0
C@CP 2906 0.230538667 -0.164393547 0.0188546015 0 0 0
C@CP 2907 -0.0557238765 0.397562754 0.213122532 0 0 0
C@CP 2908 0.389020075 0.104790539 -0.120543254 0 0 0
C@CP 2909 0.381437473 0.133261212 -0.232880583 0 0 0
C@CP 2910 -0.115870272 0.275820421 -0.0623958366 0 0 0
C@CP 2911 0.0623902502 -0.185034448 0.259182962 0 0 0
C@CP 2912 -0.0227449187 0.275490817 0.0315557341 0 0 0
C@CP 2913 0.0764672526 0.143709846 -0.378399312 0 0 0
C@CP 2914 0.236469815 -0.166791703 0.201677979 0 0 0
C@CP 2915 0.0994664502 -0.4052198 -0.164000316 0 0 0
C@CP 2916 0.0696667894 0.0658835514 -0.0259960662 0 0 0
C@CP 2917 -0.280462512 -0.173266368 0.200835902 0 0 0
C@CP 2918 0.0243419247 -0.263700541 -0.393225717 0 0 0
C@CP 2919 0.336816545 0.0994556005 0.218730585 0 0 0
C@CP 2920 -0.171916555 -0.0632612476 0.0538697495 0 0 0
C@CP 2921 0.268483151 0.323425497 0.194936133 0 0 0
C@CP 2922 0.0169974641 0.301865054 -0.363447296 0 0 0
C@CP 2923 -0.297491558 -0.140950551 0.0223638464 0 0 0
C@CP 2924 -0.267836018 -0.214439826 -0.168295873 0 0 0
C@CP 2925 -0.194611166 0.0894554007 -0.244594579 0 0 0
C@CP 2926 -0.262368814 -0.133223395 -0.0521301931 0 0 0
C@CP 2927 0.146603154 0.213058302 -0.308839913 0 0 0
C@CP 2928 -0.00917982955 0.185318909 0.137861329 0 0 0
C@CP 2929 0.0462706615 -0.109520903 0.148072295 0 0 0
C@CP 2930 -0.339829684 -0.0487926571 -0.110971334 0 0 0
C@CP 2931 0.287769497 -0.117445225 -0.195879295 0 0 0
C@CP 2932 -0.25929215 0.153641102 -0.215975471 0 0 0
C@CP 2933 -0.00239160733 -0.124142083 -0.0836970602 0 0 0
C@CP 2934 0.191262278 -0.304450564 -0.192235716 0 0 0
C@CP 2935 -0.169919704 0.256690927 -0.0242657579 0 0 0
C@CP 2936 0.200716427 -0.0848350757 -0.0713646417 0 0 0
C@CP 2937 -0.230900204 0.351080062 0.101428626 0 0 0
C@CP 2938 0.238073236 -0.267755018 -0.221961371 0 0 0
C@CP 2939 0.0768233017 0.337210451 -0.0677676527 0 0 0
C@CP 2940 0.00711622431 0.203853416 -0.40900123 0 0 0
C@CP 2941 -0.148672044 0.00491127313 0.0827291154 0 0 0
C@CP 2942 -0.036760227 -0.093814045 0.175137373 0 0 0
C@CP 2943 -0.0420943225 0.0534813797 -0.280889469 0 0 0
C@CP 2944 0.0792855072 -0.205174308 -0.367713833 0 0 0
C@CP 2945 -0.211864934 0.227470025 0.243363783 0 0 0
C@CP 2946 -0.298206927 0.00960590725 0.169767268 0 0 0
C@CP 2947 -0.172725232 -0.0516053364 0.420932314 0 0 0
C@CP 2948 0.0508955077 -0.209400981 0.205581819 0 0 0
C@CP 2949 -0.288879875 0.185348059 -0.183525499 0 0 0
C@CP 2950 0.0981935067 0.0711491594 0.0720313502 0 0 0
C@CP 2951 -0.382170808 -0.031149395 0.183319002 0 0 0
C@CP 2952 -0.0418752471 0.259315076 -0.191449784 0 0 0
C@CP 2953 0.158711653 -0.270044064 0.261294926 0 0 0
C@CP 2954 -0.334639547 -0.168741307 -0.198343924 0 0 0
C@CP 2955 -0.269046556 0.0699983338 0.373095393 0 0 0
C@CP 2956 0.121962423 0.289938869 -0.334223502 0 0 0
C@CP 2957 0.0328535264 -0.0770760816 -0.0635707301 0 0 0
C@CP 2958 -0.412974375 0.0184391862 0.148720778 0 0 0
C@CP 2959 0.037779522 -0.240299061 0.0276871519 0 0 0
C@CP 2960 -0.117415299 0.426229545 -0.0232788002 0 0 0
C@CP 2961 0.126928788 0.308457176 -0.00986281574 0 0 0
C@CP 2962 -0.358765589 -0.229876282 0.0818149473 0 0 0
C@CP 2963 0.223410834 0.284433136 0.281078678 0 0 0
C@CP 2964 -0.186622837 -0.122311119 -0.254621404 0 0 0
C@CP 2965 -0.360170492 -0.151555806 0.0846769975 0 0 0
C@CP 2966 0.2085436 -0.308440525 0.229820958 0 0 0
C@CP 2967 -0.140636942 -0.320113249 0.0388555454 0 0 0
C@CP 2968 0.316213563 -0.0180088302 -0.218486142 0 0 0
C@CP 2969 0.384241661 -0.0917990922 0.194319089 0 0 0
C@CP 2970 0.100523802 0.0196088952 -0.289066453 0 0 0
C@CP 2971 0.131407251 0.283382171 -0.266855541 0 0 0
C@CP 2972 -0.312190056 -0.046032115 -0.157771523 0 0 0
C@CP 2973 -0.234738761 0.166613686 -0.199548072 0 0 0
C@CP 2974 0.0379848612 -0.114962434 0.263868519 0 0 0
C@CP 2975 0.279297408 0.0940139933 -0.0216422015 0 0 0
C@CP 2976 0.180156084 -0.125058796 -0.121980964 0 0 0
C@CP 2977 -0.365530911 0.0740996136 -0.246225483 0 0 0
C@CP 2978 0.370355502 -0.0365961142 0.156369309 0 0 0
C@CP 2979 -0.329864101 -0.167187471 -0.0576337623 0 0 0
C@CP 2980 0.156536076 -0.154596527 0.0882446242 0 0 0
C@CP 2981 0.137679142 -0.35810837 -0.252346096 0 0 0
C@CP 2982 -0.19253438 -0.0887917524 -0.0578173148 0 0 0
C@CP 2983 0.022461107 0.0740399804 0.168538282 0 0 0
C@CP 2984 0.0959241452 -0.120255026 -0.394897089 0 0 0
C@CP 2985 0.235030063 -0.338373419 0.0731439443 0 0 0
C@CP 2986 -0.16307845 -0.134118258 0.156162348 0 0 0
C@CP 2987 -0.073419641 -0.157663747 -0.27574994 0 0 0
C@CP 2988 -0.334988519 0.0418398981 0.32617701 0 0 0
C@CP 2989 -0.0419277075 0.232587054 0.198149122 0 0 0
C@CP 2990 0.07284844 -0.0837347549 -0.0811797029 0 0 0
C@CP 2991 -0.31739551 -0.0617487237 -0.235517576 0 0 0
C@CP 2992 0.086411135 -0.366124049 -0.185248221 0 0 0
C@CP 2993 -0.0495535117 0.337911755 0.203214589 0 0 0
C@CP 2994 0.270026758 -0.317927091 0.20722099 0 0 0
C@CP 2995 -0.0711270048 -0.0793736003 -0.211914788 0 0 0
C@CP 2996 -0.0831481459 -0.161673675 0.283227552 0 0 0
C@CP 2997 -0.185580142 0.0152255502 -0.250914059 0 0 0
C@CP 2998 -0.0353366512 0.200044169 0.0635637714 0 0 0
C@CP 2999 -0.355707582 -0.00352120641 -0.111457443 0 0 0
C@CP 3000 -0.0507487383 -0.261304216 -0.00374611413 0 0 0
C@CP 3001 -0.394314197 0.0575342489 -0.165571731 0 0 0
C@CP 3002 0.362877799 0.0355093256 0.0113894237 0 0 0
C@CP 3003 -0.398207128 -0.0253877626 0.0131863328 0 0 0
C@CP 3004 0.149733483 -0.41233312 0.134709295 0 0 0
C@CP 3005 0.0709619064 0.160348058 0.199048193 0 0 0
C@CP 3006 -0.338099468 0.0886400333 0.276354833 0 0 0
C@CP 3007 0.0146092111 0.136740628 0.0364006251 0 0 0
C@CP 3008 0.145002227 0.118870816 -0.0652105334 0 0 0
C@CP 3009 0.0896095767 -0.412608625 0.17002796 0 0 0
C@CP 3010 -0.102936074 -0.0649224488 0.226228062 0 0 0
C@CP 3011 -0.377681529 0.240630518 0.122024056 0 0 0
C@CP 3012 0.0713084076 0.13506634 0.0251537212 0 0 0
C@CP 3013 0.0592392124 -0.403013359 -0.232861477 0 0 0
C@CP 3014 -0.188378105 0.0781271444 -0.216495533 0 0 0
C@CP 3015 -0.0533931485 0.397702605 0.12581486 0 0 0
C@CP 3016 -0.059688596 -0.373361477 -0.225637188 0 0 0
C@CP 3017 -0.288428342 0.155312998 0.267541496 0 0 0
C@CP 3018 0.137411887 0.19644494 -0.159067943 0 0 0
C@CP 3019 -0.131541295 -0.356894491 -0.040295171 0 0 0
C@CP 3020 -0.209901529 0.140730653 -0.263783759 0 0 0
C@CP 3021 0.171436006 0.323392433 0.122587236 0 0 0
C@CP 3022 0.103367228 -0.205892875 0.0762036861 0 0 0
C@CP 3023 0.160331893 -0.05829816 0.172175285 0 0 0
C@CP 3024 0.383869505 -0.263937207 0.0712442966 0 0 0
C@CP 3025 -0.188305813 -0.353547491 0.106893176 0 0 0
C@CP 3026 -0.173086134 0.0731226382 0.174250412 0 0 0
C@CP 3027 -0.213601642 -0.372629158 0.0669405854 0 0 0
C@CP 3028 0.302186679 0.192266677 -0.30201974 0 0 0
C@CP 3029 0.0542549608 -0.0126988459 -0.307886384 0 0 0
C@CP 3030 -0.167806371 0.422652028 0.00722950302 0 0 0
C@CP 3031 -0.0620102384 0.104044676 -0.115470622 0 0 0
C@CP 3032 0.0218957092 -0.136652663 0.173987059 0 0 0
C@CP 3033 -0.172736102 -0.00372578161 0.316014642 0 0 0
C@CP 3034 -0.24917986 -0.203582683 0.157156861 0 0 0
C@CP 3035 0.0370887023 0.30360415 0.356328286 0 0 0
C@CP 3036 -0.307222182 0.166164858 -0.248142991 0 0 0
C@CP 3037 0.0571339422 -0.297016233 0.254809459 0 0 0
C@CP 3038 0.173971548 -0.323930597 -0.0848884596 0 0 0
C@CP 3039 -0.16815886 -0.3542611 0.150864512 0 0 0
C@CP 3040 0.435115696 -0.07568097 0.00693175803 0 0 0
C@CP 3041 0.193686616 -0.086984899 -0.195302132 0 0 0
C@CP 3042 -0.433200726 0.0517707476 -0.00235150779 0 0 0
C@CP 3043 -0.421757147 0.0203649304 -0.0501771552 0 0 0
C@CP 3044 0.17644496 -0.101174061 0.148304408 0 0 0
C@CP 3045 -0.0521453185 -0.0765876111 0.0407700402 0 0 0
C@CP 3046 -0.0825435535 -0.217157757 -0.292110306 0 0 0
C@CP 3047 0.0902017473 -0.354241747 0.203001516 0 0 0
C@CP 3048 -0.113087121 0.339815598 -0.154816321 0 0 0
C@CP 3049 0.146281982 -0.264035193 -0.0175536922 0 0 0
C@CP 3050 0.026416982 0.190119706 0.412651665 0 0 0
C@CP 3051 0.269263201 -0.0663490847 0.119924312 0 0 0
C@CP 3052 0.0936737754 -0.301923975 0.0174250725 0 0 0
C@CP 3053 0.0170074682 -0.0899714132 -0.162818153 0 0 0
C@CP 3054 0.102691808 0.243285838 0.36002278 0 0 0
C@CP 3055 -0.251756714 0.204628711 0.302534817 0 0 0
C@CP 3056 0.336317278 -0.238944736 -0.0747127415 0 0 0
C@CP 3057 0.012199681 -0.102051569 -0.118882575 0 0 0
C@CP 3058 -0.288424305 0.0485404826 0.322884049 0 0 0
C@CP 3059 0.15451817 0.220901232 -0.0321147629 0 0 0
C@CP 3060 -0.319374752 -0.135553992 -0.116586152 0 0 0
C@CP 3061 -0.0845524296 -0.124140925 -0.418374299 0 0 0
C@CP 3062 -0.129982929 0.115351607 0.353726671 0 0 0
C@CP 3063 -0.2238866 -0.0012564125 0.192773117 0 0 0
C@CP 3064 -0.114936963 0.0939786368 0.0330162269 0 0 0
C@CP 3065 -0.076419148 0.316007079 -0.189896736 0 0 0
C@CP 3066 -0.350459762 0.00442471248 -0.145393229 0 0 0
C@CP 3067 0.0537272781 -0.254085768 0.346295363 0 0 0
C@CP 3068 -0.30138076 -0.143343191 -0.0808404139 0 0 0
C@CP 3069 -0.0211492439 -0.164955458 0.370230995 0 0 0
C@CP 3070 0.0842723351 -0.0431700775 -0.370976391 0 0 0
C@CP 3071 -0.0294307943 -0.119279834 -0.297164395 0 0 0
C@CP 3072 0.315907627 0.266034711 0.127087125 0 0 0
C@CP 3073 -0.323325178 0.183586311 -0.218478321 0 0 0
C@CP 3074 -0.0824761965 0.178241884 -0.132053938 0 0 0
C@CP 3075 -0.163053687 -0.0972820276 -0.0764143411 0 0 0
C@CP 3076 0.196359605 -0.324758478 0.275088656 0 0 0
C@CP 3077 0.186123014 0.0309165426 0.340940845 0 0 0
C@CP 3078 -0.00571503742 -0.238757885 0.287408835 0 0 0
C@CP 3079 0.017560812 0.0327197993 0.0139422213 0 0 0
C@CP 3080 -0.134048426 0.144827017 -0.0548982768 0 0 0
C@CP 3081 -0.358355352 0.0187818298 0.262397537 0 0 0
C@CP 3082 0.00283734978 0.0884457854 -0.436414803 0 0 0
C@CP 3083 0.339597326 -0.175441153 -0.0305567255 0 0 0
C@CP 3084 -0.017124497 -0.354975594 0.0541679298 0 0 0
C@CP 3085 -0.0956223961 -0.452964259 -0.0590738013 0 0 0
C@CP 3086 0.0594166788 0.305195091 -0.0785647691 0 0 0
C@CP 3088 0.231455565 0.247501419 -0.146235271 0 0 0
C@CP 3089 -0.392875204 -0.20681252 -0.0832816 0 0 0
C@CP 3090 0.102426756 0.0821496037 0.0103093598 0 0 0
C@CP 3091 0.174518151 0.0954330767 0.00830729907 0 0 0
C@CP 3092 0.268475101 -0.00751657471 -0.133333912 0 0 0
C@CP 3093 0.211044217 -0.151871054 -0.398462257 0 0 0
C@CP 3094 -0.0778245146 0.264355317 -0.102664124 0 0 0
C@CP 3095 0.114670337 0.243037045 -0.32023393 0 0 0
C@CP 3096 -0.189319356 -0.393474105 -0.0765115964 0 0 0
C@CP 3097 -0.0219660555 -0.45799413 -0.011608256 0 0 0
C@CP 3098 -0.0888102069 -0.210610039 0.36577987 0 0 0
C@CP 3099 0.199582856 -0.254105391 -0.0903453818 0 0 0
C@CP 3100 0.325263331 0.156835253 0.238201578 0 0 0
C@CP 3101 0.14706797 0.319696783 -0.253274015 0 0 0
C@CP 3102 0.366190206 -0.143939625 -0.131227916 0 0 0
C@CP 3103 -0.0666914229 -0.174999713 -0.412442672 0 0 0
C@CP 3104 -0.0245966017 0.31506938 -0.33326371 0 0 0
C@CP 3105 0.29649216 -0.265130539 -0.237295515 0 0 0
C@CP 3106 -0.294457368 0.213152461 -0.146819765 0 0 0
C@CP 3107 0.0662471385 -0.171103848 0.169998092 0 0 0
C@CP 3108 -0.0150327248 0.0724799511 -0.418300771 0 0 0
C@CP 3109 0.0141788061 0.321725262 -0.191079777 0 0 0
C@CP 3110 -0.392389073 -0.129225668 -0.223706768 0 0 0
C@CP 3111 0.217131514 0.212328773 0.297635014 0 0 0
C@CP 3112 0.330636744 -0.0950317673 0.275866828 0 0 0
C@CP 3113 0.207699548 0.0126410267 -0.0450212145 0 0 0
C@CP 3114 -0.0404597658 -0.0847268535 0.0700734975 0 0 0
C@CP 3115 0.0189481185 0.263265977 -0.376146787 0 0 0
C@CP 3116 0.216863921 0.12171199 -0.173951396 0 0 0
C@CP 3117 -0.174230379 -0.173100913 0.170069901 0 0 0
C@CP 3118 0.0285536771 0.32775711 -0.256426167 0 0 0
C@CP 3119 -0.0269423987 -0.295451213 0.103384363 0 0 0
C@CP 3120 -0.0573939675 0.00476769859 0.369348078 0 0 0
C@CP 3121 0.053764969 -0.101689529 -0.0694577836 0 0 0
C@CP 3122 0.0201183133 0.0801459997 0.414319331 0 0 0
C@CP 3123 -0.400709604 0.0703107263 0.135449989 0 0 0
C@CP 3124 -0.0816799646 0.275810696 -0.142780106 0 0 0
C@CP 3125 -0.120776884 -0.262441644 -0.238674031 0 0 0
C@CP 3126 0.329132516 -0.0699337146 0.0615076309 0 0 0
C@CP 3127 -0.232411745 0.280995807 -0.0997676592 0 0 0
C@CP 3128 0.311987265 -0.0678986863 0.108826151 0 0 0
C@CP 3129 -0.10998056 0.131031689 0.0325475901 0 0 0
C@CP 3130 -0.324647601 0.080145215 0.0634486323 0 0 0
C@CP 3131 -0.321010079 -0.207493776 0.205598333 0 0 0
C@CP 3132 0.0482494551 0.37107082 -0.203695169 0 0 0
C@CP 3133 -0.226862496 0.101913578 0.078291626 0 0 0
C@CP 3134 -0.303276826 0.153846039 -0.125940318 0 0 0
C@CP 3135 -0.341661614 -0.159893138 0.0271212299 0 0 0
C@CP 3136 0.366969604 -0.083496197 0.00284895982 0 0 0
C@CP 3137 -0.231411878 -0.189565438 0.201205665 0 0 0
C@CP 3138 0.123859171 0.40094255 -0.073452678 0 0 0
C@CP 3139 0.424141755 -0.144551775 -0.0291764815 0 0 0
C@CP 3140 -0.00762516186 0.351731468 0.27100897 0 0 0
C@CP 3141 0.10364355 -0.285194242 -0.252863924 0 0 0
C@CP 3142 0.320970551 0.307755012 0.153423174 0 0 0
C@CP 3143 0.0794234288 -0.11013528 0.362116797 0 0 0
C@CP 3144 -0.0872542576 -0.378428027 -0.110462868 0 0 0
C@CP 3145 -0.0123297059 -0.351005299 -0.0270892968 0 0 0
C@CP 3146 -0.360199322 -0.0724056925 0.0515013466 0 0 0
C@CP 3147 -0.0263389514 -0.00379116608 -0.438254781 0 0 0
C@CP 3148 -0.0106488906 0.201832826 0.179641076 0 0 0
C@CP 3149 0.038943581 0.182694707 -0.0786648067 0 0 0
C@CP 3150 0.0734143985 -0.285266522 -0.0185232291 0 0 0
C@CP 3151 0.10992795 -0.160584516 -0.249635138 0 0 0
C@CP 3152 0.0109467136 0.162398665 0.423520421 0 0 0
C@CP 3153 -0.15504073 0.00847882928 0.322408783 0 0 0
C@CP 3154 -0.0979452026 0.33440059 0.0810910188 0 0 0
C@CP 3155 0.119570483 -0.234879855 -0.0206181838 0 0 0
C@CP 3156 0.315849468 0.0780797109 0.183890928 0 0 0
C@CP 3157 0.0813466017 0.345832931 -0.109255793 0 0 0
C@CP 3158 -0.0230516657 -0.0890746982 0.23752214 0 0 0
C@CP 3159 0.23647273 -0.0357381451 0.105976104 0 0 0
C@CP 3160 -0.26585992 -0.161720678 0.191943165 0 0 0
C@CP 3161 -0.119737239 -0.132747195 -0.0595633413 0 0 0
C@CP 3162 0.114104455 0.300377466 -0.281573699 0 0 0
C@CP 3163 -0.170882471 0.295959565 -0.183151497 0 0 0
C@CP 3164 0.0297986669 -0.215076962 -0.378063787 0 0 0
C@CP 3165 0.280747941 0.167373658 -0.224964483 0 0 0
C@CP 3166 0.123503114 0.0412734705 -0.22321496 0 0 0
C@CP 3167 -0.104672181 -0.135440224 -0.0297264752 0 0 0
C@CP 3168 -0.283019705 0.151513104 0.00415021035 0 0 0
C@CP 3169 0.133079792 0.0983945839 -0.267759481 0 0 0
C@CP 3170 0.0742951633 -0.0671495519 0.407238742 0 0 0
C@CP 3171 0.0805237252 0.357969429 -0.239973743 0 0 0
C@CP 3172 -0.281997811 0.172572198 -0.0822500814 0 0 0
C@CP 3173 0.18009868 -0.274620699 -0.276770841 0 0 0
C@CP 3174 -0.00788388426 0.0239350288 -0.0177950104 0 0 0
C@CP 3175 0.153167395 0.10662628 -0.350623149 0 0 0
C@CP 3176 -0.0631782515 -0.0711747884 0.10984781 0 0 0
C@CP 3177 -0.125897096 0.172912109 -0.185216004 0 0 0
C@CP 3178 -0.227078787 -0.25449976 0.148237676 0 0 0
C@CP 3179 -0.312298295 0.0757385571 -0.258767928 0 0 0
C@CP 3180 0.0109311033 -0.18286494 -0.10735961 0 0 0
C@CP 3181 0.336534487 -0.160849688 0.0915546468 0 0 0
C@CP 3182 -0.196469751 0.0143635311 0.0112028426 0 0 0
C@CP 3183 0.292835279 0.348153191 0.0828215686 0 0 0
C@CP 3184 -0.0255907375 0.0656880231 -0.402700063 0 0 0
C@CP 3185 -0.318329087 0.0889504835 -0.289297278 0 0 0
C@CP 3186 0.12640279 -0.239703176 -0.0407359559 0 0 0
C@CP 3187 -0.266747883 -0.277549012 0.0562413606 0 0 0
C@CP 3188 -0.212907237 0.149963642 -0.264617922 0 0 0
C@CP 3189 0.200938098 0.00599507348 0.182850218 0 0 0
C@CP 3190 -0.227752099 -0.308394819 0.166648313 0 0 0
C@CP 3191 -0.157019273 0.261921327 0.310399864 0 0 0
C@CP 3192 -0.0793543957 -0.198947879 -0.0898372908 0 0 0
C@CP 3193 -0.1176438 -0.283950067 -0.200536389 0 0 0
C@CP 3194 -0.309566627 -0.195418935 -0.290186009 0 0 0
C@CP 3195 0.112451203 -0.130184814 -0.24046627 0 0 0
C@CP 3196 0.00190781213 0.236519008 -0.401182385 0 0 0
C@CP 3197 -0.189657946 0.219508682 0.0770410112 0 0 0
C@CP 3198 0.138256719 0.264066203 -0.0355998672 0 0 0
C@CP 3199 0.0938061216 0.294045572 -0.271505785 0 0 0
C@CP 3200 0.108857785 -0.407681529 -0.0261906391 0 0 0
C@CP 3201 -0.39135029 -0.102267597 0.00761154983 0 0 0
C@CP 3202 -0.0350649946 0.343752512 0.305102587 0 0 0
C@CP 3203 0.133805244 -0.0938488849 0.427328749 0 0 0
C@CP 3204 0.223887671 -0.319531103 0.249069316 0 0 0
C@CP 3205 -0.314438531 0.197624992 0.0296181457 0 0 0
C@CP 3206 0.190037797 0.235500308 0.329849926 0 0 0
C@CP 3207 0.366036265 -0.162626007 -0.113184796 0 0 0
C@CP 3208 -0.322361393 -0.0150471512 0.314032869 0 0 0
C@CP 3209 0.212291266 0.068396802 -0.245631688 0 0 0
C@CP 3210 -0.241665842 0.127359407 -0.198384896 0 0 0
C@CP 3211 0.343364022 0.174261581 0.11813552 0 0 0
C@CP 3212 0.0992726065 -0.0694665206 -0.124551932 0 0 0
C@CP 3213 0.113693373 0.310105528 0.208813394 0 0 0
C@CP 3214 -0.0490609414 0.426382402 0.0925796422 0 0 0
C@CP 3215 -0.176030257 -0.364738296 0.250014514 0 0 0
C@CP 3216 -0.102439946 0.414170904 0.170348621 0 0 0
C@CP 3217 -0.0500814308 -0.212019081 0.140752377 0 0 0
C@CP 3218 -0.0665588159 0.270200108 -0.219835425 0 0 0
C@CP 3219 0.358783055 -0.292537093 -0.0312044234 0 0 0
C@CP 3220 0.282828222 0.157877214 0.24219256 0 0 0
C@CP 3221 -0.284288005 -0.381292977 0.0199325073 0 0 0
C@CP 3222 0.192489773 0.0885102121 0.380180329 0 0 0
C@CP 3223 -0.150661324 -0.350240361 0.0825313301 0 0 0
C@CP 3224 0.0243623735 0.118848214 0.0202511108 0 0 0
C@CP 3225 -0.18473447 -0.329663677 -0.163995327 0 0 0
C@CP 3226 -0.0557627058 -0.239353155 -0.121330252 0 0 0
C@CP 3227 -0.047003334 0.160117612 0.0578400056 0 0 0
C@CP 3228 -0.290249187 -0.103472098 -0.283541159 0 0 0
C@CP 3229 0.00920189438 0.0744487174 -0.169972639 0 0 0
C@CP 3230 0.202721401 -0.228745816 0.201260712 0 0 0
C@CP 3231 -0.371055186 0.0428596217 -0.299709384 0 0 0
C@CP 3232 0.0127954622 0.0410947235 -0.203566751 0 0 0
C@CP 3233 -0.14138117 -0.379081988 -0.0560945793 0 0 0
C@CP 3234 0.317521533 -0.187687109 0.241901945 0 0 0
C@CP 3235 -0.190141396 0.0783787931 0.358997633 0 0 0
C@CP 3236 0.197977893 -0.00868271515 -0.4030453 0 0 0
C@CP 3237 0.208998834 0.235727315 -0.00864417446 0 0 0
C@CP 3238 -0.0729049046 0.0427801331 -0.421094231 0 0 0
C@CP 3239 -0.0367629146 -0.0176875847 0.239833988 0 0 0
C@CP 3240 0.0406737682 0.27229366 -0.33682175 0 0 0
C@CP 3241 -0.0298697896 0.0750970636 -0.225265249 0 0 0
C@CP 3242 -0.0450745176 -0.0507537967 -0.458897861 0 0 0
C@CP 3243 -0.35537923 0.0230209121 0.285584852 0 0 0
C@CP 3244 -0.22133572 -0.0217532445 -0.29720204 0 0 0
C@CP 3245 0.145901828 0.0208312778 -0.162532985 0 0 0
C@CP 3246 0.295280852 0.0988240281 -0.350735934 0 0 0
C@CP 3247 -0.219285022 -0.0140498991 -0.237488288 0 0 0
C@CP 3248 0.235220098 -0.00209061356 -0.0808467345 0 0 0
C@CP 3249 -0.0811189 -0.287728459 0.12546202 0 0 0
C@CP 3250 -0.138932325 -0.113537253 -0.328206582 0 0 0
C@CP 3251 0.282584048 0.265802141 -0.132109138 0 0 0
C@CP 3252 -0.160244197 0.0869425098 0.0612195781 0 0 0
C@CP 3253 0.0920930207 0.443172776 -0.0698398676 0 0 0
C@CP 3254 -0.172512664 -0.0262388077 -0.340617142 0 0 0
C@CP 3255 -0.223408958 -0.103474277 0.194713787 0 0 0
C@CP 3256 -0.250079996 0.299807109 0.0827704586 0 0 0
C@CP 3257 0.0418169775 0.0840502605 0.171694853 0 0 0
C@CP 3258 0.0480453464 -0.223593593 -0.319838573 0 0 0
C@CP 3259 0.368319121 0.0542360357 0.27965196 0 0 0
C@CP 3260 -0.219343955 0.0283377713 -0.0452915376 0 0 0
C@CP 3261 0.39783392 -0.0857120678 0.19364503 0 0 0
C@CP 3262 -0.0346339584 0.0231119823 -0.304147017 0 0 0
C@CP 3263 0.0493990401 0.136817667 -0.24608376 0 0 0
C@CP 3264 -0.273514408 -0.0029276151 0.341448214 0 0 0
C@CP 3265 0.303386243 -0.132223139 -0.0688999793 0 0 0
C@CP 3266 0.172987982 0.0514101555 0.0872777223 0 0 0
C@CP 3267 0.2567041 -0.359474427 -0.107970481 0 0 0
C@CP 3268 0.216914245 0.139452945 0.255353137 0 0 0
C@CP 3269 -0.0133014273 0.420251777 -0.147226749 0 0 0
C@CP 3270 0.324957178 -0.247825895 0.216158672 0 0 0
C@CP 3271 -0.0728693311 0.0241716388 0.0479704831 0 0 0
C@CP 3272 0.26245399 -0.21522719 -0.0683026373 0 0 0
C@CP 3273 -0.434043151 0.0863017654 -0.119860152 0 0 0
C@CP 3274 -0.0118554498 0.0644032245 0.197088038 0 0 0
C@CP 3275 0.262811954 -0.0826918038 0.148057589 0 0 0
C@CP 3276 0.0948575609 -0.293822512 0.297427386 0 0 0
C@CP 3277 -0.240824756 -0.0668970218 0.0668862252 0 0 0
C@CP 3278 0.0991854173 -0.050866512 0.274223245 0 0 0
C@CP 3279 -0.204203653 -0.250674163 0.273858391 0 0 0
C@CP 3280 0.0622458264 -0.35220565 -0.0989822077 0 0 0
C@CP 3281 -0.409933409 -0.0761552493 -0.101477057 0 0 0
C@CP 3282 -0.226971333 0.394158632 -0.054990242 0 0 0
C@CP 3283 0.345320702 0.0938616999 0.0579967455 0 0 0
C@CP 3284 -0.0314001169 0.0997267444 -0.299872239 0 0 0
C@CP 3285 -0.276796967 0.126920713 -0.0812895483 0 0 0
C@CP 3286 -0.102621211 0.436184485 0.13106065 0 0 0
C@CP 3287 0.0170469221 -0.179830764 0.392051179 0 0 0
C@CP 3288 -0.100411716 0.035912011 0.0830937101 0 0 0
C@CP 3289 -0.0566242313 0.151115273 -0.159775527 0 0 0
C@CP 3290 -0.259572176 -0.184405437 0.336097864 0 0 0
C@CP 3291 0.0909592796 -0.0721029087 0.0319805468 0 0 0
C@CP 3292 0.0625173121 -0.103189811 0.045881033 0 0 0
C@CP 3293 -0.0119361726 -0.389184516 0.233429368 0 0 0
C@CP 3294 0.198728778 -0.22200008 -0.298609196 0 0 0
C@CP 3295 -0.0835201235 0.0865135037 0.38204068 0 0 0
C@CP 3296 -0.0813234271 0.412554493 -0.169040674 0 0 0
C@CP 3297 -0.166401783 0.294346133 0.0675266229 0 0 0
C@CP 3298 -0.361602573 -0.0652654208 -0.259398539 0 0 0
C@CP 3299 0.152440318 -0.0502327972 0.14277631 0 0 0
C@CP 3300 0.0502231942 0.198186586 -0.411614089 0 0 0
C@CP 3301 0.13538832 -0.112357837 0.142795787 0 0 0
C@CP 3302 -0.367848632 0.163089147 0.106551028 0 0 0
C@CP 3303 -0.137249543 0.186897062 -0.177082446 0 0 0
C@CP 3304 0.306924418 -0.282483055 0.00356826876 0 0 0
C@CP 3305 0.2039872 0.112719371 -0.212604409 0 0 0
C@CP 3306 0.194398181 0.350458989 0.0222466043 0 0 0
C@CP 3307 -0.226368209 -0.189835986 -0.11731436 0 0 0
C@CP 3308 0.113058846 -0.251304094 -0.255340565 0 0 0
C@CP 3309 0.317836461 0.113338717 0.0322759371 0 0 0
C@CP 3310 0.0374188373 -0.154393161 0.271558711 0 0 0
C@CP 3311 -0.288080355 -0.124861542 0.064610366 0 0 0
C@CP 3312 -0.0951741407 -0.0358299861 0.394225936 0 0 0
C@CP 3313 0.144486506 0.0919486641 0.302951182 0 0 0
C@CP 3314 -0.10029778 -0.0836866055 0.120237518 0 0 0
C@CP 3315 -0.221937663 0.111424457 -0.36621658 0 0 0
C@CP 3316 0.083754238 0.0945496045 0.347595144 0 0 0
C@CP 3317 0.0219058219 -0.377263227 -0.0617031606 0 0 0
C@CP 3318 0.0786603005 -0.261667151 -0.366348484 0 0 0
C@CP 3319 0.273469833 0.229614866 -0.013540445 0 0 0
C@CP 3320 0.125984795 0.174865813 -0.0724508526 0 0 0
C@CP 3321 0.251072392 -0.19888978 -0.303572483 0 0 0
C@CP 3322 -0.107513633 -0.0817095985 0.357186139 0 0 0
C@CP 3323 -0.222032107 0.331309488 -0.0596763495 0 0 0
C@CP 3324 -0.274546472 0.227271094 -0.223475179 0 0 0
C@CP 3325 -0.249120385 0.401871189 0.0319381008 0 0 0
C@CP 3326 -0.13820251 0.21574598 -0.271882731 0 0 0
C@CP 3327 0.243730648 -0.1183949 -0.378125467 0 0 0
C@CP 3328 -0.130834317 -0.0619833294 0.377429778 0 0 0
C@CP 3329 0.126153377 0.371822738 -0.245257516 0 0 0
C@CP 3330 -0.156624387 0.0724980044 -0.124980266 0 0 0
C@CP 3331 -0.411478197 -0.00541373222 0.0471681865 0 0 0
C@CP 3332 -0.160581611 -0.201889782 0.180363592 0 0 0
C@CP 3333 -0.363404076 0.130564807 -0.116100776 0 0 0
C@CP 3334 0.034569061 -0.0979500338 0.144235432 0 0 0
C@CP 3335 -0.139903107 0.0786275203 0.28847072 0 0 0
C@CP 3336 0.200711667 0.355129778 -0.157101142 0 0 0
C@CP 3337 -0.306632876 -0.0398077277 -0.0421350058 0 0 0
C@CP 3338 0.298838428 -0.216494065 0.0948824821 0 0 0
C@CP 3339 -0.286633018 -0.244840819 -0.156515353 0 0 0
C@CP 3340 0.0836238807 0.141008463 -0.16874727 0 0 0
C@CP 3341 -0.26731343 -0.0499117403 0.319454425 0 0 0
C@CP 3342 -0.141360045 -0.306122361 0.0456852375 0 0 0
C@CP 3343 -0.122741256 0.0272928641 0.203558958 0 0 0
C@CP 3344 0.00206935325 0.287686862 -0.120981225 0 0 0
C@CP 3345 0.302694276 0.00461603578 -0.234926537 0 0 0
C@CP 3346 -0.397322996 -0.102901121 0.0274081096 0 0 0
C@CP 3347 -0.256420783 0.325491774 0.0536694454 0 0 0
C@CP 3348 -0.133520449 0.0141533544 0.418117942 0 0 0
C@CP 3349 -0.210958329 -0.0422335355 -0.236403285 0 0 0
C@CP 3350 -0.133371927 -0.0626474139 0.345765545 0 0 0
C@CP 3351 0.0602529267 0.19088391 0.298237542 0 0 0
C@CP 3352 0.261043444 -0.112327435 -0.282044919 0 0 0
C@CP 3353 -0.0240439164 -0.00677941368 -0.317106428 0 0 0
C@CP 3354 0.332816665 0.313461203 0.103502603 0 0 0
C@CP 3355 -0.160275745 -0.15245699 -0.370533036 0 0 0
C@CP 3356 -0.288410947 0.125932343 -0.348021176 0 0 0
C@CP 3357 0.0126694421 0.295852879 0.1471954 0 0 0
C@CP 3358 0.0524252051 0.182380204 0.415069585 0 0 0
C@CP 3359 -0.26850795 -0.0173912505 0.0257689443 0 0 0
C@CP 3360 0.301351525 0.0125034932 0.0548184952 0 0 0
C@CP 3361 -0.0765519932 0.000811277429 0.0254929527 0 0 0
C@CP 3362 -0.123464995 0.264150012 0.173676378 0 0 0
C@CP 3363 -0.269436347 -0.378351548 -0.074811366 0 0 0
C@CP 3364 -0.0340783203 0.266388437 -0.231062003 0 0 0
C@CP 3365 0.0677171357 -0.350447276 0.265083989 0 0 0
C@CP 3366 -0.407798815 0.157618038 -0.117677577 0 0 0
C@CP 3367 0.242327486 -0.165901139 0.342883452 0 0 0
C@CP 3368 0.0851893113 -0.346289544 0.113389343 0 0 0
C@CP 3369 0.248407215 0.335004038 -0.11469963 0 0 0
C@CP 3370 0.0700540459 0.254801485 -0.0335998474 0 0 0
C@CP 3371 -0.357828199 -0.0194396757 -0.192888047 0 0 0
C@CP 3372 -0.13169143 0.362863084 -0.141109738 0 0 0
C@CP 3373 -0.0767475512 0.130827198 -0.0431200963 0 0 0
C@CP 3374 -0.251378596 -0.0332816543 -0.290160228 0 0 0
C@CP 3375 0.0916937221 0.0882149669 -0.0303896297 0 0 0
C@CP 3376 0.376700375 -0.211948065 0.107541775 0 0 0
C@CP 3377 -0.282563591 0.290666441 -0.136166199 0 0 0
C@CP 3378 -0.12312034 0.276249722 0.288210463 0 0 0
C@CP 3379 -0.0978204849 0.224500509 0.317767867 0 0 0
C@CP 3380 0.100741979 0.171215932 -0.11223913 0 0 0
C@CP 3381 -0.174021198 0.0841485748 -0.347696298 0 0 0
C@CP 3382 0.202527109 -0.0156232789 -0.0179644459 0 0 0
C@CP 3383 -0.0409674673 -0.00365218651 -0.110275974 0 0 0
C@CP 3384 -0.203993086 -0.350756594 0.155641039 0 0 0
C@CP 3385 0.194611581 -0.298604998 0.295481553 0 0 0
C@CP 3386 0.0172511476 -0.263256695 0.0489160709 0 0 0
C@CP 3387 0.152573744 0.113085032 -0.231636278 0 0 0
C@CP 3388 0.118459617 -0.356888434 -0.12233449 0 0 0
C@CP 3389 -0.432600467 -0.145514131 0.0992211338 0 0 0
C@CP 3390 -0.129190319 -0.153569836 0.384647363 0 0 0
C@CP 3391 0.000998526629 0.177327211 0.320973316 0 0 0
C@CP 3392 -0.302988816 -0.141274941 -0.0258071734 0 0 0
C@CP 3393 -0.310134484 0.212770636 0.233175191 0 0 0
C@CP 3394 0.315045135 -0.172350815 -0.148479936 0 0 0
C@CP 3395 0.132661748 -0.192227771 0.327633016 0 0 0
C@CP 3396 -0.351341381 -0.19481459 -0.150737055 0 0 0
C@CP 3397 -0.0714276806 -0.234200063 -0.385996614 0 0 0
C@CP 3398 -0.175823501 -0.0321849786 -0.0220427979 0 0 0
C@CP 3399 -0.343501663 0.0526924846 -0.218115822 0 0 0
C@CP 3400 -0.116985419 0.0221150326 0.00266921112 0 0 0
C@CP 3401 -0.391354604 0.0867047608 0.217593338 0 0 0
C@CP 3402 0.363055397 -0.131891293 0.0320226618 0 0 0
C@CP 3403 0.391029193 0.0565313924 -0.180381892 0 0 0
C@CP 3404 -0.00924127958 -0.0741279293 -0.0264754955 0 0 0
C@CP 3405 0.141516516 -0.338913358 0.0397158429 0 0 0
C@CP 3406 0.259008042 -0.32542483 -0.0673883258 0 0 0
C@CP 3407 0.00557187408 -0.203097468 -0.273910653 0 0 0
C@CP 3408 -0.127661614 -0.360852983 0.238864445 0 0 0
C@CP 3409 -0.204687185 0.187507469 0.268436014 0 0 0
C@CP 3410 -0.029901398 -0.146757589 -0.101649643 0 0 0
C@CP 3411 -0.159050075 -0.0421567864 -0.299848994 0 0 0
C@CP 3412 0.210524453 -0.097962166 0.300072506 0 0 0
C@CP 3413 0.0254216489 0.0864412103 0.394460519 0 0 0
C@CP 3414 -0.021484842 -0.379813666 0.0856535185 0 0 0
C@CP 3415 -0.0162402503 0.174282935 0.276230214 0 0 0
C@CP 3416 0.226005945 0.193384581 0.116892583 0 0 0
C@CP 3417 -0.13552977 -0.0230805136 0.238239598 0 0 0
C@CP 3418 -0.238797647 0.208695546 -0.0977562461 0 0 0
C@CP 3419 0.120909102 -0.200256004 -0.335045439 0 0 0
C@CP 3420 -0.319206526 0.300869753 0.00180673067 0 0 0
C@CP 3421 0.225802288 0.409627029 -0.0418758712 0 0 0
C@CP 3422 -0.0666501764 0.199511321 0.00710797276 0 0 0
C@CP 3423 -0.162865128 0.0605205634 -0.221801979 0 0 0
C@CP 3424 0.349626964 0.257508624 0.00446116774 0 0 0
C@CP 3425 -0.21680203 0.163829519 0.328615373 0 0 0
C@CP 3426 0.163019881 -0.0415949945 0.289194747 0 0 0
C@CP 3427 0.229033544 0.0710900959 0.216844544 0 0 0
C@CP 3428 0.262699361 -0.347836091 -0.147427357 0 0 0
C@CP 3429 0.224689786 0.116676316 -0.393702009 0 0 0
C@CP 3430 0.0633871273 0.024886534 -0.0435874521 0 0 0
C@CP 3431 0.150758359 -0.246131049 0.0968666841 0 0 0
C@CP 3432 0.365453274 -0.124678182 -0.140729941 0 0 0
C@CP 3433 0.363296499 -0.0146049092 -0.17427045 0 0 0
C@CP 3434 -0.275327737 0.0358267253 -0.11797036 0 0 0
C@CP 3435 -0.0102694561 -0.0816518292 -0.0182786981 0 0 0
C@CP 3436 0.107785822 0.365178655 0.190178085 0 0 0
C@CP 3437 -0.112469564 0.270926088 -0.343165881 0 0 0
C@CP 3438 -0.0914998918 -0.0746336753 -0.00482419635 0 0 0
C@CP 3439 -0.300957748 0.0986812536 -0.347825827 0 0 0
C@CP 3440 -0.227160199 -0.234060231 0.312512406 0 0 0
C@CP 3441 0.178084523 -0.0467974314 0.280040726 0 0 0
C@CP 3442 -0.394552641 -0.124077574 -0.0534702709 0 0 0
C@CP 3443 -0.0732978443 0.447743302 0.0719055414 0 0 0
C@CP 3444 0.0268667077 0.178582632 0.219973634 0 0 0
C@CP 3445 -0.165566352 0.00995834118 0.0658301126 0 0 0
C@CP 3446 -0.048819813 0.313759421 -0.0777945218 0 0 0
C@CP 3447 0.122977083 0.327358252 -0.313375863 0 0 0
C@CP 3448 -0.13870638 -0.044850307 0.0538751185 0 0 0
C@CP 3449 0.0382926085 -0.164210048 -0.271005089 0 0 0
C@CP 3450 -0.176382121 -0.387819673 -0.0202760692 0 0 0
C@CP 3451 0.210747885 -0.124047262 -0.0995279691 0 0 0
C@CP 3452 0.0842022836 -0.00771308739 -0.128004326 0 0 0
C@CP 3453 -0.197215719 0.34110269 -0.163120195 0 0 0
C@CP 3454 0.0104850717 -0.209331726 -0.152784114 0 0 0
C@CP 3455 0.171027314 0.398553895 -0.109061104 0 0 0
C@CP 3456 -0.158856664 -0.0738032572 -0.072243181 0 0 0
C@CP 3457 0.00323296638 -0.331382614 -0.330300639 0 0 0
C@CP 3458 -0.437699389 -0.00168201492 0.145787816 0 0 0
C@CP 3459 0.318609598 0.123388488 0.112523066 0 0 0
C@CP 3460 -0.0516697354 0.231103307 -0.192037217 0 0 0
C@CP 3461 0.0935949616 0.0505497709 -0.19263743 0 0 0
C@CP 3462 -0.283706202 -0.103318248 0.253908252 0 0 0
C@CP 3463 0.205867113 0.152788955 0.105227054 0 0 0
C@CP 3464 0.17979954 0.0523570845 -0.0597618516 0 0 0
C@CP 3465 -0.0612298082 0.30234945 -0.0232110639 0 0 0
C@CP 3466 -0.075111058 0.000700269624 0.273018923 0 0 0
C@CP 3467 -0.107580332 -0.154483788 0.117600872 0 0 0
C@CP 3468 0.192011405 0.431939586 -0.0296170567 0 0 0
C@CP 3469 0.188423829 -0.25479759 0.101703912 0 0 0
C@CP 3470 -0.03344917 0.196512044 0.352589415 0 0 0
C@CP 3471 -0.251450437 -0.289475445 -0.0387475808 0 0 0
C@CP 3472 -0.434783826 0.148055417 0.0671653945 0 0 0
C@CP 3473 -0.10102857 0.179681414 -0.110074993 0 0 0
C@CP 3474 0.00915701475 0.360995751 -0.189544186 0 0 0
C@CP 3475 -0.103998829 -0.176036135 -0.37172068 0 0 0
C@CP 3476 0.398498088 0.214817906 0.12307038 0 0 0
C@CP 3477 -0.187867672 0.356789607 0.215909908 0 0 0
C@CP 3478 0.249465732 0.339663318 0.175388001 0 0 0
C@CP 3479 0.134711619 -0.0144860534 -0.17334323 0 0 0
C@CP 3480 -0.00270061043 0.174950567 0.408672291 0 0 0
C@CP 3481 0.072504036 -0.205014893 0.221325852 0 0 0
C@CP 3482 0.243254434 0.0311717045 -0.0707155568 0 0 0
C@CP 3483 -0.148538964 -0.0243038222 0.0982597438 0 0 0
C@CP 3484 -0.127132735 0.00986309247 0.0303512461 0 0 0
C@CP 3485 -0.341359832 0.0154678311 -0.0816279499 0 0 0
C@CP 3486 -0.274416742 -0.111504901 0.163491671 0 0 0
C@CP 3487 0.148034316 -0.156786581 0.292793674 0 0 0
C@CP 3488 0.0745868793 0.150811027 0.326133947 0 0 0
C@CP 3489 -0.0642395751 0.159906167 -0.224887804 0 0 0
C@CP 3490 0.347158126 0.0681856703 0.279282394 0 0 0
C@CP 3491 -0.0490458588 0.244805391 -0.127509285 0 0 0
C@CP 3492 -0.206167395 0.199346976 0.289303876 0 0 0
C@CP 3493 0.0320175313 -0.203279391 -0.315253355 0 0 0
C@CP 3494 -0.0412273922 -0.443592944 0.0377927766 0 0 0
C@CP 3495 -0.0373529358 -0.28206234 -0.0445066521 0 0 0
C@CP 3496 0.266823292 0.0875189478 -0.208907289 0 0 0
C@CP 3497 0.0877838837 0.0223245165 0.0806102741 0 0 0
C@CP 3498 -0.393613331 0.160087268 0.142130923 0 0 0
C@CP 3499 0.213791101 -0.0424224834 0.241407178 0 0 0
A@CP 3500 0.0865663651 0.191541339 0.193207846 0 0 0
B@CP 3501 -0.0745700939 -0.00286542337 0.01428639 0 0 0
