B@CP 1000 0.118905827 -0.204958307 -0.0306172087 0 0 0
B@CP 1002 0.19649825 -0.340192034 0.252803822 0 0 0
B@CP 1003 0.0250348971 0.314552842 0.244389359 0 0 0
B@CP 1006 -0.288144516 0.25671208 0.110797386 0 0 0
B@CP 1007 0.33272133 -0.00316598159 -0.159388167 0 0 0
B@CP 1008 -0.18977544 -0.191854126 0.171931655 0 0 0
B@CP 1011 -0.150149218 0.117671566 -0.111784364 0 0 0
B@CP 1015 -0.0595241826 0.412240526 0.17953922 0 0 0
B@CP 1019 -0.263884715 -0.026907124 0.0839273949 0 0 0
B@CP 1024 -0.370590503 0.0507053038 -0.267922774 0 0 0
B@CP 1036 -0.221296347 0.241434404 -0.18157112 0 0 0
B@CP 1037 -0.0246153634 -0.202490265 0.186463585 0 0 0
B@CP 1042 -0.447293157 0.0233785032 -0.0587709014 0 0 0
B@CP 1045 -0.00822187382 0.0384980611 -0.265466736 0 0 0
B@CP 1047 -0.0493190975 -0.419282902 0.101298706 0 0 0
B@CP 1049 -0.217232018 -0.320019805 -0.0102612398 0 0 0
B@CP 1052 0.0314680823 0.0017587111 -0.157554144 0 0 0
B@CP 1056 -0.117555558 -0.146402775 -0.0200400003 0 0 0
B@CP 1058 0.221733629 0.0575519383 0.241475879 0 0 0
B@CP 1062 0.227912791 -0.282188869 -0.155138401 0 0 0
B@CP 1063 -0.113255733 -0.227112511 -0.269304136 0 0 0
B@CP 1064 -0.0570517605 -0.26742764 0.00869943855 0 0 0
B@CP 1066 -0.3579422 0.182674188 -0.12947962 0 0 0
B@CP 1067 0.0116805484 -0.0920601601 -0.402652792 0 0 0
B@CP 1073 0.117289233 -0.172180831 0.108884081 0 0 0
B@CP 1078 0.139340248 0.232187342 0.131227843 0 0 0
B@CP 1080 0.183252739 0.281806744 -0.074121066 0 0 0
B@CP 1083 -0.0752971332 0.40828591 0.0940522182 0 0 0
B@CP 1087 -0.200696299 -0.352394774 -0.118920197 0 0 0
B@CP 1088 -0.0253846955 0.0925979552 0.169048361 0 0 0
B@CP 1089 0.21598315 0.0486901513 -0.0603553622 0 0 0
B@CP 1090 -0.0840245665 -0.25024902 0.0521131769 0 0 0
B@CP 1091 -0.0581188088 0.120106442 0.173297569 0 0 0
B@CP 1096 0.0277344511 -0.441357788 -0.0856377248 0 0 0
B@CP 1101 0.235334216 0.2297088 -0.0844947185 0 0 0
B@CP 1103 0.179042854 -0.00195535642 -0.0581720758 0 0 0
B@CP 1105 -0.0187133459 0.014236301 0.222265304 0 0 0
B@CP 1107 -0.113704926 0.185524533 0.0904322621 0 0 0
B@CP 1110 -0.381326025 0.114963321 -0.187296049 0 0 0
B@CP 1113 0.0409364422 -0.432824905 -0.0332016624 0 0 0
B@CP 1116 -0.102574874 0.424607946 -0.0459576985 0 0 0
B@CP 1117 -0.23498978 0.0983715364 0.0565369757 0 0 0
B@CP 1118 -0.344835733 0.306551312 0.0238212734 0 0 0
B@CP 1119 -0.0863475303 -0.366921518 0.24981205 0 0 0
B@CP 1121 -0.299394704 0.143519802 0.082389806 0 0 0
B@CP 1125 0.317581157 0.0130907557 -0.189349212 0 0 0
B@CP 1129 -0.125013473 0.0809977834 -0.195833029 0 0 0
B@CP 1130 -0.250047928 -0.167292109 -0.099063188 0 0 0
B@CP 1131 -0.0315313994 -0.257712165 0.12643445 0 0 0
B@CP 1133 0.0337330004 0.0177686583 0.18587016 0 0 0
B@CP 1136 -0.367283151 -0.219698815 0.0179999752 0 0 0
B@CP 1139 0.08772457 0.201988873 -0.0976314342 0 0 0
B@CP 1145 -0.00468239155 0.358032155 -0.29750164 0 0 0
B@CP 1148 0.104475576 0.169059641 -0.384380818 0 0 0
B@CP 1151 -0.2297453 0.0487297568 -0.347498271 0 0 0
B@CP 1156 0.258054886 -0.0712207142 -0.200756614 0 0 0
B@CP 1157 0.324378304 -0.129261662 0.198495908 0 0 0
B@CP 1163 -0.128018334 -0.146466172 -0.0305551713 0 0 0
B@CP 1165 -0.0410782062 -0.0173363942 -0.242284352 0 0 0
B@CP 1167 0.183194911 -0.00717798314 0.0159610749 0 0 0
B@CP 1170 -0.232927211 0.0486653334 -0.362072838 0 0 0
B@CP 1173 -0.316681618 0.27644157 -0.00287386095 0 0 0
B@CP 1175 -0.106819614 0.187655136 0.382505438 0 0 0
B@CP 1176 0.151373575 0.0580391579 -0.168531016 0 0 0
B@CP 1178 -0.095053507 -0.266756853 -0.186177075 0 0 0
B@CP 1180 -0.123548684 -0.125008135 -0.35012561 0 0 0
B@CP 1188 -0.0945095888 0.124306683 -0.351337002 0 0 0
B@CP 1189 0.0496769005 -0.414830171 0.0196838601 0 0 0
B@CP 1191 -0.330691334 -0.21942927 -0.072697062 0 0 0
B@CP 1196 -0.0464988735 0.324192927 0.221530729 0 0 0
B@CP 1201 -0.0287900787 -0.392113203 0.168832484 0 0 0
B@CP 1203 0.147508298 0.215324311 0.287716551 0 0 0
B@CP 1205 -0.126516588 -0.333850589 -0.300625987 0 0 0
B@CP 1206 -0.0946033101 0.341905977 0.0330057855 0 0 0
B@CP 1210 -0.14074878 0.0586025704 0.268271151 0 0 0
B@CP 1212 0.151172632 -0.344670512 0.280284599 0 0 0
B@CP 1214 -0.0287171929 0.0289790168 0.0658327396 0 0 0
B@CP 1215 -0.264528214 0.245389373 -0.0670627378 0 0 0
B@CP 1216 0.310143506 0.244252044 -0.114234663 0 0 0
B@CP 1222 -0.218400241 0.370678928 0.0816077951 0 0 0
B@CP 1226 0.207152462 -0.287340137 -0.237334633 0 0 0
B@CP 1232 -0.00886581558 0.181885188 0.207714144 0 0 0
B@CP 1238 -0.265432398 0.111171508 0.253521622 0 0 0
B@CP 1242 -0.286413209 -0.339390552 0.00775358006 0 0 0
B@CP 1243 0.318028187 -0.224325068 0.20723151 0 0 0
B@CP 1246 -0.352944214 -0.12667485 0.0843826005 0 0 0
B@CP 1247 -0.231547684 -0.32311283 0.0563375444 0 0 0
B@CP 1250 0.000149184178 -0.0674848735 0.335757909 0 0 0
B@CP 1253 -0.226592508 -0.179649746 0.309905773 0 0 0
B@CP 1255 -0.155092028 0.0282601263 0.318860806 0 0 0
B@CP 1256 -0.108561673 -0.168831486 -0.201284451 0 0 0
B@CP 1257 -0.185629953 0.238889323 0.285582805 0 0 0
B@CP 1259 0.335637372 -0.025051249 0.159371147 0 0 0
B@CP 1263 -0.319222882 0.194566448 0.0579580101 0 0 0
B@CP 1264 0.0215359102 0.345136018 -0.26652467 0 0 0
B@CP 1268 -0.207870544 -0.0674771624 -0.16177872 0 0 0
B@CP 1269 0.106694537 0.191056864 -0.341837804 0 0 0
B@CP 1273 -0.228656029 0.295278162 -0.102415736 0 0 0
B@CP 1274 0.0940007016 -0.0978377812 0.340068862 0 0 0
B@CP 1275 0.0199595496 -0.348611917 0.28147878 0 0 0
B@CP 1276 0.325952247 0.226676147 -0.202965868 0 0 0
B@CP 1282 -0.0669607879 -0.0922044757 0.310561456 0 0 0
B@CP 1283 0.214957812 -0.351247591 0.204766029 0 0 0
B@CP 1284 0.0213189989 0.0562046699 0.395637685 0 0 0
B@CP 1291 -0.264775382 0.098871896 -0.275322218 0 0 0
B@CP 1292 -0.129525976 0.312422643 0.186649207 0 0 0
B@CP 1305 -0.158408705 0.056998145 0.189932414 0 0 0
B@CP 1308 0.0421674474 -0.271705666 -0.281502178 0 0 0
B@CP 1312 0.137434449 0.114224237 0.1956239 0 0 0
B@CP 1313 0.260133744 -0.128140445 -0.114631194 0 0 0
B@CP 1316 0.0880008165 0.121161319 -0.217295505 0 0 0
B@CP 1317 0.0406215082 0.459430523 -0.0643624746 0 0 0
B@CP 1324 0.365111065 -0.0289049511 -0.299891321 0 0 0
B@CP 1326 -0.323224561 0.0836943137 -0.113069077 0 0 0
B@CP 1329 0.314485789 -0.102678055 0.021248724 0 0 0
B@CP 1331 0.0930597199 0.246894979 0.0836944585 0 0 0
B@CP 1333 -0.269072136 -0.290929291 -0.0369833937 0 0 0
B@CP 1340 0.313048107 0.254692384 -0.218925912 0 0 0
B@CP 1344 -0.195072858 0.0664272859 0.184662679 0 0 0
B@CP 1348 -0.30786773 -0.0481970268 0.246149734 0 0 0
B@CP 1350 -0.00335275325 0.399248432 0.0576352822 0 0 0
B@CP 1355 0.210869057 0.318733928 0.0349984273 0 0 0
B@CP 1360 -0.230099727 -0.212055987 -0.000175864444 0 0 0
B@CP 1361 0.354151147 0.0440312565 -0.146458619 0 0 0
B@CP 1362 -0.109334376 -0.00497614003 -0.221427502 0 0 0
B@CP 1365 -0.398189201 0.0480299398 -0.179047464 0 0 0
B@CP 1367 -0.0717708617 -0.353687684 0.255712466 0 0 0
B@CP 1368 0.309982217 -0.10886146 0.0235288919 0 0 0
B@CP 1370 0.187453968 -0.073611954 -0.131599703 0 0 0
B@CP 1371 -0.325464088 0.0255491974 -0.00449589318 0 0 0
B@CP 1376 0.117194623 -0.0660867371 -0.252354234 0 0 0
B@CP 1380 -0.0495679038 -0.00566207569 -0.126425846 0 0 0
B@CP 1391 -0.224680077 -0.0286422129 0.328355554 0 0 0
B@CP 1393 -0.0797965347 -0.0132012379 -0.0580954337 0 0 0
B@CP 1395 0.424029489 0.0320789428 -0.0764482856 0 0 0
B@CP 1396 0.055930879 0.247680446 -0.242830003 0 0 0
B@CP 1397 -0.244432067 -0.396554032 0.0528731141 0 0 0
B@CP 1402 0.324482208 0.108692877 -0.138018781 0 0 0
B@CP 1404 0.221487769 0.0281619392 0.0183488251 0 0 0
B@CP 1406 -0.134565823 -0.375374427 0.191184464 0 0 0
B@CP 1410 0.119302794 0.0862728716 0.294120782 0 0 0
B@CP 1413 -0.109897296 0.0636391724 0.448111887 0 0 0
B@CP 1416 -0.367185212 0.0511307183 0.132014333 0 0 0
B@CP 1417 -0.136653726 -0.0194137147 0.00786451894 0 0 0
B@CP 1419 -0.096313636 -0.209111831 0.0822018552 0 0 0
B@CP 1428 -0.074362977 -0.247943508 0.0959313825 0 0 0
B@CP 1430 -0.150247644 0.122840348 -0.0922452157 0 0 0
B@CP 1431 -0.286836883 -0.23339196 -0.244002018 0 0 0
B@CP 1435 0.237858532 0.162568048 0.130400368 0 0 0
B@CP 1437 -0.30649549 -0.248960558 0.192484288 0 0 0
B@CP 1443 -0.142014013 -0.200152961 -0.341447697 0 0 0
B@CP 1445 0.215728899 -0.00905032862 0.0522730565 0 0 0
B@CP 1446 -0.251160921 -0.367884871 -0.0143057056 0 0 0
B@CP 1453 -0.17457695 0.0957528485 -0.0843762847 0 0 0
B@CP 1454 0.0800626499 -0.396837304 0.052806306 0 0 0
B@CP 1456 -0.0965091038 -0.389273352 -0.150429903 0 0 0
B@CP 1461 0.0281534829 -0.102517812 0.00535338677 0 0 0
B@CP 1462 -0.216226766 0.180594133 -0.250973093 0 0 0
B@CP 1463 -0.383383367 0.262829095 0.0772083423 0 0 0
B@CP 1467 0.408280254 0.131495702 -0.0315420643 0 0 0
B@CP 1469 -0.0293290632 -0.235439703 0.0661489525 0 0 0
B@CP 1472 -0.0163526147 0.338321536 0.012303594 0 0 0
B@CP 1473 -0.239104778 0.200249482 -0.351720332 0 0 0
B@CP 1477 0.12491514 -0.0747604647 0.171503831 0 0 0
B@CP 1478 -0.0719926415 0.158357034 0.330141874 0 0 0
B@CP 1481 -0.106368094 0.416426714 0.156553655 0 0 0
B@CP 1484 0.380891733 0.194483603 -0.0212521418 0 0 0
B@CP 1486 -0.138421786 0.0613815191 0.387498426 0 0 0
B@CP 1487 -0.1126 -0.356838761 0.00719673535 0 0 0
B@CP 1488 0.284509318 0.067898193 0.172325162 0 0 0
B@CP 1492 0.231721154 0.299157474 -0.0986455942 0 0 0
B@CP 1493 0.272057447 -0.0498312072 0.072636224 0 0 0
B@CP 1495 -0.0273319774 -0.225346572 0.125865365 0 0 0
B@CP 1499 -0.19253884 0.216581272 -0.139556806 0 0 0
B@CP 1501 -0.33681853 -0.0575278521 -0.152817143 0 0 0
B@CP 1503 -0.204323941 -0.107255863 -0.331286757 0 0 0
B@CP 1506 -0.26077291 0.329362318 0.0924097708 0 0 0
B@CP 1507 -0.0923953253 0.0866568893 -0.432289767 0 0 0
B@CP 1508 -0.353197192 -0.157388974 0.106373011 0 0 0
B@CP 1512 -0.276844178 0.199158153 0.305005901 0 0 0
B@CP 1516 0.22305007 0.29611951 0.264065735 0 0 0
B@CP 1518 -0.235331889 0.246605414 -0.283299868 0 0 0
B@CP 1523 0.293686777 0.130994807 0.183953806 0 0 0
B@CP 1524 0.0716913304 0.343749774 -0.0273182076 0 0 0
B@CP 1526 0.44783609 0.0112186519 -0.0464013414 0 0 0
B@CP 1530 -0.114187436 -0.220587421 0.264269526 0 0 0
B@CP 1531 -0.318509068 0.00620099791 -0.276061256 0 0 0
B@CP 1532 -0.0849565746 -0.360923381 0.238169689 0 0 0
B@CP 1534 -0.239987991 0.190989915 0.0347151134 0 0 0
B@CP 1535 0.1222792 0.0998416627 -0.0759311891 0 0 0
B@CP 1536 0.055871938 0.178938232 -0.290202836 0 0 0
B@CP 1541 -0.0739763831 0.39460987 -0.0815402185 0 0 0
B@CP 1542 0.25515086 -0.111723852 0.24710066 0 0 0
B@CP 1543 -0.0892919689 -0.207944183 -0.306363628 0 0 0
B@CP 1546 0.0607473682 0.145236066 0.0299866744 0 0 0
B@CP 1556 0.0525413024 0.0980736632 -0.277831717 0 0 0
B@CP 1557 0.202782506 0.305794063 -0.0534003941 0 0 0
B@CP 1558 -0.00646066581 -0.00726105779 0.28622761 0 0 0
B@CP 1565 0.426389402 -0.0198228067 0.101827215 0 0 0
B@CP 1568 0.0962061003 0.114018199 -0.259320616 0 0 0
B@CP 1573 0.215878525 0.382939407 -0.0670413315 0 0 0
B@CP 1578 -0.36698952 -0.10559451 -0.117868959 0 0 0
B@CP 1586 -0.177026773 0.0680867896 -0.109960356 0 0 0
B@CP 1597 0.254099593 0.12792726 -0.27784682 0 0 0
B@CP 1599 -0.296720013 0.0791622014 0.34798648 0 0 0
B@CP 1600 -0.132346044 0.0256432108 -0.405461119 0 0 0
B@CP 1602 -0.113482439 0.300965085 -0.312956971 0 0 0
B@CP 1603 -0.405381602 -0.0466143427 -0.23211276 0 0 0
B@CP 1604 0.103620892 -0.274265862 -0.151376673 0 0 0
B@CP 1605 0.333337068 -0.00454157026 0.0741676587 0 0 0
B@CP 1611 -0.234284766 -0.220927603 0.0601701939 0 0 0
B@CP 1625 0.266659915 -0.361135784 0.0166317318 0 0 0
B@CP 1635 -0.110855988 0.34319743 0.274669527 0 0 0
B@CP 1637 -0.078332563 0.180716108 -0.377920252 0 0 0
B@CP 1638 -0.230254203 0.181779632 0.222284445 0 0 0
B@CP 1640 -0.0437190859 0.209281447 -0.019305699 0 0 0
B@CP 1641 -0.112523461 -0.199137871 -0.189694071 0 0 0
B@CP 1646 -0.282878514 0.233967516 0.168832601 0 0 0
B@CP 1650 -0.0569978868 -0.325507003 0.0632362229 0 0 0
B@CP 1651 0.0845880424 -0.206931376 -0.373440069 0 0 0
B@CP 1652 0.218508746 0.149848321 0.360136765 0 0 0
B@CP 1656 0.107668119 0.0426264578 -0.369318391 0 0 0
B@CP 1665 0.157897543 -0.280102295 0.265450113 0 0 0
B@CP 1670 -0.221998807 0.103800881 0.341532265 0 0 0
B@CP 1671 0.0564740355 0.223204548 0.0248850667 0 0 0
B@CP 1674 0.344358065 0.225974549 -0.140827977 0 0 0
B@CP 1676 0.247175987 0.375084513 -0.00335100824 0 0 0
B@CP 1681 0.241578595 0.347619527 0.200636331 0 0 0
B@CP 1684 0.327489429 0.113798496 0.0585529832 0 0 0
B@CP 1687 -0.0737085652 0.32120753 -0.118564585 0 0 0
B@CP 1690 0.19385619 -0.0250516136 -0.110083131 0 0 0
B@CP 1692 0.239711066 0.343154802 0.0565916632 0 0 0
B@CP 1693 -0.218510847 -0.1755802 0.380280716 0 0 0
B@CP 1695 0.152476724 -0.316514736 0.189629047 0 0 0
B@CP 1696 -0.315175668 -0.0327248518 -0.0422124348 0 0 0
B@CP 1697 -0.0570003638 -0.31324227 -0.0684518943 0 0 0
B@CP 1698 0.228699194 0.0781294473 0.145800101 0 0 0
B@CP 1699 -0.173224004 -0.0336149029 0.0111513999 0 0 0
B@CP 1702 0.194392568 -0.314871553 0.074971592 0 0 0
B@CP 1707 0.417691212 -0.0192761763 0.149650118 0 0 0
B@CP 1708 0.252150096 0.278187228 0.17735455 0 0 0
B@CP 1710 -0.418382481 0.0738522259 0.0348159176 0 0 0
B@CP 1714 -0.251423293 0.149006591 0.0493513607 0 0 0
B@CP 1715 0.0347319227 -0.311067874 -0.235431521 0 0 0
B@CP 1724 0.0801957459 -0.165419417 0.094489569 0 0 0
B@CP 1725 -0.420493068 0.0482065213 0.0328541605 0 0 0
B@CP 1726 -0.248107754 0.174729718 0.0285258446 0 0 0
B@CP 1731 -0.101255732 0.187037809 -0.269542072 0 0 0
B@CP 1733 -0.100218743 0.196530938 -0.220526925 0 0 0
B@CP 1735 0.0458224513 0.186158833 0.370402957 0 0 0
B@CP 1741 -0.240787613 -0.00885981825 0.279919919 0 0 0
B@CP 1742 0.307382608 -0.258145746 -0.094504981 0 0 0
B@CP 1745 -0.369960365 -0.00688204434 -0.131256714 0 0 0
B@CP 1747 0.00523848943 0.355170383 0.00259841069 0 0 0
B@CP 1750 0.0946208212 -0.232980344 -0.209689168 0 0 0
B@CP 1751 -0.15201019 0.182473931 0.0373961486 0 0 0
B@CP 1755 -0.242165336 0.0641505925 -0.315125678 0 0 0
B@CP 1757 -0.451038395 -0.0465689695 0.0969015226 0 0 0
B@CP 1762 -0.0177853721 0.289631245 0.354548224 0 0 0
B@CP 1767 -0.441442909 -0.0713514591 -0.0687600566 0 0 0
B@CP 1770 0.222145803 0.0676183369 0.289348216 0 0 0
B@CP 1778 -0.211596333 0.102684332 -0.271210552 0 0 0
B@CP 1779 0.208376976 -0.140148045 0.132519056 0 0 0
B@CP 1782 0.00522643509 0.111012351 0.119819623 0 0 0
B@CP 1784 0.0882816935 0.382959261 -0.160776921 0 0 0
B@CP 1793 -0.0842510813 0.333130939 -0.194728471 0 0 0
B@CP 1800 0.043891906 -0.261231517 0.399066803 0 0 0
B@CP 1803 0.0550723531 -0.063987608 -0.29360243 0 0 0
B@CP 1804 0.09430277 0.200599726 -0.260966791 0 0 0
B@CP 1814 -0.0546267534 -0.256853558 0.279220462 0 0 0
B@CP 1816 0.13097306 0.200827061 0.316621617 0 0 0
B@CP 1820 0.250437802 0.110168783 -0.310570776 0 0 0
B@CP 1822 -0.210485128 -0.291196709 -0.194336135 0 0 0
B@CP 1827 -0.317049629 0.332130743 -0.0837856155 0 0 0
B@CP 1828 0.151461529 0.127789879 0.177025099 0 0 0
B@CP 1835 0.380993423 -0.0737775855 -0.21015995 0 0 0
B@CP 1837 -0.0369517155 -0.40279422 0.177089073 0 0 0
B@CP 1842 -0.489556686 0.00452406826 -0.00225547862 0 0 0
B@CP 1843 -0.0336413384 -0.200128013 0.18002185 0 0 0
B@CP 1845 0.0939388059 0.127210525 0.0217168184 0 0 0
B@CP 1848 -0.173413409 -0.144563179 -0.110125803 0 0 0
B@CP 1852 0.297395498 0.0839424452 -0.269193582 0 0 0
B@CP 1856 -0.0620056349 0.276432635 0.141857481 0 0 0
B@CP 1859 -0.24253647 -0.0907281719 0.207090394 0 0 0
B@CP 1862 -0.340588116 -0.257473397 0.0225337144 0 0 0
B@CP 1863 -0.316452023 0.322252027 -0.0578779715 0 0 0
B@CP 1864 -0.176182046 0.213655756 -0.346509127 0 0 0
B@CP 1867 0.44042363 0.0270384974 0.0892608233 0 0 0
B@CP 1871 0.303789271 -0.00240491372 -0.309266571 0 0 0
B@CP 1873 0.140444935 0.28382696 0.187456192 0 0 0
B@CP 1876 0.0698283753 -0.0911782457 0.154114062 0 0 0
B@CP 1878 -0.164198558 -0.168789401 0.386617742 0 0 0
B@CP 1883 -0.0547554169 -0.33226028 -0.101989711 0 0 0
B@CP 1886 0.310582272 0.197975536 0.193795318 0 0 0
B@CP 1891 0.185400958 -0.0799448899 -0.231592588 0 0 0
B@CP 1893 0.335740108 -0.0869713761 -0.0883151065 0 0 0
B@CP 1894 0.0305388395 -0.0903185435 0.0629101987 0 0 0
B@CP 1897 -0.336669991 -0.00311761688 -0.244601077 0 0 0
B@CP 1901 -0.0282573401 0.192428783 0.403117878 0 0 0
B@CP 1903 -0.311137986 -0.177048039 0.245486302 0 0 0
B@CP 1905 0.244552143 -0.0953422421 0.266085186 0 0 0
B@CP 1908 0.0581439979 -0.021226303 -0.0654475447 0 0 0
B@CP 1913 -0.369156567 0.195112612 0.0714239875 0 0 0
B@CP 1914 -0.00893738659 0.230806811 0.287648239 0 0 0
B@CP 1918 0.314049343 -0.0444019786 0.170996307 0 0 0
B@CP 1919 -0.20729294 -0.176651529 0.0837740804 0 0 0
B@CP 1924 0.054144856 -0.0779814135 -0.302611171 0 0 0
B@CP 1926 0.330416185 -0.0979520637 -0.182016802 0 0 0
B@CP 1927 -0.266171478 -0.268162097 -0.0529635852 0 0 0
B@CP 1929 0.117609522 -0.333668614 -0.291119446 0 0 0
B@CP 1936 0.0135361235 0.285603675 0.310461032 0 0 0
B@CP 1940 -0.0820005923 0.224865687 -0.0955624365 0 0 0
B@CP 1941 -0.118588059 0.165262904 0.20708107 0 0 0
B@CP 1944 0.0740924596 0.244249236 -0.0408729649 0 0 0
B@CP 1945 -0.0559151564 0.272874474 0.345572081 0 0 0
B@CP 1948 -0.0536787777 0.234198317 0.0953357026 0 0 0
B@CP 1949 0.133997619 -0.198775968 0.352484779 0 0 0
B@CP 1953 0.0734639548 0.23978833 0.0271307177 0 0 0
B@CP 1958 -0.223809654 0.262640977 0.270154858 0 0 0
B@CP 1959 0.447644575 0.0206904114 -0.129964926 0 0 0
B@CP 1961 -0.0926244695 -0.142954614 0.259247625 0 0 0
B@CP 1963 0.217387515 -0.261561074 0.00721611958 0 0 0
B@CP 1964 0.127002327 -0.275392087 0.237126366 0 0 0
B@CP 1966 0.326401255 -0.235816883 -0.159511632 0 0 0
B@CP 1968 -0.261854809 0.142928362 -0.0417502204 0 0 0
B@CP 1969 0.167301438 0.349524509 0.0247684478 0 0 0
B@CP 1970 0.0566180701 0.145131753 -0.220533506 0 0 0
B@CP 1972 0.226699104 -0.138599775 0.399416555 0 0 0
B@CP 1973 -0.0111939677 0.47855397 -0.0218944236 0 0 0
B@CP 1978 -0.30604978 0.155325136 -0.0653269081 0 0 0
B@CP 1979 0.035150749 -0.00511666875 0.0955878568 0 0 0
B@CP 1987 -0.00170109246 -0.185299006 -0.166998655 0 0 0
B@CP 1989 0.0771112326 0.275059498 -0.224794703 0 0 0
B@CP 1992 0.178163666 -0.0129165716 0.18289605 0 0 0
B@CP 1996 -0.0865517833 0.01430419 -0.323668545 0 0 0
B@CP 1997 0.012566201 -0.0248347705 -0.0733480088 0 0 0
B@CP 2003 -0.016248316 0.111901218 0.0136057443 0 0 0
B@CP 2006 -0.0599193385 0.249643074 0.375349783 0 0 0
B@CP 2008 -0.183693797 -0.387943421 -0.216971998 0 0 0
B@CP 2009 -0.119878335 0.174568803 -0.140922916 0 0 0
B@CP 2011 0.315720293 0.126715459 0.0960323828 0 0 0
B@CP 2013 -0.0450233852 0.0840353618 0.274062843 0 0 0
B@CP 2014 -0.15556467 0.0573409636 -0.311812845 0 0 0
B@CP 2015 0.412587595 -0.0133157764 -0.0534755646 0 0 0
B@CP 2016 0.0519998395 -0.392614295 0.012199085 0 0 0
B@CP 2020 0.220659846 0.344526257 0.163404401 0 0 0
B@CP 2024 0.13360704 -0.324894085 0.0979904559 0 0 0
B@CP 2025 -0.27469598 0.229141461 0.135278932 0 0 0
B@CP 2027 -0.222491926 -0.18541186 -0.105458351 0 0 0
B@CP 2028 -0.168741536 0.0709436926 0.225816226 0 0 0
B@CP 2035 0.038235582 -0.106221674 0.282336101 0 0 0
B@CP 2039 -0.178075122 0.203433828 -0.388798232 0 0 0
B@CP 2041 -0.348803509 0.0671940193 0.113744444 0 0 0
B@CP 2043 0.264219417 -0.0733084635 -0.30094645 0 0 0
B@CP 2044 -0.205101583 -0.224598001 0.197852271 0 0 0
B@CP 2045 0.329703158 -0.132389381 0.0226114297 0 0 0
B@CP 2062 0.190750615 0.221141687 -0.1805259 0 0 0
B@CP 2063 -0.310154459 -0.0759852342 -0.158786325 0 0 0
B@CP 2066 0.163836192 -0.318225515 0.176143178 0 0 0
B@CP 2068 0.44060799 0.00450301006 -0.039780439 0 0 0
B@CP 2072 0.167025124 0.141412419 0.375027188 0 0 0
B@CP 2074 0.115515476 0.384191069 0.00273631418 0 0 0
B@CP 2076 0.296459937 0.249626769 -0.167321576 0 0 0
B@CP 2079 0.152283384 0.191487938 -0.162929354 0 0 0
B@CP 2086 0.187762665 0.0124488868 -0.202448461 0 0 0
B@CP 2088 -0.0191721259 0.10887519 -0.403384481 0 0 0
B@CP 2092 -0.185728534 -0.326821175 0.0532298894 0 0 0
B@CP 2093 0.379470271 0.134872687 -0.177725905 0 0 0
B@CP 2099 -0.275198297 0.11875774 0.199810103 0 0 0
B@CP 2107 0.156018674 -0.18320056 0.403791336 0 0 0
B@CP 2114 -0.0847399509 0.198424211 -0.16995916 0 0 0
B@CP 2115 -0.310336598 0.20749985 -0.0539602799 0 0 0
B@CP 2117 -0.419205755 0.182285201 0.11470923 0 0 0
B@CP 2119 0.107117144 0.0907341222 0.00288322977 0 0 0
B@CP 2120 -0.0924677669 -0.295630886 0.227034819 0 0 0
B@CP 2122 -0.248686517 -0.0426172571 -0.0997139258 0 0 0
B@CP 2126 0.0194925063 -0.124281873 0.384260766 0 0 0
B@CP 2130 0.0238790557 -0.328649815 0.0468156409 0 0 0
B@CP 2131 -0.069369847 0.112732957 0.0601136222 0 0 0
B@CP 2132 0.0229386576 0.0522138305 -0.257031909 0 0 0
B@CP 2134 -0.0560281887 0.151282032 0.16703011 0 0 0
B@CP 2136 0.311031903 -0.322872837 -0.00624044779 0 0 0
B@CP 2137 -0.454265595 -0.0112985807 -0.0522346406 0 0 0
B@CP 2138 0.23842325 0.010795007 0.0674347356 0 0 0
B@CP 2143 -0.153998783 0.334940663 0.240756462 0 0 0
B@CP 2151 -0.102351126 -0.276090832 -0.353335763 0 0 0
B@CP 2152 -0.366906533 -0.110463416 0.113837567 0 0 0
B@CP 2163 0.340424589 0.139767239 -0.240374787 0 0 0
B@CP 2169 0.0784160566 0.132965221 -0.187132661 0 0 0
B@CP 2174 0.095375158 -0.0489116558 0.254286871 0 0 0
B@CP 2175 -0.416419251 0.0172810456 -0.151331663 0 0 0
B@CP 2177 0.128364118 0.0510873205 0.438023678 0 0 0
B@CP 2183 0.136496866 0.192411098 0.141693689 0 0 0
B@CP 2184 0.00374462315 -0.0206790503 0.0813235697 0 0 0
B@CP 2195 0.0272180285 0.111909483 -0.231201513 0 0 0
B@CP 2201 -0.0756474109 -0.158981634 0.344610947 0 0 0
B@CP 2202 0.438987662 0.140151492 0.0565674156 0 0 0
B@CP 2205 0.29135058 -0.186475283 0.0932009442 0 0 0
B@CP 2206 0.0922339374 -0.237782089 -0.0805824833 0 0 0
B@CP 2209 0.162223127 0.279110617 0.0134932454 0 0 0
B@CP 2211 -0.107191518 0.222743567 -0.369247164 0 0 0
B@CP 2212 -0.277946715 0.243957315 -0.131876079 0 0 0
B@CP 2214 0.123781113 -0.0928962735 0.282962097 0 0 0
B@CP 2215 -0.306491264 -0.189487744 0.0334773886 0 0 0
B@CP 2223 -0.294492413 -0.134220819 0.179100663 0 0 0
B@CP 2225 0.00701785832 0.0102252921 -0.218372006 0 0 0
B@CP 2228 -0.00850931646 0.443253268 0.117227002 0 0 0
B@CP 2233 0.232811603 -0.068938365 -0.116058416 0 0 0
B@CP 2245 0.200827235 0.2845501 -0.097765574 0 0 0
B@CP 2248 0.327197448 0.0747519674 -0.326001767 0 0 0
B@CP 2251 -0.129591136 0.333016608 -0.258110285 0 0 0
B@CP 2253 -0.246292469 -0.0745424803 0.126968199 0 0 0
B@CP 2254 -0.124789383 -0.211286295 0.340665999 0 0 0
B@CP 2259 -0.153933913 0.00714380028 -0.182963681 0 0 0
B@CP 2260 0.0746109031 0.0944056994 0.131239891 0 0 0
B@CP 2262 -0.0658617465 0.166210689 -0.267923321 0 0 0
B@CP 2265 0.296906076 0.260019276 0.0477895964 0 0 0
B@CP 2267 0.217524875 -0.346341729 0.216860365 0 0 0
B@CP 2268 0.0611952614 0.0397592658 -0.242561224 0 0 0
B@CP 2272 -0.111323048 -0.31265522 -0.0832054134 0 0 0
B@CP 2273 -0.00570351756 -0.329030752 0.223250283 0 0 0
B@CP 2274 -0.0839452771 0.08575755 -0.125440339 0 0 0
B@CP 2278 -0.410914108 0.0457011139 0.00350354263 0 0 0
B@CP 2279 -0.389562744 -0.0444948018 0.262622817 0 0 0
B@CP 2280 0.213030739 -0.398644178 0.0350709533 0 0 0
B@CP 2281 -0.0795747818 -0.310700376 -0.118234527 0 0 0
B@CP 2283 -0.14775194 0.369289229 -0.237584326 0 0 0
B@CP 2285 0.340796308 0.283013751 0.014841237 0 0 0
B@CP 2291 0.228405507 -0.256995474 0.0947396816 0 0 0
B@CP 2293 -0.0114765585 -0.0555578839 0.423170919 0 0 0
B@CP 2294 0.291519442 -0.00918649144 -0.199755363 0 0 0
B@CP 2299 -0.0420898293 -0.360208643 -0.257096896 0 0 0
B@CP 2301 0.122331448 -0.231605199 0.0467423909 0 0 0
B@CP 2310 -0.195903156 -0.260099854 -0.163662601 0 0 0
B@CP 2313 -0.13522771 -0.0437122857 -0.239842306 0 0 0
B@CP 2316 -0.216137582 -0.230241589 -0.140479532 0 0 0
B@CP 2318 -0.298333315 -0.0395857964 -0.28021293 0 0 0
B@CP 2319 0.395868181 -0.221908562 0.0718216337 0 0 0
B@CP 2321 0.269533641 -0.239686163 0.197728951 0 0 0
B@CP 2323 -0.110886963 0.0770071655 0.419891056 0 0 0
B@CP 2325 -0.348945733 -0.0552839829 -0.0740613157 0 0 0
B@CP 2332 -0.118550769 -0.335570339 0.0335378049 0 0 0
B@CP 2339 0.346191152 0.251530832 0.059571336 0 0 0
B@CP 2343 0.033429158 -0.341517517 0.209127691 0 0 0
B@CP 2345 -0.280686333 -0.277550195 0.194637846 0 0 0
B@CP 2346 0.252624444 0.20923275 0.204533974 0 0 0
B@CP 2347 0.0709649427 -0.286932659 0.110155316 0 0 0
B@CP 2348 -0.037378867 0.0372646309 -0.318067347 0 0 0
B@CP 2349 0.105711624 -0.267611346 -0.0453061357 0 0 0
B@CP 2354 -0.147566775 -0.263938282 0.0705974326 0 0 0
B@CP 2355 0.296844372 0.24989146 -0.209519497 0 0 0
B@CP 2360 -0.015031527 -0.418133853 0.0530269004 0 0 0
B@CP 2361 0.387803962 -0.168820346 -0.00221414219 0 0 0
B@CP 2365 -0.290710457 -0.133967969 -0.139788851 0 0 0
B@CP 2369 0.124477089 -0.23701084 -0.255856101 0 0 0
B@CP 2374 -0.384998714 0.250254899 0.0145955435 0 0 0
B@CP 2376 0.216234553 0.0240450792 0.320941519 0 0 0
B@CP 2378 -0.137348545 0.319244902 0.213575512 0 0 0
B@CP 2379 0.2792786 -0.152282333 0.0306617206 0 0 0
B@CP 2381 -0.211878321 0.127907952 -0.304322704 0 0 0
B@CP 2389 -0.0173816314 -0.0999825018 0.260764846 0 0 0
B@CP 2390 -0.37140528 0.0573958674 -0.182115549 0 0 0
B@CP 2394 -0.127238448 -0.0098963758 -0.112600817 0 0 0
B@CP 2395 0.310950531 0.179875499 -0.134592708 0 0 0
B@CP 2396 -0.350207065 -0.0615396984 0.0121421912 0 0 0
B@CP 2398 -0.154422835 0.0329289349 0.126967255 0 0 0
B@CP 2407 0.101259411 -0.273929119 0.178372357 0 0 0
B@CP 2409 0.0165951311 0.34963226 0.0310165477 0 0 0
B@CP 2413 -0.0642064887 -0.356531811 0.272433621 0 0 0
B@CP 2414 0.216069972 0.31298027 -0.215616468 0 0 0
B@CP 2415 0.0160568546 -0.161172834 0.371048678 0 0 0
B@CP 2421 -0.014184784 0.0670277553 -0.171835698 0 0 0
B@CP 2423 0.0123135144 0.264230291 -0.0927014944 0 0 0
B@CP 2428 -0.012161069 0.38219016 0.241751403 0 0 0
B@CP 2431 0.154308779 -0.0575093326 0.023950242 0 0 0
B@CP 2432 0.124028095 0.387174991 -0.0995991899 0 0 0
B@CP 2435 0.12096247 0.328123787 0.0701730305 0 0 0
B@CP 2437 -0.206046474 -0.167930342 -0.175853529 0 0 0
B@CP 2438 -0.073589918 0.0381136393 0.440161476 0 0 0
B@CP 2439 0.316218462 0.34257888 -0.0477738969 0 0 0
B@CP 2440 0.240695736 -0.0763012357 0.336025882 0 0 0
B@CP 2444 -0.145678101 -0.324721949 -0.26755166 0 0 0
B@CP 2445 -0.0597988344 -0.0358774177 -0.385488096 0 0 0
B@CP 2451 -0.205468754 0.142757353 0.31754127 0 0 0
B@CP 2455 -0.102962335 0.437753681 -0.0284004576 0 0 0
B@CP 2459 0.0104654909 0.0361916289 -0.0186456075 0 0 0
B@CP 2462 0.182527018 -0.0860003489 -0.421518379 0 0 0
B@CP 2463 -0.460310573 -0.0474459427 0.0522076185 0 0 0
B@CP 2465 -0.143690009 0.0739402603 -0.0917187268 0 0 0
B@CP 2467 -0.186262908 -0.246146303 -0.0299897214 0 0 0
B@CP 2471 -0.182866943 0.287391043 -0.243438711 0 0 0
B@CP 2472 -0.342843809 -0.126592608 0.00233056339 0 0 0
B@CP 2477 -0.124256628 0.096705293 0.425191883 0 0 0
B@CP 2478 0.000342672243 -0.389857349 -0.0212427228 0 0 0
B@CP 2486 -0.074846316 0.10310241 -0.0291371613 0 0 0
B@CP 2488 -0.238925571 0.12200875 0.0266050255 0 0 0
B@CP 2490 0.0975028765 0.00720670554 -0.411609735 0 0 0
B@CP 2496 0.0254408573 0.419739587 -0.0794594675 0 0 0
B@CP 2499 0.150645283 -0.190852272 0.18724344 0 0 0
C@CP 2500 0.206312455 -0.215916087 0.318625251 0 0 0
C@CP 2501 -0.0430419301 0.0313801511 -0.230654867 0 0 0
C@CP 2502 -0.141868123 -0.284475705 -0.322109599 0 0 0
C@CP 2503 0.00747652523 0.214528054 0.15773716 0 0 0
C@CP 2504 -0.201669955 0.341729957 0.00983510362 0 0 0
C@CP 2505 -0.112184776 -0.0399504867 -0.097728633 0 0 0
C@CP 2506 -0.104658053 -0.268007038 -0.0780932034 0 0 0
C@CP 2507 0.195036638 0.135848381 0.327448356 0 0 0
C@CP 2508 -0.127552094 -0.208481541 0.159384193 0 0 0
C@CP 2509 -0.0361614862 -0.0321355975 0.272971784 0 0 0
C@CP 2510 0.00497055483 0.372226029 0.0408061142 0 0 0
C@CP 2511 -0.395796792 0.106805311 0.0474290078 0 0 0
C@CP 2512 -0.0814252468 0.358135396 -0.120815474 0 0 0
C@CP 2513 -0.351157377 0.299089949 0.0538033205 0 0 0
C@CP 2514 -0.0790332411 0.163599699 0.21675045 0 0 0
C@CP 2515 0.205061825 0.243989026 0.0635737345 0 0 0
C@CP 2516 0.0550694238 0.403212911 -0.0673361086 0 0 0
C@CP 2517 -0.21460786 -0.362542669 -0.167124468 0 0 0
C@CP 2518 -0.036520923 0.12373412 0.103831028 0 0 0
C@CP 2519 -0.0527016334 0.442976311 -0.0445984807 0 0 0
C@CP 2520 -0.0377451027 -0.324078091 0.223459118 0 0 0
C@CP 2521 -0.252905964 -0.0637641425 0.196983589 0 0 0
C@CP 2522 -0.152729949 0.0144272996 -0.32661617 0 0 0
C@CP 2523 0.378310362 0.148736042 0.141304884 0 0 0
C@CP 2524 -0.10608224 -0.153740337 -0.367076064 0 0 0
C@CP 2525 0.0129632385 -0.127372403 -0.0497643599 0 0 0
C@CP 2526 0.0846496745 -0.0420535842 -0.392641202 0 0 0
C@CP 2527 -0.433539986 0.0988071045 0.0809394603 0 0 0
C@CP 2528 -0.00453338839 0.0948377314 0.275165484 0 0 0
C@CP 2529 -0.256076017 -0.177256285 -0.329911954 0 0 0
C@CP 2530 0.332998445 0.195974553 -0.173784456 0 0 0
C@CP 2531 -0.010216131 0.395337231 0.0387572514 0 0 0
C@CP 2532 -0.00362232217 0.359391973 -0.0802802896 0 0 0
C@CP 2533 0.0439705907 0.119519692 0.185406905 0 0 0
C@CP 2534 -0.274386048 -0.0221357096 -0.0632722505 0 0 0
C@CP 2535 -0.00749681092 -0.0954888687 0.319043154 0 0 0
C@CP 2536 0.240771339 0.119151627 0.0804401099 0 0 0
C@CP 2537 -0.452827391 0.0572385221 0.0970713971 0 0 0
C@CP 2538 0.077800596 0.048054627 0.024473064 0 0 0
C@CP 2539 -0.113325449 -0.241283579 -0.337419389 0 0 0
C@CP 2540 -0.291713813 0.176738824 -0.0126636745 0 0 0
C@CP 2541 -0.286771563 -0.056084266 0.023532354 0 0 0
C@CP 2542 0.16976209 -0.183634344 -0.0501873748 0 0 0
C@CP 2543 -0.0760023623 0.223435773 0.152468418 0 0 0
C@CP 2544 -0.0481261937 -0.305640581 0.289824982 0 0 0
C@CP 2545 0.37488139 0.0979484119 -0.201515607 0 0 0
C@CP 2546 0.140649709 0.306139125 0.157271777 0 0 0
C@CP 2547 -0.113043604 -0.114339914 -0.224311346 0 0 0
C@CP 2548 0.294339646 -0.109146687 -0.0254201761 0 0 0
C@CP 2549 -0.253023424 -0.23053294 0.31468263 0 0 0
C@CP 2550 -0.0975728277 0.0477473294 0.27783354 0 0 0
C@CP 2551 -0.244142126 -0.0285326381 -0.373241329 0 0 0
C@CP 2552 0.176313867 -0.226108357 -0.194120624 0 0 0
C@CP 2553 0.0998013928 -0.0293897077 -0.440944972 0 0 0
C@CP 2554 0.0395549454 -0.2018526 -0.00387049136 0 0 0
C@CP 2555 -0.171817805 -0.388912734 0.0129833005 0 0 0
C@CP 2556 -0.235541242 0.224265395 -0.328031384 0 0 0
C@CP 2557 -0.0327654509 -0.0342453969 0.261932829 0 0 0
C@CP 2558 0.087258224 -0.247219042 0.325206414 0 0 0
C@CP 2559 -0.412681224 -0.0940601699 -0.00318439751 0 0 0
C@CP 2560 0.0458258811 -0.201251575 0.208449561 0 0 0
C@CP 2561 -0.135764678 -0.373079448 -0.198371793 0 0 0
C@CP 2562 -0.124201715 0.100156585 0.290025101 0 0 0
C@CP 2563 -0.227976667 0.333679085 -0.0880360292 0 0 0
C@CP 2564 0.423696568 -0.0359069599 0.0127482152 0 0 0
C@CP 2565 -0.222372692 0.2821155 -0.158728364 0 0 0
C@CP 2566 -0.0379908944 0.135947687 -0.256310091 0 0 0
C@CP 2567 -0.195986782 0.303167567 -0.281586716 0 0 0
C@CP 2568 0.124176806 0.12815266 0.0634214834 0 0 0
C@CP 2569 0.0750812404 0.0357657622 -0.454727498 0 0 0
C@CP 2570 -0.0430008423 -0.0107727393 0.276306614 0 0 0
C@CP 2571 -0.143857871 0.107457501 -0.00136496166 0 0 0
C@CP 2572 0.0876783679 -0.203197943 -0.337905958 0 0 0
C@CP 2573 -0.101777672 -0.0429868902 0.0504736133 0 0 0
C@CP 2574 0.218647337 0.29916274 -0.035411808 0 0 0
C@CP 2575 -0.279910372 -0.173079681 0.305470908 0 0 0
C@CP 2576 -0.307547207 0.00283204036 0.232836847 0 0 0
C@CP 2577 -0.154233087 -0.104069173 0.245856893 0 0 0
C@CP 2578 -0.00509329534 -0.100479984 0.420249066 0 0 0
C@CP 2579 0.231558698 0.190942739 -0.0987161986 0 0 0
C@CP 2580 -0.127512411 -0.377938618 0.185850671 0 0 0
C@CP 2581 -0.0224904776 -0.20672742 -0.297287055 0 0 0
C@CP 2582 -0.139633144 0.000278786195 -0.0436560232 0 0 0
C@CP 2583 0.395820699 -0.128459179 -0.182829831 0 0 0
C@CP 2584 0.258314442 0.227047762 -0.191256214 0 0 0
C@CP 2585 0.0612220093 0.208464443 -0.394322384 0 0 0
C@CP 2586 0.325019702 -0.184210036 -0.027793325 0 0 0
C@CP 2587 -0.124895455 0.0734003604 0.294827265 0 0 0
C@CP 2588 0.208568728 0.155714292 0.371033178 0 0 0
C@CP 2589 0.00905356617 0.314746172 0.282206128 0 0 0
C@CP 2590 -0.184094753 -0.108611841 0.0927699799 0 0 0
C@CP 2591 -0.114996832 0.0824770631 0.196299542 0 0 0
C@CP 2592 -0.263698551 0.298338909 0.129193198 0 0 0
C@CP 2593 0.13245997 0.111435677 0.388575184 0 0 0
C@CP 2594 0.158200555 -0.180801791 0.0595137477 0 0 0
C@CP 2595 -0.115860975 -0.260375751 0.160587995 0 0 0
C@CP 2596 -0.15568578 -0.00664649874 -0.0518317455 0 0 0
C@CP 2597 -0.067694311 0.0996402907 -0.394105079 0 0 0
C@CP 2598 0.0249759228 0.26733193 -0.0634455671 0 0 0
C@CP 2599 -0.0254736511 0.236073554 -0.0840828192 0 0 0
C@CP 2600 0.210103564 -0.0865194442 -0.179912814 0 0 0
C@CP 2601 -0.0150747399 0.32759164 -0.0842248809 0 0 0
C@CP 2602 -0.234130865 -0.220633196 -0.0404026666 0 0 0
C@CP 2603 0.285235106 0.0702923585 0.303830903 0 0 0
C@CP 2604 -0.231202448 -0.196620607 -2.16611969e-05 0 0 0
C@CP 2605 -0.306150421 -0.178786507 -0.183266689 0 0 0
C@CP 2606 0.0164020236 0.372113849 0.101459436 0 0 0
C@CP 2607 -0.0691751692 -0.417985332 -0.0274097587 0 0 0
C@CP 2608 -0.0246492481 -0.193644865 -0.336239842 0 0 0
C@CP 2609 -0.112051624 -0.422858634 0.0574301336 0 0 0
C@CP 2610 -0.288130019 -0.35552882 -0.0218893789 0 0 0
C@CP 2611 -0.0372607059 -0.0518805765 0.04638951 0 0 0
C@CP 2612 0.0703810028 -0.0996494964 0.350087983 0 0 0
C@CP 2613 -0.0787627031 -0.155378058 0.118515429 0 0 0
C@CP 2614 0.111622498 0.22743137 -0.161849456 0 0 0
C@CP 2615 -0.184153859 -0.125080318 -0.359250333 0 0 0
C@CP 2616 -0.00207257256 -0.239518185 0.132515599 0 0 0
C@CP 2617 -0.0838447642 0.113717995 0.29060548 0 0 0
C@CP 2618 0.311208279 -0.0201150471 -0.238268332 0 0 0
C@CP 2619 0.0422982911 -0.106903716 0.293589904 0 0 0
C@CP 2620 0.0868297659 0.122646568 0.285494567 0 0 0
C@CP 2621 -0.0456067927 0.0800503115 0.0737324607 0 0 0
C@CP 2622 0.168144661 0.207860971 -0.035220778 0 0 0
C@CP 2623 0.152008731 0.279870433 0.303126081 0 0 0
C@CP 2624 -0.293708098 -0.07696157 -0.108512398 0 0 0
C@CP 2625 -0.0692919047 -0.209454725 -0.116453714 0 0 0
C@CP 2626 0.220110389 0.409200432 -0.0652127756 0 0 0
C@CP 2627 -0.124872616 -0.374697576 -0.135439601 0 0 0
C@CP 2628 -0.373718055 0.277050667 0.0361503768 0 0 0
C@CP 2629 0.280099894 -0.0572046909 0.166434891 0 0 0
C@CP 2630 0.231836682 0.208082634 -0.339045013 0 0 0
C@CP 2631 -0.349560222 0.223907576 -0.0767991791 0 0 0
C@CP 2632 0.226740661 -0.0995586704 0.0221230438 0 0 0
C@CP 2633 0.0668536784 0.120713469 0.221487082 0 0 0
C@CP 2634 -0.341927896 0.0543642474 0.139518241 0 0 0
C@CP 2635 -0.0346468637 0.235981779 -0.311326484 0 0 0
C@CP 2636 0.0937848722 0.0016824835 -0.173630893 0 0 0
C@CP 2637 -0.160484634 0.246396368 -0.0975404715 0 0 0
C@CP 2638 -0.0958477936 0.16413679 -0.0786335005 0 0 0
C@CP 2639 -0.0873957751 -0.342025854 -0.156113082 0 0 0
C@CP 2640 -0.101808974 0.282185062 0.306371729 0 0 0
C@CP 2641 -0.19402094 0.278357479 -0.284049009 0 0 0
C@CP 2642 0.106729598 -0.409164767 -0.128159065 0 0 0
C@CP 2643 -0.0713886353 -0.218986903 0.141194668 0 0 0
C@CP 2644 -0.210186746 0.216073001 -0.278352931 0 0 0
C@CP 2645 -0.175611768 0.105095944 -0.243487549 0 0 0
C@CP 2646 -0.210855048 0.00807878098 0.133386924 0 0 0
C@CP 2647 0.0385047921 -0.187123109 0.348605772 0 0 0
C@CP 2648 -0.160708257 0.143098478 0.164184942 0 0 0
C@CP 2649 -0.0365041393 0.115428739 0.362812859 0 0 0
C@CP 2650 0.0905798667 0.12769667 0.373982589 0 0 0
C@CP 2651 -0.239058245 0.250756406 -0.0100529097 0 0 0
C@CP 2652 0.0973301378 0.265465316 0.25082762 0 0 0
C@CP 2653 0.171175075 0.0854286768 0.301932135 0 0 0
C@CP 2654 0.350873693 -0.0854776884 0.112064949 0 0 0
C@CP 2655 -0.257762644 -0.161077021 -0.231658941 0 0 0
C@CP 2656 0.280089604 -0.146186585 0.1413164 0 0 0
C@CP 2657 -0.185679066 -0.237146902 0.0740049798 0 0 0
C@CP 2658 0.203657787 -0.0383800098 0.35815173 0 0 0
C@CP 2659 -0.280691487 -0.163554566 -0.0748940428 0 0 0
C@CP 2660 0.0697157243 -0.163525973 -0.409340337 0 0 0
C@CP 2661 0.00740226491 0.282190366 -0.167049883 0 0 0
C@CP 2662 0.349833525 -0.0369191491 0.278860455 0 0 0
C@CP 2663 0.0374856449 -0.206766088 -0.0992844243 0 0 0
C@CP 2664 0.184367184 -0.257162985 -0.207065669 0 0 0
C@CP 2665 0.0049077693 -0.176503436 -0.284724912 0 0 0
C@CP 2666 0.346293725 0.0808409281 -0.0677366848 0 0 0
C@CP 2667 -0.0030114517 0.339412348 -0.273865675 0 0 0
C@CP 2668 0.198879873 0.139833158 0.191929232 0 0 0
C@CP 2669 -0.244224405 -0.030764487 0.331741206 0 0 0
C@CP 2670 0.0914225369 0.23067004 -0.0661809412 0 0 0
C@CP 2671 0.10604047 -0.0556996967 0.310281747 0 0 0
C@CP 2672 -0.28292153 -0.118437424 -0.348145743 0 0 0
C@CP 2673 -0.0173489007 0.318438263 0.00318916848 0 0 0
C@CP 2674 -0.313516685 0.271863539 -0.169758018 0 0 0
C@CP 2675 -0.224219256 0.19544838 -0.193937328 0 0 0
C@CP 2676 0.00160274092 -0.332072514 -0.300084115 0 0 0
C@CP 2677 0.269015673 -0.150745351 -0.0920953437 0 0 0
C@CP 2678 0.352294857 0.0219109975 -0.265466259 0 0 0
C@CP 2679 -0.100986737 -0.205420077 0.033851292 0 0 0
C@CP 2680 0.224913516 -0.353260188 0.147892562 0 0 0
C@CP 2681 -0.328547825 -0.12884365 0.278822235 0 0 0
C@CP 2682 0.264611968 0.0154196627 -0.278952667 0 0 0
C@CP 2683 0.122522612 -0.361351738 0.0967025241 0 0 0
C@CP 2684 0.107882899 0.297780581 0.176643446 0 0 0
C@CP 2685 -0.36194133 0.168002519 -0.0139174575 0 0 0
C@CP 2686 -0.254232572 0.0665446334 0.353366176 0 0 0
C@CP 2687 0.430469478 0.000582557161 -0.156650765 0 0 0
C@CP 2688 0.301690801 0.147856957 0.150550065 0 0 0
C@CP 2689 -0.00339533593 0.141696659 -0.444337501 0 0 0
C@CP 2690 0.200402643 -0.0815896297 -0.363008904 0 0 0
C@CP 2691 0.417053763 -0.114608645 -0.101604589 0 0 0
C@CP 2692 0.0317364842 -0.145108243 -0.10560821 0 0 0
C@CP 2693 0.395238465 -0.0652918998 0.220868336 0 0 0
C@CP 2694 -0.196542173 -0.157520574 0.242303737 0 0 0
C@CP 2695 0.137497768 -0.200071423 0.255475191 0 0 0
C@CP 2696 0.0522420772 0.450578691 0.0190460101 0 0 0
C@CP 2697 -0.0448741863 -0.121616728 -0.346259287 0 0 0
C@CP 2698 -0.224215961 0.245401594 0.289685718 0 0 0
C@CP 2699 0.0981624164 -0.100987211 0.147569567 0 0 0
C@CP 2700 -0.117870285 -0.0276794241 -0.00596618802 0 0 0
C@CP 2701 0.173142763 0.374220867 -0.11648151 0 0 0
C@CP 2702 0.201908968 -0.266252509 0.0147954691 0 0 0
C@CP 2703 -0.160909202 0.014543583 -0.402688521 0 0 0
C@CP 2704 -0.077717027 -0.11632519 -0.418221678 0 0 0
C@CP 2705 -0.276718652 -0.217460304 -0.278828376 0 0 0
C@CP 2706 0.0200051947 0.278965901 -0.279748763 0 0 0
C@CP 2707 -0.305400836 0.125123582 0.0681474297 0 0 0
C@CP 2708 -0.291252849 -0.311090145 0.0258402417 0 0 0
C@CP 2709 -0.117122498 0.165330046 0.241936648 0 0 0
C@CP 2710 0.137495847 -0.302284154 0.316342614 0 0 0
C@CP 2711 -0.105826587 -0.244552392 0.021368496 0 0 0
C@CP 2712 0.129976187 -0.0812375064 -0.368462348 0 0 0
C@CP 2713 0.152623105 0.229994625 -0.324757133 0 0 0
C@CP 2714 0.169853033 -0.155155791 0.351759873 0 0 0
C@CP 2715 -0.116726997 0.299202731 -0.244252934 0 0 0
C@CP 2716 0.245581573 -0.166392153 -0.122201473 0 0 0
C@CP 2717 -0.0374916339 -0.0651428599 0.378323797 0 0 0
C@CP 2718 -0.0376549259 0.188317857 0.287924411 0 0 0
C@CP 2719 0.19876897 0.0131692767 0.126954349 0 0 0
C@CP 2720 0.291989352 -0.289126783 0.0611419237 0 0 0
C@CP 2721 -0.305237185 0.0370431873 -0.0153019076 0 0 0
C@CP 2722 -0.149169121 -0.259073734 0.0655216637 0 0 0
C@CP 2723 -0.329797279 -0.0915100029 -0.225293151 0 0 0
C@CP 2724 0.0484462612 0.281393791 0.103080334 0 0 0
C@CP 2725 0.208943983 -0.0786471981 -0.403417372 0 0 0
C@CP 2726 0.015759059 -0.0788587656 -0.0393706484 0 0 0
C@CP 2727 -0.136537667 -0.0213141264 -0.273414674 0 0 0
C@CP 2728 0.0234074513 -0.154813777 0.0722945295 0 0 0
C@CP 2729 0.0420355128 0.0235115545 -0.307146086 0 0 0
C@CP 2730 -0.208918341 -0.221955988 -0.107650071 0 0 0
C@CP 2731 0.157737209 0.192117592 -0.0465979746 0 0 0
C@CP 2732 0.0415836161 0.0341325469 0.245039136 0 0 0
C@CP 2733 -0.0118060713 0.135325985 -0.178226027 0 0 0
C@CP 2734 -0.377781442 -0.0137067231 0.145566291 0 0 0
C@CP 2735 -0.304683133 0.0534499416 -0.0450042963 0 0 0
C@CP 2736 0.130699702 -0.155258905 0.346994322 0 0 0
C@CP 2737 -0.235115291 -0.23699227 0.14054349 0 0 0
C@CP 2738 0.021801894 -0.0336978038 0.450314604 0 0 0
C@CP 2739 -0.204272013 0.0780582503 -0.267397472 0 0 0
C@CP 2740 -0.168036105 0.0610776319 0.14448562 0 0 0
C@CP 2741 -0.162949501 -0.332580553 -0.121350587 0 0 0
C@CP 2742 0.291956717 0.21906289 -0.0912288696 0 0 0
C@CP 2743 -0.00423470949 -0.00700492356 0.466143826 0 0 0
C@CP 2744 -0.364554177 -0.0212305156 0.275061246 0 0 0
C@CP 2745 -0.0202949354 0.155834752 -0.348248145 0 0 0
C@CP 2746 -0.0604691111 -0.023810321 -0.258560172 0 0 0
C@CP 2747 -0.124749341 0.182605298 -0.300074529 0 0 0
C@CP 2748 0.270265364 0.112941176 0.25981537 0 0 0
C@CP 2749 -0.107535794 0.219430688 0.399297067 0 0 0
C@CP 2750 0.258248458 0.286272424 -0.123498647 0 0 0
C@CP 2751 -0.112485306 -0.130383674 0.271772789 0 0 0
C@CP 2752 -0.441336939 -0.105973707 -0.0864400203 0 0 0
C@CP 2753 0.0221794627 0.231708474 -0.0793463184 0 0 0
C@CP 2754 0.293483362 -0.0600767201 -0.0832637427 0 0 0
C@CP 2755 -0.0580598034 -0.0567873467 -0.196394525 0 0 0
C@CP 2756 0.35433669 0.243336188 0.0132478248 0 0 0
C@CP 2757 0.228760328 -0.144491631 -0.0979054181 0 0 0
C@CP 2758 -0.0133971648 -0.221123685 -0.23371144 0 0 0
C@CP 2759 0.369990117 -0.262296478 -0.114320387 0 0 0
C@CP 2760 0.113721768 0.00810366236 0.19099884 0 0 0
C@CP 2761 0.0829933145 0.406762197 0.109269334 0 0 0
C@CP 2762 -0.0821269794 0.144408189 -0.14311816 0 0 0
C@CP 2763 0.138578074 -0.0616925447 0.0546467481 0 0 0
C@CP 2764 -0.121502357 0.257462928 -0.0403146522 0 0 0
C@CP 2765 0.113635295 -0.162727966 -0.300547878 0 0 0
C@CP 2766 -0.163264472 0.198455909 -0.376509868 0 0 0
C@CP 2767 -0.440473452 0.04546994 0.0614471095 0 0 0
C@CP 2768 -0.137865426 -0.0954554413 0.241483799 0 0 0
C@CP 2769 0.35861237 0.0493959849 -0.20957396 0 0 0
C@CP 2770 0.0741616679 -0.403569538 0.000824145354 0 0 0
C@CP 2771 0.146879517 0.275423113 0.17208388 0 0 0
C@CP 2772 -0.160030808 0.0728433832 0.273049408 0 0 0
C@CP 2773 0.191487472 0.0903589256 -0.294856973 0 0 0
C@CP 2774 -0.0051909406 -0.157186734 -0.222687083 0 0 0
C@CP 2775 -0.153997374 -0.141525367 0.0921744963 0 0 0
C@CP 2776 0.0179479432 0.0320021609 -0.286072994 0 0 0
C@CP 2777 -0.378279198 -0.116059049 -0.146292586 0 0 0
C@CP 2778 -0.129398783 0.028012707 -0.00689981413 0 0 0
C@CP 2779 0.290438882 0.311684636 -0.015600836 0 0 0
C@CP 2780 0.339578778 -0.268913914 -0.0932773331 0 0 0
C@CP 2781 -0.0154497449 -0.282313606 -0.355390568 0 0 0
C@CP 2782 0.406482753 0.00931910207 0.0390230112 0 0 0
C@CP 2783 0.26397806 -0.172009422 0.141372185 0 0 0
C@CP 2784 0.0221474691 -0.116564687 0.062971223 0 0 0
C@CP 2785 0.0698374625 -0.147220874 0.182684053 0 0 0
C@CP 2786 -0.395040014 0.0896281429 0.0525835299 0 0 0
C@CP 2787 0.252461299 -0.340831627 0.142799011 0 0 0
C@CP 2788 -0.0537091317 -0.300837863 0.0641244177 0 0 0
C@CP 2789 0.0741652781 0.224889753 -0.0229682778 0 0 0
C@CP 2790 0.238811288 0.193369589 -0.0320310492 0 0 0
C@CP 2791 0.346665281 0.137389009 -0.0804472397 0 0 0
C@CP 2792 0.12994496 -0.355661598 0.265314155 0 0 0
C@CP 2793 0.123642699 0.0497812585 -0.292182827 0 0 0
C@CP 2794 0.0960858237 0.217320944 -0.214021602 0 0 0
C@CP 2795 0.128731865 -0.211682469 -0.281478069 0 0 0
C@CP 2796 -0.139026158 0.327718758 -0.273642985 0 0 0
C@CP 2797 0.29340783 0.0347320387 0.292386474 0 0 0
C@CP 2798 -0.0397673617 0.200427111 -0.086792414 0 0 0
C@CP 2799 -0.297256403 0.219205126 0.142534091 0 0 0
C@CP 2800 0.346622699 -0.0113059835 -0.0312821941 0 0 0
C@CP 2801 -0.329258497 0.123325973 0.249951565 0 0 0
C@CP 2802 -0.373379771 -0.0370308304 -0.156646126 0 0 0
C@CP 2803 0.0425159159 0.0764968341 -0.089996363 0 0 0
C@CP 2804 -0.417155423 0.119137225 -0.0968671092 0 0 0
C@CP 2805 0.0375607259 0.273496356 0.346533643 0 0 0
C@CP 2806 -0.0234378205 0.0495189885 -0.0368075301 0 0 0
C@CP 2807 -0.0287730288 -0.33250377 0.0178085712 0 0 0
C@CP 2808 -0.251313281 0.297444313 -0.17217415 0 0 0
C@CP 2809 0.151048827 0.346666608 0.0149194812 0 0 0
C@CP 2810 -0.167094773 -0.0716099942 -0.291435745 0 0 0
C@CP 2811 -0.282627095 0.289835385 -0.102270869 0 0 0
C@CP 2812 0.334030194 0.248444607 -0.0811544026 0 0 0
C@CP 2813 -0.00501483646 0.114206229 0.056924096 0 0 0
C@CP 2814 -0.381696279 0.136691741 -0.0417555221 0 0 0
C@CP 2815 0.293526243 0.129465236 0.281172534 0 0 0
C@CP 2816 -0.269574587 -0.151052249 -0.197259656 0 0 0
C@CP 2817 0.189970474 0.0721243047 -0.253503202 0 0 0
C@CP 2818 0.0909336394 0.357424558 -0.0595199284 0 0 0
C@CP 2819 -0.173028039 0.2957244 0.133256043 0 0 0
C@CP 2820 0.0746646012 0.145726034 -0.324322123 0 0 0
C@CP 2821 -0.0912527625 0.0259746459 0.341909846 0 0 0
C@CP 2822 -0.0389077843 0.316376166 -0.0525766875 0 0 0
C@CP 2823 -0.220639505 0.0479160992 0.364592079 0 0 0
C@CP 2824 -0.196237698 0.00921464582 -0.124481536 0 0 0
C@CP 2825 0.315233345 0.0314863997 -0.0549661017 0 0 0
C@CP 2826 -0.128883216 0.19224723 -0.192058073 0 0 0
C@CP 2827 0.116853971 -0.064158041 0.259014371 0 0 0
C@CP 2828 0.0158944929 -0.235009013 0.053751651 0 0 0
C@CP 2829 -0.20566122 0.197784372 -0.289604359 0 0 0
C@CP 2830 0.213929857 -0.191053177 -0.207822244 0 0 0
C@CP 2831 0.0580081443 -0.0683958805 -0.162816417 0 0 0
C@CP 2832 -0.355352787 -0.154370172 -0.0194071053 0 0 0
C@CP 2833 -0.207196821 0.293199446 -0.148225442 0 0 0
C@CP 2834 -0.118490443 0.229857022 0.167318184 0 0 0
C@CP 2835 0.214925929 0.0292967006 0.243661683 0 0 0
C@CP 2836 0.0814519798 0.423794635 -0.0811572266 0 0 0
C@CP 2837 -0.223898133 -0.0271783846 0.358918138 0 0 0
C@CP 2838 -0.0870718022 -0.149088348 -0.0819109515 0 0 0
C@CP 2839 0.0468453363 -0.218048645 -0.0080216081 0 0 0
C@CP 2840 0.0381055405 -0.305293694 0.163127812 0 0 0
C@CP 2841 -0.113223573 -0.147246261 -0.344948821 0 0 0
C@CP 2842 -0.0886996939 0.380140979 0.157123872 0 0 0
C@CP 2843 0.323804468 0.238854501 0.204795901 0 0 0
C@CP 2844 0.337642995 0.0266856345 0.129077772 0 0 0
C@CP 2845 0.184797948 -0.135423164 -0.205447237 0 0 0
C@CP 2846 -0.051920563 0.176074546 0.14123836 0 0 0
C@CP 2847 -0.119709334 0.328075869 0.0872408139 0 0 0
C@CP 2848 0.0981469367 0.220768878 0.026309245 0 0 0
C@CP 2849 -0.299587512 0.0104786054 -0.260355705 0 0 0
C@CP 2850 0.147222982 0.246288749 -0.0110007707 0 0 0
C@CP 2851 -0.119785137 0.0588512035 -0.154290275 0 0 0
C@CP 2852 0.0408490174 -0.35489489 -0.12373679 0 0 0
C@CP 2853 0.0609347499 0.312612316 -0.0767214678 0 0 0
C@CP 2854 0.223190311 0.0472160739 0.368548584 0 0 0
C@CP 2855 -0.227303319 0.142374615 -0.0337897115 0 0 0
C@CP 2856 -0.346334229 -0.0793959756 -0.0522280231 0 0 0
C@CP 2857 -0.152855014 0.34322373 0.157625434 0 0 0
C@CP 2858 0.273461943 0.149507353 0.364328162 0 0 0
C@CP 2859 -0.30224633 0.0663816681 -0.178692372 0 0 0
C@CP 2860 -0.266026373 0.114502123 0.239308765 0 0 0
C@CP 2861 0.0458078025 -0.209738605 0.217025742 0 0 0
C@CP 2862 -0.337746537 -0.100314189 -0.0666843001 0 0 0
C@CP 2863 -0.0888639733 0.0297477277 0.36507827 0 0 0
C@CP 2864 0.139290182 0.0399494487 0.0602306587 0 0 0
C@CP 2865 0.0524645544 -0.0174876634 0.178831396 0 0 0
C@CP 2866 0.0472866495 -0.413350578 0.0983787854 0 0 0
C@CP 2867 -0.117918183 0.360150741 -0.00702540334 0 0 0
C@CP 2868 0.355070025 -0.176476638 -0.0307755638 0 0 0
C@CP 2869 0.125557635 -0.134590703 -0.403135205 0 0 0
C@CP 2870 -0.090769148 -0.415977948 0.0800204845 0 0 0
C@CP 2871 -0.273084016 0.245391085 0.154745015 0 0 0
C@CP 2872 0.30880377 -0.00588660139 -0.139875728 0 0 0
C@CP 2873 -0.0573683252 -0.153840782 0.0479288485 0 0 0
C@CP 2874 0.399252036 0.0548010294 0.0866858194 0 0 0
C@CP 2875 0.0530347962 0.143554128 0.077345337 0 0 0
C@CP 2876 0.0247979076 -0.0643109139 0.0856893189 0 0 0
C@CP 2877 0.213962506 0.390899602 -0.0312884013 0 0 0
C@CP 2878 -0.0958366687 0.019305791 0.390351105 0 0 0
C@CP 2879 0.0015415747 0.273800214 -0.274286871 0 0 0
C@CP 2880 0.140475593 -0.0747576979 -0.185368381 0 0 0
C@CP 2881 -0.0648201288 -0.0719335416 0.30469235 0 0 0
C@CP 2882 0.200694281 0.00920249778 -0.24048739 0 0 0
C@CP 2883 -0.197259143 0.120073459 0.292377513 0 0 0
C@CP 2884 -0.0136159898 -0.433732872 0.0456086501 0 0 0
C@CP 2885 -0.108761397 -0.0119183023 -0.202266112 0 0 0
C@CP 2886 -0.282990123 -0.201328704 0.0799444864 0 0 0
C@CP 2887 -0.292645546 0.0861428725 -0.179939725 0 0 0
C@CP 2888 -0.277124639 -0.272939024 -0.167674457 0 0 0
C@CP 2889 0.0246353856 -0.00396020278 -0.0849319564 0 0 0
C@CP 2890 0.0238959742 -0.316534892 -0.0862444578 0 0 0
C@CP 2891 0.329028491 -0.0229857745 0.270274483 0 0 0
C@CP 2892 0.220870612 -0.128411136 0.142107962 0 0 0
C@CP 2893 -0.288269987 -0.0400965719 0.362251953 0 0 0
C@CP 2894 -0.13231077 -0.306178473 -0.319668421 0 0 0
C@CP 2895 -0.273652967 0.165398234 0.254787854 0 0 0
C@CP 2896 -0.208940408 -0.135420884 0.0705410561 0 0 0
C@CP 2897 0.159163568 -0.130890978 0.158500866 0 0 0
C@CP 2898 -0.347487278 0.241577828 -0.116093574 0 0 0
C@CP 2899 -0.231725803 -0.350385699 0.103094264 0 0 0
C@CP 2900 -0.0606850062 -0.0455258858 -0.204968704 0 0 0
C@CP 2901 0.157857762 -0.103091498 0.326495218 0 0 0
C@CP 2902 0.15228897 -0.0453721855 -0.00367769201 0 0 0
C@CP 2903 -0.129368693 0.32241498 0.275940638 0 0 0
C@CP 2904 -0.361337566 0.0172206372 0.267958681 0 0 0
C@CP 2905 0.219393649 -0.194082328 -0.0940717105 0 0 0
C@CP 2906 0.308620337 -0.201200776 0.100000996 0 0 0
C@CP 2907 0.302014376 0.0599427076 0.261077094 0 0 0
C@CP 2908 0.138776341 0.0803394552 0.141897211 0 0 0
C@CP 2909 0.0627743057 -0.287788684 -0.311110543 0 0 0
C@CP 2910 0.216771496 0.143097307 0.297147473 0 0 0
C@CP 2911 -0.187212823 -0.041606755 -0.0114458849 0 0 0
C@CP 2912 0.154168778 -0.305350734 0.140745175 0 0 0
C@CP 2913 -0.00914081639 -0.262006495 0.0179942146 0 0 0
C@CP 2914 0.350950821 -0.174898003 0.233984103 0 0 0
C@CP 2915 -0.157746852 -0.287385365 0.269920434 0 0 0
C@CP 2916 -0.0826438856 -0.0356748668 -0.0691609136 0 0 0
C@CP 2917 -0.418237701 0.0241872373 -0.0212377927 0 0 0
C@CP 2918 -0.0727308396 -0.223971424 0.316191069 0 0 0
C@CP 2919 -0.363175051 0.108597759 0.157250523 0 0 0
C@CP 2920 0.143117425 0.0716906507 -0.247058324 0 0 0
C@CP 2921 0.237209236 -0.190695808 -0.336804519 0 0 0
C@CP 2922 -0.252651057 -0.275633978 0.220350681 0 0 0
C@CP 2923 0.178508529 -0.375732177 0.08957948 0 0 0
C@CP 2924 0.377621587 0.087363644 0.201831025 0 0 0
C@CP 2925 -0.110099086 0.15909306 0.290107706 0 0 0
C@CP 2926 -0.337003311 0.101605593 0.113089965 0 0 0
C@CP 2927 -0.0997265783 -0.283381345 0.131460816 0 0 0
C@CP 2928 -0.0214159063 0.388899001 0.0267330858 0 0 0
C@CP 2929 -0.100226426 0.374143354 -0.261466698 0 0 0
C@CP 2930 -0.00319155818 -0.00263212382 -0.0100949575 0 0 0
C@CP 2931 -0.249266811 -0.0263672933 0.236351426 0 0 0
C@CP 2932 0.223788098 0.352342167 0.0636098691 0 0 0
C@CP 2933 -0.131041435 0.162108096 -0.371995261 0 0 0
C@CP 2934 0.237612622 -0.0712765378 0.0912098966 0 0 0
C@CP 2935 0.0397792564 -0.434541342 -0.00890343173 0 0 0
C@CP 2936 -0.350548092 -0.0153209146 0.239868871 0 0 0
C@CP 2937 0.013844115 0.293997935 -0.0383421784 0 0 0
C@CP 2938 0.415787961 0.118416348 -0.023776159 0 0 0
C@CP 2939 -0.243394513 -0.142091401 0.142687412 0 0 0
C@CP 2940 0.213552178 -0.169303912 0.165965082 0 0 0
C@CP 2941 -0.0258955186 -0.157739288 -0.0910163853 0 0 0
C@CP 2942 -0.338122087 -0.000469338441 0.00181867057 0 0 0
C@CP 2943 0.260005619 -0.0733606854 0.0153158126 0 0 0
C@CP 2944 0.282007923 0.0169941597 0.330634665 0 0 0
C@CP 2945 -0.0483302157 -0.221561549 -0.0251030205 0 0 0
C@CP 2946 -0.32185925 0.0310925963 -0.110321416 0 0 0
C@CP 2947 -0.153994558 0.385308202 -0.121930058 0 0 0
C@CP 2948 -0.388040303 -0.0298878595 0.207811929 0 0 0
C@CP 2949 0.0706405532 -0.159186099 -0.0974569012 0 0 0
C@CP 2950 -0.277922215 -0.106415282 -0.196941857 0 0 0
C@CP 2951 0.321266492 -0.019843891 -0.266593114 0 0 0
C@CP 2952 0.408505405 -0.200497897 0.0287489623 0 0 0
C@CP 2953 -0.176837769 -0.280899159 -0.252361928 0 0 0
C@CP 2954 -0.207501919 0.0140430045 -0.11080976 0 0 0
C@CP 2955 -0.154472632 0.263946546 0.301107653 0 0 0
C@CP 2956 0.00376876525 0.164617571 -0.231513099 0 0 0
C@CP 2957 -0.161561141 -0.0212237652 0.1367057 0 0 0
C@CP 2958 -0.224298185 0.351361375 -0.0833146835 0 0 0
C@CP 2959 0.299641448 -0.0900395952 -0.0699967291 0 0 0
C@CP 2960 0.154029897 -0.0652739447 -0.315788088 0 0 0
C@CP 2961 0.189631005 0.0323684138 -0.0250966904 0 0 0
C@CP 2962 0.145483997 0.184368667 -0.208210407 0 0 0
C@CP 2963 0.286877452 0.148984484 -0.258862982 0 0 0
C@CP 2964 0.406209387 -0.127715451 -0.181036172 0 0 0
C@CP 2965 0.0447712396 -0.221615575 0.143583898 0 0 0
C@CP 2966 0.0896000928 -0.124893076 -0.387823875 0 0 0
C@CP 2967 0.0565613372 0.338644622 -0.29191451 0 0 0
C@CP 2968 -0.17048351 -0.367931767 0.16584265 0 0 0
C@CP 2969 -0.109627388 -0.186303466 0.401084022 0 0 0
C@CP 2970 0.198669749 -0.0119637145 -0.361353257 0 0 0
C@CP 2971 -0.0303571954 0.160299121 0.384806523 0 0 0
C@CP 2972 0.112081516 -0.170754248 -0.253189309 0 0 0
C@CP 2973 0.368049258 -0.0360028984 -0.0212313561 0 0 0
C@CP 2974 -0.246037362 -0.141072771 0.0311614608 0 0 0
C@CP 2975 -0.0148669007 0.169174057 -0.242592104 0 0 0
C@CP 2976 -0.0647981948 0.12806125 -0.136452093 0 0 0
C@CP 2977 0.336531743 -0.00222376322 -0.254373453 0 0 0
C@CP 2978 -0.40470575 0.0272391146 0.104633873 0 0 0
C@CP 2979 0.0775222688 0.296788856 0.17812657 0 0 0
C@CP 2980 -0.101335856 -0.0689573655 -0.029145741 0 0 0
C@CP 2981 -0.13197146 0.198615065 -0.315462165 0 0 0
C@CP 2982 -0.171752 0.0296934788 0.375046758 0 0 0
C@CP 2983 -0.0911334242 0.133488664 0.386946735 0 0 0
C@CP 2984 -0.261475316 0.0670659928 0.304879286 0 0 0
C@CP 2985 0.112202486 -0.015279622 0.117414318 0 0 0
C@CP 2986 0.243270868 0.381273981 -0.0730865808 0 0 0
C@CP 2987 0.080275397 -0.124606426 -0.107301032 0 0 0
C@CP 2988 0.117542442 -0.0886133097 -0.0528609531 0 0 0
C@CP 2989 -0.191298484 0.177742455 -0.396468857 0 0 0
C@CP 2990 -0.00415465999 -0.110238043 -0.24274261 0 0 0
C@CP 2991 0.132993674 0.0202923157 0.230375077 0 0 0
C@CP 2992 0.0609694287 -0.218802135 -0.077740153 0 0 0
C@CP 2993 0.0734777609 -0.332108375 -0.174971936 0 0 0
C@CP 2994 0.0200732732 -0.257277437 -0.10264666 0 0 0
C@CP 2995 0.257289923 -0.0217022981 0.372576771 0 0 0
C@CP 2996 -0.0835954943 0.0389061973 0.155501684 0 0 0
C@CP 2997 -0.229307695 0.0823042904 0.232793421 0 0 0
C@CP 2998 -0.25941107 -0.131507932 0.343419126 0 0 0
C@CP 2999 0.00206469135 -0.127485473 -0.291150171 0 0 0
C@CP 3000 -0.296946075 -0.0181814921 0.098137848 0 0 0
C@CP 3001 0.204570191 -0.203861293 0.161613667 0 0 0
C@CP 3002 -0.00146473576 0.0811689133 0.199852756 0 0 0
C@CP 3003 -0.0200479334 0.341737241 -0.111110775 0 0 0
C@CP 3004 -0.247530518 0.0489114824 0.11187354 0 0 0
C@CP 3005 -0.170964402 -0.110443947 -0.354120424 0 0 0
C@CP 3006 0.191177155 -0.386778894 -0.0775057629 0 0 0
C@CP 3007 0.339961738 -0.141982634 0.13362629 0 0 0
C@CP 3008 0.295900977 -0.085789213 0.258540899 0 0 0
C@CP 3009 0.0987701991 0.251219039 0.289170729 0 0 0
C@CP 3010 -0.36168061 0.0529097589 -0.0938209527 0 0 0
C@CP 3011 0.140345999 -0.241695775 0.185358118 0 0 0
C@CP 3012 -0.0341021856 -0.100075469 -0.233801849 0 0 0
C@CP 3013 0.118487926 -0.172449732 -0.32369349 0 0 0
C@CP 3014 0.0232110788 -0.0389779266 -0.0310154247 0 0 0
C@CP 3015 0.00734004284 0.27970216 0.0476429862 0 0 0
C@CP 3016 -0.216282765 0.101290299 -0.225289414 0 0 0
C@CP 3017 0.137152231 -0.171299152 -0.189802187 0 0 0
C@CP 3018 0.304804966 0.00266649087 -0.0578038033 0 0 0
C@CP 3019 0.189667219 -0.198985505 0.25056984 0 0 0
C@CP 3020 -0.365996256 0.0214913207 0.156338774 0 0 0
C@CP 3021 -0.0896010351 0.198581479 -0.279912204 0 0 0
C@CP 3022 0.209257646 -0.408341084 0.0325216584 0 0 0
C@CP 3023 0.106323826 -0.308465638 -0.000213228517 0 0 0
C@CP 3024 -0.0741114601 0.333406016 0.31122094 0 0 0
C@CP 3025 0.156963727 -0.218023323 0.0217395103 0 0 0
C@CP 3026 -0.348540402 -0.113824392 -0.237515846 0 0 0
C@CP 3027 -0.0198154417 -0.142630709 0.286618857 0 0 0
C@CP 3028 0.0581132304 -0.466082716 -0.0464465742 0 0 0
C@CP 3029 0.342262583 0.0654511381 -0.0292422031 0 0 0
C@CP 3030 -0.0772693346 0.0335931111 0.336690776 0 0 0
C@CP 3031 0.300874723 0.047245027 -0.143906656 0 0 0
C@CP 3032 -0.232387708 0.0255978624 0.395612136 0 0 0
C@CP 3033 -0.181184622 0.07996054 0.0794581109 0 0 0
C@CP 3034 0.0453607241 -0.026285662 0.296762779 0 0 0
C@CP 3035 -0.169838118 0.390191783 0.180326283 0 0 0
C@CP 3036 0.132514799 0.0923166456 0.0803084267 0 0 0
C@CP 3037 -0.339109674 -0.307214456 0.0952838958 0 0 0
C@CP 3038 -0.237886867 -0.103916958 0.100479177 0 0 0
C@CP 3039 0.16945795 0.0920763886 0.142916511 0 0 0
C@CP 3040 0.425458867 0.0542680213 -0.00773696837 0 0 0
C@CP 3041 -0.399446054 0.122183538 -0.0265707554 0 0 0
C@CP 3042 -0.282778009 0.097941133 0.32733701 0 0 0
C@CP 3043 0.0296409577 -0.204217926 0.302315278 0 0 0
C@CP 3044 -0.100760206 0.253870397 -0.380573381 0 0 0
C@CP 3045 -0.150231377 0.105880784 -0.093313178 0 0 0
C@CP 3046 -0.261754844 0.257239748 -0.171405487 0 0 0
C@CP 3047 -0.0667459889 -0.240967924 0.00265895776 0 0 0
C@CP 3048 -0.169944786 0.0134463155 0.136959566 0 0 0
C@CP 3049 0.132523155 -0.0205290188 -0.183303666 0 0 0
C@CP 3050 0.202073266 -0.193971634 -0.232593187 0 0 0
C@CP 3051 0.100368071 0.304164603 0.129901074 0 0 0
C@CP 3052 -0.374891608 -0.0346803149 0.0841941564 0 0 0
C@CP 3053 0.143338393 -0.060899212 0.354447782 0 0 0
C@CP 3054 -0.161630387 -0.153253493 -0.254747803 0 0 0
C@CP 3055 0.0211068027 0.305051464 0.35118827 0 0 0
C@CP 3056 -0.0431176809 -0.0837994398 -0.207627333 0 0 0
C@CP 3057 -0.41824731 0.139990705 -0.135007307 0 0 0
C@CP 3058 -0.0720978098 0.444546758 -0.100776344 0 0 0
C@CP 3059 -0.0439865875 0.331030708 -0.157587966 0 0 0
C@CP 3060 -0.223628784 -0.0423757673 0.158377275 0 0 0
C@CP 3061 -0.183087231 0.322140199 0.00201337982 0 0 0
C@CP 3062 -0.139953518 0.343136145 -0.0923949799 0 0 0
C@CP 3063 -0.151009054 0.100301585 -0.18990235 0 0 0
C@CP 3064 -0.350293556 -0.104502142 -0.112419114 0 0 0
C@CP 3065 0.216173233 -0.0705078209 0.13590124 0 0 0
C@CP 3066 0.0395520141 0.139880564 0.020843606 0 0 0
C@CP 3067 0.130899631 0.133757372 -0.0569256743 0 0 0
C@CP 3068 0.0168402363 -0.18003378 0.196385381 0 0 0
C@CP 3069 -0.0313840796 0.150916099 0.191221124 0 0 0
C@CP 3070 0.118356365 0.0826249054 0.257358585 0 0 0
C@CP 3071 0.212898025 -0.241580061 -0.331740078 0 0 0
C@CP 3072 0.117770975 0.350754409 -0.112758023 0 0 0
C@CP 3073 0.0907464403 0.221038366 -0.386660896 0 0 0
C@CP 3074 0.381263653 0.0139229677 0.148120112 0 0 0
C@CP 3075 -0.0521673171 0.270056092 0.0186573588 0 0 0
C@CP 3076 -0.268257759 -0.085108918 -0.245664189 0 0 0
C@CP 3077 -0.0637552226 0.18201603 0.109852894 0 0 0
C@CP 3078 0.183618378 0.161848879 -0.249179616 0 0 0
C@CP 3079 -0.220782982 0.150271467 0.193174707 0 0 0
C@CP 3080 0.246779539 -0.205001451 0.326428361 0 0 0
C@CP 3081 0.385436989 0.0649082714 -0.0146222662 0 0 0
C@CP 3082 0.159127238 -0.382086458 -0.179768096 0 0 0
C@CP 3083 -0.356009816 -0.0977554641 -0.202384933 0 0 0
C@CP 3084 0.206310817 -0.101969617 -0.15108499 0 0 0
C@CP 3085 0.294129026 -0.361126627 0.0197611313 0 0 0
C@CP 3086 0.279721047 -0.246924702 -0.0190791174 0 0 0
C@CP 3088 0.108250787 -0.0906557882 -0.270997303 0 0 0
C@CP 3089 -0.0424333371 0.305484429 0.357204296 0 0 0
C@CP 3090 0.163098563 -0.224263475 -0.352844809 0 0 0
C@CP 3091 0.0693651464 -0.0390245358 -0.337311502 0 0 0
C@CP 3092 0.0167290836 0.0696851393 -0.0555279636 0 0 0
C@CP 3093 0.173836123 0.142208149 0.189335219 0 0 0
C@CP 3094 0.306920344 0.087164748 -0.106072391 0 0 0
C@CP 3095 0.3199757 0.311824794 -0.0318389467 0 0 0
C@CP 3096 -0.201436174 -0.282149685 -0.128862648 0 0 0
C@CP 3097 0.319425958 -0.321349394 0.0911205664 0 0 0
C@CP 3098 -0.220188366 0.128435445 -0.210294283 0 0 0
C@CP 3099 -0.0402563775 0.246627634 0.192064182 0 0 0
C@CP 3100 -0.205140811 0.215557187 -0.321052877 0 0 0
C@CP 3101 -0.0348735969 -0.15933551 0.118229672 0 0 0
C@CP 3102 -0.0863359636 0.446020671 0.000185808399 0 0 0
C@CP 3103 0.390405599 0.054421225 -0.129102244 0 0 0
C@CP 3104 -0.223159228 -0.309088515 0.150594033 0 0 0
C@CP 3105 0.296101715 0.0935869285 0.238049377 0 0 0
C@CP 3106 0.355296475 0.07209572 -0.183340975 0 0 0
C@CP 3107 0.0253515319 -0.268357446 -0.345375858 0 0 0
C@CP 3108 -0.304254319 -0.0491149824 -0.0525887987 0 0 0
C@CP 3109 0.207152467 -0.0421684998 0.30660048 0 0 0
C@CP 3110 -0.168780382 -0.0716032361 0.00449190583 0 0 0
C@CP 3111 -0.0422974926 0.187102087 0.375381699 0 0 0
C@CP 3112 -0.166940812 -0.0326946061 -0.384857281 0 0 0
C@CP 3113 -0.131426461 0.266804403 -0.356104952 0 0 0
C@CP 3114 -0.43110518 0.136277717 -0.0222359585 0 0 0
C@CP 3115 -0.405576619 0.223889308 0.0898186017 0 0 0
C@CP 3116 0.0972416569 0.136213708 0.247987698 0 0 0
C@CP 3117 0.318126728 -0.10731215 0.0454577551 0 0 0
C@CP 3118 0.187131838 -0.0929089715 0.140213308 0 0 0
C@CP 3119 0.124338624 0.331068392 -0.184071577 0 0 0
C@CP 3120 -0.312498493 0.000879807513 -0.333533926 0 0 0
C@CP 3121 -0.25195361 0.045129388 -0.00125950921 0 0 0
C@CP 3122 0.313408771 -0.00230186974 -0.327293198 0 0 0
C@CP 3123 -0.285108628 0.105837085 0.114128352 0 0 0
C@CP 3124 -0.179369498 0.145926037 0.280560486 0 0 0
C@CP 3125 0.0733108703 0.0104089526 0.412448499 0 0 0
C@CP 3126 -0.259949712 -0.134619652 0.350719203 0 0 0
C@CP 3127 0.250492316 -0.236735565 0.0522813218 0 0 0
C@CP 3128 -0.0697230214 0.382779336 -0.0932592082 0 0 0
C@CP 3129 -0.2997481 0.228020195 0.116901755 0 0 0
C@CP 3130 0.0938133229 -0.299610487 -0.290789214 0 0 0
C@CP 3131 0.0520984179 -0.307320276 -0.0223370346 0 0 0
C@CP 3132 0.0566444551 0.0708784608 -0.22301066 0 0 0
C@CP 3133 -0.323792157 -0.00050651036 0.19243952 0 0 0
C@CP 3134 0.128870818 0.385229916 0.178735857 0 0 0
C@CP 3135 -0.196617196 0.395249348 0.0782438069 0 0 0
C@CP 3136 -0.0811412883 -0.189202167 0.104655364 0 0 0
C@CP 3137 -0.0166442139 0.0126602062 0.326354642 0 0 0
C@CP 3138 -0.175605149 0.066926092 0.0986046156 0 0 0
C@CP 3139 -0.316966097 -0.0990857588 0.115570163 0 0 0
C@CP 3140 0.290058598 0.108585035 0.197898543 0 0 0
C@CP 3141 0.0509289846 0.0232533704 0.307171897 0 0 0
C@CP 3142 -0.0877419598 0.0298084674 -0.279898399 0 0 0
C@CP 3143 -0.219333628 0.209647211 -0.271030683 0 0 0
C@CP 3144 -0.0879398494 0.148111467 0.0599868901 0 0 0
C@CP 3145 0.00144156227 0.319565721 -0.238500181 0 0 0
C@CP 3146 0.105187366 0.221712011 -0.144151584 0 0 0
C@CP 3147 -0.155134617 0.164251434 0.228208356 0 0 0
C@CP 3148 0.189057813 -0.205545238 0.213569669 0 0 0
C@CP 3149 -0.381528636 0.0507479574 0.159954802 0 0 0
C@CP 3150 -0.0663349128 -0.00960262676 -0.075923795 0 0 0
C@CP 3151 -0.202115019 0.270877203 -0.129672358 0 0 0
C@CP 3152 0.146257257 -0.19511754 0.032754999 0 0 0
C@CP 3153 -0.199722467 0.100415718 0.383105652 0 0 0
C@CP 3154 0.169813703 -0.206185947 -0.321496952 0 0 0
C@CP 3155 -0.0776784838 -0.159658911 0.0174506085 0 0 0
C@CP 3156 -0.382676258 0.0653322263 -0.19313557 0 0 0
C@CP 3157 0.0439404931 -0.00873552836 -0.0647537825 0 0 0
C@CP 3158 0.46991123 0.00703512173 0.0678909202 0 0 0
C@CP 3159 -0.141545015 0.187311073 -0.214185187 0 0 0
C@CP 3160 0.291173439 0.233369437 -0.169858092 0 0 0
C@CP 3161 0.383276418 0.224596759 0.0080665666 0 0 0
C@CP 3162 0.294358438 0.266468595 0.00527354155 0 0 0
C@CP 3163 -0.160676696 0.279759683 0.139412172 0 0 0
C@CP 3164 -0.00769990268 -0.0525297413 -0.066610177 0 0 0
C@CP 3165 0.0467551147 0.233529444 -0.158094634 0 0 0
C@CP 3166 0.186943286 -0.22762967 -0.287921854 0 0 0
C@CP 3167 0.237741039 0.35713322 -0.187230582 0 0 0
C@CP 3168 0.123718726 0.21209623 -0.182578296 0 0 0
C@CP 3169 -0.324395476 0.0398363369 0.178346157 0 0 0
C@CP 3170 0.180585915 -0.275832691 -0.289441703 0 0 0
C@CP 3171 0.252471273 -0.0780238422 0.0596783825 0 0 0
C@CP 3172 0.101432232 0.0653321913 0.164850233 0 0 0
C@CP 3173 -0.197540838 -0.0441894565 -0.0221551163 0 0 0
C@CP 3174 0.212650106 0.0806800096 0.339795584 0 0 0
C@CP 3175 -0.438157879 -0.011072664 -0.0332320535 0 0 0
C@CP 3176 0.226549351 0.0907350823 -0.304901183 0 0 0
C@CP 3177 -0.183609392 0.00327499149 -0.0300708934 0 0 0
C@CP 3178 -0.194087633 0.0841632214 -0.0446464842 0 0 0
C@CP 3179 -0.0971276759 -0.0772319084 -0.238060016 0 0 0
C@CP 3180 0.0824397278 0.0743526821 0.0196574062 0 0 0
C@CP 3181 0.126076925 0.26574306 -0.337710718 0 0 0
C@CP 3182 0.186705109 0.065070711 -0.0477410093 0 0 0
C@CP 3183 0.25676184 -0.0593225512 0.282896023 0 0 0
C@CP 3184 0.346570305 0.178083344 -0.126919323 0 0 0
C@CP 3185 0.1754539 0.00523429793 -0.211523476 0 0 0
C@CP 3186 -0.216348029 -0.0145022966 -0.381675475 0 0 0
C@CP 3187 0.134868124 0.351389827 0.274610595 0 0 0
C@CP 3188 -0.277489299 0.150477974 -0.166903616 0 0 0
C@CP 3189 -0.410751126 0.0966659652 0.202504961 0 0 0
C@CP 3190 0.405407922 -0.0177547802 0.0728750652 0 0 0
C@CP 3191 -0.201192208 0.0033052408 0.0942446196 0 0 0
C@CP 3192 -0.293696614 0.189293938 -0.11882769 0 0 0
C@CP 3193 0.203238925 0.401719494 0.135458857 0 0 0
C@CP 3194 -0.313883734 -0.0734991269 -0.00580895375 0 0 0
C@CP 3195 0.0883887478 -0.345245797 0.0434941586 0 0 0
C@CP 3196 0.27847598 0.104348317 0.219544347 0 0 0
C@CP 3197 -0.341418875 -0.00526517416 0.277137396 0 0 0
C@CP 3198 0.229081466 -0.1711161 -0.344153795 0 0 0
C@CP 3199 -0.241336468 -0.40263515 0.03735627 0 0 0
C@CP 3200 0.000800822084 0.0509928591 0.147487066 0 0 0
C@CP 3201 -0.0814442844 0.0210019174 -0.0991085878 0 0 0
C@CP 3202 0.28855391 0.286179268 0.047946812 0 0 0
C@CP 3203 0.201420993 0.152051111 0.215395965 0 0 0
C@CP 3204 0.279544939 0.193046601 -0.32060171 0 0 0
C@CP 3205 0.20077038 0.309815854 -0.0956952901 0 0 0
C@CP 3206 0.00150995581 0.154173027 -0.0222074116 0 0 0
C@CP 3207 0.0384995548 0.097349205 -0.176788901 0 0 0
C@CP 3208 0.0936023653 -0.199814054 -0.142763491 0 0 0
C@CP 3209 0.0521742759 -0.0620464938 0.102124409 0 0 0
C@CP 3210 0.0576384546 -0.0117090055 0.150921509 0 0 0
C@CP 3211 0.0829174259 0.275209746 -0.116288535 0 0 0
C@CP 3212 -0.324320704 0.0843253618 0.0693316746 0 0 0
C@CP 3213 0.00346842845 0.38232439 0.0978267065 0 0 0
C@CP 3214 0.339918943 -0.0334981468 0.265524036 0 0 0
C@CP 3215 0.0439633105 -0.320016687 0.342364984 0 0 0
C@CP 3216 0.0583626736 0.27183264 -0.370126089 0 0 0
C@CP 3217 0.396801955 0.0572146833 -0.233504559 0 0 0
C@CP 3218 -0.305290207 -0.0404800176 0.210594196 0 0 0
C@CP 3219 0.158934399 0.326788536 0.0790497337 0 0 0
C@CP 3220 0.110063093 0.218651201 0.243385404 0 0 0
C@CP 3221 -0.224476031 -0.278297042 -0.105796731 0 0 0
C@CP 3222 -0.110585948 0.320890238 0.0782078853 0 0 0
C@CP 3223 0.277297788 0.0622105395 -0.160568323 0 0 0
C@CP 3224 -0.0619518312 0.159720022 0.402372594 0 0 0
C@CP 3225 -0.140845524 0.112713599 0.262217511 0 0 0
C@CP 3226 -0.0144747215 0.195647212 -0.395610755 0 0 0
C@CP 3227 0.24020068 0.298425073 -0.0853138895 0 0 0
C@CP 3228 0.258403083 0.00609947421 -0.376341719 0 0 0
C@CP 3229 0.32256364 -0.221861631 -0.0393045768 0 0 0
C@CP 3230 0.151190058 0.124393701 -0.103534365 0 0 0
C@CP 3231 -0.112447065 0.196889247 0.0257051665 0 0 0
C@CP 3232 0.0584287061 -0.122652715 0.209664498 0 0 0
C@CP 3233 -0.212903597 -0.0754827501 -0.318760319 0 0 0
C@CP 3234 0.331655351 -0.0957045696 0.27748237 0 0 0
C@CP 3235 -0.0104676326 0.341788658 -0.112037963 0 0 0
C@CP 3236 0.0532242304 0.134182241 0.244289149 0 0 0
C@CP 3237 -0.32602263 -0.0276134022 -0.106785847 0 0 0
C@CP 3238 -0.0692069836 0.0220478293 0.425199524 0 0 0
C@CP 3239 -0.259179448 0.335615312 0.0723189331 0 0 0
C@CP 3240 -0.0894687735 -0.299171509 0.0303148174 0 0 0
C@CP 3241 -0.241648463 0.402170453 -0.0711857859 0 0 0
C@CP 3242 0.353556688 0.211146523 0.0261686214 0 0 0
C@CP 3243 0.108025284 -0.0181703555 -0.017456325 0 0 0
C@CP 3244 0.271731802 0.173058796 0.0970775039 0 0 0
C@CP 3245 -0.0862715377 -0.246106919 -0.32368687 0 0 0
C@CP 3246 0.114757761 -0.308184287 0.062654795 0 0 0
C@CP 3247 -0.0172265165 -0.0619314132 -0.0765173502 0 0 0
C@CP 3248 0.236886643 0.258661863 -0.192493395 0 0 0
C@CP 3249 0.242522925 -0.0246731043 0.360672319 0 0 0
C@CP 3250 0.0608657865 0.246676439 0.283317727 0 0 0
C@CP 3251 -0.234049282 0.168997533 -0.217902851 0 0 0
C@CP 3252 -0.248146514 -0.195564443 -0.0466765322 0 0 0
C@CP 3253 -0.075870937 0.164499377 0.293160817 0 0 0
C@CP 3254 -0.163103765 -0.383960646 -0.115207025 0 0 0
C@CP 3255 0.249207356 0.130928343 -0.344133965 0 0 0
C@CP 3256 0.298573266 -0.093210706 0.30006157 0 0 0
C@CP 3257 -0.0151729567 0.44710059 0.0640866054 0 0 0
C@CP 3258 -0.0756248141 0.0445635944 0.122264471 0 0 0
C@CP 3259 -0.0820413566 -0.253238198 -0.133396683 0 0 0
C@CP 3260 -0.21065246 0.0899332084 0.297484829 0 0 0
C@CP 3261 -0.344451632 -0.0145719323 -0.140236496 0 0 0
C@CP 3262 -0.287416699 -0.239642937 0.18233105 0 0 0
C@CP 3263 -0.317314628 -0.0758430049 -0.165947312 0 0 0
C@CP 3264 -0.0428864189 -0.193011053 0.216115179 0 0 0
C@CP 3265 0.304049818 -0.12198438 -0.155866384 0 0 0
C@CP 3266 0.180087382 0.149038178 0.279236603 0 0 0
C@CP 3267 0.394434226 -0.0542141321 0.235768342 0 0 0
C@CP 3268 0.0689807769 0.305439607 0.0340656152 0 0 0
C@CP 3269 -0.130520393 0.0948398547 0.0165224462 0 0 0
C@CP 3270 0.125117652 0.405500276 0.0371481141 0 0 0
C@CP 3271 -0.145776869 -0.290936669 -0.237534111 0 0 0
C@CP 3272 0.0497084479 0.204206307 -0.390777195 0 0 0
C@CP 3273 -0.12967889 -0.0420667894 -0.33321594 0 0 0
C@CP 3274 -0.107152553 -0.111470234 0.103547305 0 0 0
C@CP 3275 0.133614321 -0.0978612486 0.210225531 0 0 0
C@CP 3276 0.163848237 0.340745376 0.00823647925 0 0 0
C@CP 3277 -0.286837919 -0.124913098 -0.280761131 0 0 0
C@CP 3278 0.0469654574 -0.261064126 0.0754730864 0 0 0
C@CP 3279 -0.208496118 -0.308299608 0.00606030807 0 0 0
C@CP 3280 0.0234205052 -0.142182883 0.316521946 0 0 0
C@CP 3281 -0.237327246 -0.161416632 0.246734559 0 0 0
C@CP 3282 0.115432676 -0.39236551 0.172635876 0 0 0
C@CP 3283 -0.272860586 -0.136191771 0.14855989 0 0 0
C@CP 3284 0.11896827 -0.0410510402 -0.259536691 0 0 0
C@CP 3285 0.229641099 0.127222701 0.325142087 0 0 0
C@CP 3286 0.0518975028 0.258934256 0.256204084 0 0 0
C@CP 3287 0.000604147173 -0.214170423 -0.412863703 0 0 0
C@CP 3288 0.186292403 -0.0210549738 0.201289832 0 0 0
C@CP 3289 0.34477687 0.0128727761 0.0544764348 0 0 0
C@CP 3290 0.31037785 -0.00955569479 -0.132241767 0 0 0
C@CP 3291 0.0375503657 0.0262882326 -0.25292083 0 0 0
C@CP 3292 -0.040637851 -0.324320189 0.319185175 0 0 0
C@CP 3293 -0.0605586462 0.140013541 0.355971999 0 0 0
C@CP 3294 0.135066127 0.0999490998 -0.0884929237 0 0 0
C@CP 3295 -0.0444752104 0.0333821108 0.461559609 0 0 0
C@CP 3296 -0.050238208 0.155336378 0.288233074 0 0 0
C@CP 3297 0.237904069 -0.301119369 -0.0746710967 0 0 0
C@CP 3298 0.142028663 0.208392585 0.0118408192 0 0 0
C@CP 3299 0.0979280693 -0.423024763 0.127562064 0 0 0
C@CP 3300 -0.0780805695 0.359317257 0.181938084 0 0 0
C@CP 3301 -0.087023074 0.154043324 -0.410939612 0 0 0
C@CP 3302 0.118726596 0.223004953 -0.3006573 0 0 0
C@CP 3303 -0.233526118 0.0918492033 0.0397225204 0 0 0
C@CP 3304 -0.185936598 -0.241267181 0.211461514 0 0 0
C@CP 3305 -0.30159475 0.0372474454 0.344411907 0 0 0
C@CP 3306 -0.212580677 0.11505649 -0.309004317 0 0 0
C@CP 3307 -0.0820300059 -0.107072242 -0.161659385 0 0 0
C@CP 3308 0.0408146786 0.308566341 0.0641988272 0 0 0
C@CP 3309 -0.342548106 -0.141583738 0.0327028665 0 0 0
C@CP 3310 0.223962686 0.133124711 0.310706956 0 0 0
C@CP 3311 0.0568952023 -0.0832717137 0.40205518 0 0 0
C@CP 3312 -0.231380938 0.132245321 0.20086617 0 0 0
C@CP 3313 -0.218341999 -0.229862484 0.0572426575 0 0 0
C@CP 3314 -0.0535797449 0.0800372142 -0.374213567 0 0 0
C@CP 3315 0.138226999 0.209535306 0.366064139 0 0 0
C@CP 3316 -0.136063072 0.236533624 -0.322388788 0 0 0
C@CP 3317 0.0645466103 -0.32066981 0.035305497 0 0 0
C@CP 3318 -0.29885969 -0.220899762 0.089725875 0 0 0
C@CP 3319 0.313271642 -0.26318277 0.0115806284 0 0 0
C@CP 3320 0.0669296183 -0.267804144 -0.370532874 0 0 0
C@CP 3321 -0.114348597 -0.167611666 -0.347131468 0 0 0
C@CP 3322 0.039518427 -0.277960832 0.218753757 0 0 0
C@CP 3323 -0.105685043 -0.0261124158 0.228780596 0 0 0
C@CP 3324 0.450247654 -0.0347063452 -0.0125433026 0 0 0
C@CP 3325 -0.114319332 0.399069208 -0.21624522 0 0 0
C@CP 3326 -0.0154055844 0.0633995224 -0.423174938 0 0 0
C@CP 3327 -0.346823409 -0.116070739 -0.183346348 0 0 0
C@CP 3328 0.100016231 0.324218727 -0.235425135 0 0 0
C@CP 3329 0.000403093322 -0.37081595 -0.279307653 0 0 0
C@CP 3330 0.168556251 0.0150795882 0.109432576 0 0 0
C@CP 3331 -0.116934323 -0.243350334 0.0244344682 0 0 0
C@CP 3332 -0.382735476 -0.0851189684 -0.146214658 0 0 0
C@CP 3333 0.00766581606 -0.434051658 0.104103742 0 0 0
C@CP 3334 0.22210084 0.145097888 0.35508827 0 0 0
C@CP 3335 0.167991487 0.249610185 0.307577695 0 0 0
C@CP 3336 -0.279076332 0.167613266 0.226588005 0 0 0
C@CP 3337 0.0593961942 -0.167861289 0.385316868 0 0 0
C@CP 3338 0.206970184 -0.373100501 -0.0776274669 0 0 0
C@CP 3339 0.260052197 0.147538205 0.350185797 0 0 0
C@CP 3340 0.10896658 -0.159669426 0.0285350853 0 0 0
C@CP 3341 0.174951637 0.174342475 0.0488810113 0 0 0
C@CP 3342 0.296510387 -0.200530938 0.266115423 0 0 0
C@CP 3343 -0.171917871 -0.0151673979 0.0113322893 0 0 0
C@CP 3344 -0.124403483 0.244244204 -0.0615084356 0 0 0
C@CP 3345 -0.00473435518 -0.187241853 0.0231251635 0 0 0
C@CP 3346 0.133195684 -0.0429519465 0.343883149 0 0 0
C@CP 3347 0.0702364448 0.105873012 -0.34807743 0 0 0
C@CP 3348 0.0452949737 -0.439606879 0.0944600384 0 0 0
C@CP 3349 0.00552656092 0.130766392 0.0580563481 0 0 0
C@CP 3350 -0.449549175 0.0258461467 0.0156422646 0 0 0
C@CP 3351 0.229453307 -0.258688753 -0.173315084 0 0 0
C@CP 3352 0.10371988 -0.215438095 0.270574695 0 0 0
C@CP 3353 0.0629424016 -0.242139623 -0.246367249 0 0 0
C@CP 3354 0.149856937 -0.243301036 -0.0367275494 0 0 0
C@CP 3355 -0.243110322 0.324684023 0.0650678047 0 0 0
C@CP 3356 -0.229533104 0.148925543 0.0261452402 0 0 0
C@CP 3357 0.291918912 0.292751779 -0.0273984002 0 0 0
C@CP 3358 0.0564463439 -0.0504032512 -0.23329327 0 0 0
C@CP 3359 -0.372847041 -0.164775144 -0.217833779 0 0 0
C@CP 3360 -0.0402410813 0.200645199 0.0966305872 0 0 0
C@CP 3361 0.262486553 0.135391959 -0.294613829 0 0 0
C@CP 3362 0.128358506 0.126275925 -0.369267875 0 0 0
C@CP 3363 0.0993821182 -0.105511457 0.375546252 0 0 0
C@CP 3364 -0.0236835731 0.20265742 -0.0253958488 0 0 0
C@CP 3365 0.134227499 -0.343997019 0.0458114353 0 0 0
C@CP 3366 -0.190440404 0.386643479 -0.186860757 0 0 0
C@CP 3367 0.0342226829 -0.303626579 -0.299724528 0 0 0
C@CP 3368 0.336694947 -0.0917174113 0.114492198 0 0 0
C@CP 3369 0.0617692663 -0.227357419 -0.135926536 0 0 0
C@CP 3370 0.266346339 0.255241184 -0.257651903 0 0 0
C@CP 3371 0.0610652559 0.208723531 0.410797806 0 0 0
C@CP 3372 0.283308946 -0.161142069 0.0374086617 0 0 0
C@CP 3373 0.42101447 0.116600784 -0.161995557 0 0 0
C@CP 3374 0.0727623365 -0.0725309298 -0.395602469 0 0 0
C@CP 3375 -0.026565906 -0.294247154 0.298648109 0 0 0
C@CP 3376 0.00601857709 0.113170555 -0.39431831 0 0 0
C@CP 3377 0.458305431 -0.0135814224 0.0543612822 0 0 0
C@CP 3378 0.133990192 0.00997094346 0.284475778 0 0 0
C@CP 3379 -0.0598213693 0.349553221 0.0511063797 0 0 0
C@CP 3380 -0.285594668 0.120741864 0.183300629 0 0 0
C@CP 3381 0.220595999 0.317497942 0.204507942 0 0 0
C@CP 3382 0.0201768268 0.184663914 -0.176169051 0 0 0
C@CP 3383 -0.106277891 -0.184692434 0.190147601 0 0 0
C@CP 3384 0.363368375 -0.244801685 0.0986336976 0 0 0
C@CP 3385 0.029446993 -0.293264841 -0.221760692 0 0 0
C@CP 3386 0.250682422 -0.0263622404 -0.174729293 0 0 0
C@CP 3387 0.310242066 -0.240154425 -0.0645428962 0 0 0
C@CP 3388 -0.459811944 -0.0278933581 0.0729228085 0 0 0
C@CP 3389 -0.092361842 -0.115530851 0.0309602393 0 0 0
C@CP 3390 0.0465016165 0.394734839 -0.0389165302 0 0 0
C@CP 3391 -0.0922182194 0.352056459 0.187832443 0 0 0
C@CP 3392 0.216418451 -0.151018111 0.340781615 0 0 0
C@CP 3393 0.224519461 0.11592948 -0.29723321 0 0 0
C@CP 3394 0.0452847502 0.298699598 -0.190484597 0 0 0
C@CP 3395 0.0804858788 -0.250131694 0.303439666 0 0 0
C@CP 3396 -0.240539445 0.370942368 -0.13963942 0 0 0
C@CP 3397 0.0474218489 -0.09685709 -0.456557718 0 0 0
C@CP 3398 0.241139244 -0.215513616 0.182571821 0 0 0
C@CP 3399 0.312980256 0.215126522 -0.204048362 0 0 0
C@CP 3400 -0.12166724 0.425133426 -0.0625734256 0 0 0
C@CP 3401 0.180576799 -0.241107397 -0.26346351 0 0 0
C@CP 3402 0.0972544121 0.127762826 -0.336172734 0 0 0
C@CP 3403 0.203430154 -0.299512249 0.278820219 0 0 0
C@CP 3404 0.104735523 -0.215616802 0.239332366 0 0 0
C@CP 3405 -0.374282857 0.209532892 0.165258016 0 0 0
C@CP 3406 -0.377144602 0.033264191 0.0726927404 0 0 0
C@CP 3407 0.0321611551 -0.0821694477 0.130029238 0 0 0
C@CP 3408 -0.156981491 0.121620471 -0.395489092 0 0 0
C@CP 3409 -0.177856139 0.015055201 -0.28251135 0 0 0
C@CP 3410 -0.111347116 -0.0415798274 -0.120803185 0 0 0
C@CP 3411 0.335753142 -0.241011783 -0.161061533 0 0 0
C@CP 3412 -0.361012603 -0.26176457 0.0257489733 0 0 0
C@CP 3413 0.13296056 -0.329402733 -0.278211746 0 0 0
C@CP 3414 -0.0947537758 -0.114814514 -0.165170885 0 0 0
C@CP 3415 -0.128246608 0.3667981 -0.0221669587 0 0 0
C@CP 3416 0.0795398885 0.346649246 -0.00793864549 0 0 0
C@CP 3417 -0.120486939 0.0941303985 0.242227787 0 0 0
C@CP 3418 0.406090257 -0.1060227 -0.0807626032 0 0 0
C@CP 3419 -0.225364948 0.13255768 -0.37503963 0 0 0
C@CP 3420 -0.216494757 -0.0775901237 -0.315776842 0 0 0
C@CP 3421 0.257394723 0.224501547 -0.0587282944 0 0 0
C@CP 3422 -0.0762384404 0.0357081802 -0.0891740697 0 0 0
C@CP 3423 -0.142849673 0.05274182 0.423800483 0 0 0
C@CP 3424 -0.104073592 0.309761533 0.0983499874 0 0 0
C@CP 3425 -0.330711604 0.186247624 -0.102314058 0 0 0
C@CP 3426 -0.261651994 0.00761703121 -0.110438156 0 0 0
C@CP 3427 0.430208587 -0.0241743402 -0.147316836 0 0 0
C@CP 3428 0.125119228 0.133586993 0.374050635 0 0 0
C@CP 3429 0.056243618 -0.0420543929 0.300376952 0 0 0
C@CP 3430 0.151394109 0.0379699754 -0.073786585 0 0 0
C@CP 3431 0.09938595 -0.0346687314 0.0776680771 0 0 0
C@CP 3432 0.0920251128 0.202413866 -0.219222201 0 0 0
C@CP 3433 -0.202170292 -0.057942902 -0.183577566 0 0 0
C@CP 3434 0.123269364 -0.0267692877 0.0225119875 0 0 0
C@CP 3435 0.186997213 -0.175974906 0.0967973614 0 0 0
C@CP 3436 -0.0937813384 0.110635342 -0.420606138 0 0 0
C@CP 3437 0.0516190388 -0.061961922 0.0382981745 0 0 0
C@CP 3438 -0.0261076363 -0.26523645 -0.0604207787 0 0 0
C@CP 3439 0.0260675082 -0.105269241 0.196116402 0 0 0
C@CP 3440 -0.367768956 0.118875778 0.0893144026 0 0 0
C@CP 3441 -0.285736818 0.175582776 0.196496158 0 0 0
C@CP 3442 0.18264308 -0.0720963567 0.262438361 0 0 0
C@CP 3443 0.25391508 0.351432503 0.137656056 0 0 0
C@CP 3444 -0.0608922875 0.126849302 -0.0580023196 0 0 0
C@CP 3445 0.313907049 -0.0680100275 -0.250650421 0 0 0
C@CP 3446 -0.162703448 -0.063586913 -0.166476847 0 0 0
C@CP 3447 0.164127667 -0.117686999 -0.000755379526 0 0 0
C@CP 3448 -0.145803976 -0.34475242 0.210563245 0 0 0
C@CP 3449 -0.335241583 0.0207097099 0.124644705 0 0 0
C@CP 3450 0.288700028 0.0950405794 -0.102783372 0 0 0
C@CP 3451 -0.362053698 0.216358176 -0.206371616 0 0 0
C@CP 3452 -0.140703612 -0.250377631 0.299064724 0 0 0
C@CP 3453 -0.0242080553 0.175759128 -0.165513449 0 0 0
C@CP 3454 -0.0819655467 0.256866096 0.118065958 0 0 0
C@CP 3455 0.107645295 -0.0619844713 -0.300752389 0 0 0
C@CP 3456 0.0320821097 -0.323196417 -0.0918885637 0 0 0
C@CP 3457 0.0171312416 -0.397552746 -0.195578442 0 0 0
C@CP 3458 0.263403249 -0.118867287 0.10782077 0 0 0
C@CP 3459 0.102010602 0.0995123324 -0.125262912 0 0 0
C@CP 3460 -0.303166089 -0.0367365193 0.138625669 0 0 0
C@CP 3461 -0.053292171 -0.132865825 0.163186579 0 0 0
C@CP 3462 0.162514579 0.268490474 -0.115030898 0 0 0
C@CP 3463 -0.387594831 -0.242684063 0.113744196 0 0 0
C@CP 3464 0.250834446 0.178807921 -0.35095212 0 0 0
C@CP 3465 -0.140403308 0.387760046 0.0176858627 0 0 0
C@CP 3466 0.0746600938 -0.362983903 0.191010098 0 0 0
C@CP 3467 -0.0342006979 0.194706452 0.236592776 0 0 0
C@CP 3468 -0.145615924 -0.281707702 0.0794201104 0 0 0
C@CP 3469 -0.158913613 -0.167069648 -0.348593127 0 0 0
C@CP 3470 -0.112712291 -0.147281008 0.0977631413 0 0 0
C@CP 3471 0.253495992 0.017280427 0.126839185 0 0 0
C@CP 3472 0.131685069 0.111157045 0.321101778 0 0 0
C@CP 3473 0.155611544 -0.331896832 -0.173980939 0 0 0
C@CP 3474 -0.173062061 0.333188466 -0.180802333 0 0 0
C@CP 3475 -0.243716863 0.163546872 -0.0197556866 0 0 0
C@CP 3476 -0.221446788 -0.0262050832 -0.149813767 0 0 0
C@CP 3477 0.166646051 0.264870826 0.166256154 0 0 0
C@CP 3478 0.0295432279 0.0708969516 -0.0510108234 0 0 0
C@CP 3479 0.186504145 -0.0699786033 -0.0474860624 0 0 0
C@CP 3480 -0.0574993653 0.18143246 -0.185736192 0 0 0
C@CP 3481 -0.00931231457 -0.323375952 0.0321770379 0 0 0
C@CP 3482 0.0286218152 0.0547767551 0.313960191 0 0 0
C@CP 3483 0.169360714 0.195025445 -0.0215946274 0 0 0
C@CP 3484 -0.0306713362 0.293523794 -0.365254506 0 0 0
C@CP 3485 0.0482847153 -0.195387676 0.1056908 0 0 0
C@CP 3486 0.097152423 0.119119874 -0.2088227 0 0 0
C@CP 3487 -0.147886966 0.0662111207 -0.153219486 0 0 0
C@CP 3488 0.392324451 0.107891528 0.207332199 0 0 0
C@CP 3489 0.313108403 0.086858332 -0.198351945 0 0 0
C@CP 3490 -0.0423995438 0.0179690853 0.142203526 0 0 0
C@CP 3491 -0.162197226 -0.410584079 0.154455549 0 0 0
C@CP 3492 -0.112339479 0.0273463951 -0.422872385 0 0 0
C@CP 3493 0.069684137 0.00560838766 0.224816255 0 0 0
C@CP 3494 0.02126104 -0.239155817 0.15125176 0 0 0
C@CP 3495 0.0685979418 -0.0393275155 -0.278521817 0 0 0
C@CP 3496 0.294630696 0.150332449 0.0132234648 0 0 0
C@CP 3497 -0.194083365 0.250406149 -0.113218793 0 0 0
C@CP 3498 -0.272463693 -0.0649426989 -0.0967607648 0 0 0
C@CP 3499 0.0360262708 -0.0632938082 -0.182655144 0 0 0
B@CP 3501 0.444944308 0.104052962 0.03175345 0 0 0
C@CP 3502 0.118522733 -0.14140465 0.182400195 0 0 0
