B@CP 1000 -0.095664432 0.0394077756 0.0640722088 0 0 0
B@CP 1002 0.0850062969 0.29778464 -0.081112661 0 0 0
B@CP 1003 0.358305895 -0.158932914 -0.0524678893 0 0 0
B@CP 1006 0.0910069468 -0.0936935804 -0.362630642 0 0 0
B@CP 1007 0.113835866 0.233165643 0.146830836 0 0 0
B@CP 1008 -0.0682610964 0.349407905 0.164628439 0 0 0
B@CP 1011 -0.0204694932 -0.320600664 0.00125366947 0 0 0
B@CP 1015 -0.0664243383 0.217526064 0.101276071 0 0 0
B@CP 1019 0.320411767 0.0406076328 0.291679268 0 0 0
B@CP 1024 -0.181665893 0.359480508 -0.130927801 0 0 0
B@CP 1036 -0.29386255 -0.0674068764 0.0739331101 0 0 0
B@CP 1037 0.0165524811 0.390266687 -0.0669105186 0 0 0
B@CP 1042 0.117075246 -0.278711956 0.16960995 0 0 0
B@CP 1045 -0.305584632 -0.289209679 0.150707648 0 0 0
B@CP 1047 -0.078723394 0.184484546 0.159265832 0 0 0
B@CP 1049 0.221168008 0.0158012131 -0.123388637 0 0 0
B@CP 1052 0.13447313 -0.329183314 0.303280324 0 0 0
B@CP 1056 0.266154318 -0.0475921253 -0.139116031 0 0 0
B@CP 1058 0.286315203 0.166958253 -0.131719559 0 0 0
B@CP 1062 -0.220783086 -0.377316172 0.155147224 0 0 0
B@CP 1063 0.246364466 -0.158851365 0.158576101 0 0 0
B@CP 1064 -0.158477703 -0.216999085 0.373866227 0 0 0
B@CP 1066 -0.126952368 -0.179656625 0.36416362 0 0 0
B@CP 1067 -0.0186689151 -0.157731504 0.266928977 0 0 0
B@CP 1073 0.229605292 0.196633077 0.236184107 0 0 0
B@CP 1078 0.072701268 -0.195242163 0.124735831 0 0 0
B@CP 1080 -0.0292876874 -0.0715224816 0.0171002914 0 0 0
B@CP 1083 0.0553303257 -0.291097219 -0.0426225508 0 0 0
B@CP 1087 0.107148765 -0.251756117 0.252822003 0 0 0
B@CP 1088 0.136298347 -0.181402786 0.0970718271 0 0 0
B@CP 1089 0.0651844411 -0.198676742 0.259099005 0 0 0
B@CP 1090 -0.0925351127 0.197507771 0.0257750542 0 0 0
B@CP 1091 0.0720192629 0.251221077 -0.223942405 0 0 0
B@CP 1096 -0.275684316 -0.0178712674 0.305974499 0 0 0
B@CP 1101 -0.142442304 -0.188318727 -0.0295997422 0 0 0
B@CP 1103 0.16579925 0.422342096 -0.0824161188 0 0 0
B@CP 1105 -0.214398123 0.0402469492 -0.25494422 0 0 0
B@CP 1107 0.449959346 -0.0464062141 -0.0847903281 0 0 0
B@CP 1110 -0.246115436 -0.250753114 0.190075047 0 0 0
B@CP 1113 0.055589322 0.309802061 0.17164945 0 0 0
B@CP 1116 0.0975449031 0.419581689 0.122191031 0 0 0
B@CP 1117 -0.359673091 0.139062741 -0.234797647 0 0 0
B@CP 1118 0.134900861 -0.0399415034 0.373631541 0 0 0
B@CP 1119 -0.249501316 0.0470722843 -0.292880731 0 0 0
B@CP 1121 -0.0787324967 -0.180716021 0.403900403 0 0 0
B@CP 1125 -0.0383716688 -0.412058289 -0.00206296914 0 0 0
B@CP 1129 0.11557315 -0.161869667 0.143766833 0 0 0
B@CP 1130 -0.0440630709 0.408032674 0.0183418809 0 0 0
B@CP 1131 -0.0390978265 0.154226045 0.173165092 0 0 0
B@CP 1133 -0.043463927 0.0137647181 -0.0758730926 0 0 0
B@CP 1136 -0.0630914835 -0.152000466 0.247054179 0 0 0
B@CP 1139 0.0216042251 -0.289420731 0.0416003765 0 0 0
B@CP 1145 0.32337497 0.0331905871 -0.124171794 0 0 0
B@CP 1148 -0.0973248553 -0.0244640421 0.0264241798 0 0 0
B@CP 1151 0.207585244 -0.385473829 0.118446738 0 0 0
B@CP 1156 -0.0704693195 0.151046079 -0.428074892 0 0 0
B@CP 1157 0.295430454 0.0417214909 -0.320068908 0 0 0
B@CP 1163 -0.282291326 0.348231394 0.064196411 0 0 0
B@CP 1165 0.133069801 0.0539050107 0.00922863448 0 0 0
B@CP 1167 -0.0270198737 -0.0517046183 -0.172741524 0 0 0
B@CP 1170 -0.205141573 0.2718707 0.136046631 0 0 0
B@CP 1173 0.166042265 0.285300226 0.0766275379 0 0 0
B@CP 1175 0.200659758 -0.168255631 -0.106830045 0 0 0
B@CP 1176 0.151437096 0.364134887 -0.0679936389 0 0 0
B@CP 1178 -0.271252984 0.194480771 -0.157963644 0 0 0
B@CP 1180 -0.162423824 0.101796726 0.20033694 0 0 0
B@CP 1188 0.166784837 0.124813841 0.275626639 0 0 0
B@CP 1189 0.060360583 0.112018102 0.225485675 0 0 0
B@CP 1191 -0.41397804 -0.0301246162 0.0167238867 0 0 0
B@CP 1196 -0.165568854 -0.110277469 -0.281581408 0 0 0
B@CP 1201 -0.144130075 -0.057921868 0.268053982 0 0 0
B@CP 1203 -0.137189274 -0.04064198 -0.376387811 0 0 0
B@CP 1205 -0.373088743 0.168506419 -0.0376366596 0 0 0
B@CP 1206 0.238778879 -0.183143506 0.174463777 0 0 0
B@CP 1210 -0.109202848 0.169686905 0.274124276 0 0 0
B@CP 1212 -0.399551141 -0.0864605708 -0.171732215 0 0 0
B@CP 1214 -0.165295504 -0.156114007 0.137154628 0 0 0
B@CP 1215 0.14496854 0.182994923 0.129554561 0 0 0
B@CP 1216 -0.237835772 -0.00913129881 0.208910006 0 0 0
B@CP 1222 -0.276375837 -0.0216531854 -0.228473424 0 0 0
B@CP 1226 0.35102431 -0.0225538439 -0.222278386 0 0 0
B@CP 1232 -0.127895324 -0.398684095 -0.248039501 0 0 0
B@CP 1238 0.0974178944 -0.143912677 -0.154067875 0 0 0
B@CP 1242 -0.0740291263 0.423059084 -0.0222049612 0 0 0
B@CP 1243 -0.0387168344 0.0350963316 0.344469823 0 0 0
B@CP 1246 0.0817323548 0.0740471428 0.10894312 0 0 0
B@CP 1247 -0.11164811 -0.223654333 -0.255623182 0 0 0
B@CP 1250 0.205609373 -0.226126844 0.0830667768 0 0 0
B@CP 1253 -0.285289546 -0.178876593 -0.187884743 0 0 0
B@CP 1255 0.125754407 0.0885697627 -0.424460629 0 0 0
B@CP 1256 -0.0168713716 0.0451698844 -0.367901232 0 0 0
B@CP 1257 -0.258251417 -0.180876799 0.250575625 0 0 0
B@CP 1259 -0.208375826 0.126221729 0.384700527 0 0 0
B@CP 1263 -0.0782548369 0.166002481 0.417648826 0 0 0
B@CP 1264 0.0169887191 -0.321742573 -0.030750553 0 0 0
B@CP 1268 -0.215438568 0.0379131496 -0.313587394 0 0 0
B@CP 1269 -0.163207991 0.109707856 0.389702613 0 0 0
B@CP 1273 -0.178681222 -0.0750266968 0.000349458271 0 0 0
B@CP 1274 -0.364386558 -0.131738798 -0.22490813 0 0 0
B@CP 1275 0.120685335 -0.240263836 -0.382226031 0 0 0
B@CP 1276 0.234475798 -0.172800119 -0.285993614 0 0 0
B@CP 1282 -0.203045023 -0.177143592 -0.240903583 0 0 0
B@CP 1283 -0.426644471 0.0689196448 -0.0999853182 0 0 0
B@CP 1284 -0.183730122 0.189745373 -0.091330203 0 0 0
B@CP 1291 0.129605334 0.172193545 0.112050957 0 0 0
B@CP 1292 -0.0612337117 -0.402364128 -0.1493654 0 0 0
B@CP 1305 -0.103107369 -0.344835348 0.287248113 0 0 0
B@CP 1308 0.176200651 0.211343689 0.135886169 0 0 0
B@CP 1312 -0.260972016 -0.113834807 -0.0633810972 0 0 0
B@CP 1313 -0.136574749 0.121559551 0.351096568 0 0 0
B@CP 1316 0.0252812984 0.432154879 0.0873466614 0 0 0
B@CP 1317 0.0492232547 -0.186253543 0.27950096 0 0 0
B@CP 1324 0.117189606 -0.161846224 0.188509872 0 0 0
B@CP 1326 -0.153407643 0.262384059 0.200378156 0 0 0
B@CP 1329 0.320448131 0.0171907497 0.11101835 0 0 0
B@CP 1331 0.00319306789 -0.219393864 0.00373458596 0 0 0
B@CP 1333 0.314412969 -0.0546519446 -0.249406613 0 0 0
B@CP 1340 0.118179464 -0.0902049776 0.0758500356 0 0 0
B@CP 1344 0.00772000453 -0.349232848 -0.278044021 0 0 0
B@CP 1348 0.178554155 -0.239191136 0.162067804 0 0 0
B@CP 1350 0.0183890113 -0.396403152 -0.142320788 0 0 0
B@CP 1355 -0.06866207 0.150515798 -0.105658928 0 0 0
B@CP 1360 -0.26665639 -0.249724052 -0.00716237271 0 0 0
B@CP 1361 -0.232214745 -0.307924286 0.168106051 0 0 0
B@CP 1362 0.211669678 -0.258900057 -0.038108963 0 0 0
B@CP 1365 -0.150778508 0.223667767 0.0809423038 0 0 0
B@CP 1367 0.280519336 -0.0829587819 -0.289169742 0 0 0
B@CP 1368 0.227456158 -0.0700258652 -0.241594864 0 0 0
B@CP 1370 0.154448726 0.0384469694 -0.278682005 0 0 0
B@CP 1371 0.0915271495 -0.184040193 0.318699426 0 0 0
B@CP 1376 -0.195749763 0.0328977404 -0.375569588 0 0 0
B@CP 1380 -0.0240051243 0.0941664079 -0.445821973 0 0 0
B@CP 1391 0.0372666699 -0.0964564561 0.0478338967 0 0 0
B@CP 1393 -0.305458001 -0.272328601 0.216213586 0 0 0
B@CP 1395 -0.0320196092 0.344680559 0.114605682 0 0 0
B@CP 1396 -0.0615769095 0.390285229 -0.201580779 0 0 0
B@CP 1397 0.206848132 -0.377462968 -0.176932168 0 0 0
B@CP 1402 0.314990069 -0.133435616 -0.176876105 0 0 0
B@CP 1404 -0.0235866388 -0.201766256 -0.326646793 0 0 0
B@CP 1406 -0.0730875798 -0.104305659 0.259156766 0 0 0
B@CP 1410 -0.0802696705 0.0111629686 -0.423588374 0 0 0
B@CP 1413 0.102941333 0.363606334 0.00512088961 0 0 0
B@CP 1416 0.178750416 -0.0546182246 0.120719036 0 0 0
B@CP 1417 -0.342195957 -0.221248012 0.107468085 0 0 0
B@CP 1419 -0.0763088831 -0.349524124 -0.0341934042 0 0 0
B@CP 1428 -0.323048881 0.0848728991 0.0343969302 0 0 0
B@CP 1430 -0.00216763199 -0.040350553 -0.0407507849 0 0 0
B@CP 1431 0.158266654 0.0434856516 0.213011561 0 0 0
B@CP 1435 0.426658145 0.134209395 0.0243993382 0 0 0
B@CP 1437 -0.0983092017 -0.0563355525 -0.406999363 0 0 0
B@CP 1443 -0.26236371 -0.100903439 0.319879171 0 0 0
B@CP 1445 0.193402755 0.101844591 -0.104606482 0 0 0
B@CP 1446 0.430605359 0.105420704 0.00532937036 0 0 0
B@CP 1453 -0.12959681 -0.28165039 -0.334255143 0 0 0
B@CP 1454 -0.134293546 0.302623856 0.19991982 0 0 0
B@CP 1456 -0.0988400488 -0.0164590216 0.137737856 0 0 0
B@CP 1461 0.144776383 -0.317254834 -0.288344386 0 0 0
B@CP 1462 -0.110012126 -0.0346534685 -0.36702766 0 0 0
B@CP 1463 -0.0466872236 0.394640273 0.0909243272 0 0 0
B@CP 1467 0.0137078935 0.224504498 -0.380773958 0 0 0
B@CP 1469 -0.224672726 -0.0869286605 0.260980698 0 0 0
B@CP 1472 -0.151429354 -0.0551014593 0.241207385 0 0 0
B@CP 1473 -0.291684345 0.108845209 0.132787311 0 0 0
B@CP 1477 0.122834008 0.179452142 0.0780589911 0 0 0
B@CP 1478 0.0471721916 -0.115454165 0.375748642 0 0 0
B@CP 1481 0.165394397 -0.294647463 0.271092183 0 0 0
B@CP 1484 -0.119553678 -0.409378515 -0.00306742389 0 0 0
B@CP 1486 -0.0591176421 -0.164439348 0.148358876 0 0 0
B@CP 1487 0.0575410939 0.329483972 0.120626497 0 0 0
B@CP 1488 0.105481973 0.311833558 0.0351294344 0 0 0
B@CP 1492 0.233986126 -0.364214264 0.00579845918 0 0 0
B@CP 1493 -0.138061438 0.263693121 0.00210042185 0 0 0
B@CP 1495 0.126730201 -0.100258972 -0.292814696 0 0 0
B@CP 1499 -0.370042147 -0.247202983 -0.0339084111 0 0 0
B@CP 1501 0.327782074 0.063363577 -0.327199517 0 0 0
B@CP 1503 -0.0929688725 -0.0693707495 -0.35117798 0 0 0
B@CP 1506 0.228696636 0.29990957 0.160667194 0 0 0
B@CP 1507 0.206176447 0.287323326 -0.251142143 0 0 0
B@CP 1508 0.210163296 0.0960489346 -0.0904152016 0 0 0
B@CP 1512 -0.335260496 -0.154512392 0.115032597 0 0 0
B@CP 1516 -0.152999569 0.155881717 0.308406503 0 0 0
B@CP 1518 -0.0970817835 0.112849721 0.172124522 0 0 0
B@CP 1523 0.296348967 -0.298249691 0.191475634 0 0 0
B@CP 1524 -0.0167616891 0.102759989 -0.0734816073 0 0 0
B@CP 1526 0.143699675 -0.338530244 -0.0116931953 0 0 0
B@CP 1530 0.423480512 -0.0841271193 -0.075318979 0 0 0
B@CP 1531 -0.159362337 0.43322518 -0.055025226 0 0 0
B@CP 1532 -0.273716256 -0.227583585 -0.0658826959 0 0 0
B@CP 1534 0.153367793 0.209895324 -0.203564042 0 0 0
B@CP 1535 0.0673825776 0.266967331 -0.0654829575 0 0 0
B@CP 1536 0.0244447889 -0.413436613 0.0302753835 0 0 0
B@CP 1541 -0.310052809 -0.0849625804 0.221367781 0 0 0
B@CP 1542 -0.187275312 0.0153033642 -0.149189803 0 0 0
B@CP 1543 -0.187669093 -0.392145834 0.14832329 0 0 0
B@CP 1546 0.103441186 -0.129782586 0.102076682 0 0 0
B@CP 1556 -0.174017117 0.071947752 -0.355968744 0 0 0
B@CP 1557 -0.104279119 0.329169545 0.189013576 0 0 0
B@CP 1558 0.350335762 0.204071131 0.116913765 0 0 0
B@CP 1565 -0.0139275168 0.161580114 -0.292959562 0 0 0
B@CP 1568 0.00493625894 0.27755745 0.0347292852 0 0 0
B@CP 1573 -0.271914001 0.0663000134 -0.330124321 0 0 0
B@CP 1578 0.383130204 0.210236342 0.0281692245 0 0 0
B@CP 1586 -0.355313046 -0.258487769 0.169233191 0 0 0
B@CP 1597 0.17205739 0.373962681 0.108539702 0 0 0
B@CP 1599 0.0674284946 -0.0273372695 -0.373709346 0 0 0
B@CP 1600 -0.0583293681 -0.344205397 0.196453914 0 0 0
B@CP 1602 -0.240173045 -0.363400733 0.0399903951 0 0 0
B@CP 1603 -0.0102456162 0.230676461 0.38865577 0 0 0
B@CP 1604 -0.0624680668 0.0291141517 0.342623724 0 0 0
B@CP 1605 -0.245062938 -0.294888433 -0.122783752 0 0 0
B@CP 1611 0.0666628686 -0.246091992 -0.098737039 0 0 0
B@CP 1625 -0.166371661 -0.137383642 -0.263541029 0 0 0
B@CP 1635 0.259036626 -0.343331173 0.0316078044 0 0 0
B@CP 1637 0.0464078884 0.251516175 -0.0847551077 0 0 0
B@CP 1638 -0.234078665 -0.187215535 0.11098323 0 0 0
B@CP 1640 -0.0196040618 0.448819151 0.0597395577 0 0 0
B@CP 1641 -0.0503029595 0.411310757 0.162932131 0 0 0
B@CP 1646 0.05735514 0.154557115 -0.191424242 0 0 0
B@CP 1650 -0.00545483927 0.253746458 -0.0225578748 0 0 0
B@CP 1651 0.222483658 0.133782907 -0.073954758 0 0 0
B@CP 1652 -0.0877225833 0.0241940197 0.0713436992 0 0 0
B@CP 1656 0.0813671792 0.116179116 -0.401966686 0 0 0
B@CP 1665 0.397098807 -0.137874032 0.115951637 0 0 0
B@CP 1670 -0.226524214 0.0604214254 -0.377133584 0 0 0
B@CP 1671 -0.17273923 -0.168266918 0.05470015 0 0 0
B@CP 1674 0.33683462 -0.232969043 -0.140248475 0 0 0
B@CP 1676 -0.248996104 -0.300518148 -0.214040374 0 0 0
B@CP 1681 0.0468432068 0.0149465372 0.0457366697 0 0 0
B@CP 1684 -0.191421019 0.134629335 0.214935528 0 0 0
B@CP 1687 0.411653534 0.117078005 0.0542250106 0 0 0
B@CP 1690 0.184255328 0.0236475873 -0.263946488 0 0 0
B@CP 1692 0.197897978 -0.0889631527 0.105212429 0 0 0
B@CP 1693 0.171781554 0.300667269 0.172535381 0 0 0
B@CP 1695 0.259865666 -0.212102538 -0.206202805 0 0 0
B@CP 1696 0.063551648 0.184488266 -0.20502558 0 0 0
B@CP 1697 0.000766541621 -0.0988293402 0.100812322 0 0 0
B@CP 1698 0.332593931 -0.113388172 -0.212462528 0 0 0
B@CP 1699 -0.149566443 -0.267429106 0.157163919 0 0 0
B@CP 1702 -0.322790332 -0.0865970948 -0.282561552 0 0 0
B@CP 1707 -0.0695896966 0.159540354 0.388132742 0 0 0
B@CP 1708 0.125497752 -0.244897557 -0.0160200636 0 0 0
B@CP 1710 0.305244155 0.361471969 -0.0414771712 0 0 0
B@CP 1714 -0.0534465529 -0.197440035 -0.0289596583 0 0 0
B@CP 1715 0.3111329 -0.243087716 0.194552757 0 0 0
B@CP 1724 0.0426645553 0.0417830861 0.0489682492 0 0 0
B@CP 1725 0.414140627 -0.169967358 -0.0440648085 0 0 0
B@CP 1726 -0.098495389 0.286626165 -0.0448985165 0 0 0
B@CP 1731 0.0303656897 0.203135378 0.276297828 0 0 0
B@CP 1733 0.0651650099 0.063019249 -0.438835301 0 0 0
B@CP 1735 -0.0120984325 0.0302055744 -0.128559552 0 0 0
B@CP 1741 0.0940739889 -0.0410174361 0.0564772618 0 0 0
B@CP 1742 0.342932438 0.0341189544 -0.205901574 0 0 0
B@CP 1745 -0.264438518 0.114927583 -0.0284979382 0 0 0
B@CP 1747 -0.123925327 -0.153919413 0.399457111 0 0 0
B@CP 1750 0.237358317 0.19688739 0.251504946 0 0 0
B@CP 1751 0.272152729 0.0487343624 0.0185013985 0 0 0
B@CP 1755 -0.217434198 -0.0351229212 -0.366188661 0 0 0
B@CP 1757 0.258934569 -0.0470053624 0.202618372 0 0 0
B@CP 1762 -0.300201169 -0.0552249954 -0.338080044 0 0 0
B@CP 1767 -0.0629416233 0.0723960378 0.0796550397 0 0 0
B@CP 1770 -0.391121707 -0.0792498454 -0.0497912586 0 0 0
B@CP 1778 -0.135387064 0.275544345 0.336807629 0 0 0
B@CP 1779 -0.20043891 0.267061529 0.329289067 0 0 0
B@CP 1782 0.176188618 0.350910529 0.21761722 0 0 0
B@CP 1784 0.278710497 0.0269255978 -0.317025086 0 0 0
B@CP 1793 -0.412172386 0.11346443 -0.0013518753 0 0 0
B@CP 1800 -0.148525782 0.302487108 0.0650120802 0 0 0
B@CP 1803 0.145898163 -0.0795462261 0.0375590445 0 0 0
B@CP 1804 -0.256955852 0.163265345 -0.181638936 0 0 0
B@CP 1814 -0.204346466 0.213056925 -0.0531309604 0 0 0
B@CP 1816 -0.139504299 -0.180522292 0.348927867 0 0 0
B@CP 1820 0.0141015073 -0.275237882 0.101233457 0 0 0
B@CP 1822 -0.346409471 0.0741058305 0.180341745 0 0 0
B@CP 1827 -0.0334070369 -0.0747515945 0.0888559216 0 0 0
B@CP 1828 -0.261538423 -0.293459532 -0.179972588 0 0 0
B@CP 1835 0.303839176 -0.204852918 -0.255634356 0 0 0
B@CP 1837 0.0692043551 0.35563496 -0.0473997985 0 0 0
B@CP 1842 -0.231681759 0.136347085 -0.175371119 0 0 0
B@CP 1843 0.0418017598 0.370059969 0.0668675891 0 0 0
B@CP 1845 -0.0022035819 -0.16016771 0.079029724 0 0 0
B@CP 1848 -0.111152725 -0.380540772 -0.245036883 0 0 0
B@CP 1852 -0.232461958 0.000835485765 -0.0495577337 0 0 0
B@CP 1856 -0.107253158 -0.187951247 0.120533284 0 0 0
B@CP 1858 0.254729521 0.127306543 0.0994115504 0 0 0
B@CP 1859 -0.097214574 -0.0266789654 0.345416642 0 0 0
B@CP 1862 0.0478798793 -0.297844201 -0.0214598954 0 0 0
B@CP 1863 -0.323509077 0.0267675058 -0.290028956 0 0 0
B@CP 1864 0.0783479209 0.332927101 0.0772476499 0 0 0
B@CP 1867 0.0114012256 -0.0491145729 -0.13738892 0 0 0
B@CP 1871 -0.00940388507 0.223908172 0.153537622 0 0 0
B@CP 1873 -0.341873858 -0.0435623411 -0.17052188 0 0 0
B@CP 1876 -0.232214202 0.0580511211 -0.397645879 0 0 0
B@CP 1878 -0.273116969 0.104468428 -0.10784048 0 0 0
B@CP 1883 0.324490838 0.24321323 0.18134737 0 0 0
B@CP 1886 -0.0838927833 -0.321399107 -0.334347467 0 0 0
B@CP 1891 -0.0516251594 0.14271674 0.413151163 0 0 0
B@CP 1893 -0.0175176202 0.41660751 0.00558625351 0 0 0
B@CP 1894 -0.098808515 0.104769796 0.311431865 0 0 0
B@CP 1897 0.112482021 0.316229818 0.236851943 0 0 0
B@CP 1901 0.368889953 0.0646405709 0.0965610843 0 0 0
B@CP 1903 0.201662982 -0.202868015 -0.0179004057 0 0 0
B@CP 1905 -0.13162469 -0.210041738 -0.0974022557 0 0 0
B@CP 1908 -0.268453728 -0.0270929377 0.204763323 0 0 0
B@CP 1913 0.205280624 -0.208726443 0.269275519 0 0 0
B@CP 1914 -0.13076878 -0.00205181782 0.365979851 0 0 0
B@CP 1918 0.269034806 0.153613533 -0.203167292 0 0 0
B@CP 1919 -0.188616549 0.105075105 0.0927762005 0 0 0
B@CP 1924 0.270427315 0.210530739 -0.199314292 0 0 0
B@CP 1926 -0.290334455 0.181431234 -0.168962656 0 0 0
B@CP 1927 0.392295889 -0.240704059 0.102181459 0 0 0
B@CP 1929 0.107021418 -0.173434333 0.0840383402 0 0 0
B@CP 1936 0.301326828 -0.264046093 0.227037683 0 0 0
B@CP 1940 0.147757388 0.276768473 0.0617790719 0 0 0
B@CP 1941 -0.328487847 -0.0420227132 -0.30655196 0 0 0
B@CP 1944 -0.0529717534 0.300216567 0.00776067551 0 0 0
B@CP 1945 0.335558955 -0.0725421578 0.0766476079 0 0 0
B@CP 1948 -0.390425078 -0.179301616 -0.0837242786 0 0 0
B@CP 1949 0.0308082682 0.053029434 -0.335420264 0 0 0
B@CP 1953 -0.0966241197 0.1670939 -0.360886308 0 0 0
B@CP 1958 0.254963149 0.349435504 -0.0392614416 0 0 0
B@CP 1959 0.287752435 -0.0836506782 0.321707188 0 0 0
B@CP 1961 0.205092069 0.125551841 0.123182316 0 0 0
B@CP 1963 0.0549963081 0.227200597 -0.0939271396 0 0 0
B@CP 1964 0.332460192 0.154689899 -0.0967689493 0 0 0
B@CP 1966 -0.154835784 0.220621838 -0.321118756 0 0 0
B@CP 1968 0.322163278 -0.328278265 -0.0667050621 0 0 0
B@CP 1969 -0.123841145 -0.226053382 -0.158608322 0 0 0
B@CP 1970 -0.209573806 0.323076779 0.160874053 0 0 0
B@CP 1972 -0.0401085562 0.248344301 0.036266633 0 0 0
B@CP 1973 0.291487171 0.334651699 -0.0152952793 0 0 0
B@CP 1978 0.1674556 -0.277573371 0.101407621 0 0 0
B@CP 1979 0.199148567 0.0156368481 0.22479087 0 0 0
B@CP 1987 0.00559796483 0.339176061 0.302262772 0 0 0
B@CP 1989 0.119880061 0.231139953 0.313138405 0 0 0
B@CP 1992 -0.121518174 -0.210227013 0.272797818 0 0 0
B@CP 1996 -0.221446086 -0.320664111 0.236049804 0 0 0
B@CP 1997 0.253386287 -0.298761984 0.164492375 0 0 0
B@CP 2003 0.121720479 -0.303149247 0.23880842 0 0 0
B@CP 2006 0.0331822253 -0.0761935871 -0.196038433 0 0 0
B@CP 2008 -0.0476020689 0.389309712 0.0427694302 0 0 0
B@CP 2009 -0.243521651 0.185286581 -0.237843908 0 0 0
B@CP 2011 -0.239215459 -0.220044411 0.243014627 0 0 0
B@CP 2013 -0.18222793 0.36877569 -0.169347064 0 0 0
B@CP 2014 0.0145271186 -0.380991967 0.0784474082 0 0 0
B@CP 2015 -0.0747164583 0.0990150093 0.328778395 0 0 0
B@CP 2016 -0.287465795 -0.173468956 0.109243521 0 0 0
B@CP 2020 -0.268316394 -0.333295756 0.0554446013 0 0 0
B@CP 2024 0.179481562 -0.13116917 0.377966992 0 0 0
B@CP 2025 0.00161510025 0.26488027 -0.144485569 0 0 0
B@CP 2027 0.0196758555 0.235710292 -0.215162062 0 0 0
B@CP 2028 0.339918309 0.177456154 -0.169285778 0 0 0
B@CP 2035 -0.114368531 -0.143567305 -0.297752955 0 0 0
B@CP 2039 -0.0827475227 -0.219822838 -0.121607567 0 0 0
B@CP 2041 -0.356845876 -0.0489496504 0.140710941 0 0 0
B@CP 2043 -0.0449641277 -0.1065511 0.416546546 0 0 0
B@CP 2044 -0.443046693 -0.0364248447 0.119499213 0 0 0
B@CP 2045 0.307710377 -0.234686293 -0.204630813 0 0 0
B@CP 2062 0.133064196 0.287658036 -0.100557293 0 0 0
B@CP 2063 0.12557012 -0.385434182 -0.0598549725 0 0 0
B@CP 2066 -0.232707233 -0.00669251974 -0.285025539 0 0 0
B@CP 2068 0.316867718 -0.290551632 -0.0353852768 0 0 0
B@CP 2072 0.135274941 -0.0660998813 -0.401334408 0 0 0
B@CP 2074 0.0366836254 0.252414566 -0.334699656 0 0 0
B@CP 2076 0.322470199 -0.160804155 0.25141611 0 0 0
B@CP 2079 -0.264082551 -0.113644625 -0.0110107988 0 0 0
B@CP 2086 -0.309924825 -0.11171699 0.175401486 0 0 0
B@CP 2088 -0.178333734 0.394940939 0.197875972 0 0 0
B@CP 2092 0.254649561 0.0549655258 0.373108123 0 0 0
B@CP 2093 -0.324593925 -0.0322392885 0.0888169497 0 0 0
B@CP 2099 0.259982956 -0.365803431 0.0485228855 0 0 0
B@CP 2107 0.205211373 -0.0615956362 0.0124021778 0 0 0
B@CP 2114 -0.0583077154 0.277754367 -0.284710511 0 0 0
B@CP 2115 0.350793199 -0.153854149 0.254844772 0 0 0
B@CP 2117 -0.40608705 -0.0708507704 0.000628215912 0 0 0
B@CP 2119 0.286096102 0.0779057889 0.189628435 0 0 0
B@CP 2120 -0.178344691 -0.137850054 -0.248963343 0 0 0
B@CP 2122 -0.134169086 0.287210905 -0.279692548 0 0 0
B@CP 2126 0.139900352 0.00476199071 0.410939264 0 0 0
B@CP 2130 -0.33173863 -0.0140397567 -0.208564384 0 0 0
B@CP 2131 -0.00503698706 -0.144284287 0.381689828 0 0 0
B@CP 2132 -0.229823638 0.266218731 0.0842885318 0 0 0
B@CP 2134 -0.374325349 0.042503154 0.170485765 0 0 0
B@CP 2136 -0.0523661405 -0.39953146 0.205219063 0 0 0
B@CP 2137 -0.399285919 0.195891712 0.03984698 0 0 0
B@CP 2138 -0.239416157 0.14787427 -0.31321386 0 0 0
B@CP 2143 0.149813282 0.00836027146 -0.302968555 0 0 0
B@CP 2151 -0.0459545454 -0.386754161 -0.0752389669 0 0 0
B@CP 2152 -0.0304103505 -0.187653868 0.196501429 0 0 0
B@CP 2163 -0.153515758 -0.0667548729 -0.373285732 0 0 0
B@CP 2169 -0.267446258 0.0901523161 -0.0815939604 0 0 0
B@CP 2174 -0.176325635 0.0158693284 0.294430042 0 0 0
B@CP 2175 0.1446722 -0.336011744 0.206130521 0 0 0
B@CP 2177 0.115980916 -0.431005428 -0.0629183519 0 0 0
B@CP 2183 -0.141514957 -0.0151141874 -0.0177605065 0 0 0
B@CP 2184 -0.0998204551 0.0348084595 0.411201174 0 0 0
B@CP 2195 0.31343472 0.214120534 -0.00336258008 0 0 0
B@CP 2201 -0.146738366 -0.0935060634 -0.101704736 0 0 0
B@CP 2202 0.110544599 0.319845796 0.121263818 0 0 0
B@CP 2205 0.234225192 -0.0616751854 -0.36619302 0 0 0
B@CP 2206 0.41288563 -0.0590647939 -0.00373437587 0 0 0
B@CP 2209 -0.11652239 -0.008730704 -0.299301694 0 0 0
B@CP 2211 -0.0513709592 -0.421821044 -0.118989386 0 0 0
B@CP 2212 -0.250313373 -0.0140143333 -0.0655868283 0 0 0
B@CP 2214 -0.0291785857 0.00374069543 0.1278318 0 0 0
B@CP 2215 -0.0197280935 0.373508573 0.0114486587 0 0 0
B@CP 2223 0.38227558 0.120198586 0.0352422619 0 0 0
B@CP 2225 -0.367479331 0.241912287 0.0749169489 0 0 0
B@CP 2228 -0.00995248064 0.048971968 0.0792052337 0 0 0
B@CP 2233 -0.069693117 -0.199072753 -0.314619827 0 0 0
B@CP 2245 -0.172468308 0.194444446 0.0279300023 0 0 0
B@CP 2248 -0.345136585 0.141820347 0.148288884 0 0 0
B@CP 2251 0.436780422 0.132392376 0.0763312063 0 0 0
B@CP 2253 -0.0828950458 0.324598815 -0.151894212 0 0 0
B@CP 2254 -0.0869223394 -0.291295088 0.341188533 0 0 0
B@CP 2259 0.186753228 0.389830187 0.0165006657 0 0 0
B@CP 2260 -0.178596857 0.247159161 -0.217360686 0 0 0
B@CP 2262 0.0167540969 0.19047015 -0.0719595168 0 0 0
B@CP 2265 0.250561309 0.131773608 -0.221675117 0 0 0
B@CP 2267 0.141290156 -0.348255158 -0.291620801 0 0 0
B@CP 2268 0.21298404 0.285064833 -0.288262506 0 0 0
B@CP 2272 -0.0832704001 -0.288213695 0.0357690506 0 0 0
B@CP 2273 0.00657321976 0.143388609 -0.251850935 0 0 0
B@CP 2274 -0.258226771 -0.147273596 -0.217265198 0 0 0
B@CP 2278 -0.0289330094 0.123962924 -0.378360296 0 0 0
B@CP 2279 0.414295682 -0.0049709418 0.189710126 0 0 0
B@CP 2280 0.269459966 -0.242365783 0.152831527 0 0 0
B@CP 2281 -0.218160406 0.0221774521 -0.363355678 0 0 0
B@CP 2283 -0.21683298 0.362700494 -0.149386056 0 0 0
B@CP 2285 0.0254728319 0.366411168 0.24766217 0 0 0
B@CP 2291 -0.00974391436 -0.215326734 0.372595106 0 0 0
B@CP 2293 -0.397506803 -0.00137860665 0.0218385431 0 0 0
B@CP 2294 0.0385415908 -0.0400808102 -0.232232352 0 0 0
B@CP 2299 0.0777252076 -0.128501583 0.187403613 0 0 0
B@CP 2301 0.186651947 -0.154257439 0.226311307 0 0 0
B@CP 2310 -0.018827623 0.282362845 -0.105227613 0 0 0
B@CP 2313 0.144906173 -0.0816539866 0.31252166 0 0 0
B@CP 2316 -0.114791826 -0.151829916 0.148187483 0 0 0
B@CP 2318 0.297010976 0.0984983244 -0.175620447 0 0 0
B@CP 2319 -0.228934863 -0.100055437 0.350532082 0 0 0
B@CP 2321 0.360149155 -0.180144942 -0.237591179 0 0 0
B@CP 2323 0.12204527 -0.110263792 0.0232667814 0 0 0
B@CP 2325 -0.0124721176 0.159040208 0.0374891971 0 0 0
B@CP 2332 0.0245107075 -0.380171973 0.209803989 0 0 0
B@CP 2339 0.00765259294 0.0585189748 0.349099459 0 0 0
B@CP 2343 0.0174637974 -0.24780872 -0.182095581 0 0 0
B@CP 2345 0.031434191 0.0658070052 0.0897215146 0 0 0
B@CP 2346 0.033323701 -0.350025278 0.129919376 0 0 0
B@CP 2347 -0.283592175 0.311607867 -0.138479259 0 0 0
B@CP 2348 0.126217993 -0.351507824 -0.0112898594 0 0 0
B@CP 2349 -0.0956037408 0.00462621351 -0.310966728 0 0 0
B@CP 2354 0.104094902 -0.369510757 0.182849164 0 0 0
B@CP 2355 0.132162962 -0.136031199 -0.000738228502 0 0 0
B@CP 2360 0.197420114 -0.285794801 -0.000271462131 0 0 0
B@CP 2361 0.069094675 -0.171009447 -0.355599527 0 0 0
B@CP 2365 -0.0648694268 -0.223495356 -0.374984246 0 0 0
B@CP 2369 -0.203490058 -0.2114868 0.103732635 0 0 0
B@CP 2374 0.347653835 -0.131331972 -0.245478095 0 0 0
B@CP 2376 0.40390955 0.10391841 0.0888883736 0 0 0
B@CP 2378 0.266385864 -0.184726872 0.221571449 0 0 0
B@CP 2379 -0.255235886 -0.0264207253 -0.0819177673 0 0 0
B@CP 2381 -0.0367424982 -0.288456366 0.142431168 0 0 0
B@CP 2389 -0.0264903144 -0.312337848 -0.0492568875 0 0 0
B@CP 2390 0.312013009 0.142290235 0.119434327 0 0 0
B@CP 2394 -0.211251742 -0.0373069223 -0.172253469 0 0 0
B@CP 2395 0.209828229 0.40317736 0.00647621627 0 0 0
B@CP 2396 -0.202882773 0.335374203 -0.209467138 0 0 0
B@CP 2398 -0.112260937 -0.104575739 -0.17880914 0 0 0
B@CP 2407 -0.329785646 0.117198722 0.246974861 0 0 0
B@CP 2409 -0.405919846 0.0729555902 -0.207573974 0 0 0
B@CP 2413 0.179131932 0.225774158 0.143949205 0 0 0
B@CP 2414 0.0164195769 0.320599532 -0.123080794 0 0 0
B@CP 2415 0.442348858 -0.0808641744 0.0567219207 0 0 0
B@CP 2421 0.0523510928 0.00435072759 -0.307354861 0 0 0
B@CP 2423 -0.176255334 0.0750558459 0.130515502 0 0 0
B@CP 2428 0.119572809 0.379991012 -0.262836492 0 0 0
B@CP 2431 -0.155255367 0.296302578 0.223946661 0 0 0
B@CP 2432 0.404174694 -0.158252733 -0.0279505945 0 0 0
B@CP 2435 -0.0731087775 -0.267615477 0.110340491 0 0 0
B@CP 2437 0.203249622 0.329228709 -0.16728285 0 0 0
B@CP 2438 -0.146211967 0.22214183 0.213907664 0 0 0
B@CP 2439 0.113795227 -0.170104224 -0.292242116 0 0 0
B@CP 2440 -0.0903921783 0.0793395141 -0.432144593 0 0 0
B@CP 2444 -0.0718802486 0.117737495 -0.353721067 0 0 0
B@CP 2445 -0.39282808 -0.180870562 -0.0857685494 0 0 0
B@CP 2451 -0.136693314 0.396677424 0.0378692505 0 0 0
B@CP 2455 0.11468568 -0.183502808 -0.402209436 0 0 0
B@CP 2459 0.280394624 0.252418801 -0.0560176975 0 0 0
B@CP 2462 0.252649508 -0.285745391 0.202453093 0 0 0
B@CP 2463 0.00434787293 -0.0430768027 0.19255406 0 0 0
B@CP 2465 0.0279692166 -0.149301659 -0.261373801 0 0 0
B@CP 2467 -0.00107908049 0.211144347 -0.354071309 0 0 0
B@CP 2471 -0.336898934 -0.240898043 0.201229157 0 0 0
B@CP 2472 -0.0910028333 0.429983584 0.0873606457 0 0 0
B@CP 2477 -0.221745102 0.243553586 0.32615169 0 0 0
B@CP 2478 -0.164368106 0.0618783087 0.0566520771 0 0 0
B@CP 2486 0.106510257 -0.2500337 -0.000939199848 0 0 0
B@CP 2488 0.127270518 -0.181529673 -0.0532635332 0 0 0
B@CP 2490 -0.0637569795 0.114572118 0.240439029 0 0 0
B@CP 2496 0.229451342 0.217869748 0.1702585 0 0 0
B@CP 2499 -0.171776786 -0.382575697 -0.0557474822 0 0 0
C@CP 2500 -0.0528860971 -0.056425834 -0.182500441 0 0 0
C@CP 2501 -0.137673475 0.0342849358 -0.222071802 0 0 0
C@CP 2502 0.126465628 0.431272861 0.122096324 0 0 0
C@CP 2503 0.369496805 0.132380541 0.0810873335 0 0 0
C@CP 2504 0.049538991 -0.143949144 0.0625735617 0 0 0
C@CP 2505 -0.251070285 0.116615832 0.248440198 0 0 0
C@CP 2506 -0.191599239 0.286543585 -0.30782324 0 0 0
C@CP 2507 0.249466454 -0.116295274 -0.00927335861 0 0 0
C@CP 2508 0.0196333229 0.127729921 -0.2852767 0 0 0
C@CP 2509 -0.113763403 0.30990713 0.035279129 0 0 0
C@CP 2510 -0.173068514 0.0597002063 -0.0574835966 0 0 0
C@CP 2511 -0.0589279173 0.360066088 0.0582326757 0 0 0
C@CP 2512 0.147051217 0.144503424 0.233979619 0 0 0
C@CP 2513 0.256856195 -0.170671237 0.0687947952 0 0 0
C@CP 2514 0.241084329 0.334937727 -0.0526091388 0 0 0
C@CP 2515 -0.292976358 0.359159098 0.00878132934 0 0 0
C@CP 2516 0.1740854 0.215743724 0.0159082219 0 0 0
C@CP 2517 -0.0169191651 -0.283698248 0.336479369 0 0 0
C@CP 2518 0.424587771 -0.0529869644 0.0221665088 0 0 0
C@CP 2519 -0.00322464747 0.0195528713 0.240214136 0 0 0
C@CP 2520 0.107561309 0.105732663 0.298970316 0 0 0
C@CP 2521 0.265861087 0.164284353 -0.255138797 0 0 0
C@CP 2522 -0.330920488 -0.210012568 0.00264754575 0 0 0
C@CP 2523 0.323065558 0.294087921 0.13674702 0 0 0
C@CP 2524 -0.00231507327 0.0764916789 0.358967758 0 0 0
C@CP 2525 0.176231344 -0.0570337626 -0.165739942 0 0 0
C@CP 2526 0.0371087084 0.124546918 0.163318464 0 0 0
C@CP 2527 0.318064412 0.0986351074 0.00646689623 0 0 0
C@CP 2528 0.233974526 -0.0217676225 0.168266855 0 0 0
C@CP 2529 -0.175130512 0.225252645 -0.173244197 0 0 0
C@CP 2530 -0.124148403 -0.0572579475 -0.417547938 0 0 0
C@CP 2531 0.0309715211 -0.26417796 0.121326502 0 0 0
C@CP 2532 -0.367271782 -0.154809789 0.0561549992 0 0 0
C@CP 2533 0.294881301 -0.23755434 -0.0193011038 0 0 0
C@CP 2534 -0.0382043391 -0.279267799 0.345161779 0 0 0
C@CP 2535 0.10277549 -0.223267855 0.101440011 0 0 0
C@CP 2536 -0.1419512 0.0128832909 0.120454776 0 0 0
C@CP 2537 0.20686841 0.309276005 0.0637864951 0 0 0
C@CP 2538 -0.274039153 -0.220982414 0.206399019 0 0 0
C@CP 2539 -0.131789112 -0.0333570062 -0.181143703 0 0 0
C@CP 2540 -0.119107732 0.11787127 -0.0260509783 0 0 0
C@CP 2541 -0.412999415 -0.123841147 0.159582078 0 0 0
C@CP 2542 -0.0742426766 -0.322229913 -0.0652142781 0 0 0
C@CP 2543 -0.414530755 -0.134559247 0.117971085 0 0 0
C@CP 2544 0.32648716 0.226374925 -0.234294687 0 0 0
C@CP 2545 0.30810962 0.202086971 -0.210721674 0 0 0
C@CP 2546 0.0161088585 0.02236152 -0.00341097555 0 0 0
C@CP 2547 0.115904543 -0.23398705 -0.161593892 0 0 0
C@CP 2548 -0.180771147 0.245114098 0.17034438 0 0 0
C@CP 2549 0.118631891 0.287324417 0.338862291 0 0 0
C@CP 2550 0.0552139943 0.100537917 -0.0183854477 0 0 0
C@CP 2551 -0.150947182 -0.375019906 0.232207964 0 0 0
C@CP 2552 0.0796174219 0.0213602885 0.142670358 0 0 0
C@CP 2553 0.102423946 -0.100946246 0.0543724196 0 0 0
C@CP 2554 -0.287679349 -0.0492109908 0.276121785 0 0 0
C@CP 2555 0.110076106 0.359807213 0.22837373 0 0 0
C@CP 2556 -0.46501911 0.0421202708 -0.0666945027 0 0 0
C@CP 2557 0.386748486 0.149855852 -0.139344322 0 0 0
C@CP 2558 0.202098215 -0.154606499 0.157484475 0 0 0
C@CP 2559 -0.0206757866 0.343318552 -0.259047976 0 0 0
C@CP 2560 -0.0703202745 -0.169668615 0.384560334 0 0 0
C@CP 2561 0.0770007673 0.0616875037 -0.281866551 0 0 0
C@CP 2562 -0.0176379807 0.0933366812 0.344315715 0 0 0
C@CP 2563 -0.145486232 -0.180563169 -0.374863337 0 0 0
C@CP 2564 -0.341605758 -0.0953403303 -0.262704256 0 0 0
C@CP 2565 -0.369452245 -0.0608536557 0.246264794 0 0 0
C@CP 2566 0.108438761 0.0816850075 0.0157561653 0 0 0
C@CP 2567 0.000553960053 -0.186383305 -0.0858855873 0 0 0
C@CP 2568 0.373388319 -0.139346601 0.038459588 0 0 0
C@CP 2569 0.414462319 0.118958955 -0.156067771 0 0 0
C@CP 2570 0.333124763 -0.161618591 0.214919855 0 0 0
C@CP 2571 0.107673788 -0.209407282 -0.329992261 0 0 0
C@CP 2572 -0.0503614092 0.432518403 -0.152441577 0 0 0
C@CP 2573 -0.139551568 0.368963029 0.14582058 0 0 0
C@CP 2574 0.381252311 -0.139342793 -0.0967160251 0 0 0
C@CP 2575 -0.149590524 0.074840007 -0.17137348 0 0 0
C@CP 2576 0.0603640561 0.257158784 -0.383367512 0 0 0
C@CP 2577 -0.191126182 0.350080385 -0.0875932222 0 0 0
C@CP 2578 -0.32464659 -0.0846662139 0.101217797 0 0 0
C@CP 2579 0.0974192617 -0.187585819 -0.0265594408 0 0 0
C@CP 2580 -0.348324454 -0.168148515 -0.246345192 0 0 0
C@CP 2581 0.252731446 0.0551509727 -0.282600171 0 0 0
C@CP 2582 0.221818451 -0.062140058 0.0295654584 0 0 0
C@CP 2583 -0.27751289 0.00737668688 0.155709765 0 0 0
C@CP 2584 0.196691257 -0.356861606 0.168617457 0 0 0
C@CP 2585 -0.333386226 0.0773405241 0.276530807 0 0 0
C@CP 2586 0.28037148 0.0199368849 0.156184254 0 0 0
C@CP 2587 0.253116274 -0.0910477433 0.147454726 0 0 0
C@CP 2588 -0.35220719 -0.148311608 0.133032291 0 0 0
C@CP 2589 0.32088392 -0.0693972379 -0.302925587 0 0 0
C@CP 2590 -0.163009967 -0.0109734301 0.0696614263 0 0 0
C@CP 2591 -0.0510738925 0.159852479 0.218471919 0 0 0
C@CP 2592 0.255966429 -0.271112597 0.168874681 0 0 0
C@CP 2593 0.30248616 0.0906825192 -0.288488516 0 0 0
C@CP 2594 0.0837412524 -0.0925365082 0.0897837145 0 0 0
C@CP 2595 -0.394761688 0.0264427415 -0.0655279318 0 0 0
C@CP 2596 0.0549166619 0.267406714 -0.201931924 0 0 0
C@CP 2597 0.13370276 -0.108754545 0.264640709 0 0 0
C@CP 2598 0.156645416 -0.0554579999 0.322446421 0 0 0
C@CP 2599 -0.314603931 -0.136621991 -0.298918069 0 0 0
C@CP 2600 0.197552545 0.191348379 -0.13339615 0 0 0
C@CP 2601 0.155449614 -0.308056208 -0.202092055 0 0 0
C@CP 2602 -0.308253273 0.0852969893 0.0824478301 0 0 0
C@CP 2603 -0.0117343694 0.0591269883 0.170880042 0 0 0
C@CP 2604 -0.210568794 0.240501965 0.220921968 0 0 0
C@CP 2605 0.227114546 0.168874532 -0.0805393887 0 0 0
C@CP 2606 -0.13745607 0.191894262 -0.156769327 0 0 0
C@CP 2607 0.0660957979 -0.164123287 -0.326028788 0 0 0
C@CP 2608 0.136083467 0.0181504959 -0.303603142 0 0 0
C@CP 2609 0.275809779 0.143180847 -0.000244030028 0 0 0
C@CP 2610 0.130876892 0.179586756 0.228908111 0 0 0
C@CP 2611 0.0442489739 0.127850686 -0.344789648 0 0 0
C@CP 2612 -0.0302975479 0.343787143 -0.148757845 0 0 0
C@CP 2613 0.24410862 -0.294031956 -0.220514708 0 0 0
C@CP 2614 0.161645911 -0.267757759 0.0242433692 0 0 0
C@CP 2615 -0.00513231942 -0.0270390423 -0.0169053046 0 0 0
C@CP 2616 -0.29431687 -0.0589601153 0.293847799 0 0 0
C@CP 2617 0.330485764 0.268600362 -0.163116231 0 0 0
C@CP 2618 -0.260096821 -0.242805381 0.0956678651 0 0 0
C@CP 2619 0.354668741 0.0406839863 0.0333200319 0 0 0
C@CP 2620 0.104534602 -0.289167136 -0.00117035539 0 0 0
C@CP 2621 -0.206249859 0.022158971 -0.0267364653 0 0 0
C@CP 2622 0.145702837 -0.32185156 -0.0917798288 0 0 0
C@CP 2623 -0.166262121 -0.0272896205 0.27542255 0 0 0
C@CP 2624 -0.101130802 -0.0480336729 0.332683147 0 0 0
C@CP 2625 0.295439725 -0.20655532 0.171104332 0 0 0
C@CP 2626 0.40781708 0.0957462144 -0.0798272509 0 0 0
C@CP 2627 -0.231063871 -0.195616606 0.0661473003 0 0 0
C@CP 2628 -0.0694416768 -0.0699151425 -0.159200276 0 0 0
C@CP 2629 0.159829781 0.305909669 -0.015880932 0 0 0
C@CP 2630 0.119720289 -0.323949188 -0.0087092162 0 0 0
C@CP 2631 -0.110401175 0.332846135 -0.245330068 0 0 0
C@CP 2632 0.0241358849 -0.270340864 -0.221260445 0 0 0
C@CP 2633 -0.200381859 -0.127270683 0.0874938958 0 0 0
C@CP 2634 -0.0427316696 0.2934739 -0.183852808 0 0 0
C@CP 2635 0.236622477 -0.278538523 0.0429138147 0 0 0
C@CP 2636 -0.224072079 0.0200233095 -0.0538809287 0 0 0
C@CP 2637 -0.353077809 0.0587535603 -0.0857851332 0 0 0
C@CP 2638 -0.0344573725 0.335839174 0.0861763332 0 0 0
C@CP 2639 -0.28464228 0.260306315 -0.0357424302 0 0 0
C@CP 2640 -0.442488412 0.0326302988 -0.107209051 0 0 0
C@CP 2641 -0.0140228011 0.312475629 0.17556674 0 0 0
C@CP 2642 0.162386622 0.0536388814 0.0945676908 0 0 0
C@CP 2643 -0.185292074 -0.0996714861 -0.0632465066 0 0 0
C@CP 2644 0.324212989 -0.0763564146 0.0885146848 0 0 0
C@CP 2645 -0.213315984 -0.136390195 0.150238815 0 0 0
C@CP 2646 0.011609023 0.0149365392 0.309047494 0 0 0
C@CP 2647 -0.327916625 0.0884930271 -0.172152827 0 0 0
C@CP 2648 -0.220018366 0.0651822189 -0.289588339 0 0 0
C@CP 2649 -0.289349564 -0.0113540826 0.323886638 0 0 0
C@CP 2650 -0.368669608 -0.045586738 -0.266979787 0 0 0
C@CP 2651 0.125117535 0.134465834 0.2226579 0 0 0
C@CP 2652 -0.431836511 0.0532730889 0.0602953936 0 0 0
C@CP 2653 0.23975341 0.218685474 0.162917694 0 0 0
C@CP 2654 -0.110917684 -0.285684818 0.249648736 0 0 0
C@CP 2655 0.00213010613 0.0551732192 -0.372799013 0 0 0
C@CP 2656 -0.276192752 0.168428513 -0.144167344 0 0 0
C@CP 2657 0.191346703 0.315480193 0.148838009 0 0 0
C@CP 2658 -0.208636129 -0.142905903 0.288597901 0 0 0
C@CP 2659 -0.332900558 -0.219436054 -0.0234891056 0 0 0
C@CP 2660 -0.0582674322 0.0639033866 -0.41993318 0 0 0
C@CP 2661 0.226599119 -0.194226615 0.289862076 0 0 0
C@CP 2662 0.147837591 -0.0505447144 0.247203879 0 0 0
C@CP 2663 0.16214491 0.140148353 -0.306983381 0 0 0
C@CP 2664 0.0481626799 0.0180730829 -0.047267817 0 0 0
C@CP 2665 -0.30916929 -0.218877847 0.246728806 0 0 0
C@CP 2666 -0.407377353 -0.0412086764 -0.207811617 0 0 0
C@CP 2667 0.166392804 -0.0790069784 -0.268424049 0 0 0
C@CP 2668 0.37617238 -0.158457412 0.171152512 0 0 0
C@CP 2669 -0.110058502 -0.292407147 0.299170843 0 0 0
C@CP 2670 0.183364879 -0.0983719692 -0.176513445 0 0 0
C@CP 2671 -0.240639127 -0.0598273603 -0.0271526735 0 0 0
C@CP 2672 0.18016571 0.12519923 -0.0603135095 0 0 0
C@CP 2673 -0.333958002 0.313141346 0.0799926859 0 0 0
C@CP 2674 -0.13922699 -0.271201243 0.277668523 0 0 0
C@CP 2675 0.044889151 0.25267693 -0.0126434635 0 0 0
C@CP 2676 0.312946308 -0.17295236 0.01785125 0 0 0
C@CP 2677 -0.0108693464 0.377554318 0.229800635 0 0 0
C@CP 2678 -0.0246533152 -0.192574713 -0.184998479 0 0 0
C@CP 2679 0.178002596 -0.398875832 -0.199137119 0 0 0
C@CP 2680 -0.0442785385 -0.290394517 -0.0433327276 0 0 0
C@CP 2681 0.0104729024 0.0332111984 -0.397929043 0 0 0
C@CP 2682 0.332360943 0.260223388 0.123806706 0 0 0
C@CP 2683 0.313870977 0.110114454 0.224023386 0 0 0
C@CP 2684 0.159299941 0.290667415 0.262262845 0 0 0
C@CP 2685 -0.211536913 -0.0139590801 0.0388320399 0 0 0
C@CP 2686 0.0635386606 0.0371560359 -0.0104755281 0 0 0
C@CP 2687 0.286064939 -0.101310566 0.241897239 0 0 0
C@CP 2688 0.186794047 -0.163858625 0.386217914 0 0 0
C@CP 2689 -0.00248325881 0.365723549 0.200442737 0 0 0
C@CP 2690 -0.187585541 -0.0587071883 0.0755968123 0 0 0
C@CP 2691 0.303027738 0.240734427 -0.0590623465 0 0 0
C@CP 2692 0.164591703 -0.193966452 -0.0728439036 0 0 0
C@CP 2693 -0.102053389 0.277871427 0.0573970354 0 0 0
C@CP 2694 0.24166718 0.0990712153 -0.110877701 0 0 0
C@CP 2695 -0.156489649 -0.369590869 -0.0639288956 0 0 0
C@CP 2696 0.157934769 -0.0971910356 0.15614383 0 0 0
C@CP 2697 0.223323834 0.237645997 -0.224050599 0 0 0
C@CP 2698 0.428467493 -0.134296241 0.011844753 0 0 0
C@CP 2699 -0.246836812 0.205368849 -0.110036693 0 0 0
C@CP 2700 -0.0865989592 0.352877293 0.235469625 0 0 0
C@CP 2701 0.347530839 0.0725927664 -0.147145569 0 0 0
C@CP 2702 -0.378932471 -0.140332997 0.190388747 0 0 0
C@CP 2703 -0.242204157 0.106864796 0.219412825 0 0 0
C@CP 2704 -0.132858346 0.143935559 0.365613505 0 0 0
C@CP 2705 0.163122363 -0.282308531 0.0128770646 0 0 0
C@CP 2706 -0.252376679 0.146040655 0.0926851172 0 0 0
C@CP 2707 0.392494654 0.164010969 -0.0158295999 0 0 0
C@CP 2708 -0.274160069 0.0948458804 -0.359804348 0 0 0
C@CP 2709 0.154280326 0.0603622623 0.0908264937 0 0 0
C@CP 2710 -0.359104431 0.121962474 0.0305639344 0 0 0
C@CP 2711 0.0101808153 0.433611602 0.0459134073 0 0 0
C@CP 2712 -0.134169445 -0.337730679 -0.100518228 0 0 0
C@CP 2713 -0.385762017 0.0703985997 -0.224110295 0 0 0
C@CP 2714 0.0274319504 0.307684385 0.262114066 0 0 0
C@CP 2715 0.207774792 0.167452581 -0.345920493 0 0 0
C@CP 2716 -0.0938138671 -0.292275781 -0.249497019 0 0 0
C@CP 2717 -0.265152661 0.226103612 0.188030925 0 0 0
C@CP 2718 0.179099132 -0.228721802 -0.126704351 0 0 0
C@CP 2719 0.172739105 -0.139791669 0.0414404091 0 0 0
C@CP 2720 -0.10846055 -0.203803426 -0.25322789 0 0 0
C@CP 2721 0.275105853 0.0653565789 -0.209462697 0 0 0
C@CP 2722 -0.018874761 0.130427556 -0.231866366 0 0 0
C@CP 2723 -0.221179944 -0.293234136 0.28273117 0 0 0
C@CP 2724 -0.00257213711 0.250911907 0.261683373 0 0 0
C@CP 2725 -0.307826522 0.0542363426 0.177938978 0 0 0
C@CP 2726 0.248982347 -0.172725139 0.305156842 0 0 0
C@CP 2727 0.262156313 -0.0974809669 -0.198924344 0 0 0
C@CP 2728 -0.0727981298 0.0814062959 -0.0688560112 0 0 0
C@CP 2729 0.281114662 0.117330804 0.292816235 0 0 0
C@CP 2730 0.222434009 -0.126954951 0.406504144 0 0 0
C@CP 2731 -0.330001633 -0.124976564 0.266883867 0 0 0
C@CP 2732 -0.0818986628 -0.175491618 0.170904924 0 0 0
C@CP 2733 -0.134931219 -0.385351827 -0.0421149907 0 0 0
C@CP 2734 0.114197946 -0.350051177 -0.203580175 0 0 0
C@CP 2735 0.381209777 0.111681526 -0.00212076366 0 0 0
C@CP 2736 -0.0785630618 -0.223702048 -0.156314289 0 0 0
C@CP 2737 -0.114508928 -0.362905962 0.0418069514 0 0 0
C@CP 2738 0.152889074 0.133409769 0.396905615 0 0 0
C@CP 2739 -0.0726180369 0.038920433 0.253175001 0 0 0
C@CP 2740 0.113961358 -0.327393549 0.213475772 0 0 0
C@CP 2741 0.109518337 0.0541810755 0.271903186 0 0 0
C@CP 2742 0.0886856065 0.279049859 0.0554356688 0 0 0
C@CP 2743 -0.409640089 -0.0567605036 -0.114079333 0 0 0
C@CP 2744 -0.286402735 0.0862425618 0.12772413 0 0 0
C@CP 2745 0.211773319 0.0100627427 0.345864437 0 0 0
C@CP 2746 -0.213335924 0.209593108 -0.0961591886 0 0 0
C@CP 2747 0.0455365806 0.385532666 -0.124424653 0 0 0
C@CP 2748 -0.0563758148 0.0986195733 0.342734417 0 0 0
C@CP 2749 0.144576352 0.181983358 -0.0858594797 0 0 0
C@CP 2750 -0.347476267 -0.141678561 -0.247883622 0 0 0
C@CP 2751 -0.0794850053 0.000107804205 0.378423512 0 0 0
C@CP 2752 0.166450241 -0.109983603 -0.308931498 0 0 0
C@CP 2753 0.20376905 0.309704735 -0.128503232 0 0 0
C@CP 2754 0.14126465 -0.0849526406 0.155747481 0 0 0
C@CP 2755 0.335702979 0.273017407 -0.035365165 0 0 0
C@CP 2756 0.0889180973 -0.16640848 -0.250735912 0 0 0
C@CP 2757 0.10422748 -0.00750098567 -0.022616975 0 0 0
C@CP 2758 0.389649523 0.126881216 -0.197935912 0 0 0
C@CP 2759 0.0733453827 -0.0800925615 0.239682227 0 0 0
C@CP 2760 0.14652051 -0.178806514 0.0801113968 0 0 0
C@CP 2761 0.310418553 0.124815334 0.0133158554 0 0 0
C@CP 2762 0.256128106 -0.341880866 -0.0128442683 0 0 0
C@CP 2763 -0.263243085 0.354454372 0.136057172 0 0 0
C@CP 2764 0.0372814189 0.111727481 0.0350334574 0 0 0
C@CP 2765 0.205661899 -0.287318923 0.0657857345 0 0 0
C@CP 2766 -0.229746217 0.272995923 -0.252878217 0 0 0
C@CP 2767 0.169475201 0.334734471 -0.0932268201 0 0 0
C@CP 2768 -0.0585332562 -0.291035553 -0.328336194 0 0 0
C@CP 2769 0.0631487469 -0.137811133 -0.0150656987 0 0 0
C@CP 2770 0.261943134 0.0742587618 0.076175907 0 0 0
C@CP 2771 0.242527968 -0.271061382 0.130252505 0 0 0
C@CP 2772 0.0682637761 0.208946613 0.389547629 0 0 0
C@CP 2773 0.113679418 -0.263174057 0.0899610216 0 0 0
C@CP 2774 -0.181778046 -0.218513773 -0.258170874 0 0 0
C@CP 2775 -0.405124207 0.0216742475 -0.247758321 0 0 0
C@CP 2776 0.125137232 -0.180844297 -0.0487352542 0 0 0
C@CP 2777 0.360961438 -0.000267917669 0.164035271 0 0 0
C@CP 2778 -0.182796561 -0.373731547 0.0346581633 0 0 0
C@CP 2779 -0.0932893263 -0.408318409 0.182933396 0 0 0
C@CP 2780 0.0357815791 0.337676614 0.218860358 0 0 0
C@CP 2781 -0.0117565318 -0.250466509 0.0931261965 0 0 0
C@CP 2782 -0.0279517518 0.218760698 0.143308305 0 0 0
C@CP 2783 -0.0751014473 0.296994689 -0.201744687 0 0 0
C@CP 2784 0.00952207633 0.296607819 0.117372013 0 0 0
C@CP 2785 0.0919766636 0.26053986 0.20597814 0 0 0
C@CP 2786 0.392087743 -0.191330121 -0.0696536838 0 0 0
C@CP 2787 0.0531110767 0.106266087 0.294051411 0 0 0
C@CP 2788 -0.153487576 -0.171804648 0.0835709289 0 0 0
C@CP 2789 0.0485517686 0.258587659 0.116515951 0 0 0
C@CP 2790 0.0723822884 -0.0690433341 0.349121926 0 0 0
C@CP 2791 -0.175121249 0.129885308 -0.111908942 0 0 0
C@CP 2792 0.219880239 0.0388908952 -0.165830215 0 0 0
C@CP 2793 -0.0321979256 0.350485262 0.0492248369 0 0 0
C@CP 2794 -0.112373373 0.270786727 0.33618124 0 0 0
C@CP 2795 -0.356108413 -0.00970687328 0.198841939 0 0 0
C@CP 2796 -0.214921697 0.316427112 0.161595443 0 0 0
C@CP 2797 -0.13732433 0.213208244 0.274549592 0 0 0
C@CP 2798 -0.0858547627 -0.211422742 0.196734627 0 0 0
C@CP 2799 0.262034028 0.254631362 0.0295680342 0 0 0
C@CP 2800 0.254039865 -0.227395708 0.00586897573 0 0 0
C@CP 2801 0.0808181778 -0.145774987 0.307522508 0 0 0
C@CP 2802 0.290343572 0.0993070504 0.0496103335 0 0 0
C@CP 2803 -0.138968933 0.0978241563 0.149745758 0 0 0
C@CP 2804 -0.374685626 0.0348176781 0.00844558302 0 0 0
C@CP 2805 -0.365481597 -0.188482722 0.00593604878 0 0 0
C@CP 2806 -0.140807541 -0.275207144 0.150131454 0 0 0
C@CP 2807 -0.0940859946 -0.246044885 -0.0319989257 0 0 0
C@CP 2808 -0.284001525 0.116370202 -0.239774234 0 0 0
C@CP 2809 0.25229898 0.218050413 -0.0939767588 0 0 0
C@CP 2810 0.403951716 -0.00179247224 0.00677636186 0 0 0
C@CP 2811 0.198079928 -0.417606223 0.039866385 0 0 0
C@CP 2812 -0.0773019725 0.243638235 -0.177513275 0 0 0
C@CP 2813 -0.0804006783 0.193412825 -0.196389352 0 0 0
C@CP 2814 -0.241727657 -0.19919895 0.18051587 0 0 0
C@CP 2815 0.253818551 0.189404998 0.172308676 0 0 0
C@CP 2816 0.143763121 0.151972728 -0.118017452 0 0 0
C@CP 2817 0.172990666 -0.00616945927 -0.0793890449 0 0 0
C@CP 2818 -0.127281746 -0.0431232659 -0.0639111971 0 0 0
C@CP 2819 -0.0273182067 0.201907697 0.232003234 0 0 0
C@CP 2820 0.33112303 0.21875012 -0.184842211 0 0 0
C@CP 2821 -0.0762033733 0.397893855 0.0477668694 0 0 0
C@CP 2822 -0.0364844008 0.417859263 -0.114600677 0 0 0
C@CP 2823 0.0483195192 0.0413350836 -0.468655151 0 0 0
C@CP 2824 -0.432148654 0.0196451647 -0.186485665 0 0 0
C@CP 2825 0.0833341786 -0.394178656 -0.126556593 0 0 0
C@CP 2826 0.0632410476 0.0453334245 -0.0430356934 0 0 0
C@CP 2827 -0.248618712 0.274046573 0.153413533 0 0 0
C@CP 2828 0.13058306 -0.427176519 0.0271254265 0 0 0
C@CP 2829 -0.0980613928 -0.009951245 0.132689091 0 0 0
C@CP 2830 -0.116274474 -0.366289267 -0.152339877 0 0 0
C@CP 2831 -0.170033437 -0.0554662031 -0.0778726309 0 0 0
C@CP 2832 0.451629936 0.0937941666 -0.0540829231 0 0 0
C@CP 2833 0.296442807 -0.220427635 0.164801696 0 0 0
C@CP 2834 -0.167465147 0.00261042117 0.070775952 0 0 0
C@CP 2835 0.115897004 -0.30097341 0.102530939 0 0 0
C@CP 2836 -0.240497524 -0.0236181395 -0.389777025 0 0 0
C@CP 2837 0.101452928 -0.202509088 -0.118850824 0 0 0
C@CP 2838 -0.0415697313 0.258551007 -0.215760348 0 0 0
C@CP 2839 -0.22639889 -0.354299247 -0.115394489 0 0 0
C@CP 2840 -0.0212487527 -0.31020277 -0.203195981 0 0 0
C@CP 2841 -0.279676496 -0.0350128852 -0.0678499152 0 0 0
C@CP 2842 -0.0408750703 -0.279172283 0.1005186 0 0 0
C@CP 2843 -0.230752465 -0.0403630164 0.377852965 0 0 0
C@CP 2844 0.0293861302 0.277466331 0.0855496074 0 0 0
C@CP 2845 0.237204097 0.170946203 0.0276637911 0 0 0
C@CP 2846 -0.198795213 0.203920646 -0.203294285 0 0 0
C@CP 2847 0.352972198 0.229228542 -0.0997341698 0 0 0
C@CP 2848 -0.0757874778 -0.0984306015 -0.396359385 0 0 0
C@CP 2849 0.00691812512 0.279638811 0.250806208 0 0 0
C@CP 2850 -0.0131189718 0.032877527 0.203998655 0 0 0
C@CP 2851 0.234856288 -0.180753712 -0.118120871 0 0 0
C@CP 2852 -0.112838571 -0.130653622 -0.0132291424 0 0 0
C@CP 2853 0.010248938 -0.0732591389 -0.381766396 0 0 0
C@CP 2854 -0.185054717 0.248440763 0.274481659 0 0 0
C@CP 2855 -0.281415131 -0.0628762099 -0.279901007 0 0 0
C@CP 2856 0.318868581 -0.223836279 0.0658359909 0 0 0
C@CP 2857 0.168874273 -0.151985851 0.0431018724 0 0 0
C@CP 2858 0.075235569 0.0219238521 0.109819548 0 0 0
C@CP 2859 -0.149040484 -0.000613932431 -0.0221091688 0 0 0
C@CP 2860 -0.26815444 -0.378682471 -0.0197009111 0 0 0
C@CP 2861 0.0864500077 0.157759762 0.0588571499 0 0 0
C@CP 2862 0.226715639 -0.0883444511 -0.0389073775 0 0 0
C@CP 2863 0.145444556 -0.0437478572 -0.0798570819 0 0 0
C@CP 2864 -0.243609639 0.0613547167 -0.333022562 0 0 0
C@CP 2865 0.341933225 -0.162933178 0.180396167 0 0 0
C@CP 2866 0.272008271 -0.294000546 0.194665156 0 0 0
C@CP 2867 0.0933301823 0.0588039913 0.0520383027 0 0 0
C@CP 2868 -0.258697642 0.15757021 0.230755852 0 0 0
C@CP 2869 -0.102114517 0.39921365 0.0285110025 0 0 0
C@CP 2870 0.121778213 0.369775243 0.242021375 0 0 0
C@CP 2871 -0.0440625061 -0.0651382594 0.287994669 0 0 0
C@CP 2872 0.0909300246 0.426070533 0.0385725382 0 0 0
C@CP 2873 0.134491493 -0.322377518 0.121616608 0 0 0
C@CP 2874 0.0108331758 0.367724456 -0.191226085 0 0 0
C@CP 2875 -0.0555813664 0.129007908 -0.13422659 0 0 0
C@CP 2876 0.348509991 -0.111244145 0.0755292067 0 0 0
C@CP 2877 -0.150385641 0.00840764453 0.182467448 0 0 0
C@CP 2878 -0.241888278 0.348132984 0.164113393 0 0 0
C@CP 2879 -0.319601909 -0.210614254 -0.135646318 0 0 0
C@CP 2880 -0.149154757 0.377864262 -0.133178574 0 0 0
C@CP 2881 0.349659584 0.0997054229 0.15403184 0 0 0
C@CP 2882 -0.155339556 -0.396758538 0.188078061 0 0 0
C@CP 2883 0.259790263 -0.112959161 0.270349589 0 0 0
C@CP 2884 0.154207344 -0.306829215 0.211026421 0 0 0
C@CP 2885 0.0178375193 -0.325181536 0.166244986 0 0 0
C@CP 2886 -0.101712068 0.0990288263 -0.0379611691 0 0 0
C@CP 2887 -0.0541267527 0.240836116 -0.274202492 0 0 0
C@CP 2888 -0.0366911596 -0.01978272 0.382042984 0 0 0
C@CP 2889 0.0733922458 0.0896184513 0.30114613 0 0 0
C@CP 2890 -0.0990052301 -0.438929509 -0.063841911 0 0 0
C@CP 2891 0.203403587 -0.0438223777 0.0518632919 0 0 0
C@CP 2892 -0.274526297 0.248884881 -0.0233259745 0 0 0
C@CP 2893 0.133141621 0.0704982 0.361788387 0 0 0
C@CP 2894 0.161433915 -0.102459937 0.0421246989 0 0 0
C@CP 2895 -0.0145559237 0.231976795 0.205073627 0 0 0
C@CP 2896 -0.0101718125 0.0227677142 0.428989458 0 0 0
C@CP 2897 0.204008789 -0.0900400107 0.348064587 0 0 0
C@CP 2898 -0.158598829 -0.100642995 -0.245312086 0 0 0
C@CP 2899 0.029505623 0.0215197359 0.474651249 0 0 0
C@CP 2900 0.0997513821 0.015953296 -0.221892225 0 0 0
C@CP 2901 0.0507603867 0.107852784 0.190327698 0 0 0
C@CP 2902 0.234455343 -0.119907851 0.145584181 0 0 0
C@CP 2903 0.306770477 0.0133672219 0.174435858 0 0 0
C@CP 2904 0.397119484 0.12883447 -0.0348166399 0 0 0
C@CP 2905 0.168184842 -0.0271243659 0.262941386 0 0 0
C@CP 2906 -0.120924049 -0.365531119 0.27532472 0 0 0
C@CP 2907 -0.157971686 -0.0130701629 -0.282434356 0 0 0
C@CP 2908 -0.271667064 -0.0086303637 -0.111941022 0 0 0
C@CP 2909 0.217689684 0.262043117 0.179134375 0 0 0
C@CP 2910 0.37556091 0.0748319726 -0.0555450466 0 0 0
C@CP 2911 -0.186211401 -0.266236214 -0.231028471 0 0 0
C@CP 2912 0.0544153989 0.165098343 -0.10995527 0 0 0
C@CP 2913 0.0904250764 0.217281664 -0.12012047 0 0 0
C@CP 2914 -0.268250519 0.0292012744 -0.0757516487 0 0 0
C@CP 2915 -0.0249690336 0.218513852 -0.149293291 0 0 0
C@CP 2916 -0.284678564 -0.0842565516 0.107584288 0 0 0
C@CP 2917 -0.305847497 0.304776439 0.143019057 0 0 0
C@CP 2918 0.103067358 -0.181003541 0.303762957 0 0 0
C@CP 2919 0.171911634 -0.153590698 -0.0277956446 0 0 0
C@CP 2920 0.112929236 0.194875749 -0.223282502 0 0 0
C@CP 2921 0.104085039 0.30706692 0.0537881387 0 0 0
C@CP 2922 0.311252759 -0.171287211 -0.116951111 0 0 0
C@CP 2923 0.129092359 -0.227648328 0.351617216 0 0 0
C@CP 2924 0.398252312 0.125422762 0.174966439 0 0 0
C@CP 2925 0.0215377009 -0.268618052 0.204308022 0 0 0
C@CP 2926 0.0306540302 -0.324129312 0.299227629 0 0 0
C@CP 2927 -0.0379962338 -0.138485369 0.41021598 0 0 0
C@CP 2928 0.111926093 0.354668216 -0.235316966 0 0 0
C@CP 2929 0.0903126831 0.307219505 -0.0568837416 0 0 0
C@CP 2930 -0.278932947 -0.335577507 -0.111546468 0 0 0
C@CP 2931 -0.17857438 -0.049335744 -0.113451951 0 0 0
C@CP 2932 -0.037121751 -0.217113086 0.124240115 0 0 0
C@CP 2933 0.411689755 0.149218064 -0.13739685 0 0 0
C@CP 2934 0.128205099 0.185573747 -0.0196747643 0 0 0
C@CP 2935 0.176348554 0.0773216072 -0.153043631 0 0 0
C@CP 2936 -0.221560868 -0.112291586 -0.388509387 0 0 0
C@CP 2937 -0.0442631644 0.335939263 -0.209964854 0 0 0
C@CP 2938 0.028652125 0.299303294 0.00252442637 0 0 0
C@CP 2939 0.295864385 -0.171989625 0.259996205 0 0 0
C@CP 2940 0.0609580227 -0.162461156 -0.248679812 0 0 0
C@CP 2941 0.0844411911 0.256965138 0.195082344 0 0 0
C@CP 2942 -0.00950349244 0.25154764 0.342276333 0 0 0
C@CP 2943 -0.220500714 -0.0545656131 -0.0256607747 0 0 0
C@CP 2944 -0.183686179 0.105658417 0.270751548 0 0 0
C@CP 2945 -0.0161911612 -0.0146601793 -0.0122970888 0 0 0
C@CP 2946 -0.156422764 0.31844915 -0.142420161 0 0 0
C@CP 2947 -0.0918014431 0.30214903 -0.0556001206 0 0 0
C@CP 2948 -0.265637796 -0.262479818 -0.06439679 0 0 0
C@CP 2949 -0.037181402 -0.374090747 -0.0313592915 0 0 0
C@CP 2950 0.0562655535 -0.0326258575 0.461242849 0 0 0
C@CP 2951 0.157658258 0.284596456 0.184468067 0 0 0
C@CP 2952 -0.303138047 -0.233271826 0.100891108 0 0 0
C@CP 2953 -0.100707754 -0.0923376878 0.436054109 0 0 0
C@CP 2954 0.0768621337 -0.0237854494 0.0344650793 0 0 0
C@CP 2955 0.327093143 -0.0855322933 0.159165715 0 0 0
C@CP 2956 0.0181416802 -0.450370826 0.097278641 0 0 0
C@CP 2957 -0.291471388 0.129999978 -0.0213807771 0 0 0
C@CP 2958 -0.389522602 0.186628783 0.124034192 0 0 0
C@CP 2959 0.144298895 0.357127904 0.108943106 0 0 0
C@CP 2960 -0.270491405 0.0192452139 -0.168763772 0 0 0
C@CP 2961 0.0999083444 0.221723919 -0.0327374835 0 0 0
C@CP 2962 0.0617008373 0.16662168 -0.282394278 0 0 0
C@CP 2963 -0.00123253895 -0.257131428 0.276178351 0 0 0
C@CP 2964 -0.124193043 0.356106398 -0.0100810707 0 0 0
C@CP 2965 -0.336933274 -0.00283235621 0.135866397 0 0 0
C@CP 2966 -0.300247017 0.0744255779 -0.0501046722 0 0 0
C@CP 2967 0.0536452495 0.170425814 0.0606993951 0 0 0
C@CP 2968 0.18657566 0.231567792 -0.218373323 0 0 0
C@CP 2969 0.0197325135 0.373093916 -0.0147271831 0 0 0
C@CP 2970 -0.238575962 -0.0750929038 -0.173585349 0 0 0
C@CP 2971 0.0158470365 0.275160735 0.0768933131 0 0 0
C@CP 2972 -0.273836876 0.102543695 0.276326973 0 0 0
C@CP 2973 -0.101938961 -0.108403675 -0.143379492 0 0 0
C@CP 2974 -0.109788359 -0.21541836 0.384688302 0 0 0
C@CP 2975 0.030573788 -0.0773649583 -0.0248115853 0 0 0
C@CP 2976 0.0778285498 0.282025403 -0.119296885 0 0 0
C@CP 2977 0.120157341 -0.0734459129 -0.174815899 0 0 0
C@CP 2978 0.0067055373 0.333092335 0.0844395021 0 0 0
C@CP 2979 -0.181247848 -0.234279802 -0.29561002 0 0 0
C@CP 2980 0.242500345 -0.0824506986 0.25004569 0 0 0
C@CP 2981 -0.0543019015 -0.201750706 -0.409502163 0 0 0
C@CP 2982 -0.380300466 0.0421292209 0.262462573 0 0 0
C@CP 2983 -0.298140281 -0.0955932425 -0.0148303122 0 0 0
C@CP 2984 0.0158204825 0.245757995 -0.130117427 0 0 0
C@CP 2985 -0.238132452 -0.220598888 -0.029367243 0 0 0
C@CP 2986 -0.372968083 -0.0967555784 -0.125960358 0 0 0
C@CP 2987 -0.309483305 0.345816917 0.044581833 0 0 0
C@CP 2988 0.325280262 0.314176993 -0.107118428 0 0 0
C@CP 2989 -0.230531035 0.364216537 -0.120088872 0 0 0
C@CP 2990 -0.0337715515 -0.235745927 -0.128270643 0 0 0
C@CP 2991 0.192620119 0.160117869 0.106429656 0 0 0
C@CP 2992 -0.313936078 0.113105667 0.282377799 0 0 0
C@CP 2993 0.0321147296 -0.207498266 -0.0557155036 0 0 0
C@CP 2994 0.194904659 0.0437246955 0.40320165 0 0 0
C@CP 2995 -0.0293518029 0.269268853 0.203348762 0 0 0
C@CP 2996 -0.280642983 -0.120876716 -0.334255111 0 0 0
C@CP 2997 0.0708387404 -0.26055903 -0.304521037 0 0 0
C@CP 2998 0.311899828 0.241867812 -0.0446668419 0 0 0
C@CP 2999 0.0552997544 0.118978439 0.436977159 0 0 0
C@CP 3000 0.336748421 0.192335006 0.0595291551 0 0 0
C@CP 3001 -0.0753423906 -0.38099857 -0.200514449 0 0 0
C@CP 3002 0.375645177 0.258936521 -0.00204974003 0 0 0
C@CP 3003 0.420733332 0.163761634 -0.0695362774 0 0 0
C@CP 3004 0.160230167 0.194957512 -0.280379605 0 0 0
C@CP 3005 0.180947799 -0.26700066 -0.267534827 0 0 0
C@CP 3006 -0.149429294 -0.277363999 0.17392765 0 0 0
C@CP 3007 -0.0180820995 -0.35015143 -0.228830646 0 0 0
C@CP 3008 -0.288066268 0.351318006 -0.0202505911 0 0 0
C@CP 3009 0.103728603 0.195241852 0.0955104228 0 0 0
C@CP 3010 0.354543029 0.301958709 0.100969032 0 0 0
C@CP 3011 -0.0999842382 -0.0668666715 -0.00492082942 0 0 0
C@CP 3012 -0.309097615 0.0657119128 -0.0327310768 0 0 0
C@CP 3013 0.235334493 0.122235152 -0.0269610332 0 0 0
C@CP 3014 -0.257730464 -0.0583436525 0.356636126 0 0 0
C@CP 3015 -0.0795492375 -0.170883443 -0.397757945 0 0 0
C@CP 3016 0.0307643129 0.188118628 0.290889341 0 0 0
C@CP 3017 -0.203342973 -0.149928214 -0.0548442424 0 0 0
C@CP 3018 -0.0409084959 0.0395535889 0.184866365 0 0 0
C@CP 3019 -0.40370455 0.117350046 0.139984876 0 0 0
C@CP 3020 0.148811418 -0.384207132 -0.0779077097 0 0 0
C@CP 3021 -0.227254967 0.0650507841 0.020952091 0 0 0
C@CP 3022 0.364026716 0.0805052602 -0.0649176711 0 0 0
C@CP 3023 -0.105100745 0.115614661 -0.322740966 0 0 0
C@CP 3024 0.342989228 -0.0714638447 -0.251820791 0 0 0
C@CP 3025 0.271752659 -0.158471963 -0.194867045 0 0 0
C@CP 3026 -0.209479988 -0.138597539 0.303103353 0 0 0
C@CP 3027 -0.183915394 0.259092304 -0.127421997 0 0 0
C@CP 3028 -0.284501282 0.350533448 -0.00907791976 0 0 0
C@CP 3029 0.130214706 0.0759813828 -0.391466952 0 0 0
C@CP 3030 0.106750716 0.249316605 0.27876957 0 0 0
C@CP 3031 -0.16344427 -0.0820330478 0.231841623 0 0 0
C@CP 3032 0.415658095 0.113488504 -0.00989504344 0 0 0
C@CP 3033 -0.259093997 0.032708625 0.122900379 0 0 0
C@CP 3034 0.222342188 0.118418845 0.278673381 0 0 0
C@CP 3035 0.0918177257 0.39783673 -0.139519891 0 0 0
C@CP 3036 0.0994258902 0.268229183 -0.295230236 0 0 0
C@CP 3037 -0.0582979085 -0.397197548 -0.216813316 0 0 0
C@CP 3038 -0.00797498859 -0.192172592 0.00312092235 0 0 0
C@CP 3039 0.276015434 0.311284007 -0.00277485066 0 0 0
C@CP 3040 0.141722704 -0.120780124 -0.0445189349 0 0 0
C@CP 3041 -0.113018623 -0.352472236 0.157107527 0 0 0
C@CP 3042 0.322528966 0.179867797 -0.279002885 0 0 0
C@CP 3043 -0.126788534 0.273283521 0.0787461629 0 0 0
C@CP 3044 0.306011213 0.0302708605 -0.140392954 0 0 0
C@CP 3045 -0.394380861 -0.239195985 0.133162896 0 0 0
C@CP 3046 -0.384965252 0.165894512 -0.164685875 0 0 0
C@CP 3047 0.0746650592 0.0236401619 0.143393784 0 0 0
C@CP 3048 -0.370889432 0.0138471463 -0.0984039598 0 0 0
C@CP 3049 0.178483764 -0.24014533 0.0647560656 0 0 0
C@CP 3050 -0.161830046 -0.267428983 -0.0438159106 0 0 0
C@CP 3051 -0.1782383 -0.0919539448 -0.272833366 0 0 0
C@CP 3052 -0.0921088333 0.310223535 -0.0390087107 0 0 0
C@CP 3053 0.159266941 0.177531357 0.0428753351 0 0 0
C@CP 3054 0.0404562778 -0.312737462 0.075562576 0 0 0
C@CP 3055 -0.132819744 -0.31765428 0.0176934927 0 0 0
C@CP 3056 0.0716466029 0.0669414941 0.0529813811 0 0 0
C@CP 3057 -0.0766855286 -0.213012807 0.364770342 0 0 0
C@CP 3058 -0.207766996 0.305102441 0.227202652 0 0 0
C@CP 3059 0.311797162 0.115020581 -0.130117289 0 0 0
C@CP 3060 0.206524798 -0.311246658 -0.0268983715 0 0 0
C@CP 3061 -0.0964710644 0.0447606991 -0.299689671 0 0 0
C@CP 3062 -0.0791192917 -0.0683161371 -0.207933571 0 0 0
C@CP 3063 0.174866334 0.104769658 -0.282769661 0 0 0
C@CP 3064 0.230074864 -0.271982822 0.0339541984 0 0 0
C@CP 3065 -0.00339508832 0.311136905 -0.214216641 0 0 0
C@CP 3066 -0.449769009 0.0558917206 -0.0791006721 0 0 0
C@CP 3067 0.176277352 -0.171909094 0.263423045 0 0 0
C@CP 3068 0.0443577469 -0.110735719 0.299388902 0 0 0
C@CP 3069 -0.146163874 0.403011448 0.0112906321 0 0 0
C@CP 3070 -0.19349715 0.145507478 0.18539909 0 0 0
C@CP 3071 0.0233847688 -0.29199374 -0.149584818 0 0 0
C@CP 3072 -0.110019066 0.106206404 -0.0825333684 0 0 0
C@CP 3073 -0.350163762 -0.0629395926 0.153415778 0 0 0
C@CP 3074 -0.225196715 -0.333560147 0.175720418 0 0 0
C@CP 3075 -0.352419115 -0.201132862 -0.126992984 0 0 0
C@CP 3076 -0.266181763 -0.221218997 0.169000932 0 0 0
C@CP 3077 0.203113646 -0.0103655867 -0.393215371 0 0 0
C@CP 3078 0.244887588 0.0634968267 0.338087723 0 0 0
C@CP 3079 0.204122187 -0.130651773 0.107839891 0 0 0
C@CP 3080 -0.0665638238 -0.0912747452 -0.261545059 0 0 0
C@CP 3081 0.394331009 -0.00222270528 0.181480164 0 0 0
C@CP 3082 -0.124596906 0.104007215 -0.194101102 0 0 0
C@CP 3083 -0.450813252 -0.0186352309 -0.0768953339 0 0 0
C@CP 3084 -0.244467441 -0.250224106 -0.163188493 0 0 0
C@CP 3085 -0.227716835 -0.000306800144 -0.28880323 0 0 0
C@CP 3086 -0.152540821 0.146340175 -0.362222444 0 0 0
C@CP 3087 0.151215117 -0.172599908 0.307110317 0 0 0
C@CP 3088 0.296917622 0.0454631286 0.195756325 0 0 0
C@CP 3089 0.310629202 -0.332436895 -0.0865540307 0 0 0
C@CP 3090 0.19407406 -0.284122566 -0.126702957 0 0 0
C@CP 3091 0.152875826 0.0182156836 0.351874781 0 0 0
C@CP 3092 -0.231663229 0.12831243 -0.362666607 0 0 0
C@CP 3093 0.347309652 0.152535031 -0.219593536 0 0 0
C@CP 3094 0.209583678 -0.305659888 -0.097198767 0 0 0
C@CP 3095 -0.119411718 -0.157865137 0.343818695 0 0 0
C@CP 3096 -0.000148460511 0.195271056 0.202972468 0 0 0
C@CP 3097 0.141384695 0.0384450172 0.0641546083 0 0 0
C@CP 3098 0.098332746 -0.307970773 0.131915574 0 0 0
C@CP 3099 0.396150278 0.209964469 -0.157537458 0 0 0
C@CP 3100 -0.240505355 0.142929214 0.190219417 0 0 0
C@CP 3101 0.147011878 0.39688977 0.210088366 0 0 0
C@CP 3102 0.315294481 -0.0495383018 -0.232135089 0 0 0
C@CP 3103 -0.441101218 0.0901284656 0.121193364 0 0 0
C@CP 3104 0.0745605895 0.173078975 0.037641095 0 0 0
C@CP 3105 -0.249605237 0.201809527 -0.141296739 0 0 0
C@CP 3106 0.335188505 -0.149656376 0.197583865 0 0 0
C@CP 3107 0.277681487 -0.14682258 -0.29015736 0 0 0
C@CP 3108 0.178908419 0.109312712 -0.386693967 0 0 0
C@CP 3109 -0.169729774 0.0445192756 0.351842243 0 0 0
C@CP 3110 0.0552364335 0.185227745 0.202720647 0 0 0
C@CP 3111 -0.156359705 -0.0950950038 -0.0613460364 0 0 0
C@CP 3112 0.27364098 0.0447509413 -0.0254904275 0 0 0
C@CP 3113 0.0602267108 -0.24154448 -0.240426239 0 0 0
C@CP 3114 -0.150995167 0.0502123409 -0.22863933 0 0 0
C@CP 3115 -0.18798853 0.391507049 -0.122150707 0 0 0
C@CP 3116 -0.0351152749 0.289521375 -0.0505429912 0 0 0
C@CP 3117 -0.2605229 0.0448562472 -0.191963992 0 0 0
C@CP 3118 -0.00135260401 -0.122519787 -0.0258212948 0 0 0
C@CP 3119 0.184854041 -0.00563276136 -0.223708093 0 0 0
C@CP 3120 -0.190757931 0.190464893 0.101174985 0 0 0
C@CP 3121 0.200090242 0.159155275 0.189719158 0 0 0
C@CP 3122 -0.278663319 -0.263079971 -0.0753749613 0 0 0
C@CP 3123 -0.262806404 0.145089568 0.254995481 0 0 0
C@CP 3124 0.163746056 0.274654041 -0.299680705 0 0 0
C@CP 3125 -0.3582895 0.206310217 0.180630568 0 0 0
C@CP 3126 -0.405248689 0.166883911 -0.11221249 0 0 0
C@CP 3127 -0.187954095 -0.337689227 -0.0254692844 0 0 0
C@CP 3128 0.0010504044 0.444025001 0.0750693678 0 0 0
C@CP 3129 0.0722766306 -0.0424201935 -0.306927993 0 0 0
C@CP 3130 -0.180960714 -0.0660891251 -0.0877410918 0 0 0
C@CP 3131 -0.185212933 0.337497641 0.244611381 0 0 0
C@CP 3132 -0.190162346 0.326606952 -0.21678027 0 0 0
C@CP 3133 0.224003909 -0.224567777 0.190847976 0 0 0
C@CP 3134 0.343654563 -0.141125834 -0.155803999 0 0 0
C@CP 3135 0.0387834731 -0.174995267 -0.189508044 0 0 0
C@CP 3136 -0.0534616544 0.186608145 -0.4243743 0 0 0
C@CP 3137 0.0088072717 0.131993785 -0.226725045 0 0 0
C@CP 3138 -0.166756908 -0.379871281 0.170702799 0 0 0
C@CP 3139 0.45433296 -0.0722355026 -0.0168697023 0 0 0
C@CP 3140 -0.148712844 0.404101207 -0.199627795 0 0 0
C@CP 3141 0.147754924 -0.295879981 0.0782335488 0 0 0
C@CP 3142 -0.188001218 0.277205399 -0.307275181 0 0 0
C@CP 3143 -0.217317246 -0.0345309038 0.0755373676 0 0 0
C@CP 3144 -0.223136558 -0.113187851 -0.355932485 0 0 0
C@CP 3145 -0.041518056 0.337870473 0.323504043 0 0 0
C@CP 3146 0.0540478456 -0.438961039 -0.144792983 0 0 0
C@CP 3147 0.0354311762 -0.119627783 -0.175442221 0 0 0
C@CP 3148 0.285261423 -0.287284038 -0.151362644 0 0 0
C@CP 3149 0.415096596 0.0544827487 -0.214349652 0 0 0
C@CP 3150 -0.205576037 0.303248425 0.228806185 0 0 0
C@CP 3151 0.345878807 0.221405433 -0.0809629663 0 0 0
C@CP 3152 0.247280359 0.0182033741 -0.226530896 0 0 0
C@CP 3153 -0.184606655 0.0540073802 0.404093515 0 0 0
C@CP 3154 -0.0134261082 -0.401481828 0.234759052 0 0 0
C@CP 3155 -0.0993842677 -0.194015013 0.350636658 0 0 0
C@CP 3156 0.0870413765 -0.0018536217 -0.00666863558 0 0 0
C@CP 3157 0.0620978794 -0.139647132 0.374533863 0 0 0
C@CP 3158 -0.454477468 -0.0509762391 -0.0479684457 0 0 0
C@CP 3159 0.31055304 0.0449657951 -0.33404394 0 0 0
C@CP 3160 -0.302030215 -0.291878879 -0.000797988357 0 0 0
C@CP 3161 -0.154875704 0.05858944 -0.147563321 0 0 0
C@CP 3162 -0.251489826 -0.108007314 -0.148882457 0 0 0
C@CP 3163 0.0973479331 0.0760695973 0.000584159484 0 0 0
C@CP 3164 0.220579904 -0.193460033 -0.125931698 0 0 0
C@CP 3165 0.160161506 -0.229437722 -0.247250126 0 0 0
C@CP 3166 0.212704143 -0.190035615 0.273376784 0 0 0
C@CP 3167 0.431459008 -0.0541236021 -0.0764377831 0 0 0
C@CP 3168 0.108366086 0.188016017 0.162537407 0 0 0
C@CP 3169 -0.34464666 0.111277458 -0.152305234 0 0 0
C@CP 3170 0.0719607855 -0.414926033 0.0535777364 0 0 0
C@CP 3171 -0.32957915 -0.0789968899 -0.274475738 0 0 0
C@CP 3172 0.199203902 0.155855835 0.124523207 0 0 0
C@CP 3173 0.0302756694 0.00141001018 0.0265879822 0 0 0
C@CP 3174 0.077479466 0.120999414 -0.319928347 0 0 0
C@CP 3175 -0.362181437 -0.282946989 0.0297269023 0 0 0
C@CP 3176 0.0446929178 -0.270582041 0.158365985 0 0 0
C@CP 3177 -0.00943983897 0.415332435 0.195846759 0 0 0
C@CP 3178 -0.156373698 -0.107898265 0.0674536328 0 0 0
C@CP 3179 0.00727799706 0.382808514 0.254609275 0 0 0
C@CP 3180 -0.431832983 -0.0592353666 0.141912583 0 0 0
C@CP 3181 -0.205657557 -0.133753025 -0.363044664 0 0 0
C@CP 3182 0.459039009 0.0169223123 -0.059126111 0 0 0
C@CP 3183 -0.38009162 0.113309696 0.0501197388 0 0 0
C@CP 3184 -0.209886288 -0.0732990443 -0.155411882 0 0 0
C@CP 3185 -0.117942287 -0.0564849951 0.143554512 0 0 0
C@CP 3186 -0.0403374732 -0.025288677 0.380427149 0 0 0
C@CP 3187 -0.232773604 -0.312616572 -0.126243358 0 0 0
C@CP 3188 0.00502717315 -0.361052498 0.281617772 0 0 0
C@CP 3189 0.162069801 -0.154074405 -0.372207047 0 0 0
C@CP 3190 -0.043575264 -0.116240585 0.230756244 0 0 0
C@CP 3191 -0.184602796 -0.212990951 -0.116637833 0 0 0
C@CP 3192 -0.193071403 0.350470957 -0.225798411 0 0 0
C@CP 3193 -0.157449147 -0.0054648933 0.347793264 0 0 0
C@CP 3194 -0.0458527512 0.32514414 -0.24001595 0 0 0
C@CP 3195 -0.42976957 0.120967251 -0.0726924732 0 0 0
C@CP 3196 -0.188342765 0.202247489 0.0702857883 0 0 0
C@CP 3197 -0.150208231 -0.0545604582 0.0742173773 0 0 0
C@CP 3198 0.0543878258 0.328497479 0.240260489 0 0 0
C@CP 3199 0.0647072754 0.28941146 0.00826065078 0 0 0
C@CP 3200 0.00218316375 0.208439324 0.370451816 0 0 0
C@CP 3201 -0.0105256837 -0.00430052799 -0.0233694095 0 0 0
C@CP 3202 -0.365397704 -0.157777622 0.0424175469 0 0 0
C@CP 3203 -0.175260283 -0.261148618 0.0180835229 0 0 0
C@CP 3204 -0.364588532 -0.112874768 -0.156880159 0 0 0
C@CP 3205 -0.184602231 -0.00619406078 -0.120633024 0 0 0
C@CP 3206 -0.158191234 0.123299129 0.333984091 0 0 0
C@CP 3207 0.0131515959 -0.280675014 -0.254340695 0 0 0
C@CP 3208 -0.414722849 0.0654145494 0.0187559884 0 0 0
C@CP 3209 0.176123287 -0.144654577 -0.161701328 0 0 0
C@CP 3210 -0.0601668215 0.301674254 -0.185459606 0 0 0
C@CP 3211 -0.211237109 -0.142209138 0.0762652435 0 0 0
C@CP 3212 0.14127498 -0.0188442308 0.299648303 0 0 0
C@CP 3213 -0.229671639 0.104303886 0.204486133 0 0 0
C@CP 3214 -0.158885366 0.0558961665 -0.0869997399 0 0 0
C@CP 3215 -0.0402892712 0.296057103 0.335470007 0 0 0
C@CP 3216 0.027183239 -0.0917298546 0.265207865 0 0 0
C@CP 3217 -0.285091139 -0.117239103 -0.274579237 0 0 0
C@CP 3218 0.179485858 -0.273947725 0.139143319 0 0 0
C@CP 3219 -0.230093328 0.339401805 -0.190301498 0 0 0
C@CP 3220 -0.315236256 0.0933452154 -0.0471696495 0 0 0
C@CP 3221 0.0716101455 0.444392859 0.0500836027 0 0 0
C@CP 3222 0.0477940999 0.272298146 0.0973038681 0 0 0
C@CP 3223 -0.124677216 -0.123973291 -0.166184672 0 0 0
C@CP 3224 0.0259655732 -0.155254447 -0.112799704 0 0 0
C@CP 3225 0.11858196 -0.214278737 -0.037298829 0 0 0
C@CP 3226 0.0706927148 0.0328183955 -0.439663392 0 0 0
C@CP 3227 0.297916088 -0.192789407 -0.109406052 0 0 0
C@CP 3228 0.173163298 0.336360481 0.072522376 0 0 0
C@CP 3229 0.196579389 -0.140704079 -0.197791038 0 0 0
C@CP 3230 0.125718615 0.163872047 0.0277600907 0 0 0
C@CP 3231 0.19495732 0.107117561 -0.170922065 0 0 0
C@CP 3232 -0.323084238 -0.0658946911 0.257924498 0 0 0
C@CP 3233 0.12901156 -0.119948113 0.357273433 0 0 0
C@CP 3234 0.237662086 0.114433911 -0.275882814 0 0 0
C@CP 3235 0.0306356094 -0.184506533 0.287558723 0 0 0
C@CP 3236 0.167177568 0.126764069 0.0725245576 0 0 0
C@CP 3237 0.154605088 0.169649686 0.165136732 0 0 0
C@CP 3238 0.133577011 -0.203899473 -0.247816122 0 0 0
C@CP 3239 0.013163242 0.358731177 -0.114461473 0 0 0
C@CP 3240 0.203402934 0.0510007826 0.0718124635 0 0 0
C@CP 3241 -0.0700649932 0.0821568176 0.453267935 0 0 0
C@CP 3242 0.0284385133 -0.264044508 0.267168728 0 0 0
C@CP 3243 0.206047441 -0.102281052 0.225590269 0 0 0
C@CP 3244 -0.196444004 0.0724997877 -0.253123162 0 0 0
C@CP 3245 -0.355778609 0.119282281 -0.091295411 0 0 0
C@CP 3246 0.232274047 0.125701008 -0.321117725 0 0 0
C@CP 3247 -0.207537172 -0.219391565 0.0512401669 0 0 0
C@CP 3248 -0.0435281276 0.0217061728 0.270587445 0 0 0
C@CP 3249 -0.0400041538 0.158564337 -0.437698085 0 0 0
C@CP 3250 -0.208889488 0.2330029 0.230107408 0 0 0
C@CP 3251 -0.347693635 0.0126464484 0.0251210716 0 0 0
C@CP 3252 -0.0776203707 0.20079617 0.199456624 0 0 0
C@CP 3253 0.209024638 -0.280021556 0.2157083 0 0 0
C@CP 3254 0.104040845 -0.420375491 -0.0894028363 0 0 0
C@CP 3255 0.0342395268 -0.0567052033 -0.257109276 0 0 0
C@CP 3256 0.0642037224 0.22041409 0.0765095497 0 0 0
C@CP 3257 0.279864755 0.171601494 0.125692156 0 0 0
C@CP 3258 -0.207801767 0.115409939 -0.260338367 0 0 0
C@CP 3259 0.072957816 -0.109221096 0.0925756079 0 0 0
C@CP 3260 -0.0564029723 0.098785538 -0.192562608 0 0 0
C@CP 3261 -0.110041019 0.186510016 0.065138864 0 0 0
C@CP 3262 -0.144219835 -0.377788705 -0.191220172 0 0 0
C@CP 3263 0.016308405 0.0441059315 0.366232608 0 0 0
C@CP 3264 -0.0164146358 0.106709438 -0.215116908 0 0 0
C@CP 3265 0.375914082 -0.151454958 0.172922785 0 0 0
C@CP 3266 -0.129698892 -0.0983471695 0.269111787 0 0 0
C@CP 3267 -0.29812827 -0.134334824 -0.0512663214 0 0 0
C@CP 3268 0.0750214716 -0.334129387 0.216840595 0 0 0
C@CP 3269 0.205422902 -0.284145256 -0.0756305203 0 0 0
C@CP 3270 0.378448962 -0.220174779 0.167892969 0 0 0
C@CP 3271 -0.192272937 0.337006322 -0.0180710526 0 0 0
C@CP 3272 0.195705736 0.0179919366 -0.216498365 0 0 0
C@CP 3273 0.302974244 -0.0106720013 0.252620345 0 0 0
C@CP 3274 -0.435304501 -0.0299328362 -0.157869855 0 0 0
C@CP 3275 -0.061289503 -0.215476781 0.375798598 0 0 0
C@CP 3276 0.0587860611 0.172279377 0.212091399 0 0 0
C@CP 3277 -0.313480154 -0.0825387465 0.1535647 0 0 0
C@CP 3278 0.375371654 0.0160724819 -0.120025618 0 0 0
C@CP 3279 0.0788337672 -0.130354252 -0.418771961 0 0 0
C@CP 3280 -0.256757698 -0.10706514 -0.285702865 0 0 0
C@CP 3281 0.16194637 0.211423107 -0.367300432 0 0 0
C@CP 3282 -0.353891058 -0.143096598 -0.0574195899 0 0 0
C@CP 3283 0.106414285 -0.155479805 -0.294437565 0 0 0
C@CP 3284 -0.264410906 -0.160954051 -0.0129250127 0 0 0
C@CP 3285 0.263236386 -0.168485458 -0.0889244746 0 0 0
C@CP 3286 0.0928321437 -0.282383674 -0.0272390727 0 0 0
C@CP 3287 0.0240228587 0.118357323 -0.258771975 0 0 0
C@CP 3288 0.192517467 0.398860844 -0.0109541049 0 0 0
C@CP 3289 0.233812389 0.331670924 0.0857329768 0 0 0
C@CP 3290 -0.188377745 0.33450215 0.0809289967 0 0 0
C@CP 3291 0.0751756063 0.175325222 -0.356898365 0 0 0
C@CP 3292 0.0549250612 -0.137156976 0.203039555 0 0 0
C@CP 3293 0.205503221 -0.271289524 0.0646430053 0 0 0
C@CP 3294 0.237962271 -0.0907381725 -0.148409077 0 0 0
C@CP 3295 -0.304680983 -0.00611360682 0.0931949147 0 0 0
C@CP 3296 0.412270164 0.0497157669 -0.218508386 0 0 0
C@CP 3297 0.0832409705 -0.274773594 -0.0352902761 0 0 0
C@CP 3298 0.162175621 -0.0313897361 0.171692561 0 0 0
C@CP 3299 0.293799573 -0.177450629 -0.0989408088 0 0 0
C@CP 3300 0.188713669 -0.195692851 0.344114585 0 0 0
C@CP 3301 -0.130794507 0.0234681196 -0.204747272 0 0 0
C@CP 3302 -0.226606523 0.218324506 -0.189548293 0 0 0
C@CP 3303 -0.0121746578 -0.103841086 -0.126719902 0 0 0
C@CP 3304 -0.0731445001 0.32124915 0.295397522 0 0 0
C@CP 3305 0.282077385 0.0294696295 0.322060523 0 0 0
C@CP 3306 0.148175665 -0.383052293 -0.1281714 0 0 0
C@CP 3307 0.132995828 -0.0131279575 -0.0809234569 0 0 0
C@CP 3308 -0.106250633 0.00252002758 0.0982657322 0 0 0
C@CP 3309 -0.390934158 0.0549731803 -0.0323501374 0 0 0
C@CP 3310 -0.0386127749 0.204925386 -0.050646613 0 0 0
C@CP 3311 0.122555801 -0.39834648 -0.0282327829 0 0 0
C@CP 3312 -0.0120594576 -0.0344509129 -0.468475035 0 0 0
C@CP 3313 0.0315716425 -0.335539102 0.218837549 0 0 0
C@CP 3314 0.283702202 0.329441096 -0.106112519 0 0 0
C@CP 3315 0.431361158 0.161195222 -0.0209253264 0 0 0
C@CP 3316 -0.191056044 -0.177636525 -0.213275542 0 0 0
C@CP 3317 0.0974773297 -0.028016567 0.250049672 0 0 0
C@CP 3318 0.133642224 0.0859919634 0.195454067 0 0 0
C@CP 3319 0.387317398 0.0217345948 0.0737347866 0 0 0
C@CP 3320 -0.129346545 -0.216571946 -0.26868004 0 0 0
C@CP 3321 0.12384971 -0.120881172 -0.25816246 0 0 0
C@CP 3322 0.052749796 0.147100525 0.236678105 0 0 0
C@CP 3323 0.0842586257 -0.0380532938 -0.173173622 0 0 0
C@CP 3324 0.159058707 0.04735584 0.0217006532 0 0 0
C@CP 3325 -0.292891018 -0.0464124586 -0.118489018 0 0 0
C@CP 3326 -0.1872599 -0.274252097 0.04628646 0 0 0
C@CP 3327 -0.147752113 0.170129952 0.337142289 0 0 0
C@CP 3328 -0.259599376 -0.171316783 -0.305291102 0 0 0
C@CP 3329 0.314507208 0.156604919 0.243988265 0 0 0
C@CP 3330 -0.233363144 -0.162240228 -0.223343788 0 0 0
C@CP 3331 -0.205487778 0.357957434 0.0189519575 0 0 0
C@CP 3332 -0.0276923989 0.277537046 -0.144995254 0 0 0
C@CP 3333 0.0071985339 0.234939542 -0.379434279 0 0 0
C@CP 3334 -0.380897398 0.120534063 0.231676847 0 0 0
C@CP 3335 0.171655287 -0.236078767 0.122250978 0 0 0
C@CP 3336 -0.18576482 0.195399624 0.234329534 0 0 0
C@CP 3337 0.17478092 0.378517444 0.0510352217 0 0 0
C@CP 3338 0.118131537 0.190495724 -0.238501317 0 0 0
C@CP 3339 -0.198652859 0.302876798 0.0628424698 0 0 0
C@CP 3340 -0.135839638 0.339716337 -0.161743303 0 0 0
C@CP 3341 -0.0633304209 -0.354247467 -0.268421695 0 0 0
C@CP 3342 0.0781555026 0.104948672 0.395452832 0 0 0
C@CP 3343 -0.185910153 0.0352092034 0.150013723 0 0 0
C@CP 3344 -0.193925602 -0.170810067 0.401658078 0 0 0
C@CP 3345 -0.174774474 0.184995475 -0.369742706 0 0 0
C@CP 3346 0.295849072 -0.122422899 0.144152537 0 0 0
C@CP 3347 -0.0484959847 -0.0412286015 -0.431360724 0 0 0
C@CP 3348 -0.146626259 -0.188188026 0.209582691 0 0 0
C@CP 3349 -0.154153147 0.0886005377 0.320086032 0 0 0
C@CP 3350 -0.0539776178 0.150032345 0.27323678 0 0 0
C@CP 3351 0.328183277 -0.0986183464 0.131532438 0 0 0
C@CP 3352 -0.0985524929 -0.402921352 -0.171183573 0 0 0
C@CP 3353 -0.223680213 0.0248202422 0.397353509 0 0 0
C@CP 3354 -0.0590063557 -0.0948303446 0.153878453 0 0 0
C@CP 3355 0.04449816 0.32243127 -0.16000898 0 0 0
C@CP 3356 0.0192006058 -0.112456667 -0.0552835934 0 0 0
C@CP 3357 0.386583971 0.0849392053 0.0528342922 0 0 0
C@CP 3358 0.350400317 0.0419542671 0.146704436 0 0 0
C@CP 3359 -0.357714994 -0.128848338 0.0347929538 0 0 0
C@CP 3360 0.179021496 0.318151341 -0.145571953 0 0 0
C@CP 3361 -0.238492962 0.223967462 -0.171523979 0 0 0
C@CP 3362 -0.21991595 0.367518905 0.138329664 0 0 0
C@CP 3363 -0.303266952 -0.200924572 0.00554131454 0 0 0
C@CP 3364 0.0967445276 0.123777129 0.109730347 0 0 0
C@CP 3365 0.0384304531 0.261301442 0.201226303 0 0 0
C@CP 3366 -0.152317253 -0.302253143 0.155366053 0 0 0
C@CP 3367 -0.354731314 -0.0138197057 -0.149545186 0 0 0
C@CP 3368 -0.0934682747 0.260610762 -0.341547836 0 0 0
C@CP 3369 -0.0173314345 0.273538065 0.0947652309 0 0 0
C@CP 3370 0.0752945016 0.186573191 0.344398023 0 0 0
C@CP 3371 0.0403118818 0.455552391 0.06944184 0 0 0
C@CP 3372 -0.10578767 0.342824634 -0.0304329799 0 0 0
C@CP 3373 -0.153343099 0.0233967429 -0.220747705 0 0 0
C@CP 3374 -0.0730965919 0.215876861 0.0484647113 0 0 0
C@CP 3375 -0.0452680226 -0.297822102 -0.206381574 0 0 0
C@CP 3376 0.0721159918 -0.27851836 -0.1620042 0 0 0
C@CP 3377 -0.0313116599 -0.300709415 -0.27064167 0 0 0
C@CP 3378 -0.0406190313 -0.00641566749 0.370785671 0 0 0
C@CP 3379 -0.172395565 0.115972559 -0.0129919485 0 0 0
C@CP 3380 -0.352085556 0.106965045 0.025442942 0 0 0
C@CP 3381 -0.0842695221 -0.386663179 0.128428895 0 0 0
C@CP 3382 -0.116790291 -0.273222585 0.0839514777 0 0 0
C@CP 3383 0.113560623 0.173072086 0.373612364 0 0 0
C@CP 3384 -0.0299666706 -0.334242881 0.299089231 0 0 0
C@CP 3385 -0.21760102 -0.0845758184 -0.00493804124 0 0 0
C@CP 3386 0.0493786034 0.0989990531 0.0721604472 0 0 0
C@CP 3387 0.234134656 0.0238142176 -0.0727609443 0 0 0
C@CP 3388 0.313514416 0.093389371 0.149791286 0 0 0
C@CP 3389 0.196226386 -0.226319924 -0.15891165 0 0 0
C@CP 3390 0.10111899 0.165501746 0.127362207 0 0 0
C@CP 3391 0.158051936 -0.343268053 0.139923114 0 0 0
C@CP 3392 -0.0661713409 -0.133696467 0.238625151 0 0 0
C@CP 3393 -0.393532055 0.0805941119 -0.117773823 0 0 0
C@CP 3394 0.0160315627 -0.120089778 -0.149998668 0 0 0
C@CP 3395 -0.0536261441 0.076078742 0.429021478 0 0 0
C@CP 3396 0.318228167 -0.255394081 0.043563895 0 0 0
C@CP 3397 -0.431366181 -0.0339296287 0.0863957434 0 0 0
C@CP 3398 -0.329005685 -0.135127662 -0.198691554 0 0 0
C@CP 3399 0.24394726 -0.20300633 -0.135684246 0 0 0
C@CP 3400 0.13855161 0.262849303 0.320326443 0 0 0
C@CP 3401 0.0786532676 0.316334126 0.166326137 0 0 0
C@CP 3402 -0.166883501 -0.24930669 0.108869489 0 0 0
C@CP 3403 -0.115928613 -0.0154014438 -0.326840386 0 0 0
C@CP 3404 0.403458524 0.0266746673 0.20913953 0 0 0
C@CP 3405 -0.159001548 0.399884832 -0.0779949886 0 0 0
C@CP 3406 0.0626791449 0.158065806 -0.43226562 0 0 0
C@CP 3407 0.354236416 -0.278303048 0.0886389495 0 0 0
C@CP 3408 -0.131199212 0.00445889167 0.146344212 0 0 0
C@CP 3409 -0.202165616 -0.309784809 0.183709069 0 0 0
C@CP 3410 -0.287713515 -0.312727261 0.0485398224 0 0 0
C@CP 3411 -0.203492331 0.337078922 -0.257858233 0 0 0
C@CP 3412 -0.044340773 0.132389685 0.0400846612 0 0 0
C@CP 3413 0.291768657 0.289679904 0.0467376418 0 0 0
C@CP 3414 -0.161164793 0.358956 -0.161124688 0 0 0
C@CP 3415 0.307354597 0.179492264 -0.0766832383 0 0 0
C@CP 3416 -0.0602829451 -0.0900770643 0.0188335163 0 0 0
C@CP 3417 -0.27841297 0.228396208 -0.276230317 0 0 0
C@CP 3418 -0.0855199253 0.152605991 0.14700331 0 0 0
C@CP 3419 0.170165029 -0.358839675 0.10590531 0 0 0
C@CP 3420 -0.0118136113 -0.396689976 0.0308526672 0 0 0
C@CP 3421 0.0126172153 0.461293861 0.013697433 0 0 0
C@CP 3422 -0.0502381533 -0.0420498954 -0.268149512 0 0 0
C@CP 3423 0.246379184 0.158163779 0.0298008573 0 0 0
C@CP 3424 -0.334654516 -0.159619943 0.201029157 0 0 0
C@CP 3425 -0.0228006131 -0.168413117 -0.334708617 0 0 0
C@CP 3426 -0.189869957 -0.0346698706 -0.337629508 0 0 0
C@CP 3427 -0.155103507 0.135524284 -0.407612072 0 0 0
C@CP 3428 -0.125417673 -0.154183472 0.326442287 0 0 0
C@CP 3429 0.32591295 0.0120757924 0.187471182 0 0 0
C@CP 3430 0.0710629306 0.2490223 0.308073018 0 0 0
C@CP 3431 0.0893103243 -0.25800289 -0.267142726 0 0 0
C@CP 3432 0.0407673457 -0.204917579 -0.190785929 0 0 0
C@CP 3433 -0.269392386 0.336543281 -0.0437910598 0 0 0
C@CP 3434 -0.412705143 0.0677426007 0.0851191203 0 0 0
C@CP 3435 0.353807022 0.185489934 -0.208593635 0 0 0
C@CP 3436 -0.00246280264 0.111990838 0.0484945912 0 0 0
C@CP 3437 0.179906563 0.14905803 0.408182222 0 0 0
C@CP 3438 0.22228291 -0.180697604 -0.362903493 0 0 0
C@CP 3439 -0.101839216 -0.253468981 -0.0382533256 0 0 0
C@CP 3440 -0.0540696636 -0.0544404086 -0.330629068 0 0 0
C@CP 3441 -0.10626675 -0.151163118 -0.386362503 0 0 0
C@CP 3442 -0.133389825 0.0865673411 0.243294057 0 0 0
C@CP 3443 0.114003623 -0.0786801633 0.105726812 0 0 0
C@CP 3444 -0.406269035 -0.0449440692 -0.0446152472 0 0 0
C@CP 3445 -0.236121966 -0.309514973 -0.252048796 0 0 0
C@CP 3446 -0.0635932535 0.266453428 0.0177706401 0 0 0
C@CP 3447 -0.124163809 0.322010812 0.289775769 0 0 0
C@CP 3448 0.0441173809 0.281730116 0.151391249 0 0 0
C@CP 3449 0.127561675 0.0351188362 -0.265016721 0 0 0
C@CP 3450 -0.337440351 0.120660329 0.171715851 0 0 0
C@CP 3451 -0.0574723816 0.134102121 -0.352462434 0 0 0
C@CP 3452 -0.20235097 -0.0698353343 -0.288873571 0 0 0
C@CP 3453 -0.306043331 -0.0761596649 -0.00373190612 0 0 0
C@CP 3454 0.22042284 0.263307121 -0.304598829 0 0 0
C@CP 3455 -0.130990649 0.373715878 0.0355379112 0 0 0
C@CP 3456 -0.0820385959 0.24126599 -0.0458776063 0 0 0
C@CP 3457 -0.186422312 0.132417033 0.120442009 0 0 0
C@CP 3458 -0.390688214 -0.0705135366 -0.186037235 0 0 0
C@CP 3459 0.276862921 -0.207085644 -0.100881523 0 0 0
C@CP 3460 0.143107576 0.0970636471 -0.310023976 0 0 0
C@CP 3461 0.0399868918 -0.0603663618 -0.211180155 0 0 0
C@CP 3462 0.40214383 0.118331077 0.0739146349 0 0 0
C@CP 3463 -0.176627852 -0.228899864 -0.135594105 0 0 0
C@CP 3464 -0.232937182 0.342667447 0.0316360838 0 0 0
C@CP 3465 0.017187084 -0.318993745 0.276595539 0 0 0
C@CP 3466 0.0851930568 -0.204055992 0.298078289 0 0 0
C@CP 3467 -0.356446108 0.250589597 -0.144424913 0 0 0
C@CP 3468 -0.131411732 0.36098129 0.067260872 0 0 0
C@CP 3469 0.176279709 -0.140352074 -0.392010533 0 0 0
C@CP 3470 -0.203055072 -0.0300489647 -0.123060753 0 0 0
C@CP 3471 -0.268095336 0.0195069802 0.0526298668 0 0 0
C@CP 3472 0.441729466 -0.0528275068 -0.125979446 0 0 0
C@CP 3473 -0.231626755 -0.083559147 -0.266572837 0 0 0
C@CP 3474 -0.0746941687 0.106008483 0.309242564 0 0 0
C@CP 3475 -0.036801614 0.407466501 -0.133997982 0 0 0
C@CP 3476 -0.0387283173 0.141206777 0.0505536402 0 0 0
C@CP 3477 -0.181051173 -0.0474539896 -0.239848483 0 0 0
C@CP 3478 -0.00783393269 0.392220182 -0.0240231801 0 0 0
C@CP 3479 -0.299662435 0.146243714 0.298151292 0 0 0
C@CP 3480 -0.195366077 0.375261605 -0.00874366173 0 0 0
C@CP 3481 0.079426115 -0.10054063 0.248926061 0 0 0
C@CP 3482 -0.0843139279 -0.396136924 -0.231810983 0 0 0
C@CP 3483 0.105535728 0.327351121 -0.221284272 0 0 0
C@CP 3484 0.181445632 0.0293221884 -0.183188192 0 0 0
C@CP 3485 0.205666382 -0.145047822 -0.400959256 0 0 0
C@CP 3486 -0.29182852 0.149947019 -0.245797264 0 0 0
C@CP 3487 -0.00971910758 -0.26609415 0.246729112 0 0 0
C@CP 3488 -0.329391954 -0.184821669 -0.208758879 0 0 0
C@CP 3489 -0.363198298 -0.0820201599 -0.00126208579 0 0 0
C@CP 3490 -0.0108272733 -0.0120863402 0.474843079 0 0 0
C@CP 3491 0.0930488426 0.12136124 0.302625536 0 0 0
C@CP 3492 -0.0936409595 0.0405238904 0.0528471154 0 0 0
C@CP 3493 -0.362847995 -0.21671207 -0.106087467 0 0 0
C@CP 3494 0.161977678 0.0671568684 0.303854601 0 0 0
C@CP 3495 0.283290419 0.154723394 0.0129846452 0 0 0
C@CP 3496 -0.080148159 -0.146710394 0.07891275 0 0 0
C@CP 3497 0.0443588633 0.10006759 -0.1713567 0 0 0
C@CP 3498 -0.0942755232 0.255644077 0.265106276 0 0 0
C@CP 3499 -0.132312244 0.227810999 0.21296143 0 0 0
