B@CP 1000 -0.3200026 -0.146520458 0.0332314487 0 0 0
B@CP 1002 -0.117170232 -0.0997194949 -0.173122189 0 0 0
B@CP 1003 -0.058912244 -0.165832565 0.268629225 0 0 0
B@CP 1006 -0.226870148 0.161409186 0.348308205 0 0 0
B@CP 1007 0.0894308963 0.376965534 -0.16738389 0 0 0
B@CP 1008 -0.0693985125 0.128394831 0.143915117 0 0 0
B@CP 1011 -0.00852088479 0.0635003549 -0.404281567 0 0 0
B@CP 1015 -6.97304773e-05 -0.191193182 -0.360581819 0 0 0
B@CP 1019 0.252657855 -0.0208511481 0.262052684 0 0 0
B@CP 1024 -0.152040341 0.420335346 -0.0747131507 0 0 0
B@CP 1036 -0.235374487 0.0173047501 -0.400462619 0 0 0
B@CP 1037 -0.0332228363 0.0116816262 -0.276935782 0 0 0
B@CP 1042 -0.00635463598 0.0997924874 -0.0544958602 0 0 0
B@CP 1045 -0.203161065 0.256049955 -0.102365509 0 0 0
B@CP 1047 -0.0867763685 0.142424455 0.387584483 0 0 0
B@CP 1049 -0.0632415514 -0.297503152 -0.0264441868 0 0 0
B@CP 1052 -0.0549043672 -0.0169565061 0.347443633 0 0 0
B@CP 1056 0.370424945 0.0784334646 -0.134205869 0 0 0
B@CP 1058 -0.206811719 0.04820664 -0.271077502 0 0 0
B@CP 1062 0.0191962368 0.387892932 0.0821454847 0 0 0
B@CP 1063 -0.0329802532 -0.19829082 -0.264715826 0 0 0
B@CP 1064 -0.162299286 0.160433302 0.405140672 0 0 0
B@CP 1066 0.1375025 -0.087840902 -0.318155115 0 0 0
B@CP 1067 0.082332447 -0.249094517 0.251218853 0 0 0
B@CP 1073 -0.145595007 0.12998594 0.00893652985 0 0 0
B@CP 1078 0.197879956 -0.419208423 -0.0712327505 0 0 0
B@CP 1080 0.234245617 0.158798308 0.0996733598 0 0 0
B@CP 1083 0.175646105 -0.0819120922 -0.198707573 0 0 0
B@CP 1087 0.0118962649 0.0661337195 -0.417738787 0 0 0
B@CP 1088 -0.168469984 0.0805520105 0.151103605 0 0 0
B@CP 1089 -0.0210898987 -0.10156921 -0.272665999 0 0 0
B@CP 1090 -0.230100624 0.0674671718 0.358620673 0 0 0
B@CP 1091 -0.361631824 0.101966669 -0.261660395 0 0 0
B@CP 1096 -0.158418824 0.0249249598 0.0984331929 0 0 0
B@CP 1101 0.333572514 0.130107903 -0.279491504 0 0 0
B@CP 1103 0.156084155 0.0748913564 0.0162121275 0 0 0
B@CP 1105 0.131064765 -0.160938571 -0.30795658 0 0 0
B@CP 1107 -0.173910256 0.0560917734 0.335279674 0 0 0
B@CP 1110 0.312470004 -0.031465377 0.222117677 0 0 0
B@CP 1113 -0.404955364 -0.0443630705 -0.119182932 0 0 0
B@CP 1116 -0.0995470683 0.174715653 -0.0548928052 0 0 0
B@CP 1117 0.289786175 0.216580233 0.126943714 0 0 0
B@CP 1118 0.0521450733 -0.0463895934 0.191271838 0 0 0
B@CP 1119 0.0384846381 0.212333809 0.291363792 0 0 0
B@CP 1121 -0.0736961653 -0.393863499 -0.15216603 0 0 0
B@CP 1125 0.0754810821 -0.27620972 0.34008004 0 0 0
B@CP 1129 -0.0197562949 -0.0632803677 -0.263797341 0 0 0
B@CP 1130 -0.0834861102 0.195994709 0.133179722 0 0 0
B@CP 1131 0.0338239359 -0.0495971857 0.248657143 0 0 0
B@CP 1133 0.130498163 -0.137344219 0.371176336 0 0 0
B@CP 1136 0.229886279 0.214475213 0.154822743 0 0 0
B@CP 1139 0.163481529 0.0450356462 -0.0135522855 0 0 0
B@CP 1145 0.220561757 -0.22375714 -0.200382883 0 0 0
B@CP 1148 -0.407973122 -0.196515255 0.049117925 0 0 0
B@CP 1151 0.00585855507 -0.363806206 0.00938750159 0 0 0
B@CP 1156 -0.0272852288 0.255718888 0.0603123125 0 0 0
B@CP 1157 -0.19758001 -0.128525282 -0.00588266303 0 0 0
B@CP 1163 -0.165682962 0.0760959014 0.14443158 0 0 0
B@CP 1165 0.0461732538 0.240623775 0.34318714 0 0 0
B@CP 1167 -0.286419032 0.336475741 -0.106054218 0 0 0
B@CP 1170 -0.0504098628 0.272986988 0.101245996 0 0 0
B@CP 1173 -0.137811195 0.0377226233 0.0805926464 0 0 0
B@CP 1175 -0.184417576 0.173148178 0.204685536 0 0 0
B@CP 1176 0.0529646625 0.140017405 0.0204544984 0 0 0
B@CP 1178 -0.192413492 0.150537853 -0.216165419 0 0 0
B@CP 1180 -0.149883089 -0.000613456585 0.433101737 0 0 0
B@CP 1188 0.113598574 0.0129284165 -0.101504281 0 0 0
B@CP 1189 -0.066417182 -0.136838182 -0.137510672 0 0 0
B@CP 1191 -0.210665305 -0.10126881 0.053888833 0 0 0
B@CP 1196 -0.120571073 -0.0724097179 0.371688589 0 0 0
B@CP 1201 -0.0907705732 0.0419846645 -0.0759761601 0 0 0
B@CP 1203 0.4231411 0.0794996906 0.0797239103 0 0 0
B@CP 1205 0.291112888 0.159496587 -0.117023159 0 0 0
B@CP 1206 -0.194905108 -0.0877863526 0.186513858 0 0 0
B@CP 1210 0.394151827 0.00647274575 -0.11482476 0 0 0
B@CP 1212 0.168571811 -0.0836777376 0.0971972617 0 0 0
B@CP 1214 -0.0508818933 -0.268573584 -0.0257721025 0 0 0
B@CP 1215 -0.389623165 0.0466815117 0.0579093083 0 0 0
B@CP 1216 -0.42297582 0.0860209658 -0.087648567 0 0 0
B@CP 1222 -0.231065679 -0.00856612491 0.278430926 0 0 0
B@CP 1226 -0.113225042 -0.134612814 -0.116930773 0 0 0
B@CP 1232 0.154533733 -0.395617935 -0.154108872 0 0 0
B@CP 1238 -0.417683118 0.124072529 0.0798291865 0 0 0
B@CP 1242 0.242845279 0.16373285 0.157783253 0 0 0
B@CP 1243 0.231340421 0.274661145 -0.175772761 0 0 0
B@CP 1246 0.0954545475 -0.192891486 0.325123366 0 0 0
B@CP 1247 0.084751171 -0.0187039046 -0.385972657 0 0 0
B@CP 1250 -0.179328582 -0.179270023 0.353129866 0 0 0
B@CP 1253 -0.180365325 -0.00814079736 0.306019696 0 0 0
B@CP 1255 0.258862416 0.229242501 0.179720686 0 0 0
B@CP 1256 -0.20137369 -0.0653406317 0.377031022 0 0 0
B@CP 1257 0.0808984926 0.207813118 -0.337640829 0 0 0
B@CP 1259 -0.0538168272 0.406332897 -0.0687543331 0 0 0
B@CP 1263 0.254971299 -0.213735204 0.0045805428 0 0 0
B@CP 1264 -0.368116777 0.0955395203 -0.10126736 0 0 0
B@CP 1268 0.211084465 -0.148059435 -0.376698666 0 0 0
B@CP 1269 0.170107615 -0.124512774 -0.156418295 0 0 0
B@CP 1273 -0.0649169793 0.380781204 0.160967787 0 0 0
B@CP 1274 -0.0715433531 -0.210519934 -0.312114198 0 0 0
B@CP 1275 0.220921727 0.232944631 0.216760106 0 0 0
B@CP 1276 0.398849213 0.194326064 0.0198856045 0 0 0
B@CP 1282 -0.292175617 -0.174766632 -0.233061457 0 0 0
B@CP 1283 0.294581156 0.132115133 -0.00501837129 0 0 0
B@CP 1284 0.149472254 0.405765273 -0.00495502275 0 0 0
B@CP 1291 -0.27064032 -0.394013344 -0.0346045095 0 0 0
B@CP 1292 0.000485798236 -0.0155106436 0.302592406 0 0 0
B@CP 1305 -0.34608095 0.0178000128 -0.196638662 0 0 0
B@CP 1308 0.102286243 -0.323187508 0.299395742 0 0 0
B@CP 1312 0.251068512 -0.266887973 -0.183033375 0 0 0
B@CP 1313 -0.313680376 0.0527872169 0.204751841 0 0 0
B@CP 1316 0.191407657 -0.153008777 -0.316731301 0 0 0
B@CP 1317 0.0979557694 -0.26656894 0.0406131789 0 0 0
B@CP 1324 -0.121722808 0.149553976 -0.0369449792 0 0 0
B@CP 1326 0.0680814261 -0.120701151 -0.350553858 0 0 0
B@CP 1329 0.0297344177 0.164773989 -0.120667991 0 0 0
B@CP 1331 0.0801162033 0.228848953 -0.226723797 0 0 0
B@CP 1333 -0.136784686 -0.0379752599 -0.413702816 0 0 0
B@CP 1340 0.187595721 -0.048243993 -0.27362584 0 0 0
B@CP 1344 0.377205664 -0.0165776916 -0.0193119316 0 0 0
B@CP 1348 0.453841973 0.0236284338 -0.0223514411 0 0 0
B@CP 1350 -0.0187411952 -0.281834409 -0.330620698 0 0 0
B@CP 1355 -0.142273326 -0.130602212 -0.288845135 0 0 0
B@CP 1360 0.0642376074 0.291387527 0.0163262463 0 0 0
B@CP 1361 0.289894624 0.149924536 -0.223365949 0 0 0
B@CP 1362 0.252983145 0.229627928 0.0265023754 0 0 0
B@CP 1365 -0.0217379975 -0.269588703 -0.240694228 0 0 0
B@CP 1367 0.192074164 -0.0373187321 -0.023321386 0 0 0
B@CP 1368 -0.0125335941 0.16428247 0.0770324192 0 0 0
B@CP 1370 -0.271984868 -0.0397269479 -0.135502091 0 0 0
B@CP 1371 0.101839769 -0.405206075 -0.0878334266 0 0 0
B@CP 1376 0.0985407247 0.349279211 0.0630051371 0 0 0
B@CP 1380 0.111669406 -0.184523049 0.189742077 0 0 0
B@CP 1391 0.140605321 -0.306399586 0.312488852 0 0 0
B@CP 1393 0.352662047 -0.160875632 0.106741407 0 0 0
B@CP 1395 0.12312282 0.0257385957 0.0830629367 0 0 0
B@CP 1396 -0.288862604 0.245553425 -0.226153096 0 0 0
B@CP 1397 -0.378849424 0.0533705501 -0.194843818 0 0 0
B@CP 1402 -0.2678933 0.0518088899 0.317930234 0 0 0
B@CP 1404 -0.0153047971 -0.165806705 -0.362393633 0 0 0
B@CP 1406 -0.168620684 -0.066326758 0.0339118118 0 0 0
B@CP 1410 0.188834247 0.258593637 0.291450313 0 0 0
B@CP 1413 -0.0430340249 0.137329122 0.149845986 0 0 0
B@CP 1416 0.0579988375 0.295457664 -0.0791720429 0 0 0
B@CP 1417 -0.295135731 0.250213236 0.242981805 0 0 0
B@CP 1419 0.168978621 0.137814146 -0.339238682 0 0 0
B@CP 1428 0.0876748614 0.42309595 -0.0810351759 0 0 0
B@CP 1430 -0.167477334 0.355383519 -0.139153794 0 0 0
B@CP 1431 0.311590871 -0.300890303 0.0207540957 0 0 0
B@CP 1435 0.120119734 -0.2439975 -0.310262633 0 0 0
B@CP 1437 -0.293320969 0.0699207573 0.240293722 0 0 0
B@CP 1443 -0.429175567 -0.0922987254 0.141241737 0 0 0
B@CP 1445 0.180090388 -0.331118461 0.144867347 0 0 0
B@CP 1446 -0.151989421 0.166665657 0.00521327022 0 0 0
B@CP 1453 0.317610307 -0.245436459 0.0415269742 0 0 0
B@CP 1454 0.125500637 0.225987136 0.355490463 0 0 0
B@CP 1456 0.208666549 0.110334661 0.262122143 0 0 0
B@CP 1461 -0.0652169104 -0.0256521188 0.288475907 0 0 0
B@CP 1462 0.188522558 0.320134212 0.0604261338 0 0 0
B@CP 1463 0.17829459 0.15808311 0.154589632 0 0 0
B@CP 1467 -0.0892819958 0.0877108652 0.425658379 0 0 0
B@CP 1469 0.0151329099 0.320950414 0.21793255 0 0 0
B@CP 1472 0.0929105913 0.222124589 0.0989873612 0 0 0
B@CP 1473 0.0623869297 -0.156050419 -0.186061118 0 0 0
B@CP 1477 -0.30772325 0.0193707057 -0.080081882 0 0 0
B@CP 1478 0.162392977 0.254485535 0.323136728 0 0 0
B@CP 1481 -0.00190591763 0.231795707 0.108216606 0 0 0
B@CP 1484 0.216739749 -0.249774577 0.0977086337 0 0 0
B@CP 1486 0.268942147 0.315391677 0.172465802 0 0 0
B@CP 1487 -0.141550569 0.433142156 0.0500126473 0 0 0
B@CP 1488 0.0921638336 -0.0593675269 0.294275097 0 0 0
B@CP 1492 0.35057086 0.00531776196 -0.257532281 0 0 0
B@CP 1493 -0.348843033 -0.263688364 0.0153258573 0 0 0
B@CP 1495 0.184416075 -0.291544676 -0.178935253 0 0 0
B@CP 1499 0.353251526 0.235425475 0.100650244 0 0 0
B@CP 1501 -0.0473651354 -0.0266470222 -0.259041761 0 0 0
B@CP 1503 0.245084905 0.0126115813 -0.329046882 0 0 0
B@CP 1506 -0.0885398657 -0.399254146 -0.185364163 0 0 0
B@CP 1507 0.411759165 -0.0696817926 0.165096153 0 0 0
B@CP 1508 0.0839043855 0.262930645 0.2998182 0 0 0
B@CP 1512 -0.0346120978 0.01331914 0.339759236 0 0 0
B@CP 1516 -0.293213874 0.171836778 0.275306716 0 0 0
B@CP 1518 0.0446651028 -0.0379751448 0.301105854 0 0 0
B@CP 1523 0.22901561 0.048672808 -0.398075843 0 0 0
B@CP 1524 0.0425145936 -0.328698862 -0.0658685982 0 0 0
B@CP 1526 0.0658026242 0.257784541 -0.193364439 0 0 0
B@CP 1530 0.295869755 -0.165007996 -0.28093409 0 0 0
B@CP 1531 -0.126445021 -0.249105909 -0.362409617 0 0 0
B@CP 1532 -0.287128136 -0.0943079103 0.0429819948 0 0 0
B@CP 1534 -0.0296691699 0.0847900868 -0.347879066 0 0 0
B@CP 1535 0.259369467 0.220078167 -0.0332052684 0 0 0
B@CP 1536 0.0490223781 0.0852057096 -0.228825168 0 0 0
B@CP 1541 -0.235518818 -0.0392143075 -0.346798815 0 0 0
B@CP 1542 0.152740053 -0.395106821 -0.0572127309 0 0 0
B@CP 1543 -0.026439515 -0.358347955 -0.119546741 0 0 0
B@CP 1546 0.221617499 0.160089096 -0.296667175 0 0 0
B@CP 1556 -0.161948958 -0.306036766 0.0448260505 0 0 0
B@CP 1557 0.261926465 -0.373452664 -0.00541932189 0 0 0
B@CP 1558 -0.00319410094 -0.0330025165 0.176008494 0 0 0
B@CP 1565 -0.184431561 -0.135955256 -0.000546289574 0 0 0
B@CP 1568 -0.105717328 -0.307005333 0.327322349 0 0 0
B@CP 1573 -0.258295895 0.0184009364 -0.0601981125 0 0 0
B@CP 1578 -0.0706073419 -0.208791733 0.0937442839 0 0 0
B@CP 1586 -0.258643138 -0.317689997 0.100892566 0 0 0
B@CP 1597 -0.084417765 0.122331245 0.293125859 0 0 0
B@CP 1599 -0.131233086 -0.172486095 -0.306832392 0 0 0
B@CP 1600 0.165762049 -0.104764567 0.346970826 0 0 0
B@CP 1602 -0.0669128759 -0.137991912 -0.355233118 0 0 0
B@CP 1603 0.269204492 0.131123626 -0.254299068 0 0 0
B@CP 1604 -0.17694753 -0.0299220553 -0.125833321 0 0 0
B@CP 1605 -0.376923907 -0.245848578 -0.16887328 0 0 0
B@CP 1611 -0.225788814 0.227702279 -0.116999328 0 0 0
B@CP 1625 0.258453049 -0.265750239 -0.248904868 0 0 0
B@CP 1635 -0.0300839873 0.0586246427 0.305124704 0 0 0
B@CP 1637 -0.0497179207 -0.338150089 -0.147813194 0 0 0
B@CP 1638 -0.283328855 0.353877657 -0.0787292759 0 0 0
B@CP 1640 -0.0747930806 -0.184642896 -0.219089647 0 0 0
B@CP 1641 -0.349436815 -0.130734826 -0.197756324 0 0 0
B@CP 1646 -0.0477641129 0.126297213 0.268239963 0 0 0
B@CP 1650 0.158271304 0.37310485 0.0605714141 0 0 0
B@CP 1651 0.0308246884 0.00995207717 0.105632923 0 0 0
B@CP 1652 -0.0736336268 -0.126188542 -0.0713794806 0 0 0
B@CP 1656 0.0501889551 -0.187044388 -0.351236786 0 0 0
B@CP 1665 -0.0371937237 -0.193240001 0.156843458 0 0 0
B@CP 1670 0.361207337 0.105577798 0.166058454 0 0 0
B@CP 1671 -0.0995832349 -0.0306418062 0.327983019 0 0 0
B@CP 1674 -0.0373699823 -0.337183657 0.272759643 0 0 0
B@CP 1676 -0.0748946479 -0.234299879 0.240588196 0 0 0
B@CP 1681 0.0788396619 -0.292874876 -0.314447761 0 0 0
B@CP 1684 -0.100097991 0.0958859273 -0.312129311 0 0 0
B@CP 1687 0.104120094 -0.255086051 0.165922423 0 0 0
B@CP 1690 0.288574967 0.187834019 -0.243730032 0 0 0
B@CP 1692 -0.136393325 -0.187136612 -0.148462276 0 0 0
B@CP 1693 0.116907363 0.444755947 -0.0327697646 0 0 0
B@CP 1695 -0.0311015533 -0.343341618 -0.207764001 0 0 0
B@CP 1696 -0.352853588 -0.00590012777 -0.0798231336 0 0 0
B@CP 1697 -0.0579649382 0.308419862 0.223488372 0 0 0
B@CP 1698 -0.00717825617 0.178609622 0.19071805 0 0 0
B@CP 1699 0.252161648 -0.00416266487 0.0334878662 0 0 0
B@CP 1702 -0.0626792962 0.247943261 0.365240712 0 0 0
B@CP 1707 0.148263832 0.273145533 -0.0448402871 0 0 0
B@CP 1708 0.090506402 0.0593427447 0.352387984 0 0 0
B@CP 1710 0.0374938584 -0.313766797 -0.288917984 0 0 0
B@CP 1714 0.101977413 0.00887082376 0.261576879 0 0 0
B@CP 1715 -0.209635476 -0.0719770121 -0.149886428 0 0 0
B@CP 1724 -0.189385522 0.119259374 -0.196406069 0 0 0
B@CP 1725 0.237411856 0.291305442 0.248040517 0 0 0
B@CP 1726 0.281791568 0.0478538304 -0.148411978 0 0 0
B@CP 1731 0.089662938 0.101681935 -0.366761374 0 0 0
B@CP 1733 -0.0727539568 -0.253705499 0.373340226 0 0 0
B@CP 1735 -0.135059772 -0.0466553137 0.00716144028 0 0 0
B@CP 1741 0.181304226 0.0451004797 0.319964417 0 0 0
B@CP 1742 0.260130029 0.0362342387 0.0912867327 0 0 0
B@CP 1745 0.314932962 0.247645395 0.113806617 0 0 0
B@CP 1747 -0.0210168923 0.103999273 -0.047127537 0 0 0
B@CP 1750 0.219109957 -0.011775518 0.282057002 0 0 0
B@CP 1751 -0.158114346 -0.2327029 -0.30724684 0 0 0
B@CP 1755 -0.335271702 -0.100664548 0.225641151 0 0 0
B@CP 1757 0.175167613 -0.257361741 -0.181226698 0 0 0
B@CP 1762 0.0142177092 -0.27043127 -0.0409331001 0 0 0
B@CP 1767 -0.022600914 0.201163672 -0.18188673 0 0 0
B@CP 1770 0.365204374 0.0561480318 -0.0835865545 0 0 0
B@CP 1778 0.357977326 -0.0701499931 0.214329207 0 0 0
B@CP 1779 0.133497064 -0.374212007 0.0385730024 0 0 0
B@CP 1782 0.0842632776 0.159856438 0.0418928852 0 0 0
B@CP 1784 0.136800781 -0.367796092 -0.213549048 0 0 0
B@CP 1793 0.0523222236 0.220891809 -0.322480268 0 0 0
B@CP 1800 0.0241491719 0.317755565 0.0658032452 0 0 0
B@CP 1803 0.377606563 0.234506625 0.0743364568 0 0 0
B@CP 1804 -0.425040561 -0.0775970922 0.185197896 0 0 0
B@CP 1814 0.204685618 -0.362313172 0.0545631142 0 0 0
B@CP 1816 -0.195263239 0.073684285 0.377155549 0 0 0
B@CP 1820 -0.30773991 0.0763215741 0.268395761 0 0 0
B@CP 1822 -0.0559261675 -0.319963925 0.161160831 0 0 0
B@CP 1827 -0.287996491 -0.209219597 -0.21052953 0 0 0
B@CP 1828 -0.25416115 -0.0492315885 0.0107238936 0 0 0
B@CP 1835 0.303710907 -0.00365224226 0.164371777 0 0 0
B@CP 1837 -0.195026726 -0.175004249 -0.181882268 0 0 0
B@CP 1842 -0.221476386 0.00918458944 0.232213477 0 0 0
B@CP 1843 0.421898415 -0.0556316714 -0.0101708011 0 0 0
B@CP 1845 0.0729384115 -0.0425140116 -0.14987066 0 0 0
B@CP 1848 -0.137021091 0.149797687 -0.283149183 0 0 0
B@CP 1852 -0.0510998918 -0.1951924 0.209489464 0 0 0
B@CP 1856 0.417105555 0.0583964503 0.227486018 0 0 0
B@CP 1858 0.250613958 -0.220943244 0.234098742 0 0 0
B@CP 1859 -0.159821694 -0.0105799986 0.111768508 0 0 0
B@CP 1862 0.290095868 -0.10625606 -0.13284647 0 0 0
B@CP 1863 -0.13417081 -0.24306117 0.0325593177 0 0 0
B@CP 1864 -0.351921772 0.0683684399 -0.24741359 0 0 0
B@CP 1867 -0.312469034 0.304271166 -0.086557561 0 0 0
B@CP 1871 -0.17011078 -0.0942870625 -0.358098564 0 0 0
B@CP 1873 0.0147289376 -0.0581553396 0.397908608 0 0 0
B@CP 1876 -0.141312989 -0.0347273567 0.321261846 0 0 0
B@CP 1878 0.144681899 -0.223529361 -0.213187337 0 0 0
B@CP 1883 -0.21132235 -0.238189395 0.0546050026 0 0 0
B@CP 1886 -0.0305139088 -0.370994527 -0.0605949306 0 0 0
B@CP 1891 0.0293794906 -0.36518034 -0.085720943 0 0 0
B@CP 1893 -0.0811042666 -0.162896586 0.349465574 0 0 0
B@CP 1894 0.248224171 -0.267667587 0.0880939909 0 0 0
B@CP 1897 -0.181043688 -0.0167140601 0.0902076309 0 0 0
B@CP 1901 -0.437029541 -0.0123666176 0.019056939 0 0 0
B@CP 1903 -0.112045653 0.0378868659 -0.226635695 0 0 0
B@CP 1905 -0.287615569 -0.187053305 0.284560961 0 0 0
B@CP 1908 -0.138993892 0.0612946962 0.1834903 0 0 0
B@CP 1913 0.318635916 -0.121447696 0.187149083 0 0 0
B@CP 1914 0.157568959 -0.086453597 0.0552166055 0 0 0
B@CP 1918 0.104516592 -0.0182138328 -0.451398593 0 0 0
B@CP 1919 0.269307488 -0.221925902 -0.292457535 0 0 0
B@CP 1924 -0.00672960715 0.100269212 0.0590627792 0 0 0
B@CP 1926 -0.255420088 0.0279708653 -0.22495528 0 0 0
B@CP 1927 0.316277877 -0.0807778795 -0.326664383 0 0 0
B@CP 1929 -0.15531587 0.267184669 0.15511446 0 0 0
B@CP 1936 -0.139976122 0.339844697 0.0941786225 0 0 0
B@CP 1940 0.0384547244 -0.131028439 -0.0576686879 0 0 0
B@CP 1941 -0.146805508 0.211560392 0.178595589 0 0 0
B@CP 1944 0.189728971 -0.311271402 -0.0846968609 0 0 0
B@CP 1945 0.308769304 0.0826957033 0.310341159 0 0 0
B@CP 1948 0.441041289 -0.0771141492 -0.0164612164 0 0 0
B@CP 1949 0.115126525 0.206108779 0.331772672 0 0 0
B@CP 1953 -0.368001268 -0.0649315441 0.0846208469 0 0 0
B@CP 1958 0.0463297731 0.213596141 0.114835376 0 0 0
B@CP 1959 -0.0886262815 0.292493571 -0.027499844 0 0 0
B@CP 1961 -0.121057479 0.17482503 0.365725156 0 0 0
B@CP 1963 -0.136023449 0.166448681 -0.273530726 0 0 0
B@CP 1964 -0.0766421723 -0.253627782 0.287863767 0 0 0
B@CP 1966 0.0110002062 -0.445980698 -0.12440359 0 0 0
B@CP 1968 0.110532466 0.0560922915 -0.38815238 0 0 0
B@CP 1969 0.119432624 -0.172719083 -0.221337544 0 0 0
B@CP 1970 -0.216628434 0.214264312 -0.187129542 0 0 0
B@CP 1972 0.237707684 0.253413702 0.181424265 0 0 0
B@CP 1973 0.386610541 -0.0475857221 -0.263991823 0 0 0
B@CP 1978 0.224919275 -0.133956501 -0.292552126 0 0 0
B@CP 1979 0.0300138336 0.327660143 -0.0869971748 0 0 0
B@CP 1987 0.0564005631 -0.312791435 -0.103015238 0 0 0
B@CP 1989 0.137690134 -0.344770873 -0.155387571 0 0 0
B@CP 1992 -0.175372069 -0.0926458929 -0.0831502771 0 0 0
B@CP 1996 0.265631986 -0.353339719 -0.106198803 0 0 0
B@CP 1997 -0.220845745 0.30949115 -0.257917455 0 0 0
B@CP 2003 0.342023766 -0.115694971 0.0402842911 0 0 0
B@CP 2006 0.0702770376 -0.00764816461 -0.22692364 0 0 0
B@CP 2008 0.0626827776 -0.3309504 -0.040902035 0 0 0
B@CP 2009 0.0931571696 -0.188018612 0.131142641 0 0 0
B@CP 2011 0.0788015645 -0.317280938 -0.115759614 0 0 0
B@CP 2013 -0.0540137116 0.396512012 -0.102420687 0 0 0
B@CP 2014 -0.0462974835 -0.029732153 0.271601666 0 0 0
B@CP 2015 -0.165194525 0.0565796848 -0.196611961 0 0 0
B@CP 2016 -0.184175613 -0.347637082 -0.173784874 0 0 0
B@CP 2020 -0.00206090835 0.189027213 -0.384258355 0 0 0
B@CP 2024 0.158560721 -0.108156193 0.0187811103 0 0 0
B@CP 2025 -0.238432396 0.217687218 -0.116822433 0 0 0
B@CP 2027 0.171388333 0.127325417 0.214489153 0 0 0
B@CP 2028 0.0200778095 0.173383372 -0.04235659 0 0 0
B@CP 2035 0.257206072 -0.203822052 0.174263761 0 0 0
B@CP 2039 -0.0250915509 -0.170085727 -0.35027958 0 0 0
B@CP 2041 0.00691890354 0.126477028 -0.168814912 0 0 0
B@CP 2043 -0.0334870442 0.321520213 -0.235869386 0 0 0
B@CP 2044 -0.325736876 0.145269234 0.155140882 0 0 0
B@CP 2045 0.276906615 0.184880564 0.322348348 0 0 0
B@CP 2062 -0.216967631 0.39053442 -0.0864747519 0 0 0
B@CP 2063 0.281805999 0.328301675 -0.0440425513 0 0 0
B@CP 2066 -0.0860744736 0.113083636 0.253944891 0 0 0
B@CP 2068 -0.116649757 -0.110489667 -0.145508783 0 0 0
B@CP 2072 0.139699648 0.357920838 -0.171730525 0 0 0
B@CP 2074 -0.0270889861 0.303780369 -0.318683843 0 0 0
B@CP 2076 0.301399386 0.18158328 0.274642132 0 0 0
B@CP 2079 0.216205731 -0.151631865 0.126306292 0 0 0
B@CP 2086 0.175447592 -0.0352810629 -0.273083599 0 0 0
B@CP 2088 -0.0921446077 0.315102532 0.212549262 0 0 0
B@CP 2092 -0.20022017 -0.26580178 -0.244178061 0 0 0
B@CP 2093 0.320639719 0.102098059 0.121897737 0 0 0
B@CP 2099 -0.325047431 0.104538604 0.183157468 0 0 0
B@CP 2107 0.117239851 -0.0657053666 0.411771125 0 0 0
B@CP 2114 -0.132697085 0.0430759204 0.241407657 0 0 0
B@CP 2115 0.0462347103 0.0227523494 -0.434062294 0 0 0
B@CP 2117 -0.116754934 -0.346869685 0.0533005745 0 0 0
B@CP 2119 0.116123956 0.0703285342 -0.155305242 0 0 0
B@CP 2120 -0.0338727381 -0.152816027 -0.440831458 0 0 0
B@CP 2122 0.0921518738 -0.280905252 -0.00827404987 0 0 0
B@CP 2126 -0.202411904 0.0752089057 0.120041972 0 0 0
B@CP 2130 0.180401092 -0.305604061 -0.120265271 0 0 0
B@CP 2131 -0.0334385567 0.0341749672 -0.195723056 0 0 0
B@CP 2132 0.0506305758 -0.134201577 -0.372526682 0 0 0
B@CP 2134 0.216610217 0.279570367 -0.065977225 0 0 0
B@CP 2136 0.0717039161 0.0819897162 0.13553116 0 0 0
B@CP 2137 -0.168794135 0.237301554 0.0707940749 0 0 0
B@CP 2138 -0.0605394158 -0.0567858502 -0.313553044 0 0 0
B@CP 2143 -0.0622755735 0.101950582 -0.354300538 0 0 0
B@CP 2151 -0.189220726 -0.0829088789 -0.140745045 0 0 0
B@CP 2152 0.0616420667 -0.254263602 0.255959462 0 0 0
B@CP 2163 -0.265769574 0.0271309019 -0.307380481 0 0 0
B@CP 2169 0.0663809911 0.233467797 -0.0448715866 0 0 0
B@CP 2174 -0.121402435 0.287880091 -0.292108795 0 0 0
B@CP 2175 0.0994360815 -0.193353547 0.0238959501 0 0 0
B@CP 2177 -0.0269206442 -0.0420343488 -0.255074281 0 0 0
B@CP 2183 -0.35182496 0.0104874546 0.244357816 0 0 0
B@CP 2184 0.0248705789 0.285207018 -0.237200663 0 0 0
B@CP 2195 0.0481618734 0.0326704674 -0.396877555 0 0 0
B@CP 2201 -0.199197746 -0.388386522 0.123118345 0 0 0
B@CP 2202 0.326962688 -0.0763117948 0.198111478 0 0 0
B@CP 2205 -0.0748923206 -0.362029608 -0.127056262 0 0 0
B@CP 2206 0.0250740251 -0.418287084 0.0374300443 0 0 0
B@CP 2209 -0.130243182 0.42391766 -0.0752376827 0 0 0
B@CP 2211 0.0268213517 -0.0804934763 -0.313661667 0 0 0
B@CP 2212 -0.29919867 -0.0530819351 0.132490351 0 0 0
B@CP 2214 0.184351447 -0.136611902 0.401131485 0 0 0
B@CP 2215 -0.114247489 0.286133657 -0.346333762 0 0 0
B@CP 2223 -0.0927619776 -0.347283352 0.203376202 0 0 0
B@CP 2225 -0.181441463 0.048622945 0.191649249 0 0 0
B@CP 2228 0.219135587 -0.285485912 0.164850368 0 0 0
B@CP 2233 -0.111649967 0.11929452 0.213394576 0 0 0
B@CP 2245 -0.0291797211 0.106488251 -0.406139786 0 0 0
B@CP 2248 0.302235321 -0.0369715412 0.220368827 0 0 0
B@CP 2251 0.193896145 0.0219459946 -0.214039156 0 0 0
B@CP 2253 -0.226361161 -0.266636792 -0.0698623199 0 0 0
B@CP 2254 0.365933644 -0.0103436318 -0.15239351 0 0 0
B@CP 2259 -0.342602366 -0.203122146 0.0742665388 0 0 0
B@CP 2260 0.210450211 0.205182095 -0.374014566 0 0 0
B@CP 2262 0.170006283 0.209699442 0.0637443589 0 0 0
B@CP 2265 -0.333363338 -0.109064579 0.205103433 0 0 0
B@CP 2267 0.216036716 0.0129434013 0.211585157 0 0 0
B@CP 2268 0.00757881247 -0.27001157 -0.118182127 0 0 0
B@CP 2272 -0.141882186 0.249061496 0.30435598 0 0 0
B@CP 2273 -0.244326801 -0.178988576 -0.287241486 0 0 0
B@CP 2274 -0.259295411 -0.235509951 -0.237404174 0 0 0
B@CP 2278 -0.217167467 -0.0187384791 -0.352313703 0 0 0
B@CP 2279 -0.109413063 0.286119487 -0.0142484233 0 0 0
B@CP 2280 -0.071055929 0.082772766 -0.0655175039 0 0 0
B@CP 2281 -0.289173979 0.307218656 0.12936221 0 0 0
B@CP 2283 -0.352262663 -0.289744081 0.0703777968 0 0 0
B@CP 2285 0.201078519 -0.298087319 0.00175511457 0 0 0
B@CP 2291 0.121568897 0.384550371 0.0492619701 0 0 0
B@CP 2293 0.0323906583 -0.268557965 0.0766426752 0 0 0
B@CP 2294 0.201834089 -0.264645568 -0.0414733329 0 0 0
B@CP 2299 -0.370751379 -0.222690311 0.163830026 0 0 0
B@CP 2301 -0.223373827 0.0886639547 -0.146167432 0 0 0
B@CP 2310 0.118214522 0.0861948822 0.115623537 0 0 0
B@CP 2313 0.0700201019 0.295968018 0.0918118235 0 0 0
B@CP 2316 0.333031691 -0.209012699 0.220773307 0 0 0
B@CP 2318 -0.115202382 -0.0596015464 0.017599071 0 0 0
B@CP 2319 0.338825721 0.151005315 -0.139906004 0 0 0
B@CP 2321 -0.225847728 0.0873593961 0.173124871 0 0 0
B@CP 2323 -0.0362259717 -0.093131814 0.232182622 0 0 0
B@CP 2325 -0.0727875847 -0.203513245 0.311681782 0 0 0
B@CP 2332 -0.175945484 0.201571063 0.137135803 0 0 0
B@CP 2339 0.151797948 -0.40609548 -0.206715977 0 0 0
B@CP 2343 0.286780323 -0.028487862 0.0539607423 0 0 0
B@CP 2345 0.355309136 -0.298446902 0.0119223842 0 0 0
B@CP 2346 -0.182874643 0.136366467 -0.0680896765 0 0 0
B@CP 2347 0.260748166 0.170776371 0.0626283011 0 0 0
B@CP 2348 0.12556845 -0.324251545 -0.108340845 0 0 0
B@CP 2349 -0.204209263 0.189519005 -0.174714242 0 0 0
B@CP 2354 -0.250365184 -0.224495719 -0.0228832089 0 0 0
B@CP 2355 -0.0319799329 -0.368203298 0.284610502 0 0 0
B@CP 2360 0.195399194 -0.346346735 -0.142141236 0 0 0
B@CP 2361 0.0326245841 -0.169797331 0.132879727 0 0 0
B@CP 2365 0.365099027 -0.034378354 0.259110755 0 0 0
B@CP 2369 -0.0824774792 -0.37341612 -0.118054116 0 0 0
B@CP 2374 -0.173788488 -0.374363646 -0.21833186 0 0 0
B@CP 2376 0.33751203 -0.208768692 0.132182078 0 0 0
B@CP 2378 -0.219595793 -0.105417178 0.249823668 0 0 0
B@CP 2379 -0.0432620139 0.19638195 0.417071449 0 0 0
B@CP 2381 0.0190972484 0.428290176 -0.0735605837 0 0 0
B@CP 2389 -0.124762275 -0.095583976 -0.4344593 0 0 0
B@CP 2390 -0.324347034 0.304552497 0.0837700575 0 0 0
B@CP 2394 -0.151445101 0.399003859 -0.127961033 0 0 0
B@CP 2395 -0.0187528649 0.198818386 0.148654278 0 0 0
B@CP 2396 -0.10888541 0.205448386 0.0253927417 0 0 0
B@CP 2398 -0.199128417 -0.0811235559 0.2734483 0 0 0
B@CP 2407 0.197211657 -0.207708823 0.224409501 0 0 0
B@CP 2409 -0.296016079 -0.0297341071 -0.336004021 0 0 0
B@CP 2413 0.183642056 -0.394062084 0.165670495 0 0 0
B@CP 2414 0.12252922 -0.0070708074 -0.0114749382 0 0 0
B@CP 2415 0.320762284 -0.278249337 -0.193825211 0 0 0
B@CP 2421 0.338193384 -0.0557571493 0.0940991391 0 0 0
B@CP 2423 -0.0178011582 -0.311970298 0.0549005543 0 0 0
B@CP 2428 -0.215766271 -0.000468275072 -0.105482538 0 0 0
B@CP 2431 0.128391096 -0.0920727399 0.142357594 0 0 0
B@CP 2432 -0.300715312 0.0182394257 -0.0911454147 0 0 0
B@CP 2435 0.0824141534 0.281619526 0.245537141 0 0 0
B@CP 2437 -0.385377115 -0.0825442606 -0.228421637 0 0 0
B@CP 2438 -0.128503792 -0.272555837 -0.347786591 0 0 0
B@CP 2439 -0.0130890391 0.200605061 0.0479325904 0 0 0
B@CP 2440 0.22921109 -0.108556663 0.0853374297 0 0 0
B@CP 2444 -0.165771252 -0.0529759145 0.0404334129 0 0 0
B@CP 2445 0.107683009 0.341745977 0.00850727427 0 0 0
B@CP 2451 -0.192767044 -0.0101802535 -0.174326417 0 0 0
B@CP 2455 -0.0694888283 0.0239771139 -0.0594974699 0 0 0
B@CP 2459 0.0359470128 -0.448301174 0.104607488 0 0 0
B@CP 2462 -0.0553220601 -0.342357837 -0.151608055 0 0 0
B@CP 2463 0.177691889 -0.115340881 0.245596009 0 0 0
B@CP 2465 -0.0944936702 0.20425244 0.321701135 0 0 0
B@CP 2467 0.0857331171 0.133308859 0.133228864 0 0 0
B@CP 2471 0.0832089929 0.123936756 -0.216143598 0 0 0
B@CP 2472 -0.137919682 -0.137618089 0.33082385 0 0 0
B@CP 2477 0.252678779 0.0963627321 -0.190602341 0 0 0
B@CP 2478 -0.361661441 -0.0547420364 -0.00786339549 0 0 0
B@CP 2486 -0.192149104 -0.0502558687 -0.212850258 0 0 0
B@CP 2488 0.257905756 0.107832075 0.359146172 0 0 0
B@CP 2490 -0.366554099 -0.154809583 -0.191930057 0 0 0
B@CP 2496 0.146818796 -0.0292397017 -0.239341168 0 0 0
B@CP 2499 0.22458035 -0.110385777 -0.407696259 0 0 0
C@CP 2500 0.200810488 -0.342435402 0.209989539 0 0 0
C@CP 2501 0.0382541675 0.134785133 0.19997854 0 0 0
C@CP 2502 0.0654991147 0.135327711 0.0571220194 0 0 0
C@CP 2503 -0.0667387084 -0.126413201 -0.159239746 0 0 0
C@CP 2504 -0.255513224 -0.165297661 -0.0145359182 0 0 0
C@CP 2505 -0.0582979616 0.134669429 -0.0481329247 0 0 0
C@CP 2506 0.0156583972 -0.0270817538 -0.26601245 0 0 0
C@CP 2507 -0.171261635 0.168237097 0.228435318 0 0 0
C@CP 2508 0.0147891262 0.240933256 0.0869291439 0 0 0
C@CP 2509 -0.0389809815 0.402942387 -0.025834714 0 0 0
C@CP 2510 0.114466997 0.194170481 0.176018889 0 0 0
C@CP 2511 0.0911755236 0.205975635 -0.117380963 0 0 0
C@CP 2512 0.136016118 0.0160067003 -0.381707842 0 0 0
C@CP 2513 -0.262803135 -0.264070518 -0.143064186 0 0 0
C@CP 2514 0.0924131493 -0.0849717495 -0.165220151 0 0 0
C@CP 2515 0.0306265821 -0.0453226375 0.299351437 0 0 0
C@CP 2516 -0.0267619924 -0.0236214531 -0.265224457 0 0 0
C@CP 2517 -0.129367185 -0.20515793 -0.212904399 0 0 0
C@CP 2518 0.0141477713 0.152942896 -0.438832024 0 0 0
C@CP 2519 0.166984718 0.300802286 0.0339649429 0 0 0
C@CP 2520 -0.022006509 0.334030724 0.0201526065 0 0 0
C@CP 2521 -0.312651452 0.0428916881 0.0133387156 0 0 0
C@CP 2522 0.352258134 0.070852794 0.15754006 0 0 0
C@CP 2523 0.204690151 0.134581421 -0.0518236719 0 0 0
C@CP 2524 0.249649319 0.15665307 0.226331094 0 0 0
C@CP 2525 0.267656691 -0.219931777 0.233324938 0 0 0
C@CP 2526 0.402843504 0.115979742 -0.148405419 0 0 0
C@CP 2527 -0.341381584 0.28133384 0.0188489065 0 0 0
C@CP 2528 0.36112517 0.00164649204 0.206368076 0 0 0
C@CP 2529 -0.392589628 -0.0364603044 -0.0730745022 0 0 0
C@CP 2530 -0.190496075 0.356842115 -0.210888922 0 0 0
C@CP 2531 0.0368054617 -0.221043276 0.00822099753 0 0 0
C@CP 2532 0.252577978 0.0817540163 0.252495612 0 0 0
C@CP 2533 -0.0332112464 0.116595231 -0.0373609246 0 0 0
C@CP 2534 -0.344142629 -0.228201234 -0.0421168464 0 0 0
C@CP 2535 0.268002625 -0.0284878452 -0.192043859 0 0 0
C@CP 2536 -0.419628113 0.0818462264 0.0294415066 0 0 0
C@CP 2537 -0.375326808 -0.158931337 0.182246635 0 0 0
C@CP 2538 -0.00816386153 0.411319962 0.181178732 0 0 0
C@CP 2539 -0.0615883554 -0.31691691 -0.117697335 0 0 0
C@CP 2540 0.200669679 0.231577039 0.242555968 0 0 0
C@CP 2541 -0.0354234985 -0.116089562 -0.106031443 0 0 0
C@CP 2542 -0.193443339 -0.133969904 -0.396230663 0 0 0
C@CP 2543 0.0986930947 0.207112713 -0.113627749 0 0 0
C@CP 2544 -0.174915233 -0.00585594049 0.206871062 0 0 0
C@CP 2545 0.0513025904 -0.333988597 0.215208843 0 0 0
C@CP 2546 0.0383103652 -0.0165592135 0.45073165 0 0 0
C@CP 2547 0.2148165 0.245675895 -0.0785718169 0 0 0
C@CP 2548 0.0432645257 0.277675505 -0.189796454 0 0 0
C@CP 2549 0.0217124944 -0.105156211 0.165333206 0 0 0
C@CP 2550 0.199089647 -0.296931229 -0.213407765 0 0 0
C@CP 2551 0.237680409 0.199632626 0.337257215 0 0 0
C@CP 2552 0.401630885 0.187756022 -0.0592266702 0 0 0
C@CP 2553 -0.303548058 -0.190771142 -0.145987632 0 0 0
C@CP 2554 0.155721744 0.181287437 -0.402615829 0 0 0
C@CP 2555 -0.193953363 0.174599443 0.403197595 0 0 0
C@CP 2556 -0.37460809 0.0599167845 0.244239871 0 0 0
C@CP 2557 -0.120810253 -0.269653656 0.289926997 0 0 0
C@CP 2558 -0.0701137672 -0.224115546 -0.398571865 0 0 0
C@CP 2559 0.144152759 -0.357190495 0.238391502 0 0 0
C@CP 2560 -0.0578141415 0.0578317973 -0.205492755 0 0 0
C@CP 2561 0.146062763 0.281622032 -0.161430972 0 0 0
C@CP 2562 -0.100005948 -0.237272224 -0.0891098203 0 0 0
C@CP 2563 0.256588405 -0.0288954727 -0.234135451 0 0 0
C@CP 2564 0.180812607 0.0885584597 -0.312237108 0 0 0
C@CP 2565 -0.297152773 0.0176049635 0.124654443 0 0 0
C@CP 2566 -0.0961847152 -0.302378983 0.253030011 0 0 0
C@CP 2567 -0.252825963 0.096901935 -0.0224424045 0 0 0
C@CP 2568 0.142445342 0.214820369 0.384291478 0 0 0
C@CP 2569 -0.424287763 0.0226832118 -0.050900769 0 0 0
C@CP 2570 -0.101125798 0.438833905 -0.0880116783 0 0 0
C@CP 2571 0.220544414 0.214211206 -0.00241653172 0 0 0
C@CP 2572 -0.133791527 0.059629105 0.237158748 0 0 0
C@CP 2573 0.0187269876 0.251847544 0.0227876606 0 0 0
C@CP 2574 -0.170179401 -0.328702619 0.0583465417 0 0 0
C@CP 2575 -0.123873147 0.0611634079 0.280655119 0 0 0
C@CP 2576 0.0785929886 -0.38567758 -0.035859823 0 0 0
C@CP 2577 -0.0146358748 0.371084635 -0.144786674 0 0 0
C@CP 2578 0.0549831638 0.289734905 0.2400852 0 0 0
C@CP 2579 0.00716421056 0.073960336 -0.0795132209 0 0 0
C@CP 2580 -0.0404108364 -0.150467636 0.385443775 0 0 0
C@CP 2581 -0.204705106 -0.00956333336 -0.191971443 0 0 0
C@CP 2582 -0.181349976 0.408325623 -0.0658935303 0 0 0
C@CP 2583 0.260854901 -0.0832781418 -0.264798773 0 0 0
C@CP 2584 0.149742425 -0.307247448 0.183947124 0 0 0
C@CP 2585 0.277249162 0.15522251 -0.278261984 0 0 0
C@CP 2586 -0.0366602297 -0.26132494 0.380425733 0 0 0
C@CP 2587 0.0815835839 -0.426646163 -0.14727109 0 0 0
C@CP 2588 -0.0425808223 -0.328613229 0.0788825343 0 0 0
C@CP 2589 -0.196161417 0.0670751481 0.126055004 0 0 0
C@CP 2590 0.34161426 -0.22160707 -0.15229551 0 0 0
C@CP 2591 -0.00480477692 -0.0524731344 0.418452823 0 0 0
C@CP 2592 0.0255288759 -0.426530172 -0.0807547138 0 0 0
C@CP 2593 0.308954076 -0.126392211 0.329346681 0 0 0
C@CP 2594 0.282160835 0.346691351 0.0333393307 0 0 0
C@CP 2595 -0.323740995 -0.00892984204 0.311127705 0 0 0
C@CP 2596 0.0366068189 0.135278208 0.208622401 0 0 0
C@CP 2597 -0.158467453 0.249167414 0.0130533876 0 0 0
C@CP 2598 0.203899329 -0.373322561 0.0163495547 0 0 0
C@CP 2599 0.117378969 0.0704182335 0.402780113 0 0 0
C@CP 2600 -0.0306374569 -0.211560908 0.30369242 0 0 0
C@CP 2601 0.253000705 -0.0824321565 -0.196837014 0 0 0
C@CP 2602 -0.0177870676 -0.193314523 0.378350537 0 0 0
C@CP 2603 -0.206407198 0.186334403 0.1338707 0 0 0
C@CP 2604 -0.0591397094 0.248868754 0.334734441 0 0 0
C@CP 2605 -0.131803161 -0.314500099 0.208308246 0 0 0
C@CP 2606 0.0591438962 -0.129408425 -0.075916147 0 0 0
C@CP 2607 0.259261515 -0.0545659524 -0.300222844 0 0 0
C@CP 2608 0.377985439 0.0220545531 -0.226348505 0 0 0
C@CP 2609 -0.18683563 0.0590652319 -0.307709526 0 0 0
C@CP 2610 -0.32981904 0.112125127 -0.272095216 0 0 0
C@CP 2611 0.127702437 -0.119943782 0.412680431 0 0 0
C@CP 2612 -0.173861191 -0.157603898 -0.109686597 0 0 0
C@CP 2613 -0.241546516 0.1700327 -0.276752712 0 0 0
C@CP 2614 0.332527041 -0.00413894856 0.018465494 0 0 0
C@CP 2615 0.0825257466 -0.237263912 -0.243841938 0 0 0
C@CP 2616 0.0103921612 0.0942475027 0.452652653 0 0 0
C@CP 2617 -0.184484095 0.239311451 0.197079485 0 0 0
C@CP 2618 -0.350030497 -0.145430691 -0.0773999823 0 0 0
C@CP 2619 -0.133574104 -0.0127259248 -0.188177884 0 0 0
C@CP 2620 0.0720688645 0.355180706 -0.296116345 0 0 0
C@CP 2621 0.211528376 -0.0583102294 -0.155493201 0 0 0
C@CP 2622 0.281159593 0.0415184384 -0.150431184 0 0 0
C@CP 2623 -0.447456858 -0.00559160124 -0.0869885992 0 0 0
C@CP 2624 -0.259128435 -0.110343637 0.325664355 0 0 0
C@CP 2625 -0.0187344673 0.12037842 -0.193541807 0 0 0
C@CP 2626 -0.17213142 0.0968470424 -0.115339315 0 0 0
C@CP 2627 -0.395079295 -0.185096578 -0.124321024 0 0 0
C@CP 2628 -0.188036961 -0.00838327519 -0.243487192 0 0 0
C@CP 2629 -0.332939089 0.312389738 -0.0860586711 0 0 0
C@CP 2630 0.215336517 -0.295332946 0.150810613 0 0 0
C@CP 2631 -0.174951409 0.0380729795 -0.315903266 0 0 0
C@CP 2632 -0.0404149946 -0.375129916 0.148308739 0 0 0
C@CP 2633 0.174916162 -0.0873240956 -0.229403461 0 0 0
C@CP 2634 0.272383828 -0.273290955 -0.125178969 0 0 0
C@CP 2635 0.0276057729 -0.32685629 -0.196679645 0 0 0
C@CP 2636 -0.284971884 -0.0972088562 0.329258362 0 0 0
C@CP 2637 0.203738704 -0.107450005 -0.156420951 0 0 0
C@CP 2638 -0.0276902315 -0.0513979447 0.134746977 0 0 0
C@CP 2639 0.253277486 0.0771458354 3.81450122e-06 0 0 0
C@CP 2640 0.362626447 -0.0643805326 -0.228258682 0 0 0
C@CP 2641 0.199928454 -0.0427553047 -0.400972519 0 0 0
C@CP 2642 -0.203953795 -0.152688197 -0.407543207 0 0 0
C@CP 2643 0.147846306 0.0493325852 0.126697666 0 0 0
C@CP 2644 -0.0402741068 0.237229314 -0.3583917 0 0 0
C@CP 2645 0.0360825379 -0.0894727021 0.0668422901 0 0 0
C@CP 2646 0.310751318 0.348516843 0.0325299778 0 0 0
C@CP 2647 -0.342887704 -0.254652318 -0.0449030696 0 0 0
C@CP 2648 -0.24405774 -0.0960466777 -0.327569235 0 0 0
C@CP 2649 0.000945158996 -0.258496607 -0.00928364596 0 0 0
C@CP 2650 0.185037368 0.0836395533 -0.348523768 0 0 0
C@CP 2651 -0.397194371 0.0207755828 0.204063738 0 0 0
C@CP 2652 -0.0707897055 -0.141399473 0.433388412 0 0 0
C@CP 2653 -0.16264974 -0.185623324 0.0157036473 0 0 0
C@CP 2654 0.102701026 0.0832326842 0.282165275 0 0 0
C@CP 2655 0.0109594461 -0.308738895 -0.228246936 0 0 0
C@CP 2656 0.0189243914 -0.264774442 0.374971987 0 0 0
C@CP 2657 -0.168571474 0.312398836 0.14372634 0 0 0
C@CP 2658 0.353879079 0.078756199 -0.136032357 0 0 0
C@CP 2659 -0.191282716 -0.0608899306 -0.28858742 0 0 0
C@CP 2660 0.365816842 -0.200153648 -0.151240864 0 0 0
C@CP 2661 0.0445999192 -0.030392423 -0.264240505 0 0 0
C@CP 2662 0.0681134759 0.228198318 0.335647354 0 0 0
C@CP 2663 -0.270749115 -0.258997362 0.0403157855 0 0 0
C@CP 2664 -0.121552665 0.257771067 0.037902767 0 0 0
C@CP 2665 -0.316742831 -0.181283747 0.0870664514 0 0 0
C@CP 2666 0.0487844238 -0.364351118 0.0774979179 0 0 0
C@CP 2667 -0.101398812 -0.0582251467 0.232749404 0 0 0
C@CP 2668 0.158824237 -0.0610386395 0.293121274 0 0 0
C@CP 2669 -0.145412983 -0.436108596 0.0112568655 0 0 0
C@CP 2670 0.251784302 -0.148309092 0.324106291 0 0 0
C@CP 2671 0.170986526 0.191763242 -0.0154047896 0 0 0
C@CP 2672 0.0166458377 0.333625035 0.0930810057 0 0 0
C@CP 2673 0.0514805672 0.177697038 -0.135929226 0 0 0
C@CP 2674 -0.0956433425 0.026642861 -0.0604825913 0 0 0
C@CP 2675 -0.0780456259 0.307749681 -0.347602855 0 0 0
C@CP 2676 0.225610975 -0.173440737 0.304570567 0 0 0
C@CP 2677 0.0955878823 0.320073181 -0.283689218 0 0 0
C@CP 2678 0.00688439121 -0.168259412 -0.0791462241 0 0 0
C@CP 2679 -0.0571470528 -0.259354863 -0.252795981 0 0 0
C@CP 2680 0.147253346 -0.184090178 0.325633498 0 0 0
C@CP 2681 -0.155057557 -0.108111571 0.0419029682 0 0 0
C@CP 2682 -0.0503398098 -0.0146771384 -0.03208632 0 0 0
C@CP 2683 -0.340358576 0.0718991557 -0.273730763 0 0 0
C@CP 2684 -0.0358714197 0.0242880047 0.303458401 0 0 0
C@CP 2685 0.132858437 0.423802113 0.067739079 0 0 0
C@CP 2686 0.039293645 -0.295659753 0.255340301 0 0 0
C@CP 2687 -0.30659524 0.244169191 0.0225917718 0 0 0
C@CP 2688 0.0283106513 -0.246457449 -0.414965315 0 0 0
C@CP 2689 0.418461928 0.110306585 0.0411537544 0 0 0
C@CP 2690 -0.152466277 -0.237832889 0.0221671476 0 0 0
C@CP 2691 0.31264097 0.128764765 -0.234853439 0 0 0
C@CP 2692 -0.353779505 -0.125056987 -0.126389865 0 0 0
C@CP 2693 0.0757542577 -0.112943865 0.332127655 0 0 0
C@CP 2694 0.00350097659 0.165297206 -0.160012818 0 0 0
C@CP 2695 0.181323956 0.047292925 -0.386206719 0 0 0
C@CP 2696 -0.0149239076 -0.383699145 -0.0606939341 0 0 0
C@CP 2697 -0.0543450151 -0.259158211 -0.108217261 0 0 0
C@CP 2698 -0.160751637 0.351079353 0.0600660002 0 0 0
C@CP 2699 0.421844517 0.0664012596 -0.147439612 0 0 0
C@CP 2700 -0.0750328576 0.406937701 0.0755507254 0 0 0
C@CP 2701 0.328700458 -0.167486797 -0.260468169 0 0 0
C@CP 2702 0.0190309861 -0.292351851 -0.153240323 0 0 0
C@CP 2703 0.0592435091 0.109365562 0.398595726 0 0 0
C@CP 2704 -0.29002408 -0.287156987 0.215007426 0 0 0
C@CP 2705 0.147099492 -0.134589838 0.0245425993 0 0 0
C@CP 2706 -0.209505129 0.28828416 -0.00256156264 0 0 0
C@CP 2707 0.150465531 0.0694947797 -0.111412993 0 0 0
C@CP 2708 -0.150416383 0.323529125 0.267093154 0 0 0
C@CP 2709 0.160009502 -0.0899589939 -0.151386981 0 0 0
C@CP 2710 -0.149342137 -0.130178026 0.0719783357 0 0 0
C@CP 2711 0.361181675 -0.293358522 -0.101960978 0 0 0
C@CP 2712 0.0569514798 0.107759339 0.304177424 0 0 0
C@CP 2713 -0.19824532 -0.407711337 -0.138526424 0 0 0
C@CP 2714 0.0155639983 -0.226293336 0.34514327 0 0 0
C@CP 2715 -0.338727683 0.125771212 -0.0993564239 0 0 0
C@CP 2716 0.0146535775 -0.0442137484 -0.402351803 0 0 0
C@CP 2717 0.33082409 0.242700867 0.0362999862 0 0 0
C@CP 2718 0.0556028454 -0.152035301 0.0405392776 0 0 0
C@CP 2719 -0.422506034 -0.0199267519 -0.142668611 0 0 0
C@CP 2720 -0.184902052 -0.13382753 0.262995429 0 0 0
C@CP 2721 0.296483115 -0.207597936 -0.171553583 0 0 0
C@CP 2722 0.32094628 0.0275265077 0.308806366 0 0 0
C@CP 2723 0.115996425 0.449838457 -0.0190109818 0 0 0
C@CP 2724 -0.164357155 -0.214341458 0.291501902 0 0 0
C@CP 2725 0.0399345377 -0.190977296 0.051420632 0 0 0
C@CP 2726 -0.0133353342 0.237577174 0.369420837 0 0 0
C@CP 2727 -0.164055921 0.253155664 -0.181991366 0 0 0
C@CP 2728 0.134592244 0.243677534 -0.291742509 0 0 0
C@CP 2729 0.0684339361 -0.149294092 -0.179086708 0 0 0
C@CP 2730 0.0272129984 0.145378042 -0.393702093 0 0 0
C@CP 2731 0.320398084 0.290207108 -0.110217258 0 0 0
C@CP 2732 0.153617676 -0.289520466 0.052796271 0 0 0
C@CP 2733 0.0347541392 -0.0811951879 -0.286235096 0 0 0
C@CP 2734 0.120977976 0.332574579 0.249078694 0 0 0
C@CP 2735 -0.035249395 -0.430201306 0.121292093 0 0 0
C@CP 2736 -0.364734835 0.0102333461 0.126459878 0 0 0
C@CP 2737 -0.112410659 -0.447286883 0.0307462134 0 0 0
C@CP 2738 -0.204382746 0.340386687 0.198090096 0 0 0
C@CP 2739 0.0998445283 -0.170222934 -0.0333477035 0 0 0
C@CP 2740 0.0777590497 -0.34429754 -0.124878006 0 0 0
C@CP 2741 -0.251784743 -0.0333989367 0.22523769 0 0 0
C@CP 2742 0.410439451 0.0719867358 -0.130317456 0 0 0
C@CP 2743 -0.066810151 0.0817821588 0.307644051 0 0 0
C@CP 2744 0.225473019 0.210453884 -0.348382142 0 0 0
C@CP 2745 -0.296602383 0.130891519 0.086350741 0 0 0
C@CP 2746 -0.214724464 -0.335171023 -0.141133081 0 0 0
C@CP 2747 0.266871055 -0.227605487 -0.0470280854 0 0 0
C@CP 2748 -0.195006226 0.240982538 0.110989425 0 0 0
C@CP 2749 0.336405866 -0.318962932 -0.000673743649 0 0 0
C@CP 2750 -0.412867829 -0.061642638 -0.164185067 0 0 0
C@CP 2751 0.0760886771 -0.322317903 -0.123908657 0 0 0
C@CP 2752 0.144740261 -0.131663568 -0.0691090596 0 0 0
C@CP 2753 -0.316117796 0.314791356 -0.122466532 0 0 0
C@CP 2754 -0.000967026272 -0.160624997 -0.390249866 0 0 0
C@CP 2755 -0.19664309 -0.139068421 -0.129281042 0 0 0
C@CP 2756 0.332081718 -0.321375441 0.044152995 0 0 0
C@CP 2757 0.0803346838 -0.370521182 -0.141893884 0 0 0
C@CP 2758 -0.0676627504 0.116974549 -0.0935897802 0 0 0
C@CP 2759 0.0468676145 0.289827306 0.343011316 0 0 0
C@CP 2760 0.21961099 0.104952175 0.257516307 0 0 0
C@CP 2761 0.419516109 0.0599767108 0.0335764004 0 0 0
C@CP 2762 0.226656361 -0.331271053 -0.0362701409 0 0 0
C@CP 2763 0.0118017109 -0.0895529275 -0.221968193 0 0 0
C@CP 2764 0.135747515 -0.411708843 -0.0370172536 0 0 0
C@CP 2765 0.120884273 0.0529463282 0.0291106214 0 0 0
C@CP 2766 -0.126368295 0.106989834 0.42404775 0 0 0
C@CP 2767 0.283378974 0.377290667 0.0482040362 0 0 0
C@CP 2768 -0.0722308954 0.172618865 -0.0696920515 0 0 0
C@CP 2769 -0.032456474 0.272345233 0.0152050954 0 0 0
C@CP 2770 -0.258979971 -0.142970846 0.13556031 0 0 0
C@CP 2771 -0.178572661 0.0440122276 0.329968236 0 0 0
C@CP 2772 0.23005708 -0.387808026 -0.0913400258 0 0 0
C@CP 2773 -0.289513898 -0.18875498 0.0858802388 0 0 0
C@CP 2774 -0.0860435111 0.200245092 -0.291731442 0 0 0
C@CP 2775 -0.410456777 0.094694631 -0.168729328 0 0 0
C@CP 2776 0.0134470202 0.436398093 0.131831953 0 0 0
C@CP 2777 0.025833231 0.0221512107 0.337641814 0 0 0
C@CP 2778 -0.378107145 0.246104744 -0.0347443554 0 0 0
C@CP 2779 0.395537833 -0.110354218 0.226865102 0 0 0
C@CP 2780 -0.0799432452 0.0291620296 0.266397079 0 0 0
C@CP 2781 -0.113839523 0.208702808 0.408937188 0 0 0
C@CP 2782 0.211932481 -0.236665599 -0.286927554 0 0 0
C@CP 2783 -0.142989579 0.140757903 0.285444087 0 0 0
C@CP 2784 0.212715714 0.154922001 -0.0315612605 0 0 0
C@CP 2785 -0.0448402952 -0.0686477174 -0.243047496 0 0 0
C@CP 2786 -0.350526359 0.183418513 -0.124166551 0 0 0
C@CP 2787 -0.200445943 0.278141729 0.204334889 0 0 0
C@CP 2788 -0.275904385 -0.221841856 -0.249484342 0 0 0
C@CP 2789 0.26603407 0.199767171 0.320835496 0 0 0
C@CP 2790 0.426151265 0.0194511572 -0.170044234 0 0 0
C@CP 2791 0.0105851465 -0.263495659 0.35686173 0 0 0
C@CP 2792 0.0412931278 -0.238367474 -0.368504723 0 0 0
C@CP 2793 0.114461327 -0.323155323 0.196244136 0 0 0
C@CP 2794 -0.344388548 -0.0129218377 0.192374349 0 0 0
C@CP 2795 0.00650909026 0.361962402 -0.177872309 0 0 0
C@CP 2796 0.00258351478 -0.00456074469 0.312391822 0 0 0
C@CP 2797 0.302164605 0.0195315193 0.155881175 0 0 0
C@CP 2798 -0.263421282 0.223801625 -0.24258079 0 0 0
C@CP 2799 -0.334927212 -0.250292457 -0.162189526 0 0 0
C@CP 2800 -0.0257695925 0.158222566 0.36172938 0 0 0
C@CP 2801 -0.017804492 0.130639727 -0.0611735097 0 0 0
C@CP 2802 -0.0257335627 0.16686259 0.385334837 0 0 0
C@CP 2803 -0.0794176669 -0.111230104 0.211864856 0 0 0
C@CP 2804 0.277810829 0.28484095 0.1192826 0 0 0
C@CP 2805 0.140291076 -0.126413311 -0.412086063 0 0 0
C@CP 2806 0.172454023 -0.127392476 -0.24263224 0 0 0
C@CP 2807 0.0185778953 -0.234506743 -0.377633081 0 0 0
C@CP 2808 0.370879514 -0.198307167 -0.0147300109 0 0 0
C@CP 2809 0.149056019 -0.282952582 -0.168219169 0 0 0
C@CP 2810 -0.289590725 -0.0268087826 0.0288259535 0 0 0
C@CP 2811 -0.0154213662 -0.0489654201 -0.455695853 0 0 0
C@CP 2812 0.155584751 0.158284402 -0.0709417706 0 0 0
C@CP 2813 0.0547537414 -0.420817163 0.09728247 0 0 0
C@CP 2814 -0.137218843 0.115074127 -0.212038901 0 0 0
C@CP 2815 -0.0570697474 -0.291648052 -0.0530235027 0 0 0
C@CP 2816 0.107234373 -0.0373588399 0.288481224 0 0 0
C@CP 2817 -0.137268651 0.132602749 -0.313372079 0 0 0
C@CP 2818 -0.0762219723 0.0245242634 0.462646501 0 0 0
C@CP 2819 0.329905126 0.130842225 0.146461 0 0 0
C@CP 2820 -0.255485655 -0.0787982829 -0.354775451 0 0 0
C@CP 2821 -0.338794905 -0.0722543443 0.0564402853 0 0 0
C@CP 2822 0.160375871 -0.0180296513 0.155803609 0 0 0
C@CP 2823 -0.0200979607 -0.0112964814 0.189884992 0 0 0
C@CP 2824 -0.351446345 0.28590401 -0.0720298776 0 0 0
C@CP 2825 -0.088907491 0.308831072 0.283381572 0 0 0
C@CP 2826 0.0496343722 0.375037949 0.175329366 0 0 0
C@CP 2827 -0.212611569 -0.0167160088 0.0646314052 0 0 0
C@CP 2828 -0.104420669 -0.242885712 0.274021187 0 0 0
C@CP 2829 0.320118394 0.245254339 -0.125251598 0 0 0
C@CP 2830 0.0613580282 -0.336629308 -0.279410814 0 0 0
C@CP 2831 0.0193759688 0.35472363 -0.182210312 0 0 0
C@CP 2832 -0.229250565 -0.264975491 0.142072665 0 0 0
C@CP 2833 0.0480059049 -0.117483143 0.0419820625 0 0 0
C@CP 2834 0.175205322 0.128630072 -0.00449099834 0 0 0
C@CP 2835 0.123067647 -0.00411021876 0.427881704 0 0 0
C@CP 2836 -0.0635335076 0.374073895 -0.276466546 0 0 0
C@CP 2837 -0.334160288 0.0380109253 0.199051584 0 0 0
C@CP 2838 -0.400169383 -0.0503870607 -0.0916374751 0 0 0
C@CP 2839 -0.159116862 -0.0934679291 -0.246456936 0 0 0
C@CP 2840 0.21607213 0.066513909 0.247502446 0 0 0
C@CP 2841 0.194774933 0.212194698 -0.126406179 0 0 0
C@CP 2842 0.0440149675 -0.103058735 -0.0262516022 0 0 0
C@CP 2843 -0.403790737 0.0865797838 0.0149882224 0 0 0
C@CP 2844 0.00224400853 -0.0964996933 -0.446922638 0 0 0
C@CP 2845 0.173025525 -0.121957376 0.109565069 0 0 0
C@CP 2846 -0.237738358 -0.270050392 0.00305546998 0 0 0
C@CP 2847 -0.00603630203 0.248253446 -0.385636183 0 0 0
C@CP 2848 0.195041105 0.325857673 -0.12439714 0 0 0
C@CP 2849 -0.0235930818 0.113424656 0.321997386 0 0 0
C@CP 2850 0.000711583659 0.000179051836 0.291075393 0 0 0
C@CP 2851 0.266733529 0.250847877 -0.281171438 0 0 0
C@CP 2852 -0.376480372 0.146956226 0.198164392 0 0 0
C@CP 2853 -0.0231985689 0.475775519 0.0194959253 0 0 0
C@CP 2854 0.274289656 0.33263558 0.0145701562 0 0 0
C@CP 2855 0.0575748465 -0.158066045 0.298383182 0 0 0
C@CP 2856 -0.31112851 -0.0936812958 -0.0971291957 0 0 0
C@CP 2857 0.0195873549 -0.0712627173 0.351643627 0 0 0
C@CP 2858 -0.385990239 0.029138381 -0.0608492447 0 0 0
C@CP 2859 -0.160164436 -0.193249742 0.115504816 0 0 0
C@CP 2860 -0.228674908 -0.211727813 0.188021465 0 0 0
C@CP 2861 -0.249951685 0.20372033 0.312073301 0 0 0
C@CP 2862 -0.305459288 -0.0465944406 -0.256522614 0 0 0
C@CP 2863 0.137109467 0.0147022948 -0.317106624 0 0 0
C@CP 2864 -0.0575760859 -0.287997754 0.300400398 0 0 0
C@CP 2865 -0.133335934 -0.0642298926 -0.35196299 0 0 0
C@CP 2866 -0.273469808 0.133158452 0.118911267 0 0 0
C@CP 2867 0.135304319 -0.245746399 -0.0146691382 0 0 0
C@CP 2868 0.174356234 0.0915235029 0.313646262 0 0 0
C@CP 2869 0.2343436 0.104682151 0.192274226 0 0 0
C@CP 2870 -0.00956143183 0.370636306 -0.0260473509 0 0 0
C@CP 2871 0.267093079 0.0537010059 -0.0100993877 0 0 0
C@CP 2872 0.115304608 -0.00561554656 -0.312605784 0 0 0
C@CP 2873 0.194099809 -0.00976360226 0.215982613 0 0 0
C@CP 2874 -0.102129593 -0.0714533349 0.394169791 0 0 0
C@CP 2875 0.109112342 -0.167754009 -0.267025052 0 0 0
C@CP 2876 -0.351792227 -0.22846943 0.201407277 0 0 0
C@CP 2877 0.118305051 0.418562006 0.0160601335 0 0 0
C@CP 2878 -0.242986343 -0.152723975 -0.383920688 0 0 0
C@CP 2879 -0.177515292 -0.29029594 -0.240074129 0 0 0
C@CP 2880 -0.231866213 0.0760850013 0.359064133 0 0 0
C@CP 2881 -0.114000659 -0.0311215148 -0.0411024917 0 0 0
C@CP 2882 -0.0478123203 0.235176675 -0.168623151 0 0 0
C@CP 2883 -0.362529749 -0.144686475 0.0260412868 0 0 0
C@CP 2884 -0.134785555 -0.222825618 0.0611110585 0 0 0
C@CP 2885 0.119864152 -0.157460886 0.101821903 0 0 0
C@CP 2886 0.0577942547 -0.170780166 -0.0125201486 0 0 0
C@CP 2887 0.281949097 0.136817852 0.219064423 0 0 0
C@CP 2888 -0.420764215 -0.0243260332 0.00525058102 0 0 0
C@CP 2889 0.337835452 0.190775763 -0.159460073 0 0 0
C@CP 2890 0.0167837057 0.244002435 0.0168968467 0 0 0
C@CP 2891 -0.0559524866 0.37423219 -0.114530867 0 0 0
C@CP 2892 -0.158542262 0.000531846674 0.351192031 0 0 0
C@CP 2893 -0.254030074 -0.0897177149 -0.340352031 0 0 0
C@CP 2894 -0.220922956 0.164551042 0.248617045 0 0 0
C@CP 2895 0.251745402 0.249366705 0.298469845 0 0 0
C@CP 2896 0.0251766376 -0.274304888 0.141173099 0 0 0
C@CP 2897 0.1075043 0.281388084 0.0732859287 0 0 0
C@CP 2898 0.177379582 0.30770756 -0.113090733 0 0 0
C@CP 2899 -0.333442637 -0.0644090454 -0.133250705 0 0 0
C@CP 2900 0.119905984 0.0560224326 -0.204189689 0 0 0
C@CP 2901 -0.240915084 -0.306826292 0.101027559 0 0 0
C@CP 2902 -0.126184741 -0.309838655 -0.220656358 0 0 0
C@CP 2903 -0.345858563 -0.0627716852 0.226371134 0 0 0
C@CP 2904 0.252287044 0.203168484 -0.263325544 0 0 0
C@CP 2905 0.102867657 -0.131019076 0.232337367 0 0 0
C@CP 2906 0.104869253 0.185676239 -0.226015023 0 0 0
C@CP 2907 0.128231051 0.283378126 -0.326130195 0 0 0
C@CP 2908 0.038157007 0.217846876 -0.35675292 0 0 0
C@CP 2909 -0.131704253 -0.155434769 -0.0240850505 0 0 0
C@CP 2910 0.0125786568 -0.234207166 0.405131787 0 0 0
C@CP 2911 -0.225953435 -0.0652795102 -0.207015808 0 0 0
C@CP 2912 0.00756221601 0.137774835 0.271891752 0 0 0
C@CP 2913 -0.338623642 0.293438301 0.0513681013 0 0 0
C@CP 2914 0.100692673 -0.414335182 0.203000105 0 0 0
C@CP 2915 -0.407911401 0.000763014966 0.0402050949 0 0 0
C@CP 2916 -0.0911207247 -0.307528283 0.0119806065 0 0 0
C@CP 2917 0.207120458 -0.0370711814 -0.400506799 0 0 0
C@CP 2918 0.157743102 0.240547385 0.175433356 0 0 0
C@CP 2919 0.322930509 -0.132283541 0.206011798 0 0 0
C@CP 2920 -0.265644761 0.0754604261 0.312509776 0 0 0
C@CP 2921 0.242688122 0.14555098 -0.097224438 0 0 0
C@CP 2922 -0.0868466164 -0.230521835 -0.210238294 0 0 0
C@CP 2923 0.44361815 0.0329047605 0.0321581849 0 0 0
C@CP 2924 -0.215275939 0.129599412 0.237498023 0 0 0
C@CP 2925 0.304547244 -0.0596343148 0.0937621389 0 0 0
C@CP 2926 -0.364392762 -0.184574233 -0.0537501817 0 0 0
C@CP 2927 -0.265495973 0.0875340746 -0.0863378145 0 0 0
C@CP 2928 -0.0306221163 -0.406907291 -0.166623489 0 0 0
C@CP 2929 -0.300397879 0.154949165 0.0886631917 0 0 0
C@CP 2930 -0.156275942 0.397704137 0.240537858 0 0 0
C@CP 2931 -0.256100092 0.230589567 0.162607238 0 0 0
C@CP 2932 -0.414594828 -0.185458175 -0.0447459332 0 0 0
C@CP 2933 -0.135486347 0.41610148 0.170386158 0 0 0
C@CP 2934 -0.157777003 -0.343604379 0.0013665513 0 0 0
C@CP 2935 -0.0918318318 0.265567079 -0.272815829 0 0 0
C@CP 2936 0.015237561 -0.0735048178 0.0958213859 0 0 0
C@CP 2937 -0.235734063 -0.375370315 -0.0757750219 0 0 0
C@CP 2938 0.0326752949 -0.118315861 0.10004404 0 0 0
C@CP 2939 0.0807916702 -0.0497466797 0.211835314 0 0 0
C@CP 2940 0.0248868139 -0.141142663 -0.0652394117 0 0 0
C@CP 2941 -0.138087045 -0.068468502 -0.146164314 0 0 0
C@CP 2942 -0.275402153 -0.319858536 -0.15990351 0 0 0
C@CP 2943 0.241040492 0.100421597 0.343757053 0 0 0
C@CP 2944 -0.22877548 0.377199652 -0.0202450794 0 0 0
C@CP 2945 0.306786991 0.0824192106 -0.182949004 0 0 0
C@CP 2946 0.152908679 -0.317450661 -0.244323403 0 0 0
C@CP 2947 0.213875556 -0.0872469797 0.339958275 0 0 0
C@CP 2948 -0.13612719 -0.201249324 -0.366064836 0 0 0
C@CP 2949 0.244035723 0.00752288761 0.220074088 0 0 0
C@CP 2950 -0.331104206 0.0416023915 -0.261620999 0 0 0
C@CP 2951 -0.186300895 0.0373551582 -0.344849297 0 0 0
C@CP 2952 0.025047418 -0.389444082 0.174731044 0 0 0
C@CP 2953 -0.0666775872 0.468158195 0.00686176686 0 0 0
C@CP 2954 -0.0938239088 0.103383821 0.380106999 0 0 0
C@CP 2955 0.0758429948 0.0521175728 -0.348623085 0 0 0
C@CP 2956 -0.133831534 0.0927389091 -0.377568808 0 0 0
C@CP 2957 0.185900117 -0.0671095935 -0.221128336 0 0 0
C@CP 2958 0.0284486619 0.00217223533 0.0494345532 0 0 0
C@CP 2959 0.340052215 0.134375625 -0.0314558054 0 0 0
C@CP 2960 -0.347471987 -0.00402266268 -0.150485238 0 0 0
C@CP 2961 0.131021557 0.118195249 -0.300057923 0 0 0
C@CP 2962 -0.0509847342 -0.456967358 -0.0625791904 0 0 0
C@CP 2963 -0.244222797 -0.192558239 -0.215062239 0 0 0
C@CP 2964 -0.0718695645 -0.0734877585 -0.318783842 0 0 0
C@CP 2965 0.165392744 -0.308146888 -0.225418635 0 0 0
C@CP 2966 -0.138114581 0.113423729 -0.119320834 0 0 0
C@CP 2967 -0.126906295 0.11651483 -0.313783675 0 0 0
C@CP 2968 0.369049997 0.0497374696 -0.195836583 0 0 0
C@CP 2969 -0.208420691 -0.244159986 0.255995453 0 0 0
C@CP 2970 -0.399599403 -0.243441332 -0.0993723449 0 0 0
C@CP 2971 -0.0366312478 0.0628160636 -0.268235565 0 0 0
C@CP 2972 0.379347358 0.0201372915 -0.0690446688 0 0 0
C@CP 2973 0.219119816 -0.186585265 0.224905486 0 0 0
C@CP 2974 0.209949236 -0.213435626 0.260834015 0 0 0
C@CP 2975 -0.1179557 -0.193917208 0.358003033 0 0 0
C@CP 2976 0.309499056 -0.340235986 -0.0776805351 0 0 0
C@CP 2977 -0.0170714822 -0.16737477 0.338007098 0 0 0
C@CP 2978 0.0357436322 0.27708733 -0.229723944 0 0 0
C@CP 2979 0.0881766857 -0.0205186131 0.259280763 0 0 0
C@CP 2980 0.251666919 0.071490569 0.000721744428 0 0 0
C@CP 2981 0.158927033 -0.26755183 -0.240868757 0 0 0
C@CP 2982 -0.247880667 0.321239344 -0.126830562 0 0 0
C@CP 2983 0.150622116 -0.317162826 -0.0635601115 0 0 0
C@CP 2984 0.179713672 0.128632941 0.337534568 0 0 0
C@CP 2985 0.165459209 0.291293135 0.254614249 0 0 0
C@CP 2986 -0.231246166 -0.101294598 -0.0808647966 0 0 0
C@CP 2987 -0.201599341 0.111178885 0.173848816 0 0 0
C@CP 2988 -0.0935409143 -0.286906761 -0.339579046 0 0 0
C@CP 2989 -0.115553596 -0.132869252 -0.265250998 0 0 0
C@CP 2990 -0.119819618 0.163149742 0.129049164 0 0 0
C@CP 2991 0.0442772003 0.0198184078 -0.408000867 0 0 0
C@CP 2992 -0.245760082 -0.204276537 0.198991945 0 0 0
C@CP 2993 0.266909463 0.227445243 -0.256829861 0 0 0
C@CP 2994 -0.0668766609 -0.348015823 -0.0976679918 0 0 0
C@CP 2995 0.0148410939 -0.0884637781 -0.171583983 0 0 0
C@CP 2996 -0.316217118 -0.13426752 0.121622343 0 0 0
C@CP 2997 0.215245348 -0.206586824 0.00562165435 0 0 0
C@CP 2998 -0.193708686 0.187684438 0.0512287198 0 0 0
C@CP 2999 0.156232179 -0.181167154 -0.0618720256 0 0 0
C@CP 3000 0.154685182 0.0804756946 0.358170417 0 0 0
C@CP 3001 -0.00361845862 -0.201307499 0.291346607 0 0 0
C@CP 3002 -0.205874678 0.0163533896 -0.137277735 0 0 0
C@CP 3003 -0.455339636 0.00115928282 -0.127689293 0 0 0
C@CP 3004 -0.403465732 0.0124872159 0.0155098183 0 0 0
C@CP 3005 0.209040882 -0.10149956 -0.10116774 0 0 0
C@CP 3006 -0.227655629 0.25761874 -0.080800236 0 0 0
C@CP 3007 0.297653269 0.32687271 0.077174282 0 0 0
C@CP 3008 0.153811588 -0.0842953167 0.237395701 0 0 0
C@CP 3009 0.146174116 0.206025017 -0.066841678 0 0 0
C@CP 3010 -0.35279501 0.0704107668 0.121099511 0 0 0
C@CP 3011 0.0607634109 0.189136321 -0.420377479 0 0 0
C@CP 3012 -0.114999415 -0.240761123 0.301107194 0 0 0
C@CP 3013 0.267267011 -0.057155176 0.129706461 0 0 0
C@CP 3014 -0.0234757241 0.292715894 -0.114902234 0 0 0
C@CP 3015 -0.249941125 -0.00166704899 0.222426021 0 0 0
C@CP 3016 -0.152377334 -0.264585604 -0.178728267 0 0 0
C@CP 3017 0.08124685 0.0518190513 -0.410895031 0 0 0
C@CP 3018 -0.172559849 -0.39491057 -0.0309874176 0 0 0
C@CP 3019 -0.25212163 0.179754596 0.344230373 0 0 0
C@CP 3020 0.0572175212 -0.244683637 -0.248089097 0 0 0
C@CP 3021 0.258419017 0.0305743695 0.275504658 0 0 0
C@CP 3022 0.0547696465 0.117186052 0.404176331 0 0 0
C@CP 3023 -0.0849260926 -0.14201988 -0.245501129 0 0 0
C@CP 3024 0.094696298 -0.132037222 -0.0554555337 0 0 0
C@CP 3025 -0.170372685 0.04138462 0.00804942032 0 0 0
C@CP 3026 0.413406945 0.210380585 0.123651514 0 0 0
C@CP 3027 -0.392312796 0.108309461 0.152944358 0 0 0
C@CP 3028 0.18157881 -0.233122768 0.285696905 0 0 0
C@CP 3029 -0.299436615 0.299310634 -0.148985644 0 0 0
C@CP 3030 0.0263133943 -0.0571100256 0.266009376 0 0 0
C@CP 3031 -0.0014221835 0.23520636 -0.404131541 0 0 0
C@CP 3032 -0.0477514 0.470360443 -0.0183917624 0 0 0
C@CP 3033 0.164489062 -0.0506861622 -0.350262077 0 0 0
C@CP 3034 -0.373093393 -0.0350511697 -0.110168756 0 0 0
C@CP 3035 0.154891731 -0.0924011813 0.0102190887 0 0 0
C@CP 3036 -0.14454231 0.184589443 -0.114281551 0 0 0
C@CP 3037 -0.26926923 0.0535635671 -0.0401253276 0 0 0
C@CP 3038 0.172497728 0.186068842 -0.0683566783 0 0 0
C@CP 3039 0.138160865 -0.346517276 0.107916908 0 0 0
C@CP 3040 0.0140695561 0.269568269 0.10910081 0 0 0
C@CP 3041 0.124614151 -0.043423967 -0.0863763483 0 0 0
C@CP 3042 0.225255562 -0.151572959 -0.0205819322 0 0 0
C@CP 3043 0.170880526 0.277342673 0.241808747 0 0 0
C@CP 3044 -0.226826471 0.160867227 0.0472766183 0 0 0
C@CP 3045 -0.2270997 0.354082599 0.078763518 0 0 0
C@CP 3046 0.0820410253 0.341075555 -0.296241643 0 0 0
C@CP 3047 0.333907033 -0.0925401619 -0.00706471204 0 0 0
C@CP 3048 -0.155455985 0.00248036324 0.0758756158 0 0 0
C@CP 3049 0.0225417093 -0.1167299 -0.285186879 0 0 0
C@CP 3050 0.294655275 -0.160447837 0.110594086 0 0 0
C@CP 3051 0.13535548 -0.171314405 0.0143991241 0 0 0
C@CP 3052 0.157972342 -0.14862214 0.00659444783 0 0 0
C@CP 3053 -0.0117072475 0.0442529329 0.142360066 0 0 0
C@CP 3054 0.182658607 0.0686566678 -0.388127546 0 0 0
C@CP 3055 0.0171498853 -0.426229878 -0.111450933 0 0 0
C@CP 3056 0.271732893 -0.182936094 0.112449721 0 0 0
C@CP 3057 0.243684005 0.182655441 -0.291233762 0 0 0
C@CP 3058 -0.125443252 -0.0445080901 -0.257920517 0 0 0
C@CP 3059 0.0824680736 0.320435382 -0.293772648 0 0 0
C@CP 3060 -0.238940581 -0.0935622461 0.0909817068 0 0 0
C@CP 3061 -0.0465344633 0.373751473 -0.201492949 0 0 0
C@CP 3062 -0.0132446569 -0.0786793482 0.138674907 0 0 0
C@CP 3063 0.241157464 -0.283515291 -0.220871193 0 0 0
C@CP 3064 -0.239229614 -0.119044628 0.293024551 0 0 0
C@CP 3065 -0.324821179 -0.0281302724 -0.1593914 0 0 0
C@CP 3066 -0.244710849 0.143442404 0.366479897 0 0 0
C@CP 3067 0.0941795678 -0.0940255416 0.19895271 0 0 0
C@CP 3068 0.287021991 0.247445154 0.162101493 0 0 0
C@CP 3069 0.33046185 -0.193802078 0.0975768323 0 0 0
C@CP 3070 -0.0223898213 0.2554934 -0.326066695 0 0 0
C@CP 3071 -0.25370915 -0.238817598 0.30645021 0 0 0
C@CP 3072 -0.137919616 0.251872729 0.206481108 0 0 0
C@CP 3073 0.0148583882 -0.210262566 -0.333046302 0 0 0
C@CP 3074 -0.158972186 0.201945616 -0.0587623428 0 0 0
C@CP 3075 -0.0958755454 -0.306433267 -0.206457322 0 0 0
C@CP 3076 -0.0347331377 0.175181221 0.431803189 0 0 0
C@CP 3077 -0.069597583 0.171166545 0.224880732 0 0 0
C@CP 3078 -0.175667889 -0.119097603 -0.037186812 0 0 0
C@CP 3079 0.229061733 0.142381823 -0.330134809 0 0 0
C@CP 3080 0.00183998606 0.0244120478 0.375847682 0 0 0
C@CP 3081 -0.202687652 0.386565926 0.0714245735 0 0 0
C@CP 3082 -0.291559622 -0.0145407755 0.187090415 0 0 0
C@CP 3083 0.143277336 -0.0877547992 0.304996387 0 0 0
C@CP 3084 0.169951247 -0.239900001 -0.288751991 0 0 0
C@CP 3085 -0.098829852 0.25627216 -0.0401679804 0 0 0
C@CP 3086 0.115298511 0.173628277 0.287757878 0 0 0
C@CP 3087 -0.23657265 0.26865652 -0.154353034 0 0 0
C@CP 3088 -0.0299674519 -0.0713697046 0.319542934 0 0 0
C@CP 3089 0.0346760996 -0.385073391 0.130306252 0 0 0
C@CP 3090 -0.196549244 -0.152766719 0.401797845 0 0 0
C@CP 3091 0.297096735 -0.132086455 -0.0750229924 0 0 0
C@CP 3092 -0.175742151 0.0261200761 -0.149140963 0 0 0
C@CP 3093 0.0744214202 -0.3605196 0.280470691 0 0 0
C@CP 3094 -0.357729111 0.197639872 0.156953353 0 0 0
C@CP 3095 -0.268070697 -0.246111436 0.0265284309 0 0 0
C@CP 3096 -0.265784182 -0.146705206 0.264049904 0 0 0
C@CP 3097 -0.165921058 0.0742071031 -0.384620077 0 0 0
C@CP 3098 -0.152392673 0.161240706 0.106417002 0 0 0
C@CP 3099 0.0262664341 0.139396772 -0.448962932 0 0 0
C@CP 3100 0.0805481729 -0.335132809 -0.241247595 0 0 0
C@CP 3101 0.27275159 -0.0362737648 -0.0631607397 0 0 0
C@CP 3102 0.192151678 0.0476411885 -0.342070268 0 0 0
C@CP 3103 0.140846199 0.184574765 -0.049257778 0 0 0
C@CP 3104 0.404941347 -0.0159315958 0.200772782 0 0 0
C@CP 3105 0.237234287 -0.196333673 0.000893687803 0 0 0
C@CP 3106 0.238513719 0.399189776 -0.0558662807 0 0 0
C@CP 3107 -0.0545736343 -0.42376127 0.0864367736 0 0 0
C@CP 3108 0.0636131242 -0.0470085756 -0.217982664 0 0 0
C@CP 3109 -0.228765306 0.207499895 -0.155727789 0 0 0
C@CP 3110 -0.207049368 -0.21175745 0.205954502 0 0 0
C@CP 3111 0.0537814965 -0.0714100332 0.210558047 0 0 0
C@CP 3112 -0.248344781 0.113473616 0.0382304685 0 0 0
C@CP 3113 0.413310393 -0.00185404406 -0.102369171 0 0 0
C@CP 3114 -0.2078669 -0.0507535749 0.393660267 0 0 0
C@CP 3115 0.189173614 -0.221927937 0.073848829 0 0 0
C@CP 3116 0.286183099 -0.168686165 -0.305979606 0 0 0
C@CP 3117 -0.336016092 0.0573544416 0.290880661 0 0 0
C@CP 3118 -0.219705046 -0.038168372 -0.142743507 0 0 0
C@CP 3119 0.299436768 -0.201095897 -0.196763922 0 0 0
C@CP 3120 -0.0748780506 0.000917040747 -0.255441076 0 0 0
C@CP 3121 -0.0096294094 0.240291567 0.0309187452 0 0 0
C@CP 3122 0.3201215 -0.111414623 0.20316488 0 0 0
C@CP 3123 0.0187027403 -0.0905838648 -0.223894729 0 0 0
C@CP 3124 0.240894628 -0.31460311 -0.00786932841 0 0 0
C@CP 3125 -0.118305044 -0.255057185 -0.130098829 0 0 0
C@CP 3126 0.0266792722 0.260472676 -0.318114043 0 0 0
C@CP 3127 0.164026032 0.0365684592 0.26253654 0 0 0
C@CP 3128 -0.235080758 0.0135575463 0.371558794 0 0 0
C@CP 3129 0.0696994219 -0.169205143 -0.42046949 0 0 0
C@CP 3130 0.181516518 0.259873202 -0.0947602281 0 0 0
C@CP 3131 -0.259369366 0.175746349 0.198654795 0 0 0
C@CP 3132 -0.221245711 0.118574106 -0.0995838736 0 0 0
C@CP 3133 -0.110427404 -0.115745019 0.211036437 0 0 0
C@CP 3134 -0.0204169631 -0.178826058 -0.174997498 0 0 0
C@CP 3135 -0.0131166845 -0.452100985 -0.0297019006 0 0 0
C@CP 3136 0.0739471198 0.0383016802 0.391617166 0 0 0
C@CP 3137 0.0511658092 -0.0188908279 0.352342709 0 0 0
C@CP 3138 0.181271812 0.0149297954 0.21223353 0 0 0
C@CP 3139 0.450095367 0.0147454723 -0.0488773184 0 0 0
C@CP 3140 0.345830758 0.0940081007 0.226714396 0 0 0
C@CP 3141 0.0753328448 0.111444045 -0.376237642 0 0 0
C@CP 3142 -0.0173246689 -0.0166529144 0.206133563 0 0 0
C@CP 3143 -0.204890876 -0.193770802 0.130074914 0 0 0
C@CP 3144 0.050776187 0.200444307 0.220134077 0 0 0
C@CP 3145 -0.135955458 -0.16607292 -0.303490521 0 0 0
C@CP 3146 -0.287400372 -0.168667584 0.0503233365 0 0 0
C@CP 3147 -0.236532725 -0.247427598 0.0889238058 0 0 0
C@CP 3148 0.214651102 0.220079671 0.161997739 0 0 0
C@CP 3149 0.116463123 0.244446066 0.0419430185 0 0 0
C@CP 3150 -0.0990548429 -0.122099644 0.265077351 0 0 0
C@CP 3151 -0.420007668 0.138754222 0.0654064105 0 0 0
C@CP 3152 -0.261114476 0.18587349 -0.117540193 0 0 0
C@CP 3153 0.192438342 -0.0882872795 -0.0138324711 0 0 0
C@CP 3154 -0.235371799 0.114605075 0.375655758 0 0 0
C@CP 3155 0.190951333 0.0752724041 -0.0656150931 0 0 0
C@CP 3156 -0.119374389 0.160044645 0.174315887 0 0 0
C@CP 3157 -0.233886664 0.289109796 -0.146606874 0 0 0
C@CP 3158 -0.240571183 -0.270271684 0.00779389633 0 0 0
C@CP 3159 0.132354413 -0.208269068 0.229156831 0 0 0
C@CP 3160 0.140046581 -0.318818864 -0.184767166 0 0 0
C@CP 3161 0.0985971291 0.00102852351 0.199665822 0 0 0
C@CP 3162 0.109298034 0.058891259 0.112399844 0 0 0
C@CP 3163 -0.379732586 0.158544459 -0.0621355942 0 0 0
C@CP 3164 0.130486829 -0.309366766 -0.126351284 0 0 0
C@CP 3165 -0.0668157106 -0.298192792 0.00141437823 0 0 0
C@CP 3166 -0.125487506 0.280669723 0.0952397065 0 0 0
C@CP 3167 -0.117105487 0.0874956813 0.197800166 0 0 0
C@CP 3168 -0.11143507 -0.00669652383 -0.204895512 0 0 0
C@CP 3169 -0.105391409 0.0313376425 -0.354404951 0 0 0
C@CP 3170 -0.175329242 -0.082197229 -0.206990904 0 0 0
C@CP 3171 -0.0202048623 -0.392227648 -0.113365375 0 0 0
C@CP 3172 -0.310091799 0.317104768 0.131087803 0 0 0
C@CP 3173 0.166114366 -0.268247893 0.276423329 0 0 0
C@CP 3174 0.334414924 -0.0370544089 -0.0836573822 0 0 0
C@CP 3175 0.0453656401 0.264381002 0.205596624 0 0 0
C@CP 3176 0.0817285817 -0.129038735 0.303296607 0 0 0
C@CP 3177 0.263667589 0.0713553019 -0.0327370671 0 0 0
C@CP 3178 -0.200799505 -0.149428662 -0.329764631 0 0 0
C@CP 3179 0.0661825378 0.0861474812 -0.127175753 0 0 0
C@CP 3180 -0.0234348383 -0.14794328 0.291876221 0 0 0
C@CP 3181 -0.184534644 0.357346569 0.0505869791 0 0 0
C@CP 3182 -0.0312807561 0.290274083 0.00861857472 0 0 0
C@CP 3183 -0.0644025629 0.0522099769 -0.219336075 0 0 0
C@CP 3184 0.142128303 -0.248386921 0.0663553439 0 0 0
C@CP 3185 -0.344948202 0.270687017 0.0299253508 0 0 0
C@CP 3186 -0.102911331 -0.0581694053 -0.019062969 0 0 0
C@CP 3187 0.113653904 -0.19007634 -0.075839874 0 0 0
C@CP 3188 -0.0916532088 0.403803747 0.117147261 0 0 0
C@CP 3189 0.238207076 -0.0933799623 0.237231987 0 0 0
C@CP 3190 -0.243333405 -0.170824164 0.208834363 0 0 0
C@CP 3191 -0.128721237 -0.402179535 -0.05322585 0 0 0
C@CP 3192 -0.128225963 -0.250165056 0.33051759 0 0 0
C@CP 3193 -0.0948003069 0.0569362594 -0.200116535 0 0 0
C@CP 3194 -0.0541477686 0.157961215 0.136191232 0 0 0
C@CP 3195 0.159909928 0.216456285 0.0855164457 0 0 0
C@CP 3196 -0.210798487 0.33186003 -0.157910451 0 0 0
C@CP 3197 0.0760691494 -0.0391375103 -0.0782741197 0 0 0
C@CP 3198 0.296762887 0.355305457 0.0658408426 0 0 0
C@CP 3199 -0.0585422136 -0.0462658564 0.301868316 0 0 0
C@CP 3200 0.0299214707 -0.17714907 -0.392659475 0 0 0
C@CP 3201 0.334258387 -0.143157901 0.0702403716 0 0 0
C@CP 3202 0.257993824 -0.31269893 -0.180840367 0 0 0
C@CP 3203 0.00343060475 -0.143453868 -0.42847817 0 0 0
C@CP 3204 -0.0399509299 -0.134218517 0.181737842 0 0 0
C@CP 3205 0.239511942 -0.294715759 0.0937512171 0 0 0
C@CP 3206 0.104492001 -0.404972737 -0.0543702794 0 0 0
C@CP 3207 0.0519242344 0.0477102469 -0.301168499 0 0 0
C@CP 3208 0.0795801589 -0.171131473 -0.418360334 0 0 0
C@CP 3209 -0.0620801295 -0.11633802 0.105820034 0 0 0
C@CP 3210 0.098267436 -0.0888540482 -0.175043594 0 0 0
C@CP 3211 -0.128204371 -0.175726585 -0.115393555 0 0 0
C@CP 3212 -0.331683042 0.104378921 0.177801486 0 0 0
C@CP 3213 0.0219108161 -0.161177272 0.184798781 0 0 0
C@CP 3214 -0.0321437866 0.286085115 0.085206967 0 0 0
C@CP 3215 0.0310505412 -0.386766877 -0.194195509 0 0 0
C@CP 3216 0.225819748 0.241428138 0.0635144616 0 0 0
C@CP 3217 0.193726002 0.0436302421 -0.248423894 0 0 0
C@CP 3218 0.00330584098 0.268384359 0.300965581 0 0 0
C@CP 3219 -0.0548693238 0.102536253 -0.158177904 0 0 0
C@CP 3220 -0.15046611 -0.220590389 -0.386238842 0 0 0
C@CP 3221 0.0956303638 -0.0685869145 0.0910447113 0 0 0
C@CP 3222 0.237824328 0.0912500845 -0.130578239 0 0 0
C@CP 3223 -0.268833286 0.215184382 0.115303563 0 0 0
C@CP 3224 -0.0223858498 -0.218870609 -0.02267898 0 0 0
C@CP 3225 0.145477024 -0.265246076 -0.181853033 0 0 0
C@CP 3226 0.260688459 0.0795159051 -0.00417202733 0 0 0
C@CP 3227 0.254367686 0.0334998006 -0.11470435 0 0 0
C@CP 3228 -0.29283908 -0.208629183 0.291599355 0 0 0
C@CP 3229 -0.34925273 -0.0562159912 -0.0131619075 0 0 0
C@CP 3230 0.00890497129 -0.0218344635 0.0811903164 0 0 0
C@CP 3231 0.198770156 -0.00250532873 -0.300422058 0 0 0
C@CP 3232 0.195151974 0.249396145 0.255691122 0 0 0
C@CP 3233 0.0845263228 0.0147218756 0.0762901514 0 0 0
C@CP 3234 -0.148086974 -0.35542113 -0.0910585763 0 0 0
C@CP 3235 0.14407809 -0.00747603595 -0.417464174 0 0 0
C@CP 3236 0.150046827 -0.0508957349 0.132256273 0 0 0
C@CP 3237 0.170470933 0.246412356 -0.0774098726 0 0 0
C@CP 3238 0.169036362 0.287088578 -0.0122328249 0 0 0
C@CP 3239 -0.00149848386 0.260644698 -0.16497727 0 0 0
C@CP 3240 0.304679104 0.215941421 -0.265276155 0 0 0
C@CP 3241 -0.371624871 0.216652162 -0.170108279 0 0 0
C@CP 3242 0.373208907 0.074938847 0.0919167105 0 0 0
C@CP 3243 -0.227792532 0.197097022 0.261909262 0 0 0
C@CP 3244 -0.206200787 -0.195401096 0.1307878 0 0 0
C@CP 3245 0.133804896 0.369624985 -0.225292085 0 0 0
C@CP 3246 0.30587417 0.196057476 0.119602133 0 0 0
C@CP 3247 -0.209438328 0.247914832 -0.226261572 0 0 0
C@CP 3248 -0.0848910745 0.23722245 -0.0250862715 0 0 0
C@CP 3249 -0.341535056 -0.0821889609 0.291470804 0 0 0
C@CP 3250 0.0876184382 -0.0309570078 0.0186862583 0 0 0
C@CP 3251 -0.0396331395 0.0181945814 0.152722632 0 0 0
C@CP 3252 0.26983823 -0.124185082 0.103986248 0 0 0
C@CP 3253 -0.299117558 0.0445527602 0.171633268 0 0 0
C@CP 3254 0.207443781 0.156940831 -0.229094124 0 0 0
C@CP 3255 -0.130742401 -0.150476951 0.140986477 0 0 0
C@CP 3256 0.0239288008 0.0702124033 -0.423231523 0 0 0
C@CP 3257 0.0789218269 0.370928469 0.152999676 0 0 0
C@CP 3258 0.292198685 -0.185841244 -0.0423069605 0 0 0
C@CP 3259 -0.115587065 -0.029503036 0.106103265 0 0 0
C@CP 3260 0.114086291 -0.197793115 0.230394776 0 0 0
C@CP 3261 0.178956556 0.0234108261 -0.0100525585 0 0 0
C@CP 3262 0.0495725868 -0.13208041 0.35975364 0 0 0
C@CP 3263 -0.100152279 0.190521938 -0.33312412 0 0 0
C@CP 3264 0.259774019 -0.359839912 -0.00125771666 0 0 0
C@CP 3265 -0.220824864 0.266030236 -0.298532522 0 0 0
C@CP 3266 -0.0312188445 0.245849009 0.401471241 0 0 0
C@CP 3267 -0.0314431704 -0.106266787 0.0610985401 0 0 0
C@CP 3268 0.322688977 -0.207455979 -0.190913253 0 0 0
C@CP 3269 0.0997196687 -0.242902352 -0.0340651924 0 0 0
C@CP 3270 0.30799991 0.189119219 -0.0538930627 0 0 0
C@CP 3271 -0.205635918 0.0983693585 -0.165747738 0 0 0
C@CP 3272 0.0473250384 0.339975205 0.0914328806 0 0 0
C@CP 3273 -0.166877709 0.167231092 -0.221246055 0 0 0
C@CP 3274 0.0937576506 0.180184396 -0.406288479 0 0 0
C@CP 3275 0.237276207 0.0243717671 -0.0863999141 0 0 0
C@CP 3276 0.239537707 0.233727696 -0.303988113 0 0 0
C@CP 3277 0.0775514244 -0.312602777 0.155982043 0 0 0
C@CP 3278 0.460472021 -0.0183402027 0.0383084065 0 0 0
C@CP 3279 -0.179114629 -0.140376421 -0.106118113 0 0 0
C@CP 3280 0.234068843 -0.310099173 -0.089636199 0 0 0
C@CP 3281 -0.118186711 -0.14658841 -0.221677773 0 0 0
C@CP 3282 0.0223558382 -0.158588527 -0.22424489 0 0 0
C@CP 3283 0.252720068 -0.16930017 -0.206278956 0 0 0
C@CP 3284 0.106738997 0.232067401 0.339417141 0 0 0
C@CP 3285 0.118132499 -0.0749428355 -0.162379544 0 0 0
C@CP 3286 -0.0487260278 -0.0346384641 0.188185702 0 0 0
C@CP 3287 -0.402846899 0.075964668 -0.175670357 0 0 0
C@CP 3288 -0.0548548355 0.338061479 -0.17990707 0 0 0
C@CP 3289 -0.131193927 0.0825697264 0.17280624 0 0 0
C@CP 3290 -0.399574802 -0.0931084415 0.0365483623 0 0 0
C@CP 3291 -0.150631666 0.269983752 -0.210057437 0 0 0
C@CP 3292 -0.058386978 -0.363798005 -0.123230899 0 0 0
C@CP 3293 0.236983789 0.323253436 0.0703480593 0 0 0
C@CP 3294 0.116398293 -0.246537551 0.274173695 0 0 0
C@CP 3295 -0.236512977 0.0318691379 -0.345456923 0 0 0
C@CP 3296 0.0943291314 0.0271177078 0.198771671 0 0 0
C@CP 3297 0.110715241 0.205500676 -0.00784959648 0 0 0
C@CP 3298 0.130884406 0.101257487 0.229313546 0 0 0
C@CP 3299 -0.0821357587 -0.0197897792 0.129994303 0 0 0
C@CP 3300 -0.295516682 -0.256183938 0.110666311 0 0 0
C@CP 3301 0.228854823 0.198476481 -0.0364714525 0 0 0
C@CP 3302 -0.245096464 0.301774617 -0.147154353 0 0 0
C@CP 3303 -0.029095757 -0.067322876 -0.45538529 0 0 0
C@CP 3304 0.0188395521 -0.119976197 0.193067097 0 0 0
C@CP 3305 -0.0359311468 0.233417799 -0.0460294992 0 0 0
C@CP 3306 -0.0844755899 -0.0907339606 -0.420124019 0 0 0
C@CP 3307 -0.392738475 0.0872757284 -0.154976885 0 0 0
C@CP 3308 -0.199417194 0.244793543 -0.0356361445 0 0 0
C@CP 3309 0.0661553705 0.284654026 0.213834222 0 0 0
C@CP 3310 -0.181064087 -0.017835964 0.0413348171 0 0 0
C@CP 3311 -0.180417602 0.147435853 0.134391969 0 0 0
C@CP 3312 -0.329120698 -0.26426356 -0.157523921 0 0 0
C@CP 3313 -0.162940455 -0.0187071734 0.280945328 0 0 0
C@CP 3314 -0.0671509556 0.22613593 0.267168721 0 0 0
C@CP 3315 -0.0177783233 0.0563638374 -0.317274503 0 0 0
C@CP 3316 0.0719337361 -0.192045674 0.291086938 0 0 0
C@CP 3317 0.050383862 0.0714915087 -0.420114066 0 0 0
C@CP 3318 -0.01223251 0.44210131 -0.00516366102 0 0 0
C@CP 3319 -0.137129587 -0.0421883722 -0.0218016505 0 0 0
C@CP 3320 -0.134345449 0.198789861 -0.208831568 0 0 0
C@CP 3321 0.323231614 -0.324625215 0.0334033731 0 0 0
C@CP 3322 -0.204035387 0.292136718 0.0942746771 0 0 0
C@CP 3323 0.131898791 -0.00145260875 -0.297014565 0 0 0
C@CP 3324 0.173064981 -0.294036925 0.00181095153 0 0 0
C@CP 3325 -0.0348650807 -0.0486197569 -0.0625787421 0 0 0
C@CP 3326 0.110555777 -0.0137515679 0.13507213 0 0 0
C@CP 3327 -0.151560543 -0.336641375 -0.182196031 0 0 0
C@CP 3328 -0.10770413 0.181876685 0.417128683 0 0 0
C@CP 3329 0.0770629429 -0.133904004 -0.240512471 0 0 0
C@CP 3330 0.242878289 0.164457807 0.117012246 0 0 0
C@CP 3331 -0.0440952868 -0.181507463 0.243444735 0 0 0
C@CP 3332 0.110048393 -0.0152953881 0.354853025 0 0 0
C@CP 3333 0.334412244 -0.116225409 -0.00128554414 0 0 0
C@CP 3334 -0.140496453 0.140087705 0.115067229 0 0 0
C@CP 3335 0.0445518587 0.0497468716 -0.175695115 0 0 0
C@CP 3336 0.162379485 0.0513855283 0.162777879 0 0 0
C@CP 3337 0.270923872 0.207197771 -0.193320448 0 0 0
C@CP 3338 -0.128485308 -0.207826071 0.328404153 0 0 0
C@CP 3339 -0.0192010897 0.145296541 0.139350877 0 0 0
C@CP 3340 -0.249942603 0.0787847791 -0.0925841805 0 0 0
C@CP 3341 0.111777798 -0.393800363 -0.0757773532 0 0 0
C@CP 3342 -0.25448639 0.101209844 -0.250046606 0 0 0
C@CP 3343 -0.0880543415 0.386630672 0.059833365 0 0 0
C@CP 3344 -0.383718319 0.00659524322 0.184059695 0 0 0
C@CP 3345 -0.413127027 -0.117963669 -0.0339637467 0 0 0
C@CP 3346 0.0261641918 -0.156689712 0.438647202 0 0 0
C@CP 3347 0.295004039 -0.0964755228 -0.108747745 0 0 0
C@CP 3348 0.292373404 0.0216097121 0.0538898724 0 0 0
C@CP 3349 0.116135541 -0.346234133 -0.18818394 0 0 0
C@CP 3350 -0.331920179 0.0404725223 0.0730717783 0 0 0
C@CP 3351 -0.17714305 0.012611766 -0.231133531 0 0 0
C@CP 3352 -0.411742386 0.152398924 -0.117985764 0 0 0
C@CP 3353 0.224766519 0.205884561 -0.27560033 0 0 0
C@CP 3354 0.245774282 -0.292003783 -0.109838812 0 0 0
C@CP 3355 -0.14766605 0.126908248 0.0628523082 0 0 0
C@CP 3356 -0.194125117 -0.043738155 0.129838056 0 0 0
C@CP 3357 0.454852201 -0.0670852464 -0.0613181291 0 0 0
C@CP 3358 0.37687888 0.135252751 -0.201025557 0 0 0
C@CP 3359 -0.124727599 -0.240421988 -0.212378558 0 0 0
C@CP 3360 -0.0229296781 0.325469649 0.0341865747 0 0 0
C@CP 3361 0.386232564 0.0505641771 0.227029564 0 0 0
C@CP 3362 -0.126883149 -0.302784013 -0.036723428 0 0 0
C@CP 3363 0.199598519 -0.37821323 0.116625038 0 0 0
C@CP 3364 -0.143362544 -0.408369612 -0.172148109 0 0 0
C@CP 3365 -0.264196053 0.166001584 0.264402218 0 0 0
C@CP 3366 -0.144137317 0.103938921 0.113366479 0 0 0
C@CP 3367 -0.0526086955 0.290825438 -0.216377154 0 0 0
C@CP 3368 0.0522852882 0.0497131792 0.19529646 0 0 0
C@CP 3369 -0.0407524771 -0.237034505 -0.369106857 0 0 0
C@CP 3370 0.0261842533 -0.375721099 0.003528766 0 0 0
C@CP 3371 0.302929923 -0.133132775 -0.125048242 0 0 0
C@CP 3372 0.0932219408 0.250745638 0.00444481877 0 0 0
C@CP 3373 -0.0163100336 -0.0149393612 -0.481645939 0 0 0
C@CP 3374 0.355507627 0.153273066 -0.15926502 0 0 0
C@CP 3375 0.0721922051 -0.10877868 -0.215036141 0 0 0
C@CP 3376 -0.118757763 0.113603999 0.252873168 0 0 0
C@CP 3377 0.118597801 0.0751974373 -0.231544946 0 0 0
C@CP 3378 0.210204565 0.243060933 0.323803461 0 0 0
C@CP 3379 0.335372774 0.0308130929 -0.103612869 0 0 0
C@CP 3380 -0.0372119399 0.0553224092 -0.383804054 0 0 0
C@CP 3381 -0.260614275 0.265540218 -0.0432295922 0 0 0
C@CP 3382 -0.259973081 0.135989571 0.105652839 0 0 0
C@CP 3383 0.0475001093 -0.074593765 -0.116851428 0 0 0
C@CP 3384 0.0141730797 0.0631411213 -0.205709919 0 0 0
C@CP 3385 0.0447854727 0.283283096 0.112776274 0 0 0
C@CP 3386 -0.201600289 0.0967831959 0.140737633 0 0 0
C@CP 3387 -0.0392935252 -0.035580964 0.105489438 0 0 0
C@CP 3388 -0.0326026032 0.442120915 -0.0152251004 0 0 0
C@CP 3389 0.127790062 0.115852104 0.307455724 0 0 0
C@CP 3390 0.0120999111 0.234941713 -0.0655860625 0 0 0
C@CP 3391 -0.101669073 -0.118496022 -0.281257448 0 0 0
C@CP 3392 0.29052885 -0.306140309 0.142665405 0 0 0
C@CP 3393 0.352853756 0.14979364 0.191446572 0 0 0
C@CP 3394 -0.15777009 0.0732790674 0.137394018 0 0 0
C@CP 3395 0.0374251959 0.109140553 0.451056114 0 0 0
C@CP 3396 0.162672552 -0.0703741362 -0.409616095 0 0 0
C@CP 3397 -0.142544767 0.0924021979 -0.115504227 0 0 0
C@CP 3398 0.0522108405 0.00384461302 0.310757554 0 0 0
C@CP 3399 -0.0399846867 -0.226805612 0.390291506 0 0 0
C@CP 3400 -0.0300812747 -0.12418884 -0.1710975 0 0 0
C@CP 3401 -0.150366146 0.111523743 0.258564225 0 0 0
C@CP 3402 0.385389611 -0.0418401794 -0.213889685 0 0 0
C@CP 3403 -0.0717861228 -0.00164361006 -0.160011164 0 0 0
C@CP 3404 -0.314047316 0.102015725 -0.197679946 0 0 0
C@CP 3405 -0.0609137116 0.279040106 0.0639580832 0 0 0
C@CP 3406 0.406498461 0.0477205396 -0.033007028 0 0 0
C@CP 3407 0.166417906 0.0851452146 0.323145104 0 0 0
C@CP 3408 -0.288741341 -0.0758056758 0.245614702 0 0 0
C@CP 3409 -0.0726498762 -0.00747445269 -0.363367416 0 0 0
C@CP 3410 -0.0579120044 -0.0773786959 0.290783519 0 0 0
C@CP 3411 0.0736173874 -0.157463378 -0.408453135 0 0 0
C@CP 3412 -0.347028332 -0.111288453 -0.151918077 0 0 0
C@CP 3413 0.296431035 0.00416995018 -0.303287175 0 0 0
C@CP 3414 -0.188132889 0.342225679 -0.0480268016 0 0 0
C@CP 3415 -0.32265858 0.161929772 -0.108346962 0 0 0
C@CP 3416 -0.0471210262 -0.0100535535 0.309646749 0 0 0
C@CP 3417 0.129490573 -0.251894131 -0.191836231 0 0 0
C@CP 3418 0.0465412192 -0.102343509 -0.0278341869 0 0 0
C@CP 3419 0.0474685592 0.135356745 0.0290204572 0 0 0
C@CP 3420 -0.0478490074 0.0630433699 -0.174683133 0 0 0
C@CP 3421 -0.22574412 -0.257641384 0.0079034656 0 0 0
C@CP 3422 0.404976553 -0.0298850078 -0.140548097 0 0 0
C@CP 3423 -0.0254360555 0.0975874733 0.460779497 0 0 0
C@CP 3424 0.0272717631 -0.265276217 0.186265688 0 0 0
C@CP 3425 -0.0507975384 0.220430562 0.355251527 0 0 0
C@CP 3426 0.174909563 0.0473820528 -0.232717202 0 0 0
C@CP 3427 -0.0186302783 -0.36103406 0.143090201 0 0 0
C@CP 3428 0.000699086285 -0.175170908 0.34974154 0 0 0
C@CP 3429 -0.0504621947 -0.253002896 0.18143158 0 0 0
C@CP 3430 -0.15390792 0.0536248946 0.411276547 0 0 0
C@CP 3431 -0.219382012 0.132560165 0.368617738 0 0 0
C@CP 3432 -0.109512185 0.331873921 -0.173715422 0 0 0
C@CP 3433 -0.00895233057 0.163824065 0.0733728309 0 0 0
C@CP 3434 -0.0959601654 0.0504226591 0.367130267 0 0 0
C@CP 3435 0.197610737 -0.0439501269 0.11258704 0 0 0
C@CP 3436 -0.158645354 -0.0191855302 0.039137944 0 0 0
C@CP 3437 0.10365382 -0.159975471 0.103501416 0 0 0
C@CP 3438 0.0178699797 0.276843184 -0.303526343 0 0 0
C@CP 3439 -0.183466512 0.158473614 -0.294522858 0 0 0
C@CP 3440 -0.0619181411 0.205448282 -0.288203137 0 0 0
C@CP 3441 -0.290311915 0.0147878987 -0.102725353 0 0 0
C@CP 3442 -0.0102555334 -0.100648442 -0.378907064 0 0 0
C@CP 3443 -0.1420871 -0.405630475 0.127651624 0 0 0
C@CP 3444 0.146480822 -0.272168217 0.228466087 0 0 0
C@CP 3445 0.404438631 -0.0083064507 -0.24595486 0 0 0
C@CP 3446 0.292244205 -0.0165004503 0.178277599 0 0 0
C@CP 3447 -0.227312423 -0.118416821 0.18972774 0 0 0
C@CP 3448 -0.0433697327 0.0351775355 -0.328883281 0 0 0
C@CP 3449 -0.332577732 0.158516974 -0.0174163317 0 0 0
C@CP 3450 0.0594102566 -0.277180043 -0.282564336 0 0 0
C@CP 3451 0.251844148 0.00114782442 0.275579849 0 0 0
C@CP 3452 0.349791448 0.11548532 0.007664568 0 0 0
C@CP 3453 0.0345870216 -0.356332142 0.0519567929 0 0 0
C@CP 3454 0.0286360766 -0.167342875 -0.116342226 0 0 0
C@CP 3455 -0.25429632 0.233950367 0.16437667 0 0 0
C@CP 3456 -0.144980772 -0.0328512198 -0.00938935322 0 0 0
C@CP 3457 0.106488289 0.300970319 0.165437489 0 0 0
C@CP 3458 -0.282698687 -0.0953598071 0.142800645 0 0 0
C@CP 3459 -0.32606911 0.238796812 -0.0347061486 0 0 0
C@CP 3460 -0.397345402 0.166308029 -0.105541926 0 0 0
C@CP 3461 -0.249518258 -0.177385057 -0.0837550266 0 0 0
C@CP 3462 0.208692838 -0.115293813 -0.320827583 0 0 0
C@CP 3463 0.0965641069 -0.0926776921 -0.126387793 0 0 0
C@CP 3464 -0.23660027 -0.357248424 0.130268308 0 0 0
C@CP 3465 0.384758423 0.133294109 -0.222778822 0 0 0
C@CP 3466 -0.172218073 -0.336074445 0.201060272 0 0 0
C@CP 3467 -0.115138258 0.116773077 0.421602428 0 0 0
C@CP 3468 0.140823921 0.0352667204 0.0907087075 0 0 0
C@CP 3469 0.124274286 0.22437178 0.192311484 0 0 0
C@CP 3470 0.145029567 0.343505596 0.243373558 0 0 0
C@CP 3471 0.0413645249 0.323655791 0.0590649374 0 0 0
C@CP 3472 -0.179121243 -0.303648434 0.168643927 0 0 0
C@CP 3473 -0.182634296 -0.0573470259 0.311302253 0 0 0
C@CP 3474 0.13349085 0.284727788 0.046527187 0 0 0
C@CP 3475 0.243825425 0.0703206161 0.264021276 0 0 0
C@CP 3476 -0.150580363 0.344971493 0.0788379621 0 0 0
C@CP 3477 0.036253595 -0.0496492646 -0.217768853 0 0 0
C@CP 3478 -0.0377476805 0.428865295 -0.0234480613 0 0 0
C@CP 3479 -0.356531971 -0.225183897 -0.119619351 0 0 0
C@CP 3480 -0.0869541744 -0.0394065698 -0.253213076 0 0 0
C@CP 3481 -0.259496846 -0.175611594 -0.292426307 0 0 0
C@CP 3482 0.0228139109 -0.198623798 -0.129806433 0 0 0
C@CP 3483 0.221134269 -0.102519783 -0.405503422 0 0 0
C@CP 3484 -0.264183199 -0.0134395617 -0.0988436344 0 0 0
C@CP 3485 0.240842289 -0.222216796 -0.254335386 0 0 0
C@CP 3486 -0.0885654918 -0.297026624 0.11081942 0 0 0
C@CP 3487 -0.297434965 -0.184541433 0.24073013 0 0 0
C@CP 3488 -0.191550769 0.371778514 0.0575935611 0 0 0
C@CP 3489 0.210917515 -0.190035462 -0.0661177226 0 0 0
C@CP 3490 -0.227059376 -0.307229125 0.159294621 0 0 0
C@CP 3491 -0.0128993782 0.180049419 -0.0749501332 0 0 0
C@CP 3492 -0.0507346673 -0.0856566517 -0.164814228 0 0 0
C@CP 3493 0.136342916 -0.362393634 -0.00820052813 0 0 0
C@CP 3494 0.16544178 -0.231865883 -0.111054467 0 0 0
C@CP 3495 0.125319091 -0.163079661 -0.213085481 0 0 0
C@CP 3496 -0.0753809779 0.395245805 -0.151270916 0 0 0
C@CP 3497 0.239382994 -0.288639812 -0.00156140103 0 0 0
C@CP 3498 0.15309374 0.173061607 0.00231075529 0 0 0
C@CP 3499 -0.0697099846 -0.41757282 -0.0511466638 0 0 0
