A@CP 430 -0.139791015 0.415146856 -0.0134755719 0 0 0
A@CP 435 0.191807402 0.114827083 0.290460894 0 0 0
A@CP 633 -0.148565719 -0.399459305 -0.132755753 0 0 0
A@CP 676 -0.0127941968 0.0390174981 -0.043268845 0 0 0
A@CP 747 0.0048947924 -0.250772371 0.220895919 0 0 0
A@CP 961 0.250493741 0.157764834 0.256067589 0 0 0
B@CP 1000 -0.267692857 -0.0482434444 -0.152536515 0 0 0
B@CP 1002 0.0725543129 0.275699031 -0.0666958224 0 0 0
B@CP 1003 -0.11908275 -0.32038601 -0.256127056 0 0 0
B@CP 1006 0.349965182 -0.126047848 0.268696934 0 0 0
B@CP 1007 -0.236693418 0.256542556 -0.20703359 0 0 0
B@CP 1008 0.265221786 -0.387699097 -0.0375133031 0 0 0
B@CP 1011 -0.458973212 0.0266323502 0.00805836054 0 0 0
B@CP 1015 -0.350552766 0.301536804 0.0460760884 0 0 0
B@CP 1019 0.0118830514 0.112542925 -0.411747305 0 0 0
B@CP 1024 0.151126885 -0.034624661 0.341855462 0 0 0
B@CP 1025 0.134542483 0.078990465 0.227971052 0 0 0
B@CP 1036 -0.292348184 0.211028741 -0.165578888 0 0 0
B@CP 1037 0.0463328431 -0.32847911 -0.0338545168 0 0 0
B@CP 1042 0.311790294 0.05696373 -0.0715538201 0 0 0
B@CP 1045 0.29970506 0.194827853 0.2220953 0 0 0
B@CP 1047 -0.198020274 -0.123240389 0.167121363 0 0 0
B@CP 1049 0.349450425 -0.212887406 -0.234505351 0 0 0
B@CP 1052 0.260661454 0.0881393099 0.10441986 0 0 0
B@CP 1056 0.229890818 0.0684050698 -0.328726579 0 0 0
B@CP 1058 -0.0273229152 0.0726802621 -0.0996290874 0 0 0
B@CP 1062 -0.0887210208 0.0481933836 0.165117171 0 0 0
B@CP 1063 -0.00334574391 -0.0941636944 -0.461180906 0 0 0
B@CP 1064 0.103982364 -0.0519578543 0.0514200158 0 0 0
B@CP 1066 -0.380156476 -0.0432884469 -0.0156874674 0 0 0
B@CP 1067 0.0110827297 0.170783823 0.344178722 0 0 0
B@CP 1073 0.0139943671 0.00416825726 0.425095648 0 0 0
B@CP 1078 -0.295454736 0.037651691 -0.231189929 0 0 0
B@CP 1080 -0.195914149 -0.162800722 -0.359908866 0 0 0
B@CP 1083 -0.1972274 -0.272910213 -0.128312767 0 0 0
B@CP 1087 0.0450889704 -0.317679239 -0.136837035 0 0 0
B@CP 1088 0.248719056 -0.077484222 -0.141763254 0 0 0
B@CP 1089 -0.0875978724 -0.266070154 0.126881041 0 0 0
B@CP 1090 0.12413697 -0.148312303 0.342824717 0 0 0
B@CP 1091 0.168815019 0.177913593 -0.137452902 0 0 0
B@CP 1096 0.273388223 0.100333502 -0.110673256 0 0 0
B@CP 1101 0.0116128341 -0.418649797 0.126777257 0 0 0
B@CP 1103 -0.382668554 0.218070308 -0.0521844116 0 0 0
B@CP 1105 0.0167831092 -0.401897901 0.149298244 0 0 0
B@CP 1107 -0.304557556 -0.0978299075 -0.138612452 0 0 0
B@CP 1110 0.0432925009 0.119281806 0.377782641 0 0 0
B@CP 1113 0.375925462 0.192458741 -0.00701291105 0 0 0
B@CP 1116 0.134055821 0.354542882 -0.144912352 0 0 0
B@CP 1117 0.192042129 0.0443608378 0.233129569 0 0 0
B@CP 1118 -0.293081706 0.295337947 -0.0280387166 0 0 0
B@CP 1119 0.00258682044 0.0759303741 0.118887554 0 0 0
B@CP 1121 -0.161311478 0.159241528 -0.278290259 0 0 0
B@CP 1125 0.328334524 -0.170964457 0.194599301 0 0 0
B@CP 1129 0.153227324 0.162726367 0.348768069 0 0 0
B@CP 1130 0.110638496 0.179513512 0.180519121 0 0 0
B@CP 1131 -0.0137814434 0.0390621624 0.0807787492 0 0 0
B@CP 1133 0.0287727153 0.0927438224 0.178604217 0 0 0
B@CP 1136 0.229882731 0.20510786 0.28904844 0 0 0
B@CP 1139 -0.129361617 0.0485456688 0.258839974 0 0 0
B@CP 1145 -0.0172465513 0.331261919 0.171750218 0 0 0
B@CP 1148 -0.00594220674 0.00061851198 0.422227217 0 0 0
B@CP 1151 -0.0216519881 -0.32896826 -0.178314149 0 0 0
B@CP 1156 0.0649334897 -0.0847345612 -0.399539625 0 0 0
B@CP 1157 -0.0690178035 -0.279893166 0.322629069 0 0 0
B@CP 1163 -0.096289556 0.0449375525 0.412914983 0 0 0
B@CP 1165 0.21896319 0.0834728074 0.209590909 0 0 0
B@CP 1167 -0.121199079 0.298469429 -0.0310005764 0 0 0
B@CP 1170 0.112128733 -0.153917398 0.386469627 0 0 0
B@CP 1173 -0.270451968 -0.128539387 -0.254200024 0 0 0
B@CP 1175 -0.325675965 -0.180661959 -0.0966705671 0 0 0
B@CP 1176 0.00268812562 -0.398641027 -0.0641071855 0 0 0
B@CP 1178 -0.0771473681 0.433417977 0.0810509791 0 0 0
B@CP 1180 -0.167824428 0.238075211 0.17238422 0 0 0
B@CP 1188 0.0625014061 0.419040702 -0.0895926446 0 0 0
B@CP 1189 0.233638201 0.0177268536 0.333757541 0 0 0
B@CP 1191 0.193116162 -0.152375231 0.113621189 0 0 0
B@CP 1196 -0.0139930466 0.120388876 -0.435046133 0 0 0
B@CP 1201 -0.0641960527 -0.0435714813 0.253151484 0 0 0
B@CP 1203 0.00945035839 -0.266789409 -0.272891266 0 0 0
B@CP 1205 -0.0542813358 0.3622399 -0.151626518 0 0 0
B@CP 1206 -0.118491617 -0.243677666 0.185205889 0 0 0
B@CP 1210 0.439597166 0.0269574405 -0.141833487 0 0 0
B@CP 1212 -0.226220199 0.0328656212 0.0140545205 0 0 0
B@CP 1214 -0.169512015 0.213260455 -0.303779308 0 0 0
B@CP 1215 0.0228727416 0.0928049641 -0.243350046 0 0 0
B@CP 1216 0.0774785834 0.0354809 0.380452901 0 0 0
B@CP 1222 0.0900380883 -0.0773714668 -0.0717597908 0 0 0
B@CP 1226 -0.120519906 -0.190328646 -0.16933565 0 0 0
B@CP 1232 0.116700601 -0.0663917244 0.148252589 0 0 0
B@CP 1238 0.240268916 0.0246421647 -0.222009399 0 0 0
B@CP 1242 -0.0693486233 0.161878386 -0.27056744 0 0 0
B@CP 1243 -0.332301553 -0.208716886 -0.0668999159 0 0 0
B@CP 1246 0.224116682 0.0787045836 0.134310748 0 0 0
B@CP 1247 -0.107816805 -0.270708762 -0.364499568 0 0 0
B@CP 1250 -0.0381003238 -0.235065775 0.238044636 0 0 0
B@CP 1253 0.147301132 0.0535018053 0.298551126 0 0 0
B@CP 1255 -0.135311668 0.191416085 0.127065234 0 0 0
B@CP 1256 0.329057299 0.00994136074 0.239578653 0 0 0
B@CP 1257 0.363263221 0.143371617 0.0550877865 0 0 0
B@CP 1259 0.111234596 0.282554734 0.168939302 0 0 0
B@CP 1263 -0.0082826424 0.0104027931 -0.239330761 0 0 0
B@CP 1264 0.398465542 0.181248786 -0.0338147738 0 0 0
B@CP 1268 0.248292654 -0.107084443 -0.340446141 0 0 0
B@CP 1269 -0.216257767 -0.0629898328 -0.234566365 0 0 0
B@CP 1273 0.0367927695 0.193262219 0.13154956 0 0 0
B@CP 1274 0.0393190348 0.234265893 -0.00964020358 0 0 0
B@CP 1275 -0.261755233 -0.0412453446 0.147856283 0 0 0
B@CP 1276 0.308903091 0.0573797589 0.204080404 0 0 0
B@CP 1282 -0.252972986 -0.290483109 0.111414579 0 0 0
B@CP 1283 0.0662124665 -0.233379 -0.0292997973 0 0 0
B@CP 1284 0.0784468182 -0.164652313 -0.195305597 0 0 0
B@CP 1291 0.111722569 0.0334551978 0.280463842 0 0 0
B@CP 1292 0.146312266 0.315742117 0.0343087944 0 0 0
B@CP 1305 -0.210393794 0.109555211 0.410636923 0 0 0
B@CP 1308 0.313723991 0.11099446 -0.0818215835 0 0 0
B@CP 1312 0.0983643087 -0.201289454 0.125938088 0 0 0
B@CP 1313 -0.0122932581 -0.295955714 -0.18621588 0 0 0
B@CP 1316 -0.062216891 -0.407256532 0.106453087 0 0 0
B@CP 1317 0.152738446 -0.274034258 -0.267636993 0 0 0
B@CP 1324 -0.109922962 0.0492057951 -0.10416588 0 0 0
B@CP 1326 0.166493766 0.300272468 -0.255945881 0 0 0
B@CP 1329 0.118538197 0.0652840246 -0.261173396 0 0 0
B@CP 1331 -0.160173844 0.395986025 0.188411254 0 0 0
B@CP 1333 0.390403838 0.00991394934 -0.264206819 0 0 0
B@CP 1340 -0.2537712 -0.193018081 0.115955577 0 0 0
B@CP 1344 0.0773380815 0.0401473909 -0.217499778 0 0 0
B@CP 1348 0.228629812 -0.304333509 0.0449676238 0 0 0
B@CP 1350 -0.014282003 0.161422203 0.300896901 0 0 0
B@CP 1353 -0.00316483884 0.302629092 0.284846537 0 0 0
B@CP 1355 -0.183667303 -0.0769801317 0.0557352438 0 0 0
B@CP 1360 0.131812848 -0.255766765 0.324533368 0 0 0
B@CP 1361 0.204610665 0.10501658 0.273121281 0 0 0
B@CP 1362 -0.148707 0.110705179 0.415630538 0 0 0
B@CP 1365 0.00790121495 -0.00617371464 -0.215673034 0 0 0
B@CP 1367 -0.0140232439 0.424394082 0.108652886 0 0 0
B@CP 1368 0.0957482166 0.187371486 -0.389980458 0 0 0
B@CP 1370 0.233086648 0.0743084429 -0.257801232 0 0 0
B@CP 1371 -0.321746733 -0.193826578 0.256301599 0 0 0
B@CP 1372 -0.413778259 0.0550112139 0.146336019 0 0 0
B@CP 1376 0.162805515 0.373557951 -0.244350192 0 0 0
B@CP 1380 -0.296450665 -0.0754749687 -0.117472206 0 0 0
B@CP 1391 0.199324449 -0.226474648 0.0960722122 0 0 0
B@CP 1393 0.0121157231 0.223111505 -0.272236774 0 0 0
B@CP 1395 -0.141260362 0.108535248 0.00127589008 0 0 0
B@CP 1396 0.225905889 -0.330078037 0.234509621 0 0 0
B@CP 1397 -0.0835253624 0.313707983 -0.024963917 0 0 0
B@CP 1402 -0.235734968 -0.0435918792 -0.275154084 0 0 0
B@CP 1404 0.294493158 -0.156705591 -0.110114117 0 0 0
B@CP 1406 -0.119717941 -0.283719218 0.183260113 0 0 0
B@CP 1410 0.10943464 0.303777371 0.121065931 0 0 0
B@CP 1413 0.260144632 0.0773373349 -0.0708559018 0 0 0
B@CP 1416 0.102288176 0.0362221179 -0.318286547 0 0 0
B@CP 1417 -0.450439905 0.0995647273 -0.0462092099 0 0 0
B@CP 1419 0.192684455 -0.303656764 0.296645542 0 0 0
B@CP 1428 -0.341134214 -0.146879176 0.179949054 0 0 0
B@CP 1430 0.0327706658 0.327639936 0.26343092 0 0 0
B@CP 1431 0.176768541 -0.15441415 -0.0829771361 0 0 0
B@CP 1435 0.0565034931 0.0034309986 -0.339534379 0 0 0
B@CP 1437 -0.177056286 -0.334730463 0.1898473 0 0 0
B@CP 1443 -0.0515705123 -0.131368659 -0.0466017025 0 0 0
B@CP 1445 -0.225204983 -0.304402719 0.167133384 0 0 0
B@CP 1446 -0.0707559872 -0.315213263 -0.0683321372 0 0 0
B@CP 1453 -0.219390421 0.222878134 -0.00578630796 0 0 0
B@CP 1454 -0.293399713 -0.213972004 -0.115235753 0 0 0
B@CP 1456 -0.198175438 0.0198726001 -0.407729217 0 0 0
B@CP 1461 -0.100618564 0.242686335 -0.262038105 0 0 0
B@CP 1462 -0.0011373023 0.257449237 -0.296076741 0 0 0
B@CP 1463 0.180513591 0.00903591851 -0.0489078759 0 0 0
B@CP 1467 -0.150054659 -0.0370977504 0.247372182 0 0 0
B@CP 1469 -0.136079166 -0.0584123398 -0.371916293 0 0 0
B@CP 1472 0.413833275 0.142059802 -0.0767299964 0 0 0
B@CP 1473 0.189042146 0.137251889 -0.333066608 0 0 0
B@CP 1477 0.175019808 -0.385531159 -0.169561104 0 0 0
B@CP 1478 -0.12872527 -0.00919551926 0.352950016 0 0 0
B@CP 1481 -0.121412966 -0.256683508 -0.311479082 0 0 0
B@CP 1484 -0.18129594 0.172913581 0.124979742 0 0 0
B@CP 1486 -0.0935520184 -0.00704600835 -0.28574844 0 0 0
B@CP 1487 0.218613507 0.0705972712 0.00648788091 0 0 0
B@CP 1488 -0.396656412 -0.10091783 0.231455266 0 0 0
B@CP 1492 -0.224813992 0.0345861837 0.348218714 0 0 0
B@CP 1493 0.198882701 -0.0709296484 -0.201070767 0 0 0
B@CP 1495 0.359549818 0.0740916399 -0.0343368657 0 0 0
B@CP 1499 -0.14530948 -0.100194242 0.395712223 0 0 0
B@CP 1501 -0.169168174 -0.404051744 -0.137859448 0 0 0
B@CP 1503 -0.110495446 0.0823191614 0.270619214 0 0 0
B@CP 1506 0.314654089 0.0194572373 -0.162428609 0 0 0
B@CP 1507 -0.201881544 0.323217231 -0.0381652397 0 0 0
B@CP 1508 0.330496978 -0.0302829593 0.303365902 0 0 0
B@CP 1512 -0.00175394693 -0.193526868 0.408134077 0 0 0
B@CP 1516 -0.254594973 0.369841443 0.0708022738 0 0 0
B@CP 1518 0.0675921215 0.106358624 0.444137641 0 0 0
B@CP 1523 -0.131648761 -0.127747674 0.342162669 0 0 0
B@CP 1524 0.141447679 0.0850467817 0.334264845 0 0 0
B@CP 1526 0.256245988 0.0278942407 0.160224993 0 0 0
B@CP 1530 0.0395686714 -0.0866654024 -0.450801129 0 0 0
B@CP 1531 0.0212029711 0.0114251516 -0.110514011 0 0 0
B@CP 1532 0.217087241 -0.299652597 0.228715696 0 0 0
B@CP 1534 -0.200691031 0.170082519 -0.181265329 0 0 0
B@CP 1535 -0.139825562 -0.149740969 0.393515154 0 0 0
B@CP 1536 -0.227195974 0.265070552 -0.22575556 0 0 0
B@CP 1541 -0.221520545 -0.0834851371 -0.102430147 0 0 0
B@CP 1542 -0.189299255 -0.0509592351 0.239008901 0 0 0
B@CP 1543 -0.152634219 -0.0816643393 -0.428240769 0 0 0
B@CP 1546 0.398572278 0.239670823 0.0722023063 0 0 0
B@CP 1556 0.162446882 0.0444905396 -0.0831281884 0 0 0
B@CP 1557 0.344658343 -0.197387816 -0.191799589 0 0 0
B@CP 1558 -0.109566463 0.439958388 -0.0927437556 0 0 0
B@CP 1565 0.209057917 0.173072969 0.0179927144 0 0 0
B@CP 1568 0.0983334719 0.270002848 -0.20629432 0 0 0
B@CP 1573 -0.0594785329 -0.149556984 0.15215569 0 0 0
B@CP 1578 0.191061232 -0.302592655 0.254512679 0 0 0
B@CP 1586 0.215907617 0.00579093875 0.0889983518 0 0 0
B@CP 1597 0.118230203 -0.280595525 -0.317598307 0 0 0
B@CP 1599 -0.244238759 0.227802117 -0.0618924057 0 0 0
B@CP 1600 -0.305211364 0.260703472 0.0260951933 0 0 0
B@CP 1602 0.116491252 -0.0431076212 -0.131885263 0 0 0
B@CP 1603 0.155393981 0.0825206398 -0.192327456 0 0 0
B@CP 1604 -0.0790118935 0.268428146 -0.259502416 0 0 0
B@CP 1605 0.292580965 -0.107247202 0.298037035 0 0 0
B@CP 1611 0.190223066 -0.358448812 0.145984492 0 0 0
B@CP 1625 0.1911487 -0.309802786 -0.289288199 0 0 0
B@CP 1635 0.0926408666 0.0512393538 0.427125655 0 0 0
B@CP 1637 0.0148940939 0.0426725653 0.279534717 0 0 0
B@CP 1638 -0.191393197 -0.113160987 -0.283931032 0 0 0
B@CP 1640 -0.399490491 0.152481092 0.147085593 0 0 0
B@CP 1641 -0.0579300178 -0.127118697 -0.313280847 0 0 0
B@CP 1646 0.0952699393 0.232433055 0.342993621 0 0 0
B@CP 1650 -0.055266731 0.112866609 -0.275712945 0 0 0
B@CP 1651 -0.214127489 -0.30526402 -0.204435174 0 0 0
B@CP 1652 -0.425201031 -0.127150012 -0.0442778955 0 0 0
B@CP 1656 0.276048996 -0.112978253 -0.0110257579 0 0 0
B@CP 1665 -0.316048521 0.159030846 0.12653285 0 0 0
B@CP 1669 -0.28506678 0.0325606586 -0.0216882181 0 0 0
B@CP 1670 -0.161460905 -0.361257947 0.243774223 0 0 0
B@CP 1671 -0.285743812 0.252044173 0.0823771563 0 0 0
B@CP 1674 0.0680236911 0.186425926 0.351749607 0 0 0
B@CP 1676 0.349927463 -0.0140855786 -0.0715214573 0 0 0
B@CP 1681 0.0152575317 -0.0212964788 -0.130896153 0 0 0
B@CP 1684 0.247414317 0.264207433 -0.145986362 0 0 0
B@CP 1687 0.182897262 0.071354076 0.210394084 0 0 0
B@CP 1690 0.405903567 -0.165444128 -0.112194548 0 0 0
B@CP 1692 0.106294079 -0.0965920653 -0.426138232 0 0 0
B@CP 1693 0.227170827 0.348374508 0.22097518 0 0 0
B@CP 1695 -0.0338825262 -0.340985525 -0.169920125 0 0 0
B@CP 1696 -0.10044149 -0.251803202 0.0979913692 0 0 0
B@CP 1697 -0.23693081 0.118241338 -0.126932596 0 0 0
B@CP 1698 -0.10185262 0.382667949 -0.118168349 0 0 0
B@CP 1699 0.0536471874 -0.108994014 -0.278446103 0 0 0
B@CP 1702 0.161300722 -0.114141897 -0.411502113 0 0 0
B@CP 1707 0.138954354 -0.10884403 -0.213249796 0 0 0
B@CP 1708 -0.213374957 -0.0140444853 -0.268328033 0 0 0
B@CP 1710 0.271313045 -0.243432234 -0.201960088 0 0 0
B@CP 1714 -0.30466353 -0.328478195 0.0974149964 0 0 0
B@CP 1715 0.166224998 -0.104836818 -0.0489545935 0 0 0
B@CP 1724 -0.189440024 0.285007487 0.0855250472 0 0 0
B@CP 1725 0.193607627 -0.367908719 -0.170670646 0 0 0
B@CP 1726 0.191540952 -0.0858685694 -0.201495721 0 0 0
B@CP 1731 0.0658061441 0.328554723 0.183067118 0 0 0
B@CP 1733 0.00248524667 -0.194215767 0.0730441744 0 0 0
B@CP 1735 0.0618866877 0.449027351 -0.010919645 0 0 0
B@CP 1741 -0.224532449 -0.127618092 -0.0265087564 0 0 0
B@CP 1742 -0.125536269 0.128169689 0.209797266 0 0 0
B@CP 1745 -0.139755736 0.069949278 -0.125164019 0 0 0
B@CP 1747 0.207103177 -0.232734741 0.20122591 0 0 0
B@CP 1750 0.0949677866 -0.304168431 -0.238892015 0 0 0
B@CP 1751 0.1107026 0.0909306018 -0.155099258 0 0 0
B@CP 1752 0.206216721 -0.132910978 -0.228701727 0 0 0
B@CP 1755 0.0415563965 0.0867833073 0.0204140896 0 0 0
B@CP 1757 -0.0112328666 -0.309465346 -0.169432366 0 0 0
B@CP 1762 -0.337293332 -0.195806437 -0.243722908 0 0 0
B@CP 1767 0.279015785 -0.126667441 -0.00573083999 0 0 0
B@CP 1770 -0.126625086 0.113157035 0.212875862 0 0 0
B@CP 1778 0.0439229179 -0.365980123 0.00648562664 0 0 0
B@CP 1779 0.0649984678 0.0293088718 -0.444464069 0 0 0
B@CP 1782 0.283997587 0.0719456162 -0.00102594394 0 0 0
B@CP 1784 0.166130878 -0.253859192 0.221745581 0 0 0
B@CP 1793 -0.368806876 0.0724076388 -0.220640506 0 0 0
B@CP 1800 0.088871595 0.0249018958 -0.0439945758 0 0 0
B@CP 1803 0.180307293 -0.401614425 0.0312524241 0 0 0
B@CP 1804 -0.0134717196 0.312618826 0.29495822 0 0 0
B@CP 1814 0.240729102 0.311211031 -0.152555581 0 0 0
B@CP 1816 0.345969109 -0.099348451 -0.0703297514 0 0 0
B@CP 1820 0.130795796 -0.252365488 0.00546592118 0 0 0
B@CP 1822 0.127486262 -0.0185134763 0.289149025 0 0 0
B@CP 1827 -0.412226993 0.120044112 -0.0756473359 0 0 0
B@CP 1828 -0.090322427 -0.371260801 -0.23876765 0 0 0
B@CP 1835 0.304639621 0.304654209 0.162186073 0 0 0
B@CP 1837 0.274933278 -0.0552212223 -0.00549812456 0 0 0
B@CP 1842 0.193842181 -0.0381224584 -0.266906603 0 0 0
B@CP 1843 0.209187894 0.193415382 0.0627572297 0 0 0
B@CP 1845 -0.289685306 -0.243094438 -0.0519206651 0 0 0
B@CP 1848 -0.393891141 0.126583605 -0.195336056 0 0 0
B@CP 1852 -0.327837709 -0.201646023 0.15166371 0 0 0
B@CP 1856 -0.13677394 -0.033614794 -0.177781882 0 0 0
B@CP 1858 0.196365527 0.377907488 -0.00822871181 0 0 0
B@CP 1859 -0.205821817 0.0468257561 0.0563746364 0 0 0
B@CP 1862 -0.290682734 0.00322255363 -0.330046247 0 0 0
B@CP 1863 0.195116476 -0.337633733 0.133107987 0 0 0
B@CP 1864 0.111474797 0.39250173 0.246936733 0 0 0
B@CP 1867 0.284185604 -0.038460629 -0.150339936 0 0 0
B@CP 1871 -0.172494065 -0.190111448 0.238017994 0 0 0
B@CP 1873 -0.388615768 -0.169362906 0.0221784365 0 0 0
B@CP 1876 -0.25075922 0.123860851 0.323279225 0 0 0
B@CP 1878 0.124378347 -0.175470352 -0.279456788 0 0 0
B@CP 1883 0.231197236 0.149977815 -0.199466898 0 0 0
B@CP 1886 0.134741953 0.371105792 -0.105901909 0 0 0
B@CP 1891 -0.193841735 -0.084328162 0.163943061 0 0 0
B@CP 1893 0.198642505 -0.159399986 0.209370588 0 0 0
B@CP 1894 -0.248739198 0.121311559 -0.0134067321 0 0 0
B@CP 1897 0.0227122098 -0.310859159 -0.29924135 0 0 0
B@CP 1901 0.420541624 -0.0729891106 -0.0318460696 0 0 0
B@CP 1903 -0.125000993 -0.11631434 -0.429746186 0 0 0
B@CP 1905 0.217276998 -0.329125881 0.0674506038 0 0 0
B@CP 1908 -0.0358251851 0.100251489 0.214371743 0 0 0
B@CP 1913 -0.0504395401 -0.137523738 -0.0402609341 0 0 0
B@CP 1914 0.100811653 0.0459441127 -0.209682574 0 0 0
B@CP 1918 -0.0988889236 -0.251599884 0.0883350735 0 0 0
B@CP 1919 0.0200717621 0.348522967 0.0843126526 0 0 0
B@CP 1924 -0.257249875 -0.00606113757 -0.328523552 0 0 0
B@CP 1926 0.214645154 0.183300992 -0.342246129 0 0 0
B@CP 1927 0.209065795 -0.00211556195 0.229746506 0 0 0
B@CP 1929 -0.0491567909 -0.220443759 0.193262928 0 0 0
B@CP 1936 -0.271113644 -0.24927946 0.0586891524 0 0 0
B@CP 1940 0.16721533 0.104073828 0.353041154 0 0 0
B@CP 1941 0.205822614 -0.34375559 0.118459594 0 0 0
B@CP 1944 -0.0324450534 -0.289029372 -0.279891715 0 0 0
B@CP 1945 0.101330083 0.190124916 -0.24611524 0 0 0
B@CP 1948 0.0719873852 -0.103087396 0.448155104 0 0 0
B@CP 1949 0.2643907 0.21543649 0.232464528 0 0 0
B@CP 1953 0.469795625 0.0301459988 -0.0452374235 0 0 0
B@CP 1958 0.220078065 0.0603420047 -0.0176115724 0 0 0
B@CP 1959 -0.432892312 0.0273638492 -0.139653988 0 0 0
B@CP 1961 0.282706387 -0.151981705 0.00377919756 0 0 0
B@CP 1963 -0.239332907 0.150545536 -0.0669694487 0 0 0
B@CP 1964 -0.246214413 -0.215073776 0.182217837 0 0 0
B@CP 1966 0.0852930295 -0.355885513 -0.249310354 0 0 0
B@CP 1968 0.072785877 0.178607907 0.0707215618 0 0 0
B@CP 1969 -0.275614454 0.179140973 -0.310731895 0 0 0
B@CP 1970 0.410968511 -0.0594822533 0.171612314 0 0 0
B@CP 1972 0.120532615 0.295453102 0.15959418 0 0 0
B@CP 1973 0.00950547766 -0.0924550245 -0.18537212 0 0 0
B@CP 1978 -0.0279116701 -0.364953223 -0.239117567 0 0 0
B@CP 1979 -0.177282649 -0.273446139 0.0158435968 0 0 0
B@CP 1987 0.12169301 -0.153434053 0.366741885 0 0 0
B@CP 1989 -0.073057272 0.185659625 -0.190396568 0 0 0
B@CP 1992 -0.355094532 0.0337043579 -0.0648606975 0 0 0
B@CP 1996 -0.0862390182 0.250651189 -0.245159274 0 0 0
B@CP 1997 0.0762735779 0.208814425 0.282606184 0 0 0
B@CP 2003 0.0878521624 -0.0433455182 -0.331869099 0 0 0
B@CP 2006 0.0104921824 -0.195865636 0.436102106 0 0 0
B@CP 2008 -0.119453518 0.192146347 -0.241409484 0 0 0
B@CP 2009 -0.426996338 -0.0865862641 0.130018774 0 0 0
B@CP 2011 0.0165835395 0.3562026 -0.0178500489 0 0 0
B@CP 2013 -0.359315289 -0.214400842 -0.0683569846 0 0 0
B@CP 2014 0.195851475 0.163355784 -0.0377442176 0 0 0
B@CP 2015 -0.273593352 -0.0190033401 -0.177560204 0 0 0
B@CP 2016 -0.00294899229 -0.142052213 0.0425662267 0 0 0
B@CP 2020 0.159236835 -0.304766888 -0.182194794 0 0 0
B@CP 2024 -0.0025903764 -0.23911371 -0.348695579 0 0 0
B@CP 2025 -0.0407248815 0.227438724 -0.401275141 0 0 0
B@CP 2027 -0.0196622718 0.244934461 0.349932417 0 0 0
B@CP 2028 0.207709065 0.0177092053 0.223010577 0 0 0
B@CP 2035 -0.200341276 -0.111244338 -0.223398478 0 0 0
B@CP 2039 -0.392302051 -0.162850518 -0.0346119178 0 0 0
B@CP 2041 -0.034126328 0.257373753 0.0930525866 0 0 0
B@CP 2043 -0.0292473252 0.0533421594 0.179828459 0 0 0
B@CP 2044 -0.218261073 -0.101861179 -0.0281184513 0 0 0
B@CP 2045 -0.13865839 -0.100491856 0.419389563 0 0 0
B@CP 2062 -0.0284165444 0.237810545 0.0660599464 0 0 0
B@CP 2063 -0.0632490523 -0.039436743 0.122220968 0 0 0
B@CP 2066 -0.0428229696 -0.176092847 -0.239119799 0 0 0
B@CP 2068 0.072542611 0.358495525 -0.195987322 0 0 0
B@CP 2072 -0.194529985 -0.313556914 -0.204143332 0 0 0
B@CP 2074 -0.219595537 0.242220377 0.238962714 0 0 0
B@CP 2076 -0.365040237 -0.0332004523 0.0347607493 0 0 0
B@CP 2079 0.258711125 -0.187368543 -0.27343782 0 0 0
B@CP 2086 0.0597338621 0.00374792717 -0.0938623156 0 0 0
B@CP 2088 -0.250939799 -0.314797994 0.129187259 0 0 0
B@CP 2092 -0.00271241614 0.116762663 0.229466975 0 0 0
B@CP 2093 0.458212265 -0.00318445724 -0.0148938184 0 0 0
B@CP 2099 0.17145059 -0.240856029 -0.0941817538 0 0 0
B@CP 2107 -0.0861057105 -0.00304588342 0.357455852 0 0 0
B@CP 2114 0.172033545 0.410971875 0.0529926055 0 0 0
B@CP 2115 -0.322495177 0.116550093 0.263214047 0 0 0
B@CP 2117 0.2922299 -0.314838405 -0.00336991754 0 0 0
B@CP 2119 0.158930734 -0.0910948618 -0.0428356161 0 0 0
B@CP 2120 0.329885775 -0.0152650457 -0.301774362 0 0 0
B@CP 2122 -0.0420238515 -0.216725531 0.167096212 0 0 0
B@CP 2126 -0.334652361 -0.13740619 -0.143524349 0 0 0
B@CP 2130 -0.185509113 0.189794753 -0.175605699 0 0 0
B@CP 2131 0.394820177 0.0820826537 0.131928856 0 0 0
B@CP 2132 0.237255801 -0.0899457851 -0.161123935 0 0 0
B@CP 2134 -0.242935104 -0.0346363032 0.0650945066 0 0 0
B@CP 2136 -0.176982004 -0.158183656 -0.218163545 0 0 0
B@CP 2137 0.00287975528 -0.176085323 0.147969967 0 0 0
B@CP 2138 0.021168387 0.00200203994 -0.436949464 0 0 0
B@CP 2143 -0.15614466 0.193308171 0.393962125 0 0 0
B@CP 2151 -0.0367613433 -0.171506482 -0.0281473653 0 0 0
B@CP 2152 0.239010558 -0.00909674136 0.273060885 0 0 0
B@CP 2163 -0.250396396 -0.0437859341 -0.0144706273 0 0 0
B@CP 2169 0.0815018567 -0.133936765 0.0414979813 0 0 0
B@CP 2174 0.127980683 0.254475768 0.0135455133 0 0 0
B@CP 2175 -0.00673284871 0.160362351 0.298608909 0 0 0
B@CP 2177 -0.271318977 -0.0389135693 0.206708635 0 0 0
B@CP 2183 -0.32345566 0.00147971284 0.0627486243 0 0 0
B@CP 2184 -0.169622125 0.247208766 0.0829175033 0 0 0
B@CP 2194 -0.174675472 0.236205529 -0.355209425 0 0 0
B@CP 2195 -0.107836324 -0.240861484 0.325063397 0 0 0
B@CP 2201 0.0719629985 0.000429437824 -0.43021694 0 0 0
B@CP 2202 -0.253533611 -0.322087686 0.188968427 0 0 0
B@CP 2205 0.141752727 0.22093575 0.368804476 0 0 0
B@CP 2206 0.208151637 -0.246167522 -0.313373511 0 0 0
B@CP 2209 0.326600147 -0.278333327 0.12788253 0 0 0
B@CP 2211 -0.136960667 0.191478724 0.291112841 0 0 0
B@CP 2212 -0.0531988162 -0.303443268 -0.170302077 0 0 0
B@CP 2214 0.362586572 0.141782352 -0.155672243 0 0 0
B@CP 2215 -0.0303040387 0.171470313 0.309560237 0 0 0
B@CP 2223 0.315738773 0.0434749832 0.34377997 0 0 0
B@CP 2225 -0.121086244 -0.0913648939 0.146184877 0 0 0
B@CP 2228 0.330457653 -0.0608974443 -0.0710736544 0 0 0
B@CP 2233 -0.284130215 -0.139965416 0.346064406 0 0 0
B@CP 2245 0.369689047 0.274139147 -0.0654455969 0 0 0
B@CP 2248 -0.0993747824 -0.19570801 -0.267111119 0 0 0
B@CP 2251 -0.145216358 0.31688373 0.280938817 0 0 0
B@CP 2253 -0.071191501 0.186161652 -0.317958141 0 0 0
B@CP 2254 0.307644556 -0.332615965 -0.0315093025 0 0 0
B@CP 2259 0.404266915 0.174074958 -0.034006714 0 0 0
B@CP 2260 0.0425807837 -0.127973272 -0.237906809 0 0 0
B@CP 2262 0.0464970699 0.171311609 0.0297640604 0 0 0
B@CP 2265 0.117885191 0.294481965 -0.00281529105 0 0 0
B@CP 2267 0.463511665 -0.00542151432 0.0446117781 0 0 0
B@CP 2268 0.179892052 0.398325199 0.117119177 0 0 0
B@CP 2272 0.0645151285 0.0258227901 -0.0817265418 0 0 0
B@CP 2273 -0.0833365506 0.0289990697 -0.449529123 0 0 0
B@CP 2274 0.123590975 -0.320760316 -0.18068024 0 0 0
B@CP 2278 0.341961804 -0.0993937311 0.116676973 0 0 0
B@CP 2279 0.0198068024 -0.246770421 0.184579213 0 0 0
B@CP 2280 0.250011848 0.34851285 0.0573518573 0 0 0
B@CP 2281 0.274624081 -0.0453133787 -0.324108857 0 0 0
B@CP 2283 -0.26931128 -0.305749203 -0.160684357 0 0 0
B@CP 2285 -0.10248699 -0.0747871792 0.262629394 0 0 0
B@CP 2291 -0.0537775849 0.430837535 -0.12001718 0 0 0
B@CP 2293 0.0304544676 0.296950833 -0.116461244 0 0 0
B@CP 2294 -0.223525633 0.305704036 0.170981061 0 0 0
B@CP 2299 -0.251628436 -0.10544511 0.390054698 0 0 0
B@CP 2301 0.36880066 -0.0122032833 -0.0270420852 0 0 0
B@CP 2310 -0.110965885 -0.183824989 0.0932644411 0 0 0
B@CP 2313 0.0854002161 -0.0130198021 -0.204907853 0 0 0
B@CP 2316 0.0242609688 0.294332396 -0.254268235 0 0 0
B@CP 2318 0.219761546 -0.235060962 -0.194915786 0 0 0
B@CP 2319 -0.402882013 -0.229655399 -0.0911980458 0 0 0
B@CP 2321 -0.348341242 -0.0426349154 -0.144246044 0 0 0
B@CP 2323 0.16915076 0.10243335 0.0992836077 0 0 0
B@CP 2325 0.18592393 0.0754973366 0.0345692696 0 0 0
B@CP 2332 0.0401070968 -0.273647221 0.272018462 0 0 0
B@CP 2339 0.175454067 -0.18848102 -0.0792902011 0 0 0
B@CP 2343 0.142785109 -0.0783478175 0.230051644 0 0 0
B@CP 2345 0.194510992 0.224994695 -0.260135196 0 0 0
B@CP 2346 0.0345446062 0.0901530253 0.237200843 0 0 0
B@CP 2347 -0.0790668093 0.249058088 -0.0932250373 0 0 0
B@CP 2348 -0.128616022 -0.0184135656 -0.410014094 0 0 0
B@CP 2349 -0.0476641488 -0.245892936 0.314083901 0 0 0
B@CP 2354 0.0770622986 -0.0350022622 0.196427147 0 0 0
B@CP 2355 -0.207420756 -0.366044965 -0.0953688847 0 0 0
B@CP 2360 0.126340459 0.143493509 -0.353765239 0 0 0
B@CP 2361 -0.0312004489 0.139552665 -0.325138836 0 0 0
B@CP 2365 -0.0912719351 -0.145613518 0.363877118 0 0 0
B@CP 2369 0.0801804334 -0.054644722 0.0910929147 0 0 0
B@CP 2374 -0.18889544 0.36787107 -0.108723393 0 0 0
B@CP 2376 -0.159425857 -0.379248953 -0.0965442947 0 0 0
B@CP 2378 -0.297588617 0.13538762 -0.163125529 0 0 0
B@CP 2379 0.105327969 -0.29124296 -0.100990084 0 0 0
B@CP 2381 0.0367741321 0.214423824 -0.386911238 0 0 0
B@CP 2389 -0.12780126 0.04677915 0.407064424 0 0 0
B@CP 2390 0.172323704 -0.10104461 -0.0956480861 0 0 0
B@CP 2394 0.104429549 0.11279646 -0.168975065 0 0 0
B@CP 2395 -0.28405826 0.147775252 -0.279405214 0 0 0
B@CP 2396 -0.0871664377 0.0129476449 -0.198464882 0 0 0
B@CP 2398 0.113701233 0.331187211 0.112345699 0 0 0
B@CP 2407 0.151504044 0.256651238 -0.0540312237 0 0 0
B@CP 2409 -0.107547145 0.311760718 -0.0437950158 0 0 0
B@CP 2413 -0.160533567 0.19665756 0.371568858 0 0 0
B@CP 2414 0.0418812416 0.196060058 0.181196427 0 0 0
B@CP 2415 -0.21819475 0.115589496 0.0246289921 0 0 0
B@CP 2421 0.0302764078 0.264825062 -0.0328861245 0 0 0
B@CP 2423 -0.236851411 0.0913862723 -0.00108362358 0 0 0
B@CP 2428 0.196726177 0.197554427 -0.28603402 0 0 0
B@CP 2431 -0.184260883 -0.189533202 -0.316704562 0 0 0
B@CP 2432 -0.309910566 0.0825756997 -0.344367841 0 0 0
B@CP 2435 -0.0173602591 0.147991911 0.0931562796 0 0 0
B@CP 2437 -0.063401148 -0.409283047 -0.0530958504 0 0 0
B@CP 2438 -0.398656202 -0.129849405 -0.0829519636 0 0 0
B@CP 2439 0.292421735 -0.157398813 0.0040144409 0 0 0
B@CP 2440 -0.21658074 0.0708082769 0.019821973 0 0 0
B@CP 2444 -0.223695176 -0.206025647 -0.204260195 0 0 0
B@CP 2445 0.418253842 0.0132191772 -0.0643297604 0 0 0
B@CP 2451 -0.205755656 0.0677413911 -0.169653182 0 0 0
B@CP 2455 -0.215393448 -0.0975846504 -0.00378599821 0 0 0
B@CP 2459 -0.0334714612 0.157590123 -0.106510262 0 0 0
B@CP 2462 0.21642291 0.0107920823 -0.326659188 0 0 0
B@CP 2463 0.0714047849 0.00246355254 0.294250346 0 0 0
B@CP 2465 0.180490135 0.313970757 0.293563225 0 0 0
B@CP 2467 -0.104463059 -0.294140423 -0.0796743388 0 0 0
B@CP 2471 0.237971906 -0.359769524 -0.0972129522 0 0 0
B@CP 2472 -0.156185652 -0.0175427843 0.398127696 0 0 0
B@CP 2477 0.262397882 -0.0942513695 0.198611314 0 0 0
B@CP 2478 -0.123045601 0.0560824778 0.409860234 0 0 0
B@CP 2486 -0.200413355 0.366891882 -0.00755919801 0 0 0
B@CP 2488 0.0723122975 -0.028113572 0.448008008 0 0 0
B@CP 2490 -0.0252500136 0.132394045 0.00847492331 0 0 0
B@CP 2496 0.065993976 -0.134874398 0.0227217931 0 0 0
B@CP 2499 0.2469681 0.0189201758 0.257175372 0 0 0
C@CP 2500 0.118804522 0.0712715819 -0.15238953 0 0 0
C@CP 2501 -0.0721362679 -0.164580234 0.262637301 0 0 0
C@CP 2502 0.306757632 -0.164688601 -0.164494011 0 0 0
C@CP 2503 -0.381035584 -0.189409409 0.0496806868 0 0 0
C@CP 2504 -0.310025859 0.230561718 0.241659535 0 0 0
C@CP 2505 -0.0402347041 0.0447050052 -0.0509964579 0 0 0
C@CP 2506 -0.29230479 0.222324436 0.208978467 0 0 0
C@CP 2507 -0.00422417208 0.209787225 -0.281803923 0 0 0
C@CP 2508 0.190026254 0.179043268 -0.295030143 0 0 0
C@CP 2509 0.167105793 0.0570245625 0.167540333 0 0 0
C@CP 2510 0.17186527 0.10146728 0.408399553 0 0 0
C@CP 2511 0.162891508 -0.00517714164 0.113887937 0 0 0
C@CP 2512 -0.149944192 0.400926678 -0.0847471778 0 0 0
C@CP 2513 0.032280388 0.020653593 0.0745583461 0 0 0
C@CP 2514 0.114256871 0.117058506 -0.0125989121 0 0 0
C@CP 2515 0.194675697 -0.293829189 0.241800869 0 0 0
C@CP 2516 -0.0110533884 -0.0852472302 -0.405168668 0 0 0
C@CP 2517 0.316775395 0.0562740014 -0.187096845 0 0 0
C@CP 2518 -0.294343462 -0.208008563 0.264383028 0 0 0
C@CP 2519 -0.11437404 0.386583348 -0.0108557791 0 0 0
C@CP 2520 -0.258659063 0.111272322 0.17332149 0 0 0
C@CP 2521 0.132753941 0.274229381 0.306216502 0 0 0
C@CP 2522 0.333728413 0.201385289 -0.104695781 0 0 0
C@CP 2523 -0.074113462 0.0406253263 -0.00276415964 0 0 0
C@CP 2524 0.270959814 0.260600586 0.212905681 0 0 0
C@CP 2525 0.0545200489 0.00715364472 -0.00654821046 0 0 0
C@CP 2526 -0.0596730878 0.121286902 0.110885774 0 0 0
C@CP 2527 0.401961545 0.108633243 -0.195761097 0 0 0
C@CP 2528 0.0978889405 0.165068237 0.236862923 0 0 0
C@CP 2529 -0.301851875 0.0440257017 -0.0743157983 0 0 0
C@CP 2530 -0.0840918369 0.0799866186 0.40627425 0 0 0
C@CP 2531 -0.380175125 -0.266151906 -0.0712660572 0 0 0
C@CP 2532 0.133646927 0.101533126 0.392236063 0 0 0
C@CP 2533 0.217922874 0.226875336 0.0733622401 0 0 0
C@CP 2534 -0.10430847 0.100343352 0.137305891 0 0 0
C@CP 2535 -0.00207617434 -0.0768677574 0.295930408 0 0 0
C@CP 2536 -0.268803709 0.288404475 -0.0356001196 0 0 0
C@CP 2537 -0.23982511 -0.231981306 0.13366014 0 0 0
C@CP 2538 0.0540147878 -0.178791983 -0.177661301 0 0 0
C@CP 2539 0.0265720959 0.0498902144 -0.351792645 0 0 0
C@CP 2540 -0.0595148284 0.308299411 -0.17326825 0 0 0
C@CP 2541 -0.0555050255 0.00137363605 -0.0623517613 0 0 0
C@CP 2542 0.128690699 -0.270745162 0.0514931413 0 0 0
C@CP 2543 -0.354665324 -0.172544865 0.0531125649 0 0 0
C@CP 2544 0.311490813 -0.0664638834 0.201715947 0 0 0
C@CP 2545 -0.0633560932 0.0900348549 0.374802229 0 0 0
C@CP 2546 0.421376259 0.0252585236 0.0936789282 0 0 0
C@CP 2547 -0.0941576674 0.0925368344 -0.147379306 0 0 0
C@CP 2548 0.204172517 0.116129823 -0.329074422 0 0 0
C@CP 2549 -0.414864384 -0.116039937 -0.169430813 0 0 0
C@CP 2550 0.10646302 0.0406091793 -0.243242698 0 0 0
C@CP 2551 -0.0551598828 0.20145012 0.257672188 0 0 0
C@CP 2552 -0.0748067359 -0.33178263 -0.118982409 0 0 0
C@CP 2553 0.0725826694 -0.145825577 0.14759485 0 0 0
C@CP 2554 0.264746814 0.195781058 0.0359035686 0 0 0
C@CP 2555 -0.330388362 -0.0692701809 0.111444786 0 0 0
C@CP 2556 0.206395828 0.0223912082 0.367601553 0 0 0
C@CP 2557 -0.00361782974 -0.0217208467 -0.291311083 0 0 0
C@CP 2558 0.25108911 -0.329065365 -0.13749316 0 0 0
C@CP 2559 0.0231125726 0.0924762216 -0.0601290377 0 0 0
C@CP 2560 0.228101692 -0.308778158 0.209670838 0 0 0
C@CP 2561 -0.015223484 -0.24730176 0.0654395383 0 0 0
C@CP 2562 -0.125092932 -0.12842128 -0.168164077 0 0 0
C@CP 2563 0.0531084805 -0.0844301822 -0.141273665 0 0 0
C@CP 2564 0.348728139 -0.207665016 -0.239574253 0 0 0
C@CP 2565 0.0697156514 0.0131404385 -0.395706845 0 0 0
C@CP 2566 0.411048726 0.0113686529 -0.203321643 0 0 0
C@CP 2567 -0.26737256 0.221218887 -0.0571818682 0 0 0
C@CP 2568 -0.104173221 -0.0874762093 -0.197200299 0 0 0
C@CP 2569 0.00553054588 0.363503508 -0.123317428 0 0 0
C@CP 2570 -0.451525439 -0.0387543817 0.0985084769 0 0 0
C@CP 2571 -0.120886399 0.10717038 -0.0106116754 0 0 0
C@CP 2572 -0.0425626159 -0.120685015 0.0982058241 0 0 0
C@CP 2573 -0.111109464 -0.344266903 -0.274487177 0 0 0
C@CP 2574 -0.25940297 0.171223045 -0.0724678825 0 0 0
C@CP 2575 -0.329472742 0.16716965 0.0792958436 0 0 0
C@CP 2576 0.377108757 -0.0436279234 0.0482425089 0 0 0
C@CP 2577 -0.010066046 0.178417061 -0.379133206 0 0 0
C@CP 2578 -0.375336452 0.147298176 -0.0345816218 0 0 0
C@CP 2579 -0.220714387 -0.0167887467 0.307461559 0 0 0
C@CP 2580 0.211219454 -0.209710517 -0.274654341 0 0 0
C@CP 2581 -0.4115981 0.107731598 -0.0892797462 0 0 0
C@CP 2582 -0.338351979 0.178462023 -0.0271527651 0 0 0
C@CP 2583 0.0370366438 0.180919986 -0.37118604 0 0 0
C@CP 2584 -0.332402585 -0.239115238 0.00618097059 0 0 0
C@CP 2585 -0.338043813 -0.113352857 0.271672868 0 0 0
C@CP 2586 -0.230838093 -0.077892186 -0.378211507 0 0 0
C@CP 2587 0.0737814825 0.372035232 -0.015576849 0 0 0
C@CP 2588 0.119995176 0.246724712 -0.290492691 0 0 0
C@CP 2589 -0.252278979 0.0841283793 -0.377358942 0 0 0
C@CP 2590 -0.0484978331 0.0343795605 0.47052051 0 0 0
C@CP 2591 -0.242694907 0.0482107477 0.228732968 0 0 0
C@CP 2592 0.19824852 -0.103928364 -0.401756043 0 0 0
C@CP 2593 0.154815418 0.369767858 -0.265008644 0 0 0
C@CP 2594 0.26527784 0.278292812 0.22026333 0 0 0
C@CP 2595 -0.00609053461 -0.339490716 0.177499459 0 0 0
C@CP 2596 0.106065953 0.338052834 0.20791683 0 0 0
C@CP 2597 0.0503720917 0.00267031988 -0.155712662 0 0 0
C@CP 2598 0.19425915 0.32797357 -0.261419756 0 0 0
C@CP 2599 0.0620529631 0.295088569 -0.26609705 0 0 0
C@CP 2600 0.126970813 -0.362191006 -0.0614447663 0 0 0
C@CP 2601 -0.13660548 0.196554974 0.349618926 0 0 0
C@CP 2602 0.386659888 -0.194448595 -0.166081079 0 0 0
C@CP 2603 0.0100590647 0.276389545 0.281233015 0 0 0
C@CP 2604 0.162135948 0.23989648 -0.322552253 0 0 0
C@CP 2605 0.0853120652 0.279330583 -0.310836714 0 0 0
C@CP 2606 -0.0335501612 -0.250588891 0.148418095 0 0 0
C@CP 2607 0.057982068 -0.2514007 0.147771894 0 0 0
C@CP 2608 -0.249038143 -0.181312738 0.366772005 0 0 0
C@CP 2609 0.410101048 0.016302659 0.112532053 0 0 0
C@CP 2610 -0.110319977 -0.0276138873 -0.177730409 0 0 0
C@CP 2611 -0.0389002489 0.157038861 0.370489586 0 0 0
C@CP 2612 -0.193386597 -0.205503417 0.265153968 0 0 0
C@CP 2613 0.252566589 0.183573316 0.155384425 0 0 0
C@CP 2614 -0.105903058 -0.131654654 -0.35786706 0 0 0
C@CP 2615 -0.230770548 -0.166456242 0.382722145 0 0 0
C@CP 2616 -0.312885427 0.0895351843 -0.115939893 0 0 0
C@CP 2617 -0.147137934 -0.147323841 -0.103182779 0 0 0
C@CP 2618 0.0129559091 0.00334542409 0.20855993 0 0 0
C@CP 2619 0.00795087388 0.0940555114 -0.0924283085 0 0 0
C@CP 2620 -0.0144335531 0.112808399 -0.265747506 0 0 0
C@CP 2621 0.352625539 -0.00276700101 -0.073845434 0 0 0
C@CP 2622 -0.28041552 -0.156357262 -0.341274265 0 0 0
C@CP 2623 -0.238417553 0.234462045 -0.248203629 0 0 0
C@CP 2624 0.140697979 -0.276156371 0.332241594 0 0 0
C@CP 2625 -0.36609173 -0.164152173 0.188232621 0 0 0
C@CP 2626 0.22167712 0.0272629698 0.388727413 0 0 0
C@CP 2627 0.0308728871 0.225368549 -0.410196825 0 0 0
C@CP 2628 0.35107238 -0.0957697826 0.216583969 0 0 0
C@CP 2629 0.278157753 0.0158512555 0.0649395278 0 0 0
C@CP 2630 -0.108475355 -0.200970527 0.0379210923 0 0 0
C@CP 2631 -0.238575538 0.228750465 -0.0632505896 0 0 0
C@CP 2632 -0.122250794 0.000960828207 0.0180850813 0 0 0
C@CP 2633 0.251211034 -0.183712117 0.204741147 0 0 0
C@CP 2634 0.385379367 0.263892386 -0.0379162182 0 0 0
C@CP 2635 0.312545885 0.272667165 -0.197209113 0 0 0
C@CP 2636 0.267493521 -0.165089624 0.00834033585 0 0 0
C@CP 2637 -0.262054046 -0.323173182 0.157955977 0 0 0
C@CP 2638 0.0872379506 -0.195596957 0.088160185 0 0 0
C@CP 2639 0.344581238 0.00895502843 -0.0966754326 0 0 0
C@CP 2640 -0.27065462 0.00765401956 -0.00588278449 0 0 0
C@CP 2641 -0.0736897831 0.131079397 0.436319896 0 0 0
C@CP 2642 0.161671915 0.0838816076 -0.079846961 0 0 0
C@CP 2643 -0.204690825 -0.284811298 -0.302462188 0 0 0
C@CP 2644 -0.301043959 0.300136848 -0.0390125288 0 0 0
C@CP 2645 0.0357317372 -0.209642411 -0.409183643 0 0 0
C@CP 2646 -0.242516981 -0.306355858 -0.0362870909 0 0 0
C@CP 2647 0.0790503546 0.00423677029 0.383644926 0 0 0
C@CP 2648 0.23167956 0.299296508 -0.0630183772 0 0 0
C@CP 2649 -0.430780281 0.127561398 0.0307853463 0 0 0
C@CP 2650 -0.0939140287 0.251181983 0.155393577 0 0 0
C@CP 2651 0.244228017 0.053426326 0.170061052 0 0 0
C@CP 2652 -0.290638847 0.264153072 -0.0435295438 0 0 0
C@CP 2653 0.126756005 -0.120729797 -0.0802073727 0 0 0
C@CP 2654 0.221103862 -0.0425371058 0.141742076 0 0 0
C@CP 2655 -0.114961554 -0.107919977 0.358466623 0 0 0
C@CP 2656 0.0241860201 0.346108734 -0.0956276295 0 0 0
C@CP 2657 -0.098834109 0.00372399065 -0.0558117331 0 0 0
C@CP 2658 0.251022769 -0.149635678 -0.0711925161 0 0 0
C@CP 2659 0.156585071 0.101660673 0.318532404 0 0 0
C@CP 2660 -0.0597897971 -0.163725518 -0.395609247 0 0 0
C@CP 2661 -0.154995543 -0.385291305 0.190405331 0 0 0
C@CP 2662 -0.0324355126 -0.195654325 0.297436035 0 0 0
C@CP 2663 0.0022650638 0.343957691 -0.190711608 0 0 0
C@CP 2664 -0.163760845 0.345766804 -0.149601119 0 0 0
C@CP 2665 0.166198636 0.0258702909 -0.393078177 0 0 0
C@CP 2666 -0.220515852 0.187882096 0.333930221 0 0 0
C@CP 2667 -0.125497625 0.0824191884 0.0333817814 0 0 0
C@CP 2668 0.00166250946 0.234604035 0.0667288439 0 0 0
C@CP 2669 0.299531295 0.113515799 0.132946855 0 0 0
C@CP 2670 0.158134549 -0.0373057666 -0.076493313 0 0 0
C@CP 2671 0.224844912 0.133407937 -0.237753415 0 0 0
C@CP 2672 0.0169324813 0.0786308947 0.406925097 0 0 0
C@CP 2673 0.194924191 -0.0140479647 -0.323131213 0 0 0
C@CP 2674 -0.129373211 0.245149753 -0.0884976563 0 0 0
C@CP 2675 0.128865732 0.316513562 0.0365838992 0 0 0
C@CP 2676 -0.353708448 -0.144917364 -0.0692811611 0 0 0
C@CP 2677 -0.393599015 0.192156073 0.13964851 0 0 0
C@CP 2678 0.0605332294 0.173683899 0.422254543 0 0 0
C@CP 2679 0.0639225119 -0.0733009293 -0.344127093 0 0 0
C@CP 2680 -0.339665684 -0.109851675 0.209899956 0 0 0
C@CP 2681 0.0762472027 0.0336016998 -0.379056868 0 0 0
C@CP 2682 -0.316220752 -0.046307934 0.071659237 0 0 0
C@CP 2683 -0.0568989261 -0.0701531251 -0.0654635072 0 0 0
C@CP 2684 0.0755967429 0.404605172 -0.0686629145 0 0 0
C@CP 2685 0.417923123 -0.0476382647 0.227352651 0 0 0
C@CP 2686 0.00461589799 -0.366923674 0.170964247 0 0 0
C@CP 2687 -0.00369401083 -0.287520804 0.356150962 0 0 0
C@CP 2688 -0.0619312498 0.19446646 0.0192864637 0 0 0
C@CP 2689 -0.0022278736 0.251959849 0.31841194 0 0 0
C@CP 2690 0.0868915541 0.327315319 0.32239085 0 0 0
C@CP 2691 0.0976824564 -0.127405167 0.428583129 0 0 0
C@CP 2692 0.213594173 -0.050542302 0.234490749 0 0 0
C@CP 2693 -0.0994869189 -0.385214581 0.0554166968 0 0 0
C@CP 2694 0.2606248 -0.177866713 -0.271427338 0 0 0
C@CP 2695 -0.0995836269 -0.189657683 -0.291221832 0 0 0
C@CP 2696 -0.116421227 0.424658103 -0.153122437 0 0 0
C@CP 2697 0.151886132 0.359879158 0.224468084 0 0 0
C@CP 2698 0.147361306 0.290266491 0.249083956 0 0 0
C@CP 2699 -0.43565567 0.0313732745 0.0940580164 0 0 0
C@CP 2700 0.138013557 0.110068492 -0.33451691 0 0 0
C@CP 2701 0.340377171 -0.0624353648 -0.258182997 0 0 0
C@CP 2702 0.0478253605 -0.237481349 -0.229550588 0 0 0
C@CP 2703 0.17176645 -0.401884553 0.000749126634 0 0 0
C@CP 2704 -0.0328041749 -0.0219635734 0.366532222 0 0 0
C@CP 2705 -0.199167126 -0.163329886 -0.103720934 0 0 0
C@CP 2706 -0.0420768606 0.402939343 -0.180741421 0 0 0
C@CP 2707 -0.179425114 0.192489282 -0.0671712728 0 0 0
C@CP 2708 0.0432638387 0.220977064 0.300612523 0 0 0
C@CP 2709 -0.0740202082 0.145664274 0.0552570503 0 0 0
C@CP 2710 0.179535059 0.0831090574 0.39216225 0 0 0
C@CP 2711 0.224056306 0.299146543 -0.141299632 0 0 0
C@CP 2712 0.235404785 -0.199390522 0.249915025 0 0 0
C@CP 2713 0.320904103 0.069620504 0.121629483 0 0 0
C@CP 2714 0.19866092 -0.31794853 0.0777383518 0 0 0
C@CP 2715 0.297964858 0.195539142 -0.125999055 0 0 0
C@CP 2716 -0.406673421 0.221289351 -0.0614410592 0 0 0
C@CP 2717 -0.324725849 0.162510784 0.0570765958 0 0 0
C@CP 2718 0.08982198 0.225676112 0.376450422 0 0 0
C@CP 2719 0.318449933 -0.107274474 0.209206185 0 0 0
C@CP 2720 0.134607055 0.257413995 -0.232751245 0 0 0
C@CP 2721 -0.203879847 0.169799605 0.119636245 0 0 0
C@CP 2722 -0.171068924 -0.254012596 -0.169493034 0 0 0
C@CP 2723 -0.283597502 -0.0956077743 -0.0237169141 0 0 0
C@CP 2724 -0.342049942 -0.149571325 0.141503871 0 0 0
C@CP 2725 0.155143557 0.199332316 0.376761109 0 0 0
C@CP 2726 -0.128617043 0.240853622 -0.268958717 0 0 0
C@CP 2727 -0.118680543 0.233996276 0.381854843 0 0 0
C@CP 2728 0.315793683 -0.270659297 0.0115271787 0 0 0
C@CP 2729 0.373830052 0.132344215 -0.191320396 0 0 0
C@CP 2730 -0.195687732 0.030439786 -0.0483246012 0 0 0
C@CP 2731 0.227654843 0.323495774 0.072507334 0 0 0
C@CP 2732 0.251430749 0.298241547 0.143431602 0 0 0
C@CP 2733 0.191722958 0.23708761 -0.288155656 0 0 0
C@CP 2734 0.0959995603 -0.249476633 -0.109310405 0 0 0
C@CP 2735 -0.193683689 -0.112387227 0.17659086 0 0 0
C@CP 2736 0.123404893 -0.294816073 0.0723434926 0 0 0
C@CP 2737 0.179794647 -0.0927590678 0.224100885 0 0 0
C@CP 2738 -0.238342779 0.174257263 -0.325905486 0 0 0
C@CP 2739 -0.140381746 0.364541759 -0.113499387 0 0 0
C@CP 2740 -0.38339945 0.0848270081 0.14511845 0 0 0
C@CP 2741 -0.108475614 0.12447864 0.0140618251 0 0 0
C@CP 2742 -0.104399484 -0.212922701 -0.0127332015 0 0 0
C@CP 2743 0.239436034 -0.139867324 0.167162133 0 0 0
C@CP 2744 0.278440007 0.176567136 -0.283286203 0 0 0
C@CP 2745 -0.284600944 0.0759147262 -0.11031386 0 0 0
C@CP 2746 0.255969315 0.182881926 -0.340228294 0 0 0
C@CP 2747 0.297504004 0.18895396 -0.0271841696 0 0 0
C@CP 2748 0.132990824 0.14344107 0.0494385154 0 0 0
C@CP 2749 -0.119329272 0.234859794 0.357409199 0 0 0
C@CP 2750 0.349447416 -0.220383353 0.0670708427 0 0 0
C@CP 2751 0.151027803 0.153111212 -0.138554819 0 0 0
C@CP 2752 0.317200526 -0.0542707047 0.3244127 0 0 0
C@CP 2753 -0.254369735 -0.0272013938 0.32044629 0 0 0
C@CP 2754 -0.178035637 -0.237277512 0.20212137 0 0 0
C@CP 2755 -0.248077064 0.0952312786 -0.230651773 0 0 0
C@CP 2756 -0.309924968 0.0688816283 0.137543378 0 0 0
C@CP 2757 -0.0474379265 0.0165794783 -0.396675461 0 0 0
C@CP 2758 0.138984603 0.148980279 0.20517164 0 0 0
C@CP 2759 0.284167392 0.259984305 -0.18887531 0 0 0
C@CP 2760 -0.362251395 -0.223262849 -0.171506602 0 0 0
C@CP 2761 0.149753378 -0.0140327502 0.151181077 0 0 0
C@CP 2762 0.232046868 0.126205185 -0.0605827188 0 0 0
C@CP 2763 0.0426969883 0.174438607 0.0981866331 0 0 0
C@CP 2764 0.363978598 0.266946548 -0.00315742654 0 0 0
C@CP 2765 -0.118960918 -0.111957055 0.133217589 0 0 0
C@CP 2766 -0.281255916 -0.18590561 0.31421594 0 0 0
C@CP 2767 -0.002201094 0.233919916 0.207447292 0 0 0
C@CP 2768 -0.136118834 -0.224402815 0.316793991 0 0 0
C@CP 2769 -0.0835935517 -0.101176064 0.372287411 0 0 0
C@CP 2770 0.130094954 0.135624746 0.125258126 0 0 0
C@CP 2771 0.0379907315 -0.424040645 -0.0627710201 0 0 0
C@CP 2772 0.268645802 -0.220456812 -0.00164607798 0 0 0
C@CP 2773 0.319881338 0.0911104656 -0.0992223545 0 0 0
C@CP 2774 0.0231946262 0.0347049242 0.144489556 0 0 0
C@CP 2775 -0.33843295 0.16558763 -0.164468691 0 0 0
C@CP 2776 -0.339199606 -0.285104909 0.128809069 0 0 0
C@CP 2777 -0.277073639 0.178725936 0.227586548 0 0 0
C@CP 2778 0.178402153 0.0832374024 -0.0374064958 0 0 0
C@CP 2779 0.0209441046 -0.0783467297 -0.198457924 0 0 0
C@CP 2780 -0.33023953 -0.290502026 0.151698831 0 0 0
C@CP 2781 -0.127640153 0.137284417 -0.299213449 0 0 0
C@CP 2782 0.437864759 0.0792123533 -0.0248704866 0 0 0
C@CP 2783 -0.101292148 -0.0826178302 0.210445889 0 0 0
C@CP 2784 0.194764862 0.0156272749 0.0411136384 0 0 0
C@CP 2785 0.212614045 0.251411607 0.123036618 0 0 0
C@CP 2786 -0.0146360931 0.401694218 -0.118975544 0 0 0
C@CP 2787 0.229813609 0.267237326 0.0984506769 0 0 0
C@CP 2788 0.0871017978 0.202204877 -0.0552349949 0 0 0
C@CP 2789 0.0796515897 0.126717454 -0.00704058908 0 0 0
C@CP 2790 0.177117151 -0.226548685 -0.222711084 0 0 0
C@CP 2791 0.00818519037 -0.285279886 -0.281185101 0 0 0
C@CP 2792 0.35164304 0.224375324 -0.0758575011 0 0 0
C@CP 2793 -0.220805893 -0.0402949033 0.258625043 0 0 0
C@CP 2794 0.318476023 0.222883373 0.124212566 0 0 0
C@CP 2795 -0.07561748 -0.369603341 -0.182141185 0 0 0
C@CP 2796 -0.343308928 -0.195687632 0.134128539 0 0 0
C@CP 2797 -0.0223640278 0.144814721 -0.02106278 0 0 0
C@CP 2798 -0.313106581 0.267702889 -0.109914102 0 0 0
C@CP 2799 0.0499908877 -0.127061683 -0.0491903246 0 0 0
C@CP 2800 0.134379402 0.449703336 -0.010760772 0 0 0
C@CP 2801 0.050100112 0.336662527 0.22779254 0 0 0
C@CP 2802 -0.0196865277 0.151989263 -0.405698661 0 0 0
C@CP 2803 -0.102797139 0.0233780633 0.194471644 0 0 0
C@CP 2804 -0.0270121946 0.335908215 -0.317027024 0 0 0
C@CP 2805 -0.145197086 0.0485121419 0.1141404 0 0 0
C@CP 2806 0.00402252479 0.143550862 0.400821767 0 0 0
C@CP 2807 0.0336588093 -0.135482014 -0.109411832 0 0 0
C@CP 2808 -0.0722699015 0.337394568 -0.153598256 0 0 0
C@CP 2809 0.191083654 -0.249347105 -0.124851249 0 0 0
C@CP 2810 0.277865378 -0.0773494907 -0.178989892 0 0 0
C@CP 2811 0.273031224 -0.0882691391 -0.1414212 0 0 0
C@CP 2812 -0.00816744462 -0.145377723 -0.389694694 0 0 0
C@CP 2813 -0.0198150038 -0.344470326 0.176776881 0 0 0
C@CP 2814 0.0992177282 -0.318195282 -0.263230378 0 0 0
C@CP 2815 0.0436697838 0.107023688 0.196519636 0 0 0
C@CP 2816 0.142866671 -0.08519882 -0.05672986 0 0 0
C@CP 2817 0.199222185 0.0536832351 0.315521827 0 0 0
C@CP 2818 0.11688116 -0.309043613 0.0636872616 0 0 0
C@CP 2819 -0.104906869 0.097558027 0.285086726 0 0 0
C@CP 2820 0.0118042504 -0.455181143 0.0749512996 0 0 0
C@CP 2821 -0.325563274 -0.0397853511 -0.108566577 0 0 0
C@CP 2822 0.0153232491 0.0248245889 0.156984509 0 0 0
C@CP 2823 0.270623602 0.128539378 -0.033201604 0 0 0
C@CP 2824 0.189730723 -0.304280927 -0.0285596657 0 0 0
C@CP 2825 -0.172911824 0.0967091586 0.201518781 0 0 0
C@CP 2826 -0.181913433 0.0521432931 0.0932885616 0 0 0
C@CP 2827 -0.254965769 0.204656212 -0.167958049 0 0 0
C@CP 2828 -0.199654536 0.36469 0.0961044253 0 0 0
C@CP 2829 0.339529137 0.234640335 0.115828761 0 0 0
C@CP 2830 0.114580341 -0.13950512 0.279302756 0 0 0
C@CP 2831 0.240282633 0.276848747 0.12334465 0 0 0
C@CP 2832 0.0357997848 -0.0617085653 0.240348008 0 0 0
C@CP 2833 -0.148947018 0.112140891 -0.376701129 0 0 0
C@CP 2834 -0.200152588 -0.191340361 -0.0989682841 0 0 0
C@CP 2835 0.171120908 -0.329154288 0.282843584 0 0 0
C@CP 2836 0.0943845196 -0.00561966944 -0.103488534 0 0 0
C@CP 2837 0.169214662 0.379761292 0.0487089466 0 0 0
C@CP 2838 0.165043136 -0.399794157 -0.0026149924 0 0 0
C@CP 2839 -0.187839577 -0.277495901 0.178881063 0 0 0
C@CP 2840 -0.272060565 -0.055565004 0.152961606 0 0 0
C@CP 2841 -0.0590396551 -0.30285137 0.201073019 0 0 0
C@CP 2842 0.0324488298 0.170455162 -0.182018747 0 0 0
C@CP 2843 -0.124916443 -0.188468331 0.222697513 0 0 0
C@CP 2844 0.0284676556 0.0678457338 0.23242451 0 0 0
C@CP 2845 -0.251695763 0.0684524664 0.0351398158 0 0 0
C@CP 2846 -0.293585336 -0.266122442 -0.023259515 0 0 0
C@CP 2847 0.392355082 -0.171226239 0.145276261 0 0 0
C@CP 2848 -0.0320961134 0.196259086 0.00467197532 0 0 0
C@CP 2849 0.315745894 0.0263237994 -0.293607664 0 0 0
C@CP 2850 0.163539919 -0.126641803 0.260140393 0 0 0
C@CP 2851 -0.395875409 0.00435249918 0.0968102164 0 0 0
C@CP 2852 0.300220785 -0.0839600164 -0.353159567 0 0 0
C@CP 2853 0.234997996 -0.245686792 0.173799115 0 0 0
C@CP 2854 0.282188276 -0.160218294 -0.306658776 0 0 0
C@CP 2855 -0.075547022 -0.0481730291 -0.431927622 0 0 0
C@CP 2856 0.22661042 -0.196786126 -0.0363784129 0 0 0
C@CP 2857 -0.310194596 0.04093923 -0.0414146553 0 0 0
C@CP 2858 -0.0250411901 0.350448076 0.175875861 0 0 0
C@CP 2859 0.177052955 0.293742889 0.156468863 0 0 0
C@CP 2860 -0.000336073809 -0.0890240913 0.0722032828 0 0 0
C@CP 2861 0.130557457 0.0561672548 0.0437761805 0 0 0
C@CP 2862 0.426816396 -0.127022291 -0.107027843 0 0 0
C@CP 2863 0.269528342 0.275388074 -0.12804385 0 0 0
C@CP 2864 0.190692259 0.359351824 0.163937962 0 0 0
C@CP 2865 0.130848082 -0.0577278238 -0.0900878923 0 0 0
C@CP 2866 0.304826525 0.169067876 0.166588866 0 0 0
C@CP 2867 -0.138552008 -0.11971541 0.0036792082 0 0 0
C@CP 2868 -0.112073196 -0.00858834453 0.412831048 0 0 0
C@CP 2869 0.300572561 -0.0994398896 0.133218288 0 0 0
C@CP 2870 -0.0367850646 -0.0588625767 0.456588356 0 0 0
C@CP 2871 -0.274630756 0.0365760932 -0.362382843 0 0 0
C@CP 2872 -0.104265208 0.128076952 -0.307319371 0 0 0
C@CP 2873 0.11103725 0.00829022972 0.231869343 0 0 0
C@CP 2874 0.320525636 -0.0598046324 0.184971875 0 0 0
C@CP 2875 -0.241335994 0.272631028 0.112780609 0 0 0
C@CP 2876 0.443294165 -0.0476373571 0.105827094 0 0 0
C@CP 2877 0.190302718 0.425626765 -0.00585933653 0 0 0
C@CP 2878 -0.125664481 0.325409029 -0.0427713831 0 0 0
C@CP 2879 -0.0306826027 -0.353016313 -0.150429262 0 0 0
C@CP 2880 -0.0975496074 -0.0438010669 -0.0903005063 0 0 0
C@CP 2881 -0.217006701 0.151701605 -0.136942414 0 0 0
C@CP 2882 -0.0377021751 0.246190592 0.278742818 0 0 0
C@CP 2883 0.106382285 0.366517876 0.279465831 0 0 0
C@CP 2884 -0.152929041 0.06345806 -0.159341611 0 0 0
C@CP 2885 0.171201598 -0.0316282005 0.390649675 0 0 0
C@CP 2886 -0.270768547 0.133090952 0.000311178817 0 0 0
C@CP 2887 0.312951073 0.0872913677 -0.250404235 0 0 0
C@CP 2888 0.138528029 0.372888311 -0.2065327 0 0 0
C@CP 2889 0.127077084 -0.235829846 -0.248556616 0 0 0
C@CP 2890 -0.0953311874 -0.396361336 -0.0266598274 0 0 0
C@CP 2891 -0.282786576 -0.19387501 0.0331625249 0 0 0
C@CP 2892 0.185458977 0.195412877 -0.24057888 0 0 0
C@CP 2893 -0.233690654 0.0850333087 0.133859529 0 0 0
C@CP 2894 0.139648764 0.154690426 0.241463162 0 0 0
C@CP 2895 -0.261228533 -0.152874106 -0.315320575 0 0 0
C@CP 2896 -0.35416162 0.184370571 0.0994782302 0 0 0
C@CP 2897 -0.231233942 -0.183752397 0.182222338 0 0 0
C@CP 2898 0.0754310759 0.172551227 -0.252922119 0 0 0
C@CP 2899 -0.209018222 -0.0434807953 -0.0875042512 0 0 0
C@CP 2900 -0.150778315 0.256393583 0.0958220435 0 0 0
C@CP 2901 0.281831756 0.230549046 0.189043046 0 0 0
C@CP 2902 0.0618030716 -0.182364411 0.20706875 0 0 0
C@CP 2903 0.316715054 -0.303208603 0.0366876456 0 0 0
C@CP 2904 0.265211008 -0.0692085573 0.287338394 0 0 0
C@CP 2905 -0.200973991 -0.197972162 -0.228597756 0 0 0
C@CP 2906 -0.0318252114 0.264193291 -0.18845819 0 0 0
C@CP 2907 -0.382624627 0.0753247114 0.21541714 0 0 0
C@CP 2908 -0.265385993 0.0328356136 -0.146511038 0 0 0
C@CP 2909 0.376797221 0.1434147 -0.00762451998 0 0 0
C@CP 2910 0.0928135041 0.350224176 0.301269511 0 0 0
C@CP 2911 -0.208589353 0.181595056 -0.331373568 0 0 0
C@CP 2912 0.250063647 -0.329324548 -0.191402215 0 0 0
C@CP 2913 -0.0845901485 0.0381625986 -0.314321532 0 0 0
C@CP 2914 -0.398813428 0.087724011 0.11749123 0 0 0
C@CP 2915 -0.218395197 0.281523336 -0.0497607741 0 0 0
C@CP 2916 -0.0771759798 -0.174893166 0.0367511757 0 0 0
C@CP 2917 0.323838241 0.174174126 0.113490728 0 0 0
C@CP 2918 0.141236 0.118860899 -0.0657926104 0 0 0
C@CP 2919 0.020866826 0.202235444 -0.098147957 0 0 0
C@CP 2920 -0.117298781 -0.0301636084 -0.304581273 0 0 0
C@CP 2921 0.0045038347 0.0786412358 0.458632675 0 0 0
C@CP 2922 0.308782517 -0.0227445428 0.0285942774 0 0 0
C@CP 2923 0.225862037 -0.0590139342 0.376587395 0 0 0
C@CP 2924 -0.312082296 -0.174469721 -0.189741471 0 0 0
C@CP 2925 -0.0691435573 0.00703582401 -0.255111119 0 0 0
C@CP 2926 -0.317065041 0.256168849 0.20800646 0 0 0
C@CP 2927 -0.213961837 0.251315575 0.187785789 0 0 0
C@CP 2928 0.27113778 0.32943579 -0.0872635838 0 0 0
C@CP 2929 0.194897731 -0.1745885 -0.294621965 0 0 0
C@CP 2930 0.406734724 0.0194848701 -0.0129860912 0 0 0
C@CP 2931 0.232695022 0.409412863 -0.044494611 0 0 0
C@CP 2932 0.119995519 0.175602273 -0.369776281 0 0 0
C@CP 2933 -0.402993229 0.0629511865 -0.0645716081 0 0 0
C@CP 2934 -0.156860301 0.12839164 -0.0661378503 0 0 0
C@CP 2935 0.0840457342 -0.0409340672 -0.254512 0 0 0
C@CP 2936 0.278768618 0.0506197336 0.163637633 0 0 0
C@CP 2937 -0.0754708766 -0.247710512 -0.308350323 0 0 0
C@CP 2938 0.0303790482 -0.392981009 0.115093757 0 0 0
C@CP 2939 -0.198390007 0.0911749969 -0.235861392 0 0 0
C@CP 2940 0.021315246 0.437455386 0.0110805186 0 0 0
C@CP 2941 0.191843142 0.138563364 0.393142645 0 0 0
C@CP 2942 -0.341402522 -0.202535617 0.0786421805 0 0 0
C@CP 2943 -0.0151359106 -0.190386786 0.248248598 0 0 0
C@CP 2944 0.210314663 -0.0255373093 -0.271448554 0 0 0
C@CP 2945 -0.149326862 -0.177311602 -0.371006547 0 0 0
C@CP 2946 -0.185332965 0.0720848461 -0.346812068 0 0 0
C@CP 2947 -0.440646188 -0.0657521829 -0.104253464 0 0 0
C@CP 2948 0.0651209377 -0.290551418 0.0379371777 0 0 0
C@CP 2949 -0.387179779 0.162741324 -0.118277392 0 0 0
C@CP 2950 0.0818579741 -0.0234332474 -0.0494238709 0 0 0
C@CP 2951 0.307185201 -0.332420758 0.0197406736 0 0 0
C@CP 2952 0.24213765 0.0620887926 0.107279721 0 0 0
C@CP 2953 0.179587061 -0.128465264 0.317964926 0 0 0
C@CP 2954 0.0295297049 -0.373558706 -0.155513708 0 0 0
C@CP 2955 -0.0347836631 -0.18698802 0.186368876 0 0 0
C@CP 2956 0.0337734709 0.124894585 -0.226219747 0 0 0
C@CP 2957 -0.378060096 0.241988449 0.0251560222 0 0 0
C@CP 2958 0.302910571 0.181557006 -0.208272135 0 0 0
C@CP 2959 0.119852686 -0.0951051827 -0.364388037 0 0 0
C@CP 2960 0.409612407 0.0937269247 -0.125187893 0 0 0
C@CP 2961 0.247731324 0.0104953208 -0.0959118106 0 0 0
C@CP 2962 -0.270908784 0.00225175678 0.323450629 0 0 0
C@CP 2963 -0.256910876 -0.109228744 0.0923374989 0 0 0
C@CP 2964 0.326855009 -0.151818457 -0.19719091 0 0 0
C@CP 2965 0.0559364846 0.025466081 0.218811866 0 0 0
C@CP 2966 0.120959243 0.0345453753 -0.436946125 0 0 0
C@CP 2967 0.377529294 -0.085104992 0.0396174856 0 0 0
C@CP 2968 0.313221178 0.174742575 0.231196953 0 0 0
C@CP 2969 0.401116891 0.13593428 -0.0207498983 0 0 0
C@CP 2970 -0.145888168 -0.196981765 -0.107287859 0 0 0
C@CP 2971 -0.214544657 0.295499424 0.0796870979 0 0 0
C@CP 2972 0.0207664 -0.196995099 -0.158624785 0 0 0
C@CP 2973 -0.139621769 0.0187914852 -0.129062436 0 0 0
C@CP 2974 -0.299725078 -0.0772713307 -0.0707294546 0 0 0
C@CP 2975 0.0911986686 -0.027841707 -0.202552445 0 0 0
C@CP 2976 0.29850005 0.251088851 0.101840453 0 0 0
C@CP 2977 0.264051108 -0.132249179 0.0379695304 0 0 0
C@CP 2978 0.0720823649 0.0318327645 0.16508123 0 0 0
C@CP 2979 -0.142134405 -0.15762396 0.208944484 0 0 0
C@CP 2980 -0.107159901 0.274693825 0.0573574447 0 0 0
C@CP 2981 -0.229016384 -0.143441358 0.0149142151 0 0 0
C@CP 2982 -0.166291548 -0.17578968 -0.319262514 0 0 0
C@CP 2983 -0.266744288 -0.174252454 -0.320445723 0 0 0
C@CP 2984 -0.0591051633 0.307886234 -0.136149279 0 0 0
C@CP 2985 0.220113911 0.0336314424 -0.173854233 0 0 0
C@CP 2986 0.0416363231 -0.274550309 0.0684279284 0 0 0
C@CP 2987 0.0613866114 0.24170874 -0.395657442 0 0 0
C@CP 2988 0.192791632 -0.240692349 0.295381182 0 0 0
C@CP 2989 0.0580011265 -0.230933633 0.374131587 0 0 0
C@CP 2990 0.273324138 0.23748432 -0.168793212 0 0 0
C@CP 2991 0.0856872433 -0.333088547 -0.162582002 0 0 0
C@CP 2992 0.251326102 0.173399268 -0.186354699 0 0 0
C@CP 2993 0.213885671 -0.235853674 -0.0219858557 0 0 0
C@CP 2994 0.0459110356 0.106261102 -0.20141142 0 0 0
C@CP 2995 0.29735513 -0.329249152 0.119580876 0 0 0
C@CP 2996 0.162123409 0.380901205 0.199895539 0 0 0
C@CP 2997 -0.343368824 -0.21323696 0.0892461627 0 0 0
C@CP 2998 -0.379313904 -0.163774221 -0.00678011633 0 0 0
C@CP 2999 -0.214407285 -0.299613312 -0.0582700788 0 0 0
C@CP 3000 0.40724222 -0.135616327 -0.184336003 0 0 0
C@CP 3001 -0.160209063 0.254019254 0.122331385 0 0 0
C@CP 3002 0.0603134298 0.263696344 0.227738952 0 0 0
C@CP 3003 -0.15431834 0.159717404 -0.0177706911 0 0 0
C@CP 3004 -0.302420908 -0.0170459408 0.0139334215 0 0 0
C@CP 3005 0.21472233 0.0907609085 -0.16135437 0 0 0
C@CP 3006 0.181191498 -0.153236769 -0.174845209 0 0 0
C@CP 3007 -0.360833612 0.0768804852 0.186861706 0 0 0
C@CP 3008 0.097346119 -0.247836981 -0.216537048 0 0 0
C@CP 3009 -0.317208219 0.103892065 0.0798093346 0 0 0
C@CP 3010 -0.195879045 0.199164804 -0.0933508907 0 0 0
C@CP 3011 0.257709045 0.0383972199 -0.187124055 0 0 0
C@CP 3012 -0.170224936 -0.275845587 0.199322579 0 0 0
C@CP 3013 0.150411918 0.0365376845 -0.222330924 0 0 0
C@CP 3014 -0.13632695 0.417832112 -0.0506905384 0 0 0
C@CP 3015 -0.068079964 -0.38610811 -0.0831003487 0 0 0
C@CP 3016 0.0650750733 -0.288760596 0.0452690728 0 0 0
C@CP 3017 0.329784376 -0.0236777894 -0.173412234 0 0 0
C@CP 3018 0.239847575 -0.0383340684 0.185294059 0 0 0
C@CP 3019 -0.28862577 0.270901114 -0.127566686 0 0 0
C@CP 3020 -0.27511366 -0.25685811 0.161617308 0 0 0
C@CP 3021 0.263779748 0.0153762059 0.313472398 0 0 0
C@CP 3022 0.235950361 0.230013728 -0.290802112 0 0 0
C@CP 3023 -0.00817820228 -0.156597964 -0.223183709 0 0 0
C@CP 3024 0.336106785 -0.180469815 0.181928695 0 0 0
C@CP 3025 0.1411117 0.235613603 0.237790949 0 0 0
C@CP 3026 0.327560399 -0.331491746 -0.0260207029 0 0 0
C@CP 3027 -0.292666804 -0.305509932 -0.0775194091 0 0 0
C@CP 3028 0.127217607 -0.183287034 -0.342117825 0 0 0
C@CP 3029 -0.238918863 0.0334073671 0.291939349 0 0 0
C@CP 3030 -0.275436438 -0.147749927 -0.24604039 0 0 0
C@CP 3031 0.150700793 -0.151868084 -0.202643175 0 0 0
C@CP 3032 -0.0354743922 -0.197598145 0.0414927738 0 0 0
C@CP 3033 -0.142117219 0.394671806 0.18975869 0 0 0
C@CP 3034 -0.190510035 0.366030738 0.147962955 0 0 0
C@CP 3035 0.0810218301 0.0730418773 0.200332449 0 0 0
C@CP 3036 0.0109481494 -0.138374673 -0.0565984657 0 0 0
C@CP 3037 0.282711687 0.281715958 -0.159769128 0 0 0
C@CP 3038 0.174147855 0.400363304 -0.139773829 0 0 0
C@CP 3039 0.027003951 -0.107202905 -0.351487424 0 0 0
C@CP 3040 -0.301150742 0.142132132 0.230424157 0 0 0
C@CP 3041 -0.0492730711 0.250349277 -0.165591109 0 0 0
C@CP 3042 -0.106349371 -0.426930528 -0.11791214 0 0 0
C@CP 3043 -0.377985954 -0.000458579553 0.106903273 0 0 0
C@CP 3044 -0.0327686453 0.0720816039 0.464289832 0 0 0
C@CP 3045 0.0678196867 -0.129427973 0.185386075 0 0 0
C@CP 3046 0.0227067674 0.0937975913 -0.428919109 0 0 0
C@CP 3047 -0.395102523 -0.0847698269 -0.197518407 0 0 0
C@CP 3048 0.324120978 0.108241818 0.019766934 0 0 0
C@CP 3049 -0.070533416 0.188827188 -0.334116428 0 0 0
C@CP 3050 -0.308075987 0.12061035 0.215306568 0 0 0
C@CP 3051 -0.188618595 -0.181997496 -0.324225546 0 0 0
C@CP 3052 -0.225702811 -0.192479673 -0.352778381 0 0 0
C@CP 3053 0.259092269 -0.14739797 -0.0782180753 0 0 0
C@CP 3054 0.0589833373 -0.245223156 0.0945245775 0 0 0
C@CP 3055 -0.0160203166 -0.298968405 0.248197701 0 0 0
C@CP 3056 0.353708628 0.24625889 0.171835262 0 0 0
C@CP 3057 0.313475145 -0.123544862 -0.223972817 0 0 0
C@CP 3058 -0.328451258 -0.11902429 0.0163372271 0 0 0
C@CP 3059 -0.107562099 -0.234641528 0.0363127647 0 0 0
C@CP 3060 -0.118193671 0.159423911 0.389447111 0 0 0
C@CP 3061 0.197418042 -0.295712997 0.235824149 0 0 0
C@CP 3062 0.414027521 -0.139798061 -0.138187387 0 0 0
C@CP 3063 -0.152656464 0.177440806 0.316561132 0 0 0
C@CP 3064 0.399423338 0.024999169 -0.108228454 0 0 0
C@CP 3065 0.188989646 -0.351595865 0.0471037868 0 0 0
C@CP 3066 -0.255055812 -0.384776251 -0.038659747 0 0 0
C@CP 3067 -0.117359898 -0.381292142 0.161372501 0 0 0
C@CP 3068 0.0703698155 -0.124510525 0.376219868 0 0 0
C@CP 3069 -0.013789121 -0.339300999 -0.0171828478 0 0 0
C@CP 3070 -0.0712781189 -0.39336726 -0.253451252 0 0 0
C@CP 3071 -0.00237768643 0.105425871 -0.155753495 0 0 0
C@CP 3072 -0.261600698 -0.184357098 -0.243985463 0 0 0
C@CP 3073 -0.276910264 0.0555722977 -0.0334147003 0 0 0
C@CP 3074 -0.161133536 -0.21946727 -0.377778566 0 0 0
C@CP 3075 -0.394812168 0.188162955 -0.184360634 0 0 0
C@CP 3076 0.27886989 0.106651379 -0.307702957 0 0 0
C@CP 3077 0.239065149 0.0701444947 -0.135742288 0 0 0
C@CP 3078 -0.376250183 -0.185962961 -0.066028674 0 0 0
C@CP 3079 -0.416546052 -0.181383479 -0.045781997 0 0 0
C@CP 3080 0.0902664764 -0.0722890326 -0.189280439 0 0 0
C@CP 3081 0.0395662683 -0.12792183 -0.0250533782 0 0 0
C@CP 3082 -0.0674785092 -0.266696028 0.0743943285 0 0 0
C@CP 3083 -0.0270573052 0.0221523883 0.321173836 0 0 0
C@CP 3084 0.0378174703 -0.336519765 -0.00291682249 0 0 0
C@CP 3085 0.171993915 -0.0550575613 0.316573546 0 0 0
C@CP 3086 -0.0223224924 0.0299798294 0.244178916 0 0 0
C@CP 3087 -0.0717819803 -0.0788126017 -0.3980162 0 0 0
C@CP 3088 0.262750057 0.35640781 0.117392737 0 0 0
C@CP 3089 -0.166183035 -0.332558104 0.120378661 0 0 0
C@CP 3090 0.0390092895 -0.0604729015 0.190062136 0 0 0
C@CP 3091 0.27294266 0.0951409646 0.228431407 0 0 0
C@CP 3092 0.120749189 0.414627676 0.0967703206 0 0 0
C@CP 3093 -0.101579085 -0.098331054 -0.0504975018 0 0 0
C@CP 3094 -0.135636015 -0.121109186 -0.375551724 0 0 0
C@CP 3095 0.226090417 -0.145730348 0.0909819857 0 0 0
C@CP 3096 -0.0492148504 -0.246772869 0.284359955 0 0 0
C@CP 3097 0.121211044 0.158047422 -0.319090325 0 0 0
C@CP 3098 -0.321710416 0.0621217806 0.0911557792 0 0 0
C@CP 3099 0.216360106 -0.244098385 -0.0692979629 0 0 0
C@CP 3100 0.298417005 0.107382338 -0.294544133 0 0 0
C@CP 3101 -0.123228522 -0.3834074 0.155309539 0 0 0
C@CP 3102 0.0894037754 0.416152742 -0.0320537234 0 0 0
C@CP 3103 0.144895423 -0.137993809 0.126039174 0 0 0
C@CP 3104 -0.256555405 -0.257437515 0.0605792992 0 0 0
C@CP 3105 0.331055416 -0.0852962689 0.150956347 0 0 0
C@CP 3106 0.117232335 -0.09288067 0.175122101 0 0 0
C@CP 3107 0.0463959482 -0.0739842384 -0.395863367 0 0 0
C@CP 3108 -0.204933924 0.264376254 0.132902297 0 0 0
C@CP 3109 -0.333641267 0.239503935 -0.102722971 0 0 0
C@CP 3110 -0.0118838774 -0.26189183 0.289728521 0 0 0
C@CP 3111 0.239996818 0.154414738 -0.32457379 0 0 0
C@CP 3112 -0.234630165 0.21151488 -0.0351139318 0 0 0
C@CP 3113 -0.138486665 0.023852284 -0.345570194 0 0 0
C@CP 3114 0.360342758 0.00395943328 -0.0375337188 0 0 0
C@CP 3115 -0.0832758779 -0.0810084761 -0.18847235 0 0 0
C@CP 3116 -0.250325127 -0.332255015 0.0930363465 0 0 0
C@CP 3117 0.251288857 0.329714477 0.112415239 0 0 0
C@CP 3118 0.171845956 0.0466403973 0.127020137 0 0 0
C@CP 3119 0.349730023 -0.143290173 -0.122775023 0 0 0
C@CP 3120 -0.0703461084 0.162342394 0.336324211 0 0 0
C@CP 3121 0.229405802 -0.305765258 0.043924738 0 0 0
C@CP 3122 0.0354030572 -0.0204373257 -0.391205498 0 0 0
C@CP 3123 0.0129276929 0.17738237 0.176757127 0 0 0
C@CP 3124 0.113596079 0.303183858 0.0542380984 0 0 0
C@CP 3125 0.06422111 0.0168966529 -0.225009904 0 0 0
C@CP 3126 -0.0734768121 -0.372683769 -0.0648749109 0 0 0
C@CP 3127 0.0203392038 -0.254927825 -0.284504133 0 0 0
C@CP 3128 -0.138999077 0.0219199296 0.273464686 0 0 0
C@CP 3129 -0.184286402 0.0386145329 -0.101581673 0 0 0
C@CP 3130 -0.0697857768 0.342422562 -0.130665872 0 0 0
C@CP 3131 -0.120344362 -0.0659260681 -0.172674322 0 0 0
C@CP 3132 -0.461484964 -0.0199004661 -0.0992971775 0 0 0
C@CP 3133 0.0674117342 0.27354356 0.147201614 0 0 0
C@CP 3134 -0.272352199 0.12218446 0.303010586 0 0 0
C@CP 3135 0.289260837 0.187673738 -0.222007814 0 0 0
C@CP 3136 -0.0434565435 0.142052208 0.185310296 0 0 0
C@CP 3137 -0.220597551 0.109906004 0.282248026 0 0 0
C@CP 3138 0.0463006565 -0.221627575 -0.24755956 0 0 0
C@CP 3139 0.00691234725 -0.205143713 -0.416769292 0 0 0
C@CP 3140 0.35896538 -0.26043577 0.0349032958 0 0 0
C@CP 3141 0.233611134 0.14766094 0.229964453 0 0 0
C@CP 3142 0.283127206 0.281019216 0.018165368 0 0 0
C@CP 3143 -0.115190202 0.333527159 -0.272384974 0 0 0
C@CP 3144 0.346839996 -0.281544519 0.00882047322 0 0 0
C@CP 3145 0.363874798 0.240998915 0.0341708761 0 0 0
C@CP 3146 0.322878752 0.133943831 -0.0969216407 0 0 0
C@CP 3147 -0.0412906899 -0.434278991 -0.108225709 0 0 0
C@CP 3148 0.279244021 -0.285242675 -0.0242909225 0 0 0
C@CP 3149 -0.0632469429 -0.105038094 -0.25629905 0 0 0
C@CP 3150 0.359716359 0.150344669 0.0934488404 0 0 0
C@CP 3151 -0.345500122 0.115422432 -0.0216086008 0 0 0
C@CP 3152 0.180358283 0.172230338 0.35438138 0 0 0
C@CP 3153 0.296450844 0.139979808 -0.16342466 0 0 0
C@CP 3154 0.101866811 0.310172398 -0.0159989049 0 0 0
C@CP 3155 -0.282503288 -0.127183861 0.342675113 0 0 0
C@CP 3156 -0.181544855 -0.304845864 0.214730469 0 0 0
C@CP 3157 0.287466243 0.208101396 -0.0281839865 0 0 0
C@CP 3158 -0.13572635 -0.0474860368 0.126856607 0 0 0
C@CP 3159 0.00520737812 -0.144532617 -0.00620419331 0 0 0
C@CP 3160 0.0977315401 0.0685544379 0.281717532 0 0 0
C@CP 3161 -0.43829814 0.0958952739 0.0105340616 0 0 0
C@CP 3162 -0.100764048 0.091073431 -0.404709632 0 0 0
C@CP 3163 -0.333948619 -0.0734352493 0.131379529 0 0 0
C@CP 3164 -0.0977407248 -0.201907017 0.366284975 0 0 0
C@CP 3165 -0.151952283 -0.348858593 0.223656761 0 0 0
C@CP 3166 0.0139745909 -0.424207615 -0.0131345435 0 0 0
C@CP 3167 -0.392031243 0.0544334743 -0.208740377 0 0 0
C@CP 3168 0.258586004 0.0414096265 -0.346381332 0 0 0
C@CP 3169 -0.0165803313 0.0358578219 -0.118246622 0 0 0
C@CP 3170 0.0860745432 0.466765989 0.0117654323 0 0 0
C@CP 3171 0.272163631 -0.176729661 0.349369254 0 0 0
C@CP 3172 0.400063779 0.109293432 -0.18952881 0 0 0
C@CP 3173 0.140093649 -0.180669003 -0.404524513 0 0 0
C@CP 3174 -0.130756522 -0.34208437 0.0697564315 0 0 0
C@CP 3175 0.0867705889 -0.0565333756 -0.24727251 0 0 0
C@CP 3176 -0.0435767484 0.0548889086 -0.427214998 0 0 0
C@CP 3177 -0.0601292439 -0.209852469 0.011493495 0 0 0
C@CP 3178 0.272481108 -0.086230384 -0.201824405 0 0 0
C@CP 3179 -0.0878169376 0.401615653 -0.176552349 0 0 0
C@CP 3180 -0.312249248 -0.104582355 -0.293844734 0 0 0
C@CP 3181 0.211252177 -0.189219375 -0.0417651274 0 0 0
C@CP 3182 -0.254645362 -0.155436369 0.26309038 0 0 0
C@CP 3183 0.0542477673 -0.22277729 0.316288434 0 0 0
C@CP 3184 0.140300399 -0.372372946 -0.000823578374 0 0 0
C@CP 3185 0.0807373296 -0.124671516 -0.110858469 0 0 0
C@CP 3186 0.261091346 0.342879112 -0.180719824 0 0 0
C@CP 3187 0.247989332 0.270911472 0.0288559388 0 0 0
C@CP 3188 -0.156667843 0.286906304 -0.179137068 0 0 0
C@CP 3189 0.101687589 -0.0543336272 0.44083898 0 0 0
C@CP 3190 0.0333012098 0.0689693231 -0.268391565 0 0 0
C@CP 3191 0.0110817436 0.30469568 -0.204129792 0 0 0
C@CP 3192 0.147893489 0.0081617582 0.121026786 0 0 0
C@CP 3193 -0.369043492 -0.161226923 0.0441337283 0 0 0
C@CP 3194 0.284362035 -0.304536933 0.0990453613 0 0 0
C@CP 3195 -0.47151148 0.0163923344 -0.051193976 0 0 0
C@CP 3196 -0.207735929 -0.179108202 0.105767145 0 0 0
C@CP 3197 4.6940022e-05 -0.425087154 0.0891026707 0 0 0
C@CP 3198 -0.056855283 0.396231184 -0.0041250729 0 0 0
C@CP 3199 -0.0622956039 0.0763899084 -0.33718166 0 0 0
C@CP 3200 -0.305903472 -0.175665675 0.048856841 0 0 0
C@CP 3201 -0.304484377 0.115776866 0.131503415 0 0 0
C@CP 3202 0.0813765941 -0.296620663 0.339235111 0 0 0
C@CP 3203 0.0526723998 -0.368543738 -0.244483855 0 0 0
C@CP 3204 0.123271809 -0.377760555 -0.235645367 0 0 0
C@CP 3205 0.0228496726 0.218784992 0.237336487 0 0 0
C@CP 3206 0.0400769174 0.0896084323 0.288847679 0 0 0
C@CP 3207 0.124233025 0.381412551 -0.145332731 0 0 0
C@CP 3208 -0.213299267 -0.123201266 0.193357319 0 0 0
C@CP 3209 0.150063308 0.229198438 0.0615177998 0 0 0
C@CP 3210 0.179945936 0.148428648 0.102014581 0 0 0
C@CP 3211 0.0644928529 0.222320953 -0.0155316274 0 0 0
C@CP 3212 0.378440261 -0.0659874006 -0.211877493 0 0 0
C@CP 3213 -0.0113029679 0.346484616 0.279665 0 0 0
C@CP 3214 -0.0526121716 0.0175024139 -0.176426287 0 0 0
C@CP 3215 0.24985885 -0.398880432 -0.0538392391 0 0 0
C@CP 3216 -0.215994439 0.0743483793 0.242460982 0 0 0
C@CP 3217 0.18257099 -0.196336486 0.364150347 0 0 0
C@CP 3218 -0.344682267 -0.0991201477 -0.0452263158 0 0 0
C@CP 3219 0.0031220221 0.307058997 0.295428406 0 0 0
C@CP 3220 -0.161155445 0.221597729 0.128724304 0 0 0
C@CP 3221 -0.0828590092 0.222867568 0.0942014907 0 0 0
C@CP 3222 -0.330580636 -0.026738957 -0.111248992 0 0 0
C@CP 3223 -0.10419932 0.29064723 0.0455118568 0 0 0
C@CP 3224 0.0819972704 -0.380712023 0.030432926 0 0 0
C@CP 3225 -0.211532546 0.374613003 -0.0905981051 0 0 0
C@CP 3226 -0.348232195 -0.266799449 -0.0735812889 0 0 0
C@CP 3227 -0.066006355 0.285507939 0.328027449 0 0 0
C@CP 3228 -0.215989681 0.264036988 0.0230572451 0 0 0
C@CP 3229 -0.0398865491 -0.043986286 0.111685888 0 0 0
C@CP 3230 0.211682584 -0.247788627 -0.150731858 0 0 0
C@CP 3231 0.245581566 -0.22972213 0.319908369 0 0 0
C@CP 3232 -0.305924948 0.355195753 -0.0616024598 0 0 0
C@CP 3233 0.31592159 0.0648496269 -0.221657553 0 0 0
C@CP 3234 0.0783677809 0.351136459 0.263598195 0 0 0
C@CP 3235 -0.106614885 -0.216693131 0.121651697 0 0 0
C@CP 3236 -0.248117683 0.0669907799 -0.254445745 0 0 0
C@CP 3237 0.409477756 -0.0137904896 -0.00170407915 0 0 0
C@CP 3238 -0.0623308975 0.366532561 0.145601527 0 0 0
C@CP 3239 -0.273141874 0.146350056 0.111150081 0 0 0
C@CP 3240 -0.150581375 0.288039037 -0.12259797 0 0 0
C@CP 3241 0.386122961 -0.245084393 -0.135394833 0 0 0
C@CP 3242 -0.242423798 0.182131771 0.233565077 0 0 0
C@CP 3243 0.0359713577 -0.139255611 -0.25496673 0 0 0
C@CP 3244 -0.255598498 -0.178069497 -0.166186412 0 0 0
C@CP 3245 -0.0613746071 -0.0796531364 0.331296383 0 0 0
C@CP 3246 -0.0543979542 -0.146926198 0.110869351 0 0 0
C@CP 3247 0.174977853 0.297796192 -0.311841721 0 0 0
C@CP 3248 0.0560657674 0.107946447 -0.0827673446 0 0 0
C@CP 3249 0.0137151405 0.0815394255 -0.398892775 0 0 0
C@CP 3250 0.389917553 0.180212011 -0.1936434 0 0 0
C@CP 3251 0.0464467623 -0.0403578191 -0.467038503 0 0 0
C@CP 3252 -0.223943244 0.142017066 0.293645139 0 0 0
C@CP 3253 -0.000827286191 -0.370903002 0.00417330619 0 0 0
C@CP 3254 0.1620365 0.280835135 -0.301162603 0 0 0
C@CP 3255 -0.227057191 -0.0795031088 0.382503245 0 0 0
C@CP 3256 0.141222165 0.18912271 0.319463386 0 0 0
C@CP 3257 0.233150838 -0.139877924 0.0163497169 0 0 0
C@CP 3258 0.081945611 0.109497555 0.222444665 0 0 0
C@CP 3259 -0.0216321456 0.151350499 0.175217443 0 0 0
C@CP 3260 -0.1711421 -0.241212507 0.303717244 0 0 0
C@CP 3261 0.0410519974 0.416075828 -0.130021624 0 0 0
C@CP 3262 -0.0665260134 -0.12045067 0.239525919 0 0 0
C@CP 3263 0.103854931 -0.298616151 -0.0116464925 0 0 0
C@CP 3264 0.135055375 -0.00627551311 -0.283833571 0 0 0
C@CP 3265 -0.192748205 0.112123665 -0.246783438 0 0 0
C@CP 3266 -0.00767312544 0.237362436 -0.218682494 0 0 0
C@CP 3267 -0.0241071516 -0.0146686346 -0.287245229 0 0 0
C@CP 3268 -0.228901087 0.015737406 0.406522903 0 0 0
C@CP 3269 0.273740301 -0.303149134 0.108579499 0 0 0
C@CP 3270 0.323065803 0.208765057 -0.101624995 0 0 0
C@CP 3271 -0.23862358 0.137733171 -0.388440174 0 0 0
C@CP 3272 0.137450892 -0.00775891623 0.216536767 0 0 0
C@CP 3273 -0.314099073 0.242078522 -0.222347149 0 0 0
C@CP 3274 0.064761949 0.402663526 -0.118965519 0 0 0
C@CP 3275 -0.00585355685 0.122484982 -0.227520367 0 0 0
C@CP 3276 -0.0284193821 -0.110105426 -0.321526235 0 0 0
C@CP 3277 -0.00831365129 -0.437759727 0.142808916 0 0 0
C@CP 3278 -0.348761518 0.0803577635 -0.275362334 0 0 0
C@CP 3279 -0.131257707 -0.251521636 -0.133162212 0 0 0
C@CP 3280 0.239517655 0.0492718027 0.0565942381 0 0 0
C@CP 3281 0.335247414 -0.184702903 0.256709106 0 0 0
C@CP 3282 0.100349849 -0.0194066452 0.184992216 0 0 0
C@CP 3283 -0.210044046 -0.119482863 0.379653677 0 0 0
C@CP 3284 0.321296302 0.112932813 0.137319538 0 0 0
C@CP 3285 0.0388267256 -0.263155218 0.203201022 0 0 0
C@CP 3286 0.110632547 -0.105559996 -0.0961125628 0 0 0
C@CP 3287 -0.258792392 0.263320015 0.165476233 0 0 0
C@CP 3288 0.164167737 0.164542314 0.350740195 0 0 0
C@CP 3289 -0.227354023 -0.363088492 0.1346162 0 0 0
C@CP 3290 0.0720510658 0.220990124 -0.367631929 0 0 0
C@CP 3291 -0.00278123815 -0.0563225852 -0.325051622 0 0 0
C@CP 3292 0.0999521871 -0.263852086 -0.200166409 0 0 0
C@CP 3293 -0.0709838361 -0.353837792 0.00639549719 0 0 0
C@CP 3294 -0.309080178 0.284415144 0.15452046 0 0 0
C@CP 3295 -0.184180562 -0.412287273 0.0368449765 0 0 0
C@CP 3296 0.104048468 0.0499640745 -0.144227559 0 0 0
C@CP 3297 -0.218408432 0.385448053 0.0473506377 0 0 0
C@CP 3298 0.0974092881 0.186891035 0.166929071 0 0 0
C@CP 3299 0.105451234 -0.0589992475 0.00454124265 0 0 0
C@CP 3300 -0.325832815 -0.274591772 0.196382938 0 0 0
C@CP 3301 0.292264396 0.327898593 0.0940731291 0 0 0
C@CP 3302 -0.0171758488 -0.448752365 -0.0859820138 0 0 0
C@CP 3303 -0.0285708095 -0.0919840051 -0.316768739 0 0 0
C@CP 3304 -0.0890988073 0.111636645 -0.324188008 0 0 0
C@CP 3305 0.223059532 0.0602739679 -0.23623906 0 0 0
C@CP 3306 0.0876250928 0.196037833 0.188733658 0 0 0
C@CP 3307 0.0318500236 -0.265135276 -0.0373983497 0 0 0
C@CP 3308 -0.296749598 -0.225071005 -0.232459321 0 0 0
C@CP 3309 0.079232161 -0.244095463 0.0126415256 0 0 0
C@CP 3310 -0.28236259 -0.0254924597 -0.226915456 0 0 0
C@CP 3311 0.121924085 0.237520086 -0.00098287335 0 0 0
C@CP 3312 -0.0160025634 -0.283002799 0.374238841 0 0 0
C@CP 3313 0.137541474 0.17819488 -0.224947643 0 0 0
C@CP 3314 -0.131500016 0.111737285 -0.158672112 0 0 0
C@CP 3315 0.0869281399 -0.360396236 -0.223925605 0 0 0
C@CP 3316 0.400078086 -0.130330695 -0.108106201 0 0 0
C@CP 3317 0.0908852648 0.258830883 0.184083943 0 0 0
C@CP 3318 0.135605334 0.374966393 -0.196075051 0 0 0
C@CP 3319 0.108929913 -0.115055378 -0.43490795 0 0 0
C@CP 3320 -0.261491501 0.159168286 -0.282172953 0 0 0
C@CP 3321 0.159020962 -0.269242097 -0.220190511 0 0 0
C@CP 3322 0.37012603 0.245329318 0.123758994 0 0 0
C@CP 3323 0.413679486 0.0584647131 -0.0732951739 0 0 0
C@CP 3324 0.233332834 -0.172988018 0.142188936 0 0 0
C@CP 3325 -0.0315808942 -0.0484469093 0.458890864 0 0 0
C@CP 3326 -0.137957304 0.381966747 0.0758137781 0 0 0
C@CP 3327 -0.0809182352 0.00729385518 0.302395503 0 0 0
C@CP 3328 -0.0555118343 -0.0231236019 -0.318682192 0 0 0
C@CP 3329 0.137719928 -0.195111004 -0.0396296416 0 0 0
C@CP 3330 0.0079957142 -0.181790639 -0.195844557 0 0 0
C@CP 3331 -0.205900772 0.0681436792 -0.225714039 0 0 0
C@CP 3332 0.0363624454 -0.0130622712 -0.177030991 0 0 0
C@CP 3333 -0.0135708649 0.257013943 -0.37211844 0 0 0
C@CP 3334 -0.281348988 0.148150055 -0.316880724 0 0 0
C@CP 3335 0.00783716762 0.3590742 0.293358887 0 0 0
C@CP 3336 0.386394534 -0.0178686927 0.104589193 0 0 0
C@CP 3337 0.0800338504 0.20532617 -0.321185912 0 0 0
C@CP 3338 0.281875549 0.18365478 -0.212070794 0 0 0
C@CP 3339 0.0532012618 0.132997636 -0.163199221 0 0 0
C@CP 3340 0.0742979534 0.135411919 -0.189168107 0 0 0
C@CP 3341 -0.414281902 0.0537141634 0.0466137335 0 0 0
C@CP 3342 0.00952252771 0.07775831 -0.287121413 0 0 0
C@CP 3343 -0.373799203 -0.276126562 0.0859512699 0 0 0
C@CP 3344 0.0832598312 0.151782595 0.273677991 0 0 0
C@CP 3345 0.230965432 -0.330866293 0.105193864 0 0 0
C@CP 3346 0.0995166227 -0.286681614 -0.198653941 0 0 0
C@CP 3347 -0.199854819 0.139018946 -0.245391445 0 0 0
C@CP 3348 -0.0299664531 0.352675769 -0.127204684 0 0 0
C@CP 3349 -0.327477685 0.0101500364 -0.0343149272 0 0 0
C@CP 3350 0.195488359 -0.181410075 0.33982231 0 0 0
C@CP 3351 0.186810327 -0.362712925 -0.18973254 0 0 0
C@CP 3352 -0.187302276 -0.21830003 0.209026982 0 0 0
C@CP 3353 -0.0672738843 0.035298477 0.0109573449 0 0 0
C@CP 3354 0.25207514 0.0589168009 0.0794412588 0 0 0
C@CP 3355 -0.0345174989 0.0425351493 0.166697785 0 0 0
C@CP 3356 -0.0881746656 0.144046467 -0.303177441 0 0 0
C@CP 3357 -0.250830105 0.07369557 0.033395521 0 0 0
C@CP 3358 0.133738418 -0.396740476 0.1883611 0 0 0
C@CP 3359 -0.0933323196 -0.0594575036 -0.38965775 0 0 0
C@CP 3360 -0.255558394 -0.00246590744 -0.024713533 0 0 0
C@CP 3361 0.41668932 0.00709990529 0.125338639 0 0 0
C@CP 3362 -0.179261127 -0.144138391 -0.0928112911 0 0 0
C@CP 3363 -0.393200267 0.0269340634 0.00837863045 0 0 0
C@CP 3364 -0.315716213 0.0630361349 0.333954528 0 0 0
C@CP 3365 0.226269017 0.374337897 0.131158591 0 0 0
C@CP 3366 -0.265561621 -0.169737147 -0.219888608 0 0 0
C@CP 3367 0.298276016 0.0822321959 -0.108487353 0 0 0
C@CP 3368 0.0824431459 -0.132087018 0.314029697 0 0 0
C@CP 3369 0.383012289 0.0238733156 -0.134439109 0 0 0
C@CP 3370 0.149592105 -0.0519900523 0.114398451 0 0 0
C@CP 3371 -0.231877485 0.0373300606 0.10450305 0 0 0
C@CP 3372 0.116340638 0.025913032 -0.279526761 0 0 0
C@CP 3373 0.303049152 -0.240968142 -0.11376191 0 0 0
C@CP 3374 -0.274621035 0.355400699 -0.092801527 0 0 0
C@CP 3375 -0.052418367 -0.300717105 -0.343253313 0 0 0
C@CP 3376 0.0650965065 -0.415106121 -0.0294844052 0 0 0
C@CP 3377 -0.178237244 -0.0290325297 0.366203403 0 0 0
C@CP 3378 -0.250174208 -0.170958878 0.255505473 0 0 0
C@CP 3379 0.141161257 0.00213531881 -0.188800703 0 0 0
C@CP 3380 0.271202869 -0.146534238 0.294509775 0 0 0
C@CP 3381 -0.0991984011 -0.302780713 -0.31842184 0 0 0
C@CP 3382 -0.0701675123 0.08510755 0.342363822 0 0 0
C@CP 3383 0.0415838506 0.363856912 0.0581392263 0 0 0
C@CP 3384 -0.173930472 -0.206354779 -0.375020778 0 0 0
C@CP 3385 0.257280955 -0.108228374 0.0874926341 0 0 0
C@CP 3386 -0.11582185 0.170370913 0.0321524547 0 0 0
C@CP 3387 0.271185596 -0.0976307293 -0.311847659 0 0 0
C@CP 3388 0.331605553 0.0947724613 -0.186367471 0 0 0
C@CP 3389 0.326968353 -0.111636265 -0.0404448083 0 0 0
C@CP 3390 -0.084571332 0.109564284 -0.329326271 0 0 0
C@CP 3391 0.118192939 0.0625910295 -0.371165715 0 0 0
C@CP 3392 -0.162980482 -0.0596905754 -0.10504036 0 0 0
C@CP 3393 -0.197921822 0.299355426 -0.00749370723 0 0 0
C@CP 3394 0.106797604 -0.0988699059 -0.367186269 0 0 0
C@CP 3395 0.036840544 -0.324688064 -0.227089257 0 0 0
C@CP 3396 -0.137507724 -0.2951738 0.120474427 0 0 0
C@CP 3397 -0.0488608837 -0.15038238 -0.229067805 0 0 0
C@CP 3398 0.115917908 0.181644852 0.166149216 0 0 0
C@CP 3399 -0.202484795 0.0516562364 0.270267396 0 0 0
C@CP 3400 -0.128723123 -0.135533514 -0.209471466 0 0 0
C@CP 3401 -0.00319647748 -0.369950121 -0.084707785 0 0 0
C@CP 3402 0.199732788 0.0229608107 0.374754955 0 0 0
C@CP 3403 0.23857411 -0.200924186 -0.27070925 0 0 0
C@CP 3404 -0.317253067 -0.171293469 -0.227608823 0 0 0
C@CP 3405 0.240849366 -0.250057043 0.0780009454 0 0 0
C@CP 3406 0.257060385 -0.122338 -0.106166947 0 0 0
C@CP 3407 0.247539282 0.180618752 -0.366311685 0 0 0
C@CP 3408 -0.25299679 0.113065456 0.00469700102 0 0 0
C@CP 3409 0.209822451 0.182792784 -0.247405821 0 0 0
C@CP 3410 0.055284926 -0.337604479 0.0792542901 0 0 0
C@CP 3411 -0.00906382515 0.12417412 0.239252237 0 0 0
C@CP 3412 0.0640783055 -0.175748575 -0.102109672 0 0 0
C@CP 3413 -0.194264788 0.215977171 -0.0120035841 0 0 0
C@CP 3414 -0.141817104 0.107601357 -0.209284812 0 0 0
C@CP 3415 0.224975036 0.262015489 -0.276439181 0 0 0
C@CP 3416 -0.138893876 -0.112763745 -0.325255866 0 0 0
C@CP 3417 -0.154622913 -0.186646251 0.220525828 0 0 0
C@CP 3418 0.286119287 0.286279393 0.110346717 0 0 0
C@CP 3419 -0.173168042 -0.148688552 0.156006365 0 0 0
C@CP 3420 0.0155199198 0.0919896464 0.244180499 0 0 0
C@CP 3421 0.15664605 0.217797984 0.0296309444 0 0 0
C@CP 3422 0.208126348 0.00805851902 -0.0521000779 0 0 0
C@CP 3423 0.289123114 0.314691781 -0.134002804 0 0 0
C@CP 3424 0.193893441 0.0957023828 0.259784947 0 0 0
C@CP 3425 0.0538666016 0.183869926 0.248757322 0 0 0
C@CP 3426 0.0880779506 0.125138922 0.438367104 0 0 0
C@CP 3427 0.22746601 0.305121454 0.124655629 0 0 0
C@CP 3428 0.00180426913 -0.292735646 -0.0922911071 0 0 0
C@CP 3429 -0.197034801 -0.107212142 0.222681315 0 0 0
C@CP 3430 0.177688723 -0.254993823 0.293805556 0 0 0
C@CP 3431 -0.0184549578 -0.06183673 -0.462394067 0 0 0
C@CP 3432 0.097506464 -0.00775036406 0.316485498 0 0 0
C@CP 3433 -0.43451365 -0.122791455 -0.0736963982 0 0 0
C@CP 3434 0.279548989 -0.282491808 0.141254416 0 0 0
C@CP 3435 0.270527383 0.374485494 0.0618621904 0 0 0
C@CP 3436 0.0744131389 0.0462945065 -0.0706616835 0 0 0
C@CP 3437 0.159906382 0.347530749 0.113945527 0 0 0
C@CP 3438 -0.149174747 -0.21607891 0.107629934 0 0 0
C@CP 3439 0.041499286 -0.238724135 -0.408592597 0 0 0
C@CP 3440 0.0402073348 0.378900153 -0.173618284 0 0 0
C@CP 3441 -0.243405224 -0.0829490354 -0.322303456 0 0 0
C@CP 3442 0.256312396 -0.206332794 0.0283030401 0 0 0
C@CP 3443 -0.185880576 0.189003857 0.109019593 0 0 0
C@CP 3444 0.228546142 -0.181508504 0.0332261748 0 0 0
C@CP 3445 0.00446310721 0.277659666 -0.0721006978 0 0 0
C@CP 3446 0.339891707 0.00392337056 0.130120086 0 0 0
C@CP 3447 0.135045467 -0.41488964 0.0856830044 0 0 0
C@CP 3448 0.291262913 -0.0745995482 -0.35370069 0 0 0
C@CP 3449 -0.058878458 -0.0991815805 -0.339465763 0 0 0
C@CP 3450 0.371627537 -0.15461989 0.149986636 0 0 0
C@CP 3451 -0.143779582 -0.229792863 0.272744406 0 0 0
C@CP 3452 0.0264261262 0.41428265 0.0201906334 0 0 0
C@CP 3453 -0.167265962 0.0204720704 -0.240845327 0 0 0
C@CP 3454 -0.224415086 -0.232967847 -0.208568577 0 0 0
C@CP 3455 -0.08180457 -0.353174713 -0.252858826 0 0 0
C@CP 3456 0.00612751633 -0.131580861 0.143616318 0 0 0
C@CP 3457 -0.305484123 0.0572917703 -0.32235111 0 0 0
C@CP 3458 0.234424438 -0.360894221 -0.00183793112 0 0 0
C@CP 3459 0.0280555534 -0.310131973 -0.0920044793 0 0 0
C@CP 3460 0.319532696 0.070856828 -0.158085247 0 0 0
C@CP 3461 0.330437678 0.171184616 0.271782577 0 0 0
C@CP 3462 0.24513659 -0.159747563 -0.225187098 0 0 0
C@CP 3463 0.379994306 -0.098699534 0.138064359 0 0 0
C@CP 3464 -0.00354267458 0.0354240263 0.381366523 0 0 0
C@CP 3465 0.245434265 0.102968694 -0.212098871 0 0 0
C@CP 3466 -0.460545338 -0.00476456673 -0.0116946817 0 0 0
C@CP 3467 -0.0105350914 0.0396457537 0.110724487 0 0 0
C@CP 3468 -0.118965458 -0.100043365 0.095105186 0 0 0
C@CP 3469 -0.318690498 0.0236755817 -0.299759636 0 0 0
C@CP 3470 0.24744276 -0.334776365 -0.086490235 0 0 0
C@CP 3471 -0.362664828 -0.00835577488 -0.138398676 0 0 0
C@CP 3472 -0.192081105 -0.137267475 -0.325958538 0 0 0
C@CP 3473 0.0810537325 -0.186242534 0.372410605 0 0 0
C@CP 3474 0.00118993876 0.261147661 -0.152892609 0 0 0
C@CP 3475 0.0183844962 -0.330470502 -0.236440478 0 0 0
C@CP 3476 0.122472261 -0.280818476 -0.139111169 0 0 0
C@CP 3477 0.0687507605 0.0885355513 -0.0337477057 0 0 0
C@CP 3478 -0.278790057 -0.0213208089 0.0501023918 0 0 0
C@CP 3479 0.28448404 0.0943969214 0.0794183566 0 0 0
C@CP 3480 -0.0986652502 0.0811474757 -0.259364855 0 0 0
C@CP 3481 0.0426054813 -0.326638082 0.0955377832 0 0 0
C@CP 3482 -0.335124837 -0.0715922112 0.135023168 0 0 0
C@CP 3483 0.317113183 0.00209511222 0.0493019544 0 0 0
C@CP 3484 0.198970924 0.0452793422 0.283767761 0 0 0
C@CP 3485 0.0195746871 -0.351614299 0.0256733074 0 0 0
C@CP 3486 0.22084684 -0.395590158 -0.110807856 0 0 0
C@CP 3487 -0.0872102771 -0.24340028 0.0989447025 0 0 0
C@CP 3488 0.267867363 -0.113069521 0.140773942 0 0 0
C@CP 3489 0.00352039837 -0.120853131 0.375558147 0 0 0
C@CP 3490 -0.328458467 0.243135579 -0.100356636 0 0 0
C@CP 3491 0.0285471284 0.207087317 0.175359716 0 0 0
C@CP 3492 0.130909192 -0.148472404 0.117553873 0 0 0
C@CP 3493 0.150933578 -0.176348812 0.388863646 0 0 0
