B@CP 1006 -0.115046941 -0.354376539 -0.210242998 0 0 0
B@CP 1010 0.0972403936 -0.174946844 -0.147046137 0 0 0
B@CP 1012 0.181205416 0.179669835 0.0947460981 0 0 0
B@CP 1013 0.109267338 0.293324348 0.128634937 0 0 0
B@CP 1019 0.148666104 0.221503949 -0.321885637 0 0 0
B@CP 1025 -0.329073147 -0.171949149 0.0704163324 0 0 0
B@CP 1030 -0.371385029 -0.0739780699 -0.0626822587 0 0 0
B@CP 1037 -0.200981473 -0.245541865 -0.0876544778 0 0 0
B@CP 1044 0.026318894 -0.169655616 -0.0228285987 0 0 0
B@CP 1045 0.297417945 0.242554566 0.220145559 0 0 0
B@CP 1051 0.284759615 -0.107352702 0.0788224207 0 0 0
B@CP 1052 -0.317973738 0.242289963 -0.075147276 0 0 0
B@CP 1055 0.157058098 -0.135467513 -0.121806391 0 0 0
B@CP 1056 -0.197932416 0.333967934 0.0853327818 0 0 0
B@CP 1059 -0.317452017 -0.0723445776 -0.338048787 0 0 0
B@CP 1066 -0.348336213 0.0349992803 -0.299654301 0 0 0
B@CP 1070 0.106514036 0.145435239 -0.0342058956 0 0 0
B@CP 1071 0.251371019 -0.0689246595 -0.281795212 0 0 0
B@CP 1073 -0.0952446266 -0.184757661 0.280175264 0 0 0
B@CP 1074 -0.371027818 -0.176319272 0.183173711 0 0 0
B@CP 1088 -0.0919067699 0.236871741 0.0179701645 0 0 0
B@CP 1090 0.0879576216 0.225058532 0.150999548 0 0 0
B@CP 1091 -0.255561278 0.312383439 -0.197621148 0 0 0
B@CP 1093 0.067359971 -0.350518011 0.0296589999 0 0 0
B@CP 1095 0.0856907238 -0.19284001 0.281542208 0 0 0
B@CP 1098 0.0143819184 0.133954016 -0.17177844 0 0 0
B@CP 1100 -0.289304 -0.177448379 -0.192827015 0 0 0
B@CP 1103 -0.121611084 0.018242429 0.251680512 0 0 0
B@CP 1104 -0.16003245 -0.182388206 0.126496543 0 0 0
B@CP 1110 -0.360085321 0.0280061814 0.171201818 0 0 0
B@CP 1111 0.290235344 0.193746359 -0.0456911377 0 0 0
B@CP 1124 0.188756318 0.210907632 -0.0533070877 0 0 0
B@CP 1126 0.0737448395 0.268038312 -0.325325978 0 0 0
B@CP 1127 -0.360190874 0.167022866 0.202128086 0 0 0
B@CP 1130 -0.114081735 -0.0389981855 0.439615802 0 0 0
B@CP 1133 -0.140779966 -0.158261511 0.0448824841 0 0 0
B@CP 1135 0.115779394 -0.192652166 -0.408919031 0 0 0
B@CP 1141 0.106208843 0.11783435 -0.253741558 0 0 0
B@CP 1147 0.00666511282 -0.0747854539 0.0653053023 0 0 0
B@CP 1149 0.140606442 -0.0590816395 0.160140682 0 0 0
B@CP 1152 0.112106602 -0.264848792 0.351805227 0 0 0
B@CP 1153 0.285513833 -0.0928669692 -0.338085111 0 0 0
B@CP 1160 -0.201024082 0.108314843 -0.327844042 0 0 0
B@CP 1162 -0.0642242917 0.265810685 -0.0255548794 0 0 0
B@CP 1169 -0.258866928 -0.0943910781 -0.185999134 0 0 0
B@CP 1170 -0.1560399 0.00773850563 -0.0555967968 0 0 0
B@CP 1171 -0.291168739 0.0132289677 0.241964528 0 0 0
B@CP 1173 0.062977682 0.114266106 -0.156934483 0 0 0
B@CP 1175 -0.0660032291 0.00182561275 -0.3680162 0 0 0
B@CP 1177 -0.320958406 -0.191791387 0.256025104 0 0 0
B@CP 1181 0.0624004664 -0.134410754 -0.126827664 0 0 0
B@CP 1186 0.0924747973 0.401511057 -0.207065577 0 0 0
B@CP 1187 0.106857761 0.0396709229 -0.141020141 0 0 0
B@CP 1193 -0.433655662 0.0544626503 0.0635376394 0 0 0
B@CP 1200 -0.223346681 0.0740634596 -0.283806701 0 0 0
B@CP 1205 0.214561457 -0.20493258 0.110569997 0 0 0
B@CP 1206 0.312789285 0.0944982618 0.251952659 0 0 0
B@CP 1211 -0.115653682 -0.100821852 0.236802808 0 0 0
B@CP 1213 0.451345628 0.0118085418 0.0897191594 0 0 0
B@CP 1222 0.209755665 -0.19550602 -0.0616215633 0 0 0
B@CP 1224 0.265108776 0.0583679313 -0.32299186 0 0 0
B@CP 1227 0.1743322 -0.391571346 -0.161179456 0 0 0
B@CP 1231 0.0873103239 0.448009757 0.0795532364 0 0 0
B@CP 1235 0.381941956 0.231594401 -0.0317927253 0 0 0
B@CP 1240 -0.01684978 0.0273290741 0.377092017 0 0 0
B@CP 1243 -0.000512070223 -0.301352162 0.213570301 0 0 0
B@CP 1248 -0.160144216 0.15871889 0.147928339 0 0 0
B@CP 1250 -0.253046894 -0.17459644 -0.280360433 0 0 0
B@CP 1251 0.0425595713 0.0178473957 -0.33646944 0 0 0
B@CP 1255 -0.271193709 0.0333538063 0.318396997 0 0 0
B@CP 1256 -0.00448344218 0.234346446 0.0209629102 0 0 0
B@CP 1258 -0.237665666 -0.134049164 -0.288626726 0 0 0
B@CP 1261 -0.215122261 0.118690381 0.343774642 0 0 0
B@CP 1265 -0.0395214914 0.0154263502 0.232934953 0 0 0
B@CP 1269 0.194994142 -0.1801324 -0.131565446 0 0 0
B@CP 1274 -0.0438565075 -0.0153750791 -0.16713033 0 0 0
B@CP 1275 -0.257269764 -0.0260310781 -0.0169123429 0 0 0
B@CP 1277 -0.276428865 0.145704415 -0.1571187 0 0 0
B@CP 1278 0.230716608 -0.184239174 0.0599288881 0 0 0
B@CP 1283 0.0109459764 -0.03499531 0.154734294 0 0 0
B@CP 1287 0.331680003 -0.210940302 -0.0610777571 0 0 0
B@CP 1291 0.302097559 -0.0619820601 0.159803218 0 0 0
B@CP 1293 -0.185915798 -0.124674662 -0.109844355 0 0 0
B@CP 1297 0.399371905 0.0768930997 0.178249589 0 0 0
B@CP 1298 0.356756286 0.232797982 -0.161850472 0 0 0
B@CP 1299 -0.0314518668 -0.390251226 -0.0250774517 0 0 0
B@CP 1304 -0.0606483175 0.103228203 -0.417285267 0 0 0
B@CP 1305 -0.103719701 0.174432279 -0.022643052 0 0 0
B@CP 1311 -0.348651517 0.270790756 0.0811518678 0 0 0
B@CP 1322 0.107466162 -0.299100387 0.0544820962 0 0 0
B@CP 1324 0.00663020044 -0.192028542 -0.155752853 0 0 0
B@CP 1328 0.276350907 -0.0248595488 -0.352908257 0 0 0
B@CP 1333 0.168640876 0.018249091 0.106023869 0 0 0
B@CP 1339 0.104920983 0.282393156 0.06194034 0 0 0
B@CP 1342 0.237269938 -0.0802604337 0.354765841 0 0 0
B@CP 1343 0.147689228 -0.168184083 -0.0124767001 0 0 0
B@CP 1344 -0.0697891669 0.00638388405 0.290630796 0 0 0
B@CP 1351 -0.173194855 -0.133757763 -0.00545771162 0 0 0
B@CP 1357 -0.0347655373 -0.239009882 0.145016286 0 0 0
B@CP 1359 -0.0190167998 -0.398726012 -0.146252198 0 0 0
B@CP 1361 -0.270768556 -0.0947160669 -0.0904335104 0 0 0
B@CP 1363 -0.0684570912 -0.105069378 -0.345371835 0 0 0
B@CP 1365 0.206162384 -0.0286803024 -0.165948081 0 0 0
B@CP 1368 -0.0481903037 -0.221511113 0.09978601 0 0 0
B@CP 1369 -0.24087006 -0.281056216 0.0963895113 0 0 0
B@CP 1376 -0.208989187 0.143095463 0.26991302 0 0 0
B@CP 1377 0.440599384 -0.0562121502 0.0735537264 0 0 0
B@CP 1379 -0.0242786318 0.148569669 0.087767233 0 0 0
B@CP 1383 0.142612509 0.21076687 0.187171619 0 0 0
B@CP 1385 -0.355922505 -0.177455605 0.243748741 0 0 0
B@CP 1389 -0.421024023 0.00717283383 -0.180142736 0 0 0
B@CP 1392 0.327572884 0.279169938 0.12131263 0 0 0
B@CP 1397 -0.0871808549 0.204025521 -0.390282246 0 0 0
B@CP 1398 -0.106728188 0.176851342 -0.32875502 0 0 0
B@CP 1400 -0.000400238695 0.14962502 0.254674968 0 0 0
B@CP 1401 -0.0980824591 -0.146896501 0.0367526279 0 0 0
B@CP 1408 0.0786917194 0.37524918 -0.0385992217 0 0 0
B@CP 1410 -0.00786640021 0.0900462494 -0.0591225395 0 0 0
B@CP 1416 -0.290448414 -0.313771758 0.117446395 0 0 0
B@CP 1419 0.0059016152 -0.0811836101 0.12717034 0 0 0
B@CP 1420 -0.264607541 0.0974791296 0.137206494 0 0 0
B@CP 1435 0.412304589 0.0162927086 0.129056896 0 0 0
B@CP 1449 0.334239871 0.132540761 -0.230524451 0 0 0
B@CP 1450 0.349632338 -0.0584941279 0.134911937 0 0 0
B@CP 1451 -0.114498427 -0.376304945 0.00851757833 0 0 0
B@CP 1455 -0.183840332 0.0721734182 0.170398831 0 0 0
B@CP 1458 -0.0602166063 0.414928597 -0.02896375 0 0 0
B@CP 1461 -0.25916611 0.217123115 -0.0115448747 0 0 0
B@CP 1467 0.381514286 0.0979025147 -0.0606860452 0 0 0
B@CP 1470 0.394420211 -0.0576678901 0.0524077263 0 0 0
B@CP 1471 0.14272946 -0.340282974 -0.161348698 0 0 0
B@CP 1472 0.234031038 -0.18866476 0.161349401 0 0 0
B@CP 1482 0.405281488 0.17050874 0.128042217 0 0 0
B@CP 1484 0.117713043 0.429328562 0.00704680374 0 0 0
B@CP 1485 0.312851595 -0.0547781715 0.188652281 0 0 0
B@CP 1486 0.0221017807 -0.194260918 -0.30379525 0 0 0
B@CP 1495 0.161697791 0.0848223696 -0.0927149452 0 0 0
B@CP 1497 0.246287177 0.257133399 -0.131018331 0 0 0
B@CP 1505 0.175840505 -0.110992142 -0.392147046 0 0 0
B@CP 1506 0.322821324 -0.0625932057 0.313735067 0 0 0
B@CP 1508 0.261497957 0.141176504 -0.0239923986 0 0 0
B@CP 1509 0.331035182 -0.0183654079 -0.177325951 0 0 0
B@CP 1513 -0.310826062 0.0682162654 -0.163378998 0 0 0
B@CP 1514 -0.1025584 -0.0246443708 -0.180231612 0 0 0
B@CP 1515 -0.0555203217 -0.0230068456 -0.255556073 0 0 0
B@CP 1519 -0.3469891 -0.0158968342 -0.126937577 0 0 0
B@CP 1528 0.193395795 0.0996513033 -0.291490548 0 0 0
B@CP 1535 0.0943416212 -0.0361586389 -0.280797021 0 0 0
B@CP 1539 0.196796303 0.21803104 0.1942098 0 0 0
B@CP 1543 -0.0954256567 -0.0841532757 0.104179547 0 0 0
B@CP 1544 0.222700962 0.372886938 0.12153009 0 0 0
B@CP 1547 0.205382903 0.0723358464 -0.0409054938 0 0 0
B@CP 1551 0.312013395 0.197326712 -0.00689801426 0 0 0
B@CP 1557 -0.178249311 -0.36263565 0.192824614 0 0 0
B@CP 1558 -0.211189704 -0.139641911 0.0974662707 0 0 0
B@CP 1559 -0.0342765926 0.0830321711 0.297464356 0 0 0
B@CP 1560 -0.0567309669 -0.156736389 -0.284473091 0 0 0
B@CP 1565 0.113427791 -0.240513981 0.193352081 0 0 0
B@CP 1567 -0.440989965 0.0763900312 0.108875909 0 0 0
B@CP 1569 0.0982070347 0.199885164 -0.100533508 0 0 0
B@CP 1570 0.290460403 -0.128814556 0.107503332 0 0 0
B@CP 1578 0.276029465 0.093562424 -0.0639056502 0 0 0
B@CP 1581 0.312941109 0.000498125414 -0.215610245 0 0 0
B@CP 1582 0.246310029 0.00913101774 0.326963114 0 0 0
B@CP 1583 0.115750209 -0.107159333 0.124561829 0 0 0
B@CP 1588 0.196127268 0.196351308 0.336537477 0 0 0
B@CP 1590 0.263733496 0.280295327 -0.0209277274 0 0 0
B@CP 1595 0.17651513 0.144897064 -0.344155042 0 0 0
B@CP 1605 0.091669682 -0.347828126 0.024731915 0 0 0
B@CP 1607 -0.0409505604 -0.265864472 -0.131035351 0 0 0
B@CP 1610 -0.0863350312 0.225327525 -0.083953198 0 0 0
B@CP 1611 0.308537914 0.332472247 -0.101472893 0 0 0
B@CP 1612 0.0296937537 0.122590478 -0.31048818 0 0 0
B@CP 1613 -0.300408005 -0.103273942 0.078059317 0 0 0
B@CP 1622 0.134374467 0.026917879 -0.0366690846 0 0 0
B@CP 1623 -0.280628564 -0.174072589 0.0991605076 0 0 0
B@CP 1624 -0.0667483896 0.0600035247 -0.0542548645 0 0 0
B@CP 1629 -0.328994672 -0.257576693 -0.154146898 0 0 0
B@CP 1630 0.324042671 0.056300333 -0.0288118237 0 0 0
B@CP 1636 0.20097239 0.152029539 -0.108641532 0 0 0
B@CP 1637 0.170561069 -0.263688354 0.341418383 0 0 0
B@CP 1639 0.034948962 0.425710741 -0.154617387 0 0 0
B@CP 1640 0.24504841 -0.257607363 0.0753235594 0 0 0
B@CP 1641 0.314863336 0.182018626 0.18751845 0 0 0
B@CP 1643 -0.446707243 -0.0766920534 0.108341661 0 0 0
B@CP 1644 -0.0464466569 0.332742729 0.247627394 0 0 0
B@CP 1646 -0.216597713 -0.310292323 0.182493094 0 0 0
B@CP 1649 0.313098209 -0.0282553097 0.0433569624 0 0 0
B@CP 1653 -0.115370821 0.0751730807 -0.198386603 0 0 0
B@CP 1656 0.230875098 0.15087805 0.240355396 0 0 0
B@CP 1660 0.280011352 -0.223610331 -0.232099172 0 0 0
B@CP 1661 0.196946024 -0.105873914 0.259283448 0 0 0
B@CP 1669 0.274427502 0.10614588 0.165563649 0 0 0
B@CP 1670 0.116375604 -0.0394089004 -0.237778779 0 0 0
B@CP 1686 0.0134389608 0.063323399 0.451124307 0 0 0
B@CP 1691 0.0012094248 -0.0869008523 -0.040337551 0 0 0
B@CP 1693 0.260217469 -0.266176982 -0.0461127949 0 0 0
B@CP 1695 -0.355957234 -0.0023765291 -0.128990895 0 0 0
B@CP 1699 0.179641125 -0.0174513168 -0.346390629 0 0 0
B@CP 1701 0.271944943 -0.298986058 0.112729355 0 0 0
B@CP 1704 -0.213077835 -0.304978148 -0.271234117 0 0 0
B@CP 1706 0.051414778 0.395964901 -0.043488576 0 0 0
B@CP 1711 0.0957544678 0.29957928 -0.160965603 0 0 0
B@CP 1718 -0.136473292 -0.0221504059 0.284208817 0 0 0
B@CP 1720 0.215054837 -0.0932725505 0.130705371 0 0 0
B@CP 1722 -0.394969191 0.0985486819 0.0120397597 0 0 0
B@CP 1726 0.164001671 0.128905461 -0.100591413 0 0 0
B@CP 1730 0.0374334793 0.0264026462 0.046939302 0 0 0
B@CP 1736 0.000987289922 0.00339664241 0.164416619 0 0 0
B@CP 1740 -0.0632430279 0.300645048 -0.0515185069 0 0 0
B@CP 1742 -0.219116553 -0.133254727 -0.0832745565 0 0 0
B@CP 1748 0.313816277 0.0344177823 -0.20907444 0 0 0
B@CP 1753 -0.278880625 -0.157523057 0.0876861177 0 0 0
B@CP 1762 -0.0938567197 0.21191007 0.231951211 0 0 0
B@CP 1763 -0.186157962 -0.138298211 -0.138760478 0 0 0
B@CP 1765 0.28105235 0.178799855 0.311243179 0 0 0
B@CP 1766 0.218170668 0.178414739 0.340278453 0 0 0
B@CP 1768 0.139792339 0.19931825 -0.0237274645 0 0 0
B@CP 1769 0.00242999118 0.194290193 -0.0542152369 0 0 0
B@CP 1770 0.407277012 0.227132257 0.0652542257 0 0 0
B@CP 1774 0.241047258 0.298911999 0.00915873754 0 0 0
B@CP 1775 0.231756178 -0.184632469 -0.282369479 0 0 0
B@CP 1781 0.0344917802 -0.368350129 -0.0190098088 0 0 0
B@CP 1786 -0.164579917 0.0886788072 0.395634066 0 0 0
B@CP 1787 -0.102877098 -0.0905789521 -0.395704245 0 0 0
B@CP 1790 -0.279720308 -0.157202916 -0.0626165215 0 0 0
B@CP 1792 -0.208226986 -0.0823683734 0.0331102782 0 0 0
B@CP 1795 0.120976196 -0.415825946 -0.0315318473 0 0 0
B@CP 1796 0.27567961 -0.110611472 -0.307813442 0 0 0
B@CP 1804 0.271971361 -0.35554225 0.101016857 0 0 0
B@CP 1810 -0.00109968013 0.181906338 -0.319447933 0 0 0
B@CP 1817 -0.149459758 0.155961258 0.212942937 0 0 0
B@CP 1818 0.103480236 0.339484016 -0.00808655222 0 0 0
B@CP 1826 0.125497715 0.198190843 0.0544369322 0 0 0
B@CP 1829 -0.108855919 0.0199311973 -0.0825109916 0 0 0
B@CP 1830 0.268867183 -0.286432365 -0.0794093308 0 0 0
B@CP 1834 -0.233403008 0.237725882 0.0498965607 0 0 0
B@CP 1837 0.076306937 0.190145615 0.241308353 0 0 0
B@CP 1839 0.271626286 -0.206995636 0.172005702 0 0 0
B@CP 1842 -0.0619882645 -0.413197375 -0.035213296 0 0 0
B@CP 1844 -0.152834151 0.147711302 0.0212303479 0 0 0
B@CP 1845 0.252747985 0.00418809569 -0.0604543193 0 0 0
B@CP 1846 -0.247664908 -0.299914188 0.142375933 0 0 0
B@CP 1850 -0.191169937 -0.0398522947 -0.193159309 0 0 0
B@CP 1851 -0.217427393 0.0560683865 -0.0960769854 0 0 0
B@CP 1852 0.0900717609 -0.0864615978 -0.429336565 0 0 0
B@CP 1856 0.00773750348 0.476967564 0.0124233525 0 0 0
B@CP 1857 0.126800558 -0.124338498 -0.243683293 0 0 0
B@CP 1858 -0.0608065087 0.312262289 0.340125661 0 0 0
B@CP 1862 7.29256325e-05 0.252323183 -0.17419907 0 0 0
B@CP 1863 -0.147237536 -0.290076935 -0.172391099 0 0 0
B@CP 1868 0.207191357 -0.183706122 -0.329823411 0 0 0
B@CP 1874 -0.202694389 0.162201901 -0.182287632 0 0 0
B@CP 1879 -0.164729917 -0.168104463 0.363282635 0 0 0
B@CP 1880 0.0324999246 0.153308659 0.0571751417 0 0 0
B@CP 1881 0.311337728 -0.280485715 -0.16708471 0 0 0
B@CP 1885 -0.0444357304 0.276908314 0.271909504 0 0 0
B@CP 1892 -0.151030696 0.0988950765 -0.147635922 0 0 0
B@CP 1893 -0.219381872 0.0978468243 -0.316696787 0 0 0
B@CP 1895 0.122423724 0.352239834 -0.230853267 0 0 0
B@CP 1897 -0.0283730179 -0.241225888 0.252211376 0 0 0
B@CP 1900 0.165786583 0.164735758 -0.123694391 0 0 0
B@CP 1909 -0.106603972 0.151286992 0.108548826 0 0 0
B@CP 1912 -0.00702881973 0.0105133202 -0.0221949165 0 0 0
B@CP 1914 0.191598317 -0.0954406849 -0.204650237 0 0 0
B@CP 1917 0.207039496 -0.151834592 -0.127878237 0 0 0
B@CP 1928 -0.163931599 0.293595153 -0.226360346 0 0 0
B@CP 1930 -0.194287381 -0.379462484 0.215875352 0 0 0
B@CP 1931 -0.266395029 -0.18407669 -0.14595905 0 0 0
B@CP 1934 -0.0128893775 0.090154799 0.3546892 0 0 0
B@CP 1936 -0.225210469 0.0908635271 -0.0473598194 0 0 0
B@CP 1939 0.260455579 0.144929894 -0.261130952 0 0 0
B@CP 1945 -0.0545633233 0.114758899 0.260586999 0 0 0
B@CP 1949 0.376465378 -0.029372028 0.250922029 0 0 0
B@CP 1950 0.10150403 0.247104757 0.303035659 0 0 0
B@CP 1959 -0.166358847 0.0670423554 -0.177603617 0 0 0
B@CP 1962 -0.402885647 -0.225232847 -0.0661052398 0 0 0
B@CP 1969 0.215942936 -0.0433579394 0.0161784577 0 0 0
B@CP 1979 -0.125659159 -0.330755978 0.0439288851 0 0 0
B@CP 1984 -0.0194679149 0.258021521 -0.175434823 0 0 0
B@CP 1985 -0.121950413 0.0749029212 -0.24939941 0 0 0
B@CP 1986 -0.0608509835 0.0674280714 -0.323974098 0 0 0
B@CP 1987 0.33354945 -0.222910371 -0.210970733 0 0 0
B@CP 1990 -0.23974875 0.0935116715 0.00580503571 0 0 0
B@CP 1993 -0.351125592 -0.0157562831 0.197435704 0 0 0
B@CP 1995 -0.325418761 -0.0869920004 -0.207320484 0 0 0
B@CP 1997 -0.00735099191 -0.227306749 -0.374973943 0 0 0
B@CP 2005 -0.158630179 0.393970589 -0.178074253 0 0 0
B@CP 2008 0.233529447 -0.342993163 -0.180747633 0 0 0
B@CP 2009 -0.114802183 0.0735249276 0.139331461 0 0 0
B@CP 2011 -0.0172388171 -0.0102469171 -0.449934282 0 0 0
B@CP 2015 -0.28761257 0.00820815581 -0.302721322 0 0 0
B@CP 2019 -0.00350408493 0.351550195 -0.257243109 0 0 0
B@CP 2020 0.143931418 0.0192912132 0.0989872553 0 0 0
B@CP 2022 0.400028152 0.135778567 0.00885897826 0 0 0
B@CP 2023 0.206113724 0.0940792709 -0.00179875638 0 0 0
B@CP 2031 -0.0484467138 0.183654423 0.0449757184 0 0 0
B@CP 2034 -0.191990261 0.00272180759 0.1940852 0 0 0
B@CP 2036 0.313936248 0.298747726 -0.0328911788 0 0 0
B@CP 2038 0.251392258 -0.261296248 -0.195540191 0 0 0
B@CP 2043 0.205747758 0.00547966996 -0.123233716 0 0 0
B@CP 2048 0.0641153738 -0.0645339612 -0.107455515 0 0 0
B@CP 2049 0.109956826 0.286344285 0.123513684 0 0 0
B@CP 2051 0.274954079 0.0132579094 -0.149092539 0 0 0
B@CP 2052 0.292141551 0.217519417 -0.0320815563 0 0 0
B@CP 2053 -0.247319868 0.281832429 -0.257341757 0 0 0
B@CP 2056 -0.418988339 -0.17133766 0.0430119635 0 0 0
B@CP 2058 -0.0287159792 0.252595675 0.275795703 0 0 0
B@CP 2060 0.148790455 -0.419082574 -0.0833562402 0 0 0
B@CP 2062 0.0167228602 0.194812404 -0.310754757 0 0 0
B@CP 2063 -0.332344085 -0.260300986 -0.0621894623 0 0 0
B@CP 2067 -0.0778050546 0.193805554 -0.350205705 0 0 0
B@CP 2080 0.181753336 0.188141534 0.20715092 0 0 0
B@CP 2081 0.180774094 0.166562459 -0.246222709 0 0 0
B@CP 2082 -0.0845670994 -0.261068967 0.0833523864 0 0 0
B@CP 2083 -0.2427188 0.262377425 0.12035968 0 0 0
B@CP 2085 -0.0217011847 0.0170512778 -0.215293151 0 0 0
B@CP 2087 0.376127911 0.0677469162 0.0751198755 0 0 0
B@CP 2088 -0.143467263 -0.0990511604 -0.433187381 0 0 0
B@CP 2091 0.0549771372 0.29652778 0.314043877 0 0 0
B@CP 2094 -0.194593714 -0.134120666 -0.0158333281 0 0 0
B@CP 2104 0.0851068181 0.0302443243 -0.290117602 0 0 0
B@CP 2115 0.209520933 0.382856001 -0.0505890691 0 0 0
B@CP 2118 -0.100286699 0.187000508 -0.371023718 0 0 0
B@CP 2122 -0.186586782 0.250038602 -0.182278492 0 0 0
B@CP 2123 0.0664434404 0.384937059 -0.0319101096 0 0 0
B@CP 2124 0.0384470724 0.184661046 -0.352009486 0 0 0
B@CP 2126 0.17357183 0.111944357 -0.239882448 0 0 0
B@CP 2127 -0.239549595 -0.173504339 0.206672658 0 0 0
B@CP 2129 -0.0325914594 -0.259767621 -0.195625574 0 0 0
B@CP 2137 -0.0589279906 -0.432934927 0.0264074743 0 0 0
B@CP 2142 0.288306256 0.103164257 -0.349780304 0 0 0
B@CP 2145 0.243782452 0.219325623 -0.0755317833 0 0 0
B@CP 2146 -0.236029034 0.332702833 -0.214241503 0 0 0
B@CP 2149 -0.0159820612 0.375007543 0.0534436552 0 0 0
B@CP 2154 0.0212063566 0.200614839 -0.287700133 0 0 0
B@CP 2159 0.191966936 0.157201401 -0.299710941 0 0 0
B@CP 2160 -0.0235028701 0.21831292 -0.278420184 0 0 0
B@CP 2163 0.283229716 0.0165541705 -0.368155376 0 0 0
B@CP 2165 -0.0053452397 0.131009841 -0.111749619 0 0 0
B@CP 2167 0.063191573 0.15566009 -0.36425284 0 0 0
B@CP 2171 0.211724972 0.241211839 -0.0828581959 0 0 0
B@CP 2176 -0.224282757 -0.358387992 0.0784629668 0 0 0
B@CP 2177 0.110489089 -0.16865333 -0.161481106 0 0 0
B@CP 2178 -0.15014044 -0.272586974 0.167132777 0 0 0
B@CP 2184 0.215928769 -0.066327487 -0.0541840155 0 0 0
B@CP 2188 -0.35004761 -0.21976788 -0.154086911 0 0 0
B@CP 2192 -0.37595138 0.0263316584 -0.0311297026 0 0 0
B@CP 2196 0.231145981 0.0134106962 -0.185785806 0 0 0
B@CP 2197 0.142880589 -0.0646127024 -0.122859358 0 0 0
B@CP 2202 0.0111572771 0.2587547 0.169108911 0 0 0
B@CP 2208 -0.213432814 -0.0538132097 0.0899725594 0 0 0
B@CP 2213 -0.0640128846 -0.127426418 -0.388178126 0 0 0
B@CP 2223 0.0986182095 -0.0876508991 0.444191151 0 0 0
B@CP 2224 0.303591625 -0.0661241424 -0.251763687 0 0 0
B@CP 2225 0.277925547 -0.0328201402 -0.216302262 0 0 0
B@CP 2226 0.136044319 0.364947832 0.149088937 0 0 0
B@CP 2227 -0.306085045 -0.123454007 0.270481138 0 0 0
B@CP 2228 0.185576948 0.414949305 -0.0883053824 0 0 0
B@CP 2229 0.0056560701 -0.0135090316 -0.329813144 0 0 0
B@CP 2230 -0.0225848104 0.00954519195 -0.32620989 0 0 0
B@CP 2231 -0.104577972 -0.0416725895 -0.404007573 0 0 0
B@CP 2232 0.10386043 0.344944465 -0.0620790438 0 0 0
B@CP 2241 0.142690394 -0.0977180644 -0.19479041 0 0 0
B@CP 2247 0.209764812 -0.101573497 -0.26025008 0 0 0
B@CP 2250 -0.0665742641 -0.322022903 -0.282422392 0 0 0
B@CP 2251 -0.155071361 -0.389123771 -0.218727089 0 0 0
B@CP 2254 0.0429434668 -0.226542972 0.413296797 0 0 0
B@CP 2255 0.00823034571 -0.32576693 -0.00785865139 0 0 0
B@CP 2256 0.267756317 -0.174190784 0.132002791 0 0 0
B@CP 2257 0.0384612712 -0.128082072 -0.0813082501 0 0 0
B@CP 2258 -0.0363434963 0.282020315 -0.234800345 0 0 0
B@CP 2259 0.120273709 0.352497988 0.106764928 0 0 0
B@CP 2271 -0.181746177 0.349246653 0.219736306 0 0 0
B@CP 2272 -0.16887262 0.164785555 0.0936903861 0 0 0
B@CP 2275 -0.232319351 -0.245195069 0.220857506 0 0 0
B@CP 2276 -0.0870915059 0.0369577931 -0.182322303 0 0 0
B@CP 2278 -0.0216345876 0.138066066 -0.387375141 0 0 0
B@CP 2282 0.0612383506 -0.252014288 -0.236191215 0 0 0
B@CP 2292 0.0319225934 -0.0763428263 0.392926204 0 0 0
B@CP 2295 0.10807962 -0.00669866135 0.196380423 0 0 0
B@CP 2296 -0.248738721 0.0972744389 0.0539747121 0 0 0
B@CP 2303 -0.0166043735 -0.357687915 -0.154922342 0 0 0
B@CP 2306 -0.0438303344 -0.320434877 -0.20653613 0 0 0
B@CP 2307 0.269881884 -0.111479158 -0.365955322 0 0 0
B@CP 2308 0.395886928 0.0254536115 0.0330129142 0 0 0
B@CP 2309 0.329498305 -0.116816971 -0.240952203 0 0 0
B@CP 2313 -0.194478373 0.130609047 -0.0140875111 0 0 0
B@CP 2314 0.181503906 0.178620167 -0.29999156 0 0 0
B@CP 2317 -0.0750664032 -0.15040039 -0.401935984 0 0 0
B@CP 2318 0.0854697806 0.329184246 0.194044478 0 0 0
B@CP 2320 -0.360951862 -0.164909185 0.172144352 0 0 0
B@CP 2321 0.0840415128 0.363442392 0.0391404392 0 0 0
B@CP 2326 0.278045949 0.228754432 0.256331312 0 0 0
B@CP 2333 -0.271080292 0.226855172 -0.300845549 0 0 0
B@CP 2335 0.373905216 0.164634508 0.0971497342 0 0 0
B@CP 2336 0.347789055 0.200527503 -0.126688528 0 0 0
B@CP 2340 0.265926691 0.0212741731 -0.209383134 0 0 0
B@CP 2346 -0.295779248 0.0187414101 0.155071352 0 0 0
B@CP 2347 -0.209018752 0.148427456 -0.105511061 0 0 0
B@CP 2350 0.270897575 -0.109424547 0.0718648523 0 0 0
B@CP 2351 0.429186607 0.0959447905 0.155964314 0 0 0
B@CP 2352 0.0832835948 -0.320995697 0.209890477 0 0 0
B@CP 2353 -0.283406179 -0.197674936 0.187749439 0 0 0
B@CP 2357 -0.368265191 0.236091772 -0.168361848 0 0 0
B@CP 2360 -0.18778288 0.0946469144 -0.379630305 0 0 0
B@CP 2361 -0.0109711731 0.479257129 0.00929946543 0 0 0
B@CP 2362 0.174164995 -0.263286109 0.130162807 0 0 0
B@CP 2365 0.205684637 -0.221899273 0.290836359 0 0 0
B@CP 2366 -0.00653437703 0.333117015 -0.0485798088 0 0 0
B@CP 2371 0.204207273 -0.13490148 0.208125366 0 0 0
B@CP 2374 -0.00915634178 -0.0146701688 -0.335642635 0 0 0
B@CP 2375 -0.077889455 0.144953215 0.0507178992 0 0 0
B@CP 2376 0.3006466 0.0764592503 0.351874669 0 0 0
B@CP 2384 0.211326016 0.133115238 0.0900671835 0 0 0
B@CP 2388 -0.318674836 -0.299439947 -0.0775902342 0 0 0
B@CP 2390 0.18726104 -0.133649007 -0.286044522 0 0 0
B@CP 2392 0.234393304 0.134927779 0.0984350728 0 0 0
B@CP 2395 -0.165908951 0.434706328 -0.0436917941 0 0 0
B@CP 2396 0.056300446 -0.141243474 0.00114480393 0 0 0
B@CP 2399 0.172430301 -0.118354479 0.351440752 0 0 0
B@CP 2400 0.149651675 0.0882208873 -0.0685142422 0 0 0
B@CP 2401 0.191522832 -0.00653125219 -0.000272997164 0 0 0
B@CP 2402 -0.356039548 0.119019241 -0.050046195 0 0 0
B@CP 2403 -0.107449945 -0.248501765 -0.00204367779 0 0 0
B@CP 2406 -0.115698955 0.0613475597 -0.060718695 0 0 0
B@CP 2411 -0.101714209 -0.404771512 0.137498212 0 0 0
B@CP 2418 0.386816414 -0.0146449918 0.0923115376 0 0 0
B@CP 2419 -0.375606999 0.123175748 0.0263649524 0 0 0
B@CP 2424 0.0714610753 0.135431439 -0.338671058 0 0 0
B@CP 2425 0.0373468312 -0.359557563 -0.0855223044 0 0 0
B@CP 2431 0.237895315 0.143109606 0.336850165 0 0 0
B@CP 2433 0.447216491 -0.0617698846 0.0153947075 0 0 0
B@CP 2435 0.151141837 0.336147463 0.0698795224 0 0 0
B@CP 2441 0.112164334 0.111687311 0.0449849694 0 0 0
B@CP 2442 0.0556650596 0.287099879 0.0527430391 0 0 0
B@CP 2443 -0.0848861548 0.400771382 -0.243325721 0 0 0
B@CP 2444 -0.212559282 0.0653755381 0.217772651 0 0 0
B@CP 2448 -0.00941695534 -0.0310350141 -0.0987500626 0 0 0
B@CP 2450 -0.129901378 0.0150389838 -0.0596425674 0 0 0
B@CP 2452 -0.18596873 0.100582801 -0.11141327 0 0 0
B@CP 2456 -0.037202123 -0.101330678 -0.0535826582 0 0 0
B@CP 2457 0.0677142436 0.0699039014 -0.263798803 0 0 0
B@CP 2458 0.172159005 -0.380773056 0.150109098 0 0 0
B@CP 2460 -0.196168096 -0.118074928 0.391088218 0 0 0
B@CP 2463 0.316240903 0.211691272 0.120110681 0 0 0
B@CP 2466 -0.106527437 -0.0540979511 0.266357427 0 0 0
B@CP 2467 -0.30818217 0.30835705 -0.128519418 0 0 0
B@CP 2469 -0.350160269 -0.190117817 -0.18627843 0 0 0
B@CP 2471 0.110421659 0.131123041 0.318173672 0 0 0
B@CP 2473 0.285194189 -0.0820633711 0.124650279 0 0 0
B@CP 2474 -0.226512793 0.160149245 -0.365251456 0 0 0
B@CP 2476 -0.109549513 -0.357179207 0.178655054 0 0 0
B@CP 2479 0.000714740975 -0.153772337 0.00832042855 0 0 0
B@CP 2482 -0.295685703 -0.128447294 -0.0268567538 0 0 0
B@CP 2485 -0.106776892 -0.294462733 -0.092531624 0 0 0
B@CP 2491 -0.039625459 -0.226344427 0.350677524 0 0 0
B@CP 2494 -0.246619288 -0.199320632 -0.27535821 0 0 0
B@CP 2497 0.159215577 0.149535285 -0.0381616465 0 0 0
B@CP 2499 -0.207459743 -0.31603293 -0.0416060783 0 0 0
C@CP 2500 0.21677378 0.255791147 -0.28985352 0 0 0
C@CP 2501 -0.141416995 0.172779644 0.149958808 0 0 0
C@CP 2502 0.0459069741 -0.412881197 -0.0288580313 0 0 0
C@CP 2503 -0.359768661 0.217134132 0.0191462462 0 0 0
C@CP 2504 0.299819385 0.215260678 -0.231923677 0 0 0
C@CP 2505 -0.251736032 0.0678805667 -0.158566229 0 0 0
C@CP 2506 -0.364562519 -0.00985891911 0.232111143 0 0 0
C@CP 2507 -0.279147547 0.00413937678 -0.361676025 0 0 0
C@CP 2508 -0.302312595 -0.0724101819 0.0175225064 0 0 0
C@CP 2509 -0.300488694 -0.22044787 -0.224140377 0 0 0
C@CP 2510 0.114355352 -0.226008467 0.378386634 0 0 0
C@CP 2511 0.0199370185 0.257445335 0.180223378 0 0 0
C@CP 2512 -0.0749284792 0.124347583 -0.422752402 0 0 0
C@CP 2513 0.178655678 0.0497948498 -0.416955927 0 0 0
C@CP 2514 0.211827818 0.382077969 0.0361022807 0 0 0
C@CP 2515 -0.279282589 0.181943874 -0.308290894 0 0 0
C@CP 2518 -0.0216257925 0.397456673 0.0409536114 0 0 0
C@CP 2519 0.256531662 0.0232954338 0.34960261 0 0 0
C@CP 2520 0.223813123 0.126626758 -0.0491427028 0 0 0
C@CP 2521 -0.395121465 0.242906379 0.0568550643 0 0 0
C@CP 2522 -0.160467931 0.361885748 -0.101071731 0 0 0
C@CP 2523 -0.20675727 0.224512715 -0.291713904 0 0 0
C@CP 2525 0.0324583284 0.314970997 0.133076001 0 0 0
C@CP 2526 0.324810127 0.153931094 0.221998395 0 0 0
C@CP 2527 0.38110428 0.118282454 -0.220405909 0 0 0
C@CP 2528 -0.0984458382 0.302080419 -0.0871450963 0 0 0
C@CP 2529 -0.132952632 0.0934641035 -0.439990511 0 0 0
C@CP 2530 0.0778402251 0.251149067 0.32180375 0 0 0
C@CP 2531 -0.0522385805 -0.290143929 -0.359983628 0 0 0
C@CP 2532 -0.152241071 0.0765345109 -0.399170404 0 0 0
C@CP 2533 0.105637136 -0.0600597428 -0.0947411468 0 0 0
C@CP 2534 -0.345181783 0.0508634331 0.237077485 0 0 0
C@CP 2535 0.217436016 0.0929818385 -0.084433294 0 0 0
C@CP 2536 0.00799339294 0.151295548 0.0551328491 0 0 0
C@CP 2537 -0.371007505 0.159377769 -0.110489911 0 0 0
C@CP 2538 -0.0377333842 -0.0379106643 0.348954044 0 0 0
C@CP 2539 0.384359829 -0.0429953812 -0.120991643 0 0 0
C@CP 2540 0.388056498 0.00677860078 0.264940502 0 0 0
C@CP 2541 0.284646016 -0.0200074961 -0.236668706 0 0 0
C@CP 2542 -0.401634739 -0.138987879 0.107912957 0 0 0
C@CP 2544 0.112257518 -0.210986996 -0.182774118 0 0 0
C@CP 2545 0.388937743 0.0928136282 0.100645202 0 0 0
C@CP 2546 -0.196751383 -0.334395451 0.0723819229 0 0 0
C@CP 2547 0.162814294 -0.346090589 0.111002283 0 0 0
C@CP 2548 -0.0325382691 -0.2892494 0.235426923 0 0 0
C@CP 2549 -0.139746396 -0.0385318261 0.240924837 0 0 0
C@CP 2550 -0.00736553883 -0.0625457961 0.00982224216 0 0 0
C@CP 2551 0.0858037353 0.212414381 0.0779117853 0 0 0
C@CP 2552 -0.134340564 -0.367773768 0.126987526 0 0 0
C@CP 2553 -0.0365827874 -0.337258655 -0.0445332853 0 0 0
C@CP 2554 0.0246204516 0.2641118 -0.045035389 0 0 0
C@CP 2555 -0.0439867585 0.208043531 0.223374237 0 0 0
C@CP 2556 0.146936581 0.384371266 -0.144982214 0 0 0
C@CP 2557 0.145431583 -0.118198141 0.379678766 0 0 0
C@CP 2558 0.0824827899 0.0612286224 0.38983816 0 0 0
C@CP 2559 -0.331424129 0.0557263935 0.146512225 0 0 0
C@CP 2560 -0.388716352 0.164088373 -0.00730320178 0 0 0
C@CP 2561 0.283127675 -0.0792152346 0.223265454 0 0 0
C@CP 2562 -0.318041614 -0.0790433758 0.0742198351 0 0 0
C@CP 2563 0.199910317 -0.385336792 -0.0222035531 0 0 0
C@CP 2564 0.0928902774 0.161923628 -0.216853239 0 0 0
C@CP 2565 -0.213283989 -0.349218189 -0.0128714908 0 0 0
C@CP 2567 -0.399498284 0.245688455 0.12108909 0 0 0
C@CP 2569 0.265031677 0.105657943 -0.163235838 0 0 0
C@CP 2570 0.220000098 0.163593661 0.345876108 0 0 0
C@CP 2571 0.28279542 -0.173561797 0.121651862 0 0 0
C@CP 2572 -0.00506979843 0.385333939 -0.0715062939 0 0 0
C@CP 2573 -0.345484262 -0.265173112 0.173926907 0 0 0
C@CP 2574 0.131462559 -0.102305805 -0.178013886 0 0 0
C@CP 2575 -0.333564301 0.0458131714 0.310797817 0 0 0
C@CP 2576 0.40849728 -0.0191838198 -0.147141549 0 0 0
C@CP 2577 -0.189830457 -0.36375059 -0.144697685 0 0 0
C@CP 2578 0.333098996 0.29017966 -0.0936793753 0 0 0
C@CP 2579 0.136406776 -0.377999514 0.0320941367 0 0 0
C@CP 2580 -0.231082038 0.0770381054 0.287635783 0 0 0
C@CP 2581 0.223585383 0.195952621 0.130380073 0 0 0
C@CP 2582 -0.027493339 -0.420890921 0.0969898845 0 0 0
C@CP 2583 0.283833006 0.12770536 0.187207719 0 0 0
C@CP 2584 -0.0785234806 0.0635447441 -0.063647275 0 0 0
C@CP 2585 -0.0533934835 -0.02775088 -0.147105305 0 0 0
C@CP 2586 0.123054594 0.000585922656 -0.109252754 0 0 0
C@CP 2587 0.417476798 0.0113807959 -0.0555751395 0 0 0
C@CP 2588 -0.382766507 -0.0752028411 -0.210060157 0 0 0
C@CP 2589 0.0391266376 -0.225648884 -0.102363505 0 0 0
C@CP 2590 -0.0585411776 0.424890427 -0.0105381437 0 0 0
C@CP 2591 -0.424393335 -0.0548407027 -0.0334690913 0 0 0
C@CP 2592 -0.0117577827 0.0340449165 0.0640411269 0 0 0
C@CP 2593 -0.195928291 -0.126503278 -0.138410797 0 0 0
C@CP 2594 0.375784026 0.00198029708 -0.112628298 0 0 0
C@CP 2595 -0.341458964 -0.251607802 0.0486361188 0 0 0
C@CP 2596 -0.0148186909 0.323454238 -0.338333326 0 0 0
C@CP 2597 -0.149834302 0.266552642 0.287877316 0 0 0
C@CP 2598 -0.280564067 0.343909803 0.0371539236 0 0 0
C@CP 2599 0.420003499 0.125567057 0.0894861262 0 0 0
C@CP 2600 -0.456732271 -0.0460306228 -0.00942904462 0 0 0
C@CP 2601 -0.234894943 0.0361166112 -0.212769432 0 0 0
C@CP 2602 -0.274467425 0.273728521 0.0717930436 0 0 0
C@CP 2603 -0.0367987821 0.269185586 -0.231426035 0 0 0
C@CP 2604 -0.147228442 0.0424273244 -0.337007156 0 0 0
C@CP 2605 -0.391774948 -0.105671769 0.0950842001 0 0 0
C@CP 2606 0.00129604805 0.324748797 0.0739616409 0 0 0
C@CP 2607 0.164545568 0.0755862549 -0.156800774 0 0 0
C@CP 2608 0.122218528 0.303544035 -0.302277167 0 0 0
C@CP 2609 0.231281448 -0.0116543624 0.189048037 0 0 0
C@CP 2610 0.215442 -0.164027862 0.326182597 0 0 0
C@CP 2611 -0.094472582 -0.235535777 0.0646103452 0 0 0
C@CP 2612 -0.116178063 0.196438256 -0.24905699 0 0 0
C@CP 2613 -0.0758529949 -0.322259045 0.0626554844 0 0 0
C@CP 2614 -0.438584299 0.0853611083 -0.0483755744 0 0 0
C@CP 2615 0.279707179 -0.0592593724 0.119056667 0 0 0
C@CP 2616 0.0334160902 0.224438404 -0.420269284 0 0 0
C@CP 2617 -0.124999405 0.394449862 -0.144713425 0 0 0
C@CP 2618 0.0183994652 0.11511801 -0.394913008 0 0 0
C@CP 2619 -0.269377592 -0.168345358 -0.0261859189 0 0 0
C@CP 2620 -0.102812726 0.234313178 0.367561247 0 0 0
C@CP 2621 0.220623025 -0.0122518549 0.138351594 0 0 0
C@CP 2622 -0.210134224 -0.0279738935 -0.365564584 0 0 0
C@CP 2625 -0.133157437 0.194654021 -0.385130405 0 0 0
C@CP 2626 0.173678283 -0.0191880668 0.0585176998 0 0 0
C@CP 2627 -0.352595055 -0.0293325069 -0.150504305 0 0 0
C@CP 2628 -0.0758513821 0.449508863 0.0703680102 0 0 0
C@CP 2629 -0.200114072 0.206884527 0.114998378 0 0 0
C@CP 2630 0.261552251 0.047195226 0.0649205409 0 0 0
C@CP 2631 -0.0615029146 -0.350306493 0.290410927 0 0 0
C@CP 2632 -0.00104920077 -0.344794842 -0.204624552 0 0 0
C@CP 2633 -0.355576303 -0.194259143 -0.118138919 0 0 0
C@CP 2634 0.209526349 -0.387177011 0.0317893986 0 0 0
C@CP 2635 0.182219754 0.209222383 0.372448701 0 0 0
C@CP 2636 0.299729969 0.0820468147 -0.142513008 0 0 0
C@CP 2637 0.401152145 0.066295694 0.0624814885 0 0 0
C@CP 2638 0.300404679 -0.247868735 -0.0800485203 0 0 0
C@CP 2639 -0.0565282779 -0.0188520801 0.451534112 0 0 0
C@CP 2640 -0.403523541 0.175188707 -0.158193916 0 0 0
C@CP 2641 0.0300449911 -0.423452453 0.0568538878 0 0 0
C@CP 2642 -0.293674133 0.276586957 0.000149447759 0 0 0
C@CP 2643 -0.31715151 -0.0853024055 0.228845052 0 0 0
C@CP 2644 -0.13514373 -0.275723531 0.207174009 0 0 0
C@CP 2645 -0.0708956826 -0.0668547355 0.327579819 0 0 0
C@CP 2647 0.00263607437 0.314300789 0.12817356 0 0 0
C@CP 2648 0.106270291 -0.0821505156 -0.0488015838 0 0 0
C@CP 2649 0.20632505 0.284968928 -0.230616172 0 0 0
C@CP 2650 0.252520739 0.332584222 0.150487644 0 0 0
C@CP 2651 -0.0419609437 -0.258066689 -0.0357124321 0 0 0
C@CP 2652 0.0570353884 0.0162023122 -0.0927737186 0 0 0
C@CP 2653 -0.273915873 -0.143052608 -0.365917495 0 0 0
C@CP 2654 0.400290647 0.164983428 -0.171266139 0 0 0
C@CP 2655 -0.12465525 -0.178340308 -0.076009192 0 0 0
C@CP 2656 -0.112475032 0.262656262 0.3469177 0 0 0
C@CP 2657 0.253304532 0.20229998 -0.185540707 0 0 0
C@CP 2658 -0.0389832409 -0.390913271 0.093846663 0 0 0
C@CP 2659 0.201379975 -0.269966895 -0.253015676 0 0 0
C@CP 2660 0.371833629 0.192530089 -0.0379694389 0 0 0
C@CP 2661 0.00720469358 0.208559839 0.411318206 0 0 0
C@CP 2662 0.124468042 -0.240114398 0.0183847442 0 0 0
C@CP 2663 0.157002502 0.285530127 0.0736756074 0 0 0
C@CP 2664 0.370487331 0.080985575 -0.0500448625 0 0 0
C@CP 2665 -0.0702405805 -0.0620033255 -0.0392940832 0 0 0
C@CP 2666 0.311564862 -0.0448311562 -0.244193315 0 0 0
C@CP 2667 0.0927275518 0.0178229489 -0.1261642 0 0 0
C@CP 2668 0.128731961 -0.161503254 0.358924813 0 0 0
C@CP 2669 0.0885980754 0.263314123 -0.349963482 0 0 0
C@CP 2670 0.0318336827 0.0746378833 -0.0411520519 0 0 0
C@CP 2671 0.138743269 -0.0726221066 0.136410092 0 0 0
C@CP 2672 0.307823145 0.212575236 0.0436766173 0 0 0
C@CP 2673 -0.197272509 0.123849215 0.416250266 0 0 0
C@CP 2674 0.291511106 -0.00666598409 -0.145324083 0 0 0
C@CP 2675 -0.153438127 -0.147564136 0.12457843 0 0 0
C@CP 2676 0.102966227 0.143750407 0.306500922 0 0 0
C@CP 2677 -0.231179154 -0.251078631 -0.237202743 0 0 0
C@CP 2678 -0.0991800727 0.20815605 -0.365121555 0 0 0
C@CP 2679 0.305857627 -0.146733043 -0.0527002306 0 0 0
C@CP 2680 -0.0441062911 -0.191286459 0.384614127 0 0 0
C@CP 2682 -0.000521881192 -0.0603301561 0.195098282 0 0 0
C@CP 2683 -0.10258381 -0.0291533098 -0.069304541 0 0 0
C@CP 2684 0.288808739 -0.103892907 -0.184745383 0 0 0
C@CP 2685 0.0585065001 0.264969757 0.236338047 0 0 0
C@CP 2686 -0.232281234 -0.336261278 0.151857233 0 0 0
C@CP 2687 0.066650705 -0.105105361 -0.404063566 0 0 0
C@CP 2688 -0.104026611 -0.0130794368 0.110726447 0 0 0
C@CP 2689 -0.00589218697 0.0318156059 -0.365794039 0 0 0
C@CP 2690 0.0974953938 0.054329636 -0.332234442 0 0 0
C@CP 2691 -0.173736122 0.194802834 -0.287087012 0 0 0
C@CP 2692 -0.0271234656 -0.177194366 0.36746977 0 0 0
C@CP 2693 -0.293360536 -0.316067952 0.0227075439 0 0 0
C@CP 2694 0.178598047 0.175702326 -0.340137269 0 0 0
C@CP 2695 0.0246437876 -0.0423259801 -0.459625482 0 0 0
C@CP 2696 -0.163833317 -0.16180951 -0.312260851 0 0 0
C@CP 2697 -0.136610177 0.198774695 -0.12696327 0 0 0
C@CP 2698 0.277951891 -0.221653397 0.0120840183 0 0 0
C@CP 2699 0.102539336 0.039532774 0.196522728 0 0 0
C@CP 2700 -0.23433821 -0.114163823 -0.0655651167 0 0 0
C@CP 2701 -0.0139572712 0.141207788 -0.0211074997 0 0 0
C@CP 2702 -0.211843237 0.1371763 -0.292242689 0 0 0
C@CP 2703 0.392908852 -0.0905506292 -0.109010579 0 0 0
C@CP 2704 -0.219971586 0.154299629 0.404324509 0 0 0
C@CP 2705 -0.196601698 -0.0525066786 -0.350980674 0 0 0
C@CP 2706 -0.196525622 0.116966762 -0.124683009 0 0 0
C@CP 2707 0.0623468633 0.42031077 -0.00923644943 0 0 0
C@CP 2708 0.122393974 -0.00056260822 -0.411541251 0 0 0
C@CP 2709 0.113771841 -0.15351398 -0.420186739 0 0 0
C@CP 2710 0.383626628 -0.251650956 0.0430981837 0 0 0
C@CP 2711 -0.306274928 -0.0497955592 0.12517217 0 0 0
C@CP 2712 0.211726889 -0.324485781 0.202448317 0 0 0
C@CP 2713 -0.0758821596 -0.171451379 0.084159274 0 0 0
C@CP 2714 -0.227258969 -0.20572699 0.114998945 0 0 0
C@CP 2715 -0.348593807 -0.0711719687 -0.269164389 0 0 0
C@CP 2716 0.0160421601 -0.219360421 -0.149762356 0 0 0
C@CP 2717 0.122986109 -0.108851166 0.166437266 0 0 0
C@CP 2718 0.269250544 0.0552051079 -0.196699597 0 0 0
C@CP 2719 0.0841140085 0.192088183 -0.133944389 0 0 0
C@CP 2720 0.26540264 -0.050577037 -0.262942699 0 0 0
C@CP 2721 -0.274283464 -0.182400586 0.126628893 0 0 0
C@CP 2722 0.340762297 0.0988525479 -0.244718207 0 0 0
C@CP 2723 -0.00133162035 -0.087827397 -0.201884784 0 0 0
C@CP 2724 0.156909318 0.335360419 -0.262329797 0 0 0
C@CP 2725 -0.298434596 0.0543216332 0.24546623 0 0 0
C@CP 2727 0.0523924143 0.291105243 0.354046741 0 0 0
C@CP 2728 -0.0115952574 -0.0398324623 -0.14064852 0 0 0
C@CP 2729 0.274646126 0.056110655 -0.0490307493 0 0 0
C@CP 2730 0.0905752204 -0.199251699 0.410661991 0 0 0
C@CP 2732 0.148806336 0.16630922 0.308421786 0 0 0
C@CP 2733 -0.153549341 -0.273113407 0.05594478 0 0 0
C@CP 2734 0.0982074692 -0.297759096 0.225268615 0 0 0
C@CP 2736 0.313867729 -0.0781148239 0.0770723842 0 0 0
C@CP 2737 -0.424127604 0.132254137 -0.0621519461 0 0 0
C@CP 2738 0.00604665947 0.311043757 0.0552923807 0 0 0
C@CP 2739 -0.157082842 -0.125352659 -0.352167253 0 0 0
C@CP 2740 -0.261649462 -0.272021677 -0.0548746775 0 0 0
C@CP 2742 0.0274710094 0.0197432187 -0.0591665905 0 0 0
C@CP 2743 0.182674759 0.349854963 0.1337685 0 0 0
C@CP 2744 -0.391527187 -0.0262827649 -0.259754844 0 0 0
C@CP 2745 -0.370591961 0.144807924 -0.105689115 0 0 0
C@CP 2746 0.300565779 -0.0584333635 0.085785872 0 0 0
C@CP 2747 -0.230330846 -0.0501497754 -0.344516818 0 0 0
C@CP 2748 -0.125635015 0.41101709 0.0833536292 0 0 0
C@CP 2749 -0.0011961847 -0.194905179 -0.37146176 0 0 0
C@CP 2750 -0.170954844 -0.073114074 -0.102236863 0 0 0
C@CP 2751 0.172742907 -0.30183741 -0.180783658 0 0 0
C@CP 2752 0.181064194 -0.115952846 0.147119511 0 0 0
C@CP 2753 0.291490821 -0.35794581 0.0431240267 0 0 0
C@CP 2754 0.0425979973 -0.13330253 0.272853336 0 0 0
C@CP 2755 -0.0472506093 -0.0697688151 0.363838243 0 0 0
C@CP 2756 -0.0637030837 -0.0112868081 -0.291291867 0 0 0
C@CP 2758 0.396242337 0.248334043 -0.15409233 0 0 0
C@CP 2759 -0.20479264 -0.408635924 -0.0676739894 0 0 0
C@CP 2760 0.0936792248 0.301295997 -0.165001724 0 0 0
C@CP 2761 -0.12800409 0.209680992 -0.331139668 0 0 0
C@CP 2762 -0.429852028 -0.0706430539 -0.054439412 0 0 0
C@CP 2763 -0.0113205738 0.268042589 0.344361092 0 0 0
C@CP 2764 -0.0129323017 0.012645962 0.474620753 0 0 0
C@CP 2765 0.074624168 0.257085095 0.284922364 0 0 0
C@CP 2766 0.118047488 -0.075630314 -0.0607353091 0 0 0
C@CP 2767 -0.0192459928 0.217832554 -0.368951346 0 0 0
C@CP 2768 0.0442723493 -0.144005851 -0.225833194 0 0 0
C@CP 2769 -0.0363864776 0.062376376 0.389865396 0 0 0
C@CP 2770 0.0696643791 -0.362108486 0.0390758597 0 0 0
C@CP 2771 0.0877765183 0.268806199 0.0653704466 0 0 0
C@CP 2772 -0.131963522 0.381526143 -0.246187894 0 0 0
C@CP 2773 -0.261824356 0.0300895743 -0.281002966 0 0 0
C@CP 2774 -0.0738443372 0.138453327 -0.385473536 0 0 0
C@CP 2775 -0.3378149 -0.110605698 -0.097328474 0 0 0
C@CP 2776 0.258135658 0.194537549 -0.0831216389 0 0 0
C@CP 2777 0.388417667 -0.108230993 0.203461193 0 0 0
C@CP 2778 -0.0949855856 -0.0115568566 -0.201832941 0 0 0
C@CP 2779 0.133130766 0.269213036 0.32559543 0 0 0
C@CP 2780 -0.138891515 -0.210817303 0.283740133 0 0 0
C@CP 2781 -0.157917278 -0.134381677 -0.121509704 0 0 0
C@CP 2782 0.167767848 0.1538057 0.281444878 0 0 0
C@CP 2783 -0.276200786 0.0603110873 0.105465488 0 0 0
C@CP 2784 -0.205788831 0.361543211 -0.0701869485 0 0 0
C@CP 2785 0.238859871 -0.397284374 0.00320366042 0 0 0
C@CP 2786 -0.209343168 -0.194385397 0.00976962472 0 0 0
C@CP 2787 -0.207485448 0.00914551732 0.358233627 0 0 0
C@CP 2788 -0.284491447 0.13524587 -0.143829795 0 0 0
C@CP 2789 0.0184882271 0.203520812 0.100446056 0 0 0
C@CP 2790 -0.0783936621 -0.0434901295 0.263354482 0 0 0
C@CP 2791 0.0674963179 0.265298571 0.155379426 0 0 0
C@CP 2792 0.209138563 0.257030948 -0.0972080381 0 0 0
C@CP 2793 0.284203341 -0.00485286611 0.0923120704 0 0 0
C@CP 2794 0.0503253677 -0.0445576356 0.347014105 0 0 0
C@CP 2795 0.204747184 0.151132927 0.15474868 0 0 0
C@CP 2796 -0.211632834 0.0406365112 -0.196765963 0 0 0
C@CP 2797 0.0775787525 -0.0949017026 -0.312396111 0 0 0
C@CP 2798 -0.295414389 0.219756641 0.259587257 0 0 0
C@CP 2799 0.0377767554 0.0832136455 -0.331311668 0 0 0
C@CP 2800 0.0633925525 0.25809149 0.168276578 0 0 0
C@CP 2801 -0.316306002 0.0289320202 0.0278960955 0 0 0
C@CP 2802 -0.0377421968 -0.0177023785 -0.306009301 0 0 0
C@CP 2803 0.222111855 -0.295228424 0.0988079525 0 0 0
C@CP 2804 -0.224134011 0.199135013 0.283447351 0 0 0
C@CP 2805 -0.114648374 0.253167488 -0.1749111 0 0 0
C@CP 2806 -0.150687678 0.0964752693 0.347743039 0 0 0
C@CP 2807 0.191341859 0.177146073 -0.320715144 0 0 0
C@CP 2808 -0.0844539561 -0.372323136 -0.168287875 0 0 0
C@CP 2809 0.114819684 0.126984249 0.308784905 0 0 0
C@CP 2810 0.223578615 -0.0419124888 0.0283808187 0 0 0
C@CP 2811 0.337852709 -0.093185832 0.189857057 0 0 0
C@CP 2812 0.0975008745 0.175014123 0.060643913 0 0 0
C@CP 2813 0.0865633252 0.247136113 0.164171521 0 0 0
C@CP 2814 -0.053925337 0.0817564248 0.405630429 0 0 0
C@CP 2816 -0.000297891092 0.238223791 -0.307265377 0 0 0
C@CP 2817 -0.255753869 0.294784728 0.0381580216 0 0 0
C@CP 2818 -0.0722158718 0.194033703 -0.0587586318 0 0 0
C@CP 2819 -0.241103183 0.113763188 -0.105646938 0 0 0
C@CP 2820 0.205705058 0.152946311 -0.300951657 0 0 0
C@CP 2821 -0.118080014 0.326577576 -0.284669822 0 0 0
C@CP 2822 -0.133747625 -0.274635302 0.319554776 0 0 0
C@CP 2823 0.194630139 0.347070242 -0.137162706 0 0 0
C@CP 2824 0.325756677 -0.129906823 -0.0761420753 0 0 0
C@CP 2825 -0.198394834 0.357560045 0.0285574675 0 0 0
C@CP 2826 -0.0562776335 0.0174000142 0.456440669 0 0 0
C@CP 2827 -0.0402617235 0.100393561 0.197245983 0 0 0
C@CP 2828 0.149637251 -0.19647009 0.0226080523 0 0 0
C@CP 2830 0.112276782 -0.0590351901 0.0346601443 0 0 0
C@CP 2831 -0.386137072 -0.214456744 -0.0848780649 0 0 0
C@CP 2832 0.224834422 0.339310276 0.00354557673 0 0 0
C@CP 2833 0.306015818 -0.0459244771 0.263476354 0 0 0
C@CP 2834 0.212465324 0.078990149 -0.27442926 0 0 0
C@CP 2835 -0.309218909 0.24021573 0.244976761 0 0 0
C@CP 2836 -0.0982391196 -0.0163950087 0.22881904 0 0 0
C@CP 2837 -0.354938325 -0.100576078 0.240939235 0 0 0
C@CP 2838 0.192406641 -0.00593022978 0.349549594 0 0 0
C@CP 2839 0.11932566 -0.00792127053 -0.42048045 0 0 0
C@CP 2840 0.0387328115 0.432613661 -0.0199068049 0 0 0
C@CP 2841 -0.0131030178 -0.288165014 -0.127859904 0 0 0
C@CP 2842 0.137890174 -0.0250092063 0.160905771 0 0 0
C@CP 2843 0.290485625 -0.321233263 -0.146054718 0 0 0
C@CP 2844 -0.182218398 -0.0194774317 0.269558966 0 0 0
C@CP 2845 -0.228751793 0.221586924 -0.288039793 0 0 0
C@CP 2846 -0.153448846 -0.340123984 0.0692539305 0 0 0
C@CP 2847 0.0468171411 0.1280473 0.352862788 0 0 0
C@CP 2848 0.0204358574 -0.301760567 -0.272989826 0 0 0
C@CP 2849 0.249492325 -0.182180467 -0.185679184 0 0 0
C@CP 2850 -0.0988874878 0.397547713 0.204067723 0 0 0
C@CP 2851 0.314810999 -0.251766831 0.146765581 0 0 0
C@CP 2852 -0.0456042179 -0.0825324877 0.103991142 0 0 0
C@CP 2853 0.324220107 0.023710218 -0.199019706 0 0 0
C@CP 2854 -0.0329283631 0.120822928 -0.109011249 0 0 0
C@CP 2855 0.151529101 0.344582394 -0.114354455 0 0 0
C@CP 2856 -0.0103462051 0.303492752 0.0238965739 0 0 0
C@CP 2857 -0.126601308 -0.342659793 0.172698797 0 0 0
C@CP 2858 -0.123822102 0.0460794189 -0.156320077 0 0 0
C@CP 2859 -0.199699965 0.383643724 0.194267454 0 0 0
C@CP 2860 0.199370044 0.303269427 -0.0616128938 0 0 0
C@CP 2862 -0.138706315 0.216054029 -0.164480582 0 0 0
C@CP 2863 0.0255140497 0.118623145 0.350709273 0 0 0
C@CP 2864 -0.164220742 -0.0894074199 -0.368662806 0 0 0
C@CP 2865 0.0979450059 -0.196612177 -0.288673574 0 0 0
C@CP 2866 -0.163007106 0.344279663 0.25860516 0 0 0
C@CP 2867 0.198552496 0.319238423 -0.116051931 0 0 0
C@CP 2868 0.0572841305 0.410383539 -0.143878211 0 0 0
C@CP 2869 0.228567867 0.0623326649 -0.00309030067 0 0 0
C@CP 2870 0.338445163 -0.0576330558 0.257629643 0 0 0
C@CP 2871 0.173040752 -0.0591637637 -0.373886174 0 0 0
C@CP 2872 -0.0338981272 -0.334354672 0.221218631 0 0 0
C@CP 2873 0.257625382 -0.122130972 -0.035927529 0 0 0
C@CP 2874 0.0114311726 -0.393543998 -0.129184488 0 0 0
C@CP 2875 -0.403510598 -0.190428693 0.00629705278 0 0 0
C@CP 2876 0.160731977 0.406937697 0.198875543 0 0 0
C@CP 2877 0.0100205766 0.360524108 -0.0875345625 0 0 0
C@CP 2878 -0.186100396 -0.0598188054 0.121709758 0 0 0
C@CP 2879 0.411158018 -0.148729817 -0.10161233 0 0 0
C@CP 2880 0.140967154 0.122141146 0.389052008 0 0 0
C@CP 2881 0.285502538 -0.0494244088 0.283336556 0 0 0
C@CP 2882 0.167023772 0.309994018 -0.12154736 0 0 0
C@CP 2883 -0.16712576 -0.127609754 -0.291256914 0 0 0
C@CP 2884 -0.185184365 -0.126103022 -0.364866972 0 0 0
C@CP 2885 0.0167791084 -0.256179813 0.163511404 0 0 0
C@CP 2886 -0.145775737 0.224962799 0.238269536 0 0 0
C@CP 2887 0.0997603643 0.345168937 0.141352862 0 0 0
C@CP 2888 0.253372427 -0.290138503 0.23731801 0 0 0
C@CP 2889 -0.267225314 0.0629210678 0.0564655668 0 0 0
C@CP 2890 0.155922235 -0.354765898 -0.24751254 0 0 0
C@CP 2891 -0.290654863 -0.143227613 -0.0589713413 0 0 0
C@CP 2892 -0.0156253859 -0.0625133482 0.220686003 0 0 0
C@CP 2893 0.319561488 -0.00425650364 -0.0975252205 0 0 0
C@CP 2894 0.118441654 0.337560365 0.00764375872 0 0 0
C@CP 2895 -0.287507177 -0.231130543 -0.138581614 0 0 0
C@CP 2896 0.231904787 0.25862277 0.300268359 0 0 0
C@CP 2897 0.1021997 -0.200276536 0.251630824 0 0 0
C@CP 2898 0.322083077 0.0217961894 0.0136544981 0 0 0
C@CP 2899 0.289300397 -0.13653868 -0.247975413 0 0 0
C@CP 2901 -0.129514956 0.245077249 -0.0921897361 0 0 0
C@CP 2902 -0.0187487842 -0.258550158 -0.305493712 0 0 0
C@CP 2903 -0.429303866 -0.0871262052 -0.0456949482 0 0 0
C@CP 2904 -0.316977464 -0.227843108 -0.0364734999 0 0 0
C@CP 2905 -0.234477611 0.361957873 0.0616073844 0 0 0
C@CP 2906 -0.0936358119 -0.173524501 -0.0346893036 0 0 0
C@CP 2907 -0.0379267818 -0.242155377 0.375084496 0 0 0
C@CP 2908 0.189904101 0.08337894 -0.311815095 0 0 0
C@CP 2909 -0.0381664682 -0.236218405 -0.185557616 0 0 0
C@CP 2910 -0.225279178 -0.213647178 0.0977953869 0 0 0
C@CP 2911 -0.0810340021 -0.1862591 0.384241724 0 0 0
C@CP 2912 -0.118094395 -0.206647386 -0.336961017 0 0 0
C@CP 2913 -0.230801893 -0.152886227 -0.109627822 0 0 0
C@CP 2914 -0.0683754629 -0.167383548 -0.147703005 0 0 0
C@CP 2915 0.0201369897 0.258553881 0.149538688 0 0 0
C@CP 2916 0.319289945 0.187793994 0.272336396 0 0 0
C@CP 2917 0.286394047 -0.063132613 -0.261886896 0 0 0
C@CP 2918 -0.0941175282 0.144208167 0.144133373 0 0 0
C@CP 2919 -0.0152085347 0.125044271 -0.312072721 0 0 0
C@CP 2920 -0.379137585 -0.0659978064 0.0356713014 0 0 0
C@CP 2921 -0.161226181 0.0178247244 0.0594741822 0 0 0
C@CP 2922 -0.182822925 0.0665562092 0.220174665 0 0 0
C@CP 2923 -0.0484563109 0.23319077 -0.234160911 0 0 0
C@CP 2924 -0.179857658 0.277201871 -0.0226344268 0 0 0
C@CP 2925 0.344602422 -0.194788878 -0.222977063 0 0 0
C@CP 2926 -0.038781742 0.230339935 -0.42011847 0 0 0
C@CP 2928 -0.222309201 0.0951390606 0.226584666 0 0 0
C@CP 2929 0.0856830705 -0.447075955 -0.0792543052 0 0 0
C@CP 2930 -0.276615112 -0.247606085 0.075392633 0 0 0
C@CP 2932 -0.388439732 -0.218984974 0.145685065 0 0 0
C@CP 2933 -0.0619435609 -0.140944318 -0.414607002 0 0 0
C@CP 2934 -0.35004424 -0.208977005 0.0595532977 0 0 0
C@CP 2935 0.0189467104 0.123799391 -0.365748275 0 0 0
C@CP 2936 -0.351181807 0.228849612 0.0972101696 0 0 0
C@CP 2937 -0.16819672 0.372236224 -0.249191795 0 0 0
C@CP 2938 0.119817204 0.0427913452 -0.177616265 0 0 0
C@CP 2939 0.18914262 0.0302832196 0.368846808 0 0 0
C@CP 2940 0.155438961 0.0867845126 0.215872111 0 0 0
C@CP 2941 0.346375026 -0.0536747695 -0.306457748 0 0 0
C@CP 2942 0.131525099 -0.0675646421 0.0494941385 0 0 0
C@CP 2943 -0.354201196 0.113492971 -0.009164035 0 0 0
C@CP 2944 -0.152344282 0.00646113152 0.175774578 0 0 0
C@CP 2945 -0.172285031 -0.0494590638 0.0799525469 0 0 0
C@CP 2946 0.196546765 -0.401479196 -0.105940112 0 0 0
C@CP 2947 0.323786224 -0.0438203097 -0.281757865 0 0 0
C@CP 2948 -0.0215727873 -0.0548113678 0.215098633 0 0 0
C@CP 2949 0.209523217 -0.235941747 -0.0608503729 0 0 0
C@CP 2950 0.342137836 -0.209613825 -0.195438531 0 0 0
C@CP 2951 -0.228197501 -0.0465986809 0.283755308 0 0 0
C@CP 2952 0.316094139 -0.161140438 -0.127804629 0 0 0
C@CP 2953 -0.110951744 0.164520158 0.394834386 0 0 0
C@CP 2954 0.16855569 0.183576419 -0.0858332957 0 0 0
C@CP 2955 -0.0662568335 0.287521818 0.338876407 0 0 0
C@CP 2956 0.0540198062 -0.314881129 -0.0878252893 0 0 0
C@CP 2957 0.0302446674 0.186716426 -0.0504036927 0 0 0
C@CP 2958 0.350412718 -0.272218649 -0.0914541812 0 0 0
C@CP 2959 0.122746689 -0.00173000265 0.377529789 0 0 0
C@CP 2960 0.172916007 -0.230502159 0.013846208 0 0 0
C@CP 2961 0.202379745 0.362686197 0.12199168 0 0 0
C@CP 2962 0.169746378 -0.236240336 -0.309121314 0 0 0
C@CP 2963 0.122572905 0.0549915845 0.0996814228 0 0 0
C@CP 2964 -0.087299195 -0.390713254 -0.214249449 0 0 0
C@CP 2965 0.00013839387 -0.0751486354 -0.0904163602 0 0 0
C@CP 2966 -0.0426813527 0.135152918 -0.0845758443 0 0 0
C@CP 2967 -0.165337412 0.0284387964 -0.35500013 0 0 0
C@CP 2968 -0.459809821 0.0170017902 0.0280639741 0 0 0
C@CP 2969 0.283500361 0.263878226 0.0816064073 0 0 0
C@CP 2970 -0.205555239 0.379751312 0.0359772814 0 0 0
C@CP 2971 -0.0957813696 -0.0108885659 0.101304967 0 0 0
C@CP 2972 0.0952722334 0.292376402 0.130778775 0 0 0
C@CP 2973 -0.147618259 0.371417504 0.250407324 0 0 0
C@CP 2974 0.148758611 0.0407621365 -0.0366547153 0 0 0
C@CP 2976 0.0299114632 -0.329065331 -0.333567255 0 0 0
C@CP 2977 0.295871478 -0.0231704693 0.309314557 0 0 0
C@CP 2978 0.0692665885 -0.0852243192 0.381090626 0 0 0
C@CP 2979 0.149445125 -0.352876325 -0.128663095 0 0 0
C@CP 2980 -0.257388556 0.167194824 0.118561195 0 0 0
C@CP 2981 -0.0654778 0.107602008 -0.146945377 0 0 0
C@CP 2982 0.307064297 0.112156644 -0.170553205 0 0 0
C@CP 2983 0.329138003 -0.0247080825 -0.262691449 0 0 0
C@CP 2984 0.208605156 0.116000022 -0.0320903456 0 0 0
C@CP 2985 0.206089846 -0.142379943 -0.269834034 0 0 0
C@CP 2986 -0.12536314 0.0952142946 -0.398470231 0 0 0
C@CP 2987 -0.0770020956 0.143267114 0.391259627 0 0 0
C@CP 2988 0.305218844 -0.0765884373 -0.296136192 0 0 0
C@CP 2989 0.0474623763 0.0606754098 -0.386080408 0 0 0
C@CP 2990 0.181479265 0.226266302 -0.136884627 0 0 0
C@CP 2991 0.0678736183 -0.0600840838 -0.167426982 0 0 0
C@CP 2993 0.435676018 0.130357955 0.0685500675 0 0 0
C@CP 2994 -0.245344113 -0.0944715183 0.374802921 0 0 0
C@CP 2995 0.0158239858 0.22488065 -0.0930185697 0 0 0
C@CP 2996 0.375929337 0.0899333134 -0.134164954 0 0 0
C@CP 2997 0.35020754 -0.212763174 -0.0557596039 0 0 0
C@CP 2998 0.142058033 0.352020439 -0.0333057511 0 0 0
C@CP 2999 -0.0671411011 0.153876479 -0.0561218012 0 0 0
C@CP 3000 0.0619421595 0.184785306 0.291390653 0 0 0
C@CP 3001 -0.0663538561 -0.321061916 0.274622912 0 0 0
C@CP 3002 0.209938048 0.143687187 0.0845298817 0 0 0
C@CP 3003 0.323277167 0.00615934328 0.00957088027 0 0 0
C@CP 3004 0.402866647 0.00672188993 -0.0845435201 0 0 0
C@CP 3005 0.106909633 -0.393368018 0.100748223 0 0 0
C@CP 3006 0.0210118236 -0.337867386 0.180395531 0 0 0
C@CP 3007 -0.0318152372 0.465497664 -0.0243702752 0 0 0
C@CP 3009 -0.0290017489 0.443493644 -0.0139798992 0 0 0
C@CP 3010 -0.385750165 0.022848343 0.183001631 0 0 0
C@CP 3011 -0.0386022904 -0.126341973 0.165106744 0 0 0
C@CP 3012 0.00447186466 0.254483017 0.251150506 0 0 0
C@CP 3013 0.268763686 0.321952973 0.180052094 0 0 0
C@CP 3014 -0.161065844 0.308040193 -0.0491364622 0 0 0
C@CP 3015 -0.268583336 -0.0699876532 0.0180334862 0 0 0
C@CP 3016 -0.248301976 -0.131622414 -0.336565928 0 0 0
C@CP 3017 0.119868804 -0.009849873 0.0320281994 0 0 0
C@CP 3018 -0.0265122347 -0.343855252 0.137929212 0 0 0
C@CP 3020 -0.0789970502 -0.215146997 0.206550704 0 0 0
C@CP 3021 0.065336918 0.406678095 -0.182508631 0 0 0
C@CP 3022 -0.146251212 -0.0669739922 0.188716882 0 0 0
C@CP 3023 0.0885646239 -0.20822442 -0.203659607 0 0 0
C@CP 3024 -0.176638074 0.275139249 0.108542439 0 0 0
C@CP 3025 0.181375559 0.374558652 0.16595554 0 0 0
C@CP 3026 -0.0684592969 -0.0838056434 0.0451953474 0 0 0
C@CP 3027 0.224525427 -0.179491637 -0.238649678 0 0 0
C@CP 3028 -0.0273403676 -0.00437943978 0.167394486 0 0 0
C@CP 3029 -0.107795315 0.0126684403 -0.0228176047 0 0 0
C@CP 3030 0.213149836 -0.230785924 -0.0445381696 0 0 0
C@CP 3031 0.00318720139 -0.0849246164 0.00444362526 0 0 0
C@CP 3032 0.119952167 -0.160149842 -0.112996721 0 0 0
C@CP 3033 0.245539283 -0.171127558 0.112991447 0 0 0
C@CP 3034 0.0781870915 0.180355794 -0.125229678 0 0 0
C@CP 3035 -0.0834529609 -0.258898764 0.170024108 0 0 0
C@CP 3036 0.32376174 0.138833956 -0.255494921 0 0 0
C@CP 3037 0.366499656 0.152357875 0.0214883477 0 0 0
C@CP 3038 -0.0756786413 0.2237218 0.0495898424 0 0 0
C@CP 3039 0.0129334292 -0.334121416 0.172433185 0 0 0
C@CP 3040 0.0494849535 -0.366550055 -0.21504841 0 0 0
C@CP 3041 0.0698111025 0.309741592 0.280716196 0 0 0
C@CP 3042 -0.0983351657 0.34275646 -0.202547312 0 0 0
C@CP 3043 0.269607213 -0.365713109 -0.00900845135 0 0 0
C@CP 3044 -0.422386099 -0.0671388952 -0.0683821376 0 0 0
C@CP 3045 0.261948391 -0.189404266 -0.27307485 0 0 0
C@CP 3046 -0.298063856 0.232309003 0.164329248 0 0 0
C@CP 3047 -0.0116909213 -0.121211293 0.105388944 0 0 0
C@CP 3048 -0.0668438541 0.106851928 -0.08208763 0 0 0
C@CP 3049 0.343704973 0.13192962 -0.104421585 0 0 0
C@CP 3050 -0.117198668 0.153008569 -0.103640568 0 0 0
C@CP 3051 -0.249844284 -0.20591585 -0.298109171 0 0 0
C@CP 3052 0.0376934176 -0.0481611793 -0.176126529 0 0 0
C@CP 3053 0.126020325 -0.219422149 -0.0386553366 0 0 0
C@CP 3054 0.254713884 0.051601249 0.00131105753 0 0 0
C@CP 3055 -0.441858113 0.00646271817 0.0107920376 0 0 0
C@CP 3056 0.144430766 0.19462599 0.371056432 0 0 0
C@CP 3057 -0.0156990358 0.0455418134 0.272634303 0 0 0
C@CP 3058 -0.302665398 -0.142581255 0.319829364 0 0 0
C@CP 3059 0.000783635599 -0.0782872483 0.0330589272 0 0 0
C@CP 3060 -0.107143948 0.0437936581 -0.268306344 0 0 0
C@CP 3061 -0.288490809 0.23782476 -0.00908037612 0 0 0
C@CP 3062 -0.321913823 -0.0842907258 0.112844691 0 0 0
C@CP 3063 -0.138951988 -0.0737898886 -0.299547928 0 0 0
C@CP 3064 -0.233089217 -0.190257764 -0.0956998415 0 0 0
C@CP 3065 0.0512496181 0.334038491 -0.12131845 0 0 0
C@CP 3066 -0.204912315 0.210385112 0.127502838 0 0 0
C@CP 3067 0.13281077 -0.0783892846 -0.30093398 0 0 0
C@CP 3068 -0.210606553 -0.0776775727 -0.359692204 0 0 0
C@CP 3069 -0.211737246 -0.0224458791 -0.295424618 0 0 0
C@CP 3070 0.327509097 -0.295269918 0.0465784231 0 0 0
C@CP 3072 -0.0372966285 -0.205095935 0.408099864 0 0 0
C@CP 3073 0.295625371 -0.0594895937 -0.243824931 0 0 0
C@CP 3074 -0.164704791 0.0212271793 0.205849389 0 0 0
C@CP 3075 0.0371437746 0.0855679294 0.351602631 0 0 0
C@CP 3076 0.297244655 0.0407970034 -0.340631227 0 0 0
C@CP 3077 -0.363785655 0.155830743 -0.203314456 0 0 0
C@CP 3078 0.0964963816 -0.0559364943 0.293806935 0 0 0
C@CP 3079 -0.383800359 -0.198792089 0.0187296218 0 0 0
C@CP 3080 0.0700934546 -0.0902246586 0.276259997 0 0 0
C@CP 3081 0.0834838982 0.348151176 0.0057056725 0 0 0
C@CP 3082 0.0592963525 0.133344258 -0.137294809 0 0 0
C@CP 3083 -0.124358253 0.375453852 -0.19150807 0 0 0
C@CP 3084 -0.0688949925 -0.35634566 -0.105388973 0 0 0
C@CP 3085 -0.303763743 0.0268675229 0.248992972 0 0 0
C@CP 3086 -0.328152251 0.242111555 -0.203786531 0 0 0
C@CP 3087 0.138195636 0.0953391261 -0.117654136 0 0 0
C@CP 3088 -0.079158415 -0.398173134 -0.156081717 0 0 0
C@CP 3089 0.0194776013 -0.423704815 0.174099911 0 0 0
C@CP 3090 -0.295293733 -0.28718615 -0.0776600768 0 0 0
C@CP 3091 -0.264804397 0.206612674 -0.100737014 0 0 0
C@CP 3092 -0.0874248719 0.320755844 -0.0479893564 0 0 0
C@CP 3093 0.0650089754 0.100803003 -0.128205335 0 0 0
C@CP 3095 -0.0965296975 -0.378311476 0.196702075 0 0 0
C@CP 3096 -0.00509217913 -0.121113908 -0.030923884 0 0 0
C@CP 3097 -0.326060362 -0.159066386 -0.140665598 0 0 0
C@CP 3098 0.107068601 0.114705401 -0.0295706636 0 0 0
C@CP 3099 -0.107575019 0.32136882 -0.058514226 0 0 0
C@CP 3101 -0.147764442 -0.0452713411 -0.17027678 0 0 0
C@CP 3102 0.265428587 0.132063765 -0.178168895 0 0 0
C@CP 3103 0.00248616975 0.148127588 -0.00742293932 0 0 0
C@CP 3104 -0.078680946 -0.366023498 0.0745974455 0 0 0
C@CP 3105 0.0315690226 -0.0359305222 0.379264842 0 0 0
C@CP 3106 -0.0473687715 -0.134224549 0.210340167 0 0 0
C@CP 3107 0.264316893 -0.0872788154 0.22674879 0 0 0
C@CP 3108 -0.103655954 -0.40185166 0.0354586149 0 0 0
C@CP 3109 -0.168503902 -0.0352051474 -0.348142786 0 0 0
C@CP 3110 0.165556585 -0.0966549457 -0.385204474 0 0 0
C@CP 3111 0.237832459 0.311365492 0.0202310374 0 0 0
C@CP 3112 -0.172531667 0.0726589434 -0.358159579 0 0 0
C@CP 3113 0.0479450521 0.057841485 0.351905507 0 0 0
C@CP 3114 -0.140000038 -0.130359244 -0.368585807 0 0 0
C@CP 3115 0.365782141 0.0379222119 0.058183614 0 0 0
C@CP 3116 -0.0144803853 -0.014419482 -0.344688157 0 0 0
C@CP 3117 0.133507327 0.324356252 0.164093683 0 0 0
C@CP 3118 0.22857586 0.243332958 0.103157433 0 0 0
C@CP 3119 0.344823938 0.187832707 0.238838322 0 0 0
C@CP 3120 -0.433636126 -0.000723732857 -0.0558202016 0 0 0
C@CP 3121 0.180744022 0.382543989 -0.163304461 0 0 0
C@CP 3122 -0.214135673 0.0489915638 0.0409880643 0 0 0
C@CP 3123 0.0908150948 0.338566194 -0.236266356 0 0 0
C@CP 3124 0.0318863775 0.423439491 -0.0200162979 0 0 0
C@CP 3125 -0.0427082966 0.149554101 -0.410077017 0 0 0
C@CP 3126 -0.151474904 -0.199377633 -0.155548192 0 0 0
C@CP 3127 -0.171365033 -0.187533838 -0.360999148 0 0 0
C@CP 3128 -0.353225664 0.0421909159 -0.0457183092 0 0 0
C@CP 3129 -0.179764724 -0.197605376 -0.285927654 0 0 0
C@CP 3130 -0.185618462 0.168675285 0.378145752 0 0 0
C@CP 3131 0.20538992 -0.0926098298 -0.27068683 0 0 0
C@CP 3132 -0.183275207 -0.0137751712 -0.356067122 0 0 0
C@CP 3133 -0.0449472851 -0.391802472 -0.144631052 0 0 0
C@CP 3134 -0.155748952 -0.336864184 -0.289082373 0 0 0
C@CP 3135 -0.239058715 -0.414329806 -0.0360570619 0 0 0
C@CP 3136 0.225139482 0.232090889 -0.158869528 0 0 0
C@CP 3137 -0.232776447 0.158513796 0.037170023 0 0 0
C@CP 3138 -0.131310213 -0.0516547334 0.44371339 0 0 0
C@CP 3139 -0.190389413 0.149124844 0.226311088 0 0 0
C@CP 3140 0.0266903374 -0.142239003 0.202315446 0 0 0
C@CP 3141 -0.379828468 0.0720332985 0.197882392 0 0 0
C@CP 3142 -0.025004358 0.0302396327 0.216210858 0 0 0
C@CP 3143 0.191316538 0.140531738 0.0362156455 0 0 0
C@CP 3144 0.0524537243 0.0359830483 -0.254535617 0 0 0
C@CP 3146 0.145026924 0.191003702 -0.22193963 0 0 0
C@CP 3147 -0.0379090478 -0.0756801985 -0.0928627277 0 0 0
C@CP 3148 -0.319311046 -0.213667249 -0.129978238 0 0 0
C@CP 3149 0.197882736 0.253332125 0.0549763528 0 0 0
C@CP 3150 0.0829355439 0.148345694 -0.147337549 0 0 0
C@CP 3151 0.111318264 -0.247428089 -0.303454804 0 0 0
C@CP 3152 0.254325316 -0.0878649761 -0.234167493 0 0 0
C@CP 3153 -0.137077386 0.103049106 0.339723368 0 0 0
C@CP 3154 -0.0383296616 0.20156995 -0.299286431 0 0 0
C@CP 3155 0.034199162 -0.1111373 -0.365668551 0 0 0
C@CP 3156 0.217455005 -0.210519218 0.0498425573 0 0 0
C@CP 3157 -0.0834225803 0.365174133 0.285417674 0 0 0
C@CP 3158 -0.111467765 0.133375702 0.0376005626 0 0 0
C@CP 3159 -0.0533699337 -0.011286655 -0.420755409 0 0 0
C@CP 3160 -0.239045484 0.189142428 0.0820380308 0 0 0
C@CP 3161 -0.432223604 -0.104007503 0.103608069 0 0 0
C@CP 3162 0.0637535175 -0.117231957 0.237953114 0 0 0
C@CP 3163 -0.108503001 -0.159669122 -0.270659745 0 0 0
C@CP 3164 -0.138033445 0.36785477 -0.0874688393 0 0 0
C@CP 3166 -0.224690768 0.211701202 -0.00654847431 0 0 0
C@CP 3167 0.265701369 -0.252801758 -0.0550420188 0 0 0
C@CP 3168 -0.0667042879 -0.20139885 -0.216262693 0 0 0
C@CP 3169 -0.150912541 0.306091577 0.146903424 0 0 0
C@CP 3170 -0.044809081 0.0982603011 -0.0618088013 0 0 0
C@CP 3171 0.208222125 0.213399883 0.110033944 0 0 0
C@CP 3172 0.223212158 0.137371209 0.234985529 0 0 0
C@CP 3173 -0.0340362239 0.22382925 0.242133612 0 0 0
C@CP 3174 -0.133983827 -0.182816208 -0.177269141 0 0 0
C@CP 3175 -0.0961688933 0.154346472 -0.186159598 0 0 0
C@CP 3176 -0.413740559 -0.175652385 0.0134873163 0 0 0
C@CP 3177 0.134851655 -0.280335173 0.00725136598 0 0 0
C@CP 3178 -0.198336643 -0.188588074 -0.194422737 0 0 0
C@CP 3179 0.0193999664 -0.277725583 0.11504493 0 0 0
C@CP 3180 -0.165993884 -0.273639956 -0.320504294 0 0 0
C@CP 3181 0.0933540471 0.0559428589 0.194338532 0 0 0
C@CP 3182 -0.260140741 0.0370057996 -0.240636857 0 0 0
C@CP 3183 0.279710651 -0.0681228631 -0.274336586 0 0 0
C@CP 3184 0.210956743 -0.00146723814 -0.34820179 0 0 0
C@CP 3185 0.146191998 0.115012868 0.100606504 0 0 0
C@CP 3186 -0.380541145 -0.0729381047 -0.0504659119 0 0 0
C@CP 3187 -0.350147242 0.052427408 -0.113154116 0 0 0
C@CP 3188 -0.0642530882 -0.434304559 0.0922708988 0 0 0
C@CP 3189 0.388563752 -0.0241167421 0.143383427 0 0 0
C@CP 3190 0.0157925175 -0.398335361 0.106285894 0 0 0
C@CP 3191 -0.0290532229 -0.160230165 -0.132710908 0 0 0
C@CP 3192 -0.186587953 0.0684832653 -0.268428359 0 0 0
C@CP 3193 -0.0198306419 -0.0542776632 0.399199148 0 0 0
C@CP 3194 -0.059688278 0.0223604292 0.22299328 0 0 0
C@CP 3195 -0.205625321 -0.302564637 0.264429891 0 0 0
C@CP 3196 0.340591763 -0.287106664 -0.0175185259 0 0 0
C@CP 3197 -0.106736508 -0.00470396242 0.252030352 0 0 0
C@CP 3198 0.205158515 -0.329508418 0.167140379 0 0 0
C@CP 3199 0.205076876 -0.106628182 -0.0201964543 0 0 0
C@CP 3200 0.245457277 0.366587848 -0.112750187 0 0 0
C@CP 3201 0.306363524 0.0179137432 0.180521488 0 0 0
C@CP 3202 -0.2612514 0.152029326 0.185051005 0 0 0
C@CP 3203 -0.186853298 -0.321410764 0.198686877 0 0 0
C@CP 3204 -0.331262145 -0.112381487 0.132304651 0 0 0
C@CP 3205 0.378517963 0.182593559 -0.146153194 0 0 0
C@CP 3206 -0.0413309859 0.0698864453 0.110366961 0 0 0
C@CP 3207 0.148020479 -0.190123669 0.317932057 0 0 0
C@CP 3208 -0.0680572566 0.22016188 -0.0153007449 0 0 0
C@CP 3209 0.330109062 -0.0548915833 -0.0459130263 0 0 0
C@CP 3210 -0.0224528506 0.106839351 0.0126735558 0 0 0
C@CP 3211 0.150472381 -0.294867956 0.224247686 0 0 0
C@CP 3212 0.260926848 0.290712188 0.201113116 0 0 0
C@CP 3213 -0.223181577 0.0773583286 -0.303379916 0 0 0
C@CP 3214 -0.237912684 -0.179502915 0.00622572164 0 0 0
C@CP 3215 -0.463904465 0.0500095588 -0.0535417744 0 0 0
C@CP 3216 -0.0206559925 -0.277682562 -0.339044453 0 0 0
C@CP 3217 -0.227798221 -0.297594199 0.0169158462 0 0 0
C@CP 3218 -0.381978173 0.222927689 -0.0642635989 0 0 0
C@CP 3219 0.463612093 0.0264417163 -0.023698654 0 0 0
C@CP 3220 0.075136549 -0.217462181 0.396561859 0 0 0
C@CP 3221 -0.218523483 -0.189051012 0.357329219 0 0 0
C@CP 3222 -0.00706232606 0.235584321 -0.389633365 0 0 0
C@CP 3223 0.145407632 -0.134970147 0.0740317337 0 0 0
C@CP 3224 -0.341700329 0.0942752652 0.10670584 0 0 0
C@CP 3225 -0.0990645592 0.124380356 0.302797385 0 0 0
C@CP 3226 0.268124709 -0.263693294 -0.195254533 0 0 0
C@CP 3227 0.239180539 -0.272280389 0.0512467477 0 0 0
C@CP 3228 0.0829367338 -0.192766746 0.368186383 0 0 0
C@CP 3229 0.011200719 0.0899136101 0.206567105 0 0 0
C@CP 3230 -0.182344698 0.146083262 -0.225977467 0 0 0
C@CP 3231 -0.0895020063 -0.224422362 0.0136912667 0 0 0
C@CP 3232 0.131469656 -0.0292446541 -0.196720839 0 0 0
C@CP 3233 0.219195258 -0.217992424 -0.000403275709 0 0 0
C@CP 3234 0.367202233 -0.228992253 -0.12169849 0 0 0
C@CP 3235 -0.0694886929 -0.0882193523 0.389473525 0 0 0
C@CP 3236 -0.113442212 0.270579112 -0.134533742 0 0 0
C@CP 3237 -0.331065407 -0.0359633246 0.116272959 0 0 0
C@CP 3238 -0.341904213 -0.298270846 0.043790921 0 0 0
C@CP 3239 0.0196966285 0.0636680127 0.303965637 0 0 0
C@CP 3240 -0.0717754981 -0.0998755478 0.0985958543 0 0 0
C@CP 3241 0.114322483 -0.411303685 -0.131778247 0 0 0
C@CP 3242 0.38721083 -0.0317482075 0.0403806001 0 0 0
C@CP 3243 0.155257069 0.271179727 -0.138673435 0 0 0
C@CP 3244 0.223730972 0.296188523 0.023393878 0 0 0
C@CP 3245 0.226222623 -0.260683658 0.0966602076 0 0 0
C@CP 3247 0.308249797 -0.250897134 -0.0320353891 0 0 0
C@CP 3248 0.221823622 0.1239542 0.0743680404 0 0 0
C@CP 3249 -0.0307571754 -0.346615458 0.129424802 0 0 0
C@CP 3250 -0.0365516035 -0.430266336 -0.0419297262 0 0 0
C@CP 3251 0.186137865 -0.164281736 0.0150719259 0 0 0
C@CP 3252 0.0360047088 -0.0404851872 0.474492964 0 0 0
C@CP 3253 -0.0499064576 -0.261777916 -0.389980258 0 0 0
C@CP 3254 -0.239022448 -0.0222431023 -0.396806499 0 0 0
C@CP 3255 0.0420738518 0.220892055 0.218682201 0 0 0
C@CP 3256 0.215533227 0.185615004 -0.361787843 0 0 0
C@CP 3257 0.0490295638 -0.135065891 -0.343861651 0 0 0
C@CP 3258 0.11631537 -0.361232624 0.18108054 0 0 0
C@CP 3259 0.233016266 -0.0978088211 -0.363352236 0 0 0
C@CP 3262 0.137583415 -0.156029417 -0.212997515 0 0 0
C@CP 3263 -0.0863615326 -0.335259439 0.0994462611 0 0 0
C@CP 3264 -0.0626882063 0.0401058025 -0.0756831491 0 0 0
C@CP 3265 -0.381944859 0.146105778 -0.21818545 0 0 0
C@CP 3266 0.00894887531 -0.167609984 0.383083736 0 0 0
C@CP 3267 -0.0140520308 0.295386384 -0.258717802 0 0 0
C@CP 3268 0.1181304 0.0331498285 -0.131617478 0 0 0
C@CP 3269 -0.153798569 0.256240086 0.235282015 0 0 0
C@CP 3270 -0.117675611 -0.195572286 -0.285002705 0 0 0
C@CP 3271 -0.189206127 -0.153127801 -0.234930803 0 0 0
C@CP 3272 0.233999875 -0.166477038 0.233893589 0 0 0
C@CP 3273 0.187685752 0.0389431229 0.0883205404 0 0 0
C@CP 3274 0.245173538 0.295264552 -0.0339058888 0 0 0
C@CP 3275 0.367216669 0.193702465 -0.0263872994 0 0 0
C@CP 3276 0.109263184 -0.32134981 0.322085979 0 0 0
C@CP 3277 0.022093577 -0.28019399 -0.0857848598 0 0 0
C@CP 3278 0.0154545955 0.345429222 -0.277537718 0 0 0
C@CP 3279 -0.244850879 0.195279312 0.104114582 0 0 0
C@CP 3280 -0.241891704 0.0717490599 0.0575355299 0 0 0
C@CP 3281 0.0256121298 -0.165154506 -0.380155683 0 0 0
C@CP 3282 -0.106122933 0.151918362 -0.24809447 0 0 0
C@CP 3283 0.10418737 0.252355141 -0.0813214164 0 0 0
C@CP 3284 0.406891656 -0.0501910914 -0.120117479 0 0 0
C@CP 3285 -0.0872720921 0.151285842 -0.156158116 0 0 0
C@CP 3286 -0.279242942 -0.03226806 0.362612023 0 0 0
C@CP 3287 -0.333254254 0.217929279 -0.0521934506 0 0 0
C@CP 3288 0.366380504 -0.171068133 0.000477768046 0 0 0
C@CP 3289 -0.0179648403 0.0319320503 -0.445982103 0 0 0
C@CP 3290 0.180581763 0.129911758 -0.0920992661 0 0 0
C@CP 3291 0.332108469 -0.109985993 -0.20137462 0 0 0
C@CP 3292 0.191129331 -0.159083463 -0.233705247 0 0 0
C@CP 3293 -0.144582595 -0.031971821 -0.418040773 0 0 0
C@CP 3294 -0.398403161 0.0620463482 0.126988424 0 0 0
C@CP 3295 -0.0659494844 -0.0116567304 0.0537061799 0 0 0
C@CP 3296 0.100624225 0.0549944961 -0.133404341 0 0 0
C@CP 3297 0.323410632 -0.187289783 0.0852639173 0 0 0
C@CP 3298 -0.161699346 -0.192224275 0.355400206 0 0 0
C@CP 3299 -0.168989322 -0.109716159 0.0548666153 0 0 0
C@CP 3300 0.180385772 -0.344872291 -0.265125684 0 0 0
C@CP 3301 -0.222233968 0.0795760436 0.31422358 0 0 0
C@CP 3302 -0.196010263 -0.120647595 -0.110415531 0 0 0
C@CP 3303 -0.247783952 -0.335266845 -0.102774345 0 0 0
C@CP 3304 -0.40284531 -0.0213689951 0.0514937221 0 0 0
C@CP 3305 0.168534043 -0.066398483 0.397304773 0 0 0
C@CP 3306 0.0242926701 0.0972727944 0.253014909 0 0 0
C@CP 3307 0.292921791 0.215462936 -0.244606896 0 0 0
C@CP 3308 -0.395786012 0.0605134106 -0.0791085485 0 0 0
C@CP 3310 0.133289609 0.318398558 0.245758573 0 0 0
C@CP 3311 -0.410340671 -0.0682566981 -0.030230281 0 0 0
C@CP 3312 0.0188986591 0.123773025 -0.258770254 0 0 0
C@CP 3313 -0.306344998 -0.00130145225 -0.0182422453 0 0 0
C@CP 3314 0.26253237 0.210250317 -0.326464154 0 0 0
C@CP 3316 -0.29704831 0.166965073 -0.106258283 0 0 0
C@CP 3317 0.134604951 0.235743686 -0.311878656 0 0 0
C@CP 3318 0.0463488489 -0.1385613 0.140298043 0 0 0
C@CP 3319 0.0553064183 -0.0311973903 -0.33423534 0 0 0
C@CP 3320 0.0870402436 0.0343887506 -0.423337722 0 0 0
C@CP 3321 -0.0715101783 -0.296693497 -0.291328946 0 0 0
C@CP 3322 0.299001574 -0.338999432 0.0292863361 0 0 0
C@CP 3323 0.0936056789 0.314597257 0.139977227 0 0 0
C@CP 3324 0.12345476 0.359883917 0.0417591872 0 0 0
C@CP 3325 -0.180650544 -0.140949369 0.188460401 0 0 0
C@CP 3326 -0.287541091 0.130183911 0.252191181 0 0 0
C@CP 3327 -0.213251796 0.0082112718 0.315472216 0 0 0
C@CP 3328 0.010335236 -0.078554434 0.00762526124 0 0 0
C@CP 3329 0.0873599041 0.190162192 -0.264023643 0 0 0
C@CP 3330 0.0986168117 -0.128474767 0.0349477645 0 0 0
C@CP 3331 -0.150325533 -0.390409566 0.119302013 0 0 0
C@CP 3332 -0.0625524581 -0.212021516 0.0265373266 0 0 0
C@CP 3333 0.0195703439 -0.0468566736 0.246299911 0 0 0
C@CP 3334 -0.171106125 0.25831056 -0.315648613 0 0 0
C@CP 3335 0.115647309 -0.0865132207 0.353538532 0 0 0
C@CP 3336 -0.0969164184 -0.12681273 0.175922935 0 0 0
C@CP 3338 -0.0194598537 0.132837443 0.240048937 0 0 0
C@CP 3339 0.167852561 -0.0619977684 0.396296398 0 0 0
C@CP 3340 0.262846731 -0.345602752 0.0193658661 0 0 0
C@CP 3341 0.0587520731 -0.117847014 -0.400389713 0 0 0
C@CP 3342 0.12897466 0.312525083 -0.141173942 0 0 0
C@CP 3343 -0.306652905 0.0467147493 0.070875894 0 0 0
C@CP 3344 -0.133028891 -0.271022806 -0.175674295 0 0 0
C@CP 3345 0.158408013 -0.142621235 -0.305994141 0 0 0
C@CP 3346 -0.246215886 -0.273510982 0.138087411 0 0 0
C@CP 3347 0.0819294484 -0.0930401844 -0.0152522835 0 0 0
C@CP 3348 0.212219514 -0.204285871 -0.0393972542 0 0 0
C@CP 3349 -0.167960785 -0.209192069 0.0393930099 0 0 0
C@CP 3350 -0.153301479 -0.17305597 0.172865899 0 0 0
C@CP 3351 -0.345444343 0.244966908 0.130011454 0 0 0
C@CP 3352 -0.391302091 0.230019119 -0.104477537 0 0 0
C@CP 3353 0.317670966 -0.306267865 -0.118183735 0 0 0
C@CP 3355 -0.293350048 0.22202833 0.231749115 0 0 0
C@CP 3356 -0.190299899 0.146112034 0.0577905119 0 0 0
C@CP 3357 -0.35575083 0.216477576 0.111581159 0 0 0
C@CP 3358 -0.172187313 -0.132541116 -0.0185610174 0 0 0
C@CP 3359 0.180176489 -0.261527333 -0.122942073 0 0 0
C@CP 3360 0.255289746 0.115268068 -0.0530331835 0 0 0
C@CP 3361 0.175414388 0.324403741 -0.129854132 0 0 0
C@CP 3362 0.0445286798 -0.321245972 -0.252971287 0 0 0
C@CP 3363 0.0600785796 -0.210663934 -0.0116172218 0 0 0
C@CP 3364 -0.391653933 -0.193635209 0.135868225 0 0 0
C@CP 3365 -0.295067391 -0.171124938 -0.0859055614 0 0 0
C@CP 3366 -0.0282865586 0.0948237894 0.259240672 0 0 0
C@CP 3368 -0.142252572 -0.252823249 -0.237420805 0 0 0
C@CP 3369 -0.242563118 -0.286300023 0.269900824 0 0 0
C@CP 3370 -0.0641645921 0.313421826 0.0250637099 0 0 0
C@CP 3371 -0.367445965 -0.250205589 0.0953235639 0 0 0
C@CP 3372 0.325902581 -0.116678845 -0.0468179489 0 0 0
C@CP 3373 -0.353031932 -0.100900802 0.260458683 0 0 0
C@CP 3374 0.133598617 -0.0892676161 0.279722745 0 0 0
C@CP 3375 -0.078738395 0.123788729 0.338033378 0 0 0
C@CP 3376 0.171845376 -0.0601687391 0.0734178831 0 0 0
C@CP 3377 0.404930675 -0.0869213964 0.020445949 0 0 0
C@CP 3378 0.079396591 0.017247152 -0.376781374 0 0 0
C@CP 3379 -0.227525517 -0.0520365322 0.19956013 0 0 0
C@CP 3380 0.351721197 -0.0053331699 -0.200662325 0 0 0
C@CP 3381 0.189299662 -0.32756968 0.144510854 0 0 0
C@CP 3382 0.162262119 -0.328991602 -0.139324488 0 0 0
C@CP 3384 0.0854839405 0.37389798 0.153396733 0 0 0
C@CP 3385 -0.384134572 -0.201655097 0.120590877 0 0 0
C@CP 3386 -0.337848506 0.146179868 0.189871192 0 0 0
C@CP 3387 -0.040338098 -0.124575969 -0.324770565 0 0 0
C@CP 3388 0.0836304023 0.262564078 -0.371851442 0 0 0
C@CP 3389 0.351337133 0.0179895892 -0.296800741 0 0 0
C@CP 3390 -0.235268896 -0.180902505 0.286112716 0 0 0
C@CP 3391 0.288847386 -0.0123434087 -0.0140967623 0 0 0
C@CP 3392 0.168029192 -0.385483586 -0.0509789581 0 0 0
C@CP 3393 0.215184882 -0.157567523 -0.0817112313 0 0 0
C@CP 3394 -0.271935416 -0.0442719827 0.269251774 0 0 0
C@CP 3395 -0.428582457 0.0211426338 -0.154961085 0 0 0
C@CP 3396 -0.251142031 -0.288221152 0.0587650087 0 0 0
C@CP 3397 0.285121589 0.00643803391 -0.0538685015 0 0 0
C@CP 3398 -0.123291057 0.171122421 -0.0651898499 0 0 0
C@CP 3399 -0.17119999 -0.023784912 0.23603163 0 0 0
C@CP 3400 -0.294729257 0.354684635 0.0272284496 0 0 0
C@CP 3401 -0.155167984 0.022575122 0.370402252 0 0 0
C@CP 3402 0.397113013 -0.242528372 0.0537848037 0 0 0
C@CP 3403 -0.295702692 0.279516528 -0.0985439007 0 0 0
C@CP 3404 -0.00981286085 0.0135994616 -0.129164795 0 0 0
C@CP 3405 -0.206198752 0.259285062 0.240798014 0 0 0
C@CP 3406 0.222713312 0.191336332 0.229275925 0 0 0
C@CP 3407 -0.236953307 -0.0170692553 0.0391721744 0 0 0
C@CP 3408 0.324024232 -0.16441331 0.0564160443 0 0 0
C@CP 3409 0.0334912406 -0.271800782 0.296220043 0 0 0
C@CP 3410 0.242186531 0.384074623 -0.0276361028 0 0 0
C@CP 3411 -0.383737972 0.0634600788 0.263781435 0 0 0
C@CP 3412 0.196792752 0.286117233 0.168622093 0 0 0
C@CP 3413 0.312513601 -0.0332735316 0.115569096 0 0 0
C@CP 3414 0.174915898 -0.26524795 0.016354819 0 0 0
C@CP 3415 0.274039265 -0.370849682 0.033918904 0 0 0
C@CP 3416 -0.0650674141 0.309644775 0.331267752 0 0 0
C@CP 3417 -0.221085549 -0.173089482 -0.0927654356 0 0 0
C@CP 3418 0.111191051 -0.0512499981 -0.193351174 0 0 0
C@CP 3419 0.0902582686 -0.0831967205 0.334788554 0 0 0
C@CP 3420 0.200931195 0.198736492 0.041302747 0 0 0
C@CP 3421 -0.17900396 -0.144890765 0.315316928 0 0 0
C@CP 3422 0.367850696 -0.117514054 0.0386529292 0 0 0
C@CP 3423 0.04874107 -0.227747415 -0.253912787 0 0 0
C@CP 3424 -0.168258374 -0.232114502 0.327306593 0 0 0
C@CP 3425 0.0230562166 -0.399579153 -0.075110665 0 0 0
C@CP 3426 0.107536022 0.32087644 0.252095577 0 0 0
C@CP 3427 0.174820747 0.382280158 0.0995044255 0 0 0
C@CP 3428 -0.0496335751 -0.141095013 -0.0980024559 0 0 0
C@CP 3429 0.0903121857 0.257111412 0.0583130866 0 0 0
C@CP 3430 0.0969505337 -0.368168023 0.273884719 0 0 0
C@CP 3431 -0.103954225 0.275054697 -0.327781121 0 0 0
C@CP 3432 -0.383358314 0.0660345277 -0.0532150719 0 0 0
C@CP 3433 -0.0960671344 0.0424717535 0.0120484446 0 0 0
C@CP 3434 0.063790791 0.0496487754 -0.244701763 0 0 0
C@CP 3435 -0.178151314 -0.188387816 -0.0513556004 0 0 0
C@CP 3437 0.144465126 0.415474317 -0.0698896845 0 0 0
C@CP 3438 -0.237200978 -0.300543962 -0.127628758 0 0 0
C@CP 3439 -0.376211701 0.0820653672 -0.0838877935 0 0 0
C@CP 3440 0.281339102 0.239267897 -0.228177969 0 0 0
C@CP 3441 -0.369603196 -0.0664510932 0.145863203 0 0 0
C@CP 3442 0.0792217992 -0.142156901 -0.0898370532 0 0 0
C@CP 3443 0.0240012565 -0.260940339 0.2766797 0 0 0
C@CP 3444 -0.114363594 -0.0344379767 -0.4505173 0 0 0
C@CP 3445 0.174152606 0.203213002 0.054901327 0 0 0
C@CP 3446 -0.282302178 -0.314914433 -0.0314051679 0 0 0
C@CP 3447 0.0456389615 0.0627840641 -0.119684159 0 0 0
C@CP 3448 0.140099832 0.255676335 -0.342893831 0 0 0
C@CP 3449 -0.293388455 -0.163993048 0.20156955 0 0 0
C@CP 3450 0.00661029815 0.180532985 0.197195946 0 0 0
C@CP 3451 -0.0978320079 -0.218069264 0.114925686 0 0 0
C@CP 3452 0.249753908 -0.163000389 0.174266116 0 0 0
C@CP 3453 0.0902977548 -0.241677041 -0.0396258503 0 0 0
C@CP 3454 0.222388533 -0.0672385161 -0.331800244 0 0 0
C@CP 3455 0.31304172 -0.0416186255 0.301998561 0 0 0
C@CP 3456 -0.0589646759 -0.227705885 0.0494157017 0 0 0
C@CP 3457 -0.153794599 -0.0124355576 -0.109180536 0 0 0
C@CP 3458 0.281887001 0.0418899967 0.323697138 0 0 0
C@CP 3459 -0.266256545 0.272106469 -0.164451603 0 0 0
C@CP 3460 0.192926644 -0.0722759686 0.402665412 0 0 0
C@CP 3461 0.062852007 -0.00417298766 -0.0415306884 0 0 0
C@CP 3462 -0.198549155 -0.0186597864 0.0559994466 0 0 0
C@CP 3463 0.195297149 -0.153393678 -0.124577802 0 0 0
C@CP 3464 -0.140946274 -0.0644542126 -0.0148250735 0 0 0
C@CP 3465 0.367964326 -0.209993542 0.11714592 0 0 0
C@CP 3466 0.0948123274 -0.146868364 0.250059072 0 0 0
C@CP 3467 -0.188260712 -0.273549478 -0.0707667852 0 0 0
C@CP 3468 -0.330471469 -0.130008558 -0.141420465 0 0 0
C@CP 3469 0.0474001582 0.15187494 -0.0499990259 0 0 0
C@CP 3470 -0.415937485 -0.0357286677 0.150281353 0 0 0
C@CP 3471 -0.238583338 0.385125196 0.042962153 0 0 0
C@CP 3472 0.135870664 -0.0742077493 0.339037254 0 0 0
C@CP 3473 -0.349512187 -0.00752996622 -0.0923426228 0 0 0
C@CP 3474 -0.121033227 -0.275752243 -0.315399902 0 0 0
C@CP 3475 -0.105128988 -0.314848614 -0.0553900895 0 0 0
C@CP 3476 0.00542861416 0.354793002 -0.0707287648 0 0 0
C@CP 3477 -0.29236246 0.24276137 -0.0923027114 0 0 0
C@CP 3478 -0.103939174 0.272401036 -0.330549982 0 0 0
C@CP 3479 0.0952944392 -0.110796737 -0.153008655 0 0 0
C@CP 3480 0.0609145458 -0.179513299 0.263928338 0 0 0
C@CP 3481 -0.248697374 -0.186822472 -0.294622568 0 0 0
C@CP 3482 -0.385947619 0.0592091272 0.0886297142 0 0 0
C@CP 3483 0.019286921 -0.350560887 -0.0873340419 0 0 0
C@CP 3484 0.119617247 0.157575206 0.288145769 0 0 0
C@CP 3485 -0.0483824748 0.285877872 0.151698131 0 0 0
C@CP 3486 -0.457650535 0.0898920462 -0.036920586 0 0 0
C@CP 3487 0.162894884 -0.382644724 0.0374502021 0 0 0
C@CP 3488 -0.236591023 0.195535045 -0.365099309 0 0 0
C@CP 3489 0.00624558268 -0.137265107 -0.275802183 0 0 0
C@CP 3491 0.12881232 -0.252588889 -0.195204903 0 0 0
C@CP 3492 0.0133366401 -0.220863442 -0.371705763 0 0 0
C@CP 3493 0.272241554 -0.16396776 -0.0405403319 0 0 0
C@CP 3494 -0.407308675 0.0459382158 -0.0264616408 0 0 0
C@CP 3495 -0.156084429 -0.270987721 0.210075987 0 0 0
C@CP 3497 -0.136170697 0.320175257 0.200599143 0 0 0
B@CP 3499 0.166753752 0.0334561324 -0.231946085 0 0 0
C@CP 3500 -0.0922502221 0.336422832 0.0461838377 0 0 0
C@CP 3501 0.0606526713 -0.173042686 -0.317421281 0 0 0
C@CP 3502 -0.0467314527 -0.0482608478 -0.450791444 0 0 0
B@CP 3504 -0.0486630477 0.367332018 -0.25480542 0 0 0
C@CP 3505 0.189644757 -0.338471728 0.144300014 0 0 0
B@CP 3507 -0.0541617409 0.0510675791 0.137529609 0 0 0
C@CP 3508 0.150823392 -0.112621861 0.142851523 0 0 0
B@CP 3510 0.0710210806 0.273659475 -0.169148563 0 0 0
C@CP 3511 0.142427693 -0.0857698205 0.343467603 0 0 0
B@CP 3513 0.289266134 -0.023179318 0.28377967 0 0 0
C@CP 3514 0.141122688 -0.348509317 -0.122167266 0 0 0
B@CP 3516 0.258750678 -0.159808216 0.214679716 0 0 0
C@CP 3517 -0.378066402 0.181675769 0.170626353 0 0 0
B@CP 3519 -0.246421308 -0.323776702 0.00382579271 0 0 0
C@CP 3520 -0.0810554342 -0.188574033 -0.35151201 0 0 0
B@CP 3522 0.362482202 -0.260265988 0.165320088 0 0 0
C@CP 3523 -0.330548075 -0.052552941 0.11732922 0 0 0
B@CP 3525 0.109312437 0.0958096314 -0.111323869 0 0 0
C@CP 3526 0.338395829 0.253517977 0.110091149 0 0 0
B@CP 3528 0.264312037 -0.151426368 -0.268711556 0 0 0
C@CP 3529 -0.0310406847 -0.144139759 0.312710457 0 0 0
B@CP 3531 0.23568953 -0.231344427 0.127843518 0 0 0
C@CP 3532 0.183043723 0.248622966 0.334917388 0 0 0
B@CP 3534 -0.389986171 0.0826910741 0.196155832 0 0 0
C@CP 3535 -0.269345445 0.153449889 -0.334614311 0 0 0
C@CP 3538 -0.228218032 -0.118676096 -0.379521529 0 0 0
B@CP 3540 -0.0798092314 0.147737652 -0.399245313 0 0 0
C@CP 3541 -0.247431555 0.109141086 -0.325429164 0 0 0
B@CP 3543 -0.100333915 -0.33578218 -0.248536678 0 0 0
C@CP 3544 0.307668595 -0.170453379 -0.190976574 0 0 0
B@CP 3546 -0.278173033 0.352187867 -0.0120196808 0 0 0
B@CP 3548 -0.188500074 -0.203721052 0.200647152 0 0 0
C@CP 3549 0.13943315 0.0640595456 -0.0494140637 0 0 0
C@CP 3550 0.103910272 0.126467958 0.190822596 0 0 0
B@CP 3552 0.285996579 0.147425029 -0.277462559 0 0 0
C@CP 3553 0.0703630746 -0.0382757411 -0.263443827 0 0 0
B@CP 3555 0.439610201 -0.0855284407 0.0670988277 0 0 0
C@CP 3556 -0.104606487 -0.175350902 -0.0983254018 0 0 0
C@CP 3559 -0.0309639559 -0.17735361 0.159328208 0 0 0
B@CP 3561 0.290903467 -0.0112730164 -0.278270142 0 0 0
C@CP 3562 -0.143594636 0.375113205 -0.0815567126 0 0 0
B@CP 3564 0.303221426 -0.0371923119 -0.273985437 0 0 0
B@CP 3566 -0.29036433 -0.0172911519 0.0930441982 0 0 0
C@CP 3567 0.139384469 -0.307545641 -0.0918318398 0 0 0
C@CP 3568 -0.068697326 -7.5079221e-05 0.0563372712 0 0 0
B@CP 3570 0.0704263992 0.145379294 0.0695660201 0 0 0
C@CP 3571 0.0711997826 -0.192648348 -0.191955401 0 0 0
B@CP 3573 -0.00997379657 0.373489889 0.171234909 0 0 0
C@CP 3574 -0.0755555317 0.366050514 0.0629244337 0 0 0
B@CP 3576 0.152251241 0.0663960848 -0.364579314 0 0 0
C@CP 3577 0.0223820885 -0.298816798 -0.159871175 0 0 0
B@CP 3579 -0.134168172 0.0361809011 -0.218625327 0 0 0
C@CP 3580 0.336402493 -0.123404967 -0.282191804 0 0 0
B@CP 3582 0.126199524 -0.278330289 0.0295033423 0 0 0
B@CP 3584 -0.204274831 0.125424692 -0.324450919 0 0 0
C@CP 3585 0.357967403 0.0109333386 -0.176311814 0 0 0
C@CP 3586 -0.309738718 -0.171124892 -0.295178984 0 0 0
B@CP 3588 -0.0813078164 -0.0568013114 -0.329078554 0 0 0
C@CP 3589 -0.402949229 0.0802302005 0.1970806 0 0 0
B@CP 3591 0.0297536617 -0.244741101 -0.291157397 0 0 0
C@CP 3592 -0.0883159197 0.174357081 0.032885602 0 0 0
B@CP 3594 0.333827148 -0.29576142 -0.111732421 0 0 0
C@CP 3595 -0.118238096 -0.381161995 0.169369898 0 0 0
B@CP 3597 0.269783846 0.210658189 -0.242022997 0 0 0
C@CP 3598 -0.286784054 0.0431526109 0.201375117 0 0 0
B@CP 3600 0.102843675 0.0955536017 0.0605789801 0 0 0
C@CP 3601 0.159883792 0.34009821 0.281669924 0 0 0
B@CP 3603 0.00448970565 0.00992529579 0.467309032 0 0 0
C@CP 3604 -0.338383848 0.174403944 0.261528748 0 0 0
B@CP 3606 0.111402254 0.183863697 -0.368910702 0 0 0
C@CP 3607 0.237051437 -0.248748724 -0.279141835 0 0 0
B@CP 3609 -0.120767936 0.0318858968 -0.30761608 0 0 0
C@CP 3610 -0.410073781 0.0887409189 -0.221576167 0 0 0
B@CP 3612 0.0149593094 -0.409979403 -0.167896781 0 0 0
C@CP 3613 0.127355724 0.269023534 -0.349769726 0 0 0
B@CP 3615 0.0714611127 -0.263065229 -0.340921731 0 0 0
C@CP 3616 0.0653182762 -0.0296947692 0.249511349 0 0 0
B@CP 3618 0.0911237809 0.249220855 -0.31075479 0 0 0
C@CP 3619 0.139525455 -0.108920256 -0.428503132 0 0 0
B@CP 3621 0.344614661 -0.0668446973 0.142171963 0 0 0
C@CP 3622 -0.257098131 0.170895924 -0.3600574 0 0 0
B@CP 3624 -0.232694764 -0.0669517084 0.214346642 0 0 0
C@CP 3625 0.129694426 0.230627996 0.0586044581 0 0 0
