B@CP 1006 0.283746232 -0.121059319 0.148554289 0 0 0
B@CP 1010 0.0705547097 -0.324369036 -0.0843995406 0 0 0
B@CP 1012 0.231345308 0.0162732388 0.0494411571 0 0 0
B@CP 1013 -0.332459365 0.299567357 -0.0161887623 0 0 0
B@CP 1019 -0.0920551174 -0.0856392881 0.199859769 0 0 0
B@CP 1025 -0.0354489813 -0.105712168 -0.22926622 0 0 0
B@CP 1030 0.114941076 0.336575278 0.15382917 0 0 0
B@CP 1037 0.299228633 0.259916592 0.194565767 0 0 0
B@CP 1044 -0.141357456 0.0917046876 -0.412500314 0 0 0
B@CP 1045 -0.273898878 0.021197477 -0.0573303238 0 0 0
B@CP 1051 -0.056414658 -0.454820779 0.0721948643 0 0 0
B@CP 1052 0.201365643 -0.0266786018 -0.139682206 0 0 0
B@CP 1055 0.137824174 -0.270434424 -0.223781016 0 0 0
B@CP 1056 -0.0500235401 0.171768575 0.273732088 0 0 0
B@CP 1059 0.112920444 -0.227433234 0.0361472497 0 0 0
B@CP 1066 -0.139249239 -0.202560041 -0.254329484 0 0 0
B@CP 1070 0.173987109 0.0993668971 -0.0585032173 0 0 0
B@CP 1071 0.412715032 0.163920387 0.0417977409 0 0 0
B@CP 1073 0.0414218265 0.0505959557 0.312645443 0 0 0
B@CP 1074 -0.141845439 -0.189685633 -0.208473852 0 0 0
B@CP 1088 0.183762838 -0.0845864435 -0.162851529 0 0 0
B@CP 1090 0.37633553 -0.167311573 0.0921071651 0 0 0
B@CP 1091 0.247877562 -0.392481611 0.0219856358 0 0 0
B@CP 1093 0.391052894 -0.162031537 -0.126727501 0 0 0
B@CP 1095 0.0260443177 -0.181157614 0.243616851 0 0 0
B@CP 1098 0.241219957 -0.17127546 0.328081559 0 0 0
B@CP 1100 -0.0956613579 -0.184246796 -0.300228508 0 0 0
B@CP 1103 -0.150787601 -0.0136581457 0.118345971 0 0 0
B@CP 1104 -0.300210201 -0.142262836 0.0976748447 0 0 0
B@CP 1110 0.184394764 -0.318137034 -0.126214749 0 0 0
B@CP 1111 0.125716861 -0.251506538 -0.298406087 0 0 0
B@CP 1124 -0.0681772139 -0.279914605 0.114995966 0 0 0
B@CP 1126 -0.306124318 -0.271682004 0.219713076 0 0 0
B@CP 1127 -0.189691213 0.030879973 -0.335925975 0 0 0
B@CP 1130 -0.277416353 -0.202630728 0.302693922 0 0 0
B@CP 1133 -0.0853249542 -0.235175586 0.00640767538 0 0 0
B@CP 1135 0.0165206013 -0.216727041 0.11482205 0 0 0
B@CP 1141 0.222665525 -0.0064016465 0.0259441972 0 0 0
B@CP 1147 0.172826262 0.159542938 -0.347500736 0 0 0
B@CP 1149 -0.0919246455 -0.00108392451 -0.319031938 0 0 0
B@CP 1152 -0.079186331 0.227442035 0.269054139 0 0 0
B@CP 1153 0.140755621 -0.0211378974 -0.13884427 0 0 0
B@CP 1160 -0.310908428 -0.0232881325 -0.156547446 0 0 0
B@CP 1161 0.0419758923 0.285884359 0.261986646 0 0 0
B@CP 1162 -0.148229738 -0.323632008 0.167409118 0 0 0
B@CP 1169 0.273320433 -0.0378837941 0.268288746 0 0 0
B@CP 1170 -0.162467962 0.182161615 0.269782331 0 0 0
B@CP 1171 0.037005773 0.0549106719 -0.216046146 0 0 0
B@CP 1173 0.185787618 -0.380469996 -0.214506575 0 0 0
B@CP 1175 -0.102079027 0.0820957726 -0.380978604 0 0 0
B@CP 1177 -0.247241626 -0.123803603 -0.134802143 0 0 0
B@CP 1181 -0.082802247 -0.203452986 0.299348583 0 0 0
B@CP 1186 -0.329864867 0.318651345 -0.0422684036 0 0 0
B@CP 1187 -0.146601889 0.267058796 -0.309804893 0 0 0
B@CP 1193 -0.0739254483 0.19696511 0.149472451 0 0 0
B@CP 1200 -0.321643996 0.141488587 0.278443541 0 0 0
B@CP 1205 0.0943120854 -0.202412565 0.286920866 0 0 0
B@CP 1206 0.0718405329 -0.416563343 -0.0206990523 0 0 0
B@CP 1211 -0.186426206 0.112804849 -0.128502399 0 0 0
B@CP 1213 0.280028651 -0.0248402194 -0.240385336 0 0 0
B@CP 1222 0.243495003 0.309847509 -0.129787915 0 0 0
B@CP 1224 -0.231242641 0.162028352 -0.160528736 0 0 0
B@CP 1227 -0.0313198756 -0.348868857 0.227118211 0 0 0
B@CP 1231 -0.297001265 0.197878222 -0.02509636 0 0 0
B@CP 1235 0.419068155 -0.124900347 0.0160814276 0 0 0
B@CP 1240 0.0939894092 -0.116644368 0.420782906 0 0 0
B@CP 1243 -0.309839222 0.296767722 0.0740846429 0 0 0
B@CP 1248 0.338361858 -0.0210028582 0.309156835 0 0 0
B@CP 1250 0.425757386 -0.074830481 -0.104505842 0 0 0
B@CP 1251 0.291743403 -0.0920816314 0.119262753 0 0 0
B@CP 1255 -0.124447348 0.0963188811 -0.373986419 0 0 0
B@CP 1256 -0.220876046 -0.0175304542 0.299483613 0 0 0
B@CP 1258 0.216617549 -0.256224373 -0.214848945 0 0 0
B@CP 1261 -0.0555992337 0.153674772 -0.123952868 0 0 0
B@CP 1265 0.220380757 0.154858139 -0.242736899 0 0 0
B@CP 1269 -0.45003816 0.0331534951 0.0996178169 0 0 0
B@CP 1274 0.306837676 0.0551748593 0.313405392 0 0 0
B@CP 1275 -0.291237186 -0.0371533035 -0.0731115527 0 0 0
B@CP 1277 0.404832937 -0.10277512 0.0916114661 0 0 0
B@CP 1278 0.128699522 -0.0358011175 -0.267823267 0 0 0
B@CP 1283 -0.170655403 0.21708367 0.0769592329 0 0 0
B@CP 1287 -0.101960311 0.0533674171 0.386954559 0 0 0
B@CP 1291 -0.156860821 -0.0755173011 -0.41080114 0 0 0
B@CP 1293 0.172324574 -0.347082132 -0.204237642 0 0 0
B@CP 1296 -0.286574403 0.122831531 0.11606938 0 0 0
B@CP 1297 0.15529598 -0.0626603476 0.382982771 0 0 0
B@CP 1298 -0.0658661369 -0.407366319 -0.1816652 0 0 0
B@CP 1299 0.0326611503 -0.109186513 0.349945021 0 0 0
B@CP 1300 -0.104089028 -0.430388217 0.0953733616 0 0 0
B@CP 1304 0.0172669073 0.0864437606 0.0284477486 0 0 0
B@CP 1305 0.214286927 0.144442137 0.0322064121 0 0 0
B@CP 1311 -0.0156189464 -0.30046082 -0.353333798 0 0 0
B@CP 1322 0.0667432754 0.131505165 0.172051284 0 0 0
B@CP 1324 -0.219034437 -0.249592381 0.155409254 0 0 0
B@CP 1328 0.207372215 -0.0270224584 -0.356858635 0 0 0
B@CP 1333 -0.0109156399 0.385791706 -0.190475609 0 0 0
B@CP 1339 -0.0964959721 0.193072509 0.348306853 0 0 0
B@CP 1342 -0.232685941 0.107010676 -0.295701375 0 0 0
B@CP 1343 0.0730188807 -0.0169351404 -0.318534746 0 0 0
B@CP 1344 -0.187825033 -0.119582228 -0.253097431 0 0 0
B@CP 1351 0.341667784 0.13702175 -0.154639415 0 0 0
B@CP 1357 -0.408651486 -0.053973997 -0.193326498 0 0 0
B@CP 1359 -0.169022509 -0.247706199 -0.234285052 0 0 0
B@CP 1361 -0.455296128 0.0878450845 -0.0257368902 0 0 0
B@CP 1363 0.0596799112 0.0838410374 0.202285515 0 0 0
B@CP 1364 0.376319924 0.267079788 0.0554054652 0 0 0
B@CP 1365 0.108986684 0.168795597 0.198371429 0 0 0
B@CP 1368 -0.144120289 0.368408423 -0.21936021 0 0 0
B@CP 1369 0.297204075 0.0759824667 -0.347859456 0 0 0
B@CP 1376 0.25278599 0.0942896859 -0.150609645 0 0 0
B@CP 1377 -0.10135732 0.20349285 0.35004532 0 0 0
B@CP 1379 0.0479649877 -0.229860611 0.303060473 0 0 0
B@CP 1381 -0.123190931 0.343188768 0.298176765 0 0 0
B@CP 1383 -0.160131001 0.210208153 0.0810334304 0 0 0
B@CP 1385 -0.174317897 -0.00980055482 -0.217868376 0 0 0
B@CP 1389 0.133872822 0.281979522 -0.202548945 0 0 0
B@CP 1392 -0.295164338 0.0937144051 -0.0835925055 0 0 0
B@CP 1397 -0.142255975 -0.179105993 -0.152148239 0 0 0
B@CP 1398 -0.0237140187 -0.378297704 -0.130495034 0 0 0
B@CP 1400 0.040094433 0.0259246795 -0.229976993 0 0 0
B@CP 1401 0.0743837708 0.325841155 -0.329325217 0 0 0
B@CP 1408 -0.159871825 -0.159293616 0.376974881 0 0 0
B@CP 1410 0.030133899 -0.0826735765 0.0159722086 0 0 0
B@CP 1416 -0.0503452545 -0.11197166 0.284634915 0 0 0
B@CP 1419 -0.353186887 0.132257595 0.272776262 0 0 0
B@CP 1420 -0.378508225 0.112034018 -0.0548061248 0 0 0
B@CP 1435 -0.270424929 -0.355183895 0.135249554 0 0 0
B@CP 1449 0.286292393 -0.307508407 0.0997600152 0 0 0
B@CP 1450 0.158990188 -0.132430073 -0.320421277 0 0 0
B@CP 1451 -0.0756625147 0.25114908 0.189627819 0 0 0
B@CP 1455 0.336574242 0.00815734263 0.121046972 0 0 0
B@CP 1458 -0.035855405 -0.0179144722 0.404081353 0 0 0
B@CP 1461 -0.278291222 -0.101357457 0.105166415 0 0 0
B@CP 1467 -0.0747951812 0.277007225 -0.183917879 0 0 0
B@CP 1470 -0.110633786 0.119065958 -0.0166472845 0 0 0
B@CP 1471 0.0927910694 0.0942130706 0.34817846 0 0 0
B@CP 1472 -0.109662913 0.099547875 -0.289584991 0 0 0
B@CP 1482 -0.35271926 -0.0351982848 -0.136348714 0 0 0
B@CP 1484 0.397151288 0.00771653864 -0.248369856 0 0 0
B@CP 1485 -0.208335315 0.115437518 -0.0531055987 0 0 0
B@CP 1486 -0.249738854 -0.0974553457 -0.264717727 0 0 0
B@CP 1495 0.0858224399 0.0667991351 0.388483931 0 0 0
B@CP 1497 0.0171081956 -0.337909414 0.0157327041 0 0 0
B@CP 1504 -0.192456024 -0.106814917 0.0046361181 0 0 0
B@CP 1505 0.164669765 0.183019209 0.125173249 0 0 0
B@CP 1506 -0.271049767 -0.302251519 0.198776129 0 0 0
B@CP 1508 0.252954249 -0.0252561072 -0.254216484 0 0 0
B@CP 1509 0.179075036 -0.0705453956 0.253681733 0 0 0
B@CP 1513 0.163194941 0.0144669669 0.223477484 0 0 0
B@CP 1514 0.348736904 0.275522328 -0.00389183486 0 0 0
B@CP 1515 -0.238869661 0.0433838479 0.255084632 0 0 0
B@CP 1519 0.202678497 0.19741924 -0.24313129 0 0 0
B@CP 1528 0.192857084 0.260640945 0.184562861 0 0 0
B@CP 1535 -0.265041239 -0.174020671 -0.190304869 0 0 0
B@CP 1539 0.154467407 -0.0696952929 0.273663692 0 0 0
B@CP 1543 0.24167712 -0.21693164 -0.13756638 0 0 0
B@CP 1544 -0.299415793 -0.149780398 0.0878380616 0 0 0
B@CP 1547 0.112442802 -0.0153228631 0.125668308 0 0 0
B@CP 1551 0.0975558651 -0.122071624 -0.0969805872 0 0 0
B@CP 1557 -0.431612571 -0.102208846 -0.126003677 0 0 0
B@CP 1558 -0.389258202 -0.251486941 0.0070914953 0 0 0
B@CP 1559 -0.213183486 -0.298964882 0.202611595 0 0 0
B@CP 1560 -0.114368293 -0.26446624 0.262403611 0 0 0
B@CP 1565 0.275378301 -0.19162409 0.3307685 0 0 0
B@CP 1567 0.244648268 0.0290471106 0.155847732 0 0 0
B@CP 1569 -0.336648191 -0.167086762 0.046829326 0 0 0
B@CP 1570 0.0975365638 0.256486808 0.207175344 0 0 0
B@CP 1578 -0.245485154 -0.0623922511 -0.256413698 0 0 0
B@CP 1581 -0.135587276 -0.339026996 0.025499705 0 0 0
B@CP 1582 0.067116226 0.12642556 -0.227697132 0 0 0
B@CP 1583 0.40027238 -0.135636471 -0.156600038 0 0 0
B@CP 1588 0.00831416602 -0.119303606 0.228778545 0 0 0
B@CP 1590 0.00968213892 -0.00653078129 0.350095481 0 0 0
B@CP 1595 -0.062209185 0.251766413 -0.106289398 0 0 0
B@CP 1605 -0.393581579 0.0611913296 -0.0430049251 0 0 0
B@CP 1607 0.233585083 0.0359208546 -0.115029922 0 0 0
B@CP 1610 -0.104853498 -0.00135835036 0.214498987 0 0 0
B@CP 1611 -0.0714025003 0.30441885 0.252163673 0 0 0
B@CP 1612 -0.000708231979 -0.207553897 0.358330321 0 0 0
B@CP 1613 0.212050997 0.293634076 -0.0384112779 0 0 0
B@CP 1622 0.0774838416 0.106381273 -0.0991531964 0 0 0
B@CP 1623 0.399844216 0.0329217424 -0.194868904 0 0 0
B@CP 1624 -0.0501786272 0.249409059 0.396705708 0 0 0
B@CP 1629 -0.0914348173 0.160448551 -0.090384543 0 0 0
B@CP 1630 -0.117131384 0.241798858 0.225125724 0 0 0
B@CP 1636 -0.195395785 -0.089441981 -0.262075066 0 0 0
B@CP 1637 0.159934126 -0.206508209 0.287129375 0 0 0
B@CP 1639 -0.0332165215 -0.421396324 -0.0298880104 0 0 0
B@CP 1640 0.408488827 -0.201665253 -0.0173498294 0 0 0
B@CP 1641 -0.364583354 -0.0167787563 -0.225482622 0 0 0
B@CP 1643 0.0129741658 -0.333977516 0.257915373 0 0 0
B@CP 1644 0.103033333 0.347416858 0.185187408 0 0 0
B@CP 1646 0.3170425 0.0374840437 -0.0119807424 0 0 0
B@CP 1649 -0.201755585 -0.336203489 -0.0975596681 0 0 0
B@CP 1653 0.116086479 0.0838272418 -0.148828586 0 0 0
B@CP 1656 0.32219643 -0.271745598 0.16971963 0 0 0
B@CP 1660 -0.0338629694 0.0755571566 0.0320866738 0 0 0
B@CP 1661 0.0122635445 0.157264177 0.425428506 0 0 0
B@CP 1669 -0.294879559 0.206846566 -0.213118099 0 0 0
B@CP 1670 -0.0349687213 0.269117077 0.186324982 0 0 0
B@CP 1686 -0.284366521 -0.00936495835 0.326450226 0 0 0
B@CP 1691 0.091078329 0.192661015 -0.394956153 0 0 0
B@CP 1693 0.174117109 0.112388309 -0.380733323 0 0 0
B@CP 1695 -0.21522844 -0.118076509 0.339993519 0 0 0
B@CP 1699 -0.0670170673 0.0674368507 -0.197797562 0 0 0
B@CP 1701 -0.239310621 0.0194176623 0.0109867423 0 0 0
B@CP 1703 0.180799407 0.223971168 0.0391011307 0 0 0
B@CP 1704 -0.20456936 -0.0989496643 0.289907646 0 0 0
B@CP 1706 -0.309638618 0.0235522493 -0.229856542 0 0 0
B@CP 1711 -0.265472579 0.302192879 0.138267261 0 0 0
B@CP 1718 0.0457155138 -0.00838981232 -0.0189207998 0 0 0
B@CP 1720 -0.359472558 0.095752087 -0.0162504264 0 0 0
B@CP 1722 -0.236844679 0.114683367 0.395162764 0 0 0
B@CP 1726 -0.181770288 0.24035209 0.205921574 0 0 0
B@CP 1730 -0.190473055 0.366954987 0.224170461 0 0 0
B@CP 1736 0.0259780309 -0.250322941 -0.213756986 0 0 0
B@CP 1740 -0.22608053 -0.411558743 -0.00258130467 0 0 0
B@CP 1742 -0.333764471 0.302977311 -0.0882295691 0 0 0
B@CP 1748 0.0385120956 -0.14417367 -0.127171731 0 0 0
B@CP 1753 -0.118874692 -0.434338804 -0.093774039 0 0 0
B@CP 1762 0.24183339 0.183235947 -0.127601124 0 0 0
B@CP 1763 0.159352349 -0.402320343 -0.161269182 0 0 0
B@CP 1765 -0.173587018 0.133488126 -0.25310866 0 0 0
B@CP 1766 -0.281423908 0.116140965 -0.07185943 0 0 0
B@CP 1768 0.0372871626 -0.257426654 -0.111789056 0 0 0
B@CP 1769 0.0214294931 0.152149668 -0.11031477 0 0 0
B@CP 1770 0.174559777 0.27085643 0.126552386 0 0 0
B@CP 1774 -0.287283423 0.080046942 -0.0192457368 0 0 0
B@CP 1775 -0.195516785 0.0987589506 0.413562106 0 0 0
B@CP 1778 0.149727038 0.0586103518 0.206798686 0 0 0
B@CP 1781 0.234581917 0.199253957 0.11032564 0 0 0
B@CP 1786 0.0808053691 0.310399671 -0.0668449592 0 0 0
B@CP 1787 0.334004909 -0.0909056588 -0.303143124 0 0 0
B@CP 1790 0.225254363 0.034121264 -0.00199499605 0 0 0
B@CP 1792 0.00354620106 -0.193297543 -0.198828037 0 0 0
B@CP 1795 0.343610331 -0.0193547912 -0.22256171 0 0 0
B@CP 1796 0.111283066 -0.191419286 -0.150896815 0 0 0
B@CP 1804 0.266401926 -0.125613417 0.230319631 0 0 0
B@CP 1810 -0.22971301 0.190554666 0.0737712893 0 0 0
B@CP 1817 -0.0194851251 -0.297230248 0.312467858 0 0 0
B@CP 1818 -0.302948393 -0.0702192932 -0.304141346 0 0 0
B@CP 1826 0.0773868758 0.204428872 0.129302475 0 0 0
B@CP 1829 0.159175657 0.0884003092 0.0552145923 0 0 0
B@CP 1830 -0.19148289 -0.139957163 0.226834329 0 0 0
B@CP 1834 0.322474576 0.19903651 0.138512006 0 0 0
B@CP 1837 0.03222798 -0.343701432 -0.0522528554 0 0 0
B@CP 1839 -0.314251951 0.220941679 -0.130115771 0 0 0
B@CP 1842 0.341708409 0.147602164 0.059032124 0 0 0
B@CP 1844 -0.0226191302 -0.156549491 0.326642666 0 0 0
B@CP 1845 -0.118361186 -0.123945844 0.393104123 0 0 0
B@CP 1846 -0.0477916202 -0.015579529 0.172211167 0 0 0
B@CP 1850 -0.0780736433 0.0811932401 0.424096297 0 0 0
B@CP 1851 0.128559874 -0.178635411 -0.0320156052 0 0 0
B@CP 1852 0.16134363 0.138923429 0.215550096 0 0 0
B@CP 1856 -0.205650707 -0.075274398 -0.181011906 0 0 0
B@CP 1857 0.209616936 0.252451849 0.126287191 0 0 0
B@CP 1858 -0.356182401 -0.12652131 -0.164854508 0 0 0
B@CP 1862 0.0140668702 -0.203318822 0.316213507 0 0 0
B@CP 1863 0.257874566 0.0576519687 0.205639539 0 0 0
B@CP 1868 0.162514736 0.116757824 -0.122323234 0 0 0
B@CP 1874 -0.0581745671 -0.253349387 0.231495838 0 0 0
B@CP 1879 -0.141301044 0.250952119 -0.0874887906 0 0 0
B@CP 1880 -0.118187435 0.392153263 0.221283458 0 0 0
B@CP 1881 -0.219866161 -0.20468616 -0.0402673806 0 0 0
B@CP 1885 -0.442836192 0.0333960181 -0.0244472178 0 0 0
B@CP 1892 -0.0778345475 0.141943556 -0.337348149 0 0 0
B@CP 1893 0.321356325 0.324636414 0.0858473128 0 0 0
B@CP 1895 0.328184189 0.239663948 0.171330571 0 0 0
B@CP 1897 0.114184075 -0.309721353 0.118709188 0 0 0
B@CP 1900 -0.245603252 0.119689619 -0.372024507 0 0 0
B@CP 1909 -0.127674447 0.397653337 0.206185241 0 0 0
B@CP 1910 -0.0557089027 0.226826143 -0.0710315913 0 0 0
B@CP 1912 0.109947114 0.244401478 0.318701619 0 0 0
B@CP 1914 -0.342652818 -0.0961460705 -0.20013521 0 0 0
B@CP 1917 0.213557695 -0.18748962 0.352528051 0 0 0
B@CP 1928 -0.127551691 -0.328938437 0.0906320616 0 0 0
B@CP 1930 0.267161158 -0.177473073 0.0095508992 0 0 0
B@CP 1931 -0.0930525203 0.0921053301 0.111852306 0 0 0
B@CP 1934 0.366778776 -0.0915385383 -0.110132509 0 0 0
B@CP 1936 0.0590056128 -0.371070001 -0.272479934 0 0 0
B@CP 1939 -0.0707855373 -0.302121433 -0.247373935 0 0 0
B@CP 1945 0.242584231 -0.166377603 0.37774823 0 0 0
B@CP 1949 -0.154780034 0.262188017 -0.111144861 0 0 0
B@CP 1950 0.0868618134 -0.134553462 -0.353111438 0 0 0
B@CP 1957 0.139838519 -0.0703136215 -0.345421455 0 0 0
B@CP 1959 -0.087027798 -0.0381791569 -0.22693327 0 0 0
B@CP 1962 0.281115047 -0.222389057 -0.231324846 0 0 0
B@CP 1969 -0.176413813 -0.000889692934 0.106421368 0 0 0
B@CP 1975 -0.000809799234 -0.127806992 -0.218071472 0 0 0
B@CP 1979 0.208846671 -0.321061555 -0.0661464712 0 0 0
B@CP 1984 0.0167707124 -0.17026557 0.402937921 0 0 0
B@CP 1985 -0.161557634 -0.231192636 -0.0478040261 0 0 0
B@CP 1986 0.10526231 -0.0464243575 0.396465878 0 0 0
B@CP 1987 -0.222138388 0.0607593857 0.156599104 0 0 0
B@CP 1990 0.0347735783 -0.138590178 -0.278415038 0 0 0
B@CP 1993 0.2337457 0.0495705169 0.368820377 0 0 0
B@CP 1995 -0.151585555 0.172540495 -0.286118195 0 0 0
B@CP 1997 -0.153226376 0.12913731 -0.174627773 0 0 0
B@CP 2002 -0.162629164 0.239689646 0.314869972 0 0 0
B@CP 2005 0.234399294 0.063376344 0.36247025 0 0 0
B@CP 2008 -0.222418874 0.1217748 0.0665959925 0 0 0
B@CP 2009 -0.104944837 0.111175117 -0.39889538 0 0 0
B@CP 2011 -0.240824989 0.155574937 0.0214573654 0 0 0
B@CP 2015 0.0313547031 -0.0782063212 0.388745217 0 0 0
B@CP 2019 -0.392417715 0.0752016249 -0.0163572391 0 0 0
B@CP 2020 -0.0810625997 0.00220159197 0.258376157 0 0 0
B@CP 2022 0.117991539 0.00324597435 -0.171452865 0 0 0
B@CP 2023 0.214474094 0.0788136593 -0.246998631 0 0 0
B@CP 2031 0.101032343 0.254240708 0.362856276 0 0 0
B@CP 2034 -0.189112756 -0.311201486 -0.0504589997 0 0 0
B@CP 2035 0.0817762543 -0.0361419271 -0.0666120424 0 0 0
B@CP 2036 0.0981222377 0.242981298 -0.170661243 0 0 0
B@CP 2038 0.0776931909 -0.278660579 0.167554793 0 0 0
B@CP 2043 -0.110024278 0.153280434 0.0689965464 0 0 0
B@CP 2048 0.0826450619 -0.105452406 -0.169677483 0 0 0
B@CP 2049 0.346465667 -0.219684793 0.21422121 0 0 0
B@CP 2051 0.0637349286 -0.0910404803 0.268661821 0 0 0
B@CP 2052 0.0714573992 -0.333143207 0.126729786 0 0 0
B@CP 2053 -0.132601559 -0.170360263 -0.36465611 0 0 0
B@CP 2056 -0.0590540434 -0.127873591 0.427716261 0 0 0
B@CP 2058 0.165493282 -0.301490983 -0.0845852853 0 0 0
B@CP 2060 -0.217021339 0.0236061539 -0.308689602 0 0 0
B@CP 2062 0.149158009 0.0998286494 -0.301498812 0 0 0
B@CP 2063 0.256806016 0.256527507 0.237438877 0 0 0
B@CP 2067 -0.358298902 -0.0141218171 0.0364054123 0 0 0
B@CP 2080 0.0684607799 0.217276026 0.368163633 0 0 0
B@CP 2081 -0.200254331 -0.0857571113 0.170427067 0 0 0
B@CP 2082 0.185514125 0.324229821 -0.138182965 0 0 0
B@CP 2083 0.344027708 -0.139093737 -0.279305306 0 0 0
B@CP 2085 0.351766536 -0.0901904169 0.0120794075 0 0 0
B@CP 2087 -0.0408515519 0.300450291 0.35154572 0 0 0
B@CP 2088 0.413368691 -0.0216803101 -0.226934256 0 0 0
B@CP 2091 -0.101125586 -0.184918073 -0.214802134 0 0 0
B@CP 2094 -0.0740958582 -0.0392208657 0.210224112 0 0 0
B@CP 2104 0.159927709 -0.316730951 -0.0753220038 0 0 0
B@CP 2115 -0.32089933 -0.168709049 -0.164278254 0 0 0
B@CP 2118 0.426864361 0.020215259 0.0304411318 0 0 0
B@CP 2122 0.235288572 -0.144089376 0.385750984 0 0 0
B@CP 2123 -0.234720729 0.216291957 0.322290457 0 0 0
B@CP 2124 -0.355463579 0.218302264 0.162300384 0 0 0
B@CP 2126 -0.10471866 0.370956802 -0.0846298998 0 0 0
B@CP 2127 -0.369363612 0.0905560916 0.179518176 0 0 0
B@CP 2129 -0.18157796 0.329298193 -0.178937756 0 0 0
B@CP 2137 -0.0612689473 0.00820867487 0.42952278 0 0 0
B@CP 2142 0.384639762 0.204717982 0.148537494 0 0 0
B@CP 2145 -0.16679404 -0.110545583 -0.248570129 0 0 0
B@CP 2146 0.386845535 0.0712947709 -0.142207806 0 0 0
B@CP 2149 0.378354377 -0.0188654154 0.260228096 0 0 0
B@CP 2154 -0.241222371 0.146584769 -0.240701274 0 0 0
B@CP 2155 0.230482576 -0.0714830193 0.129690861 0 0 0
B@CP 2159 -0.14947421 0.287891924 -0.287008949 0 0 0
B@CP 2160 -0.180707834 -0.402274211 0.146128125 0 0 0
B@CP 2163 -0.239212817 0.306488773 0.0921333429 0 0 0
B@CP 2165 -0.0243623865 0.197423177 -0.239856745 0 0 0
B@CP 2167 -0.0649587552 0.195274269 -0.349049162 0 0 0
B@CP 2171 0.247210853 -0.0489844231 -0.226654735 0 0 0
B@CP 2174 0.212040671 0.120531919 -0.25713994 0 0 0
B@CP 2176 0.258311201 0.00134369176 0.0182735655 0 0 0
B@CP 2177 0.186003761 0.200833894 0.097788388 0 0 0
B@CP 2178 -0.264777857 0.234185881 -0.088371641 0 0 0
B@CP 2184 -0.218653209 0.146833905 -0.334667785 0 0 0
B@CP 2188 -0.180608563 -0.122313081 0.193457425 0 0 0
B@CP 2192 0.0985058481 0.415233245 0.170271108 0 0 0
B@CP 2196 0.179381919 -0.146424244 0.392602774 0 0 0
B@CP 2197 -0.276558263 0.178584018 -0.102764461 0 0 0
B@CP 2202 -0.239255605 0.176258689 0.0645998446 0 0 0
B@CP 2208 0.0474306701 0.110895166 -0.117392683 0 0 0
B@CP 2213 0.17645891 -0.348301033 0.0535431649 0 0 0
B@CP 2223 0.333617317 -0.216331811 0.112819883 0 0 0
B@CP 2224 -0.262156283 -0.142987551 0.274611629 0 0 0
B@CP 2225 -0.185885893 -0.250624737 0.213887977 0 0 0
B@CP 2226 0.0283318794 0.143927318 -0.285454644 0 0 0
B@CP 2227 -0.266045763 0.334337044 -0.0387409826 0 0 0
B@CP 2228 -0.0726910424 -0.300758887 -0.167420075 0 0 0
B@CP 2229 -0.319540307 0.00204427109 0.235734186 0 0 0
B@CP 2230 0.00909347658 -0.122087012 0.363164501 0 0 0
B@CP 2231 0.31377325 -0.0981576306 0.237807886 0 0 0
B@CP 2232 0.304015038 -0.0319307412 0.233889283 0 0 0
B@CP 2241 -0.132285171 0.0470846897 -0.103102538 0 0 0
B@CP 2247 0.135762761 -0.224248567 -0.281220129 0 0 0
B@CP 2250 0.0735846952 -0.39676593 0.224820177 0 0 0
B@CP 2251 -0.265687865 -0.181031219 -0.144260558 0 0 0
B@CP 2254 -0.0447826277 0.377208443 -0.19763624 0 0 0
B@CP 2255 -0.355183435 -0.108419158 -0.142685011 0 0 0
B@CP 2256 0.00334117033 -0.00146166537 0.0428524482 0 0 0
B@CP 2257 -0.125876724 0.311244478 0.0828332782 0 0 0
B@CP 2258 -0.323010645 -0.177100432 0.0120326736 0 0 0
B@CP 2259 -0.0962427077 -0.0916204623 0.177728343 0 0 0
B@CP 2262 0.167862704 -0.129633266 -0.167297727 0 0 0
B@CP 2271 -0.0319099094 -0.162742388 -0.0389685663 0 0 0
B@CP 2272 -0.139840146 -0.278427503 0.231398328 0 0 0
B@CP 2275 0.0261619763 -0.299920812 -0.177460975 0 0 0
B@CP 2276 -0.180830242 0.0520165443 -0.338467898 0 0 0
B@CP 2278 -0.015648516 -0.448381934 0.0184709369 0 0 0
B@CP 2282 -0.0900431499 -0.244369595 -0.134502483 0 0 0
B@CP 2292 0.00867765316 0.344300776 0.0673364478 0 0 0
B@CP 2295 0.0869687466 -0.370618669 -0.225416383 0 0 0
B@CP 2296 0.119115234 0.0605952858 0.315298342 0 0 0
B@CP 2303 0.284213352 0.105717093 0.0608044328 0 0 0
B@CP 2306 0.135140763 0.0697328558 0.106088608 0 0 0
B@CP 2307 0.42387147 0.0175188957 0.129214392 0 0 0
B@CP 2308 0.280866082 0.342388637 0.0958559107 0 0 0
B@CP 2309 0.0430415344 0.202109257 0.225679703 0 0 0
B@CP 2313 -0.120366491 0.170684939 -0.261920878 0 0 0
B@CP 2314 0.061893982 0.177207657 0.373540165 0 0 0
B@CP 2317 0.256763397 0.28415858 0.161295281 0 0 0
B@CP 2318 -0.286245213 -0.0492942513 -0.202281964 0 0 0
B@CP 2320 -0.238117602 -0.112585924 0.114377607 0 0 0
B@CP 2321 0.342692492 0.243692434 -0.0448012287 0 0 0
B@CP 2326 0.0317245107 -0.0189913862 0.168733762 0 0 0
B@CP 2333 0.15136291 0.141842034 -0.208136058 0 0 0
B@CP 2335 -0.0277771153 0.145735585 0.120788674 0 0 0
B@CP 2336 -0.289967371 -0.198296729 0.173477465 0 0 0
B@CP 2340 -0.0677057752 -0.207895237 -0.232121272 0 0 0
B@CP 2344 0.27822861 0.0734593084 -0.20181087 0 0 0
B@CP 2346 0.385983759 -0.220871115 -0.139834231 0 0 0
B@CP 2347 0.223528445 -0.203250098 -0.319371216 0 0 0
B@CP 2350 -0.243300917 -0.125709476 0.255716895 0 0 0
B@CP 2351 -0.245037022 0.346005112 0.0604031094 0 0 0
B@CP 2352 -0.153353479 -0.375561793 -0.0760813865 0 0 0
B@CP 2353 0.178361271 -0.273533467 -0.206931922 0 0 0
B@CP 2357 -0.191437652 0.407472498 0.0849207905 0 0 0
B@CP 2360 0.260641475 0.0886956429 -0.17374569 0 0 0
B@CP 2361 0.269680096 -0.395882016 0.00491852349 0 0 0
B@CP 2362 -0.215130703 -0.158999351 -0.391210762 0 0 0
B@CP 2365 0.141815058 -0.187561526 0.0859260678 0 0 0
B@CP 2366 -0.178002013 0.262146698 -0.285204943 0 0 0
B@CP 2371 -0.285097442 0.216123733 -0.210487712 0 0 0
B@CP 2374 0.365323831 -0.157585575 -0.0584183648 0 0 0
B@CP 2375 0.182950955 -0.238833619 -0.237040905 0 0 0
B@CP 2376 0.233074165 0.200551006 -0.127795695 0 0 0
B@CP 2384 -0.117103994 -0.0409865556 -0.110667123 0 0 0
B@CP 2386 0.0487612525 -0.0933094351 -0.295304539 0 0 0
B@CP 2388 -0.239723995 0.185829939 0.209302907 0 0 0
B@CP 2390 -0.10045017 -0.126500614 0.201995597 0 0 0
B@CP 2392 0.0493979454 -0.195439607 0.0955956589 0 0 0
B@CP 2393 0.380564876 0.0850226574 0.0941176305 0 0 0
B@CP 2395 -0.231672084 0.0748795362 -0.225334516 0 0 0
B@CP 2396 0.0371066334 0.261279975 -0.029009786 0 0 0
B@CP 2399 0.0487270692 0.131695241 0.41809676 0 0 0
B@CP 2400 0.183905126 0.416318449 -0.101735526 0 0 0
B@CP 2401 -0.0669251917 -0.283627861 -0.197508649 0 0 0
B@CP 2402 0.134092068 0.0166809451 0.182040091 0 0 0
B@CP 2403 -0.247943989 0.0262225167 -0.11496505 0 0 0
B@CP 2406 -0.129015199 0.208122298 -0.0939720592 0 0 0
B@CP 2411 0.0529982562 -0.0704210278 -0.218554712 0 0 0
B@CP 2418 0.33064091 -0.127580067 0.157528472 0 0 0
B@CP 2419 -0.21788514 -0.353665931 -0.0788914167 0 0 0
B@CP 2424 -0.283213366 0.0582965394 -0.133965904 0 0 0
B@CP 2425 0.130657842 -0.234827212 -0.12482974 0 0 0
B@CP 2431 -0.319265223 -0.199264436 0.205828281 0 0 0
B@CP 2433 0.0607082614 -0.346108348 0.181980396 0 0 0
B@CP 2435 -0.0226722987 0.240419999 -0.0551419491 0 0 0
B@CP 2441 -0.459620234 0.00969499296 0.0465557172 0 0 0
B@CP 2442 0.221362625 -0.152286868 -0.056404607 0 0 0
B@CP 2443 0.0894799157 0.389974845 0.0963224952 0 0 0
B@CP 2444 -0.410396875 0.190159284 -0.122952609 0 0 0
B@CP 2448 -0.326827453 -0.0951306197 0.103603677 0 0 0
B@CP 2450 0.172131345 0.0498783881 -0.0471196739 0 0 0
B@CP 2452 0.018276562 -0.342652452 0.135092849 0 0 0
B@CP 2456 0.219883701 -0.151391994 -0.319503712 0 0 0
B@CP 2457 0.285980741 0.280602334 0.0806417871 0 0 0
B@CP 2458 -0.0799492094 0.148998928 -0.0905251379 0 0 0
B@CP 2460 -0.199868129 0.175198305 -0.191847394 0 0 0
B@CP 2463 -0.135058737 -0.32572312 0.195983049 0 0 0
B@CP 2466 -0.0346469485 0.277072948 0.139995633 0 0 0
B@CP 2467 0.215527087 0.370234134 0.0065399692 0 0 0
B@CP 2469 -0.404751857 -0.167963892 0.0905620098 0 0 0
B@CP 2471 0.169709935 -0.0234051713 0.41642267 0 0 0
B@CP 2473 -0.0370829791 -0.201706521 -0.240101546 0 0 0
B@CP 2474 -0.213278486 -0.20943626 -0.0897721553 0 0 0
B@CP 2476 0.121816088 0.358105643 -0.246925788 0 0 0
B@CP 2479 -0.235222184 -0.313153707 -0.122710444 0 0 0
B@CP 2482 -0.0741232729 0.262032116 0.250236827 0 0 0
B@CP 2485 -0.463738465 -0.072527619 -0.0149924704 0 0 0
B@CP 2491 -0.0913828928 0.262831278 0.231139439 0 0 0
B@CP 2494 0.12976501 -0.234956294 0.0617489639 0 0 0
B@CP 2497 -0.0165462736 -0.358556533 -0.248908448 0 0 0
B@CP 2499 0.223608978 0.254194133 -0.0268360789 0 0 0
C@CP 2500 0.340931213 0.167297691 0.0250204134 0 0 0
C@CP 2501 -0.0476727448 -0.111657852 0.172691998 0 0 0
C@CP 2502 0.190938106 -0.226585892 -0.0816131624 0 0 0
C@CP 2503 -0.217504441 0.0956387599 -0.246641974 0 0 0
C@CP 2504 0.0639204319 0.0691051916 0.409901323 0 0 0
C@CP 2505 -0.326350853 -0.212891436 0.143550591 0 0 0
C@CP 2506 0.0648689547 0.0899958414 0.153431172 0 0 0
C@CP 2507 0.277511196 0.0827418394 0.268905451 0 0 0
C@CP 2508 -0.123861101 0.171871147 0.289714116 0 0 0
C@CP 2509 0.386509453 -0.212236146 0.0503618661 0 0 0
C@CP 2510 -0.176861419 -0.160293718 -0.019503581 0 0 0
C@CP 2511 -0.255551551 0.144772383 0.084601543 0 0 0
C@CP 2512 -0.142934017 0.0628934804 0.416977604 0 0 0
C@CP 2513 0.128094356 0.230647542 0.278847356 0 0 0
C@CP 2514 0.339654249 0.00685026337 -0.0317848937 0 0 0
C@CP 2515 0.0206449413 0.0502548987 0.27812362 0 0 0
C@CP 2517 0.22859602 -0.206509852 -0.330086092 0 0 0
C@CP 2518 0.103676634 0.254495435 0.123621921 0 0 0
C@CP 2519 0.253507209 0.277985493 -0.167105202 0 0 0
C@CP 2520 -0.162138755 -0.0858398359 -0.419129429 0 0 0
C@CP 2521 -0.0323494045 -0.460109244 0.06993354 0 0 0
C@CP 2522 -0.0325503002 0.214536771 -0.0245752885 0 0 0
C@CP 2523 -0.398622699 -0.0632823279 -0.203562212 0 0 0
C@CP 2524 -0.326954194 -0.0912137993 -0.214187882 0 0 0
C@CP 2525 -0.271011962 0.289101467 0.165159175 0 0 0
C@CP 2526 0.101753958 0.193701942 0.37651157 0 0 0
C@CP 2527 0.132286152 0.0498442154 0.0707996529 0 0 0
C@CP 2528 0.134472981 0.325253203 -0.189029247 0 0 0
C@CP 2529 -0.215957468 0.187086962 -0.31467624 0 0 0
C@CP 2530 0.120929811 0.0788995608 0.291170596 0 0 0
C@CP 2531 0.0755912135 -0.13795245 0.139042798 0 0 0
C@CP 2532 0.214223123 0.301232859 0.0165472402 0 0 0
C@CP 2533 -0.111548308 0.418656705 0.0166816444 0 0 0
C@CP 2534 0.111938012 -0.229705536 0.015269369 0 0 0
C@CP 2535 0.0941835221 -0.290250377 -0.126740343 0 0 0
C@CP 2536 0.360628699 0.16654867 0.10647581 0 0 0
C@CP 2537 -0.304701945 -0.0230054424 -0.334190153 0 0 0
C@CP 2538 0.0719021601 -0.00860474673 0.157386602 0 0 0
C@CP 2539 -0.367665827 -0.189770498 0.0464163703 0 0 0
C@CP 2540 0.348173891 -0.222932819 -0.201049076 0 0 0
C@CP 2541 -0.0919234679 -0.0619923114 0.304950783 0 0 0
C@CP 2542 -0.0530902942 0.0278817549 0.217959682 0 0 0
C@CP 2544 -0.22118983 -0.256246756 0.104909199 0 0 0
C@CP 2545 0.0292215924 -0.225908109 0.281447592 0 0 0
C@CP 2546 -0.122548509 0.0720188635 -0.360567832 0 0 0
C@CP 2547 -0.271883975 0.262476838 0.0776356151 0 0 0
C@CP 2548 -0.0124050289 0.118696376 -0.220275596 0 0 0
C@CP 2549 -0.31250652 0.314731613 0.00797022582 0 0 0
C@CP 2550 0.0776878704 0.168168011 -0.140284012 0 0 0
C@CP 2551 -0.402318955 0.218461809 0.0232692708 0 0 0
C@CP 2552 -0.312328758 0.259056983 0.0562601504 0 0 0
C@CP 2553 0.229376119 -0.315984789 -0.136124001 0 0 0
C@CP 2554 -0.305452583 0.258577693 0.115311412 0 0 0
C@CP 2555 -0.166459353 -0.0287419998 -0.42380072 0 0 0
C@CP 2556 0.187657917 -0.194449577 0.356099845 0 0 0
C@CP 2557 0.257592626 -0.137058299 -0.296778273 0 0 0
C@CP 2558 -0.0992259778 -0.0471719185 -0.348779625 0 0 0
C@CP 2559 -0.271422237 -0.2455061 0.151910261 0 0 0
C@CP 2560 0.380997892 -0.0634056853 -0.0957292607 0 0 0
C@CP 2561 0.0880203191 0.229678586 -0.0305376732 0 0 0
C@CP 2562 0.0689782792 -0.179648527 0.217681345 0 0 0
C@CP 2563 0.110003709 0.158978346 0.0923106055 0 0 0
C@CP 2564 0.110258619 0.151671947 0.276424378 0 0 0
C@CP 2565 0.163947202 -0.094965644 0.23718834 0 0 0
C@CP 2567 -0.186506305 0.190442266 0.00187370782 0 0 0
C@CP 2568 -0.164531862 0.200159409 0.319518889 0 0 0
C@CP 2569 0.121366357 -0.20666311 0.139301838 0 0 0
C@CP 2570 0.172959618 -0.282282543 0.126809975 0 0 0
C@CP 2571 0.243032911 -0.386260499 0.0269015829 0 0 0
C@CP 2572 -0.320873852 -0.00453420003 0.00430354225 0 0 0
C@CP 2573 0.0259439452 0.187404745 -0.246806182 0 0 0
C@CP 2574 0.274531356 -0.277969263 -0.23673561 0 0 0
C@CP 2575 -0.0911601785 0.307622426 0.126213485 0 0 0
C@CP 2576 0.0602753898 0.117178808 0.0888308275 0 0 0
C@CP 2577 0.184944128 -0.226581348 0.0114920134 0 0 0
C@CP 2578 0.166158913 -0.0252404022 0.362369704 0 0 0
C@CP 2579 -0.125111658 0.308372868 0.125097847 0 0 0
C@CP 2580 -0.275459609 0.138147361 -0.101268502 0 0 0
C@CP 2581 0.202966711 -0.127574425 0.165453009 0 0 0
C@CP 2582 0.353847122 -0.145869655 -0.191850353 0 0 0
C@CP 2583 0.263399156 0.0643541054 0.319823656 0 0 0
C@CP 2584 0.0742198101 0.250510303 0.0211563327 0 0 0
C@CP 2585 -0.281478441 0.198941743 -0.0852366994 0 0 0
C@CP 2586 -0.291299275 0.325029954 -0.0640368359 0 0 0
C@CP 2587 -0.138128731 -0.407708565 -0.0536432018 0 0 0
C@CP 2588 -0.0240657229 -0.109582816 -0.224860021 0 0 0
C@CP 2589 0.303372762 -0.104441 0.102763979 0 0 0
C@CP 2590 -0.388506993 0.242483667 -0.0200793227 0 0 0
C@CP 2591 -0.235667797 -0.153738647 -0.384801644 0 0 0
C@CP 2592 -0.0100964806 0.265202712 0.285875449 0 0 0
C@CP 2593 0.0784449017 0.249454257 -0.22158068 0 0 0
C@CP 2594 -0.0593343564 0.00538114706 0.0369029259 0 0 0
C@CP 2595 -0.0226120783 -0.456425702 0.0453264833 0 0 0
C@CP 2596 0.20666665 -0.0473611484 -0.0239441074 0 0 0
C@CP 2597 -0.0917327843 0.384921426 -0.248839561 0 0 0
C@CP 2598 0.0587156888 0.196227713 0.0702567883 0 0 0
C@CP 2599 -0.14686725 0.0862409476 -0.411846507 0 0 0
C@CP 2600 -0.405376451 -0.199676669 -0.0957634105 0 0 0
C@CP 2601 0.00955561125 -0.288860255 -0.0352387718 0 0 0
C@CP 2602 0.0908829314 -0.410169871 -0.187678951 0 0 0
C@CP 2603 -0.156832777 -0.130149164 -0.321639415 0 0 0
C@CP 2604 0.154088718 -0.085154794 -0.047954578 0 0 0
C@CP 2605 0.288290639 0.153159708 -0.0460514872 0 0 0
C@CP 2606 0.377887936 -0.126590092 -0.0115802964 0 0 0
C@CP 2607 -0.0687302715 0.0936849959 0.380695739 0 0 0
C@CP 2608 -0.0681501718 -0.35112637 -0.302907117 0 0 0
C@CP 2609 0.10248477 -0.25664666 0.0578550109 0 0 0
C@CP 2610 -0.289788954 0.217808982 0.137240682 0 0 0
C@CP 2611 0.18173309 -0.310066604 -0.209804522 0 0 0
C@CP 2612 -0.132481858 0.00250187496 0.416771463 0 0 0
C@CP 2613 -0.0216468759 -0.0711946413 -0.293329308 0 0 0
C@CP 2614 -0.186274877 0.165501023 -0.279332511 0 0 0
C@CP 2615 -0.175965319 0.282875793 0.0828134241 0 0 0
C@CP 2616 0.0317319057 0.00256047653 0.0869684437 0 0 0
C@CP 2617 0.0870993276 0.00717813623 0.0669696939 0 0 0
C@CP 2618 0.156400972 -0.31139094 -0.0848124515 0 0 0
C@CP 2619 0.187246472 -0.0291410129 -0.194695997 0 0 0
C@CP 2620 0.233281869 -0.0484758437 0.322747833 0 0 0
C@CP 2621 0.276077361 -0.330356022 -0.0107535226 0 0 0
C@CP 2622 0.0622966015 -0.0278912761 0.15905688 0 0 0
C@CP 2623 -0.215207161 -0.126721742 -0.375046494 0 0 0
C@CP 2624 0.27153379 -0.0383107976 -0.296824369 0 0 0
C@CP 2625 -0.356522188 0.0731864703 -0.0094482927 0 0 0
C@CP 2626 0.0833801299 0.279530986 0.00551869313 0 0 0
C@CP 2627 -0.37469498 0.162665546 -0.145188227 0 0 0
C@CP 2628 -0.110924997 0.140917006 0.204412156 0 0 0
C@CP 2629 0.0238332283 0.0405060828 -0.445531285 0 0 0
C@CP 2630 0.00240364714 -0.0746887589 0.0578382588 0 0 0
C@CP 2631 0.0349712793 0.0783112352 -0.264778449 0 0 0
C@CP 2632 0.429509735 0.150189567 0.00953688036 0 0 0
C@CP 2633 0.452494977 -0.0386036725 0.115557146 0 0 0
C@CP 2634 -0.077979629 -0.288627406 0.203922635 0 0 0
C@CP 2635 -0.205750771 -0.0223040286 -0.0579338137 0 0 0
C@CP 2636 -0.132886263 0.242389147 -0.0561016116 0 0 0
C@CP 2637 -0.244302859 -0.0323159964 0.362839877 0 0 0
C@CP 2638 -0.346400247 -0.0168779955 0.281425073 0 0 0
C@CP 2639 -0.180137711 0.0325470413 -0.368784223 0 0 0
C@CP 2640 -0.363293001 -0.156343434 -0.00504909517 0 0 0
C@CP 2641 0.0180217053 0.00285864946 -0.28469908 0 0 0
C@CP 2642 0.118044282 -0.306535732 0.239059463 0 0 0
C@CP 2643 0.173292935 -0.378075466 -0.0275811663 0 0 0
C@CP 2644 -0.392222647 0.154938603 0.194557057 0 0 0
C@CP 2645 0.284748283 0.235118126 0.04378766 0 0 0
C@CP 2647 -0.146950014 -0.073534619 0.31393975 0 0 0
C@CP 2648 0.00542744021 -0.45006099 -0.0124093307 0 0 0
C@CP 2649 0.0118164705 -0.319202258 -0.256977153 0 0 0
C@CP 2650 0.292477397 0.144778654 -0.262519493 0 0 0
C@CP 2651 0.0300512416 0.14723783 0.0479769575 0 0 0
C@CP 2652 -0.0885443346 -0.0251375625 -0.240997705 0 0 0
C@CP 2653 -0.10019097 -0.219468982 0.286129621 0 0 0
C@CP 2654 -0.155782242 0.124928293 0.00214361786 0 0 0
C@CP 2655 0.272448492 -0.0605688809 -0.000341795874 0 0 0
C@CP 2656 -0.379547343 -0.236045012 0.0208279516 0 0 0
C@CP 2657 0.0397070541 -0.137467402 -0.0334825306 0 0 0
C@CP 2658 0.060438917 -0.229035001 -0.241074978 0 0 0
C@CP 2659 -0.228923519 -0.0971281435 0.0628600674 0 0 0
C@CP 2660 0.177918343 -0.0916968599 0.285437762 0 0 0
C@CP 2661 0.128101617 0.0824543059 0.337831941 0 0 0
C@CP 2662 0.24257194 0.131044491 -0.134987785 0 0 0
C@CP 2663 -0.17111456 -0.331525584 0.19969814 0 0 0
C@CP 2664 -0.282178768 -0.214390069 -0.258406642 0 0 0
C@CP 2665 0.0263708266 -0.0676929744 0.282019937 0 0 0
C@CP 2666 0.137152761 -0.333587794 0.23316257 0 0 0
C@CP 2667 -0.249570103 -0.361555617 0.15451095 0 0 0
C@CP 2668 -0.103161007 0.213160424 0.2838135 0 0 0
C@CP 2669 -0.122028281 0.306470904 -0.0326433867 0 0 0
C@CP 2670 -0.0980283219 0.226505773 0.00647336325 0 0 0
C@CP 2671 -0.358605053 0.0514035748 -0.211329795 0 0 0
C@CP 2672 -0.0727559043 0.367277167 0.233531388 0 0 0
C@CP 2673 0.359972556 0.00189142766 0.274783053 0 0 0
C@CP 2674 0.0892653017 -0.217944933 -0.392368192 0 0 0
C@CP 2675 0.189287582 0.0704207149 -0.252048138 0 0 0
C@CP 2676 0.415079835 0.132826785 -0.0120065923 0 0 0
C@CP 2677 -0.108804144 -0.168170336 0.299432853 0 0 0
C@CP 2678 -0.310116011 -0.150644113 -0.176379261 0 0 0
C@CP 2679 -0.371612129 0.245049191 -0.104461462 0 0 0
C@CP 2680 0.138896723 -0.356154555 -0.256639051 0 0 0
C@CP 2681 0.0940281116 0.438784634 0.0983961716 0 0 0
C@CP 2682 -0.0554371358 0.300383819 0.160514021 0 0 0
C@CP 2683 -0.0289194781 0.0413992711 0.0510987192 0 0 0
C@CP 2684 -0.224208993 -0.362532562 -0.0939460885 0 0 0
C@CP 2685 0.295427291 -0.268471347 0.200308957 0 0 0
C@CP 2686 -0.106414168 -0.0749699407 -0.331138976 0 0 0
C@CP 2687 0.118419521 0.40910826 0.180228969 0 0 0
C@CP 2688 -0.145608537 0.158528028 -0.354183622 0 0 0
C@CP 2689 -0.0261811875 0.0505671656 -0.0985173531 0 0 0
C@CP 2690 -0.25039445 -0.0919340991 0.284741153 0 0 0
C@CP 2691 -0.0471809715 -0.291704067 0.23765254 0 0 0
C@CP 2692 -0.123630105 0.402463047 0.0696922902 0 0 0
C@CP 2693 0.342608535 0.0939034318 -0.0125974733 0 0 0
C@CP 2694 0.29215722 0.079644577 0.0921401806 0 0 0
C@CP 2695 -0.0567836426 0.341825085 0.0693105825 0 0 0
C@CP 2696 0.0276949868 0.163726043 -0.387371983 0 0 0
C@CP 2697 -0.0198448666 0.178821499 0.377468884 0 0 0
C@CP 2698 0.0213464197 -0.230798221 0.391033482 0 0 0
C@CP 2699 0.0265709708 0.209090864 0.193638054 0 0 0
C@CP 2700 0.00565396077 0.0181550096 -0.133425094 0 0 0
C@CP 2701 -0.0251674658 0.365593474 0.266452158 0 0 0
C@CP 2702 0.1601871 -0.15455124 0.288708057 0 0 0
C@CP 2703 0.128668283 -0.333496391 0.218674562 0 0 0
C@CP 2704 0.279074282 -0.194233223 0.304961679 0 0 0
C@CP 2705 0.217194601 0.162574707 0.202567419 0 0 0
C@CP 2706 -0.102827423 0.0511120761 0.206122203 0 0 0
C@CP 2707 -0.0250582747 0.160272814 -0.0592023204 0 0 0
C@CP 2708 0.117536863 0.0404557575 -0.0510322493 0 0 0
C@CP 2709 0.067711815 0.0672978499 0.208797654 0 0 0
C@CP 2710 -0.218386068 -0.159276807 0.0625987377 0 0 0
C@CP 2711 0.241675712 0.144749086 -0.401356799 0 0 0
C@CP 2712 -0.0886763174 0.188776093 -0.128607558 0 0 0
C@CP 2713 -0.182715443 0.224115172 0.293912896 0 0 0
C@CP 2714 -0.196545206 0.357212566 0.0204132588 0 0 0
C@CP 2715 0.221628721 -0.0854887078 0.0773602491 0 0 0
C@CP 2716 -0.327945294 0.193296181 -0.176712252 0 0 0
C@CP 2717 0.1608932 0.279624753 0.260619645 0 0 0
C@CP 2718 0.218012087 -0.101162056 0.321094934 0 0 0
C@CP 2719 -0.367318498 -0.000955760606 -0.295861841 0 0 0
C@CP 2720 0.382584167 -0.0940806992 -0.0954206401 0 0 0
C@CP 2721 -0.219470779 -0.344358822 0.0190898959 0 0 0
C@CP 2722 0.0123776362 -0.128739666 0.374963645 0 0 0
C@CP 2723 0.284077551 -0.183310505 0.272249696 0 0 0
C@CP 2724 -0.00811654935 0.00669922534 -0.306450063 0 0 0
C@CP 2725 -0.375043375 -0.118029666 -0.186800919 0 0 0
C@CP 2727 -0.22965471 -0.256933046 -0.197230867 0 0 0
C@CP 2728 -0.29245675 -0.358392165 -0.0270490596 0 0 0
C@CP 2729 -0.0209607023 0.406736482 0.103226897 0 0 0
C@CP 2730 0.0198000325 -0.00701186997 0.192798982 0 0 0
C@CP 2732 -0.211052725 -0.0341770754 -0.217508061 0 0 0
C@CP 2733 0.0230206408 -0.154970618 -0.147762088 0 0 0
C@CP 2734 0.0218876225 -0.326420101 0.150124494 0 0 0
C@CP 2735 0.238382408 -0.393312277 -0.0525444097 0 0 0
C@CP 2736 -0.329866271 0.188884613 0.080863274 0 0 0
C@CP 2737 0.320841561 -0.0463233065 0.337982907 0 0 0
C@CP 2738 -0.112230311 0.144333002 0.207611608 0 0 0
C@CP 2739 0.025350939 0.367751465 0.0889582235 0 0 0
C@CP 2740 0.126584003 -0.343324764 -0.30139195 0 0 0
C@CP 2742 -0.232751718 -0.321741498 -0.190217066 0 0 0
C@CP 2743 0.364555479 0.13512679 0.161267019 0 0 0
C@CP 2744 -0.102112103 -0.0753348196 -0.278707539 0 0 0
C@CP 2745 0.025295195 0.159177824 0.107100727 0 0 0
C@CP 2746 0.320288454 -0.0769504212 0.330654747 0 0 0
C@CP 2747 0.0473622211 -0.274784695 0.141366315 0 0 0
C@CP 2748 -0.226636006 0.208395529 0.288561816 0 0 0
C@CP 2749 0.396594358 0.174325764 -0.137408717 0 0 0
C@CP 2750 0.00445923899 0.388502347 0.259637791 0 0 0
C@CP 2751 0.253116815 -0.0707540991 -0.269339176 0 0 0
C@CP 2752 0.109900768 0.345794401 0.08948278 0 0 0
C@CP 2753 0.307941466 -0.333368896 -0.0952961965 0 0 0
C@CP 2754 -0.106152335 0.157016792 0.0824937026 0 0 0
C@CP 2755 -0.132507617 -0.326294661 -0.093246776 0 0 0
C@CP 2756 0.206057752 -0.259301415 0.011841213 0 0 0
C@CP 2758 -0.0646892403 0.0235910997 -0.240809618 0 0 0
C@CP 2759 0.247278427 0.411054134 8.00132465e-05 0 0 0
C@CP 2760 -0.0334900048 -0.32764909 0.0940659837 0 0 0
C@CP 2761 -0.111638564 -0.0942767476 -0.174263816 0 0 0
C@CP 2762 -0.42133239 0.0307536846 -0.115592664 0 0 0
C@CP 2763 0.36630953 -0.112927531 0.190254101 0 0 0
C@CP 2764 0.310408916 -0.0472738684 0.141928745 0 0 0
C@CP 2765 -0.245054391 -0.197486794 -0.157892346 0 0 0
C@CP 2766 0.330016728 0.218361773 0.171367126 0 0 0
C@CP 2767 -0.083220775 -0.388723437 -0.208606793 0 0 0
C@CP 2768 0.298297067 -0.318675659 0.0958248939 0 0 0
C@CP 2769 0.279635422 0.193407079 0.229491168 0 0 0
C@CP 2770 0.197916334 -0.150046378 0.15861683 0 0 0
C@CP 2771 0.259904347 -0.0943944872 0.0661174068 0 0 0
C@CP 2772 -0.342641282 0.29948842 -0.0930223492 0 0 0
C@CP 2773 0.0418715301 0.0201585325 -0.0776564577 0 0 0
C@CP 2774 -0.334602823 -0.129697382 -0.052119354 0 0 0
C@CP 2775 0.21961416 -0.0119747357 -0.0205126056 0 0 0
C@CP 2776 0.160431334 -0.211234709 -0.1967421 0 0 0
C@CP 2777 -0.247402727 0.111689431 -0.0239677699 0 0 0
C@CP 2778 -0.268475716 -0.13512083 -0.340785915 0 0 0
C@CP 2779 0.299735164 -0.30248374 0.00995863999 0 0 0
C@CP 2780 0.0464671839 0.386403862 -0.212837701 0 0 0
C@CP 2781 -0.425665853 0.0488843767 -0.19308647 0 0 0
C@CP 2782 -0.0318477422 -0.12070343 0.330080403 0 0 0
C@CP 2783 -0.0014419279 0.272267014 0.294775271 0 0 0
C@CP 2784 0.0640144079 0.368317966 0.202416714 0 0 0
C@CP 2785 -0.0720393642 0.0755930432 0.383311254 0 0 0
C@CP 2786 -0.134173143 0.0557329053 0.397154191 0 0 0
C@CP 2787 0.011864799 -0.0871181791 -0.0409351898 0 0 0
C@CP 2788 -0.109769607 0.326974762 0.243286413 0 0 0
C@CP 2789 -0.102393042 0.167696396 0.312728253 0 0 0
C@CP 2790 0.210371992 -0.118637079 0.0841789423 0 0 0
C@CP 2791 -0.0826195542 0.419648805 -0.00846525691 0 0 0
C@CP 2792 0.374088913 0.0180148459 0.00951950966 0 0 0
C@CP 2793 -0.334033659 0.053718313 -0.119564729 0 0 0
C@CP 2794 0.325990906 0.16564104 -0.15276542 0 0 0
C@CP 2795 -0.0317088264 -0.22411 0.351984024 0 0 0
C@CP 2796 -0.257031899 -0.266077443 -0.228474189 0 0 0
C@CP 2797 -0.0182517227 -0.0240247743 0.00729702102 0 0 0
C@CP 2798 -0.124546249 0.233087797 -0.253783711 0 0 0
C@CP 2799 -0.237372456 0.0847392564 -0.16659018 0 0 0
C@CP 2800 0.25928035 0.335020909 0.151139088 0 0 0
C@CP 2801 0.101162559 -0.251262693 0.180170021 0 0 0
C@CP 2802 -0.319933125 -0.147884735 0.109325989 0 0 0
C@CP 2803 0.201985019 -0.232305861 0.235416287 0 0 0
C@CP 2804 0.134735122 0.0201306669 -0.0925761007 0 0 0
C@CP 2805 -0.16689791 0.0315691871 0.304850304 0 0 0
C@CP 2806 -0.306229346 -0.132885455 -0.0316964773 0 0 0
C@CP 2807 0.0918983489 0.0334256964 0.0245663227 0 0 0
C@CP 2808 -0.296121655 -0.0120867715 0.218996735 0 0 0
C@CP 2809 -0.0629046246 -0.17640449 -0.279980321 0 0 0
C@CP 2810 0.166367704 0.00309121317 0.167454335 0 0 0
C@CP 2811 0.205587847 -0.0885702791 -0.29155928 0 0 0
C@CP 2812 0.0791662563 -0.112145026 0.44333303 0 0 0
C@CP 2813 0.0007125505 -0.249666897 -0.333555631 0 0 0
C@CP 2814 -0.146702206 -0.273801981 0.00686136045 0 0 0
C@CP 2815 -0.0793039419 0.163147479 -0.218589812 0 0 0
C@CP 2816 0.115497188 -0.163207523 -0.180049987 0 0 0
C@CP 2817 -0.039147993 0.107704395 0.0536707641 0 0 0
C@CP 2818 -0.0102189193 -0.120916296 -0.0750283316 0 0 0
C@CP 2819 0.114215857 0.126393753 0.225868663 0 0 0
C@CP 2820 -0.138858976 -0.311899069 -0.193959123 0 0 0
C@CP 2821 -0.226932693 0.229288114 -0.220717153 0 0 0
C@CP 2822 -0.234995014 -0.161471714 -0.0234289299 0 0 0
C@CP 2823 0.178703594 -0.113357042 -0.313616904 0 0 0
C@CP 2824 -0.0985006045 0.0916339944 -0.325697514 0 0 0
C@CP 2825 -0.212713149 0.108917537 0.140295139 0 0 0
C@CP 2826 0.301197297 0.128747753 0.239937697 0 0 0
C@CP 2827 0.257260884 0.160113268 -0.302376505 0 0 0
C@CP 2828 0.194613377 0.187575521 -0.0259912027 0 0 0
C@CP 2830 -0.328865056 -0.285847982 0.0805811962 0 0 0
C@CP 2831 -0.428418935 -0.165161314 -0.031247434 0 0 0
C@CP 2832 0.253210549 0.0872715355 -0.346691921 0 0 0
C@CP 2833 0.233606999 0.156925547 -0.214863416 0 0 0
C@CP 2834 -0.184478802 -0.165078589 -0.405621615 0 0 0
C@CP 2835 -0.255637574 -0.0523883599 -0.191343976 0 0 0
C@CP 2836 -0.0263976901 0.300560927 -0.250715737 0 0 0
C@CP 2837 0.0655030342 0.211660734 -0.288388207 0 0 0
C@CP 2838 -0.16752379 0.0505576912 0.313088652 0 0 0
C@CP 2839 0.0596584523 -0.0395686261 0.201177771 0 0 0
C@CP 2840 0.188410009 0.110234408 0.084668516 0 0 0
C@CP 2841 -0.01497536 0.442322523 0.113105214 0 0 0
C@CP 2842 -0.173701182 0.15315936 0.374598362 0 0 0
C@CP 2843 -0.0230334099 0.300448401 -0.356968858 0 0 0
C@CP 2844 -0.212334881 0.0643537931 -0.031722254 0 0 0
C@CP 2845 0.309691708 -0.0444209172 0.298917455 0 0 0
C@CP 2846 0.206629815 -0.174237377 0.0258351714 0 0 0
C@CP 2847 0.0187814287 0.0378870634 0.238438387 0 0 0
C@CP 2848 0.0127911895 0.0930953039 0.231683353 0 0 0
C@CP 2849 -0.177583347 -0.216770684 -0.252241391 0 0 0
C@CP 2850 -0.156364165 -0.176008199 -0.393624424 0 0 0
C@CP 2851 0.0331104201 -0.0761411327 0.312453803 0 0 0
C@CP 2852 0.274058121 0.209652045 0.0965524924 0 0 0
C@CP 2853 -0.164790635 -0.053367779 -0.3449349 0 0 0
C@CP 2854 0.278334735 -0.0184867404 -0.181226877 0 0 0
C@CP 2855 0.324672844 -0.0231832021 -0.273138445 0 0 0
C@CP 2856 0.270742864 0.272612284 -0.205389121 0 0 0
C@CP 2857 0.0553695898 0.0298917067 0.467426862 0 0 0
C@CP 2858 -0.0446316924 -0.162131398 0.13138196 0 0 0
C@CP 2859 0.1604749 0.0705187752 0.422747993 0 0 0
C@CP 2860 0.441816479 -0.0983892412 0.109293664 0 0 0
C@CP 2862 0.316782334 -0.26778877 0.0687989748 0 0 0
C@CP 2863 -0.436854523 -0.0821235739 -0.115536505 0 0 0
C@CP 2864 0.189577864 0.328119269 -0.243561616 0 0 0
C@CP 2865 0.0781242539 0.349662666 0.100890724 0 0 0
C@CP 2866 0.164358488 -0.101657798 0.354710977 0 0 0
C@CP 2867 0.275486447 0.208921608 -0.281196111 0 0 0
C@CP 2868 0.0824744692 -0.368471399 0.1968832 0 0 0
C@CP 2869 -0.260826992 0.281941427 -0.0354871214 0 0 0
C@CP 2870 -0.342606879 0.157867955 -0.234065021 0 0 0
C@CP 2871 -0.0281413432 -0.190625894 -0.203378597 0 0 0
C@CP 2872 0.0663113879 -0.0236843897 0.413715878 0 0 0
C@CP 2873 -0.0254514585 0.0138152585 -0.439986326 0 0 0
C@CP 2874 -0.0869954194 -0.22560947 -0.2013087 0 0 0
C@CP 2875 -0.310762559 0.0336302732 -0.0691849573 0 0 0
C@CP 2876 0.232161299 -0.00910433657 -0.310031183 0 0 0
C@CP 2877 0.291254913 0.0106375146 -0.222653268 0 0 0
C@CP 2878 -0.0512949513 -0.227902794 -0.220434883 0 0 0
C@CP 2879 -0.0417028753 -0.153583231 -0.153682092 0 0 0
C@CP 2880 0.0464427869 0.270602334 -0.342867909 0 0 0
C@CP 2881 0.0108606732 0.376979868 -0.156519861 0 0 0
C@CP 2882 0.071959089 0.393487817 -0.144001204 0 0 0
C@CP 2883 0.0821964052 0.0350787695 -0.201443077 0 0 0
C@CP 2884 -0.14486829 -0.190044047 0.0378118507 0 0 0
C@CP 2885 -0.409874864 0.198057516 -0.0959850143 0 0 0
C@CP 2886 0.180530731 0.00317664464 -0.0265720665 0 0 0
C@CP 2887 -0.0989170482 0.272320853 0.0738163422 0 0 0
C@CP 2888 -0.078580839 -0.163407907 0.388133478 0 0 0
C@CP 2889 0.157415248 -0.22336537 0.314041751 0 0 0
C@CP 2890 -0.215828351 -0.290228383 -0.115737828 0 0 0
C@CP 2891 0.167273953 -0.332561181 -0.073840873 0 0 0
C@CP 2892 -0.22890636 -0.041219394 -0.363894038 0 0 0
C@CP 2893 -0.152789655 -0.228524982 0.16572007 0 0 0
C@CP 2894 -0.0351875661 -0.244123649 0.194903291 0 0 0
C@CP 2895 0.416236738 0.0941014968 -0.130822809 0 0 0
C@CP 2896 0.178300947 -0.279963702 -0.326399824 0 0 0
C@CP 2897 -0.0908040529 0.403860283 0.0292617666 0 0 0
C@CP 2898 0.0542784131 0.334696081 -0.0204080222 0 0 0
C@CP 2899 -0.189623676 0.184030766 0.113833209 0 0 0
C@CP 2901 0.277513484 0.297950276 0.183868243 0 0 0
C@CP 2902 0.193129837 -0.134034144 0.0929576227 0 0 0
C@CP 2903 -0.250682431 0.326707512 -0.159797126 0 0 0
C@CP 2904 0.00776043941 -0.397047083 0.14842699 0 0 0
C@CP 2905 -0.0245478768 -0.075487889 0.0212716595 0 0 0
C@CP 2906 -0.25641598 -0.17067116 -0.133459174 0 0 0
C@CP 2907 -0.0689206089 -0.0260300676 0.253476604 0 0 0
C@CP 2908 0.385160668 0.0192840825 0.158393014 0 0 0
C@CP 2909 -0.061504455 0.381516019 -0.258563832 0 0 0
C@CP 2910 0.215631042 0.138708018 0.361862569 0 0 0
C@CP 2911 0.0948756874 0.199982351 0.243181409 0 0 0
C@CP 2912 -0.241315021 0.20892372 -0.198622328 0 0 0
C@CP 2913 -0.0842518796 -0.0487245919 0.227911241 0 0 0
C@CP 2914 0.154359193 -0.100613915 0.0720284882 0 0 0
C@CP 2915 0.175770942 -0.0178923655 0.232948992 0 0 0
C@CP 2916 0.289797825 0.0404952322 0.304906982 0 0 0
C@CP 2917 0.0296963631 -0.20819179 -0.0128771953 0 0 0
C@CP 2918 -0.347046524 0.048178237 -0.00296172061 0 0 0
C@CP 2919 -0.28511758 0.182261559 0.255900887 0 0 0
C@CP 2920 -0.126167806 0.3907278 0.176387262 0 0 0
C@CP 2921 0.34602795 -0.273341327 -0.00700811428 0 0 0
C@CP 2922 0.226260787 -0.226047218 0.0979266242 0 0 0
C@CP 2923 0.0465450008 0.103764029 0.186053923 0 0 0
C@CP 2924 -0.181613556 0.320889684 -0.138583735 0 0 0
C@CP 2925 -0.221354772 -0.0607340489 -0.253086167 0 0 0
C@CP 2926 0.0777905485 0.241509698 -0.0645203308 0 0 0
C@CP 2927 -0.0593125188 0.187784517 0.401828815 0 0 0
C@CP 2928 0.357123875 0.0545289075 0.310340694 0 0 0
C@CP 2929 -0.240723546 -0.0812327938 -0.153150153 0 0 0
C@CP 2930 -0.353649153 0.11844489 -0.0656965732 0 0 0
C@CP 2931 -0.349891861 -0.217461017 -0.0723586349 0 0 0
C@CP 2932 0.151864148 -0.0831420169 0.394981951 0 0 0
C@CP 2933 0.105805247 0.432030009 0.141617351 0 0 0
C@CP 2934 0.0438666248 0.412282778 -0.0595236665 0 0 0
C@CP 2935 -0.16459206 0.139331166 -0.103248263 0 0 0
C@CP 2936 -0.142042095 0.119770276 0.172051144 0 0 0
C@CP 2937 -0.0571698382 -0.276297846 0.0433058955 0 0 0
C@CP 2938 -0.473991287 0.00636270812 -0.0476458882 0 0 0
C@CP 2939 -0.226533057 0.189852364 0.0216996754 0 0 0
C@CP 2940 -0.172053676 -0.41337189 -0.147806872 0 0 0
C@CP 2941 0.20617628 -0.13499091 0.20679423 0 0 0
C@CP 2942 -0.00911162562 -0.0540322003 -0.279693434 0 0 0
C@CP 2943 -0.0738215125 0.0574905197 0.116945923 0 0 0
C@CP 2944 0.205106823 -0.35270249 0.0733224684 0 0 0
C@CP 2945 -0.0816382174 -0.335282597 0.120465015 0 0 0
C@CP 2946 0.312508971 0.308389062 0.160704719 0 0 0
C@CP 2947 0.0967650783 -0.118734202 -0.303155199 0 0 0
C@CP 2948 -0.187971621 0.405726345 0.0606631526 0 0 0
C@CP 2949 -0.347439321 0.0617122113 0.142195274 0 0 0
C@CP 2950 -0.070145259 -0.198787948 0.0966595611 0 0 0
C@CP 2951 0.105260949 -0.0930837281 0.36125928 0 0 0
C@CP 2952 -0.0166155434 -0.000633947466 -0.288112084 0 0 0
C@CP 2953 -0.162621548 0.254275234 0.0621211011 0 0 0
C@CP 2954 -0.131238102 0.240528577 -0.185855783 0 0 0
C@CP 2955 0.328777372 -0.158627312 -0.260404913 0 0 0
C@CP 2956 -0.205412917 -0.0815304508 0.395822533 0 0 0
C@CP 2957 -0.33584698 0.0541842552 -0.238238237 0 0 0
C@CP 2958 -0.200162219 0.0180825542 -0.270664532 0 0 0
C@CP 2959 0.192076163 -0.198724406 0.0319042648 0 0 0
C@CP 2960 -0.163017252 0.343470626 -0.0977418603 0 0 0
C@CP 2961 0.282004592 0.318263219 0.18385819 0 0 0
C@CP 2962 0.0977321149 -0.254072993 0.126799868 0 0 0
C@CP 2963 -0.0172665018 0.312242942 0.343777613 0 0 0
C@CP 2964 0.0463282291 -0.0668073683 -0.338015394 0 0 0
C@CP 2965 -0.326268563 0.19143095 0.02943731 0 0 0
C@CP 2966 -0.0118686399 0.355081298 0.208462009 0 0 0
C@CP 2967 -0.25453752 0.0213996564 -0.350410639 0 0 0
C@CP 2968 -0.331086587 0.0113340673 0.244594657 0 0 0
C@CP 2969 -0.248604456 -0.0713386739 -0.0137434585 0 0 0
C@CP 2970 0.0591416312 -0.311337399 -0.173461789 0 0 0
C@CP 2971 -0.184525745 0.104720256 -0.080557289 0 0 0
C@CP 2972 -0.0660679325 -0.311859049 -0.21195961 0 0 0
C@CP 2973 0.306688309 0.209948376 -0.166762832 0 0 0
C@CP 2974 0.300083337 -0.227758367 0.266328269 0 0 0
C@CP 2976 0.144167696 -0.0653242306 -0.139614815 0 0 0
C@CP 2977 -0.196020583 -0.269421909 -0.281112472 0 0 0
C@CP 2978 -0.222356388 -0.260577246 -0.278366338 0 0 0
C@CP 2979 0.428379868 -0.00313595454 0.228746468 0 0 0
C@CP 2980 -0.0200209203 -0.0822487492 0.419194981 0 0 0
C@CP 2981 -0.339624045 0.0498922172 0.019007527 0 0 0
C@CP 2982 -0.287287737 -0.212030812 -0.289283627 0 0 0
C@CP 2983 -0.0814433788 -0.419579095 -0.179358121 0 0 0
C@CP 2984 0.027440012 0.267887349 -0.0324510754 0 0 0
C@CP 2985 0.316597457 0.159249908 0.131040271 0 0 0
C@CP 2986 0.0143014496 0.144832319 0.0938314058 0 0 0
C@CP 2987 -0.123413035 0.226871688 0.345680975 0 0 0
C@CP 2988 -0.0488784383 0.135010335 -0.0484289463 0 0 0
C@CP 2989 0.143114766 -0.180661344 0.195319852 0 0 0
C@CP 2990 0.276848166 0.119227663 -0.0227731964 0 0 0
C@CP 2991 0.0856177936 -0.163281772 -0.382489535 0 0 0
C@CP 2992 -0.0570955164 -0.109566518 -0.0789028561 0 0 0
C@CP 2993 0.250168118 -0.339973269 0.175712428 0 0 0
C@CP 2994 -0.0118864894 0.326999449 0.209633537 0 0 0
C@CP 2995 -0.0332021852 0.28680203 -0.183605276 0 0 0
C@CP 2996 -0.284961399 -0.202678411 0.247483985 0 0 0
C@CP 2997 -0.413648132 0.098919538 -0.178784937 0 0 0
C@CP 2998 0.0787302935 0.272992187 0.193526418 0 0 0
C@CP 2999 0.010854726 0.286764303 0.182531965 0 0 0
C@CP 3000 -0.0451033432 0.375825749 0.151235196 0 0 0
C@CP 3001 0.228052926 0.0725816253 -0.0389273902 0 0 0
C@CP 3002 -0.223819859 0.316729041 0.234310096 0 0 0
C@CP 3003 0.382675017 -0.0558555687 -0.0300490066 0 0 0
C@CP 3004 0.171353612 0.137505159 -0.349424584 0 0 0
C@CP 3005 -0.116111424 -0.0697952637 0.291990357 0 0 0
C@CP 3006 -0.150204065 -0.293651394 0.220308426 0 0 0
C@CP 3007 0.2109631 -0.22441527 -0.152935761 0 0 0
C@CP 3009 -0.121507242 -0.0481732304 -0.183327819 0 0 0
C@CP 3010 -0.352420723 0.0515433939 -0.210648634 0 0 0
C@CP 3011 -0.357171177 0.0586470641 0.24610343 0 0 0
C@CP 3012 0.215351537 -0.0219682773 0.326160458 0 0 0
C@CP 3013 0.103151331 -0.0289645681 0.0596063869 0 0 0
C@CP 3014 -0.0779653276 -0.431083908 -0.00153122689 0 0 0
C@CP 3015 -0.173559344 -0.301271718 -0.268740856 0 0 0
C@CP 3016 -0.167987018 -0.0547046233 0.0750528215 0 0 0
C@CP 3017 -0.0129125325 -0.311426973 -0.137818287 0 0 0
C@CP 3018 0.190044117 0.313659663 -0.20176815 0 0 0
C@CP 3019 0.15930784 0.141999867 -0.298377839 0 0 0
C@CP 3020 0.0937006729 0.232274583 0.297553608 0 0 0
C@CP 3021 0.183741075 -0.0837749114 0.387804795 0 0 0
C@CP 3022 0.124182785 -0.0918907927 0.41589618 0 0 0
C@CP 3023 0.167139718 0.321774092 0.255016457 0 0 0
C@CP 3024 -0.249205432 -0.242243628 -0.0293328071 0 0 0
C@CP 3025 0.0601126393 -0.241603336 -0.277880046 0 0 0
C@CP 3026 -0.0576230092 -0.0570962546 0.279106253 0 0 0
C@CP 3027 0.283468608 0.16572863 -0.0613097311 0 0 0
C@CP 3028 -0.172693507 0.239037088 0.0600242062 0 0 0
C@CP 3029 -0.335002747 0.218332536 -0.155729705 0 0 0
C@CP 3030 -0.151828988 -0.0836673441 -0.324140039 0 0 0
C@CP 3031 0.124006868 -0.086487123 -0.305851536 0 0 0
C@CP 3032 -0.228563795 -0.341803044 0.0307433439 0 0 0
C@CP 3033 -0.406445611 -0.0409448768 0.069170664 0 0 0
C@CP 3034 -0.106231101 0.19590655 -0.190141389 0 0 0
C@CP 3035 -0.194351241 -0.0979148288 -0.0995348476 0 0 0
C@CP 3036 0.0213942477 0.0842460419 -0.0418577928 0 0 0
C@CP 3037 0.417218874 0.142009343 -0.152728697 0 0 0
C@CP 3038 -0.406338286 -0.107359689 0.0969813298 0 0 0
C@CP 3039 0.259609837 -0.0343361091 -0.366865824 0 0 0
C@CP 3040 0.221641917 0.205301237 -0.0309359572 0 0 0
C@CP 3041 0.112432509 0.174456774 -0.016621984 0 0 0
C@CP 3042 0.354789507 0.298364517 0.0244209685 0 0 0
C@CP 3043 -0.309835929 -0.0921148616 -0.208921539 0 0 0
C@CP 3044 -0.192610489 0.11403528 -0.113549405 0 0 0
C@CP 3045 0.182438296 -0.288434504 -0.148147499 0 0 0
C@CP 3046 -0.16542846 -0.20728761 -0.0444363488 0 0 0
C@CP 3047 0.335281544 0.107503441 0.0910600574 0 0 0
C@CP 3048 -0.130287338 -0.312009538 0.172127303 0 0 0
C@CP 3049 0.0856237146 -0.331912069 -0.132661705 0 0 0
C@CP 3050 0.190048895 -0.168192038 0.0517050553 0 0 0
C@CP 3051 0.226081748 0.225263788 0.120119736 0 0 0
C@CP 3052 -0.175470831 0.105573617 -0.167400697 0 0 0
C@CP 3053 0.142607327 -0.123782286 0.154211788 0 0 0
C@CP 3054 0.124685484 0.0317702795 -0.34020469 0 0 0
C@CP 3055 0.344255833 -0.215549163 -0.0995350245 0 0 0
C@CP 3056 0.0659518233 0.0790655366 -0.191629339 0 0 0
C@CP 3057 0.205453784 0.295955804 -0.10061535 0 0 0
C@CP 3058 -0.445444106 -0.0205602596 0.00999768281 0 0 0
C@CP 3059 0.211948033 -0.339462615 0.0108766879 0 0 0
C@CP 3060 -0.219689789 -0.0222687476 0.250084799 0 0 0
C@CP 3061 -0.285146792 -0.338717361 -0.0523438777 0 0 0
C@CP 3062 0.275112662 -0.0600577505 -0.0505283683 0 0 0
C@CP 3063 0.383042119 -0.0112881517 -0.281502321 0 0 0
C@CP 3064 -0.086023803 0.0623270341 -0.0922701321 0 0 0
C@CP 3065 0.276557063 0.062499516 -0.0982808257 0 0 0
C@CP 3066 0.0598799419 -0.313392212 0.274925847 0 0 0
C@CP 3067 -0.155875493 -0.239052768 0.12619569 0 0 0
C@CP 3068 0.029535765 0.31723571 0.0479821358 0 0 0
C@CP 3069 -0.010595356 -0.0162982878 0.295805395 0 0 0
C@CP 3070 -0.0292979837 0.0850567697 -0.181258741 0 0 0
C@CP 3072 -0.213413481 -0.117960152 -0.231803347 0 0 0
C@CP 3073 -0.159846866 0.273624545 -0.297006071 0 0 0
C@CP 3074 -0.401089594 -0.238226448 0.0653697085 0 0 0
C@CP 3075 0.0362110371 0.212547486 -0.340782564 0 0 0
C@CP 3076 0.00999230192 0.193137554 -0.389251982 0 0 0
C@CP 3077 0.234034749 -0.157253077 -0.196424142 0 0 0
C@CP 3078 0.0378022298 0.227648991 -0.376322341 0 0 0
C@CP 3079 -0.148894104 -0.0472403766 -0.319402878 0 0 0
C@CP 3080 0.0317863911 -0.10225796 0.0876394889 0 0 0
C@CP 3081 -0.127160761 0.336531285 0.0116207185 0 0 0
C@CP 3082 -0.0333093269 -0.478311934 -0.0254669951 0 0 0
C@CP 3083 -0.246637537 -0.269868438 -0.230823265 0 0 0
C@CP 3084 0.0777276281 0.114956486 -0.233884342 0 0 0
C@CP 3085 -0.178795386 -0.136705264 -0.337549734 0 0 0
C@CP 3086 0.309719079 -0.0510317469 -0.191656767 0 0 0
C@CP 3087 0.167955568 -0.135586789 0.415211567 0 0 0
C@CP 3088 0.240136681 0.0386657694 0.0337303856 0 0 0
C@CP 3089 -0.174303499 -0.0607840265 0.0603850659 0 0 0
C@CP 3090 0.177502614 0.255374719 0.289343977 0 0 0
C@CP 3091 0.176293564 0.170668335 -0.0254646398 0 0 0
C@CP 3092 0.12373698 -0.144422211 0.0173156793 0 0 0
C@CP 3093 -0.00709055543 -0.466185968 0.0668918649 0 0 0
C@CP 3094 0.0411282483 0.413354787 0.110273077 0 0 0
C@CP 3095 -0.186847038 0.137629454 0.221025251 0 0 0
C@CP 3096 -0.114942644 -0.260693091 0.115946081 0 0 0
C@CP 3097 0.313627148 -0.0701349205 0.0149114101 0 0 0
C@CP 3098 0.182261798 0.0334952972 0.290298615 0 0 0
C@CP 3099 -0.281787623 -0.133689494 -0.11870688 0 0 0
C@CP 3101 -0.20038906 -0.138269289 0.309227625 0 0 0
C@CP 3102 -0.379974363 -0.0746535886 -0.0436197557 0 0 0
C@CP 3103 0.0921979394 0.0236072781 -0.446274086 0 0 0
C@CP 3104 -0.234009852 -0.401231853 0.0182902415 0 0 0
C@CP 3105 -0.234224094 -0.00345238605 0.0361255608 0 0 0
C@CP 3106 0.128377258 -0.145284425 -0.199143613 0 0 0
C@CP 3107 -0.0530418464 -0.132104228 -0.411460516 0 0 0
C@CP 3108 -0.0910275737 0.400988113 -0.0867702046 0 0 0
C@CP 3109 -0.389197202 -0.0765224808 -0.00842238178 0 0 0
C@CP 3110 -0.280827965 0.210973456 -0.241449909 0 0 0
C@CP 3111 -0.0924262344 -0.339402123 -0.210063938 0 0 0
C@CP 3112 -0.0267339088 0.289500939 -0.361661632 0 0 0
C@CP 3113 -0.0910408639 0.314969642 -0.227706017 0 0 0
C@CP 3114 0.020751556 0.350265469 0.285485814 0 0 0
C@CP 3115 -0.363717757 0.0344041433 0.173157957 0 0 0
C@CP 3116 -0.297026645 -0.309036699 0.0977252553 0 0 0
C@CP 3117 0.0919957878 -0.313841659 -0.0215563065 0 0 0
C@CP 3118 -0.12004696 -0.238721043 -0.315896035 0 0 0
C@CP 3119 -0.25655702 0.164217159 -0.154253625 0 0 0
C@CP 3120 0.133593808 0.277787092 0.159869075 0 0 0
C@CP 3121 -0.0123818241 -0.177714647 0.0795732024 0 0 0
C@CP 3122 0.20358 0.339138423 -0.162205574 0 0 0
C@CP 3123 0.0990050849 0.414074607 -0.0500160926 0 0 0
C@CP 3124 -0.130708924 0.0107273732 0.0188511144 0 0 0
C@CP 3125 -0.180165959 0.2251067 0.326978565 0 0 0
C@CP 3126 0.0573788575 -0.00495232478 -0.463282329 0 0 0
C@CP 3127 -0.201611036 0.0875598659 0.359192297 0 0 0
C@CP 3128 0.309110161 -0.0568022543 0.0798002383 0 0 0
C@CP 3129 -0.0722646707 0.110879769 0.206233932 0 0 0
C@CP 3130 -0.342961178 0.0975931256 -0.289430143 0 0 0
C@CP 3131 -0.320415446 0.151489496 0.0529674938 0 0 0
C@CP 3132 -0.341625286 -0.135931249 0.252931363 0 0 0
C@CP 3133 0.367090253 0.181957725 0.00305417467 0 0 0
C@CP 3134 0.0242957453 0.235674569 0.275914178 0 0 0
C@CP 3135 0.0157457751 0.342524712 0.0464359917 0 0 0
C@CP 3136 0.273494041 0.0614924355 -0.00806510804 0 0 0
C@CP 3137 -0.114336306 -0.127323794 -0.226979927 0 0 0
C@CP 3138 0.418026406 0.00415790717 0.00694428898 0 0 0
C@CP 3139 -0.121890432 -0.0459986235 -0.155614444 0 0 0
C@CP 3140 0.0743604362 0.29712578 0.0805063399 0 0 0
C@CP 3141 -0.193236409 0.0853656509 -0.115544697 0 0 0
C@CP 3142 0.218418708 -0.347616141 0.0634536219 0 0 0
C@CP 3143 0.117899982 0.230242621 0.00515876312 0 0 0
C@CP 3144 -0.167361275 0.0414634962 0.0604288123 0 0 0
C@CP 3145 -0.0523789015 -0.23359374 -0.398121433 0 0 0
C@CP 3146 0.093637669 -0.332239576 -0.2663043 0 0 0
C@CP 3147 -0.320645799 0.256517094 -0.20220788 0 0 0
C@CP 3148 0.204094606 0.341044215 0.247469923 0 0 0
C@CP 3149 -0.19435569 -0.104505236 -0.327203222 0 0 0
C@CP 3150 -0.385582132 0.037382136 -0.0891425734 0 0 0
C@CP 3151 -0.0216411569 -0.296690706 -0.194738468 0 0 0
C@CP 3152 -0.102068243 -0.138326277 0.0599811262 0 0 0
C@CP 3153 0.166058252 0.248558108 -0.00029153937 0 0 0
C@CP 3154 0.416762455 -0.163525537 -0.0882815621 0 0 0
C@CP 3155 0.138292928 0.00834989978 -0.24366136 0 0 0
C@CP 3156 -0.308407043 0.126795812 -0.108836549 0 0 0
C@CP 3157 -0.204688767 -0.330150264 -0.175102363 0 0 0
C@CP 3158 0.268735908 -0.203044533 0.134181407 0 0 0
C@CP 3159 0.267263786 0.0467078556 0.0685135399 0 0 0
C@CP 3160 0.26742275 -0.0677495907 0.353974965 0 0 0
C@CP 3161 0.15111315 -0.109785757 -0.0609205711 0 0 0
C@CP 3162 0.416003886 -0.111826415 0.0959866687 0 0 0
C@CP 3163 0.178529651 -0.215776559 -0.0669710498 0 0 0
C@CP 3164 0.404739189 -0.144149694 -0.0632334043 0 0 0
C@CP 3166 0.0981049458 -0.00648813987 0.422569886 0 0 0
C@CP 3167 -0.0273016513 -0.396765861 -0.0524035988 0 0 0
C@CP 3168 -0.215390427 -0.182085751 0.119345477 0 0 0
C@CP 3169 -0.09279997 -0.0276600095 0.147292252 0 0 0
C@CP 3170 -0.413801269 -0.170349558 -0.0825747177 0 0 0
C@CP 3171 -0.317906228 0.0345473279 0.156612656 0 0 0
C@CP 3172 0.0848031735 0.273728423 -0.332555362 0 0 0
C@CP 3173 -0.0419173389 0.00622003338 -0.0798882533 0 0 0
C@CP 3174 0.170840152 -0.0413905609 -0.216653761 0 0 0
C@CP 3175 0.10635532 -0.274010282 -0.205553535 0 0 0
C@CP 3176 -0.155492326 0.161211739 0.285894644 0 0 0
C@CP 3177 -0.355794148 0.00292079993 0.281448373 0 0 0
C@CP 3178 0.00302037104 -0.151087528 -0.437253758 0 0 0
C@CP 3179 -0.0094045571 -0.344872076 0.0531717223 0 0 0
C@CP 3180 0.142113287 0.128398349 -0.24745617 0 0 0
C@CP 3181 0.37326999 0.181912016 0.190969946 0 0 0
C@CP 3182 -0.407165396 0.208742043 0.0822083063 0 0 0
C@CP 3183 -0.262829702 -0.0340380056 0.0879022734 0 0 0
C@CP 3184 -0.347096607 -0.00910236541 0.0499666314 0 0 0
C@CP 3185 0.00472769871 0.400901254 0.0713776439 0 0 0
C@CP 3186 0.122796533 -0.203781772 -0.0561324796 0 0 0
C@CP 3187 0.021287021 -0.2900897 -0.257142169 0 0 0
C@CP 3188 -0.0821000526 -0.173615374 -0.350979435 0 0 0
C@CP 3189 0.213444003 -0.24920401 0.309919346 0 0 0
C@CP 3190 -0.0579472933 -0.379361332 0.0387410393 0 0 0
C@CP 3191 -0.0682226607 1.9175786e-05 -0.428354001 0 0 0
C@CP 3192 0.236360937 -0.347677657 -0.172713495 0 0 0
C@CP 3193 0.221346229 0.308254635 0.0685763347 0 0 0
C@CP 3194 0.130953597 -0.284134988 0.188900622 0 0 0
C@CP 3195 0.0115478609 0.450582785 -0.0135360816 0 0 0
C@CP 3196 -0.0116482201 0.467843992 -0.0316340168 0 0 0
C@CP 3197 0.240076708 0.185171054 0.0170360923 0 0 0
C@CP 3198 -0.0887340997 0.21796062 0.0652085071 0 0 0
C@CP 3199 0.299712694 -0.0660423529 -0.0456429081 0 0 0
C@CP 3200 -0.134491503 0.145370667 0.215697275 0 0 0
C@CP 3201 -0.111102417 -0.184203201 0.392895132 0 0 0
C@CP 3202 -0.0485654306 0.319717903 0.259559057 0 0 0
C@CP 3203 -0.0259763605 -0.448642359 -0.0319466162 0 0 0
C@CP 3204 -0.351086105 -0.178787223 -0.118563517 0 0 0
C@CP 3205 -0.0612553675 0.24072544 0.0856432776 0 0 0
C@CP 3206 -0.328633605 0.263571224 -0.119219269 0 0 0
C@CP 3207 -0.0924882334 0.252428965 0.0232639221 0 0 0
C@CP 3208 -0.0592827162 0.238131862 -0.0230052446 0 0 0
C@CP 3209 0.380747561 -0.249988703 -0.110778592 0 0 0
C@CP 3210 0.00722141734 -0.104271511 0.179570791 0 0 0
C@CP 3211 -0.0686140834 -0.253415567 0.165554538 0 0 0
C@CP 3212 0.0852506782 0.226022366 -0.271365786 0 0 0
C@CP 3213 -0.126886745 0.0077774101 0.413170986 0 0 0
C@CP 3214 -0.288463778 0.268168411 -0.164875003 0 0 0
C@CP 3215 -0.00249955568 -0.27908165 -0.0568696647 0 0 0
C@CP 3216 0.381692911 0.11685145 -0.148547897 0 0 0
C@CP 3217 0.246637292 -0.246465773 0.0777125673 0 0 0
C@CP 3218 0.0557669401 0.0968852447 -0.22087923 0 0 0
C@CP 3219 -0.241476973 0.095566604 0.204187767 0 0 0
C@CP 3220 0.0244537712 0.254498783 0.33241109 0 0 0
C@CP 3221 -0.070761492 -0.161515237 -0.112993652 0 0 0
C@CP 3222 -0.296679432 -0.159486128 -0.217823105 0 0 0
C@CP 3223 -0.0365823345 -0.185203271 -0.105097178 0 0 0
C@CP 3224 -0.414335271 -0.134873325 -0.0255896939 0 0 0
C@CP 3225 0.0980593155 0.279232273 0.325259597 0 0 0
C@CP 3226 0.0790850232 -0.259936772 -0.364033686 0 0 0
C@CP 3227 0.199095134 0.189352594 -0.315086754 0 0 0
C@CP 3228 0.201601816 0.310667569 -0.188302094 0 0 0
C@CP 3229 -0.0251686117 -0.226539978 0.146851135 0 0 0
C@CP 3230 0.133500993 0.214185181 -0.377103821 0 0 0
C@CP 3231 -0.116732932 0.101687365 -0.200954854 0 0 0
C@CP 3232 0.418917702 -0.114300646 0.0711722167 0 0 0
C@CP 3233 0.0984339867 0.184474867 -0.124435813 0 0 0
C@CP 3234 -0.145336008 0.114598433 -0.0484629679 0 0 0
C@CP 3235 -0.134741261 0.065465393 -0.00696404393 0 0 0
C@CP 3236 0.0468190567 0.0387519601 0.116397732 0 0 0
C@CP 3237 -0.14183007 -0.00933042587 0.350026481 0 0 0
C@CP 3238 -0.292031535 -0.285288916 -0.0028596032 0 0 0
C@CP 3239 0.0566788038 -0.0451623754 0.109725889 0 0 0
C@CP 3240 0.17594266 -0.279291418 0.253695174 0 0 0
C@CP 3241 -0.0764542456 -0.0273458803 0.434338496 0 0 0
C@CP 3242 -0.217086649 0.260428592 0.177911068 0 0 0
C@CP 3243 -0.0710447025 -0.308013226 -0.0611074254 0 0 0
C@CP 3244 -0.201509001 -0.228931063 0.266514077 0 0 0
C@CP 3245 0.240924547 -0.0249491374 0.00310036948 0 0 0
C@CP 3246 -0.108678679 -0.145024784 0.364258639 0 0 0
C@CP 3247 -0.136310693 0.278866829 0.0427016574 0 0 0
C@CP 3248 -0.136864948 -0.133277812 0.425803622 0 0 0
C@CP 3249 0.0727238229 -0.290762861 -0.00321915372 0 0 0
C@CP 3250 0.14254898 0.156785393 -0.0351495726 0 0 0
C@CP 3251 -0.0933803918 0.287288668 0.241846893 0 0 0
C@CP 3252 0.321337908 -0.304194974 0.054361294 0 0 0
C@CP 3253 0.0484876421 -0.408735048 -0.190545819 0 0 0
C@CP 3254 0.164867483 -0.0871851745 0.381923126 0 0 0
C@CP 3255 0.120404334 -0.149957322 0.134331536 0 0 0
C@CP 3256 0.0300104159 -0.201897412 0.282855169 0 0 0
C@CP 3257 -0.255107804 0.232006475 -0.0868342984 0 0 0
C@CP 3258 -0.32845704 -0.0712326472 0.310858449 0 0 0
C@CP 3259 -0.283536028 0.155110169 0.180088788 0 0 0
C@CP 3262 -0.0307946435 -0.0677784156 -0.299396566 0 0 0
C@CP 3263 0.142854798 0.289220131 -0.258693417 0 0 0
C@CP 3264 -0.0370205676 -0.125142478 -0.29429821 0 0 0
C@CP 3265 0.191461471 -0.203853257 0.0900801967 0 0 0
C@CP 3266 -0.298712505 -0.186748852 -0.276423949 0 0 0
C@CP 3267 0.223683347 0.106099955 -0.0545607775 0 0 0
C@CP 3268 -0.0916331055 -0.0825400478 0.211253599 0 0 0
C@CP 3269 -0.0563645271 -0.0623350397 -0.107373036 0 0 0
C@CP 3270 -0.321612991 -0.185539527 -0.108476556 0 0 0
C@CP 3271 0.348062934 -0.134791276 -0.181817649 0 0 0
C@CP 3272 0.154783511 0.284704113 -0.0461738504 0 0 0
C@CP 3273 -0.0452328489 0.247042577 -0.316372639 0 0 0
C@CP 3274 -0.240399846 0.0202215922 -0.0544772054 0 0 0
C@CP 3275 0.0395609766 -0.352205254 0.276416023 0 0 0
C@CP 3276 0.0578883161 -0.0564271441 -0.108176444 0 0 0
C@CP 3277 -0.0560647648 -0.120030127 -0.327316977 0 0 0
C@CP 3278 0.0663760598 -0.380586404 -0.0564859357 0 0 0
C@CP 3279 -0.231119245 -0.358009157 0.0712297574 0 0 0
C@CP 3280 0.305085699 0.000516045081 -0.175849311 0 0 0
C@CP 3281 0.0287968272 -0.374494414 0.251945794 0 0 0
C@CP 3282 0.109851818 -0.159528412 -0.243939432 0 0 0
C@CP 3283 0.388821462 -0.133478369 -0.141496547 0 0 0
C@CP 3284 0.203431826 -0.214013318 -0.0129823624 0 0 0
C@CP 3285 -0.237230798 -0.166808779 0.0584565891 0 0 0
C@CP 3286 0.0539956733 0.439036147 0.1123255 0 0 0
C@CP 3287 0.270428296 0.172979937 -0.353178009 0 0 0
C@CP 3288 -0.0333203226 0.14452728 -0.213625374 0 0 0
C@CP 3289 -0.0196506855 0.363091961 0.0359509887 0 0 0
C@CP 3290 0.0304487385 0.0574045463 -0.174281937 0 0 0
C@CP 3291 -0.120980896 0.18277761 -0.126664678 0 0 0
C@CP 3292 -0.0323885012 0.0776772848 0.227284838 0 0 0
C@CP 3293 0.0772597199 -0.298566934 -0.00336940234 0 0 0
C@CP 3294 -0.0355035797 0.399362052 0.13635076 0 0 0
C@CP 3295 0.215071928 -0.0486856643 0.208357094 0 0 0
C@CP 3296 -0.18240904 -0.171535941 0.0938468762 0 0 0
C@CP 3297 0.0212607334 -0.215992529 0.370750208 0 0 0
C@CP 3298 -0.054364001 -0.182376615 -0.099315192 0 0 0
C@CP 3299 -0.106285798 -0.227375036 0.0878704106 0 0 0
C@CP 3300 0.113477685 0.185876698 0.346955124 0 0 0
C@CP 3301 -0.222254179 -0.404094803 0.0457805196 0 0 0
C@CP 3302 0.0784000835 0.0873330863 0.297252931 0 0 0
C@CP 3303 -0.36650919 0.241890782 -0.110421874 0 0 0
C@CP 3304 -0.286318821 0.19741732 -0.253653556 0 0 0
C@CP 3305 0.0507436192 0.200229481 0.0385607216 0 0 0
C@CP 3306 -0.0972434633 -0.307899592 -0.234036692 0 0 0
C@CP 3307 -0.121172918 0.106380448 0.298499576 0 0 0
C@CP 3308 0.354285385 -0.184839312 -0.00304155851 0 0 0
C@CP 3310 -0.0310023772 0.0668957673 0.389176424 0 0 0
C@CP 3311 0.18242455 -0.208009326 -0.0393515224 0 0 0
C@CP 3312 0.0680710528 -0.186052351 0.0666827616 0 0 0
C@CP 3313 -0.101202975 0.320519044 -0.125909422 0 0 0
C@CP 3314 0.0127724972 0.293498176 -0.0359379215 0 0 0
C@CP 3315 0.0493917155 -0.0445150168 0.012398073 0 0 0
C@CP 3316 0.318195652 -0.121410417 -0.123898135 0 0 0
C@CP 3317 0.17811596 0.229411915 -0.310196316 0 0 0
C@CP 3318 -0.11058553 -0.235187085 -0.12471993 0 0 0
C@CP 3319 0.358063086 0.243602302 0.184599848 0 0 0
C@CP 3320 -0.207167854 0.154809912 -0.103642857 0 0 0
C@CP 3321 0.169626293 -0.00175341442 -0.0980942123 0 0 0
C@CP 3322 0.032772909 0.0614719463 0.180759109 0 0 0
C@CP 3323 0.0635850021 0.340474652 0.232306598 0 0 0
C@CP 3324 -0.326746474 0.046994458 0.0492064918 0 0 0
C@CP 3325 0.116341826 -0.197297785 -0.0773647126 0 0 0
C@CP 3326 0.0431356879 0.14609864 0.0575543444 0 0 0
C@CP 3327 0.291999945 0.0674153358 -0.355866578 0 0 0
C@CP 3328 0.0463665397 -0.264704486 -0.176933809 0 0 0
C@CP 3329 -0.0766771381 -0.273887733 0.177419933 0 0 0
C@CP 3330 -0.1817227 0.365526679 0.20165574 0 0 0
C@CP 3331 -0.357064405 -0.113587106 -0.00170689564 0 0 0
C@CP 3332 0.0337748015 -0.305343505 0.316477434 0 0 0
C@CP 3333 -0.160924401 0.237522959 0.27239712 0 0 0
C@CP 3334 -0.0486884929 -0.237058423 0.382438763 0 0 0
C@CP 3335 -0.124387774 0.102284144 -0.221989043 0 0 0
C@CP 3336 -0.0905497207 -0.00524690921 0.0644161126 0 0 0
C@CP 3337 -0.210650447 -0.0372990345 0.213109892 0 0 0
C@CP 3338 0.0581576513 0.173683275 0.0110632434 0 0 0
C@CP 3339 0.11630842 -0.231808138 0.138582787 0 0 0
C@CP 3340 0.375736138 -0.139009735 0.185063404 0 0 0
C@CP 3341 0.190254752 0.171358803 0.295233391 0 0 0
C@CP 3342 -0.164858725 -0.398646147 -0.0814530683 0 0 0
C@CP 3343 -0.115900042 0.291524089 -0.0346012612 0 0 0
C@CP 3344 -0.255692192 0.215765804 0.304126794 0 0 0
C@CP 3345 -0.314465006 -0.139571236 0.238750743 0 0 0
C@CP 3346 -0.112432444 0.22322068 -0.00416404548 0 0 0
C@CP 3347 -0.39198134 0.249308919 0.143343001 0 0 0
C@CP 3348 -0.194822066 0.315567351 0.140299712 0 0 0
C@CP 3349 -0.278049213 0.29115224 -0.227600263 0 0 0
C@CP 3350 -0.30546894 0.26778887 -0.216364111 0 0 0
C@CP 3351 -0.00374835538 0.357949237 0.16144164 0 0 0
C@CP 3352 -0.234660115 -0.255389291 0.225816304 0 0 0
C@CP 3353 0.286008044 0.144447917 -0.108885303 0 0 0
C@CP 3355 -0.392480068 0.149229003 0.125219233 0 0 0
C@CP 3356 -0.306849057 -0.301303078 0.158483507 0 0 0
C@CP 3357 0.0734014404 0.170584223 0.178021433 0 0 0
C@CP 3358 0.0967886829 0.0982116296 -0.378168785 0 0 0
C@CP 3359 0.417866394 -0.0253991981 0.00950537613 0 0 0
C@CP 3360 -0.259134783 -0.0866865537 -0.0897265353 0 0 0
C@CP 3361 -0.226225001 -0.173835349 -0.355005969 0 0 0
C@CP 3362 -0.10608257 0.330270304 -0.111898584 0 0 0
C@CP 3363 0.0255243749 -0.118991719 -0.202388081 0 0 0
C@CP 3364 0.238375698 -0.235091124 -0.100107007 0 0 0
C@CP 3365 -0.212275198 -0.316507601 -0.163450569 0 0 0
C@CP 3366 0.371572116 -0.280238023 -0.0348288928 0 0 0
C@CP 3368 -0.24300193 -0.208449168 0.250758216 0 0 0
C@CP 3369 -0.153835618 -0.057320642 0.325679127 0 0 0
C@CP 3370 -0.00762134523 0.281066276 -0.00425063711 0 0 0
C@CP 3371 -0.0522190459 0.324181368 0.0848080312 0 0 0
C@CP 3372 0.224965452 0.031678165 0.375755172 0 0 0
C@CP 3373 -0.353868731 -0.249491183 0.0279008857 0 0 0
C@CP 3374 0.26495913 0.0664341808 0.318333953 0 0 0
C@CP 3375 -0.0955870202 -0.235462576 -0.0822629645 0 0 0
C@CP 3376 0.38270024 0.071564975 -0.133084772 0 0 0
C@CP 3377 0.0629845327 -0.270479263 0.365483408 0 0 0
C@CP 3378 -0.290717802 0.316004962 -0.179519629 0 0 0
C@CP 3379 -0.260534263 -0.0446502474 0.183764209 0 0 0
C@CP 3380 0.148010353 0.0244944132 -0.364793695 0 0 0
C@CP 3381 -0.0469594912 0.0812428876 0.0144082752 0 0 0
C@CP 3382 0.275979057 -0.0347121913 -0.201899981 0 0 0
C@CP 3384 -0.00453272955 -0.327797003 -0.193089273 0 0 0
C@CP 3385 0.163994409 -0.360718929 0.192825666 0 0 0
C@CP 3386 -0.183845515 -0.0518345074 0.143074321 0 0 0
C@CP 3387 -0.113740605 0.381366474 0.113128933 0 0 0
C@CP 3388 0.305013262 0.102731155 -0.133254785 0 0 0
C@CP 3389 0.0799248785 -0.13212897 -0.416635941 0 0 0
C@CP 3390 0.25082353 -0.401712247 -0.0371410611 0 0 0
C@CP 3391 0.00809519377 -0.428145317 -0.0271324871 0 0 0
C@CP 3392 -0.345564593 0.145010657 -0.181342403 0 0 0
C@CP 3393 0.299472258 0.290672772 0.162732562 0 0 0
C@CP 3394 -0.0858281847 -0.231182923 0.105439975 0 0 0
C@CP 3395 0.396272026 0.118918436 -0.0342921616 0 0 0
C@CP 3396 -0.268171234 -0.00330568277 0.308904647 0 0 0
C@CP 3397 0.0126190304 -0.183446879 -0.134980171 0 0 0
C@CP 3398 0.0385643207 -0.349352438 0.239468176 0 0 0
C@CP 3399 0.202901668 0.332906207 0.00198297985 0 0 0
C@CP 3400 0.103573756 0.035357836 -0.152986739 0 0 0
C@CP 3401 -0.277961496 0.0697882904 -0.236258913 0 0 0
C@CP 3402 0.128540501 -0.391521662 -0.0225233674 0 0 0
C@CP 3403 0.15514284 0.0447893415 -0.232381999 0 0 0
C@CP 3404 0.381705188 -0.251377671 -0.161903262 0 0 0
C@CP 3405 0.0793502925 0.368736792 0.137635486 0 0 0
C@CP 3406 0.0594096525 0.389496089 0.0748074917 0 0 0
C@CP 3407 -0.170561974 0.141694586 0.10649088 0 0 0
C@CP 3408 0.100728246 -0.227535159 0.362875467 0 0 0
C@CP 3409 -0.0854215354 0.411093383 0.0871760293 0 0 0
C@CP 3410 0.0708611938 0.20542509 0.410040477 0 0 0
C@CP 3411 -0.0983825559 0.338019104 -0.113653371 0 0 0
C@CP 3412 0.0696545053 -0.0769574489 -0.310202057 0 0 0
C@CP 3413 0.000852497865 -0.154372059 0.313220447 0 0 0
C@CP 3414 0.246737111 -0.154145501 -0.374252163 0 0 0
C@CP 3415 -0.367976354 -0.0244997972 -0.119610039 0 0 0
C@CP 3416 -0.200170627 -0.0224915588 0.278458356 0 0 0
C@CP 3417 0.00564944858 0.0508118909 0.082219582 0 0 0
C@CP 3418 0.0874037656 0.168802748 0.370305679 0 0 0
C@CP 3419 -0.28502974 -0.202967591 -0.17048953 0 0 0
C@CP 3420 -0.188738371 0.085839945 -0.335048081 0 0 0
C@CP 3421 -0.0503383652 -0.255070212 0.0942356021 0 0 0
C@CP 3422 -0.0661160232 0.156993534 0.405020336 0 0 0
C@CP 3423 -0.246252475 -0.0172637854 0.354116797 0 0 0
C@CP 3424 0.251373878 -0.040668511 -0.307152159 0 0 0
C@CP 3425 0.204961397 0.0338144501 0.0139349496 0 0 0
C@CP 3426 0.473624977 0.00550190596 -0.0164027381 0 0 0
C@CP 3427 -0.164779944 -0.416948196 0.0361185158 0 0 0
C@CP 3428 0.288555939 0.309975003 0.0549006635 0 0 0
C@CP 3429 -0.254853032 -0.00149855276 -0.179417118 0 0 0
C@CP 3430 -0.286360619 0.264369868 0.0460617111 0 0 0
C@CP 3431 -0.172516418 -0.118816619 0.324770293 0 0 0
C@CP 3432 0.216237412 -0.0511280434 0.0923653656 0 0 0
C@CP 3433 0.263963536 0.030798592 0.366433483 0 0 0
C@CP 3434 0.336890333 0.31894193 0.0809280552 0 0 0
C@CP 3435 -0.0714423985 0.204939167 0.268346218 0 0 0
C@CP 3437 -0.232269877 0.108666502 0.01993388 0 0 0
C@CP 3438 -0.201448305 -0.331048977 -0.0477552593 0 0 0
C@CP 3439 0.195788522 -0.210753137 0.159629633 0 0 0
C@CP 3440 0.0150418956 -0.0242660922 -0.173339334 0 0 0
C@CP 3441 -0.12099174 -0.104934377 0.0955313035 0 0 0
C@CP 3442 -0.0715231627 0.042617633 -0.0347338811 0 0 0
C@CP 3443 -0.328741589 -0.220030638 -0.166219332 0 0 0
C@CP 3444 -0.112042662 0.255472765 0.0971716037 0 0 0
C@CP 3445 -0.111444627 -0.16051599 -0.0851393156 0 0 0
C@CP 3446 -0.439520872 -0.134668546 -0.0888451826 0 0 0
C@CP 3447 -0.228777261 0.0718782315 -0.242576965 0 0 0
C@CP 3448 0.313167661 0.148187462 -0.0813982834 0 0 0
C@CP 3449 -0.207653042 0.241145733 0.0718785243 0 0 0
C@CP 3450 -0.232685089 -0.243419622 -0.321196975 0 0 0
C@CP 3451 -0.013667011 -0.121683777 -0.119016122 0 0 0
C@CP 3452 0.261859237 -0.0423994657 0.205692439 0 0 0
C@CP 3453 -0.106045649 0.0566298026 -0.154036555 0 0 0
C@CP 3454 -0.286487284 -0.211580577 -0.0733757438 0 0 0
C@CP 3455 -0.399231865 -0.0846112544 -0.0160744953 0 0 0
C@CP 3456 -0.213324676 -0.249697899 -0.171021754 0 0 0
C@CP 3457 -0.129022358 -0.158554175 0.119967062 0 0 0
C@CP 3458 0.0804251544 -0.401115543 -0.161354005 0 0 0
C@CP 3459 0.289279809 -0.144360932 0.0144758179 0 0 0
C@CP 3460 -0.198775806 -0.185207763 -0.217870705 0 0 0
C@CP 3461 -0.141725593 0.0139739603 0.42307288 0 0 0
C@CP 3462 -0.407212139 -0.16937948 0.0484391301 0 0 0
C@CP 3463 -0.170196998 -0.00802785032 -0.231613769 0 0 0
C@CP 3464 -0.273561972 0.319536292 0.173639564 0 0 0
C@CP 3465 -0.0570001769 -0.347235878 0.285971246 0 0 0
C@CP 3466 0.251570801 -0.148188629 -0.114312497 0 0 0
C@CP 3467 -0.117137535 0.270880187 -0.283756738 0 0 0
C@CP 3468 0.0668062083 0.118879223 -0.292494538 0 0 0
C@CP 3469 0.397347599 -0.0378940992 -0.0184501072 0 0 0
C@CP 3470 0.288270555 0.107548991 -0.362504276 0 0 0
C@CP 3471 0.367649975 -0.023285395 0.00776559613 0 0 0
C@CP 3472 0.230686297 -0.251698531 -0.132488893 0 0 0
C@CP 3473 -0.116616148 0.260845613 -0.15294562 0 0 0
C@CP 3474 -0.252033955 0.225986972 -0.0783829725 0 0 0
C@CP 3475 0.343796507 0.148741183 -0.184773546 0 0 0
C@CP 3476 0.263679204 -0.0125910909 -0.199444844 0 0 0
C@CP 3477 0.333241453 -0.0463676698 -0.318435592 0 0 0
C@CP 3478 0.00918703541 -0.0352443223 0.264968038 0 0 0
C@CP 3479 -0.144343971 -0.383114237 -0.141765689 0 0 0
C@CP 3480 -0.316161027 0.052799044 -0.0666269888 0 0 0
C@CP 3481 0.0382989997 -0.0528885416 0.121119674 0 0 0
C@CP 3482 -0.233024589 0.136380436 0.263115482 0 0 0
C@CP 3483 0.162044527 0.358115761 0.25687624 0 0 0
C@CP 3484 0.0178707252 -0.0325299292 0.107321618 0 0 0
C@CP 3485 -0.134422519 0.118903845 0.242789346 0 0 0
C@CP 3486 0.300754379 -0.253915849 0.193882375 0 0 0
C@CP 3487 -0.250815313 -0.216533388 0.0317508941 0 0 0
C@CP 3488 -0.371074463 0.160926406 -0.0815207271 0 0 0
C@CP 3489 -0.037840688 0.0603557059 0.271728438 0 0 0
C@CP 3490 0.168144441 0.0539306911 0.0738555603 0 0 0
C@CP 3491 0.170459889 0.059044695 0.0458814773 0 0 0
C@CP 3492 -0.255241919 -0.123024735 -0.284889375 0 0 0
C@CP 3493 0.183955109 0.398591546 -0.143321989 0 0 0
C@CP 3494 -0.126116058 -0.151890306 0.20947769 0 0 0
C@CP 3495 -0.0967352089 -0.361121379 0.100934972 0 0 0
C@CP 3496 -0.0364799061 -0.223942873 0.222044637 0 0 0
C@CP 3497 0.354110672 0.0766025343 -0.0153698489 0 0 0
B@CP 3499 -0.103381036 -0.108847126 -0.0802678549 0 0 0
C@CP 3500 0.0810670845 -0.377758565 0.24955733 0 0 0
C@CP 3501 -0.275053756 0.0732336415 -0.217306379 0 0 0
C@CP 3502 0.0159515139 -0.313412632 -0.174110219 0 0 0
B@CP 3504 -0.0231151471 -0.227298108 -0.376645966 0 0 0
C@CP 3505 0.0394794976 -0.09769313 -0.171723063 0 0 0
B@CP 3507 0.065564148 -0.131317845 0.0306053583 0 0 0
C@CP 3508 -0.339731943 -0.0249232872 0.0505266937 0 0 0
B@CP 3510 -0.247746374 0.106179326 -0.0153279009 0 0 0
C@CP 3511 0.0660502246 0.0317351955 -0.39850956 0 0 0
B@CP 3513 0.210524689 0.0164123533 0.392870598 0 0 0
C@CP 3514 -0.232406836 -0.247585675 0.0782974793 0 0 0
B@CP 3516 0.0863804418 0.0947588715 -0.00552655503 0 0 0
C@CP 3517 -0.142627083 0.2839952 0.0561900814 0 0 0
B@CP 3519 0.236875126 -2.285799e-05 -0.37140395 0 0 0
C@CP 3520 -0.139657436 0.0461894991 -0.310976272 0 0 0
B@CP 3522 -0.130809157 0.00170819655 0.0776090038 0 0 0
C@CP 3523 0.40087427 -0.186620424 -0.121679833 0 0 0
B@CP 3525 -0.164092299 0.0893823919 0.0118687658 0 0 0
C@CP 3526 0.33904323 0.297401338 0.0507311441 0 0 0
B@CP 3528 0.143193828 0.350596627 -0.211576948 0 0 0
C@CP 3529 0.0493257953 0.198019483 -0.419991406 0 0 0
B@CP 3531 0.0814097788 0.121821712 -0.138070262 0 0 0
C@CP 3532 -0.0747595778 0.411563131 0.0577104285 0 0 0
B@CP 3534 -0.019482622 0.363036649 -0.232004556 0 0 0
C@CP 3535 0.235403608 0.283269429 -0.245923073 0 0 0
C@CP 3538 0.00463125269 0.0848099007 0.124948545 0 0 0
B@CP 3540 0.3327415 -0.100941287 0.24007664 0 0 0
C@CP 3541 -0.120519383 -0.0930044621 0.164616171 0 0 0
B@CP 3543 0.0630040502 -0.207521698 -0.305610754 0 0 0
C@CP 3544 -0.168264924 -0.0252741025 0.266273542 0 0 0
B@CP 3546 -0.370231505 0.190827489 0.0328547996 0 0 0
B@CP 3548 0.0670229165 0.299863214 0.349818773 0 0 0
C@CP 3549 -0.218420206 -0.402520862 0.0340649821 0 0 0
C@CP 3550 -0.0910896638 -0.279946291 0.284317834 0 0 0
B@CP 3552 -0.0755472755 0.283965721 0.0915835041 0 0 0
C@CP 3553 -0.0170514114 0.126057192 0.039961806 0 0 0
B@CP 3555 -0.363531071 0.257542778 0.110347449 0 0 0
C@CP 3556 -0.311703772 0.297117406 0.135424598 0 0 0
C@CP 3559 0.19807254 0.397431767 0.118031557 0 0 0
B@CP 3561 0.212337218 -0.377967702 0.154454739 0 0 0
C@CP 3562 -0.238280438 -0.165776377 -0.0433879077 0 0 0
B@CP 3564 -0.151877672 -0.182472574 -0.00853611952 0 0 0
B@CP 3566 0.27096016 -0.262032995 -0.21921601 0 0 0
C@CP 3567 0.132176715 0.327812143 0.0618414315 0 0 0
C@CP 3568 0.307921419 0.335228509 0.0877995733 0 0 0
