B@CP 1006 -0.302140521 -0.0433157039 -0.174845521 0 0 0
B@CP 1010 -0.190236444 0.0786648346 0.161274248 0 0 0
B@CP 1012 0.282421092 0.162844187 0.0758431157 0 0 0
B@CP 1013 0.140918674 0.334065924 -0.119429725 0 0 0
B@CP 1019 0.294743318 0.245767953 -0.0440835239 0 0 0
B@CP 1025 -0.337831043 -0.110198852 -0.20755067 0 0 0
B@CP 1030 0.0458563322 0.35054825 -0.0262407073 0 0 0
B@CP 1037 0.360670053 -0.183253659 -0.088116361 0 0 0
B@CP 1039 -0.267226377 -0.0080101254 0.0107798873 0 0 0
B@CP 1044 -0.10522832 0.107187098 -0.311176495 0 0 0
B@CP 1045 0.236046663 -0.0586349043 -0.346070226 0 0 0
B@CP 1051 0.0161918044 0.153991131 0.420435319 0 0 0
B@CP 1052 0.106737976 0.362408584 -0.0209482728 0 0 0
B@CP 1055 -0.301234765 -0.153948751 -0.30627844 0 0 0
B@CP 1056 -0.228324464 0.0202041846 0.0571730573 0 0 0
B@CP 1058 -0.294437979 0.216516567 0.183980537 0 0 0
B@CP 1059 0.0404568336 -0.162222153 -0.122869778 0 0 0
B@CP 1066 -0.117927656 -0.132463817 -0.189886921 0 0 0
B@CP 1070 -0.109928837 -0.275578851 0.326342924 0 0 0
B@CP 1071 0.164937286 -0.216199645 0.351191871 0 0 0
B@CP 1073 0.137367006 0.380606895 -0.235223697 0 0 0
B@CP 1074 0.111369509 0.0658322272 0.216932144 0 0 0
B@CP 1080 0.195221844 0.131458619 -0.00785739443 0 0 0
B@CP 1088 0.130097007 0.270170833 0.0976018962 0 0 0
B@CP 1090 0.107655852 -0.231001297 0.188188382 0 0 0
B@CP 1091 0.267730422 -0.274340851 0.177861051 0 0 0
B@CP 1093 0.0209457499 -0.339351496 -0.0575734473 0 0 0
B@CP 1095 -0.206578018 0.204240996 0.272669094 0 0 0
B@CP 1098 -0.325244809 -0.193287407 0.226480391 0 0 0
B@CP 1100 -0.0293182258 -0.122596374 -0.41584103 0 0 0
B@CP 1103 0.0199214258 0.113087008 -0.33217314 0 0 0
B@CP 1104 -0.300588173 0.291650486 0.00791710548 0 0 0
B@CP 1110 0.0879417997 0.355258631 0.0234528203 0 0 0
B@CP 1111 -0.00137803342 0.00942264587 0.115762937 0 0 0
B@CP 1124 -0.0218365691 0.130690533 0.226191888 0 0 0
B@CP 1126 0.00728094402 -0.232582978 0.249857628 0 0 0
B@CP 1127 0.0415368856 0.282625984 0.328835684 0 0 0
B@CP 1130 -0.388944667 0.0678636267 0.050209173 0 0 0
B@CP 1133 -0.0236168844 0.0075425035 -0.0772623625 0 0 0
B@CP 1135 0.0981638747 -0.325353287 -0.0691082456 0 0 0
B@CP 1141 -0.3587796 -0.124258309 -0.145241617 0 0 0
B@CP 1147 0.294095007 -0.13213964 0.258462588 0 0 0
B@CP 1149 0.331027455 0.174883026 -0.274945044 0 0 0
B@CP 1152 -0.302107363 -0.17410994 -0.202146713 0 0 0
B@CP 1153 -0.183315491 0.249046607 0.0744688095 0 0 0
B@CP 1160 -0.277792743 -0.0686204913 -0.0790598163 0 0 0
B@CP 1161 0.193419931 -0.035019106 0.177261149 0 0 0
B@CP 1162 0.109849997 -0.153685802 -0.393296622 0 0 0
B@CP 1169 0.280274084 -0.170297138 0.138012179 0 0 0
B@CP 1170 0.213341861 0.332887047 -0.0685371496 0 0 0
B@CP 1171 -0.00568532224 0.188927319 -0.143785345 0 0 0
B@CP 1173 -0.279903297 -0.114290687 -0.237311065 0 0 0
B@CP 1175 -0.278476648 -0.0203304159 -0.118424976 0 0 0
B@CP 1177 -0.0308907473 0.256296051 0.195477632 0 0 0
B@CP 1181 -0.322828101 0.186381657 0.154262773 0 0 0
B@CP 1186 0.0795632243 -0.101170142 0.412889328 0 0 0
B@CP 1187 0.149849386 -0.305955978 0.207647239 0 0 0
B@CP 1193 0.101138904 -0.351804362 0.263617704 0 0 0
B@CP 1200 -0.212605434 0.084872868 0.35250315 0 0 0
B@CP 1205 0.0184651494 0.117209023 -0.42530106 0 0 0
B@CP 1206 0.167266108 0.281920641 -0.200674495 0 0 0
B@CP 1211 -0.0234481196 0.141037949 -0.320932293 0 0 0
B@CP 1213 0.296681913 -0.06292814 0.287832439 0 0 0
B@CP 1222 0.33123018 0.289012505 0.0976018237 0 0 0
B@CP 1224 -0.201869031 0.254383667 0.205893235 0 0 0
B@CP 1227 0.379828742 0.129634348 0.119271632 0 0 0
B@CP 1231 0.31279849 0.204299452 0.0811550857 0 0 0
B@CP 1235 -0.026510976 -0.33230385 0.132041276 0 0 0
B@CP 1240 -0.10932683 -0.3813846 -0.196324381 0 0 0
B@CP 1243 0.0953330372 0.162011787 0.0349267634 0 0 0
B@CP 1248 -0.197625368 -0.042131698 0.370140186 0 0 0
B@CP 1250 0.290216439 0.0157806095 -0.290531512 0 0 0
B@CP 1251 0.0901096882 -0.240673273 -0.129703295 0 0 0
B@CP 1255 -0.255484293 -0.19113379 0.0969392884 0 0 0
B@CP 1256 0.00341787491 -0.477576384 -0.0200334044 0 0 0
B@CP 1258 -0.139638663 0.0312974366 0.290712466 0 0 0
B@CP 1261 0.318417286 -0.194940492 0.00797211886 0 0 0
B@CP 1265 0.0837552009 0.119685306 0.0492274103 0 0 0
B@CP 1269 0.0361736733 0.207695974 -0.319281629 0 0 0
B@CP 1274 0.125081164 -0.391143392 -0.245703251 0 0 0
B@CP 1275 -0.24406654 -0.103242287 0.254418015 0 0 0
B@CP 1277 -0.125226614 0.194520103 -0.208784736 0 0 0
B@CP 1278 0.253884371 -0.151616806 -0.137773116 0 0 0
B@CP 1283 -0.269045475 -0.00101240045 0.108917778 0 0 0
B@CP 1287 -0.0827108413 0.381056163 -0.220662199 0 0 0
B@CP 1291 -0.263048206 0.403437901 -0.0197161444 0 0 0
B@CP 1293 0.110565245 -0.0592966965 -0.288009858 0 0 0
B@CP 1296 0.285510069 -0.0699114677 0.301964824 0 0 0
B@CP 1297 0.152268041 0.391715136 0.220509903 0 0 0
B@CP 1298 -0.0846916852 0.259892069 -0.253913337 0 0 0
B@CP 1299 -0.0398888434 -0.0335637898 -0.163896568 0 0 0
B@CP 1300 -0.0910465758 -0.0261389826 -0.0239973287 0 0 0
B@CP 1304 0.10660192 0.000675662258 -0.367828272 0 0 0
B@CP 1305 -0.170087501 -0.240223171 -0.0794402109 0 0 0
B@CP 1311 -0.00794195525 -0.0772021528 -0.114749424 0 0 0
B@CP 1322 -0.165484924 0.17152311 -0.374755585 0 0 0
B@CP 1324 -0.391159762 -0.24518261 -0.123309811 0 0 0
B@CP 1328 -0.287432744 -0.0491663842 0.163883156 0 0 0
B@CP 1333 -0.13080957 -0.158424991 0.0380221104 0 0 0
B@CP 1339 -0.167007717 -0.180895037 0.172109317 0 0 0
B@CP 1342 0.15486178 -0.0646934099 -0.38446417 0 0 0
B@CP 1343 -0.372532928 0.0115082266 -0.0577540084 0 0 0
B@CP 1344 0.0239173255 0.18133338 -0.432225735 0 0 0
B@CP 1351 -0.193241397 0.153772317 0.19287109 0 0 0
B@CP 1357 -0.0882617794 -0.376061959 -0.124130313 0 0 0
B@CP 1359 -0.0341651206 0.146295143 -0.253263008 0 0 0
B@CP 1361 0.403147849 -0.14487257 -0.00358520656 0 0 0
B@CP 1363 -0.274523121 0.156678977 -0.197050454 0 0 0
B@CP 1364 0.199544499 0.178809796 0.260153167 0 0 0
B@CP 1365 -0.416557487 0.175858795 -0.1301433 0 0 0
B@CP 1368 0.263839824 0.153924878 -0.184471494 0 0 0
B@CP 1369 0.335668404 0.0591016775 0.0844850266 0 0 0
B@CP 1374 0.274805549 -0.01236128 0.296824846 0 0 0
B@CP 1376 0.204083269 -0.161672636 -0.389925122 0 0 0
B@CP 1377 -0.122570265 -0.318517512 -0.300893179 0 0 0
B@CP 1379 -0.289366986 -0.162364796 0.0711786265 0 0 0
B@CP 1381 -0.300551545 -0.0630377922 -0.163366305 0 0 0
B@CP 1383 0.20685003 -0.029671713 -0.0998316713 0 0 0
B@CP 1385 -0.270587688 -0.179548234 0.190825013 0 0 0
B@CP 1389 0.298022146 -0.0743484436 -0.0668746244 0 0 0
B@CP 1392 -0.132254773 -0.126075739 0.233363664 0 0 0
B@CP 1397 0.0772877804 0.252092057 0.232766205 0 0 0
B@CP 1398 -0.367418713 -0.0775124834 -0.215910031 0 0 0
B@CP 1400 0.264894123 -0.0851241082 0.0316179868 0 0 0
B@CP 1401 -0.215882922 0.0538537191 -0.380577552 0 0 0
B@CP 1408 0.20762158 0.100319594 0.00276020826 0 0 0
B@CP 1410 0.00597114683 0.0637802635 0.121731129 0 0 0
B@CP 1416 0.0682418867 0.127697126 -0.434671216 0 0 0
B@CP 1419 0.166526426 0.232479242 -0.0522734098 0 0 0
B@CP 1420 0.000842939094 -0.247404119 -0.310460491 0 0 0
B@CP 1434 -0.11770388 0.0317836349 0.231635328 0 0 0
B@CP 1435 -0.322088779 -0.0646920878 -0.163590291 0 0 0
B@CP 1449 -0.160069881 0.238486746 0.236590343 0 0 0
B@CP 1450 -0.170880786 -0.0649698791 0.168802546 0 0 0
B@CP 1451 0.130457045 -0.449250375 0.021685047 0 0 0
B@CP 1455 -0.00332405829 0.0832454107 0.290294562 0 0 0
B@CP 1458 0.206047885 -0.293733924 0.0625225198 0 0 0
B@CP 1461 -0.152868999 0.0350017681 0.036042475 0 0 0
B@CP 1467 0.328430503 -0.0903806479 0.120278091 0 0 0
B@CP 1470 0.282648822 -0.00211488953 -0.28850416 0 0 0
B@CP 1471 -0.0208898564 0.44732979 0.0256977112 0 0 0
B@CP 1472 0.204483834 -0.0254066068 -0.312993502 0 0 0
B@CP 1482 -0.16698047 -0.197167442 0.124868085 0 0 0
B@CP 1484 -0.036135298 -0.0783613029 -0.237169901 0 0 0
B@CP 1485 0.116889485 0.0983719818 -0.287415592 0 0 0
B@CP 1486 0.229788193 0.130897224 0.241491594 0 0 0
B@CP 1495 -0.0520386746 0.244758732 -0.0560929135 0 0 0
B@CP 1497 -0.293517366 0.0595771697 -0.0728168551 0 0 0
B@CP 1504 0.000968971049 -0.1881993 -0.346414575 0 0 0
B@CP 1505 -0.177772111 0.110261494 0.368068843 0 0 0
B@CP 1506 -0.124986105 0.233441589 0.181851848 0 0 0
B@CP 1508 -0.288232846 -0.271559047 0.11125222 0 0 0
B@CP 1509 -0.141941263 0.376805604 -0.0574396854 0 0 0
B@CP 1513 -0.173553219 0.413681327 -0.0577076544 0 0 0
B@CP 1514 -0.0973094051 -0.412651064 -0.0788287641 0 0 0
B@CP 1515 -0.0123394615 0.239738322 0.353718642 0 0 0
B@CP 1519 -0.27140723 0.14239831 0.0805448907 0 0 0
B@CP 1520 0.203344618 0.0633395791 0.00266802549 0 0 0
B@CP 1528 -0.0119241671 0.405400531 -0.189728477 0 0 0
B@CP 1535 -0.271034608 0.227884345 -0.0326837315 0 0 0
B@CP 1539 -0.0608577645 -0.00690720639 -0.0479273185 0 0 0
B@CP 1543 0.169139694 0.00529367329 -0.285426676 0 0 0
B@CP 1544 -0.000655811496 0.392334948 0.19765228 0 0 0
B@CP 1547 -0.367528351 0.0957667293 0.0471737445 0 0 0
B@CP 1551 0.0833746566 0.317469136 0.27002451 0 0 0
B@CP 1557 -0.428629619 -0.147282816 -0.115290712 0 0 0
B@CP 1558 0.21648903 0.159568678 -0.289655672 0 0 0
B@CP 1559 0.0992995363 -0.428176267 0.0896277923 0 0 0
B@CP 1560 0.350060701 -0.15988542 0.117679493 0 0 0
B@CP 1565 0.248662914 -0.139818264 0.359285695 0 0 0
B@CP 1567 -0.177457828 0.40971549 -0.12019271 0 0 0
B@CP 1569 -0.00450494451 0.201042522 -0.133697847 0 0 0
B@CP 1570 -0.241220878 0.0479327993 0.179013644 0 0 0
B@CP 1578 -0.134619536 -0.0394476793 -0.0904029303 0 0 0
B@CP 1581 -0.12122184 0.00762301764 -0.0637449517 0 0 0
B@CP 1582 0.00263992128 0.16079896 -0.190172289 0 0 0
B@CP 1583 -0.128999371 -0.366615759 0.159403616 0 0 0
B@CP 1588 -0.338020892 0.218654996 0.221994157 0 0 0
B@CP 1590 0.200237177 -0.0560907077 0.183868432 0 0 0
B@CP 1595 0.140060279 0.0925797494 -0.428998194 0 0 0
B@CP 1605 0.169634832 0.135137179 0.394655231 0 0 0
B@CP 1607 -0.0446996378 0.0142670025 0.0202897046 0 0 0
B@CP 1610 -0.129668531 -0.284612531 -0.131319256 0 0 0
B@CP 1611 0.0869949276 0.124835943 0.101069328 0 0 0
B@CP 1612 0.314034494 0.117375031 -0.213760314 0 0 0
B@CP 1613 -0.00497463763 0.0816108971 0.373098249 0 0 0
B@CP 1622 -0.0508599947 0.0739962922 -0.104353489 0 0 0
B@CP 1623 0.0294681981 -0.136854009 0.268974386 0 0 0
B@CP 1624 0.109614909 -0.0773246072 0.242665307 0 0 0
B@CP 1629 -0.0321048058 -0.093457193 -0.177169808 0 0 0
B@CP 1630 -0.182678044 -0.0459535478 -0.255446176 0 0 0
B@CP 1636 0.243436854 0.148250093 0.123973827 0 0 0
B@CP 1637 0.141770404 -0.0487669276 0.149122281 0 0 0
B@CP 1639 -0.00182663873 -0.139822451 0.160919618 0 0 0
B@CP 1640 -0.133362885 -0.139659869 -0.316091602 0 0 0
B@CP 1641 -0.223274022 0.078129094 0.267426734 0 0 0
B@CP 1643 -0.0505299288 0.133795318 0.0738563008 0 0 0
B@CP 1644 -0.416347841 0.0895808579 0.000678319789 0 0 0
B@CP 1646 0.251853275 0.207438408 -0.113212024 0 0 0
B@CP 1649 -0.192374064 -0.162877159 0.143307373 0 0 0
B@CP 1653 -0.0662745957 -0.191594822 0.0244063145 0 0 0
B@CP 1656 -0.0694172299 -0.0580807668 0.417756298 0 0 0
B@CP 1660 0.192226037 -0.180693334 0.0190026996 0 0 0
B@CP 1661 0.0762117642 -0.0876435408 0.386621235 0 0 0
B@CP 1669 0.238931092 -0.152218938 0.317662741 0 0 0
B@CP 1670 0.203020217 0.232513716 -0.0277081204 0 0 0
B@CP 1686 -0.275627046 -0.246948817 -0.16124605 0 0 0
B@CP 1690 0.160427599 -0.266033707 -0.279330878 0 0 0
B@CP 1691 -0.221848744 0.0698640881 -0.0258317078 0 0 0
B@CP 1693 -0.0429213753 -0.159374939 0.381032834 0 0 0
B@CP 1695 -0.350863034 -0.173528966 0.106307884 0 0 0
B@CP 1699 -0.0852657471 0.00925745629 0.180302047 0 0 0
B@CP 1701 -0.00297042533 0.43282214 -0.115710861 0 0 0
B@CP 1703 -0.0117155045 -0.133767963 -0.197328872 0 0 0
B@CP 1704 0.319534372 -0.159527336 0.299500325 0 0 0
B@CP 1705 -0.191027897 0.366681955 -0.163207877 0 0 0
B@CP 1706 0.0494361079 0.148941631 -0.22364614 0 0 0
B@CP 1711 0.0950457851 0.0359367972 -0.0436001339 0 0 0
B@CP 1718 0.210705376 0.0192694411 -0.212750452 0 0 0
B@CP 1720 -0.362241119 -0.20659119 0.09092032 0 0 0
B@CP 1722 0.289953085 0.0913321642 0.216982937 0 0 0
B@CP 1726 0.27120957 -0.0658727268 0.308817344 0 0 0
B@CP 1730 0.357613407 0.148068235 0.159370969 0 0 0
B@CP 1736 -0.171528435 -0.0464899964 0.289067429 0 0 0
B@CP 1740 0.0383634892 0.0162378728 -0.384148132 0 0 0
B@CP 1742 0.112354849 0.0444752884 0.0699536508 0 0 0
B@CP 1746 -0.295692246 -0.280163016 -0.100503635 0 0 0
B@CP 1748 0.184127991 0.382678782 0.0749074404 0 0 0
B@CP 1753 -0.145529676 0.342456563 -0.282523854 0 0 0
B@CP 1762 -0.0997728551 0.433599436 0.0373591561 0 0 0
B@CP 1763 -0.0428059304 0.255491191 0.0218747559 0 0 0
B@CP 1765 -0.117264549 0.00415379633 -0.412118865 0 0 0
B@CP 1766 0.283055725 -0.312289329 0.0731632584 0 0 0
B@CP 1768 -0.264086477 0.113479787 -0.257610244 0 0 0
B@CP 1769 -0.0278895892 0.0610040073 -0.433038982 0 0 0
B@CP 1770 0.291520404 0.381289549 -0.00209524979 0 0 0
B@CP 1774 0.0425852404 0.233074296 -0.224227769 0 0 0
B@CP 1775 -0.0707315578 0.202721495 -0.22924257 0 0 0
B@CP 1778 -0.0741607932 -0.0580605535 0.375460039 0 0 0
B@CP 1781 -0.257223313 0.356466601 -0.0462297498 0 0 0
B@CP 1786 0.185793792 -0.000709883178 0.285621047 0 0 0
B@CP 1787 -0.136104277 -0.0654425945 0.425761661 0 0 0
B@CP 1790 0.197254218 0.286206318 -0.0473126852 0 0 0
B@CP 1792 -0.276281016 -0.0675640502 0.248778442 0 0 0
B@CP 1795 0.258317173 -0.224575398 -0.0422012934 0 0 0
B@CP 1796 0.359372876 0.184863697 -0.192677441 0 0 0
B@CP 1804 0.189003505 -0.0459712937 0.109512332 0 0 0
B@CP 1810 0.028091584 0.282466041 0.12664226 0 0 0
B@CP 1817 -0.308554619 -0.20593073 -0.0204152464 0 0 0
B@CP 1818 0.151304408 -0.197996548 0.291145891 0 0 0
B@CP 1826 0.358858215 0.0889741139 0.268450753 0 0 0
B@CP 1829 -0.30994395 0.150409565 0.282062821 0 0 0
B@CP 1830 0.22618805 0.263191499 0.162664696 0 0 0
B@CP 1834 -0.162902899 0.136334594 0.068670125 0 0 0
B@CP 1837 -0.148584724 -0.335207794 -0.126559557 0 0 0
B@CP 1839 -0.240764682 -0.36214565 -0.000294384469 0 0 0
B@CP 1842 -0.193670699 -0.272628714 0.0934008603 0 0 0
B@CP 1844 -0.287510239 -0.161337057 0.205201604 0 0 0
B@CP 1845 0.0453256495 0.172324349 -0.319317093 0 0 0
B@CP 1846 0.198424783 0.138048214 -0.109962938 0 0 0
B@CP 1850 0.0202326096 0.00988969614 0.213870402 0 0 0
B@CP 1851 0.330873032 -0.0753738487 0.0748273069 0 0 0
B@CP 1852 0.260492666 -0.211048363 0.217513066 0 0 0
B@CP 1856 0.0239595014 -0.250230405 0.224466891 0 0 0
B@CP 1857 0.24462912 0.109446787 0.0220085832 0 0 0
B@CP 1858 -0.203763579 0.00417339707 -0.388675428 0 0 0
B@CP 1862 -0.130143212 -0.223482455 -0.21605748 0 0 0
B@CP 1863 -0.172046027 0.0755616553 0.289597853 0 0 0
B@CP 1868 0.281655444 0.120039468 0.0944320469 0 0 0
B@CP 1874 -0.380369619 -0.258828168 0.0857647103 0 0 0
B@CP 1879 -0.0431454081 -0.347248463 -0.303497448 0 0 0
B@CP 1880 0.0509426147 -0.150664032 0.148689479 0 0 0
B@CP 1881 -0.00152698232 0.339286495 0.26107839 0 0 0
B@CP 1885 0.272116577 0.202822371 0.124399189 0 0 0
B@CP 1887 -0.118149251 0.401927288 -0.0129277203 0 0 0
B@CP 1892 -0.157175101 0.343312869 0.285518107 0 0 0
B@CP 1893 -0.0691907308 -0.108178057 0.274485816 0 0 0
B@CP 1895 0.390098749 -0.222861586 -0.0515595006 0 0 0
B@CP 1897 -0.296095776 -0.0584596608 -0.236171758 0 0 0
B@CP 1900 0.276488222 -0.0319540079 -0.249692312 0 0 0
B@CP 1909 -0.234394455 0.295091818 0.124648233 0 0 0
B@CP 1910 0.203297212 0.386304885 0.13220388 0 0 0
B@CP 1912 -0.035960126 0.0803594703 0.18166 0 0 0
B@CP 1913 0.120845328 0.387038826 0.213487512 0 0 0
B@CP 1914 0.261974201 0.284215294 -0.143586327 0 0 0
B@CP 1917 0.159219138 -0.077410228 -0.279173668 0 0 0
B@CP 1928 -0.432997782 0.0920129158 -0.0250156866 0 0 0
B@CP 1930 0.0422011019 -0.256320523 0.0673104736 0 0 0
B@CP 1931 -0.220102319 -0.261098572 -0.121129758 0 0 0
B@CP 1934 0.204194524 0.315785991 0.0648617254 0 0 0
B@CP 1936 -0.282465461 0.25218743 -0.103758996 0 0 0
B@CP 1939 -0.0605252208 0.031254715 0.367264176 0 0 0
B@CP 1945 -0.0537577319 0.353483314 -0.0585951332 0 0 0
B@CP 1949 0.0789277975 -0.278838069 -0.034837513 0 0 0
B@CP 1950 0.0143732775 0.312000726 0.174031165 0 0 0
B@CP 1957 0.246610585 -0.0116151492 -0.139777515 0 0 0
B@CP 1959 0.172246428 -0.121894756 0.0677113796 0 0 0
B@CP 1962 -0.222784013 -0.192696477 0.0184226416 0 0 0
B@CP 1969 0.225301827 -0.178656614 -0.23573896 0 0 0
B@CP 1970 0.00303087068 -0.329182086 0.0504674876 0 0 0
B@CP 1975 0.154650909 0.304417479 0.0160217547 0 0 0
B@CP 1979 0.032329974 0.143192293 0.141524722 0 0 0
B@CP 1984 -0.195236946 0.240900975 0.176617989 0 0 0
B@CP 1985 -0.0303002381 0.18100471 -0.0799434198 0 0 0
B@CP 1986 0.190189822 -0.209870518 0.11595146 0 0 0
B@CP 1987 -0.0924201347 0.31854565 -0.233579782 0 0 0
B@CP 1990 -0.00945593043 -0.0973660724 -0.34471144 0 0 0
B@CP 1993 -0.0556244149 -0.0334150172 -0.44207171 0 0 0
B@CP 1995 0.123926024 0.329079167 -0.0363275604 0 0 0
B@CP 1997 3.54049581e-05 0.316181713 -0.123961403 0 0 0
B@CP 2002 -0.149685783 -0.115585541 -0.390376023 0 0 0
B@CP 2005 0.0982906846 0.230097579 0.175305438 0 0 0
B@CP 2008 -0.0405304095 0.379003955 0.198244408 0 0 0
B@CP 2009 0.397082935 -0.0440869611 -0.225041274 0 0 0
B@CP 2011 0.346592857 -0.110331921 -0.282070273 0 0 0
B@CP 2015 0.484315698 -0.00788823708 -0.010479985 0 0 0
B@CP 2019 -0.243657777 0.363852068 -0.147945986 0 0 0
B@CP 2020 -0.230093746 0.249845672 0.261185656 0 0 0
B@CP 2022 -0.206429439 -0.194466366 0.174470142 0 0 0
B@CP 2023 0.234675485 0.0621249176 0.380633933 0 0 0
B@CP 2031 -0.041741602 -0.465925538 -0.0433391219 0 0 0
B@CP 2034 -0.261964364 -0.12152696 0.312786658 0 0 0
B@CP 2035 0.38085344 -0.0269801073 -0.21105952 0 0 0
B@CP 2036 0.0161120171 0.0918970285 -0.17744771 0 0 0
B@CP 2038 -0.0551815039 -0.303558667 0.269942246 0 0 0
B@CP 2043 0.313360942 -0.241604846 -0.175820792 0 0 0
B@CP 2048 -0.0939825328 -0.0957704075 0.184097905 0 0 0
B@CP 2049 0.306610567 -0.000605192846 0.312735797 0 0 0
B@CP 2051 -0.180342555 -0.106109631 -0.227688056 0 0 0
B@CP 2052 0.153277987 -0.360278961 -0.0550238889 0 0 0
B@CP 2053 -0.0723999973 -0.126837914 -0.414108586 0 0 0
B@CP 2056 -0.390079802 0.0751661024 -0.173528122 0 0 0
B@CP 2058 0.132292938 0.145789559 -0.0808415651 0 0 0
B@CP 2060 0.0285306873 -0.307704304 0.344873815 0 0 0
B@CP 2062 0.349627663 0.246085016 0.0841161705 0 0 0
B@CP 2063 0.100105256 -0.258937475 -0.303695672 0 0 0
B@CP 2067 -0.162952301 0.0220986606 0.420054617 0 0 0
B@CP 2080 0.00953582895 0.18591031 -0.34831604 0 0 0
B@CP 2081 0.0043991482 0.216502386 -0.155362466 0 0 0
B@CP 2082 -0.0930147828 -0.414433597 -0.0408156904 0 0 0
B@CP 2083 -0.22331856 -0.0742092042 -0.242204883 0 0 0
B@CP 2085 0.147691513 -0.327532618 -0.186959581 0 0 0
B@CP 2087 0.122880299 -0.367893707 0.14899288 0 0 0
B@CP 2088 -0.14632236 -0.299217834 -0.0486619317 0 0 0
B@CP 2091 -0.0680566876 -0.0461469317 -0.382281725 0 0 0
B@CP 2094 -0.295929573 0.103870142 0.214640356 0 0 0
B@CP 2104 -0.0160132166 -0.311394187 0.235210317 0 0 0
B@CP 2115 0.273496643 0.120026017 0.213767626 0 0 0
B@CP 2118 0.343955664 0.264134088 -0.128161552 0 0 0
B@CP 2122 -0.188880588 -0.124806461 -0.0851797621 0 0 0
B@CP 2123 0.0400210036 0.184333751 -0.315873053 0 0 0
B@CP 2124 -0.265945679 -0.186992989 0.0676121805 0 0 0
B@CP 2126 -0.0480942578 0.12653565 -0.12915688 0 0 0
B@CP 2127 -0.135035237 0.0305908573 0.272417451 0 0 0
B@CP 2129 0.0750394521 -0.0884363537 -0.258024163 0 0 0
B@CP 2137 0.0154453545 0.023009657 0.345561345 0 0 0
B@CP 2142 0.188172389 0.0548565348 -0.18343691 0 0 0
B@CP 2145 0.367007088 -0.162944504 -0.171765439 0 0 0
B@CP 2146 -0.0271054147 -0.0555626943 0.261789318 0 0 0
B@CP 2149 -0.0378493886 -0.122622128 -0.0750796752 0 0 0
B@CP 2154 0.152099276 -0.131548588 -0.302899964 0 0 0
B@CP 2155 0.170159038 -0.101489764 -0.290182805 0 0 0
B@CP 2159 -0.239419295 -0.149188149 -0.103402873 0 0 0
B@CP 2160 -0.19210178 0.0159733509 0.322390471 0 0 0
B@CP 2163 -0.016211387 0.0105522784 -0.03205472 0 0 0
B@CP 2165 -0.0804622055 -0.162892461 0.335148653 0 0 0
B@CP 2167 0.0240266482 -0.431513599 0.0447514345 0 0 0
B@CP 2171 0.249281456 0.0190691686 0.293057413 0 0 0
B@CP 2174 0.317162953 -0.175944922 0.0109333721 0 0 0
B@CP 2176 0.163919761 -0.101260924 0.0176986142 0 0 0
B@CP 2177 0.272903911 0.255515268 0.0879778047 0 0 0
B@CP 2178 -0.0808994383 0.237541285 0.260685105 0 0 0
B@CP 2184 -0.0665662178 0.010878078 0.159484555 0 0 0
B@CP 2188 -0.105918305 -0.119432934 0.298324395 0 0 0
B@CP 2192 0.0589444148 0.138265698 0.273515438 0 0 0
B@CP 2196 -0.154367908 0.276514243 -0.317144801 0 0 0
B@CP 2197 -0.418314406 0.101355345 0.0805595812 0 0 0
B@CP 2202 -0.187871593 0.0960810561 -0.0455565983 0 0 0
B@CP 2208 -0.245626933 -0.0592770454 0.399723691 0 0 0
B@CP 2213 -0.101719026 -0.404124644 -0.112609295 0 0 0
B@CP 2218 0.113299299 -0.304439807 0.135750455 0 0 0
B@CP 2223 -0.106691265 -0.0183839133 0.0514117676 0 0 0
B@CP 2224 0.101527146 0.393929808 0.159976792 0 0 0
B@CP 2225 0.214437572 0.207720424 -0.0750818165 0 0 0
B@CP 2226 0.431744102 -0.0737481818 0.0794473089 0 0 0
B@CP 2227 -0.191564602 -0.24810471 -0.207648612 0 0 0
B@CP 2228 -0.198755687 0.0973433691 0.178693712 0 0 0
B@CP 2229 -0.0864509727 0.256352011 -0.174787658 0 0 0
B@CP 2230 0.16842826 -0.160958449 0.252036803 0 0 0
B@CP 2231 0.0672542978 0.161290993 0.381070622 0 0 0
B@CP 2232 -0.00462035136 -0.146338651 0.209059499 0 0 0
B@CP 2241 0.0684212933 0.247798562 0.0522132103 0 0 0
B@CP 2247 0.148668484 0.0561513006 0.21733332 0 0 0
B@CP 2250 0.159699033 0.329676138 0.0386647849 0 0 0
B@CP 2251 -0.152810346 0.260332154 -0.17264377 0 0 0
B@CP 2254 -0.0741400426 0.307673133 0.0609086131 0 0 0
B@CP 2255 -0.141723561 -0.20692903 -0.036980254 0 0 0
B@CP 2256 -0.127481593 -0.116488622 0.000409698928 0 0 0
B@CP 2257 0.210146251 0.0252422152 0.0556980709 0 0 0
B@CP 2258 -0.00606553219 -0.0782698961 0.426247242 0 0 0
B@CP 2259 0.416101563 -0.0251360279 0.0753428888 0 0 0
B@CP 2262 -0.0185658134 0.0340077233 0.304123905 0 0 0
B@CP 2271 -0.297315434 -0.304582379 0.176004055 0 0 0
B@CP 2272 0.0342960095 0.268040403 0.187326765 0 0 0
B@CP 2275 0.101814145 0.0774811746 0.350179389 0 0 0
B@CP 2276 -0.0310959744 0.0908580575 -0.160064708 0 0 0
B@CP 2278 -0.0810194013 -0.191374849 -0.310495269 0 0 0
B@CP 2282 -0.0350040043 0.0658840195 -0.00935325139 0 0 0
B@CP 2292 0.159596288 -0.204755173 0.0186270904 0 0 0
B@CP 2295 0.149813158 0.0572733399 -0.136188128 0 0 0
B@CP 2296 0.291486109 0.19967852 -0.204888803 0 0 0
B@CP 2303 -0.0481108699 -0.100991163 0.210924486 0 0 0
B@CP 2306 -0.284947205 -0.229109534 0.029865594 0 0 0
B@CP 2307 -0.363733192 0.160715044 -0.147526714 0 0 0
B@CP 2308 -0.20593251 0.10449121 -0.333889283 0 0 0
B@CP 2309 -0.116313771 -0.360083867 0.17353118 0 0 0
B@CP 2313 0.203199153 -0.208040039 0.2850097 0 0 0
B@CP 2314 0.17295146 0.335361201 0.111111512 0 0 0
B@CP 2317 -0.328328525 0.142421598 -0.270540825 0 0 0
B@CP 2318 -0.387345155 -0.0529127777 -0.237317296 0 0 0
B@CP 2320 -0.324936046 0.250548364 0.0685934101 0 0 0
B@CP 2321 -0.13745351 0.234851011 -0.240784034 0 0 0
B@CP 2326 0.0155451474 -0.25928057 0.271762186 0 0 0
B@CP 2333 0.0817848791 0.377102674 0.231874416 0 0 0
B@CP 2335 0.0621252096 -0.0761777139 0.107202972 0 0 0
B@CP 2336 -0.135260006 -0.227108319 -0.0642415593 0 0 0
B@CP 2340 -0.229721288 0.274421085 0.0952193444 0 0 0
B@CP 2344 -0.0418186685 -0.21710054 0.219743135 0 0 0
B@CP 2346 0.0711818949 -0.0157370799 0.287883027 0 0 0
B@CP 2347 0.0882967742 0.24554961 -0.252404613 0 0 0
B@CP 2350 0.0852600161 0.0619207769 0.345375945 0 0 0
B@CP 2351 -0.231956031 -0.0230973306 -0.0124930141 0 0 0
B@CP 2352 -0.137630813 -0.18139701 -0.339057792 0 0 0
B@CP 2353 0.337378396 -0.0171035554 -0.0599851791 0 0 0
B@CP 2357 0.35692241 -0.168279959 0.0582711199 0 0 0
B@CP 2360 -0.376116782 -0.0311069638 -0.0574469576 0 0 0
B@CP 2361 0.15779958 -0.106567902 -0.0253758282 0 0 0
B@CP 2362 -0.0728752369 -0.248110824 0.0516692774 0 0 0
B@CP 2365 0.250672073 -0.165360384 -0.19719349 0 0 0
B@CP 2366 -0.397706845 -0.0493855995 -0.00624814928 0 0 0
B@CP 2371 -0.259912752 -0.206710874 -0.159048316 0 0 0
B@CP 2374 -0.0607372616 -0.1926007 -0.368999131 0 0 0
B@CP 2375 0.288393006 0.0658695655 -0.175931797 0 0 0
B@CP 2376 -0.0559969139 0.0923873454 -0.408339393 0 0 0
B@CP 2384 0.155794566 0.327833213 0.162302433 0 0 0
B@CP 2386 0.18729129 0.045410703 -0.0406386625 0 0 0
B@CP 2388 -0.254435076 -0.191993622 0.315571982 0 0 0
B@CP 2390 -0.343275263 -0.0285761434 -0.0547407587 0 0 0
B@CP 2392 -0.224062345 -0.174948744 0.203686375 0 0 0
B@CP 2393 0.213525615 -0.126134869 -0.0546936181 0 0 0
B@CP 2395 -0.435795477 -0.114642172 0.0741484016 0 0 0
B@CP 2396 0.135042336 0.0638059747 -0.233506496 0 0 0
B@CP 2399 -0.0472333301 0.0353548288 0.442329645 0 0 0
B@CP 2400 0.155873727 -0.276478026 0.175203781 0 0 0
B@CP 2401 -0.0309011574 -0.0821350284 0.288404881 0 0 0
B@CP 2402 0.114808782 -0.404598338 0.136020524 0 0 0
B@CP 2403 -0.0111450448 -0.393185591 -0.138381388 0 0 0
B@CP 2406 0.304002485 -0.135661783 -0.0208355832 0 0 0
B@CP 2410 -0.0253051225 -0.129835569 0.215179203 0 0 0
B@CP 2411 -0.20377096 -0.202104962 0.147415817 0 0 0
B@CP 2418 -0.347088622 0.0505526086 0.287522614 0 0 0
B@CP 2419 -0.223597111 0.11450266 -0.357817608 0 0 0
B@CP 2424 0.262172022 0.030486878 0.0949297472 0 0 0
B@CP 2425 0.262602643 -0.286236133 0.0829681836 0 0 0
B@CP 2431 -0.355489117 0.288065738 0.0706033071 0 0 0
B@CP 2433 0.151747302 -0.334194526 0.124413256 0 0 0
B@CP 2435 0.397781054 0.193676613 0.119094471 0 0 0
B@CP 2441 0.191156822 0.30634209 -0.253901631 0 0 0
B@CP 2442 0.0263695131 -0.0313094102 0.379823306 0 0 0
B@CP 2443 -0.0244367931 -0.145644337 -0.115351309 0 0 0
B@CP 2444 0.0249414025 0.305866448 0.0337519356 0 0 0
B@CP 2448 0.144477571 0.107556364 -0.220987433 0 0 0
B@CP 2450 -0.159374125 -0.272771473 -0.0980941309 0 0 0
B@CP 2452 -0.274095158 0.360528593 -0.0893739765 0 0 0
B@CP 2456 0.0226948809 -0.0618165352 0.344324508 0 0 0
B@CP 2457 0.103146278 -0.182847047 -0.105161607 0 0 0
B@CP 2458 0.100668548 0.22050216 0.338027881 0 0 0
B@CP 2460 0.197030127 -0.0936714752 -0.0979152238 0 0 0
B@CP 2463 0.00804665145 0.142068402 0.355166071 0 0 0
B@CP 2466 -0.15807784 0.00566227528 0.0333389695 0 0 0
B@CP 2467 0.262027416 -0.137839628 0.232802739 0 0 0
B@CP 2469 0.105933748 -0.141917676 0.0319580668 0 0 0
B@CP 2471 0.119822419 0.0579669863 0.327367095 0 0 0
B@CP 2473 -0.275383707 0.169650535 -0.116527881 0 0 0
B@CP 2474 0.224691518 0.0376383294 -0.0872721633 0 0 0
B@CP 2476 -0.189292586 -0.353970508 -0.0233565743 0 0 0
B@CP 2479 -0.29144831 0.0653666882 -0.336521833 0 0 0
B@CP 2482 0.264447326 0.01721843 0.349717945 0 0 0
B@CP 2485 0.194151116 0.02845352 -0.361430429 0 0 0
B@CP 2491 -0.292068562 0.160694256 0.0225052538 0 0 0
B@CP 2494 0.0309242943 -0.045171742 -0.215326264 0 0 0
B@CP 2497 0.202452353 0.110780573 0.0606164763 0 0 0
B@CP 2499 0.193200153 -0.149120259 -0.121340136 0 0 0
C@CP 2500 -0.14994327 -0.318708238 -0.113406628 0 0 0
C@CP 2501 0.29370633 0.086197209 -0.0416008673 0 0 0
C@CP 2502 0.222738836 0.322344264 0.0900707218 0 0 0
C@CP 2503 -0.328548744 -0.123439682 0.131776202 0 0 0
C@CP 2504 0.076867486 -0.160627378 -0.0542979722 0 0 0
C@CP 2505 -0.329115959 0.230698226 -0.0112909121 0 0 0
C@CP 2506 -0.0133753198 -0.241979825 0.397816712 0 0 0
C@CP 2507 -0.243503238 -0.0209999671 0.375497246 0 0 0
C@CP 2508 0.143870317 -0.386541063 -0.134256966 0 0 0
C@CP 2509 0.278996854 -0.0314550004 0.274068733 0 0 0
C@CP 2510 -0.289616722 -0.184003637 0.0561906355 0 0 0
C@CP 2511 0.317154137 0.144066982 -0.0325117613 0 0 0
C@CP 2512 -0.313527186 -0.218407778 0.101898124 0 0 0
C@CP 2513 0.246294385 0.242988769 0.211472305 0 0 0
C@CP 2514 0.0630413073 -0.0492951538 -0.169146381 0 0 0
C@CP 2515 -0.225309649 -0.0166967487 -0.130925878 0 0 0
C@CP 2517 -0.137612116 0.247166756 0.100852267 0 0 0
C@CP 2518 0.244780107 -0.18096359 -0.188119876 0 0 0
C@CP 2519 -0.0169230608 -0.000944778432 0.408118097 0 0 0
C@CP 2520 0.00575521775 0.0979199804 -0.215628459 0 0 0
C@CP 2521 0.069067794 -0.393424033 0.227038637 0 0 0
C@CP 2522 -0.347513812 -0.280161609 -0.131877754 0 0 0
C@CP 2523 -0.0424650647 0.336827336 0.266183995 0 0 0
C@CP 2524 -0.385407043 -0.204682041 -0.128350837 0 0 0
C@CP 2525 -0.310564998 0.120756981 -0.0658640846 0 0 0
C@CP 2526 0.286127207 -0.129766532 0.0265439568 0 0 0
C@CP 2527 -0.341424784 -0.300912858 0.131526078 0 0 0
C@CP 2528 0.35255247 -0.0463904771 -0.0665796166 0 0 0
C@CP 2529 -0.136351085 -0.336761973 -0.083562067 0 0 0
C@CP 2530 -0.149693357 0.371304609 -0.259582124 0 0 0
C@CP 2531 0.0476676312 -0.155743617 0.129737424 0 0 0
C@CP 2532 -0.0664579737 0.0994412843 0.365718628 0 0 0
C@CP 2533 -0.136935719 0.0536938537 0.244877177 0 0 0
C@CP 2534 0.314176863 -0.0103827243 -0.333666167 0 0 0
C@CP 2535 -0.0145538105 -0.151051244 -0.0358351643 0 0 0
C@CP 2536 0.00134993928 0.291354689 0.0535818421 0 0 0
C@CP 2537 0.241780411 0.145735086 0.30181586 0 0 0
C@CP 2538 0.12656942 -0.0180440867 0.321733264 0 0 0
C@CP 2539 0.351813423 -0.147992262 -0.264638374 0 0 0
C@CP 2540 0.0215286824 -0.126792784 0.447142088 0 0 0
C@CP 2541 0.061866669 0.289842835 0.168814623 0 0 0
C@CP 2542 -0.386430358 -0.0354048707 -0.246985195 0 0 0
C@CP 2544 0.137949346 -0.00999752403 0.30059887 0 0 0
C@CP 2545 -0.0820945912 -0.294144648 0.0383452569 0 0 0
C@CP 2546 0.08647822 0.197427196 -0.0195409692 0 0 0
C@CP 2547 -0.235590734 -0.197821882 0.0552961348 0 0 0
C@CP 2548 0.206590898 -0.0280968495 -0.190826413 0 0 0
C@CP 2549 0.203140193 -0.194826442 0.123153697 0 0 0
C@CP 2550 0.201602362 0.33979164 -0.159954247 0 0 0
C@CP 2551 0.127380995 -0.156204276 0.0712994171 0 0 0
C@CP 2552 0.0861056896 0.249929641 -0.323927058 0 0 0
C@CP 2553 0.183585887 -0.026376271 -0.307428269 0 0 0
C@CP 2554 0.0323710085 0.143995072 0.271792763 0 0 0
C@CP 2555 -0.224378836 -0.32581271 0.21135188 0 0 0
C@CP 2556 0.316217862 -0.0568022629 0.124472338 0 0 0
C@CP 2557 -0.299560664 -0.192100639 0.0839801349 0 0 0
C@CP 2558 0.0698069622 -0.063831577 -0.173651165 0 0 0
C@CP 2559 -0.0398953973 0.0542465614 0.210547882 0 0 0
C@CP 2560 -0.111526282 -0.248047025 0.0327803472 0 0 0
C@CP 2561 -0.351940601 0.268637555 -0.000575831896 0 0 0
C@CP 2562 -0.126960071 -0.0304879763 0.0531771396 0 0 0
C@CP 2563 0.0184317303 0.344512122 -0.103029022 0 0 0
C@CP 2564 -0.0502737664 -0.0640451062 -0.447573281 0 0 0
C@CP 2565 -0.280676492 0.165679235 -0.312180727 0 0 0
C@CP 2566 0.343576908 0.165157307 0.150682416 0 0 0
C@CP 2567 -0.0747405789 0.308730302 0.323342603 0 0 0
C@CP 2568 0.401326444 -0.0633317545 0.0784542713 0 0 0
C@CP 2569 0.195289761 0.137814124 -0.360674283 0 0 0
C@CP 2570 0.0830991841 0.267904075 -0.128148044 0 0 0
C@CP 2571 -0.0732222481 -0.422796382 0.0596671082 0 0 0
C@CP 2572 -0.0690565775 0.319501337 0.273799554 0 0 0
C@CP 2573 -0.141763115 0.014951302 -0.0880880749 0 0 0
C@CP 2574 0.123657277 -0.299687816 -0.125437967 0 0 0
C@CP 2575 -0.35296486 0.0940983888 -0.179963749 0 0 0
C@CP 2576 0.0599350659 -0.43956145 -0.0855114909 0 0 0
C@CP 2577 -0.00907352539 0.365887695 -0.186571737 0 0 0
C@CP 2578 0.0964012465 0.286115415 0.236710901 0 0 0
C@CP 2579 -0.302872179 -0.0251205709 -0.199776816 0 0 0
C@CP 2580 -0.365155862 0.0819620842 -0.165547701 0 0 0
C@CP 2581 0.186320993 0.283889852 0.148877908 0 0 0
C@CP 2582 -0.0635441644 -0.197407488 0.370048636 0 0 0
C@CP 2583 -0.296406825 0.123571421 0.259230329 0 0 0
C@CP 2584 0.427803543 0.148278641 0.0293121809 0 0 0
C@CP 2585 0.144843352 0.0884982068 -0.351014847 0 0 0
C@CP 2586 -0.29673809 0.00612667171 0.00282090828 0 0 0
C@CP 2587 0.0431362185 0.219052691 0.0421769237 0 0 0
C@CP 2588 0.191603213 -0.128467172 -0.345548408 0 0 0
C@CP 2589 -0.157890162 -0.108915645 -0.296320233 0 0 0
C@CP 2590 -0.27151738 0.0533266459 -0.00288252702 0 0 0
C@CP 2591 -0.110710115 -0.40601205 -0.147868086 0 0 0
C@CP 2592 -0.386566093 -0.113750512 -0.0640023568 0 0 0
C@CP 2593 -0.113470723 0.341981487 0.0245028196 0 0 0
C@CP 2594 -0.279957777 -0.2354656 0.20401217 0 0 0
C@CP 2595 0.10159193 0.0984682229 0.0527194216 0 0 0
C@CP 2596 -0.213492049 0.088823691 0.139663758 0 0 0
C@CP 2597 0.029673989 0.0041568788 0.0244533119 0 0 0
C@CP 2598 -0.275068916 -0.145776447 -0.144093227 0 0 0
C@CP 2599 -0.219714261 0.256137583 0.187693028 0 0 0
C@CP 2600 0.00263011006 -0.058877372 0.324679764 0 0 0
C@CP 2601 -0.0406196479 -0.047279612 -0.471079459 0 0 0
C@CP 2602 0.156524471 0.0149676626 0.132247887 0 0 0
C@CP 2603 0.26135213 0.248293011 -0.026527349 0 0 0
C@CP 2604 0.241950061 -0.00879907335 -0.176136102 0 0 0
C@CP 2605 0.174789328 0.126430609 0.362819153 0 0 0
C@CP 2606 0.140961461 -0.20469382 0.14360233 0 0 0
C@CP 2607 -0.266489907 -0.134360378 -0.346893169 0 0 0
C@CP 2608 0.272985516 0.174577826 0.0239421442 0 0 0
C@CP 2609 0.397012983 -0.152228612 0.158070684 0 0 0
C@CP 2610 0.185643327 0.138462579 -0.232831743 0 0 0
C@CP 2611 -0.265782883 0.193619205 0.113031563 0 0 0
C@CP 2612 0.117388198 -0.344079804 -0.184825108 0 0 0
C@CP 2613 -0.319435559 0.0987207898 0.0702020574 0 0 0
C@CP 2614 0.0683679915 -0.067096715 0.421305836 0 0 0
C@CP 2615 -0.279306983 0.155840841 -0.100693494 0 0 0
C@CP 2616 0.126382344 0.117240464 -0.126463817 0 0 0
C@CP 2617 0.182833937 0.00532201436 0.373450782 0 0 0
C@CP 2618 -0.123320606 -0.0463806528 0.0944313953 0 0 0
C@CP 2619 -0.0538606115 -0.0523146936 0.0669291386 0 0 0
C@CP 2620 -0.188823971 0.0865918277 0.329963163 0 0 0
C@CP 2621 0.371784833 -0.110771642 -0.18075106 0 0 0
C@CP 2622 -0.151196539 -0.0158854845 0.000503283964 0 0 0
C@CP 2623 0.211258131 -0.150906212 -0.243941634 0 0 0
C@CP 2624 -9.20841979e-05 -0.0990507488 0.242388523 0 0 0
C@CP 2625 0.293579888 -0.103626529 0.340820887 0 0 0
C@CP 2626 0.101712356 -0.192162059 0.0309977173 0 0 0
C@CP 2627 0.364542318 0.155141414 0.0692704068 0 0 0
C@CP 2628 -0.270982596 -0.0281793048 0.183761201 0 0 0
C@CP 2629 -0.00203554166 -0.472992724 -0.00998353692 0 0 0
C@CP 2630 0.132538609 0.101197471 0.0921853295 0 0 0
C@CP 2631 0.0758634264 -0.126288956 0.356418931 0 0 0
C@CP 2632 0.120361297 0.0991470827 0.0504846256 0 0 0
C@CP 2633 -0.124244244 0.0671130344 0.250029108 0 0 0
C@CP 2634 0.0694905285 -0.169886711 -0.111868999 0 0 0
C@CP 2635 0.0291069681 -0.270668649 -0.381765664 0 0 0
C@CP 2636 -0.1296008 0.431025156 -0.0246932815 0 0 0
C@CP 2637 0.273583535 0.251636265 0.240225514 0 0 0
C@CP 2638 -0.0342529642 -0.214784828 0.380942044 0 0 0
C@CP 2639 0.0768254798 -0.112477088 0.243424015 0 0 0
C@CP 2640 -0.141828577 0.211258764 -0.378050384 0 0 0
C@CP 2641 0.347843677 0.154700162 -0.266730585 0 0 0
C@CP 2642 0.206711988 -0.0300425682 -0.40208238 0 0 0
C@CP 2643 -0.237147154 -0.0820569345 -0.174623349 0 0 0
C@CP 2644 -0.159249973 0.151536115 0.226579184 0 0 0
C@CP 2645 0.1651013 0.267003807 -0.117043373 0 0 0
C@CP 2646 -0.233071184 -0.0706168135 0.165956407 0 0 0
C@CP 2647 0.0759920699 -0.0769635367 0.220555862 0 0 0
C@CP 2648 0.0472789184 0.406318555 0.00415334116 0 0 0
C@CP 2649 -0.294940363 -0.135148081 0.182809455 0 0 0
C@CP 2650 0.329918383 0.259064458 0.121148243 0 0 0
C@CP 2651 0.0874087073 0.175988469 0.129640808 0 0 0
C@CP 2652 -0.230458766 0.218736909 -0.105487101 0 0 0
C@CP 2653 -0.27031334 0.0524163618 0.287221169 0 0 0
C@CP 2654 -0.0968750715 0.27273536 0.0695081366 0 0 0
C@CP 2655 0.144796293 0.0911330225 0.321299693 0 0 0
C@CP 2656 0.349154694 -0.109180449 0.0682035217 0 0 0
C@CP 2657 0.391139963 -0.215442995 0.111693717 0 0 0
C@CP 2658 0.0914551654 0.210842442 -0.109583104 0 0 0
C@CP 2659 0.0842373371 -0.153858488 0.310825263 0 0 0
C@CP 2660 -0.140626656 0.231914299 -0.105330089 0 0 0
C@CP 2661 0.057721517 -0.0203787832 -0.0889912297 0 0 0
C@CP 2662 -0.0905451651 -0.254627034 -0.293778534 0 0 0
C@CP 2663 -0.369374814 -0.124357208 0.154838981 0 0 0
C@CP 2664 0.43122108 0.0653841906 -0.0651595903 0 0 0
C@CP 2665 0.165699227 -0.0562219894 -0.117346409 0 0 0
C@CP 2666 0.1764324 -0.0555308741 0.103814439 0 0 0
C@CP 2667 -0.0249188192 0.415532577 0.200807604 0 0 0
C@CP 2668 -0.119566499 -0.00198635034 0.375870635 0 0 0
C@CP 2669 0.116255504 0.277644422 0.0227219879 0 0 0
C@CP 2670 -0.217882646 0.30309636 -0.271088633 0 0 0
C@CP 2671 -0.335533319 -0.17657919 -0.126100493 0 0 0
C@CP 2672 0.261192757 0.366742351 -0.117017112 0 0 0
C@CP 2673 0.219144021 -0.0282668746 -0.404193282 0 0 0
C@CP 2674 0.226365661 -0.105391765 0.04675831 0 0 0
C@CP 2675 -0.349071893 0.135222319 -0.256980863 0 0 0
C@CP 2676 -0.0637095606 -0.156150201 0.167289285 0 0 0
C@CP 2677 -0.263505087 -0.167190675 -0.278257902 0 0 0
C@CP 2678 0.1428716 0.288788269 -0.23367267 0 0 0
C@CP 2679 0.215576984 0.000167039009 -0.0722189985 0 0 0
C@CP 2680 -0.347386806 0.0383015049 0.269038167 0 0 0
C@CP 2681 -0.203583439 -0.0911758768 0.102908591 0 0 0
C@CP 2682 -0.204725213 0.0920415037 -0.344528444 0 0 0
C@CP 2683 -0.20116819 -0.093629944 0.254375192 0 0 0
C@CP 2684 0.0719041285 0.169328826 -0.233330275 0 0 0
C@CP 2685 0.189358414 -0.216232267 0.00605533981 0 0 0
C@CP 2686 0.193940841 0.392707257 0.0347923404 0 0 0
C@CP 2687 -0.193602065 0.356445959 -0.118679041 0 0 0
C@CP 2688 -0.267451329 -0.14057841 -0.0137311858 0 0 0
C@CP 2689 -0.0367683456 0.0566470495 -0.401708531 0 0 0
C@CP 2690 0.323360083 -0.208447788 -0.0185175079 0 0 0
C@CP 2691 0.177758723 -0.196649267 -0.0439836567 0 0 0
C@CP 2692 0.0532345189 -0.074564374 0.172423889 0 0 0
C@CP 2693 -0.194163331 0.168132842 -0.348532846 0 0 0
C@CP 2694 0.264267638 0.253987004 -0.0534824945 0 0 0
C@CP 2695 0.0875502082 0.043143672 -0.228748276 0 0 0
C@CP 2696 0.305878857 -0.290439887 -0.0687024199 0 0 0
C@CP 2697 0.261940768 0.3608559 0.0339674013 0 0 0
C@CP 2698 0.121897913 -0.247501062 0.0285262028 0 0 0
C@CP 2699 0.127116472 0.237912826 0.0509636424 0 0 0
C@CP 2700 0.324388617 -0.0362210927 0.28424405 0 0 0
C@CP 2701 0.0753997108 -0.0926606782 -0.412110003 0 0 0
C@CP 2702 -0.172657189 0.0274005895 0.0281058965 0 0 0
C@CP 2703 -0.381654748 0.0973399644 0.194601195 0 0 0
C@CP 2704 0.254028486 -0.130364131 -0.0363447432 0 0 0
C@CP 2705 -0.0682118687 0.407611525 0.0713088895 0 0 0
C@CP 2706 -0.438236142 0.100802957 -0.00606593386 0 0 0
C@CP 2707 -0.161640507 -0.0845346515 -0.105923997 0 0 0
C@CP 2708 0.319254511 -0.0473421504 -0.253389355 0 0 0
C@CP 2709 -0.195756977 -0.290579716 0.160979437 0 0 0
C@CP 2710 0.331784364 0.196568068 0.154810612 0 0 0
C@CP 2711 0.315436256 0.205090366 -0.0641518885 0 0 0
C@CP 2712 -0.0754801467 -0.429581592 -0.0065171963 0 0 0
C@CP 2713 0.306150522 -0.158215712 0.167044454 0 0 0
C@CP 2714 0.021440159 0.0506588368 0.422483556 0 0 0
C@CP 2715 0.202146303 -0.132790177 -0.328251583 0 0 0
C@CP 2716 -0.423511704 -0.0681228744 0.00699663941 0 0 0
C@CP 2717 0.241994549 0.130029747 -0.195570181 0 0 0
C@CP 2718 0.0533773668 0.159369168 -0.360518627 0 0 0
C@CP 2719 -0.109586509 0.227959268 -0.248023061 0 0 0
C@CP 2720 -0.0366251744 -0.119020177 -0.132157185 0 0 0
C@CP 2721 -0.0282614903 -0.0019199098 0.129613266 0 0 0
C@CP 2722 -0.309798561 0.036650887 -0.0609283106 0 0 0
C@CP 2723 0.0722887827 -0.26636414 0.00116337695 0 0 0
C@CP 2724 -0.209466284 0.0880449189 -0.0996614018 0 0 0
C@CP 2725 0.0170493817 -0.368207555 -0.209794315 0 0 0
C@CP 2726 -0.226817355 0.287733723 -0.113671177 0 0 0
C@CP 2727 0.178788077 0.0303685008 -0.143298051 0 0 0
C@CP 2728 -0.0557214698 -0.0357316417 0.452006003 0 0 0
C@CP 2729 -0.168882819 0.074896504 0.143108945 0 0 0
C@CP 2730 0.125352181 -0.165575854 -0.272556221 0 0 0
C@CP 2731 -0.0314084927 -0.340967696 -0.314727613 0 0 0
C@CP 2732 0.352020304 -0.194301449 0.0433526188 0 0 0
C@CP 2733 -0.0365361456 -0.0276575005 -0.404169576 0 0 0
C@CP 2734 0.103324818 0.372573416 -0.0991419315 0 0 0
C@CP 2735 -0.113769174 -0.122659956 0.257156644 0 0 0
C@CP 2736 0.22667389 0.0461765504 -0.309054531 0 0 0
C@CP 2737 -0.117981141 0.0378090319 0.260492971 0 0 0
C@CP 2738 -0.0588614434 0.262844888 0.135654325 0 0 0
C@CP 2739 0.0762710346 -0.290440587 0.0130558002 0 0 0
C@CP 2740 -0.0170218454 -0.0599069556 -0.454725214 0 0 0
C@CP 2741 -0.313434117 0.175832265 0.00485798727 0 0 0
C@CP 2742 0.0907341674 -0.0394141665 -0.122465929 0 0 0
C@CP 2743 -0.222149629 0.258579201 0.198221233 0 0 0
C@CP 2744 0.207333504 -0.274008145 -0.163198618 0 0 0
C@CP 2745 0.02850569 -0.0412782759 -0.335519691 0 0 0
C@CP 2746 0.117235482 -0.271178384 -0.132946448 0 0 0
C@CP 2747 0.258856421 0.307261611 0.102911095 0 0 0
C@CP 2748 -0.210393017 -0.266264174 0.173364458 0 0 0
C@CP 2749 -0.0114930311 0.280956965 0.174479948 0 0 0
C@CP 2750 -0.157246895 0.131877472 0.247600865 0 0 0
C@CP 2751 -0.300366719 0.0853922136 0.0461166614 0 0 0
C@CP 2752 -0.283947063 -0.0622732241 0.167344192 0 0 0
C@CP 2753 0.127164155 0.0738948948 0.402948773 0 0 0
C@CP 2754 0.317110484 -0.020643083 -0.0442555162 0 0 0
C@CP 2755 -0.18396984 -0.378720846 -0.0961009545 0 0 0
C@CP 2756 -0.131358427 0.252627327 -0.25658566 0 0 0
C@CP 2758 0.246229353 -0.16846446 -0.0235035732 0 0 0
C@CP 2759 0.119799789 -0.0558168993 -0.0904519993 0 0 0
C@CP 2760 -0.283408545 0.024950633 0.0288213252 0 0 0
C@CP 2761 0.0713338122 -0.255452993 0.160337706 0 0 0
C@CP 2762 0.0777717562 0.265854762 -0.276092374 0 0 0
C@CP 2763 0.276346294 -0.135412991 -0.00662523343 0 0 0
C@CP 2764 -0.0274312898 -0.450291991 0.0756265485 0 0 0
C@CP 2765 -0.123124175 -0.240944332 0.0156464286 0 0 0
C@CP 2766 0.149575028 0.154787748 -0.0707540225 0 0 0
C@CP 2767 0.0589202352 0.14339604 -0.436921097 0 0 0
C@CP 2768 0.0539606911 -0.299033706 0.113364677 0 0 0
C@CP 2769 0.433583303 -0.037777276 -0.117802503 0 0 0
C@CP 2770 -0.264328858 -0.155005403 0.0481069962 0 0 0
C@CP 2771 0.0260293746 0.261980464 0.174551399 0 0 0
C@CP 2772 -0.18688913 -0.0110360928 -0.196382262 0 0 0
C@CP 2773 0.12397529 -0.21039967 0.166391736 0 0 0
C@CP 2774 0.301083882 0.026555392 -0.0458220786 0 0 0
C@CP 2775 0.349383313 0.185531177 0.184728578 0 0 0
C@CP 2776 0.153179057 0.387073978 -0.237906584 0 0 0
C@CP 2777 -0.285537753 0.290549625 0.190751866 0 0 0
C@CP 2778 -0.195010872 0.208605436 -0.291509675 0 0 0
C@CP 2779 0.0235808459 0.0128482735 -0.0458984957 0 0 0
C@CP 2780 -0.261297731 0.0832688915 -0.0110900929 0 0 0
C@CP 2781 -0.181443022 0.0183690329 -0.103645142 0 0 0
C@CP 2782 0.0201760654 -0.0407043985 -0.355931219 0 0 0
C@CP 2783 -0.151048704 0.103124419 0.0884471426 0 0 0
C@CP 2784 0.0291556025 -0.253648524 0.31403974 0 0 0
C@CP 2785 -0.0626049517 -0.0637388537 0.267027654 0 0 0
C@CP 2786 0.19526616 0.0276676779 0.0527741957 0 0 0
C@CP 2787 0.37142852 -0.0692882126 -0.245068505 0 0 0
C@CP 2788 0.129892994 -0.431082483 -0.122492482 0 0 0
C@CP 2789 -0.00392316691 -0.399660077 -0.142146984 0 0 0
C@CP 2790 -0.121422663 -0.0710703905 0.203771149 0 0 0
C@CP 2791 0.283452804 0.0711977757 -0.12562399 0 0 0
C@CP 2792 -0.160015602 -0.0365508269 0.218953624 0 0 0
C@CP 2793 -0.408484743 -0.13561618 0.138924125 0 0 0
C@CP 2794 0.218674206 -0.0833139046 -0.285944435 0 0 0
C@CP 2795 -0.448137381 0.0713975326 0.0748558796 0 0 0
C@CP 2796 -0.171801199 -0.169938169 -0.119215657 0 0 0
C@CP 2797 -0.0135801582 0.0610048073 -0.172225007 0 0 0
C@CP 2798 0.102496644 0.272507073 0.23635689 0 0 0
C@CP 2799 0.0483114626 -0.14130057 0.0764769379 0 0 0
C@CP 2800 -0.0361900475 0.435679709 0.121171062 0 0 0
C@CP 2801 0.0691569194 0.106605928 0.216748188 0 0 0
C@CP 2802 0.0562329383 0.279676827 0.0189027221 0 0 0
C@CP 2803 0.370083643 -0.0862880151 -0.135435851 0 0 0
C@CP 2804 0.00358141645 -0.390666273 -0.194945055 0 0 0
C@CP 2805 0.305571461 -0.114438567 -0.120971983 0 0 0
C@CP 2806 -0.0140236841 0.348386499 -0.0136484743 0 0 0
C@CP 2807 -0.122854814 -0.250014327 -0.0810166134 0 0 0
C@CP 2808 0.42978295 0.134080328 -0.0581878265 0 0 0
C@CP 2809 -0.307575321 0.241119845 -0.178552356 0 0 0
C@CP 2810 -0.103370454 0.0400276622 0.192599347 0 0 0
C@CP 2811 -0.357505978 0.052284166 -0.163857577 0 0 0
C@CP 2812 -0.107650441 -0.0980887804 0.104382523 0 0 0
C@CP 2813 -0.0797673223 0.166773587 0.296585745 0 0 0
C@CP 2814 0.235645565 0.189460359 0.298765035 0 0 0
C@CP 2815 -0.266863226 0.350425636 0.049711352 0 0 0
C@CP 2816 0.08307857 -0.13761259 -0.122754864 0 0 0
C@CP 2817 0.142708248 -0.0202238792 -0.0610193349 0 0 0
C@CP 2818 0.135729982 -0.0829334379 -0.395721076 0 0 0
C@CP 2819 0.312291613 0.276882757 0.179038237 0 0 0
C@CP 2820 -0.122248818 0.412487729 -0.193646926 0 0 0
C@CP 2821 -0.430246099 -0.0117461945 -0.214532073 0 0 0
C@CP 2822 -0.123166769 0.0441174364 0.266403063 0 0 0
C@CP 2823 -0.178279996 -0.412956516 -0.0437509453 0 0 0
C@CP 2824 0.19063793 -0.221435798 0.351004902 0 0 0
C@CP 2825 -0.129707986 -0.323282219 0.0497161036 0 0 0
C@CP 2826 0.0839549754 -0.0210626336 -0.00969882616 0 0 0
C@CP 2827 0.351894956 0.0663350035 -0.290345871 0 0 0
C@CP 2828 -0.0473979056 0.213841827 -0.110531929 0 0 0
C@CP 2829 0.155153246 -0.0242697192 0.350366994 0 0 0
C@CP 2830 -0.139819429 -0.224774473 0.185710014 0 0 0
C@CP 2831 0.331536107 0.0587891693 -0.121111603 0 0 0
C@CP 2832 -0.0709044859 -0.081933511 -0.267310776 0 0 0
C@CP 2833 -0.0398005239 -0.0377928932 -0.00712468722 0 0 0
C@CP 2834 0.294055748 0.106903022 0.297517766 0 0 0
C@CP 2835 -0.308277883 0.0815799615 -0.046870041 0 0 0
C@CP 2836 -0.240316839 -0.174940059 0.204829716 0 0 0
C@CP 2837 0.328259426 -0.143822929 0.000591990444 0 0 0
C@CP 2838 -0.249484427 0.283585094 0.104741022 0 0 0
C@CP 2839 -0.15952414 -0.204734117 0.055920335 0 0 0
C@CP 2840 0.191119918 -0.107209797 -0.0694024263 0 0 0
C@CP 2841 -0.152391654 -0.378409988 -0.258748308 0 0 0
C@CP 2842 0.100678844 0.23152714 0.318136325 0 0 0
C@CP 2843 -0.276704162 -0.104833733 0.23965731 0 0 0
C@CP 2844 -0.0928892596 0.211937417 -0.31855601 0 0 0
C@CP 2845 0.357704167 -0.195973092 0.151193421 0 0 0
C@CP 2846 -0.0228932115 -0.12868231 -0.0881631152 0 0 0
C@CP 2847 0.0389863419 0.0573832572 0.459525126 0 0 0
C@CP 2848 0.0417708066 -0.341626118 0.304636552 0 0 0
C@CP 2849 0.156912169 -0.10022963 -0.00886684599 0 0 0
C@CP 2850 0.0186125815 0.214885008 0.165190613 0 0 0
C@CP 2851 0.457503014 -0.00481131407 -0.00741656302 0 0 0
C@CP 2852 -0.234130574 -0.250439068 0.182947322 0 0 0
C@CP 2853 0.0711344849 0.0801506717 -0.343685629 0 0 0
C@CP 2854 0.433672243 0.141184209 0.0340883531 0 0 0
C@CP 2855 0.00117270231 -0.0516221741 0.177681029 0 0 0
C@CP 2856 0.228594727 -0.369988695 -0.0930384334 0 0 0
C@CP 2857 0.257138622 0.336421029 -0.0178160348 0 0 0
C@CP 2858 0.367434321 -0.192998341 0.0430389267 0 0 0
C@CP 2859 -0.0091558099 -0.456888611 0.0170010547 0 0 0
C@CP 2860 -0.034402968 0.205586508 0.209928619 0 0 0
C@CP 2861 0.0669249007 0.0906226075 0.146359615 0 0 0
C@CP 2862 0.136353096 -0.199291056 0.0346056215 0 0 0
C@CP 2863 -0.0940813546 -0.0584277258 0.285237341 0 0 0
C@CP 2864 -0.274633303 0.222832965 0.032157535 0 0 0
C@CP 2865 0.261760889 0.25534995 0.271808969 0 0 0
C@CP 2866 0.28556473 0.244780734 -0.175076347 0 0 0
C@CP 2867 -0.202618439 -0.404472456 -0.0617559117 0 0 0
C@CP 2868 -0.287515412 0.0142399438 0.097603968 0 0 0
C@CP 2869 -0.0345171309 -0.348894894 -0.165925174 0 0 0
C@CP 2870 0.187901445 -0.202224554 -0.118288279 0 0 0
C@CP 2871 -0.0714539191 0.365252934 -0.0674967815 0 0 0
C@CP 2872 -0.117943093 0.360268936 0.00138660117 0 0 0
C@CP 2873 0.0934316427 -0.00112491593 -0.321960752 0 0 0
C@CP 2874 0.193114649 -0.169900771 0.0254817613 0 0 0
C@CP 2875 0.0515674112 0.0210896037 0.298537557 0 0 0
C@CP 2876 -0.335230948 -0.0265993896 0.28093394 0 0 0
C@CP 2877 0.254108645 -0.313327111 0.101434497 0 0 0
C@CP 2878 -0.122023674 0.159243222 -0.000873125846 0 0 0
C@CP 2879 -0.000867073261 0.128703265 -0.176475933 0 0 0
C@CP 2880 -0.0627443924 0.235767374 0.205009184 0 0 0
C@CP 2881 0.23816361 0.133460647 -0.149100337 0 0 0
C@CP 2882 0.137378067 -0.272038625 0.298862236 0 0 0
C@CP 2883 -0.044248151 -0.0906584839 -0.00774620767 0 0 0
C@CP 2884 0.192954821 -0.228488366 0.179258942 0 0 0
C@CP 2885 0.205276384 0.142475883 -0.395337697 0 0 0
C@CP 2886 -0.109708568 -0.039636352 -0.0413905056 0 0 0
C@CP 2887 -0.22150158 0.0194405796 0.266290516 0 0 0
C@CP 2888 0.0905345846 0.0666602565 0.161582056 0 0 0
C@CP 2889 -0.359314028 0.232171441 -0.109869625 0 0 0
C@CP 2890 -0.32274677 0.234931549 -0.143649839 0 0 0
C@CP 2891 0.242565293 0.149231402 -0.132452722 0 0 0
C@CP 2892 0.0452433474 0.335301923 -0.140029644 0 0 0
C@CP 2893 -0.375150582 -0.0672295785 0.151219884 0 0 0
C@CP 2894 -0.0239317034 -0.0506380858 0.287344165 0 0 0
C@CP 2895 0.258294311 -0.172280198 -0.322843448 0 0 0
C@CP 2896 0.153671968 0.125767649 0.242388357 0 0 0
C@CP 2897 0.148687987 0.304363196 0.208166917 0 0 0
C@CP 2898 -0.235566933 -0.12498686 -0.207309894 0 0 0
C@CP 2899 0.29842198 -0.149656737 0.0642744007 0 0 0
C@CP 2901 0.086809777 0.0414843391 0.224016738 0 0 0
C@CP 2902 0.100276021 0.133590021 0.00438021051 0 0 0
C@CP 2903 0.0392056675 0.258192948 0.0957418388 0 0 0
C@CP 2904 -0.149756061 -0.128031283 0.390289145 0 0 0
C@CP 2905 -0.129236091 0.232830771 -0.199533967 0 0 0
C@CP 2906 0.160074737 0.339209274 0.168332532 0 0 0
C@CP 2907 0.259695309 -0.0149752589 0.330164379 0 0 0
C@CP 2908 0.0638546241 -0.082429823 -0.2734301 0 0 0
C@CP 2909 -0.0708000115 -0.447304355 -0.0119349188 0 0 0
C@CP 2910 0.108793239 -0.304302198 0.326831405 0 0 0
C@CP 2911 0.131715943 0.365443391 -0.0568941047 0 0 0
C@CP 2912 0.0803869914 -0.129209956 -0.230265069 0 0 0
C@CP 2913 -0.299366887 0.298859496 0.130293789 0 0 0
C@CP 2914 -0.000898543015 -0.317438513 0.0192771489 0 0 0
C@CP 2915 -0.0650761284 0.383327384 -0.0326270435 0 0 0
C@CP 2916 0.394486995 -0.171954739 -0.116353323 0 0 0
C@CP 2917 -0.213346831 0.12754219 -0.196457849 0 0 0
C@CP 2918 0.299461154 0.018114538 -0.0826380749 0 0 0
C@CP 2919 0.126090595 0.183559384 0.328224862 0 0 0
C@CP 2920 -0.180418137 -0.186385113 0.255709391 0 0 0
C@CP 2921 -0.0842833436 0.432393643 -0.0366516677 0 0 0
C@CP 2922 0.11317079 0.114833921 -0.0495486098 0 0 0
C@CP 2923 0.0280862472 -0.241080405 0.162458852 0 0 0
C@CP 2924 -0.0592708397 0.0389366522 -0.186553748 0 0 0
C@CP 2925 -0.394469522 -0.0150741027 -0.0747498507 0 0 0
C@CP 2926 -0.198611126 0.39640837 0.0529048749 0 0 0
C@CP 2927 -0.427598677 0.020950043 0.197384407 0 0 0
C@CP 2928 0.0571839656 -0.148532205 0.169066319 0 0 0
C@CP 2929 0.152704575 -0.365290086 0.0742590934 0 0 0
C@CP 2930 0.0232537944 0.160501458 -0.152339232 0 0 0
C@CP 2931 -0.195932832 -0.141128052 0.00542914181 0 0 0
C@CP 2932 0.354924082 0.0254946456 -0.102527611 0 0 0
C@CP 2933 0.239058681 0.136390968 0.0783651919 0 0 0
C@CP 2934 0.230515897 -0.169143943 0.255808467 0 0 0
C@CP 2935 -0.261780252 -0.202358663 0.241626711 0 0 0
C@CP 2936 -0.223580301 -0.200573698 0.247598247 0 0 0
C@CP 2937 -0.0317462088 0.0319578533 0.126186612 0 0 0
C@CP 2938 0.00192700432 0.151286773 -0.320243696 0 0 0
C@CP 2939 0.297574511 0.0142362418 -0.111166172 0 0 0
C@CP 2940 -0.12045163 0.0135116245 -0.0973424743 0 0 0
C@CP 2941 -0.117227699 -0.088115273 -0.403637315 0 0 0
C@CP 2942 0.224171282 -0.275258731 0.245157314 0 0 0
C@CP 2943 -0.312868724 -0.264817985 0.0418963373 0 0 0
C@CP 2944 0.240873408 0.188384376 -0.290251645 0 0 0
C@CP 2945 0.132679283 -0.190460735 0.388389805 0 0 0
C@CP 2946 -0.300716706 0.284659376 0.201224203 0 0 0
C@CP 2947 0.095997312 -0.383187272 0.0890067638 0 0 0
C@CP 2948 -0.127471366 0.106706972 0.106417717 0 0 0
C@CP 2949 0.241678121 -0.121875511 0.221601992 0 0 0
C@CP 2950 -0.147715633 0.29494833 -0.111452196 0 0 0
C@CP 2951 0.256485814 0.14026699 0.33895318 0 0 0
C@CP 2952 0.289370474 -0.0216212624 -0.257268189 0 0 0
C@CP 2953 0.231373062 -0.119213313 0.286960722 0 0 0
C@CP 2954 -0.0617416539 0.230841918 0.245995134 0 0 0
C@CP 2955 -0.0684606994 0.199518431 -0.0797562165 0 0 0
C@CP 2956 -0.0173439878 0.102839932 0.0383374193 0 0 0
C@CP 2957 0.268716754 0.141430315 0.36840549 0 0 0
C@CP 2958 -0.150454213 -0.2091563 -0.370300226 0 0 0
C@CP 2959 0.213429132 0.214138886 -0.325038315 0 0 0
C@CP 2960 0.391324837 0.171615293 -0.150381287 0 0 0
C@CP 2961 -0.0556224928 0.168043692 -0.178856475 0 0 0
C@CP 2962 0.114169107 -0.14338182 0.256264656 0 0 0
C@CP 2963 0.150276624 -0.418955589 -0.108411488 0 0 0
C@CP 2964 -0.00883995596 -0.320003352 0.149974856 0 0 0
C@CP 2965 0.258197534 -0.209313797 -0.131305383 0 0 0
C@CP 2966 0.0200940861 0.324952895 -0.203193372 0 0 0
C@CP 2967 -0.358044352 -0.208235149 0.152494296 0 0 0
C@CP 2968 -0.376852855 0.128151665 -0.10157975 0 0 0
C@CP 2969 0.304942824 0.0237280952 0.119284474 0 0 0
C@CP 2970 0.125070912 -0.326157675 0.181236657 0 0 0
C@CP 2971 -0.160226298 -0.166131512 -0.316234195 0 0 0
C@CP 2972 0.115197404 -0.111909064 -0.382878247 0 0 0
C@CP 2973 -0.00672306097 0.00855053068 0.28009177 0 0 0
C@CP 2974 0.0569107711 0.159094817 -0.0795303256 0 0 0
C@CP 2975 -0.126643535 0.135884972 0.0712866012 0 0 0
C@CP 2976 0.26609282 0.153023515 0.163220038 0 0 0
C@CP 2977 -0.364360266 -0.168328396 0.176706325 0 0 0
C@CP 2978 0.286245721 0.117086111 -0.198532986 0 0 0
C@CP 2979 0.0730874227 -0.306116629 -0.0920559988 0 0 0
C@CP 2980 -0.0405667912 -0.395441382 -0.137577729 0 0 0
C@CP 2981 -0.272836262 0.216009994 0.170831352 0 0 0
C@CP 2982 0.0751497406 -0.0991422937 0.342636785 0 0 0
C@CP 2983 0.283180987 0.121730121 -0.322725223 0 0 0
C@CP 2984 0.209801029 -0.000838279314 -0.0429684673 0 0 0
C@CP 2985 0.194202463 -0.106806322 0.253799471 0 0 0
C@CP 2986 -0.275436017 0.254196286 0.201864996 0 0 0
C@CP 2987 -0.204061454 -0.0620011815 -0.246798432 0 0 0
C@CP 2988 0.248235768 -0.0845056221 -0.0880029983 0 0 0
C@CP 2989 0.354631759 -0.040311016 -0.00107920418 0 0 0
C@CP 2990 -0.153250439 0.135993475 0.0534211046 0 0 0
C@CP 2991 -0.118677395 0.164859628 -0.0474924502 0 0 0
C@CP 2992 -0.131933094 -0.0558236136 0.109950718 0 0 0
C@CP 2993 0.220843128 0.0978384061 0.0714510028 0 0 0
C@CP 2994 0.142806415 0.0728318112 0.295468426 0 0 0
C@CP 2995 0.206423279 0.110280988 0.0515364516 0 0 0
C@CP 2996 0.272629024 0.317762728 -0.0332411925 0 0 0
C@CP 2997 -0.326250277 -0.269831918 0.0702914696 0 0 0
C@CP 2998 -0.0295134588 -0.197478693 -0.294649467 0 0 0
C@CP 2999 -0.275708018 -0.1441913 -0.0769409979 0 0 0
C@CP 3000 0.164057448 -0.015251732 0.208108204 0 0 0
C@CP 3001 0.241904538 -0.118356817 0.168519307 0 0 0
C@CP 3002 -0.130231005 0.109055663 -0.311561726 0 0 0
C@CP 3003 0.197290438 -0.206259616 -0.250392552 0 0 0
C@CP 3004 0.0271827269 -0.188004218 0.231341686 0 0 0
C@CP 3005 0.174298807 -0.0161157432 -0.128906135 0 0 0
C@CP 3006 -0.0644337799 0.0353464312 -0.0194520191 0 0 0
C@CP 3007 0.0547035283 -0.165679917 -0.34703695 0 0 0
C@CP 3009 -0.285959685 0.333667184 0.0358536452 0 0 0
C@CP 3010 -0.111433026 -0.375508454 -0.0702172699 0 0 0
C@CP 3011 -0.181940218 0.314256704 0.298797364 0 0 0
C@CP 3012 -0.125169508 -0.147792884 -0.177782135 0 0 0
C@CP 3013 0.22875828 -0.191394155 -0.324706248 0 0 0
C@CP 3014 -0.158697876 0.0357044695 0.30149999 0 0 0
C@CP 3015 0.245677533 -0.235336103 0.263125221 0 0 0
C@CP 3016 0.176344012 -0.379144083 -0.215380644 0 0 0
C@CP 3017 0.217650836 -0.190552892 -0.173253859 0 0 0
C@CP 3018 0.2359614 0.00220490636 0.144194543 0 0 0
C@CP 3019 0.372643583 -0.140084297 -0.193337729 0 0 0
C@CP 3020 -0.0442660328 -0.199382825 0.214883293 0 0 0
C@CP 3021 0.216536698 0.230087097 -0.0389418974 0 0 0
C@CP 3022 0.155405561 -0.321726639 -0.21367706 0 0 0
C@CP 3023 0.0974715733 -0.00331856141 0.197944642 0 0 0
C@CP 3024 0.274078773 0.226133826 -0.224817839 0 0 0
C@CP 3025 0.0351646798 0.147468397 -0.0640046362 0 0 0
C@CP 3026 0.0909072906 -0.10017534 0.148121947 0 0 0
C@CP 3027 -0.145373802 0.217533939 -0.0411526649 0 0 0
C@CP 3028 -0.290982568 -0.00787251581 0.33045806 0 0 0
C@CP 3029 0.160436931 0.00240242364 0.0678692235 0 0 0
C@CP 3030 -0.279806373 0.0313560302 0.269015871 0 0 0
C@CP 3031 0.0840691886 -0.240288412 0.148184201 0 0 0
C@CP 3032 -0.00722947667 0.306040548 -0.357587783 0 0 0
C@CP 3033 0.236650095 -0.103943764 -0.267218835 0 0 0
C@CP 3034 -0.328029723 0.202089573 -0.0348705482 0 0 0
C@CP 3035 0.363864816 -0.272200937 -0.0908284218 0 0 0
C@CP 3036 -0.0754211152 -0.223478942 0.346733807 0 0 0
C@CP 3037 0.0114278747 -0.372805233 0.136691211 0 0 0
C@CP 3038 0.145228623 -0.341291308 -0.154290721 0 0 0
C@CP 3039 -0.0132492238 -0.294996403 -0.0774267964 0 0 0
C@CP 3040 -0.0520841008 -0.391074333 -0.00790340403 0 0 0
C@CP 3041 -0.184498746 0.145544898 -0.0797523301 0 0 0
C@CP 3042 0.382715508 0.0144765677 0.170923375 0 0 0
C@CP 3043 0.396059249 -0.220398866 0.0742666286 0 0 0
C@CP 3044 -0.164366597 -0.0196955949 0.0946713028 0 0 0
C@CP 3045 0.116886586 0.168387031 0.179320374 0 0 0
C@CP 3046 0.138831828 0.101589241 0.0841419511 0 0 0
C@CP 3047 -0.0740838229 0.129128506 0.372914802 0 0 0
C@CP 3048 0.00920915086 -0.240664415 0.4081026 0 0 0
C@CP 3049 0.435399246 -0.0396241631 0.139403273 0 0 0
C@CP 3050 -0.0943177094 -0.326031625 0.20686507 0 0 0
C@CP 3051 -0.101832552 0.153109242 0.205350592 0 0 0
C@CP 3052 0.323270884 0.131690968 -0.0800179482 0 0 0
C@CP 3053 -0.375954533 0.0591942472 -0.0680240273 0 0 0
C@CP 3054 -0.0454770401 -0.229903269 0.314533911 0 0 0
C@CP 3055 0.162387868 -0.150548399 0.108238135 0 0 0
C@CP 3056 -0.379571799 -0.252687248 -0.09466566 0 0 0
C@CP 3057 0.0683107004 0.378124165 0.0649737886 0 0 0
C@CP 3058 0.0263568961 0.134367184 -0.0051552061 0 0 0
C@CP 3059 0.0216282335 -0.261448663 -0.0332059814 0 0 0
C@CP 3060 -0.19842909 0.209835992 -0.171712811 0 0 0
C@CP 3061 -0.20000934 -0.253463407 -0.192535365 0 0 0
C@CP 3062 -0.248405885 -0.189275049 0.021798119 0 0 0
C@CP 3063 -0.0912183986 0.0233467568 -0.361485851 0 0 0
C@CP 3064 0.0626891355 -0.093769507 -0.447246484 0 0 0
C@CP 3065 0.0182834322 -0.018351613 0.0805683698 0 0 0
C@CP 3066 0.212727206 0.159538329 -0.272359813 0 0 0
C@CP 3067 -0.208823675 0.377398415 0.0956218348 0 0 0
C@CP 3068 0.430123982 -0.0236456872 -0.151919227 0 0 0
C@CP 3069 0.0359570083 -0.127250157 -0.425159112 0 0 0
C@CP 3070 -0.00411276289 -0.20471361 0.235126292 0 0 0
C@CP 3072 -0.40674426 -0.0725477362 0.233020529 0 0 0
C@CP 3073 -0.2804258 0.148280497 0.16089178 0 0 0
C@CP 3074 0.186012348 -0.0219295135 0.298621634 0 0 0
C@CP 3075 0.289503629 -0.152438831 -0.166153172 0 0 0
C@CP 3076 -0.151113713 -0.261274826 0.0717010688 0 0 0
C@CP 3077 0.431456085 -0.0739029656 0.0176350781 0 0 0
C@CP 3078 -0.122557578 0.0145234329 0.146635506 0 0 0
C@CP 3079 -0.144732953 -0.330309915 0.0146244083 0 0 0
C@CP 3080 -0.0344364924 0.0270341226 0.265338686 0 0 0
C@CP 3081 -0.0945066315 -0.232932759 -0.0569779023 0 0 0
C@CP 3082 -0.242684864 0.117238159 0.26894444 0 0 0
C@CP 3083 0.0695172036 -0.200978648 -0.0833052736 0 0 0
C@CP 3084 -0.202436872 -0.284143178 -0.285548586 0 0 0
C@CP 3085 -0.00341918469 0.421495982 0.126118678 0 0 0
C@CP 3086 0.267375903 0.172565157 0.0286034953 0 0 0
C@CP 3087 -0.41717665 0.168774928 -0.00958629276 0 0 0
C@CP 3088 -0.190712713 -0.16398929 0.260567371 0 0 0
C@CP 3089 0.306145441 0.0771737923 0.344511684 0 0 0
C@CP 3090 0.0737903513 0.0788607426 -0.0993892325 0 0 0
C@CP 3091 0.330517896 -0.239739141 -0.0105202003 0 0 0
C@CP 3092 -0.168528223 -0.0514163224 -0.0972433205 0 0 0
C@CP 3093 0.0331364447 -0.0201921254 -0.436744647 0 0 0
C@CP 3094 -0.173449351 -0.125936699 -0.00391013564 0 0 0
C@CP 3095 -0.303882297 0.343026366 -0.0496357258 0 0 0
C@CP 3096 -0.252626042 0.1629224 -0.03579089 0 0 0
C@CP 3097 -0.101537899 -0.192252467 -0.150256241 0 0 0
C@CP 3098 0.00308970742 0.24429832 -0.116982693 0 0 0
C@CP 3099 -0.333408333 0.029869112 -0.264161362 0 0 0
C@CP 3101 0.0758016425 0.293721599 0.274853429 0 0 0
C@CP 3102 0.377002976 0.0401173744 -0.238987237 0 0 0
C@CP 3103 0.106669777 0.186023743 -0.0969992955 0 0 0
C@CP 3104 -0.0935090605 0.03145371 -0.062250999 0 0 0
C@CP 3105 -0.066287511 0.261671587 0.11681788 0 0 0
C@CP 3106 -0.097437879 -0.435038301 0.082403618 0 0 0
C@CP 3107 -0.0694569673 0.233718072 0.0664604509 0 0 0
C@CP 3108 0.149782542 0.11811052 0.118979074 0 0 0
C@CP 3109 -0.199476949 -0.0336366494 0.13779992 0 0 0
C@CP 3110 0.228235533 0.345488513 0.00734179878 0 0 0
C@CP 3111 -0.095183766 -0.243486816 0.262515147 0 0 0
C@CP 3112 0.0457625349 -0.0225369052 0.0479354747 0 0 0
C@CP 3113 -0.205713031 0.0611939391 0.27548022 0 0 0
C@CP 3114 -0.0359729141 0.0476116573 0.338666023 0 0 0
C@CP 3115 0.183852226 0.134283662 0.0633047925 0 0 0
C@CP 3116 0.389340321 0.0878432007 0.0314162519 0 0 0
C@CP 3117 0.0324747758 -0.224015383 -0.0535857161 0 0 0
C@CP 3118 -0.332343024 -0.0912174903 0.200524086 0 0 0
C@CP 3119 0.0481056268 0.31843126 -0.121825369 0 0 0
C@CP 3120 0.0917644495 0.0223501669 0.0405420661 0 0 0
C@CP 3121 0.0886504281 -0.0144874156 0.124628633 0 0 0
C@CP 3122 -0.355598743 -0.178271511 -0.0730860347 0 0 0
C@CP 3123 0.258447415 -0.129123654 0.304715643 0 0 0
C@CP 3124 -0.031476053 0.0614223076 0.45746996 0 0 0
C@CP 3125 0.448258005 -0.0577839169 0.114205373 0 0 0
C@CP 3126 -0.0630458981 0.132612649 -0.261190789 0 0 0
C@CP 3127 0.250595843 -0.267028508 0.0156495876 0 0 0
C@CP 3128 -0.321029689 0.235552076 0.018011818 0 0 0
C@CP 3129 0.0375861293 -0.0639879113 -0.19740332 0 0 0
C@CP 3130 -0.306202525 -0.0907222114 -0.134103312 0 0 0
C@CP 3131 0.238078396 -0.108603218 -0.0908184499 0 0 0
C@CP 3132 -0.149988749 -0.0369880124 -0.0588663358 0 0 0
C@CP 3133 -0.158630981 -0.0143802978 0.274076579 0 0 0
C@CP 3134 -0.380127011 -0.0253048059 0.217366374 0 0 0
C@CP 3135 0.0775559664 0.212788549 0.160411484 0 0 0
C@CP 3136 -0.320677719 0.177173395 0.100908563 0 0 0
C@CP 3137 0.208859284 0.0469062958 0.0164155216 0 0 0
C@CP 3138 -0.0203711766 0.190729482 -0.383798017 0 0 0
C@CP 3139 0.0396678845 0.200120127 0.344554666 0 0 0
C@CP 3140 0.0404919609 0.160912143 -0.271598797 0 0 0
C@CP 3141 -0.0834221968 0.143801344 0.242336755 0 0 0
C@CP 3142 0.309524855 -0.239542806 -0.238232211 0 0 0
C@CP 3143 -0.351301735 0.00346474246 0.221218684 0 0 0
C@CP 3144 -0.383255332 -0.18934993 0.0103401894 0 0 0
C@CP 3145 -0.290476068 0.238377989 -0.0146743242 0 0 0
C@CP 3146 0.405093977 -0.203023287 0.0814105401 0 0 0
C@CP 3147 -0.0779167516 -0.0194933723 0.252306404 0 0 0
C@CP 3148 -0.244727653 0.281031583 -0.00585714252 0 0 0
C@CP 3149 0.223460352 -0.217106792 -0.177793353 0 0 0
C@CP 3150 0.411333328 0.0038689676 0.0915910604 0 0 0
C@CP 3151 0.293017666 0.327534773 0.0394142008 0 0 0
C@CP 3152 -0.320106466 -0.241487071 0.135073748 0 0 0
C@CP 3153 0.366715936 -0.183155905 0.00531801685 0 0 0
C@CP 3154 -0.0355339007 -0.335720153 -0.28550451 0 0 0
C@CP 3155 0.00607698784 -0.308116236 -0.226348134 0 0 0
C@CP 3156 0.140556338 -0.227970598 0.0358250154 0 0 0
C@CP 3157 0.225172589 -0.0516624942 0.40317606 0 0 0
C@CP 3158 -0.0726692156 -0.046040857 -0.41554491 0 0 0
C@CP 3159 -0.142110787 0.349932351 -0.0748162794 0 0 0
C@CP 3160 -0.0411606391 0.225147145 0.0914945287 0 0 0
C@CP 3161 -0.0892143211 -0.132362632 0.02336512 0 0 0
C@CP 3162 -0.216229045 -0.265654694 -0.189641868 0 0 0
C@CP 3163 0.313227068 0.0663874497 0.0962247229 0 0 0
C@CP 3164 0.173781037 -0.255273455 0.252507367 0 0 0
C@CP 3165 -0.222241017 -0.0446833492 0.363736243 0 0 0
C@CP 3166 0.0268923571 0.0449751289 0.097993554 0 0 0
C@CP 3167 -0.337183177 -0.0546049755 0.242816186 0 0 0
C@CP 3168 0.308218712 0.201498461 0.00299596206 0 0 0
C@CP 3169 -0.23776166 0.166209276 0.336986779 0 0 0
C@CP 3170 0.0747000912 0.433645313 -0.0547903917 0 0 0
C@CP 3171 0.0700512372 0.395768093 0.152535732 0 0 0
C@CP 3172 0.333634776 -0.291719309 -0.158310184 0 0 0
C@CP 3173 -0.0432834915 -0.23743189 0.278418308 0 0 0
C@CP 3174 -0.380818329 0.129160844 0.175596726 0 0 0
C@CP 3175 0.115988098 -0.275975088 -0.173673636 0 0 0
C@CP 3176 0.237781329 -0.0957391097 0.0130229973 0 0 0
C@CP 3177 -0.305977668 0.118988628 -0.23408575 0 0 0
C@CP 3178 -0.25384061 -0.369888167 0.000175405422 0 0 0
C@CP 3179 0.165640225 0.160078884 0.310243639 0 0 0
C@CP 3180 -0.0285287429 -0.384921891 0.182617737 0 0 0
C@CP 3181 -0.343184775 -0.0315216929 0.264179716 0 0 0
C@CP 3182 -0.225779412 -0.141660576 -0.170512694 0 0 0
C@CP 3183 -0.0377172023 0.158279542 0.0111988828 0 0 0
C@CP 3184 -0.220319799 -0.210395191 -0.167565874 0 0 0
C@CP 3185 0.123232267 -0.401806465 0.205760615 0 0 0
C@CP 3186 -0.265134049 0.200363463 -0.125864237 0 0 0
C@CP 3187 0.102290903 -0.171650004 0.362598565 0 0 0
C@CP 3188 0.38725421 -0.0116841122 0.171178759 0 0 0
C@CP 3189 -0.253421863 -0.0380068698 0.234942935 0 0 0
C@CP 3190 -0.179436645 -0.127755744 -0.32971812 0 0 0
C@CP 3191 0.168074915 -0.110859263 -0.399793834 0 0 0
C@CP 3192 0.0415249204 0.105959023 -0.237778016 0 0 0
C@CP 3193 0.0949656531 0.0520410029 0.0812741718 0 0 0
C@CP 3194 0.311464269 0.225234936 -0.0795122667 0 0 0
C@CP 3195 0.262415295 -0.261791483 -0.0875279225 0 0 0
C@CP 3196 0.164753203 0.00429209074 -0.0623748196 0 0 0
C@CP 3197 0.0157850686 0.0441503466 -0.332812004 0 0 0
C@CP 3198 0.0122958183 -0.265453606 0.227049826 0 0 0
C@CP 3199 0.106794482 -0.025475065 0.272092617 0 0 0
C@CP 3200 -0.194133152 -0.189288122 0.188531449 0 0 0
C@CP 3201 -0.299171344 -0.0449120637 0.284036758 0 0 0
C@CP 3202 0.202815728 -0.123605227 -0.398765828 0 0 0
C@CP 3203 0.139987083 -0.132681163 0.117754527 0 0 0
C@CP 3204 0.437154535 -0.0197130226 0.0938560699 0 0 0
C@CP 3205 -0.184833552 0.230237354 -0.0510239432 0 0 0
C@CP 3206 0.114630029 -0.402762983 0.181048895 0 0 0
C@CP 3207 0.0264030517 0.193967594 0.40918972 0 0 0
C@CP 3208 0.41756418 -0.0138527106 -0.220329552 0 0 0
C@CP 3209 -0.0772405425 -0.0530292617 -0.270636202 0 0 0
C@CP 3210 -0.368250315 -0.129163306 -0.204464783 0 0 0
C@CP 3211 0.0299785183 0.0518483708 -0.368447725 0 0 0
C@CP 3212 -0.095052699 -0.148854585 0.41734096 0 0 0
C@CP 3213 0.0292343403 -0.0971078167 0.211403454 0 0 0
C@CP 3214 -0.0914318376 -0.213173262 -0.155482618 0 0 0
C@CP 3215 -0.290862339 -0.0507739655 0.0880933644 0 0 0
C@CP 3216 -0.392268369 0.0189651677 0.069423355 0 0 0
C@CP 3217 0.393481907 0.0336434846 -0.0878181046 0 0 0
C@CP 3218 0.218373998 0.037415408 0.393278858 0 0 0
C@CP 3219 0.243124124 -0.116499478 -0.257038699 0 0 0
C@CP 3220 -0.123464176 0.120874287 -0.123894788 0 0 0
C@CP 3221 0.0549068733 0.140287086 0.0998881983 0 0 0
C@CP 3222 -0.228712599 -0.276713612 0.00611574427 0 0 0
C@CP 3223 0.227449813 0.206796906 -0.235328245 0 0 0
C@CP 3224 0.240715927 0.363636923 -0.16569043 0 0 0
C@CP 3225 0.0352078892 0.0772153716 -0.417878919 0 0 0
C@CP 3226 -0.397231516 -0.24934526 -0.116724377 0 0 0
C@CP 3227 -0.242720505 0.138435286 0.124097299 0 0 0
C@CP 3228 0.044340969 0.249146008 0.23048725 0 0 0
C@CP 3229 0.150922104 -0.267465864 -0.294634739 0 0 0
C@CP 3230 -0.199407365 0.0530400193 0.0589508586 0 0 0
C@CP 3231 0.230167833 -0.178461957 0.21530972 0 0 0
C@CP 3232 0.0174402537 0.0408736771 0.110520568 0 0 0
C@CP 3233 -0.374523012 0.00663287238 0.157344233 0 0 0
C@CP 3234 -0.337255292 -0.166631505 0.0659548603 0 0 0
C@CP 3235 0.0100503965 -0.266494971 -0.123412529 0 0 0
C@CP 3236 -0.404369242 -0.127434604 -0.18345082 0 0 0
C@CP 3237 -0.267911771 0.193418115 0.260232547 0 0 0
C@CP 3238 -0.082158623 -0.22246302 0.126808716 0 0 0
C@CP 3239 0.0803130142 0.153207998 -0.267042095 0 0 0
C@CP 3240 0.101739893 -0.315285861 0.222988548 0 0 0
C@CP 3241 -0.0447565309 -0.151182497 -0.139869 0 0 0
C@CP 3242 -0.340723556 -0.187073492 -0.235173422 0 0 0
C@CP 3243 -0.236083774 0.194926455 0.140153247 0 0 0
C@CP 3244 -0.0544825653 0.217836815 0.0305222451 0 0 0
C@CP 3245 0.401964009 0.146108449 0.142696032 0 0 0
C@CP 3246 -0.37620578 -0.0268863154 -0.231384132 0 0 0
C@CP 3247 0.12513379 0.00897289786 -0.256282131 0 0 0
C@CP 3248 0.173991319 0.369808914 0.206188329 0 0 0
C@CP 3249 0.164272899 0.147986004 0.0878557881 0 0 0
C@CP 3250 -0.245722808 -0.0456707591 -0.174412273 0 0 0
C@CP 3251 0.0318433444 0.23488596 -0.355489407 0 0 0
C@CP 3252 0.111828476 -0.328182599 -0.249743845 0 0 0
C@CP 3253 -0.457721802 0.0225172642 0.0904402703 0 0 0
C@CP 3254 -0.106610518 -0.0663958756 -0.0847155338 0 0 0
C@CP 3255 -0.392000661 0.22999339 -0.0339830279 0 0 0
C@CP 3256 0.0066524855 -0.209407917 -0.03239401 0 0 0
C@CP 3257 0.079501651 0.0341610084 -0.169326352 0 0 0
C@CP 3258 0.318009481 -0.0712237462 0.0445664706 0 0 0
C@CP 3259 -0.158394845 -0.1813905 0.0553964523 0 0 0
C@CP 3260 -0.0989721832 0.0845846585 0.418666202 0 0 0
C@CP 3261 0.0306418273 -0.429212931 -0.04564891 0 0 0
C@CP 3262 0.0888713124 0.271376707 0.111924322 0 0 0
C@CP 3263 0.122441976 -0.20467997 -0.306470728 0 0 0
C@CP 3264 0.0128743576 0.446555445 0.0626978895 0 0 0
C@CP 3265 0.154833179 0.247278963 0.0869779071 0 0 0
C@CP 3266 0.00540300885 -0.353426378 0.225417421 0 0 0
C@CP 3267 -0.156756227 0.117083487 0.0353369008 0 0 0
C@CP 3268 -0.122382607 0.0573200385 0.263131374 0 0 0
C@CP 3269 0.293610901 0.259729764 -0.171380411 0 0 0
C@CP 3270 -0.0732066322 0.178461445 -0.238179498 0 0 0
C@CP 3271 0.12830022 0.0829051682 0.255014789 0 0 0
C@CP 3272 -0.220237636 0.229572638 -0.247340072 0 0 0
C@CP 3273 0.194842156 0.173070861 0.231822286 0 0 0
C@CP 3274 -0.0733474948 -0.00542785749 -0.0901643799 0 0 0
C@CP 3275 -0.141582963 0.286506908 -0.146177064 0 0 0
C@CP 3276 0.0416039884 0.295649426 -0.197355635 0 0 0
C@CP 3277 0.305483732 0.285464829 -0.136929077 0 0 0
C@CP 3278 0.124465499 0.129526426 0.028020094 0 0 0
C@CP 3279 0.207546072 0.0455321638 0.244009596 0 0 0
C@CP 3280 0.122727645 -0.386598888 0.211864718 0 0 0
C@CP 3281 0.161771663 0.0331422168 -0.390880895 0 0 0
C@CP 3282 -0.145113531 0.0147121418 -0.0385429678 0 0 0
C@CP 3283 -0.203356438 -0.419536734 0.00223399339 0 0 0
C@CP 3284 -0.13676311 -0.13591846 -0.259235937 0 0 0
C@CP 3285 0.255075497 0.0728162457 0.128401827 0 0 0
C@CP 3286 0.0346614472 -0.141153078 0.0795668378 0 0 0
C@CP 3287 -0.0863629175 -0.409261038 -0.0988825957 0 0 0
C@CP 3288 -0.369462192 0.249671277 -0.105988995 0 0 0
C@CP 3289 -0.22647284 0.0340505348 0.0698186088 0 0 0
C@CP 3290 -0.00128805881 -0.0678682254 0.236148301 0 0 0
C@CP 3291 0.371583199 -0.116011332 0.0773071248 0 0 0
C@CP 3292 0.233960404 -0.0171183302 -0.184267677 0 0 0
C@CP 3293 -0.185176313 -0.0746076867 -0.178803939 0 0 0
C@CP 3294 -0.103911799 -0.15383972 -0.128403243 0 0 0
C@CP 3295 0.137487114 -0.167851776 0.395620019 0 0 0
C@CP 3296 0.122884848 0.220193647 0.339692234 0 0 0
C@CP 3297 0.292531 0.0535587617 0.123767718 0 0 0
C@CP 3298 -0.234751282 0.323814081 -0.218001149 0 0 0
C@CP 3299 0.207876388 -0.219612884 0.141249075 0 0 0
C@CP 3300 -0.274295512 0.179622678 0.217648746 0 0 0
C@CP 3301 0.298563904 0.306442985 0.0999685995 0 0 0
C@CP 3302 0.00362641871 -0.154245951 0.397128187 0 0 0
C@CP 3303 -0.0164155765 0.370444593 -0.00632098518 0 0 0
C@CP 3304 -0.068408784 -0.16212451 -0.169489348 0 0 0
C@CP 3305 -0.112954943 0.3249657 0.0925366558 0 0 0
C@CP 3306 -0.0126365653 -0.402172097 -0.18265076 0 0 0
C@CP 3307 0.177599915 0.0134340472 -0.262161766 0 0 0
C@CP 3308 0.182124098 -0.303400487 0.163910968 0 0 0
C@CP 3309 -0.0908106705 -0.268138808 -0.0274515775 0 0 0
C@CP 3310 0.0749854108 -0.281463119 0.238003621 0 0 0
C@CP 3311 0.209640071 0.0199867836 -0.356892799 0 0 0
C@CP 3312 -0.078063959 0.0952961898 -0.426309938 0 0 0
C@CP 3313 0.179364585 0.139277112 -0.0750074445 0 0 0
C@CP 3314 0.376313681 -0.212177989 0.000704869993 0 0 0
C@CP 3315 0.402592416 0.0392161769 0.160460255 0 0 0
C@CP 3316 -0.164308651 -0.0862770005 -0.376293459 0 0 0
C@CP 3317 0.123466878 -0.215914041 0.273466271 0 0 0
C@CP 3318 0.335023536 0.234883759 -0.118245462 0 0 0
C@CP 3319 0.257762317 -0.0869235582 -0.38942727 0 0 0
C@CP 3320 0.295906021 -0.00649399313 0.223284651 0 0 0
C@CP 3321 0.125666828 -0.0988581508 -0.0824747423 0 0 0
C@CP 3322 -0.0858835717 0.221404172 -0.234457852 0 0 0
C@CP 3323 0.112973638 -0.293029023 0.259190054 0 0 0
C@CP 3324 -0.111520303 -0.0707683695 -0.41930092 0 0 0
C@CP 3325 -0.0594777003 0.340483644 0.128860806 0 0 0
C@CP 3326 0.00227848135 0.150697339 0.446815895 0 0 0
C@CP 3327 0.215907242 -0.0160895646 0.358547194 0 0 0
C@CP 3328 -0.0434976969 -0.271756947 -0.137143113 0 0 0
C@CP 3329 0.208197301 0.184343289 -0.331167668 0 0 0
C@CP 3330 -0.338709666 0.0278748834 0.133151411 0 0 0
C@CP 3331 0.104810766 0.296304038 -0.0677540019 0 0 0
C@CP 3332 0.284647486 0.179648578 0.234978398 0 0 0
C@CP 3333 0.118059019 -0.154714663 0.400597002 0 0 0
C@CP 3334 -0.229897781 0.0438343598 0.0227188584 0 0 0
C@CP 3335 -0.103017413 0.083981818 -0.00590190317 0 0 0
C@CP 3336 -0.396603725 -0.066961873 -0.139113028 0 0 0
C@CP 3337 -0.26135626 -0.16852904 0.0405361998 0 0 0
C@CP 3338 -0.177371331 0.250346479 0.216137212 0 0 0
C@CP 3339 -0.177701801 0.138605903 0.225897817 0 0 0
C@CP 3340 -0.00630165664 0.129757845 0.0234418548 0 0 0
C@CP 3341 0.150182777 -0.264241241 0.174760048 0 0 0
C@CP 3342 0.176896515 -0.176283983 -0.0706498583 0 0 0
C@CP 3343 -0.0122242042 -0.188852505 0.328639832 0 0 0
C@CP 3344 0.269877822 -0.352566665 -0.120297753 0 0 0
C@CP 3345 -0.17425565 -0.176854125 -0.304081632 0 0 0
C@CP 3346 0.0863592169 -0.373837801 0.0174765892 0 0 0
C@CP 3347 -0.1085388 -0.00954061156 0.18870707 0 0 0
C@CP 3348 -0.13400229 0.243821052 0.0741916443 0 0 0
C@CP 3349 -0.353733588 0.141130836 -0.218165839 0 0 0
C@CP 3350 0.110746452 0.0189266385 -0.154242222 0 0 0
C@CP 3351 0.0188111934 -0.320731583 -0.0459570709 0 0 0
C@CP 3352 0.0890588791 -0.0980926722 0.333623176 0 0 0
C@CP 3353 0.0252448264 0.0672525087 -0.428887704 0 0 0
C@CP 3354 0.230699914 -0.104878797 0.0754139692 0 0 0
C@CP 3355 -0.0715628863 -0.354501266 0.0250246316 0 0 0
C@CP 3356 0.0138123601 0.0814630543 -0.113127694 0 0 0
C@CP 3357 -0.377000077 0.140884975 0.0201630979 0 0 0
C@CP 3358 0.0225241212 0.0893185857 -0.429581336 0 0 0
C@CP 3359 0.0426297848 0.24155461 0.262822168 0 0 0
C@CP 3360 0.08855244 0.074550291 -0.00689082443 0 0 0
C@CP 3361 -0.357384368 -0.285959953 -0.100716725 0 0 0
C@CP 3362 -0.332817909 0.234811953 -0.152402621 0 0 0
C@CP 3363 0.228822654 0.174256805 0.381466487 0 0 0
C@CP 3364 0.0385516112 -0.202982128 0.427394469 0 0 0
C@CP 3365 0.0163060081 0.440415647 0.0389989283 0 0 0
C@CP 3366 -0.222903279 -0.151271745 -0.0192166586 0 0 0
C@CP 3367 -0.0631596645 -0.432297819 -0.111673993 0 0 0
C@CP 3368 0.0294694659 -0.454275018 0.0169762089 0 0 0
C@CP 3369 0.101191318 -0.00674414416 -0.156765832 0 0 0
C@CP 3370 0.376761724 -0.14663181 -0.0192986731 0 0 0
C@CP 3371 -0.167558416 0.11701386 0.108485669 0 0 0
C@CP 3372 0.245378606 -0.305482589 -0.103251179 0 0 0
C@CP 3373 0.0515516693 -0.231162313 0.194746134 0 0 0
C@CP 3374 -0.116204637 0.257461798 -0.00294140457 0 0 0
C@CP 3375 -0.0888257201 0.216205496 -0.0911044183 0 0 0
C@CP 3376 -0.185316695 -0.086635705 0.420078418 0 0 0
C@CP 3377 0.158652976 -0.289238147 0.0264173087 0 0 0
C@CP 3378 -0.0122647836 -0.164841775 -0.156665456 0 0 0
C@CP 3379 -0.0532347953 0.326209622 0.190271104 0 0 0
C@CP 3380 -0.133826007 -0.127387898 -0.403729862 0 0 0
C@CP 3381 0.193726091 0.361855862 -0.14756478 0 0 0
C@CP 3382 -0.410113575 -0.0623945552 -0.205038567 0 0 0
C@CP 3383 -0.0974213288 -0.194970081 -0.081734492 0 0 0
C@CP 3384 -0.162026538 0.184285098 0.212965333 0 0 0
C@CP 3385 -0.164611386 0.317540845 -0.267394265 0 0 0
C@CP 3386 -0.0187760232 0.297277729 -0.287110071 0 0 0
C@CP 3387 0.156222036 -0.269338525 0.0455909026 0 0 0
C@CP 3388 -0.318951343 0.0297422077 0.0487869263 0 0 0
C@CP 3389 -0.0752016071 0.40807983 -0.102378109 0 0 0
C@CP 3390 0.299974657 0.191933909 0.0314213848 0 0 0
C@CP 3391 -0.366698069 0.0873612058 0.261743631 0 0 0
C@CP 3392 -0.213057445 0.361511107 0.0469345316 0 0 0
C@CP 3393 -0.0328165026 -0.38058808 -0.014444811 0 0 0
C@CP 3394 -0.244290534 -0.113768427 0.113616018 0 0 0
C@CP 3395 -0.192706262 0.127131454 0.394494205 0 0 0
C@CP 3396 -0.0144988078 0.0547198537 0.041045606 0 0 0
C@CP 3397 -0.308332597 0.258580188 -0.214222552 0 0 0
C@CP 3398 0.0024396389 -0.317633005 0.31822309 0 0 0
C@CP 3399 -0.029313591 0.147410942 -0.309218721 0 0 0
C@CP 3400 0.386415746 0.0346906249 -0.144009024 0 0 0
C@CP 3401 0.338729254 -0.115281809 0.252314648 0 0 0
C@CP 3402 0.154619746 -0.236057374 0.339034548 0 0 0
C@CP 3403 -0.030065572 0.327032295 0.0880946675 0 0 0
C@CP 3404 0.198712353 -0.127819204 -0.237585087 0 0 0
C@CP 3405 -0.0457421594 -0.0948850133 -0.00809292458 0 0 0
C@CP 3406 -0.0601660664 0.297271954 -0.0144253561 0 0 0
C@CP 3407 -0.140463456 -0.187195937 0.126001285 0 0 0
C@CP 3408 -0.336986634 0.0402737479 0.0698510672 0 0 0
C@CP 3409 -0.261874438 -0.192720311 0.0765705591 0 0 0
C@CP 3410 0.0112115896 -0.232431937 -0.162991145 0 0 0
C@CP 3411 -0.324526082 0.056408817 -0.00652585833 0 0 0
C@CP 3412 0.00327576894 0.324375938 0.122253113 0 0 0
C@CP 3413 -0.242941783 0.116700107 -0.333648139 0 0 0
C@CP 3414 -0.377438722 0.0683488553 0.267710595 0 0 0
C@CP 3415 0.331573594 -0.00755728997 0.18991841 0 0 0
C@CP 3416 -0.364081975 -0.075846704 0.134603211 0 0 0
C@CP 3417 0.241208107 -0.0420625111 0.0656777933 0 0 0
C@CP 3418 0.372929035 -0.0318675271 -0.160988057 0 0 0
C@CP 3419 0.132920411 0.0379277825 -0.260788903 0 0 0
C@CP 3420 -0.273183093 0.0501440719 0.134828374 0 0 0
C@CP 3421 -0.187967989 -0.09139472 -0.055323198 0 0 0
C@CP 3422 -0.137280981 0.344231107 -0.150693507 0 0 0
C@CP 3423 -0.358409952 -0.194937303 -0.0477132167 0 0 0
C@CP 3424 -0.00565776606 -0.310454226 0.213944167 0 0 0
C@CP 3425 -0.0803867637 -0.33519454 0.0392613145 0 0 0
C@CP 3426 -0.350762836 0.164376715 -0.147306468 0 0 0
C@CP 3427 -0.0382551845 -0.0758476753 -0.0193340556 0 0 0
C@CP 3428 0.148100362 0.262086308 0.293344487 0 0 0
C@CP 3429 0.0121456332 -0.374729213 0.248872969 0 0 0
C@CP 3430 -0.106655836 -0.34526852 0.256073206 0 0 0
C@CP 3431 -0.292317409 0.118796193 0.0376264552 0 0 0
C@CP 3432 0.0786149314 -0.235644475 -0.128957955 0 0 0
C@CP 3433 -0.143858319 0.0278684638 -0.13541512 0 0 0
C@CP 3434 -0.337142854 0.023809226 0.159186362 0 0 0
C@CP 3435 -0.182302218 0.270747509 0.16678297 0 0 0
C@CP 3436 -0.203946496 -0.182008406 -0.13380471 0 0 0
C@CP 3437 -0.0325267169 -0.0469523194 -0.145398757 0 0 0
C@CP 3438 -0.0461059137 -0.29037943 -0.0369206666 0 0 0
C@CP 3439 -0.266513392 0.000930472215 0.0213797245 0 0 0
C@CP 3440 0.0700928948 -0.292660754 0.149642481 0 0 0
C@CP 3441 -0.0378091921 -0.228757391 0.42060493 0 0 0
C@CP 3442 0.109447338 -0.35620102 0.275302824 0 0 0
C@CP 3443 0.105162508 0.233291851 -0.226593435 0 0 0
C@CP 3444 -0.115788607 0.0392569327 0.274451252 0 0 0
C@CP 3445 0.0781594672 0.235287158 -0.378513648 0 0 0
C@CP 3446 0.0424159687 -0.326359106 -0.314126777 0 0 0
C@CP 3447 -0.280132361 -0.242659167 -0.142996141 0 0 0
C@CP 3448 -0.220260603 0.122017434 -0.121888857 0 0 0
C@CP 3449 0.248293097 -0.057013995 -0.103533191 0 0 0
C@CP 3450 -0.055639877 -0.200901563 -0.23972297 0 0 0
C@CP 3451 0.0377309698 -0.139133768 0.0517541119 0 0 0
C@CP 3452 -0.0633112606 0.318368341 -0.000922869559 0 0 0
C@CP 3453 0.469250389 -0.0445125801 -0.0340227642 0 0 0
C@CP 3454 -0.237880827 0.346694109 0.0759461908 0 0 0
C@CP 3455 0.362436413 -0.207172797 0.175163267 0 0 0
C@CP 3456 0.0410261666 -0.305531274 -0.317443072 0 0 0
C@CP 3457 -0.0563264037 0.0401468902 -0.0842824791 0 0 0
C@CP 3458 -0.281256125 -0.2327116 0.0668314389 0 0 0
C@CP 3459 0.144895074 0.267216921 -0.298052271 0 0 0
C@CP 3460 -0.244989168 -0.159528326 0.234924171 0 0 0
C@CP 3461 0.0828722382 0.349329659 -0.295910927 0 0 0
C@CP 3462 -0.0852531053 0.0228075456 -0.458866494 0 0 0
C@CP 3463 0.0575870872 0.257282617 0.0472807739 0 0 0
C@CP 3464 0.0367477744 -0.258797217 0.0596819991 0 0 0
C@CP 3465 -0.387236673 0.122707197 -0.0844570845 0 0 0
C@CP 3466 -0.070365262 0.274613202 -0.167363363 0 0 0
C@CP 3467 -0.266895672 0.00516850564 -0.217973915 0 0 0
C@CP 3468 0.214854754 0.341639931 0.0798047395 0 0 0
C@CP 3469 0.341599892 -0.189451177 -0.11682857 0 0 0
C@CP 3470 0.348972796 -0.0288875278 -0.313778219 0 0 0
C@CP 3471 -0.0491890592 -0.326078943 0.296709666 0 0 0
C@CP 3472 -0.142723156 -0.162179371 -0.0234348943 0 0 0
C@CP 3473 0.12521166 0.21715234 -0.154815486 0 0 0
C@CP 3474 -0.0733278417 0.384137342 0.0955478448 0 0 0
C@CP 3475 0.0964240699 0.323050572 -0.18968332 0 0 0
C@CP 3476 -0.0913440373 0.0753844483 0.189988948 0 0 0
C@CP 3477 -0.243743877 0.0838574162 0.0478541406 0 0 0
C@CP 3478 0.411639521 0.0778725617 -0.0573524042 0 0 0
C@CP 3479 0.359935085 -0.0371418554 -0.0825872906 0 0 0
C@CP 3480 0.221499971 -0.258996757 -0.0689461619 0 0 0
C@CP 3481 -0.316762123 -0.0203758365 -0.200505318 0 0 0
C@CP 3482 -0.0237691613 -0.0859188812 0.288496925 0 0 0
C@CP 3483 0.303250033 0.361066615 -0.0210875875 0 0 0
C@CP 3484 0.0477738521 -0.128815722 0.301838994 0 0 0
C@CP 3485 0.146457778 0.0398852043 -0.263185117 0 0 0
C@CP 3486 0.103793188 -0.202758536 0.281612148 0 0 0
C@CP 3487 -0.13447189 0.285142391 0.253340802 0 0 0
C@CP 3488 0.0740326287 -0.283845343 0.159842001 0 0 0
C@CP 3489 0.0226012275 -0.370158222 0.170597746 0 0 0
C@CP 3490 -0.11629526 -0.0991924637 0.0787796151 0 0 0
C@CP 3491 0.0570371735 0.241994468 0.125241741 0 0 0
C@CP 3492 0.184323679 0.201879232 0.235599391 0 0 0
C@CP 3493 0.0225944733 0.027451617 -0.197076789 0 0 0
C@CP 3494 -0.104968364 0.0459947554 -0.0609488079 0 0 0
C@CP 3495 -0.190552167 0.0595000857 -0.0442351579 0 0 0
C@CP 3496 -0.319457397 0.198751874 0.243782304 0 0 0
C@CP 3497 -0.0412894235 0.103209362 -0.209618606 0 0 0
B@CP 3499 0.373205733 -0.152562498 -0.222472852 0 0 0
C@CP 3500 0.0346043963 0.0776812766 -0.13714761 0 0 0
C@CP 3501 0.0795164915 -0.142457888 -0.318635351 0 0 0
C@CP 3502 0.0890447119 -0.250586098 0.376030443 0 0 0
B@CP 3504 0.10099495 0.390352486 -0.176299585 0 0 0
C@CP 3505 -0.247414399 0.146302786 0.210236364 0 0 0
B@CP 3507 -0.268378335 0.224493104 -0.153446604 0 0 0
C@CP 3508 0.146514672 0.0407339974 0.191343097 0 0 0
B@CP 3510 -0.407303149 0.0149241248 -0.150224042 0 0 0
C@CP 3511 -0.325724803 -0.24491704 0.0845262235 0 0 0
B@CP 3513 -0.277174878 -0.068372531 0.089621971 0 0 0
C@CP 3514 0.187707959 -0.391016333 -0.160752955 0 0 0
B@CP 3516 0.0287750602 -0.0676544177 -0.273727364 0 0 0
C@CP 3517 -0.150973867 0.28303873 0.0658997518 0 0 0
B@CP 3519 0.405229154 0.21108806 0.0849007358 0 0 0
C@CP 3520 0.312834132 0.110615128 0.129965716 0 0 0
