B@CP 1000 0.11744839 -0.301860362 0.225133974 0 0 0
B@CP 1002 -0.235363286 0.286179912 -0.114467669 0 0 0
B@CP 1003 -0.238851246 -0.178628887 0.267536804 0 0 0
B@CP 1004 -0.11370269 -0.216378536 0.326826903 0 0 0
B@CP 1005 -0.0404616466 -0.186977941 0.36379007 0 0 0
B@CP 1006 0.00859291065 -0.1556086 0.370489681 0 0 0
B@CP 1007 -0.31044531 0.192278523 -0.198261427 0 0 0
B@CP 1012 -0.481081619 -0.0151702733 0.0258834144 0 0 0
B@CP 1016 -0.111679438 -0.133043819 -0.258488404 0 0 0
B@CP 1020 0.0631680103 0.190596249 0.116419171 0 0 0
B@CP 1022 -0.053284875 -0.170836846 -0.300639516 0 0 0
B@CP 1024 -0.0118300689 0.212443886 0.166149211 0 0 0
B@CP 1030 0.313543802 0.151597872 -0.283727858 0 0 0
B@CP 1031 -0.167556683 0.0992151835 0.0210384077 0 0 0
B@CP 1040 0.0108970919 0.358694651 0.197649756 0 0 0
B@CP 1041 -0.0614828539 0.0744229196 0.176261478 0 0 0
B@CP 1042 -0.0347140641 0.192009533 -0.424422465 0 0 0
B@CP 1044 -0.147951931 -0.340243219 0.211364581 0 0 0
B@CP 1053 -0.0909823057 -0.195718549 0.0976400346 0 0 0
B@CP 1054 0.303987721 -0.279021049 -0.178614341 0 0 0
B@CP 1055 0.0463180183 0.249232135 0.187359648 0 0 0
B@CP 1059 -0.127881977 -0.414684469 -0.205114027 0 0 0
B@CP 1061 0.248231939 -0.0756356147 0.117491451 0 0 0
B@CP 1065 -0.00500133695 -0.0384019193 -0.300966536 0 0 0
B@CP 1066 -0.00171308731 -0.0703641772 0.128747569 0 0 0
B@CP 1070 -0.190132251 -0.00861243293 -0.240910274 0 0 0
B@CP 1073 -0.260406284 0.261634486 0.00712177632 0 0 0
B@CP 1074 0.161022397 -0.110182204 0.266952455 0 0 0
B@CP 1077 -0.354657315 -0.0850793073 0.237137113 0 0 0
B@CP 1080 0.0387184953 0.0594817647 -0.165962011 0 0 0
B@CP 1081 -0.0304911777 0.00134716342 -0.266265507 0 0 0
B@CP 1083 -0.127389068 0.068840546 -0.0228231399 0 0 0
B@CP 1088 -0.14556148 0.255774203 0.34563295 0 0 0
B@CP 1092 0.205226465 0.0837177414 0.0615832617 0 0 0
B@CP 1093 0.00716961561 0.266080965 -0.394379508 0 0 0
B@CP 1096 -0.153665446 0.0739960703 -0.382587564 0 0 0
B@CP 1100 -0.470537124 0.0399167583 -0.0266412265 0 0 0
B@CP 1103 -0.0748847941 0.089517858 -0.127843894 0 0 0
B@CP 1105 -0.104581 0.0653047492 -0.0160311308 0 0 0
B@CP 1106 0.222811183 0.246375221 0.0177891534 0 0 0
B@CP 1109 0.309559203 0.229427623 -0.106172928 0 0 0
B@CP 1110 0.124866998 0.0590016092 -0.111416499 0 0 0
B@CP 1117 -0.220654671 -0.136396144 -0.0395519845 0 0 0
B@CP 1122 -0.202354626 -0.21767151 0.238336444 0 0 0
B@CP 1126 -0.0549347208 0.21298776 0.166744098 0 0 0
B@CP 1127 -0.317965431 -0.21561159 0.175980892 0 0 0
B@CP 1128 -0.0790290352 -0.24829606 0.317594926 0 0 0
B@CP 1130 -0.0538340039 0.366243156 0.152760791 0 0 0
B@CP 1131 -0.0254435442 0.157194971 -0.2246676 0 0 0
B@CP 1138 -0.0861487343 0.37107951 0.212405964 0 0 0
B@CP 1147 0.0169036218 -0.348513578 0.0524380737 0 0 0
B@CP 1148 -0.261285674 -0.0291688367 -0.141259275 0 0 0
B@CP 1149 -0.00645518838 -0.0220804769 -0.228199282 0 0 0
B@CP 1151 -0.276598176 0.0911908955 0.180175169 0 0 0
B@CP 1160 0.0689804758 0.14679719 0.340435381 0 0 0
B@CP 1161 0.106055743 -0.325547813 -0.133466964 0 0 0
B@CP 1164 0.298193207 0.244878028 0.229136364 0 0 0
B@CP 1165 0.0773763528 -0.0111779884 0.0201127948 0 0 0
B@CP 1170 0.0954648234 0.153561769 -0.119158404 0 0 0
B@CP 1178 -0.10634581 -0.0153985781 0.425521579 0 0 0
B@CP 1185 -0.0484489798 0.0275009807 -0.458044635 0 0 0
B@CP 1186 -0.220771509 0.173855151 -0.339046944 0 0 0
B@CP 1188 0.315630659 0.0492627741 -0.10970017 0 0 0
B@CP 1192 -0.360746433 -0.102712124 0.226615666 0 0 0
B@CP 1194 -0.182435297 0.029954124 -0.230967577 0 0 0
B@CP 1196 0.0242441776 -0.0922410568 -0.11859849 0 0 0
B@CP 1198 -0.381630915 -0.0864789495 0.0582048139 0 0 0
B@CP 1199 -0.00712428138 0.0703181822 -0.338927074 0 0 0
B@CP 1202 0.0459567446 -0.117009563 -0.348789724 0 0 0
B@CP 1208 -0.433424496 0.137378201 0.105510802 0 0 0
B@CP 1209 0.214803816 -0.0871740899 0.116074081 0 0 0
B@CP 1212 0.123580288 0.0692273271 -0.0385613307 0 0 0
B@CP 1217 -0.127575991 0.29749415 -0.265340346 0 0 0
B@CP 1220 0.0338156936 0.0542828779 0.285280184 0 0 0
B@CP 1222 -0.0508828814 -0.389803161 0.22797788 0 0 0
B@CP 1226 -0.114993538 0.125416909 -0.108715252 0 0 0
B@CP 1227 0.0196310749 -0.142070432 0.0595391305 0 0 0
B@CP 1228 -0.271761512 0.125099396 0.107638195 0 0 0
B@CP 1229 -0.414992411 -0.0763262136 0.148893862 0 0 0
B@CP 1234 -0.0274218478 0.0998536527 0.348677191 0 0 0
B@CP 1239 -0.101201781 -0.168163289 -0.184114772 0 0 0
B@CP 1246 -0.0136409611 0.109396308 0.0630385324 0 0 0
B@CP 1249 -0.328768083 -0.229862586 0.225712099 0 0 0
B@CP 1250 -0.139522848 0.0917496381 -0.318798411 0 0 0
B@CP 1252 -0.237148141 -0.167877083 -0.143537779 0 0 0
B@CP 1254 -0.0330571853 -0.216638004 -0.118765499 0 0 0
B@CP 1265 -0.160521784 -0.050283844 -0.0945051395 0 0 0
B@CP 1267 -0.3261951 -0.257839336 -0.158799642 0 0 0
B@CP 1268 0.32377939 -0.0603762883 0.229470647 0 0 0
B@CP 1270 0.328879108 -0.116792087 -0.240174773 0 0 0
B@CP 1273 0.167975304 -0.265096703 -0.331638075 0 0 0
B@CP 1279 -0.17700888 -0.281847892 -0.0532910129 0 0 0
B@CP 1281 -0.294190228 0.152487671 -0.0348885014 0 0 0
B@CP 1282 0.348595174 -0.223302372 0.0698113588 0 0 0
B@CP 1287 0.184749366 0.27256086 -0.269615983 0 0 0
B@CP 1290 -0.00369161499 -0.305684819 0.307138565 0 0 0
B@CP 1291 0.225845151 -0.241855304 0.151197258 0 0 0
B@CP 1292 -0.367876996 -0.154324169 -0.0235262845 0 0 0
B@CP 1296 0.0909856724 0.0986936474 0.415572725 0 0 0
B@CP 1297 0.043711073 0.00797624081 -0.148672298 0 0 0
B@CP 1298 0.342761855 -0.224359627 -0.000534159253 0 0 0
B@CP 1299 -0.324818908 0.184333413 0.0784454697 0 0 0
B@CP 1301 0.0292348502 -0.376503368 0.149496412 0 0 0
B@CP 1304 0.395932074 -0.055569202 -0.0753354143 0 0 0
B@CP 1305 0.161329316 0.425025399 -0.0677037043 0 0 0
B@CP 1306 0.262284735 -0.139434786 -0.101481044 0 0 0
B@CP 1311 0.136117445 0.192215143 0.246172854 0 0 0
B@CP 1314 -0.0625462264 -0.150331898 -0.227835657 0 0 0
B@CP 1319 0.134124685 -0.285676924 0.0678466382 0 0 0
B@CP 1320 -0.138605838 -0.00147178465 0.126880056 0 0 0
B@CP 1325 -0.284857995 0.325214234 -0.139099201 0 0 0
B@CP 1327 -0.0588297566 -0.36563055 0.0320028597 0 0 0
B@CP 1330 0.0671262934 -0.336940126 -0.00271590152 0 0 0
B@CP 1340 0.249314252 -0.0895142799 0.357932126 0 0 0
B@CP 1341 0.0284484229 -0.300464318 0.0244727357 0 0 0
B@CP 1348 0.225187181 -0.0037770989 -0.0876764858 0 0 0
B@CP 1350 0.221995699 -0.18743659 -0.0544825848 0 0 0
B@CP 1351 -0.0452778726 0.413670506 0.0375357988 0 0 0
B@CP 1354 -0.180109638 -0.220066257 -0.304393759 0 0 0
B@CP 1359 -0.25911565 0.194423473 -0.0724514608 0 0 0
B@CP 1360 -0.0401055058 -0.0838311646 -0.454225129 0 0 0
B@CP 1365 -0.215228498 0.334493715 0.0199167467 0 0 0
B@CP 1370 0.118621276 0.379004211 0.0603913024 0 0 0
B@CP 1371 -0.400053222 0.0719904766 0.0977101935 0 0 0
B@CP 1373 0.0192401342 0.323319616 -0.24936275 0 0 0
B@CP 1376 0.225457407 0.343411536 -0.051027112 0 0 0
B@CP 1380 -0.0721591432 0.310267708 0.110283358 0 0 0
B@CP 1387 -0.147892593 -0.0897352113 -0.285135046 0 0 0
B@CP 1390 -0.138970571 0.153062903 0.256559538 0 0 0
B@CP 1394 -0.390344833 0.0297814566 0.258724302 0 0 0
B@CP 1398 -0.306064535 0.13606813 0.321456829 0 0 0
B@CP 1400 0.147075348 0.132750538 -0.21888524 0 0 0
B@CP 1402 -0.197449914 -0.242643498 0.309145698 0 0 0
B@CP 1405 -0.124136244 -0.0314122392 0.293732263 0 0 0
B@CP 1406 0.226236398 0.0320458679 0.0933586949 0 0 0
B@CP 1407 -0.12857574 0.370354291 -0.163962442 0 0 0
B@CP 1409 0.116450373 0.0793545608 -0.383058393 0 0 0
B@CP 1415 -0.115439884 0.200981223 0.14251084 0 0 0
B@CP 1418 -0.400778457 0.097227586 0.181375525 0 0 0
B@CP 1423 0.338011357 0.0823351691 0.0785830081 0 0 0
B@CP 1429 0.112988222 -0.0832433412 0.309295274 0 0 0
B@CP 1430 -0.391949721 -0.0331407702 -0.0833684527 0 0 0
B@CP 1432 0.10402816 0.311863804 0.273145887 0 0 0
B@CP 1433 0.250478599 0.37641177 0.076770919 0 0 0
B@CP 1434 0.0903556916 0.387517219 -0.0728607159 0 0 0
B@CP 1436 0.127988602 0.105289189 -0.00114922016 0 0 0
B@CP 1437 -0.0361204606 -0.184582035 0.0522325255 0 0 0
B@CP 1444 -0.145018352 0.182007669 -0.280483327 0 0 0
B@CP 1445 0.25149192 0.183938049 -0.0578627728 0 0 0
B@CP 1446 0.0584167484 -0.207684596 -0.172733914 0 0 0
B@CP 1447 0.0632904428 -0.366167626 -0.0244520733 0 0 0
B@CP 1453 0.11707104 0.417062793 -0.159945801 0 0 0
B@CP 1454 -0.280929098 -0.196649964 0.00375410073 0 0 0
B@CP 1455 -0.0294205532 0.198193085 0.0409378648 0 0 0
B@CP 1460 -0.185559357 -0.304047385 0.0843834195 0 0 0
B@CP 1462 0.35369917 0.214427534 -0.101075882 0 0 0
B@CP 1464 -0.144529262 0.381418922 -0.0503091439 0 0 0
B@CP 1469 -0.0143512352 -0.0411236924 -0.235633191 0 0 0
B@CP 1472 0.102226865 -0.379293436 -0.231408323 0 0 0
B@CP 1473 0.402924364 -0.0736675078 0.112163312 0 0 0
B@CP 1474 0.0786066696 0.398878696 -0.104162126 0 0 0
B@CP 1475 -0.0335377404 -0.399035033 0.183558491 0 0 0
B@CP 1477 0.0298827928 -0.140277192 -0.0188245892 0 0 0
B@CP 1479 0.345022227 -0.0834844583 -0.229141176 0 0 0
B@CP 1485 0.366362224 0.0283187745 0.266556501 0 0 0
B@CP 1488 0.214538752 -0.290751984 0.145847177 0 0 0
B@CP 1493 -0.0419753617 -0.364523912 -0.062892208 0 0 0
B@CP 1495 0.308436496 0.241710536 -0.221272528 0 0 0
B@CP 1496 -0.103061242 0.0393512838 0.117738047 0 0 0
B@CP 1498 -0.206134445 0.20947223 0.176475513 0 0 0
B@CP 1499 -0.175928909 0.167772362 0.286754349 0 0 0
B@CP 1501 0.150720656 0.339302577 0.268803566 0 0 0
B@CP 1507 -0.190830427 0.120488529 0.216616919 0 0 0
B@CP 1509 -0.23388847 0.185757865 -0.25040313 0 0 0
B@CP 1517 -0.14753718 0.196808468 0.00967899771 0 0 0
B@CP 1522 0.211010709 -0.227690852 0.320770004 0 0 0
B@CP 1526 0.0468463142 0.00927294256 0.334629927 0 0 0
B@CP 1528 0.2442436 -0.131566939 -0.145870148 0 0 0
B@CP 1534 -0.132139967 -0.0719337666 -0.371874543 0 0 0
B@CP 1536 -0.213313258 0.140229365 -0.407862311 0 0 0
B@CP 1539 0.106233195 -0.0772968817 0.137188786 0 0 0
B@CP 1541 -0.0144405551 0.119429293 0.440348355 0 0 0
B@CP 1545 0.056031151 0.219676244 -0.16048607 0 0 0
B@CP 1556 -0.247455214 -0.270155579 0.031275405 0 0 0
B@CP 1560 -0.169794785 0.16203856 -0.328013594 0 0 0
B@CP 1562 -0.329155741 0.0402903837 -0.0437072199 0 0 0
B@CP 1564 0.186274252 0.3595576 -0.0518422545 0 0 0
B@CP 1566 0.206113929 -0.19136765 0.324377921 0 0 0
B@CP 1567 -0.266838275 -0.0875806812 -0.277412421 0 0 0
B@CP 1568 0.0764779303 0.102071062 -0.160883866 0 0 0
B@CP 1569 0.143401957 -0.187657396 0.373767339 0 0 0
B@CP 1573 0.0649350862 0.317832474 0.30613391 0 0 0
B@CP 1580 0.316354703 -0.299779387 0.0756327963 0 0 0
B@CP 1581 -0.02127405 0.172565233 -0.135990706 0 0 0
B@CP 1582 -0.0593071968 0.235332716 0.0429299353 0 0 0
B@CP 1583 0.253650984 0.00801713122 -0.346041969 0 0 0
B@CP 1587 0.185339739 -0.124110506 -0.160824366 0 0 0
B@CP 1593 -0.112691779 -0.361768393 -0.243489875 0 0 0
B@CP 1600 0.264066127 -0.0345539356 -0.379149049 0 0 0
B@CP 1601 -0.401369859 0.138878488 -0.049779521 0 0 0
B@CP 1603 0.260776462 -0.182714332 -0.220315993 0 0 0
B@CP 1605 -0.285595673 -0.189895937 -0.0338091121 0 0 0
B@CP 1607 0.145474182 -0.0299884978 -0.135343689 0 0 0
B@CP 1609 0.0366580714 0.181737945 -0.00591827194 0 0 0
B@CP 1614 -0.386113638 0.0208073358 -0.275773822 0 0 0
B@CP 1615 0.373237447 0.158030694 0.0124255993 0 0 0
B@CP 1618 0.150928033 0.18158463 -0.152116405 0 0 0
B@CP 1626 -0.217023695 -0.0635038059 -0.292956285 0 0 0
B@CP 1634 0.313893827 0.107349135 0.14821888 0 0 0
B@CP 1639 0.412632087 0.0250118771 -0.206566998 0 0 0
B@CP 1640 -0.0123631735 0.149354307 -0.040796262 0 0 0
B@CP 1649 0.169050185 -0.0229802895 0.133903727 0 0 0
B@CP 1653 0.145682993 0.214235671 0.287885057 0 0 0
B@CP 1660 0.335560604 -0.203995807 0.247333782 0 0 0
B@CP 1666 0.15039134 0.110961751 0.0950500759 0 0 0
B@CP 1667 -0.210975762 -0.171568973 0.336297395 0 0 0
B@CP 1668 -0.202928349 -0.0299557997 0.0644158279 0 0 0
B@CP 1670 -0.218335285 0.174762039 -0.377629643 0 0 0
B@CP 1671 -0.182175312 -0.102341878 -0.234201767 0 0 0
B@CP 1675 0.175709284 0.16026455 -0.162583261 0 0 0
B@CP 1677 0.121921649 -0.173041464 -0.18323303 0 0 0
B@CP 1679 -0.119926257 0.209126177 -0.263110198 0 0 0
B@CP 1682 -0.17480054 -0.146407124 -0.258127555 0 0 0
B@CP 1686 0.419298913 -0.00823928491 -0.0978206344 0 0 0
B@CP 1687 -0.0715938887 0.219348093 -0.00414060763 0 0 0
B@CP 1690 -0.155749947 0.391000364 0.21898323 0 0 0
B@CP 1695 -0.204871699 -0.0421457386 -0.308962261 0 0 0
B@CP 1701 0.0937948522 0.303481935 -0.118592923 0 0 0
B@CP 1703 -0.303164497 -0.0281376582 -0.183528515 0 0 0
B@CP 1706 -0.113639798 -0.277073602 -0.244076393 0 0 0
B@CP 1707 0.000685139923 0.169244112 -0.145373405 0 0 0
B@CP 1711 -0.000981208334 0.342170223 0.0387503054 0 0 0
B@CP 1712 -0.309233669 0.070683697 0.190672214 0 0 0
B@CP 1716 -0.371031016 -0.113246115 -0.143540355 0 0 0
B@CP 1719 0.191181173 -0.345126253 -0.00416773312 0 0 0
B@CP 1720 -0.182212638 -0.176962117 0.298092591 0 0 0
B@CP 1722 0.3474059 0.217336017 0.143036785 0 0 0
B@CP 1726 0.355878939 -0.237594236 -0.148861428 0 0 0
B@CP 1728 0.273100171 -0.244323924 -0.0916835171 0 0 0
B@CP 1733 0.120730237 0.246481449 0.293254777 0 0 0
B@CP 1735 0.161317331 -0.213274889 -0.256997637 0 0 0
B@CP 1740 0.0346012752 -0.325813972 0.163673976 0 0 0
B@CP 1743 0.249653685 0.162067669 -0.358549338 0 0 0
B@CP 1746 0.193637573 0.212850702 0.0820577038 0 0 0
B@CP 1748 0.31045713 0.180155438 0.020349704 0 0 0
B@CP 1749 0.232176938 -0.198168301 -0.189243934 0 0 0
B@CP 1750 -0.0359763385 -0.00695302981 0.404229344 0 0 0
B@CP 1752 -0.240264228 -0.0861418796 -0.126541831 0 0 0
B@CP 1753 0.270198964 -0.295168022 0.22337459 0 0 0
B@CP 1756 -0.0180360761 0.0560006631 0.26701452 0 0 0
B@CP 1758 0.0604479187 -0.190631983 -0.184371988 0 0 0
B@CP 1766 -0.00954009279 -0.163771019 -0.0683077771 0 0 0
B@CP 1768 0.153843839 0.148733669 -0.411926974 0 0 0
B@CP 1769 0.172233643 -0.382692311 0.0527544335 0 0 0
B@CP 1770 -0.271151707 -0.355098481 0.0919733389 0 0 0
B@CP 1775 -0.434870839 0.0790234511 0.101868428 0 0 0
B@CP 1776 -0.256549485 -0.123435445 -0.0681037942 0 0 0
B@CP 1780 -0.366999571 -0.0652937248 -0.133826526 0 0 0
B@CP 1782 0.0408054878 -0.0884294954 -0.208075498 0 0 0
B@CP 1783 0.0771974882 -0.098321755 -0.246223407 0 0 0
B@CP 1788 0.00947896503 0.482046793 0.0254092008 0 0 0
B@CP 1792 -0.203433266 -0.184331345 0.26807475 0 0 0
B@CP 1795 0.0271510181 -0.461234317 -0.0368646975 0 0 0
B@CP 1797 0.0409898638 0.111386181 -0.317450111 0 0 0
B@CP 1798 0.350769125 0.0663688399 0.138972542 0 0 0
B@CP 1799 0.261241224 -0.285118747 0.229122909 0 0 0
B@CP 1802 0.00493468992 -0.241996065 0.103997637 0 0 0
B@CP 1803 0.131472363 0.327992316 0.225057024 0 0 0
B@CP 1807 -0.335113827 -0.110674854 -0.255180967 0 0 0
B@CP 1812 0.210258539 0.226545285 0.0551785153 0 0 0
B@CP 1813 -0.186604386 -0.313773899 0.0181232026 0 0 0
B@CP 1822 -0.17674878 0.317490091 0.0510663127 0 0 0
B@CP 1824 -0.0204126361 0.294204783 -0.0378891956 0 0 0
B@CP 1832 -0.11059091 -0.0219703306 -0.343240671 0 0 0
B@CP 1833 -0.350434742 0.088614718 0.298009029 0 0 0
B@CP 1839 -0.273698074 -0.0631166517 0.133531077 0 0 0
B@CP 1844 -0.118570826 0.139957522 -0.31729932 0 0 0
B@CP 1845 -0.105960486 0.362959884 0.235173067 0 0 0
B@CP 1849 -0.124558172 0.356243467 -0.26665615 0 0 0
B@CP 1853 -0.291703654 0.0903540251 0.181072656 0 0 0
B@CP 1857 -0.0864636763 0.0491983249 0.247728355 0 0 0
B@CP 1859 -0.193070395 0.0407020143 0.0486062151 0 0 0
B@CP 1860 0.176739976 -0.183832521 0.388259746 0 0 0
B@CP 1861 -0.211300014 -0.15467709 -2.01242282e-05 0 0 0
B@CP 1863 0.0649350458 -0.248880992 0.210659576 0 0 0
B@CP 1864 -0.101356771 0.0989015402 -0.141416116 0 0 0
B@CP 1865 0.103529962 -0.209606271 -0.104199856 0 0 0
B@CP 1871 0.0375886233 -0.309204596 -0.0734279027 0 0 0
B@CP 1875 -0.259922163 -0.15496576 0.0749353335 0 0 0
B@CP 1877 0.209206615 0.197461756 -0.252308476 0 0 0
B@CP 1880 0.192663212 0.381459471 0.187762383 0 0 0
B@CP 1884 0.29034778 0.0660593547 0.315326095 0 0 0
B@CP 1885 0.216194459 -0.0650716326 -0.296161988 0 0 0
B@CP 1892 -0.219080865 -0.0861026268 -0.11374054 0 0 0
B@CP 1893 0.104365305 0.386598672 -0.0349788531 0 0 0
B@CP 1895 -0.07193024 0.384598742 -0.0463293731 0 0 0
B@CP 1896 0.242734563 -0.161142474 0.344592861 0 0 0
B@CP 1898 0.0490263476 -0.0624065329 -0.0572743877 0 0 0
B@CP 1903 -0.227500352 0.299058785 0.022223817 0 0 0
B@CP 1906 -0.0916599569 -0.37451701 -0.161481573 0 0 0
B@CP 1909 -0.0140580839 0.111915962 0.0758163432 0 0 0
B@CP 1911 -0.00761311606 0.346197485 0.0936203569 0 0 0
B@CP 1912 -0.351383528 0.14277424 0.0662992851 0 0 0
B@CP 1920 0.368586012 -0.222635291 -0.00522312431 0 0 0
B@CP 1921 0.293862533 0.270426414 -0.157785826 0 0 0
B@CP 1922 -0.0684663167 -0.308996398 0.0564026149 0 0 0
B@CP 1926 0.332229471 -0.284290591 -0.110778287 0 0 0
B@CP 1936 -0.221350231 0.174706304 -0.278345604 0 0 0
B@CP 1939 -0.115116911 -0.146729058 -0.34113934 0 0 0
B@CP 1940 0.261316897 0.126683593 0.128553593 0 0 0
B@CP 1944 -0.0756471686 0.0858966359 -0.179418026 0 0 0
B@CP 1948 0.0206675216 -0.0212628421 0.337502801 0 0 0
B@CP 1949 -0.339544955 0.295261927 -0.12071971 0 0 0
B@CP 1951 0.246277968 -0.295247312 0.133605146 0 0 0
B@CP 1953 -0.404462739 -0.0578877617 0.117555004 0 0 0
B@CP 1955 0.232979984 0.0379429116 -0.26675414 0 0 0
B@CP 1966 -0.352522444 0.176100726 0.197848758 0 0 0
B@CP 1968 -0.0253488585 0.0304800743 -0.277316969 0 0 0
B@CP 1969 0.151796014 0.0942379859 0.205517091 0 0 0
B@CP 1970 -0.199899923 -0.130374376 4.45334119e-05 0 0 0
B@CP 1972 -0.305562923 -0.136037473 0.294323268 0 0 0
B@CP 1974 0.00817084165 0.0759180604 -0.358094133 0 0 0
B@CP 1976 0.0993433355 0.0883043661 -0.37363888 0 0 0
B@CP 1980 -0.149267496 -0.332093476 -0.256224838 0 0 0
B@CP 1982 -0.00692066413 -0.336867285 -0.254689474 0 0 0
B@CP 1984 -0.0676388151 -0.0726036159 -0.0345719202 0 0 0
B@CP 1985 0.295533222 -0.130989174 0.0321414524 0 0 0
B@CP 1989 -0.225203869 0.302832886 -0.100328247 0 0 0
B@CP 1993 0.219192912 -0.416408535 0.0506460366 0 0 0
B@CP 1999 0.0701372554 -0.202099238 0.341601318 0 0 0
B@CP 2001 0.0681846172 -0.00722103775 -0.229906094 0 0 0
B@CP 2003 -0.184705068 -0.418434095 0.0447651572 0 0 0
B@CP 2004 -0.142983845 0.183920562 0.201403823 0 0 0
B@CP 2005 0.267502099 0.0902975165 0.372660904 0 0 0
B@CP 2007 -0.227813513 -0.208119118 0.358694429 0 0 0
B@CP 2010 0.269063973 0.162277237 0.150551602 0 0 0
B@CP 2013 0.0993839223 0.0598456795 -0.262762289 0 0 0
B@CP 2020 0.0784191557 -0.0109324198 0.236932487 0 0 0
B@CP 2022 0.108234763 -0.388877004 0.00181945407 0 0 0
B@CP 2028 -0.411546213 0.0166228389 0.182689171 0 0 0
B@CP 2035 0.0479362473 -0.0150041587 0.00782136655 0 0 0
B@CP 2038 0.0496891948 -0.1066432 -0.332740375 0 0 0
B@CP 2039 0.32613512 0.0547813758 0.190313895 0 0 0
B@CP 2041 -0.19887842 -0.26188855 -0.0116549652 0 0 0
B@CP 2043 0.0518777548 0.0714171477 -0.14766961 0 0 0
B@CP 2046 -0.211693174 -0.0289028221 -0.0438578811 0 0 0
B@CP 2047 0.0669599517 -0.022630956 -0.313812359 0 0 0
B@CP 2057 0.390131925 -0.146107944 -0.13883645 0 0 0
B@CP 2061 -0.119294418 0.135796593 -0.310219599 0 0 0
B@CP 2064 0.414188587 0.157263257 -0.0146784304 0 0 0
B@CP 2066 -0.377302565 0.134514962 -0.0419233281 0 0 0
B@CP 2068 -0.0158731719 0.178771443 0.201965653 0 0 0
B@CP 2070 0.0939489549 0.365616609 -0.283936598 0 0 0
B@CP 2071 0.145775952 0.115119279 0.343941563 0 0 0
B@CP 2073 0.154325654 -0.0778364303 -0.434828011 0 0 0
B@CP 2077 -0.0371273324 -0.0954225054 0.0893215253 0 0 0
B@CP 2078 -0.015583008 0.291358317 0.0341367238 0 0 0
B@CP 2079 -0.169943595 -0.138955018 -0.133035988 0 0 0
B@CP 2089 -0.119531231 0.0321506269 0.120292643 0 0 0
B@CP 2090 0.244458684 0.176699301 0.368222064 0 0 0
B@CP 2093 -0.0669780512 -0.0201976344 0.188479235 0 0 0
B@CP 2094 0.182077023 0.175173992 -0.0478992071 0 0 0
B@CP 2098 0.0755145679 -0.468690358 -0.0140113469 0 0 0
B@CP 2102 -0.147732633 0.368105812 0.204731446 0 0 0
B@CP 2105 -0.11214643 0.189263482 -0.329143412 0 0 0
B@CP 2107 -0.0840807881 0.370953054 -0.0563869231 0 0 0
B@CP 2112 -0.0263434321 0.264669341 0.191211452 0 0 0
B@CP 2114 0.134176246 -0.115830204 0.160428365 0 0 0
B@CP 2118 0.305867257 -0.0648719427 -0.240103323 0 0 0
B@CP 2122 0.257978422 -0.0934616915 -0.154910068 0 0 0
B@CP 2126 -0.242032626 -0.143925336 0.27319281 0 0 0
B@CP 2134 0.0361929781 -0.0585129675 0.452188111 0 0 0
B@CP 2135 0.283117276 -0.314645239 -0.199649574 0 0 0
B@CP 2140 -0.395628836 -0.0907217556 -0.170002726 0 0 0
B@CP 2143 -0.292698578 0.0906027884 -0.258483852 0 0 0
B@CP 2151 0.137101469 -0.275659084 0.0017544996 0 0 0
B@CP 2152 0.00497102316 -0.195332087 -0.050006712 0 0 0
B@CP 2156 0.388871789 0.0307543251 -0.0255396469 0 0 0
B@CP 2158 -0.390270915 0.107857889 0.217344396 0 0 0
B@CP 2161 -0.262753771 -0.306936393 0.178602264 0 0 0
B@CP 2163 0.321220925 -0.0248642118 -0.0252839813 0 0 0
B@CP 2166 -0.226098857 -0.268174216 -0.0846063809 0 0 0
B@CP 2170 0.00145119712 0.103157821 0.463917229 0 0 0
B@CP 2174 0.272293775 0.306021967 0.0230399306 0 0 0
B@CP 2179 -0.162441162 -0.20018887 -0.0501276311 0 0 0
B@CP 2189 -0.183796362 0.240270583 0.0639667677 0 0 0
B@CP 2190 -0.169628222 -0.0712094315 0.0148525866 0 0 0
B@CP 2191 0.0541792817 0.216862829 -0.336929503 0 0 0
B@CP 2193 -0.0721454871 0.198972991 0.373351763 0 0 0
B@CP 2194 -0.0835161821 -0.249452331 -0.258369108 0 0 0
B@CP 2198 -0.11393828 -0.0304063457 0.222178965 0 0 0
B@CP 2199 -0.00475969565 0.208551287 0.397978862 0 0 0
B@CP 2206 -0.0803464903 -0.16392788 0.182051729 0 0 0
B@CP 2208 -0.437741885 0.101041426 0.106017128 0 0 0
B@CP 2211 -0.250887881 0.148338589 -0.180588753 0 0 0
B@CP 2213 -0.399411895 -0.172564688 0.0841743304 0 0 0
B@CP 2218 0.327712724 0.217170565 0.0152065362 0 0 0
B@CP 2220 -0.000628829657 0.226708998 0.0181537504 0 0 0
B@CP 2221 0.0676839135 0.329247663 0.124299205 0 0 0
B@CP 2224 -0.0962685477 -0.124215482 -0.0513891511 0 0 0
B@CP 2225 0.152135434 0.0320362486 0.327881969 0 0 0
B@CP 2227 -0.0947804264 0.140299561 -0.346686737 0 0 0
B@CP 2231 -0.258557602 -0.268606766 -0.203495284 0 0 0
B@CP 2234 0.108688843 -0.382330781 -0.162064603 0 0 0
B@CP 2236 0.100119016 0.385311405 -0.251799601 0 0 0
B@CP 2242 -0.281312699 0.207471688 -0.164916432 0 0 0
B@CP 2244 -0.00586782553 0.135031033 0.44556299 0 0 0
B@CP 2251 0.452592384 0.0465223979 0.0241452046 0 0 0
B@CP 2257 0.0148692353 0.318177849 -0.2677256 0 0 0
B@CP 2258 -0.239801012 -0.134616498 0.22750547 0 0 0
B@CP 2262 0.0595709042 0.0566699377 -0.456977515 0 0 0
B@CP 2264 -0.242153554 0.14374944 0.327436722 0 0 0
B@CP 2265 -0.0194732891 -0.371243966 0.0239268687 0 0 0
B@CP 2273 -0.134651592 0.189442331 0.0311820673 0 0 0
B@CP 2274 0.0895823053 -0.159807597 -0.405362515 0 0 0
B@CP 2284 -0.114834562 0.124815654 0.113710407 0 0 0
B@CP 2286 -0.145697864 0.305476953 -0.00147167307 0 0 0
B@CP 2288 0.327295672 0.0226397963 -0.274639361 0 0 0
B@CP 2290 0.297144706 -0.172537732 0.255316218 0 0 0
B@CP 2291 0.114431011 -0.399552075 0.1728141 0 0 0
B@CP 2293 -0.46368346 0.0348373349 0.0441388973 0 0 0
B@CP 2295 0.00341287157 0.109775529 -0.236012369 0 0 0
B@CP 2297 -0.0316711627 0.256025569 -0.291929924 0 0 0
B@CP 2298 -0.363909791 -0.244302421 -0.105454309 0 0 0
B@CP 2299 0.0991832045 0.0674525964 -0.342496951 0 0 0
B@CP 2306 0.245495618 -0.196251777 0.0942078162 0 0 0
B@CP 2312 0.356081355 -0.178930263 -0.0988850032 0 0 0
B@CP 2313 -0.267280071 0.196760643 0.236918611 0 0 0
B@CP 2317 0.150684632 -0.304754511 -0.0801458804 0 0 0
B@CP 2318 -0.26765695 0.294938831 0.142866433 0 0 0
B@CP 2322 0.271457212 0.140345129 -0.327883502 0 0 0
B@CP 2324 0.159400842 0.0632524976 -0.0787071097 0 0 0
B@CP 2327 0.198369394 0.304378073 -0.241900297 0 0 0
B@CP 2330 -0.382910648 0.00953446564 -0.266652896 0 0 0
B@CP 2334 0.22478184 0.101490499 -0.271658247 0 0 0
B@CP 2335 0.234282036 -0.223689905 -0.340768728 0 0 0
B@CP 2340 -0.133919958 -0.00767912363 0.208837309 0 0 0
B@CP 2345 0.019766492 0.0237744616 -0.420199951 0 0 0
B@CP 2350 0.317186226 -0.0733766917 0.044108143 0 0 0
B@CP 2354 -0.145021873 0.159946464 0.242188205 0 0 0
B@CP 2358 0.0366607287 0.307030962 0.145248633 0 0 0
B@CP 2359 -0.0611977133 -0.379497318 0.0181592075 0 0 0
B@CP 2361 -0.207022304 0.00834752589 -0.373827966 0 0 0
B@CP 2363 -0.0342904811 -0.335765241 -0.286123695 0 0 0
B@CP 2364 -0.0274965496 0.210621322 -0.27191467 0 0 0
B@CP 2365 0.193275871 0.0781668347 -0.399950677 0 0 0
B@CP 2366 0.0707961637 -0.282073131 0.346896688 0 0 0
B@CP 2367 0.184488418 -0.259138074 0.0356146244 0 0 0
B@CP 2370 -0.298028939 -0.012444526 -0.0882570554 0 0 0
B@CP 2371 0.0075921281 -0.116201322 -0.0535895576 0 0 0
B@CP 2376 -0.0077646056 -0.394258051 -0.0610059576 0 0 0
B@CP 2383 -0.0625704956 0.109377245 0.31745515 0 0 0
B@CP 2384 0.0517468309 -0.239356641 0.180669003 0 0 0
B@CP 2387 0.246762096 -0.282175588 0.169621819 0 0 0
B@CP 2388 0.128875787 -0.194020097 -0.171067695 0 0 0
B@CP 2389 0.318352265 -0.124865528 -0.136020372 0 0 0
B@CP 2390 0.345380178 0.0802429662 -0.295705374 0 0 0
B@CP 2397 0.0935045644 0.0556032922 -0.221218782 0 0 0
B@CP 2398 0.0388392958 0.0827569585 -0.248975859 0 0 0
B@CP 2402 0.0597093882 -0.133165876 0.0931787029 0 0 0
B@CP 2405 -0.000869693348 0.260592266 0.158510932 0 0 0
B@CP 2409 0.09751063 -0.191313622 -0.159102191 0 0 0
B@CP 2410 -0.291928279 -0.0262563024 -0.138266924 0 0 0
B@CP 2414 -0.0449309813 0.206238112 0.133478801 0 0 0
B@CP 2415 0.369780272 0.0463795655 0.216807121 0 0 0
B@CP 2417 0.0373248565 -0.0968946006 0.109740774 0 0 0
B@CP 2418 0.0523443577 0.433270835 -0.00315635774 0 0 0
B@CP 2419 -0.435122626 0.0818912529 -0.0581710159 0 0 0
B@CP 2422 0.288051878 0.0529247771 -0.26805004 0 0 0
B@CP 2425 -0.276134338 0.20888081 0.0641477652 0 0 0
B@CP 2427 -0.19437471 0.116119481 0.394153576 0 0 0
B@CP 2428 -0.309282023 0.125601415 0.207796355 0 0 0
B@CP 2429 -0.0404262665 0.0860834387 0.37036056 0 0 0
B@CP 2430 -0.0633033219 -0.132836566 0.273619375 0 0 0
B@CP 2432 -0.164017265 -0.126100387 -0.227341197 0 0 0
B@CP 2438 -0.130674713 0.29195438 0.209638663 0 0 0
B@CP 2439 0.324541059 -0.0782751341 0.279979477 0 0 0
B@CP 2441 0.151306632 0.280503855 0.259138521 0 0 0
B@CP 2450 0.049359268 0.395905202 -0.161877478 0 0 0
B@CP 2456 -0.176075056 0.0851978331 -0.25166291 0 0 0
B@CP 2460 0.226579187 0.0214259829 -0.194445947 0 0 0
B@CP 2461 -0.430845931 -0.018207637 0.104117162 0 0 0
B@CP 2462 -0.185909186 0.25009455 -0.25991856 0 0 0
B@CP 2464 -0.206547216 -0.27777207 0.135551244 0 0 0
B@CP 2465 -0.0261461052 -0.137887289 0.0455828985 0 0 0
B@CP 2467 0.355992382 0.260438002 0.139929528 0 0 0
B@CP 2475 -0.113975967 0.376986205 -0.0810833144 0 0 0
B@CP 2479 -0.175420781 -0.0194436526 0.346312124 0 0 0
B@CP 2482 0.294530975 -0.36706512 0.000670600741 0 0 0
B@CP 2491 0.0401452502 0.350673405 -0.0749160883 0 0 0
B@CP 2492 0.174917747 0.188170827 0.0925882979 0 0 0
B@CP 2494 -0.0414070776 -0.00641150575 -0.162195365 0 0 0
B@CP 2496 -0.192881713 0.0402320884 0.0172194718 0 0 0
B@CP 2498 -0.113936949 -0.235116201 0.324474758 0 0 0
C@CP 2500 -0.0765992743 -0.324877983 0.00311342607 0 0 0
C@CP 2501 0.0929067735 0.0343223711 0.0667213499 0 0 0
C@CP 2502 -0.000874792521 -0.024359959 0.144139823 0 0 0
C@CP 2503 -0.330769722 0.0298898829 -0.0217083911 0 0 0
C@CP 2504 0.225158157 0.315366431 -0.0847610264 0 0 0
C@CP 2505 -0.350020374 0.0573445056 -0.175437639 0 0 0
C@CP 2506 0.0525773208 -0.046351721 0.450493411 0 0 0
C@CP 2507 -0.466191541 -0.00653104597 -0.0804415546 0 0 0
C@CP 2508 0.0849293428 -0.0778034806 -0.0422967498 0 0 0
C@CP 2509 0.107929137 -0.283392633 -0.347931843 0 0 0
C@CP 2510 -0.211390786 -0.105571573 0.233522581 0 0 0
C@CP 2511 0.110121833 -0.138792996 -0.0833162958 0 0 0
C@CP 2512 -0.163176381 -0.248750726 0.216083517 0 0 0
C@CP 2513 0.481457429 -0.0022767838 -0.0238409692 0 0 0
C@CP 2514 -0.247028971 -0.33051832 0.0841786857 0 0 0
C@CP 2515 0.342635087 0.288527505 0.106421932 0 0 0
C@CP 2516 -0.148886173 -0.401024746 -0.00804742258 0 0 0
C@CP 2517 -0.0198166408 0.0728697345 0.0725893623 0 0 0
C@CP 2518 0.0497296438 -0.100026935 0.282852621 0 0 0
C@CP 2519 -0.188829193 -0.145594369 0.166721261 0 0 0
C@CP 2520 0.247704175 -0.14469282 -0.264106503 0 0 0
C@CP 2521 0.141349406 -0.0588039563 -0.229908762 0 0 0
C@CP 2522 0.0305519317 0.171833588 0.178775869 0 0 0
C@CP 2523 -0.458464155 0.0272174331 0.0820383658 0 0 0
C@CP 2524 0.182888956 0.0861589759 0.356571974 0 0 0
C@CP 2525 -0.188889735 -0.180003099 0.225699047 0 0 0
C@CP 2526 -0.142832196 -0.0348731781 -0.0580551243 0 0 0
C@CP 2527 -0.263327148 -0.34329438 -0.153786553 0 0 0
C@CP 2528 -0.172361528 0.0388886525 0.179792529 0 0 0
C@CP 2529 -0.416003123 -0.105465778 -0.0881281629 0 0 0
C@CP 2530 0.330305851 0.114186292 -0.0964253246 0 0 0
C@CP 2531 -0.0604029089 -0.00873397235 0.270639229 0 0 0
C@CP 2532 0.117674927 -0.0664634098 0.154598031 0 0 0
C@CP 2533 0.0960216222 0.143169354 -0.265446135 0 0 0
C@CP 2534 0.206686789 -0.132164694 0.392114312 0 0 0
C@CP 2535 -0.19602534 -0.0663948437 0.139587672 0 0 0
C@CP 2536 0.0643116648 0.11655296 -0.245007115 0 0 0
C@CP 2537 0.198817267 0.236476089 -0.217034888 0 0 0
C@CP 2538 0.189863661 0.0731605878 -0.350573817 0 0 0
C@CP 2539 -0.278500075 0.131320965 -0.0723514235 0 0 0
C@CP 2540 0.135974586 -0.244054798 0.0733644069 0 0 0
C@CP 2541 0.342238766 -0.194404244 -0.232801504 0 0 0
C@CP 2542 -0.220512927 0.150560323 0.321284301 0 0 0
C@CP 2543 -0.0216434933 -0.0229318909 -0.4268312 0 0 0
C@CP 2544 0.141158948 -0.388957169 0.133963813 0 0 0
C@CP 2545 -0.159849008 -0.308391386 0.102232564 0 0 0
C@CP 2546 0.121768413 -0.00174333927 0.217687078 0 0 0
C@CP 2547 0.151841043 0.139610254 -0.0936104947 0 0 0
C@CP 2548 -0.138236604 -0.00510226734 -0.251369773 0 0 0
C@CP 2549 -0.146803785 0.334638837 -0.179364656 0 0 0
C@CP 2550 0.054168207 -0.0774250066 -0.208854578 0 0 0
C@CP 2551 -0.324134717 0.263595419 -0.100599077 0 0 0
C@CP 2552 -0.36614673 -0.0690436555 -0.220191804 0 0 0
C@CP 2553 0.226614765 -0.308660982 0.103260849 0 0 0
C@CP 2554 -0.184842737 -0.39366825 0.0713866976 0 0 0
C@CP 2555 0.120366687 0.0520332998 -0.115877922 0 0 0
C@CP 2556 0.243415149 -0.0765325324 -0.157945691 0 0 0
C@CP 2557 -0.191986479 -0.371301831 -0.0339211737 0 0 0
C@CP 2558 -0.112937328 0.0492616275 0.136803464 0 0 0
C@CP 2559 0.0344378887 0.414463171 -0.146886662 0 0 0
C@CP 2560 -0.0722778653 0.314100799 -0.277897026 0 0 0
C@CP 2561 0.159706285 0.280835456 -0.103132028 0 0 0
C@CP 2562 -0.19193379 0.165480909 0.0963121908 0 0 0
C@CP 2563 -0.368660685 0.0683034845 -0.134300816 0 0 0
C@CP 2564 -0.340624357 -0.20357875 0.0715977756 0 0 0
C@CP 2565 0.103640398 0.166455306 -0.214307506 0 0 0
C@CP 2566 0.114971986 0.38928402 -0.0248071712 0 0 0
C@CP 2567 0.0683484798 -0.0356571153 -0.22882023 0 0 0
C@CP 2568 -0.364982303 -0.0028999567 -0.0905654842 0 0 0
C@CP 2569 0.135119389 0.357068834 -0.0348887078 0 0 0
C@CP 2570 0.126591068 -0.123369252 -0.243251716 0 0 0
C@CP 2571 0.132343603 0.201741866 -0.379154865 0 0 0
C@CP 2572 -0.145432606 -0.367015335 0.219798044 0 0 0
C@CP 2573 0.329505435 -0.198342775 -0.0944564273 0 0 0
C@CP 2574 0.236041903 0.0159702249 -0.392644815 0 0 0
C@CP 2575 0.0386593356 -0.137970585 0.366773422 0 0 0
C@CP 2576 -0.150691542 -0.337381199 0.208309994 0 0 0
C@CP 2577 -0.0158561149 -0.277225404 0.14423644 0 0 0
C@CP 2578 0.206364276 0.122791459 -0.40615432 0 0 0
C@CP 2579 0.230520494 -0.207409874 0.306639549 0 0 0
C@CP 2580 -0.437906024 0.0240233723 -0.177507923 0 0 0
C@CP 2581 0.191499759 0.186005219 -0.172237796 0 0 0
C@CP 2582 0.106048413 -0.0636345034 0.368366331 0 0 0
C@CP 2583 -0.195856915 -0.231658236 0.330061501 0 0 0
C@CP 2584 0.168827463 0.131528971 0.392193102 0 0 0
C@CP 2585 0.360970983 -0.024421069 -0.0118555268 0 0 0
C@CP 2586 -0.331913587 0.105346661 -0.135434889 0 0 0
C@CP 2587 -0.225579334 -0.250062527 -0.106105665 0 0 0
C@CP 2588 0.446012977 -0.0189478676 -0.0220697057 0 0 0
C@CP 2589 -0.23792139 0.334325775 -0.0684160324 0 0 0
C@CP 2590 -0.299510246 -0.246827199 0.0990695974 0 0 0
C@CP 2591 0.251263952 0.225662025 -0.298963301 0 0 0
C@CP 2592 -0.160193407 -0.32686969 0.0649993978 0 0 0
C@CP 2593 0.055237419 0.232401156 0.117776916 0 0 0
C@CP 2594 -0.153634827 -0.180429367 0.0198842166 0 0 0
C@CP 2595 -0.242422745 0.135463541 0.0875897076 0 0 0
C@CP 2596 -0.0142882384 0.270563508 -0.0874996345 0 0 0
C@CP 2597 -0.373441909 0.142964374 -0.061211214 0 0 0
C@CP 2598 0.260832812 -0.107836792 -0.245452284 0 0 0
C@CP 2599 -0.194834254 -0.343371894 0.254961306 0 0 0
C@CP 2600 -0.187106951 -0.330664608 -0.00291336526 0 0 0
C@CP 2601 -0.31769233 0.145599205 0.217025801 0 0 0
C@CP 2602 -0.00799002455 -0.248596453 0.306061269 0 0 0
C@CP 2603 -0.277186226 0.245957419 -0.122151035 0 0 0
C@CP 2604 0.00213406019 0.210279128 -0.205966544 0 0 0
C@CP 2605 0.251127995 0.288472792 0.131151167 0 0 0
C@CP 2606 0.209624064 0.14646406 0.292490836 0 0 0
C@CP 2607 -0.0492876173 -0.40677137 0.146251521 0 0 0
C@CP 2608 -0.224515839 -0.296000589 0.228357531 0 0 0
C@CP 2609 -0.202251781 -0.42702326 -0.00404287133 0 0 0
C@CP 2610 0.102694159 -0.198824982 -0.335012287 0 0 0
C@CP 2611 -0.128854415 0.269710269 0.29003999 0 0 0
C@CP 2612 -0.0416487903 -0.107376124 0.296854189 0 0 0
C@CP 2613 0.0821158029 -0.258035535 -0.0112897579 0 0 0
C@CP 2614 -0.0930721389 -0.110821417 0.233291364 0 0 0
C@CP 2615 0.240073575 0.0230709605 0.0402312373 0 0 0
C@CP 2616 0.210594905 0.174774297 -0.371151265 0 0 0
C@CP 2617 -0.016105415 0.234806869 0.237919195 0 0 0
C@CP 2618 0.0939624661 0.370163292 -0.106151017 0 0 0
C@CP 2619 -0.108525468 -0.25035415 -0.154108357 0 0 0
C@CP 2620 0.0706200765 -0.419832527 0.0670021617 0 0 0
C@CP 2621 0.0673387292 -0.0571943398 -0.157074337 0 0 0
C@CP 2622 0.134779432 0.208125928 -0.13002811 0 0 0
C@CP 2623 -0.264883947 -0.286886885 0.0175235599 0 0 0
C@CP 2624 0.0794075649 -0.211067622 -0.0668817235 0 0 0
C@CP 2625 0.216742888 0.3500749 0.0520208134 0 0 0
C@CP 2626 0.0555038569 -0.126133577 0.415628748 0 0 0
C@CP 2627 0.025387835 0.347329369 0.10986799 0 0 0
C@CP 2628 0.16824925 -0.236807608 0.364046938 0 0 0
C@CP 2629 0.0272289845 0.239737738 0.29346501 0 0 0
C@CP 2630 -0.0999253394 -0.348735333 0.0216598054 0 0 0
C@CP 2631 -0.0738465317 0.249720409 0.0206383903 0 0 0
C@CP 2632 -0.0325970016 0.141909617 0.317675048 0 0 0
C@CP 2633 -0.30463153 -0.170168004 0.0325927209 0 0 0
C@CP 2634 -0.0630595395 -0.311062403 -0.0424216418 0 0 0
C@CP 2635 0.0163678189 -0.407390254 0.166478187 0 0 0
C@CP 2636 0.0622701762 0.380294131 0.260759373 0 0 0
C@CP 2637 -0.0647457884 0.0849325364 0.309887858 0 0 0
C@CP 2638 0.124494506 -0.0102335671 0.32086078 0 0 0
C@CP 2639 -0.057713335 -0.150109736 -0.0509920083 0 0 0
C@CP 2640 0.136400795 0.397759034 0.0256743175 0 0 0
C@CP 2641 0.0487625616 -0.295009022 0.116571649 0 0 0
C@CP 2642 -0.141236179 0.368150767 -0.0946503653 0 0 0
C@CP 2643 -0.0371914936 0.311859058 0.295208696 0 0 0
C@CP 2644 0.142947465 -0.0465488132 0.359494005 0 0 0
C@CP 2645 0.38925397 0.202168717 -0.133074952 0 0 0
C@CP 2646 -0.431605494 -0.014431511 0.0661382617 0 0 0
C@CP 2647 0.187180759 -0.0323928186 -0.408396044 0 0 0
C@CP 2648 -0.189357596 -0.306275878 -0.0764413775 0 0 0
C@CP 2649 -0.13910738 0.259026713 -0.2478738 0 0 0
C@CP 2650 -0.265571771 0.245258978 -0.028676632 0 0 0
C@CP 2651 0.0126083614 0.220373224 -0.162295871 0 0 0
C@CP 2652 -0.136122036 -0.220457302 -0.26345298 0 0 0
C@CP 2653 -0.127736226 0.0279558616 0.321878061 0 0 0
C@CP 2654 -0.295196675 -0.134510069 -0.122977565 0 0 0
C@CP 2655 -0.305607016 -0.260759261 -0.187698204 0 0 0
C@CP 2656 -0.375054117 0.00195328108 0.225989486 0 0 0
C@CP 2657 0.294576717 -0.0979915142 0.19312068 0 0 0
C@CP 2658 0.308280896 0.0270456885 -0.244361952 0 0 0
C@CP 2659 0.108299632 -0.1411341 -0.340620074 0 0 0
C@CP 2660 -0.359947924 -0.0345706316 0.0474845415 0 0 0
C@CP 2661 -0.176418433 -0.411148304 0.0521665371 0 0 0
C@CP 2662 0.333032869 -0.115865858 -0.262510462 0 0 0
C@CP 2663 0.143741328 -0.140181287 0.267699014 0 0 0
C@CP 2664 0.237696766 0.361987111 0.159404301 0 0 0
C@CP 2665 -0.290992542 0.0750765928 0.316250078 0 0 0
C@CP 2666 0.317025178 0.0476246153 -0.277363522 0 0 0
C@CP 2667 0.0901922572 0.0540828702 0.11359317 0 0 0
C@CP 2668 -0.0670034061 -0.187963853 0.168651122 0 0 0
C@CP 2669 0.12653738 -0.360830077 0.231381912 0 0 0
C@CP 2670 0.0744320048 -0.305305808 -0.321606232 0 0 0
C@CP 2671 -0.323085833 -0.139289389 0.28609536 0 0 0
C@CP 2672 -0.0233355201 0.349686286 0.304173628 0 0 0
C@CP 2673 0.117359084 0.14869105 0.0882168697 0 0 0
C@CP 2674 -0.136209682 -0.010589163 -0.0415949253 0 0 0
C@CP 2675 -0.0170461287 0.306543397 -0.314378353 0 0 0
C@CP 2676 -0.149567417 0.252351196 -0.106136798 0 0 0
C@CP 2677 0.184928824 -0.193217773 0.134068922 0 0 0
C@CP 2678 0.338206927 0.0254367755 0.169126994 0 0 0
C@CP 2679 -0.322512203 0.073539675 0.177073795 0 0 0
C@CP 2680 0.160213936 0.0863340163 -0.207765387 0 0 0
C@CP 2681 0.0487714743 -0.237153887 -0.0253165037 0 0 0
C@CP 2682 -0.233392344 -0.103308147 -0.205763343 0 0 0
C@CP 2683 -0.0285283035 0.347815933 0.0479172744 0 0 0
C@CP 2684 -0.238635137 -0.234398488 -0.084167053 0 0 0
C@CP 2685 0.0958043915 -0.21317894 -0.352768357 0 0 0
C@CP 2686 -0.148536433 -0.00124918898 0.140630754 0 0 0
C@CP 2687 -0.00317482591 0.258499308 -0.328373447 0 0 0
C@CP 2688 0.156450562 -0.0434732727 0.256320431 0 0 0
C@CP 2689 0.324544505 -0.0721586611 0.290666341 0 0 0
C@CP 2690 -0.275103018 0.267569383 0.176612297 0 0 0
C@CP 2691 -0.306235926 0.181995236 -0.0661002485 0 0 0
C@CP 2692 -0.152041186 0.229593933 0.105736592 0 0 0
C@CP 2693 0.249710081 0.3401447 0.0652302204 0 0 0
C@CP 2694 0.433058434 0.148330033 -0.0777510572 0 0 0
C@CP 2695 0.140231972 -0.00995003428 -0.0322513529 0 0 0
C@CP 2696 0.137298676 0.0207649218 -0.223739687 0 0 0
C@CP 2697 -0.312538309 -0.106896791 0.16426016 0 0 0
C@CP 2698 0.0754158072 -0.176795699 -0.237170799 0 0 0
C@CP 2699 -0.266478126 -0.0503187919 -0.199826398 0 0 0
C@CP 2700 -0.119789499 0.192404392 -0.081564479 0 0 0
C@CP 2701 0.0702417934 0.0289063578 0.101388647 0 0 0
C@CP 2702 -0.107420318 -0.421658308 -0.0235214471 0 0 0
C@CP 2703 0.368829396 -0.271559709 -0.105865822 0 0 0
C@CP 2704 0.197829793 0.182872612 -0.244603453 0 0 0
C@CP 2705 0.228177371 0.35003669 -0.0489504253 0 0 0
C@CP 2706 0.197574443 0.289180209 -0.0323515652 0 0 0
C@CP 2707 0.312104568 -0.203340871 0.181990612 0 0 0
C@CP 2708 0.102921346 0.381782023 -0.0376914349 0 0 0
C@CP 2709 0.0268884551 -0.16586454 -0.283006683 0 0 0
C@CP 2710 0.221859141 -0.0590907427 0.290542171 0 0 0
C@CP 2711 0.176311558 -0.19650813 -0.0182677019 0 0 0
C@CP 2712 -0.2175353 -0.00963803063 0.204957897 0 0 0
C@CP 2713 0.377104497 -0.116135722 -0.0608297366 0 0 0
C@CP 2714 0.365197906 -0.0162984466 -0.261255192 0 0 0
C@CP 2715 -0.136898268 -0.0405275637 0.199392372 0 0 0
C@CP 2716 0.313326682 -0.235109864 0.00765856189 0 0 0
C@CP 2717 0.371704881 0.0165595746 -0.15340195 0 0 0
C@CP 2718 -0.153942876 -0.0620171808 0.276627544 0 0 0
C@CP 2719 -0.113303098 -0.0651962642 -0.0728214555 0 0 0
C@CP 2720 0.0801900238 0.437364891 -0.0948166423 0 0 0
C@CP 2721 -0.00421723074 0.19546386 0.350340152 0 0 0
C@CP 2722 -0.0714984126 -0.0455386401 0.193630197 0 0 0
C@CP 2723 0.117205488 -0.111481176 0.399342656 0 0 0
C@CP 2724 0.213225189 -0.0948736862 -0.0584401893 0 0 0
C@CP 2725 0.00292336766 -0.273809729 0.184073243 0 0 0
C@CP 2726 -0.0405109394 -0.354490736 0.239786424 0 0 0
C@CP 2727 -0.206775236 -0.0245591758 -0.0136132281 0 0 0
C@CP 2728 -0.0310808159 0.0690670417 0.280403228 0 0 0
C@CP 2729 0.264375169 -0.139471332 -0.223464071 0 0 0
C@CP 2730 0.165041031 -0.200336168 0.218351378 0 0 0
C@CP 2731 -0.0370522371 0.350652075 -0.20537866 0 0 0
C@CP 2732 -0.14508589 -0.114227742 -0.349002946 0 0 0
C@CP 2733 -0.192425605 0.165464834 -0.113868152 0 0 0
C@CP 2734 0.282561547 -0.215017668 -0.284628435 0 0 0
C@CP 2735 0.120302637 0.273511163 -0.310478216 0 0 0
C@CP 2736 0.341974631 -0.124727508 0.240071967 0 0 0
C@CP 2737 0.197837602 -0.298627559 -0.0488230508 0 0 0
C@CP 2738 -0.239595234 -0.123552882 0.0752326297 0 0 0
C@CP 2739 0.0813199867 -0.16953624 -0.0719310887 0 0 0
C@CP 2740 -0.220748276 0.0414739716 -0.183587851 0 0 0
C@CP 2741 -0.214537683 -0.106076368 0.233105954 0 0 0
C@CP 2742 -0.072933201 0.420630987 0.115431565 0 0 0
C@CP 2743 -0.37853392 -0.245060702 0.0943993791 0 0 0
C@CP 2744 -0.238803831 0.277387103 -0.054406906 0 0 0
C@CP 2745 -0.0254963768 0.400372493 -0.236591799 0 0 0
C@CP 2746 0.0458695039 0.216425644 -0.159451309 0 0 0
C@CP 2747 0.211930378 -0.217037276 -0.120549664 0 0 0
C@CP 2748 0.0900617032 -0.250304757 0.325922137 0 0 0
C@CP 2749 0.217665343 -0.175085718 0.26989395 0 0 0
C@CP 2750 0.0527508574 -0.290387859 -0.241852434 0 0 0
C@CP 2751 0.0189779881 0.0701602056 0.405232764 0 0 0
C@CP 2752 0.220612621 0.151065708 -0.0284041085 0 0 0
C@CP 2753 0.319204917 -0.193292031 0.123106878 0 0 0
C@CP 2754 0.237090956 0.141207184 -0.0354870965 0 0 0
C@CP 2755 0.0483901506 0.111155538 0.339785792 0 0 0
C@CP 2756 -0.201991306 -0.257292715 0.337026155 0 0 0
C@CP 2757 0.39375339 -0.0422489643 0.0391194578 0 0 0
C@CP 2758 -0.225724927 0.0435578383 -0.0458910778 0 0 0
C@CP 2759 -0.00856385599 -0.104828496 -0.435304772 0 0 0
C@CP 2760 -0.0235402423 0.269660407 0.280438336 0 0 0
C@CP 2761 0.0847542225 -0.229648309 -0.00260083002 0 0 0
C@CP 2762 0.072780143 -0.0217828516 0.136408853 0 0 0
C@CP 2763 0.0643964101 -0.338135598 0.285935034 0 0 0
C@CP 2764 0.237754466 0.14437648 -0.0707648973 0 0 0
C@CP 2765 -0.242340163 -0.314253848 0.0875238747 0 0 0
C@CP 2766 0.0057691241 -0.276755198 0.121378037 0 0 0
C@CP 2767 0.142481956 -0.300468432 -0.322460632 0 0 0
C@CP 2768 0.281630753 -0.0425431982 0.0348849707 0 0 0
C@CP 2769 -0.290051323 0.2061455 0.165542925 0 0 0
C@CP 2770 -0.154235223 0.203250023 -0.295301153 0 0 0
C@CP 2771 -0.281635931 -0.0186423314 0.368623085 0 0 0
C@CP 2772 -0.284603945 0.247878768 0.264410391 0 0 0
C@CP 2773 0.0966780982 0.0461176233 -0.432405085 0 0 0
C@CP 2774 0.0947636571 -0.182021731 0.336763684 0 0 0
C@CP 2775 -0.0226236882 0.0630499761 0.404067971 0 0 0
C@CP 2776 0.158405423 0.23263634 -0.253279537 0 0 0
C@CP 2777 0.124588808 0.0267527277 0.24353935 0 0 0
C@CP 2778 -0.177612398 0.245717714 0.23785281 0 0 0
C@CP 2779 -0.194036838 -0.318436094 0.155584005 0 0 0
C@CP 2780 0.0901780186 -0.164174844 0.42275181 0 0 0
C@CP 2781 0.231172486 0.149007416 0.135323566 0 0 0
C@CP 2782 -0.409164714 -0.213078438 -0.00934926609 0 0 0
C@CP 2783 0.300372858 -0.0613572316 -0.279123967 0 0 0
C@CP 2784 0.0576500352 0.412880538 0.0243169845 0 0 0
C@CP 2785 0.198239505 0.252938403 -0.0676865804 0 0 0
C@CP 2786 0.295967132 0.0892665804 0.290042369 0 0 0
C@CP 2788 -0.244098855 0.287669629 0.0487800544 0 0 0
C@CP 2789 0.0295587487 0.0212915025 0.244751239 0 0 0
C@CP 2790 0.380128133 0.117463663 -0.0433242265 0 0 0
C@CP 2791 0.363094292 -0.0445087117 0.184191827 0 0 0
C@CP 2792 -0.13623248 -0.107277374 -0.00531010922 0 0 0
C@CP 2793 -0.134673796 0.427413108 0.0597302669 0 0 0
C@CP 2794 -0.259312262 -0.0402773709 -0.172345005 0 0 0
C@CP 2795 -0.0901590593 0.220320868 -0.147037313 0 0 0
C@CP 2796 0.412228053 0.116543441 -0.0944966001 0 0 0
C@CP 2797 -0.23323968 -0.23916005 -0.00484514817 0 0 0
C@CP 2798 -0.336687214 0.187093506 -0.107900657 0 0 0
C@CP 2799 -0.0067615543 -0.202418107 0.0184191223 0 0 0
C@CP 2800 0.0699196206 0.0259670204 -0.317097516 0 0 0
C@CP 2801 -0.284214546 -0.244233019 -0.0458290296 0 0 0
C@CP 2802 0.110076388 0.435474779 0.106829347 0 0 0
C@CP 2803 -0.284836976 0.3626384 -0.00806321939 0 0 0
C@CP 2804 -0.325086209 0.0293816584 0.0543468618 0 0 0
C@CP 2805 0.0789682919 -0.281598052 0.356821298 0 0 0
C@CP 2806 -0.13432886 -0.217356597 -0.353454873 0 0 0
C@CP 2807 0.330982962 0.00675716871 -0.220075859 0 0 0
C@CP 2808 0.112418572 0.207261965 0.274663516 0 0 0
C@CP 2809 -0.351177793 0.0745412866 -0.00962036662 0 0 0
C@CP 2810 0.0425441065 0.35218585 -0.303328111 0 0 0
C@CP 2811 -0.0997793773 0.176521539 -0.225076354 0 0 0
C@CP 2812 -0.311999403 -0.270842822 -0.132373554 0 0 0
C@CP 2813 0.150214726 0.409222221 -0.038160549 0 0 0
C@CP 2814 -0.374073623 -0.024388444 0.281310504 0 0 0
C@CP 2815 -0.365131416 0.239229721 -0.166994452 0 0 0
C@CP 2816 -0.0450368184 -0.242562606 0.275323775 0 0 0
C@CP 2817 -0.183208709 0.282616285 0.0392030473 0 0 0
C@CP 2818 0.223250683 0.354378465 -0.209339912 0 0 0
C@CP 2819 0.241847305 -0.0983369554 0.0321205743 0 0 0
C@CP 2820 0.135476691 -0.247443389 0.204464471 0 0 0
C@CP 2821 0.324452237 0.223896846 0.116073337 0 0 0
C@CP 2822 -0.242671176 -0.262078893 0.0860446536 0 0 0
C@CP 2823 0.164324025 -0.120584002 -0.320038879 0 0 0
C@CP 2824 -0.058906537 -0.297449757 0.278837319 0 0 0
C@CP 2825 -0.0179664073 -0.334708626 0.197237454 0 0 0
C@CP 2826 0.094143997 0.177246285 0.139847356 0 0 0
C@CP 2827 0.225937483 -0.105969738 -0.0161490971 0 0 0
C@CP 2828 -0.0635308501 -0.166009785 0.279913566 0 0 0
C@CP 2829 0.0640078502 0.112258718 0.140065936 0 0 0
C@CP 2830 0.173282589 0.260298863 -0.294326106 0 0 0
C@CP 2831 0.0742884702 0.19994075 0.298660791 0 0 0
C@CP 2832 0.16409108 0.00725492584 0.409810108 0 0 0
C@CP 2833 0.365494705 -0.102311705 0.0627536369 0 0 0
C@CP 2834 -0.293849516 0.097878566 -0.0651043498 0 0 0
C@CP 2835 -0.167257331 0.0227923259 0.0828145737 0 0 0
C@CP 2836 0.0989501356 0.0162855227 -0.100131716 0 0 0
C@CP 2837 0.192964847 0.0450042673 0.163545995 0 0 0
C@CP 2838 0.00484773737 -0.173311209 -0.387892276 0 0 0
C@CP 2839 0.406177737 0.0421538091 0.183333237 0 0 0
C@CP 2840 -0.300296089 0.00323661042 0.304940986 0 0 0
C@CP 2841 -0.18210036 -0.0528803305 -0.151944092 0 0 0
C@CP 2842 0.357378063 -0.187052792 0.0691028857 0 0 0
C@CP 2843 0.0736316945 -0.174502963 0.0831290164 0 0 0
C@CP 2844 -0.139133862 -0.275521127 -0.16451087 0 0 0
C@CP 2845 -0.114338763 -0.238455293 -0.137171329 0 0 0
C@CP 2846 -0.277284782 0.137545302 -0.0598711265 0 0 0
C@CP 2847 -0.0517042429 0.234794494 0.207274268 0 0 0
C@CP 2848 0.115352332 -0.21849086 -0.00591546507 0 0 0
C@CP 2849 -0.00632196546 -0.0512232298 -0.446689214 0 0 0
C@CP 2850 -0.312251321 -0.0641630784 0.111052953 0 0 0
C@CP 2851 0.167190809 0.0744159982 0.186307743 0 0 0
C@CP 2852 -0.374917053 -0.0678789898 -0.257974285 0 0 0
C@CP 2853 -0.058370109 -0.120013836 -0.426335033 0 0 0
C@CP 2854 0.100030988 -0.196224516 0.00266732421 0 0 0
C@CP 2855 -0.392317144 -0.138289919 0.0934057084 0 0 0
C@CP 2856 -0.210063176 0.186629505 0.295579523 0 0 0
C@CP 2857 0.0980793891 0.138660487 0.0186228432 0 0 0
C@CP 2858 0.0987485012 0.110588601 0.36940974 0 0 0
C@CP 2859 -0.347333822 0.223491292 -0.15343101 0 0 0
C@CP 2860 -0.0623011579 0.384652048 0.0533305527 0 0 0
C@CP 2861 0.115782048 -0.0634505035 -0.0780434561 0 0 0
C@CP 2862 -0.145645141 0.0762029953 -0.408176595 0 0 0
C@CP 2863 0.16805549 -0.154847552 -0.183452157 0 0 0
C@CP 2864 0.228525516 0.310111193 0.217221795 0 0 0
C@CP 2865 0.0599459547 -0.405855611 -0.00121412673 0 0 0
C@CP 2866 0.307611182 -0.251288361 0.145932755 0 0 0
C@CP 2867 -0.263603899 -0.139360403 0.0517658374 0 0 0
C@CP 2868 0.232559149 0.185454375 -0.344504403 0 0 0
C@CP 2869 0.119616383 -0.190107295 0.0528717277 0 0 0
C@CP 2870 -0.0887331429 -0.136671825 0.240994768 0 0 0
C@CP 2871 0.225199155 -0.148947235 0.243144908 0 0 0
C@CP 2872 0.0251064843 0.261960201 0.271749708 0 0 0
C@CP 2873 0.208847584 0.330499282 -0.222768299 0 0 0
C@CP 2874 0.218766799 0.139575281 0.307885075 0 0 0
C@CP 2875 -0.351583969 -0.218194711 0.0578601742 0 0 0
C@CP 2876 0.0588150507 -0.268676847 0.0140434464 0 0 0
C@CP 2877 0.260778092 0.346383666 -0.00649330725 0 0 0
C@CP 2878 0.245450742 0.279140919 0.173786237 0 0 0
C@CP 2879 0.018031874 0.0705395483 -0.0615035466 0 0 0
C@CP 2880 -0.143285574 -0.415827724 0.0341917224 0 0 0
C@CP 2881 -0.0418848928 0.210077035 0.0377321423 0 0 0
C@CP 2882 0.33028074 0.0266041096 0.262462692 0 0 0
C@CP 2883 0.229477407 0.301463072 -0.109262224 0 0 0
C@CP 2884 0.297394658 -0.31411427 0.10775858 0 0 0
C@CP 2885 0.00421824457 0.246638708 -0.355083137 0 0 0
C@CP 2886 -0.273764233 0.178205033 0.0227407337 0 0 0
C@CP 2887 -0.0256478633 -0.210949578 -0.265680102 0 0 0
C@CP 2888 -0.145439177 0.254717183 -0.0906220858 0 0 0
C@CP 2889 0.384798519 0.0863198639 0.258611623 0 0 0
C@CP 2890 0.0862643525 -0.133665904 0.363729146 0 0 0
C@CP 2891 -0.194888066 0.113289356 -0.28483767 0 0 0
C@CP 2892 0.0737425072 -0.237520513 -0.0340929221 0 0 0
C@CP 2893 0.0884791048 -0.420440152 0.091145532 0 0 0
C@CP 2894 -0.332327177 0.116616747 -0.258525316 0 0 0
C@CP 2895 -0.0920827857 0.41086757 -0.0662977593 0 0 0
C@CP 2896 0.0937180311 -0.287379363 0.352280233 0 0 0
C@CP 2897 -0.178740028 -0.23512938 -0.296394984 0 0 0
C@CP 2898 -0.16062464 0.295416351 -0.293082004 0 0 0
C@CP 2899 0.383833537 0.0607674181 -0.205002052 0 0 0
C@CP 2900 -0.156218177 0.211713551 0.269791013 0 0 0
C@CP 2901 0.0435686786 0.0800452661 -0.359366289 0 0 0
C@CP 2902 0.375384634 0.176685188 0.0411113611 0 0 0
C@CP 2903 -0.222585115 0.343023435 -0.151701957 0 0 0
C@CP 2904 0.264281825 0.0157166551 -0.00233907326 0 0 0
C@CP 2905 0.136197158 0.0729819697 0.0412792689 0 0 0
C@CP 2906 -0.04915886 0.266804157 0.268729967 0 0 0
C@CP 2907 -0.11162857 -0.363889071 -0.087772725 0 0 0
C@CP 2908 -0.0145554043 0.0595595307 0.15832292 0 0 0
C@CP 2909 0.135575416 -0.114189041 -0.414597951 0 0 0
C@CP 2910 -0.0674669684 0.260387333 0.0254189594 0 0 0
C@CP 2911 -0.178425182 0.305384241 0.195649675 0 0 0
C@CP 2912 0.0160763912 0.295882313 0.125648531 0 0 0
C@CP 2913 0.173051651 0.214582224 0.357801184 0 0 0
C@CP 2914 -0.315339197 -0.349027808 -0.0388629118 0 0 0
C@CP 2915 0.406997556 -0.184253154 -0.171000557 0 0 0
C@CP 2916 -0.335923413 0.311963924 -0.0248694674 0 0 0
C@CP 2917 -0.177051643 0.0807256145 0.354871961 0 0 0
C@CP 2918 -0.266405302 -0.175050921 -0.324079803 0 0 0
C@CP 2919 0.0794607183 0.101743903 0.285486166 0 0 0
C@CP 2920 -0.257833841 -0.247628356 -0.0325726557 0 0 0
C@CP 2921 0.0995445487 0.325430382 0.0709190149 0 0 0
C@CP 2922 -0.354465269 -0.274939167 0.00978825559 0 0 0
C@CP 2923 0.266233052 -0.0565116038 0.019058898 0 0 0
C@CP 2924 -0.255888106 0.0172694334 0.194370559 0 0 0
C@CP 2925 0.0993885541 -0.367266433 -0.196032878 0 0 0
C@CP 2926 0.0286087611 0.0234672124 0.0536987077 0 0 0
C@CP 2927 -0.359417523 -0.0561486545 -0.209048526 0 0 0
C@CP 2928 0.133948318 -0.0972873017 -0.00370497253 0 0 0
C@CP 2929 -0.000635229831 0.417154621 0.183186154 0 0 0
C@CP 2930 0.17898495 -0.195377851 0.277396299 0 0 0
C@CP 2931 -0.0519810783 -0.332782775 -0.304319875 0 0 0
C@CP 2933 -0.170345066 0.150701705 -0.415719031 0 0 0
C@CP 2934 0.229201807 0.235382737 -0.0538606788 0 0 0
C@CP 2935 0.207493299 -0.0245049104 0.159732401 0 0 0
C@CP 2936 0.198947588 0.387051922 -0.150436528 0 0 0
C@CP 2937 0.0560729047 -0.203121717 0.0865562267 0 0 0
C@CP 2938 0.095315544 -0.280675077 0.245827684 0 0 0
C@CP 2939 -0.221659523 0.0672991727 -0.158798675 0 0 0
C@CP 2940 -0.291269282 0.131780903 0.049040509 0 0 0
C@CP 2941 0.368476737 0.243884903 -0.0365130037 0 0 0
C@CP 2942 0.0830073059 -0.107567879 0.00024943238 0 0 0
C@CP 2943 -0.256196691 0.282081184 0.231795859 0 0 0
C@CP 2944 -0.0770597344 0.150084164 0.360489707 0 0 0
C@CP 2945 -0.304334533 -0.148861137 -0.00390346652 0 0 0
C@CP 2946 -0.152074197 0.0543382003 0.310796376 0 0 0
C@CP 2947 0.343967378 0.0252289269 -0.155891797 0 0 0
C@CP 2948 -0.120095705 -0.111072583 0.328084605 0 0 0
C@CP 2949 0.0662824308 -0.143807828 -0.35934025 0 0 0
C@CP 2950 -0.107031538 0.0454309194 0.252510703 0 0 0
C@CP 2951 0.321447494 0.0440932796 0.013959987 0 0 0
C@CP 2952 -0.262970779 -0.317707114 0.179991373 0 0 0
C@CP 2953 -0.128504779 -0.175488816 0.36341182 0 0 0
C@CP 2954 -0.132305825 -0.310611573 0.167816873 0 0 0
C@CP 2955 -0.211563464 -0.0935640146 -0.0376459166 0 0 0
C@CP 2956 -0.0921676197 -0.0831082222 -0.0157388219 0 0 0
C@CP 2957 -0.074048063 -0.000778529691 -0.409311484 0 0 0
C@CP 2958 0.048599144 0.0615135347 -0.211562893 0 0 0
C@CP 2959 0.0514571829 -0.30593813 -0.0457150235 0 0 0
C@CP 2960 -0.341365081 -0.0564608079 -0.0624761788 0 0 0
C@CP 2961 0.190888449 0.290182489 -0.227976488 0 0 0
C@CP 2962 -0.332304569 0.0895091688 0.318853489 0 0 0
C@CP 2963 -0.218849315 -0.262598867 -0.188676739 0 0 0
C@CP 2964 0.104879469 0.246934679 0.0637803598 0 0 0
C@CP 2965 0.432121525 0.131749342 -0.103836729 0 0 0
C@CP 2966 0.325786031 -0.246716567 -0.0986680303 0 0 0
C@CP 2967 0.140946944 0.404539947 0.039832086 0 0 0
C@CP 2968 0.140245138 -0.0912093654 -0.245541209 0 0 0
C@CP 2969 -0.0314610698 0.166779227 9.35716011e-05 0 0 0
C@CP 2970 -0.404329708 0.0490956939 0.089569774 0 0 0
C@CP 2971 0.13168026 0.0832772564 0.193494218 0 0 0
C@CP 2972 -0.0364472711 0.224196384 -0.154598291 0 0 0
C@CP 2973 0.380660499 -0.0784434607 0.106669039 0 0 0
C@CP 2974 -0.173063486 0.240604502 0.0335656445 0 0 0
C@CP 2975 -0.125731576 -0.32366757 0.203876953 0 0 0
C@CP 2976 0.0940457452 0.325562474 -0.0872157486 0 0 0
C@CP 2977 0.0541115625 0.341641698 0.121429487 0 0 0
C@CP 2979 0.0922611264 -0.240218853 0.390496845 0 0 0
C@CP 2980 -0.348311404 0.177878122 -0.139974359 0 0 0
C@CP 2981 0.152913356 0.373413621 -0.149825592 0 0 0
C@CP 2982 0.0627807255 0.344752405 0.138423998 0 0 0
C@CP 2983 -0.0492350766 -0.263804893 -0.0138178693 0 0 0
C@CP 2984 0.12110201 -0.297126942 -0.0107890111 0 0 0
C@CP 2985 -0.0643844755 -0.0458241808 0.320597705 0 0 0
C@CP 2986 0.0892623924 -0.254261306 0.150636381 0 0 0
C@CP 2987 -0.195254461 0.0404894272 -0.344645658 0 0 0
C@CP 2988 0.0760315341 -0.219644802 -0.015391061 0 0 0
C@CP 2989 0.0433171806 0.292452487 -0.140317625 0 0 0
C@CP 2990 -0.278400752 0.0034334312 0.285800301 0 0 0
C@CP 2991 0.366557299 -0.120098001 0.221299655 0 0 0
C@CP 2992 -0.0952124841 0.171161044 0.101044648 0 0 0
C@CP 2993 0.163975002 0.184891736 -0.22383597 0 0 0
C@CP 2994 -0.158149577 0.128500515 0.300552636 0 0 0
C@CP 2995 -0.147856441 -0.057515955 0.410147464 0 0 0
C@CP 2996 -0.190793722 -0.432758944 -0.0307598939 0 0 0
C@CP 2997 -0.0434161187 0.157939614 -0.0424502531 0 0 0
C@CP 2998 0.197999247 -0.265390822 -0.296780865 0 0 0
C@CP 2999 -0.0558645136 -0.0647128869 -0.281217306 0 0 0
C@CP 3000 0.226938406 -0.0923383298 -0.256996869 0 0 0
C@CP 3001 0.374569136 0.0375162785 0.246760493 0 0 0
C@CP 3002 -0.313524048 -0.269199059 0.14019727 0 0 0
C@CP 3003 -0.136807236 0.207806677 -0.0054923637 0 0 0
C@CP 3004 -0.34273905 0.289393351 -0.0976860708 0 0 0
C@CP 3005 -0.367631915 -0.00693935629 -0.131236731 0 0 0
C@CP 3006 -0.370579572 0.219434594 0.171919264 0 0 0
C@CP 3007 0.0902819781 0.235325917 0.269609941 0 0 0
C@CP 3008 -0.108627748 0.125157731 0.0266241703 0 0 0
C@CP 3009 -0.344258356 0.198013895 -0.0100234986 0 0 0
C@CP 3010 0.26801041 0.227133832 0.227924515 0 0 0
C@CP 3011 0.0913544591 -0.202329463 -0.0868070996 0 0 0
C@CP 3012 0.0255144745 0.230449177 0.155704674 0 0 0
C@CP 3013 -0.361197387 -0.15873319 0.0510236916 0 0 0
C@CP 3014 0.0193723412 -0.294508324 -0.167394216 0 0 0
C@CP 3015 0.151569549 -0.0515900859 -0.21626746 0 0 0
C@CP 3016 0.324025458 0.0722144392 -0.00424176397 0 0 0
C@CP 3017 0.312149679 -0.196349273 -0.264563071 0 0 0
C@CP 3018 0.0377835584 -0.192897676 0.375314043 0 0 0
C@CP 3019 0.0181571502 -0.0898719096 -0.139971804 0 0 0
C@CP 3020 0.175828804 -0.036563051 0.104676316 0 0 0
C@CP 3021 -0.00480639692 -0.259510239 -0.0994562875 0 0 0
C@CP 3022 -0.0888636018 -0.412032625 0.198440293 0 0 0
C@CP 3023 0.264521985 -0.30341812 0.229467295 0 0 0
C@CP 3024 0.152688246 -0.309144034 -0.210346137 0 0 0
C@CP 3025 0.349005384 -0.105755759 -0.113437458 0 0 0
C@CP 3026 -0.0413546515 0.359027152 0.113706831 0 0 0
C@CP 3027 -0.132398808 0.0511683964 -0.179370395 0 0 0
C@CP 3028 -0.277623782 -0.326470528 -0.154276518 0 0 0
C@CP 3029 0.227517615 -0.287755987 -0.046707961 0 0 0
C@CP 3030 0.0735048926 -0.283674315 -0.0199522518 0 0 0
C@CP 3031 0.296875422 0.279994663 -0.0121060167 0 0 0
C@CP 3032 -0.239956335 -0.262435711 -0.245283253 0 0 0
C@CP 3033 -0.265266136 -0.134433041 -0.120096802 0 0 0
C@CP 3034 0.134830365 0.222184857 -0.289271264 0 0 0
C@CP 3035 -0.0500475538 -0.192092608 -0.361740335 0 0 0
C@CP 3036 -0.179494157 0.113834054 -0.309296873 0 0 0
C@CP 3037 0.0328234272 0.276354577 0.303505278 0 0 0
C@CP 3038 0.0337255466 -0.130786214 0.412223448 0 0 0
C@CP 3039 -0.103981189 0.057889284 0.423837158 0 0 0
C@CP 3040 0.0382131279 0.00489084425 0.138008963 0 0 0
C@CP 3041 0.0337581748 0.0246576685 -0.0956542003 0 0 0
C@CP 3042 -0.27202725 -0.236064608 0.0277385078 0 0 0
C@CP 3043 0.239866806 -0.0480321264 0.350198782 0 0 0
C@CP 3044 -0.0693060184 -0.0284836771 0.148728444 0 0 0
C@CP 3045 0.0354481642 0.156566143 0.134017849 0 0 0
C@CP 3046 0.443161322 0.0799396586 -0.0202721435 0 0 0
C@CP 3047 -0.294604014 -0.000347020635 0.120217717 0 0 0
C@CP 3048 -0.287741088 0.104947705 0.0268934108 0 0 0
C@CP 3049 -0.273028695 0.280420357 -0.189608381 0 0 0
C@CP 3050 0.00873266788 0.29209097 -0.152474619 0 0 0
C@CP 3051 -0.31588121 0.0139725577 -0.048239398 0 0 0
C@CP 3052 0.248365625 -0.175356967 -0.0160286445 0 0 0
C@CP 3053 -0.329813438 -0.0861527226 -0.257814493 0 0 0
C@CP 3054 0.00488700273 0.0733732273 -0.458959404 0 0 0
C@CP 3055 -0.0802365236 0.214946885 0.275110976 0 0 0
C@CP 3056 0.0305294799 0.142887819 0.174136776 0 0 0
C@CP 3057 -0.330820657 -0.0403796561 0.278207312 0 0 0
C@CP 3058 -0.0807551179 0.214850826 0.0398753701 0 0 0
C@CP 3059 0.147756764 0.0953472506 -0.425948466 0 0 0
C@CP 3060 -0.364854088 -0.112136093 -0.00707088006 0 0 0
C@CP 3061 0.395873043 0.00253812335 0.108296026 0 0 0
C@CP 3062 0.0355625777 -0.0312225374 -0.000575077602 0 0 0
C@CP 3063 0.124312457 -0.339226071 0.0160558003 0 0 0
C@CP 3064 0.237009818 -0.321911706 -0.0986387149 0 0 0
C@CP 3065 0.16493386 0.2617679 -0.07235281 0 0 0
C@CP 3066 -0.29113379 0.282167678 0.187852888 0 0 0
C@CP 3067 -0.0276524246 0.141144111 -0.245297977 0 0 0
C@CP 3068 0.0699644032 0.141566204 0.17658804 0 0 0
C@CP 3069 0.119353226 0.115490652 -0.338208431 0 0 0
C@CP 3070 0.170674172 -0.273803197 0.130297677 0 0 0
C@CP 3071 0.17388847 -0.372270043 -0.141562252 0 0 0
C@CP 3072 -0.30335643 -0.237321195 -0.00398539626 0 0 0
C@CP 3073 -0.099022445 -0.320946138 0.231264353 0 0 0
C@CP 3074 -0.2585895 -0.167743084 0.0432889567 0 0 0
C@CP 3075 -0.123570536 0.403801625 0.0903278245 0 0 0
C@CP 3076 -0.123726615 0.451290919 0.0095944184 0 0 0
C@CP 3077 -0.129449081 -0.370689088 -0.254056851 0 0 0
C@CP 3078 -0.208079847 0.120578265 0.209031178 0 0 0
C@CP 3079 0.423832292 -0.125125963 0.124863816 0 0 0
C@CP 3081 0.133896479 0.225185229 0.16183731 0 0 0
C@CP 3082 0.236369051 0.126330762 0.140818252 0 0 0
C@CP 3083 0.369146259 -0.119762855 -0.0875383913 0 0 0
C@CP 3084 0.150900071 0.339324904 0.238739706 0 0 0
C@CP 3085 -0.177049512 -0.122117377 0.149917322 0 0 0
C@CP 3086 -0.0930858079 -0.081800876 0.10663618 0 0 0
C@CP 3087 -0.0731402497 0.144793759 0.331812603 0 0 0
C@CP 3088 0.179779981 0.391312069 -0.185142988 0 0 0
C@CP 3089 -0.291983657 -0.174593861 -0.0819827444 0 0 0
C@CP 3090 0.0167987216 -0.213880873 -0.422417445 0 0 0
C@CP 3091 -0.152421483 0.339025347 -0.0213083902 0 0 0
C@CP 3092 0.0768191337 -0.390080464 -0.239996269 0 0 0
C@CP 3093 -0.171737203 -0.300123455 -0.0636053262 0 0 0
C@CP 3094 0.231111429 -0.268223328 0.140224762 0 0 0
C@CP 3095 0.206295608 0.132017333 -0.252558515 0 0 0
C@CP 3096 -0.174302411 -0.183653279 -0.316324918 0 0 0
C@CP 3097 0.223861899 0.0666643928 0.0549042735 0 0 0
C@CP 3098 -0.252275008 -0.050934392 -0.139298769 0 0 0
C@CP 3099 -0.0595894698 0.270733057 -0.116983541 0 0 0
C@CP 3100 -0.203406619 -0.167909864 -0.265010258 0 0 0
C@CP 3101 0.373778709 -0.0530656785 -0.0439737463 0 0 0
C@CP 3102 -0.324882773 -0.211890847 0.252772051 0 0 0
C@CP 3103 -0.0658677296 -0.254616211 0.340524528 0 0 0
C@CP 3104 0.236040966 0.110530624 -0.390414052 0 0 0
C@CP 3105 -0.110742657 -0.275859159 -0.0317489741 0 0 0
C@CP 3106 -0.416167772 -0.0198893375 0.0379674093 0 0 0
C@CP 3107 0.177575017 0.329769165 0.214069029 0 0 0
C@CP 3108 -0.38847671 0.254902577 -0.0514460477 0 0 0
C@CP 3109 0.272450484 -0.0850471667 0.177575566 0 0 0
C@CP 3110 0.235446992 0.117387626 -0.0512603313 0 0 0
C@CP 3111 0.309746667 -0.18680687 -0.170627512 0 0 0
C@CP 3112 0.156887815 -0.333069622 -0.160318347 0 0 0
C@CP 3113 -0.359612507 0.102215363 0.0844815038 0 0 0
C@CP 3114 0.274920808 0.0699730483 -0.33545211 0 0 0
C@CP 3115 -0.243330858 -0.113267351 -0.153406006 0 0 0
C@CP 3116 -0.448248305 0.0239598883 -0.0376038128 0 0 0
C@CP 3117 0.0514591544 0.246735664 0.0857131612 0 0 0
C@CP 3118 -0.112816244 0.28304625 0.24751544 0 0 0
C@CP 3119 0.147984193 0.222833103 0.236375994 0 0 0
C@CP 3120 -0.335960606 0.0325384387 0.291624831 0 0 0
C@CP 3121 0.0209472899 0.0752461786 0.420248273 0 0 0
C@CP 3122 -0.12616401 0.048951266 -0.075384358 0 0 0
C@CP 3123 -0.0445732237 0.0133450184 -0.00853548009 0 0 0
C@CP 3124 0.034302026 0.319931182 -0.055971476 0 0 0
C@CP 3125 -0.209774787 -0.198883353 -0.37874934 0 0 0
C@CP 3126 -0.247183411 0.168918278 0.0793124936 0 0 0
C@CP 3127 -0.0855818493 0.0343039547 -0.317371024 0 0 0
C@CP 3128 -0.0359798438 0.201624537 -0.200155305 0 0 0
C@CP 3129 0.117968372 -0.0326682942 -0.438637736 0 0 0
C@CP 3130 0.215802546 -0.168898874 0.331852151 0 0 0
C@CP 3131 -0.202066847 -0.400370097 0.0851280213 0 0 0
C@CP 3132 0.0171009059 0.151013325 0.345512278 0 0 0
C@CP 3133 -0.192990898 0.0339242573 -0.139248607 0 0 0
C@CP 3134 0.128110836 -0.145752634 0.146970814 0 0 0
C@CP 3135 -0.0544124258 0.0375187747 0.393617261 0 0 0
C@CP 3136 -0.328178275 -0.0544904985 -0.332567858 0 0 0
C@CP 3137 0.137343476 0.23063215 0.314790203 0 0 0
C@CP 3138 -0.181313342 -0.13806549 0.264828138 0 0 0
C@CP 3139 0.129192575 0.0532511534 0.101556143 0 0 0
C@CP 3140 -0.15042609 0.0219055838 0.321207997 0 0 0
C@CP 3141 -0.286254626 -0.181239792 -0.320296546 0 0 0
C@CP 3142 0.0652307307 -0.364131881 -0.247543383 0 0 0
C@CP 3143 0.240504297 0.146936536 0.166936836 0 0 0
C@CP 3144 0.0172632095 0.155836871 -0.287320487 0 0 0
C@CP 3145 -0.161147251 -0.266831486 -0.26880128 0 0 0
C@CP 3146 0.23930803 0.187797429 -0.0422841156 0 0 0
C@CP 3147 -0.304574009 0.264912842 0.0173249665 0 0 0
C@CP 3148 -0.117533469 0.0611552533 0.00294208332 0 0 0
C@CP 3149 0.00679150806 -0.0269581223 0.117490417 0 0 0
C@CP 3150 -0.122359368 -0.117541838 0.0257752134 0 0 0
C@CP 3151 0.0325940634 -0.100632115 -0.364317985 0 0 0
C@CP 3152 0.0534516396 0.384537414 -0.0260259305 0 0 0
C@CP 3153 -0.103766282 -0.211291982 0.267607765 0 0 0
C@CP 3154 0.0462351373 0.160232481 0.257990817 0 0 0
C@CP 3155 0.166326982 0.181150308 0.0674807369 0 0 0
C@CP 3156 0.0979737738 0.332177362 -0.163832327 0 0 0
C@CP 3157 0.0693330952 0.215513214 0.329536619 0 0 0
C@CP 3158 0.110587275 -0.0874903671 0.175686555 0 0 0
C@CP 3159 0.156215394 -0.0625450759 -0.0856367143 0 0 0
C@CP 3160 -0.202841288 0.272393935 -0.0294127262 0 0 0
C@CP 3161 -0.104751937 0.0937352661 -0.441486509 0 0 0
C@CP 3162 0.229319844 0.206567631 0.245698962 0 0 0
C@CP 3163 0.0569755879 0.186588136 0.175023384 0 0 0
C@CP 3164 0.195883446 0.368817061 0.218225248 0 0 0
C@CP 3165 0.0560007902 -0.155879504 -0.258399239 0 0 0
C@CP 3166 -0.293333261 -0.284220389 0.0845134341 0 0 0
C@CP 3167 0.44411986 0.0244011943 0.0339730288 0 0 0
C@CP 3168 -0.416919355 -0.166710896 -0.122472106 0 0 0
C@CP 3169 -0.0814061856 0.0615033198 -0.320700584 0 0 0
C@CP 3170 -0.190309614 -0.235818424 -0.173598762 0 0 0
C@CP 3171 -0.235657616 -0.363152465 0.149696139 0 0 0
C@CP 3172 -0.0476118599 -0.19299896 -0.166022413 0 0 0
C@CP 3173 -0.231994758 -0.233155774 -0.00680910917 0 0 0
C@CP 3174 0.144341097 -0.372625669 -0.089054155 0 0 0
C@CP 3175 -0.259701652 0.103593668 -0.280178821 0 0 0
C@CP 3176 -0.00271294558 -0.16801775 0.144836234 0 0 0
C@CP 3177 0.157370441 -0.220572895 0.218928742 0 0 0
C@CP 3178 -0.204348302 -0.0705381173 -0.135995368 0 0 0
C@CP 3179 0.163839921 0.349925031 -0.108511541 0 0 0
C@CP 3180 0.26542394 0.23266605 0.217712008 0 0 0
C@CP 3181 -0.33112148 0.0602046418 0.228528939 0 0 0
C@CP 3182 -0.0986999784 -0.0167612519 0.0651305714 0 0 0
C@CP 3183 0.0491146005 -0.395814885 -0.186077211 0 0 0
C@CP 3184 0.150522436 -0.331147187 -0.023950986 0 0 0
C@CP 3185 0.217932251 -0.34040579 0.175137245 0 0 0
C@CP 3186 0.293043131 -0.0315946432 -0.174561654 0 0 0
C@CP 3187 -0.218628668 0.270886753 0.238374926 0 0 0
C@CP 3188 -0.0235095595 0.404284469 0.0566444085 0 0 0
C@CP 3189 -0.308810168 0.263809928 -0.0672664923 0 0 0
C@CP 3190 -0.0438470964 -0.315413438 0.0416394195 0 0 0
C@CP 3191 -0.0237474913 0.0627425535 -0.456296518 0 0 0
C@CP 3192 -0.0646683089 -0.34627985 -0.264939915 0 0 0
C@CP 3193 0.385487647 -0.0914466124 0.132865588 0 0 0
C@CP 3194 0.0889222951 0.176485607 -0.0804719367 0 0 0
C@CP 3195 0.262839257 -0.198585329 -0.114020679 0 0 0
C@CP 3196 -0.224042973 0.111312258 0.0966220551 0 0 0
C@CP 3197 0.123262692 0.271122317 -0.109028254 0 0 0
C@CP 3198 -0.0188865765 0.271601956 0.183697545 0 0 0
C@CP 3199 -0.229086012 0.0127335774 0.154311127 0 0 0
C@CP 3200 -0.3171955 -0.183006693 -0.0810017337 0 0 0
C@CP 3201 0.0429680788 -0.0908611276 -0.0305347834 0 0 0
C@CP 3202 -0.139078537 -0.327450395 0.0685155924 0 0 0
C@CP 3203 0.13608044 0.154847037 -0.186778562 0 0 0
C@CP 3204 -0.020802447 0.254876096 -0.261959672 0 0 0
C@CP 3205 -0.0358253562 0.0450168092 -0.39741939 0 0 0
C@CP 3206 0.185777936 0.156332444 0.130268787 0 0 0
C@CP 3207 -0.198272422 -0.342823255 -0.0888956793 0 0 0
C@CP 3208 0.2241812 -0.154787072 -0.0959171931 0 0 0
C@CP 3209 0.32715284 -0.0138715832 -0.139317719 0 0 0
C@CP 3210 -0.00874209683 0.205239739 -0.051836957 0 0 0
C@CP 3211 -0.156403904 -0.131462444 0.120763453 0 0 0
C@CP 3212 -0.261720224 0.0113838053 0.216804934 0 0 0
C@CP 3213 0.106676704 0.347842735 0.0499207516 0 0 0
C@CP 3214 0.0300543724 -0.23933094 0.217915071 0 0 0
C@CP 3215 0.172954033 0.257413046 -0.179058581 0 0 0
C@CP 3216 -0.422753044 0.0222587612 0.0153481939 0 0 0
C@CP 3217 0.03587452 -0.140250074 -0.0446969599 0 0 0
C@CP 3218 0.183003591 -0.0417213547 0.139157328 0 0 0
C@CP 3219 -0.1369889 -0.00163888803 -0.230806415 0 0 0
C@CP 3220 0.0334374875 0.265218268 0.227652751 0 0 0
C@CP 3221 0.21603113 0.367820655 0.138104064 0 0 0
C@CP 3222 0.271378271 -0.0113162317 -0.103156868 0 0 0
C@CP 3223 -0.0158180823 0.0458220999 0.353311687 0 0 0
C@CP 3224 0.273210597 -0.0796101319 0.0948554896 0 0 0
C@CP 3225 0.138362415 -0.392765139 0.232523003 0 0 0
C@CP 3226 -0.400974878 -0.0490673714 0.168902695 0 0 0
C@CP 3227 -0.0924431084 0.317135717 -0.312519171 0 0 0
C@CP 3228 0.429919539 0.135796814 -0.0159426433 0 0 0
C@CP 3229 0.264045555 0.100326216 0.383736787 0 0 0
C@CP 3230 -0.261085958 0.0305219715 0.0238323376 0 0 0
C@CP 3231 -0.378305639 0.0295398441 -0.0955458626 0 0 0
C@CP 3232 -0.103340504 0.262485165 -0.252440023 0 0 0
C@CP 3234 0.252501433 0.178581719 -0.223019659 0 0 0
C@CP 3235 0.306077223 0.244809827 -0.233237377 0 0 0
C@CP 3236 0.383960655 -0.148735981 -0.202190911 0 0 0
C@CP 3237 -0.201339585 0.215352632 -0.168901336 0 0 0
C@CP 3238 0.0667724535 0.133280701 -0.0839551995 0 0 0
C@CP 3239 0.299508118 -0.175149916 -0.274445887 0 0 0
C@CP 3240 0.408146758 0.0360688097 -0.0143329987 0 0 0
C@CP 3241 -0.255142608 0.114312391 0.15521677 0 0 0
C@CP 3242 -0.06179123 0.28164118 0.341658996 0 0 0
C@CP 3243 -0.21905815 -0.0616116719 0.0705776855 0 0 0
C@CP 3244 0.0361709069 -0.367764053 0.249466971 0 0 0
C@CP 3245 0.106264359 0.290127108 -0.0363590548 0 0 0
C@CP 3246 -0.404763843 -0.206781145 0.0461633182 0 0 0
C@CP 3247 -0.210636299 0.26463059 0.140164425 0 0 0
C@CP 3248 -0.337628545 0.143130282 0.256087934 0 0 0
C@CP 3249 -0.340480077 -0.281577082 -0.0984235939 0 0 0
C@CP 3250 0.406545903 0.0119750113 -0.0533246637 0 0 0
C@CP 3251 -0.171227137 0.225982942 -0.183600235 0 0 0
C@CP 3252 -0.0837835567 -0.188545118 -0.148759796 0 0 0
C@CP 3253 0.129290098 -0.411910566 -0.17756581 0 0 0
C@CP 3255 0.0187631635 0.329731533 0.146824279 0 0 0
C@CP 3256 0.238120364 -0.137985998 0.128349743 0 0 0
C@CP 3257 0.191881047 -0.108997423 0.396383236 0 0 0
C@CP 3258 0.168114044 -0.0153770652 0.388114106 0 0 0
C@CP 3259 0.120035516 0.423729005 -0.108819162 0 0 0
C@CP 3260 -0.0650211856 -0.0476716715 0.0240683435 0 0 0
C@CP 3261 -0.160843284 -0.34999463 -0.218874971 0 0 0
C@CP 3262 -0.120028097 -0.164471572 0.333499717 0 0 0
C@CP 3263 0.123370694 -0.0437827284 0.120201304 0 0 0
C@CP 3264 -0.184834185 -0.259097713 0.27520038 0 0 0
C@CP 3265 0.256854968 0.0628401721 -0.0530184248 0 0 0
C@CP 3266 -0.368525173 0.0355169243 -0.301170074 0 0 0
C@CP 3267 0.0216633065 0.131030301 -0.20530557 0 0 0
C@CP 3268 -0.105882946 0.141212297 0.281176965 0 0 0
C@CP 3269 0.103499806 -0.199632282 -0.212968796 0 0 0
C@CP 3270 0.42551644 -0.0719902846 -0.145204814 0 0 0
C@CP 3271 -0.261213373 0.197813805 -0.116487477 0 0 0
C@CP 3272 0.315081614 -0.270974496 0.119389963 0 0 0
C@CP 3273 0.202323291 0.266768495 0.266064442 0 0 0
C@CP 3274 -0.0644581609 0.154951408 0.194933906 0 0 0
C@CP 3275 -0.0687670357 0.29791622 -0.223899546 0 0 0
C@CP 3276 -0.272003807 -0.0443750393 -0.000745965834 0 0 0
C@CP 3277 -0.124708821 -0.0811870368 -0.222710482 0 0 0
C@CP 3278 -0.148203785 -0.0708343816 -0.0776124526 0 0 0
C@CP 3279 0.333342364 0.113527377 0.0980443538 0 0 0
C@CP 3280 -0.0689662734 0.0130646928 0.130451933 0 0 0
C@CP 3281 0.266011518 -0.0166739972 0.296178755 0 0 0
C@CP 3282 0.224144916 -0.00267421379 0.269977546 0 0 0
C@CP 3283 -0.146832665 -0.0741078572 0.297347896 0 0 0
C@CP 3284 0.166396877 -0.0778565716 -0.28274022 0 0 0
C@CP 3285 0.254689257 0.229548805 0.188712205 0 0 0
C@CP 3286 -0.109476714 -0.0521714822 -0.0539359762 0 0 0
C@CP 3287 0.230475136 0.146117529 -0.192749997 0 0 0
C@CP 3288 -0.0352875812 0.26080548 0.133930467 0 0 0
C@CP 3289 -0.323750185 -0.12419311 0.09967701 0 0 0
C@CP 3290 -0.318554907 -0.267770398 0.0475734805 0 0 0
C@CP 3291 0.115812124 -0.225570629 0.35905549 0 0 0
C@CP 3292 -0.382278654 -0.145210104 0.192474595 0 0 0
C@CP 3293 -0.0889376904 0.243956082 -0.105418948 0 0 0
C@CP 3294 0.308992286 -0.158095899 0.203241852 0 0 0
C@CP 3295 -0.055502937 -0.378455917 0.0615082301 0 0 0
C@CP 3296 0.303547291 0.332015468 -0.115903967 0 0 0
C@CP 3297 0.00820103921 -0.0580534958 -0.300561132 0 0 0
C@CP 3298 -0.0276717208 0.201001737 -0.0486205572 0 0 0
C@CP 3299 -0.074497267 -0.258384069 0.130661503 0 0 0
C@CP 3300 -0.242758349 0.0440848309 -0.194192653 0 0 0
C@CP 3301 -0.255997449 0.155797793 -0.370732054 0 0 0
C@CP 3302 0.283894775 0.116847682 -0.0480234082 0 0 0
C@CP 3303 -0.080014251 -0.115773416 0.339008066 0 0 0
C@CP 3304 0.159559721 -0.0984563147 -0.336407403 0 0 0
C@CP 3305 0.0770982383 -0.350781702 0.272724329 0 0 0
C@CP 3306 -0.0721950981 -0.168116776 -0.00282118993 0 0 0
C@CP 3307 -0.374208493 0.0961156339 -0.237657354 0 0 0
C@CP 3308 -0.145111518 0.139813555 0.0731711744 0 0 0
C@CP 3309 0.180451047 0.225956316 -0.219548448 0 0 0
C@CP 3310 0.000614431773 0.155751653 0.247935382 0 0 0
C@CP 3311 -0.0851120972 -0.118650396 0.389101388 0 0 0
C@CP 3312 -0.0534930778 -0.101116896 -0.154439174 0 0 0
C@CP 3313 -0.282449476 -0.0666007742 0.146217382 0 0 0
C@CP 3314 -0.282823465 -0.00101497171 -0.207101637 0 0 0
C@CP 3315 -0.216942123 -0.2791979 0.238252349 0 0 0
C@CP 3316 -0.213971685 -0.113922921 -0.205607411 0 0 0
C@CP 3317 -0.329686798 -0.0242608635 0.286613168 0 0 0
C@CP 3318 -0.206555887 -0.0576535881 -0.235435273 0 0 0
C@CP 3319 0.128094102 -0.002777856 0.0677711585 0 0 0
C@CP 3320 0.113369737 -0.231213493 -0.276865148 0 0 0
C@CP 3321 0.212969062 0.0671133094 0.207236355 0 0 0
C@CP 3322 0.213715737 0.122278611 -0.288092808 0 0 0
C@CP 3323 0.248361508 0.206380502 0.142744616 0 0 0
C@CP 3324 0.125014168 -0.160729732 -0.420128147 0 0 0
C@CP 3325 0.299886464 0.22477274 0.100281797 0 0 0
C@CP 3326 -0.275868815 -0.0905566229 0.288581073 0 0 0
C@CP 3327 0.217656818 0.103547072 0.36115532 0 0 0
C@CP 3328 0.264756586 0.0890675762 -0.147667307 0 0 0
C@CP 3329 0.135901024 0.373896187 -0.203158208 0 0 0
C@CP 3330 0.0786949871 -0.450685961 0.0333959275 0 0 0
C@CP 3331 -0.049057541 0.268951818 -0.159046468 0 0 0
C@CP 3332 -0.063554288 -0.203904608 0.0476026161 0 0 0
C@CP 3333 0.12246132 0.0837082993 0.422212252 0 0 0
C@CP 3334 -0.00305171128 0.337798373 0.0632410969 0 0 0
C@CP 3335 -0.185357456 -0.0768361556 -0.148144865 0 0 0
C@CP 3336 0.00094119943 -0.488721858 0.00991756075 0 0 0
C@CP 3337 -0.084424161 0.435739932 0.0742849242 0 0 0
C@CP 3338 -0.189231137 -0.153854553 -0.3337331 0 0 0
C@CP 3339 0.187798402 -0.17021018 0.172767381 0 0 0
C@CP 3340 -0.0831128217 -0.265961422 0.282485942 0 0 0
C@CP 3341 0.385273865 0.181537441 0.0473404075 0 0 0
C@CP 3342 0.270787407 0.133331047 0.0368958151 0 0 0
C@CP 3343 -0.141605217 0.391150334 -0.0188598616 0 0 0
C@CP 3344 -0.343030087 0.0851147179 -0.117013591 0 0 0
C@CP 3345 0.264824074 -0.0478260406 -0.358634383 0 0 0
C@CP 3346 0.186123713 -0.0543559159 0.300990596 0 0 0
C@CP 3347 -0.340999539 0.174639158 -0.234054264 0 0 0
C@CP 3348 0.137180144 -0.311341925 -0.209913047 0 0 0
C@CP 3349 -0.395474771 0.209359093 0.0397763358 0 0 0
C@CP 3350 -0.105444575 -0.287204763 -0.323664634 0 0 0
C@CP 3351 -0.0779324618 0.244098009 -0.399867526 0 0 0
C@CP 3352 -0.134651587 -0.129559899 -0.295849765 0 0 0
C@CP 3353 -0.121260429 -0.0305026985 -0.217917218 0 0 0
C@CP 3354 0.0871637178 -0.277330972 0.150192935 0 0 0
C@CP 3355 0.111726856 0.144445248 0.112932094 0 0 0
C@CP 3356 0.262295732 -0.239616058 0.0744584289 0 0 0
C@CP 3357 -0.0273160928 -0.211413682 0.0209534652 0 0 0
C@CP 3358 0.195027671 -0.0939571101 0.099854898 0 0 0
C@CP 3359 -0.384020225 -0.13496929 0.0189963789 0 0 0
C@CP 3360 -0.386468848 -0.108259639 -0.19639428 0 0 0
C@CP 3361 0.340229028 -0.0426723266 0.205684986 0 0 0
C@CP 3362 0.0430348322 -0.398382594 0.18730984 0 0 0
C@CP 3363 0.0697425799 0.201489062 -0.0883304879 0 0 0
C@CP 3364 -0.257057286 0.213778008 -0.297732834 0 0 0
C@CP 3365 0.185717407 -0.333561699 -0.0251437711 0 0 0
C@CP 3366 0.259459999 0.180451289 0.322373612 0 0 0
C@CP 3367 0.165790351 -0.0896602296 -0.0181098659 0 0 0
C@CP 3368 0.167251827 -0.0823118354 0.00549525779 0 0 0
C@CP 3369 -0.103191965 0.150330484 0.42173176 0 0 0
C@CP 3370 -0.260512632 -0.0386706222 -0.257920508 0 0 0
C@CP 3371 0.0551396124 -0.425787411 0.0785289638 0 0 0
C@CP 3372 -0.000893534826 0.239089326 -0.122981168 0 0 0
C@CP 3373 -0.135562766 0.0624232895 0.0605223562 0 0 0
C@CP 3374 -0.214935983 -0.266918464 0.0276931092 0 0 0
C@CP 3375 0.0568480496 0.353262056 0.165789219 0 0 0
C@CP 3376 0.0845251578 0.0875694826 0.0471475917 0 0 0
C@CP 3377 0.268243779 -0.377450574 -0.00353609151 0 0 0
C@CP 3378 -0.313707713 0.117151158 0.0115263946 0 0 0
C@CP 3379 0.410683499 0.0289895418 0.078571521 0 0 0
C@CP 3380 0.0529482346 0.32417134 -0.00129624209 0 0 0
C@CP 3381 -0.0808291172 -0.124267961 0.161932075 0 0 0
C@CP 3382 0.154669607 0.103836779 0.338574956 0 0 0
C@CP 3383 -0.0127060063 0.0611318994 0.211230948 0 0 0
C@CP 3384 0.294530162 0.104078187 -0.129809909 0 0 0
C@CP 3385 0.139906237 0.0228372756 0.39390177 0 0 0
C@CP 3386 0.00325094458 0.0472423882 -0.193022309 0 0 0
C@CP 3387 -0.165942086 0.0151364503 0.0641323776 0 0 0
C@CP 3388 -0.403411444 -0.237410545 -0.0224060842 0 0 0
C@CP 3389 -0.0223268351 -0.288365098 0.069985453 0 0 0
C@CP 3390 0.161710457 0.260657173 -0.0739853139 0 0 0
C@CP 3391 -0.150443619 0.112557426 -0.0979887319 0 0 0
C@CP 3392 0.354219713 -0.0437821737 0.113703496 0 0 0
C@CP 3393 -0.21578271 0.263814155 -0.125733775 0 0 0
C@CP 3394 0.0951293246 0.0753992621 0.167564295 0 0 0
C@CP 3395 0.256891489 0.170577252 -0.0639620417 0 0 0
C@CP 3396 -0.0981294028 -0.336731971 -0.011247195 0 0 0
C@CP 3397 -0.00335057218 0.138705147 -0.453739339 0 0 0
C@CP 3398 0.0435856173 0.382934509 0.129015186 0 0 0
C@CP 3399 -0.173456319 -0.30074545 -0.201659914 0 0 0
C@CP 3400 -0.279882681 0.121509422 -0.23007747 0 0 0
C@CP 3401 -0.0592937906 -0.348477714 -0.00598815595 0 0 0
C@CP 3402 0.312942051 0.196365123 0.1499966 0 0 0
C@CP 3403 0.0150377718 0.23727398 -0.204517727 0 0 0
C@CP 3404 -0.131940864 -0.124887457 -0.383348696 0 0 0
C@CP 3405 -0.403874308 -0.124667213 -0.0765652919 0 0 0
C@CP 3406 -0.143362656 0.165186997 -0.175116641 0 0 0
C@CP 3407 0.202279226 -0.261928001 -0.193692726 0 0 0
C@CP 3408 -0.270375297 0.102651747 0.358165599 0 0 0
C@CP 3409 -0.214918724 0.161707332 0.167997124 0 0 0
C@CP 3410 -0.0425942323 -0.249576771 0.279728947 0 0 0
C@CP 3411 -0.431143109 -0.0615679525 0.0697074549 0 0 0
C@CP 3412 -0.0306409128 -0.0968892587 0.395712915 0 0 0
C@CP 3413 0.108170853 0.302927163 0.239371597 0 0 0
C@CP 3414 0.36117339 -0.229967505 0.119821002 0 0 0
C@CP 3415 -0.0191608051 -0.375669201 0.178727805 0 0 0
C@CP 3416 0.3138149 -0.0864566306 -0.182618576 0 0 0
C@CP 3417 -0.181922468 0.0103720209 -0.296984291 0 0 0
C@CP 3418 -0.212108021 -0.0212687287 0.200944435 0 0 0
C@CP 3419 0.0614156048 -0.222041856 -0.308174151 0 0 0
C@CP 3420 0.413061491 -0.153802798 0.0846438229 0 0 0
C@CP 3421 -0.138464434 0.257663022 -0.303042317 0 0 0
C@CP 3422 0.157047305 -0.138372254 0.144996708 0 0 0
C@CP 3423 0.190022577 0.383891425 -0.180443723 0 0 0
C@CP 3424 0.268997578 0.374204464 0.0355484251 0 0 0
C@CP 3425 -0.187697009 0.00924074782 -0.300130144 0 0 0
C@CP 3426 0.204645783 -0.239906717 -0.0672094824 0 0 0
C@CP 3427 0.204578868 0.328312825 0.00432992092 0 0 0
C@CP 3428 -0.0855156638 0.231983921 0.178759502 0 0 0
C@CP 3429 -0.0900106522 0.108412498 -0.279642152 0 0 0
C@CP 3430 -0.0246179165 0.0133082768 0.181871828 0 0 0
C@CP 3431 -0.0819957359 0.0983324924 -0.232999347 0 0 0
C@CP 3432 0.173160215 -0.250839118 -0.127005115 0 0 0
C@CP 3433 0.382434837 -0.147513623 -0.0824979632 0 0 0
C@CP 3434 -0.150095361 -0.0667837836 -0.0867614711 0 0 0
C@CP 3435 -0.233576163 -0.262704313 -0.257850248 0 0 0
C@CP 3436 0.331306175 0.0448045339 -0.0652421286 0 0 0
C@CP 3437 -0.241385191 0.259054516 -0.111918479 0 0 0
C@CP 3438 0.349031983 -0.142560332 -0.0127188037 0 0 0
C@CP 3439 -0.0881574934 -0.238530728 -0.056201705 0 0 0
C@CP 3440 0.255517733 -0.300690887 0.24306405 0 0 0
C@CP 3441 -0.0814292187 -0.170447801 0.185773771 0 0 0
C@CP 3442 0.024243225 -0.262865061 -0.232695713 0 0 0
C@CP 3443 0.00691702293 0.403824872 0.0211507413 0 0 0
C@CP 3444 0.341741191 0.153396382 0.243972838 0 0 0
C@CP 3445 0.390456197 0.230469687 -0.0238430792 0 0 0
C@CP 3446 0.080982533 -0.228934548 -0.136714705 0 0 0
C@CP 3447 0.0189789795 -0.323415938 0.0229346785 0 0 0
C@CP 3448 0.151607464 -0.122816625 0.0960124282 0 0 0
C@CP 3449 0.10638938 -0.343952213 0.304948796 0 0 0
C@CP 3450 0.360361186 -0.225370067 0.05229691 0 0 0
C@CP 3451 -0.310128001 0.210540319 0.102495279 0 0 0
C@CP 3452 -0.0274260197 0.341244337 0.308234993 0 0 0
C@CP 3453 -0.0173112972 0.239650317 -0.149378048 0 0 0
C@CP 3454 -0.107283569 -0.116019833 -0.163015737 0 0 0
C@CP 3455 0.250376674 -0.321186986 -0.0373201595 0 0 0
C@CP 3456 -0.0438493549 -0.113471926 -0.0925443039 0 0 0
C@CP 3457 0.215490199 0.299251865 -0.235289656 0 0 0
C@CP 3458 -0.00788819085 -0.0855435241 -0.281667928 0 0 0
C@CP 3459 -0.192784065 -0.146185599 -0.0174993131 0 0 0
C@CP 3460 0.142006855 0.243858462 -0.311225464 0 0 0
C@CP 3461 -0.166957717 -0.0849208198 -0.335524103 0 0 0
C@CP 3462 -0.116071015 0.155724746 0.202820226 0 0 0
C@CP 3463 0.0817190961 0.0814766127 -0.352743699 0 0 0
C@CP 3464 0.411619141 0.0256403897 -0.022742274 0 0 0
C@CP 3465 -0.32759235 0.142708224 -0.162322513 0 0 0
C@CP 3466 0.139188629 -0.203568331 -0.179091581 0 0 0
C@CP 3467 0.0431683514 -0.209612216 -0.147853387 0 0 0
C@CP 3468 -0.0526005599 -0.223275378 -0.203835222 0 0 0
C@CP 3469 0.176001946 0.425760009 0.025173084 0 0 0
C@CP 3470 -0.109671796 -0.125773198 -0.284039099 0 0 0
C@CP 3471 -0.130103367 0.400731441 0.144942392 0 0 0
C@CP 3472 -0.277722767 -0.0960669112 -0.322224313 0 0 0
C@CP 3473 -0.038351537 -0.191696538 0.227837523 0 0 0
C@CP 3474 -0.117687794 -0.223769178 -0.320071983 0 0 0
C@CP 3475 0.102638414 -0.221036839 0.130246054 0 0 0
C@CP 3476 -0.185286497 -0.0437503397 -0.320178071 0 0 0
C@CP 3477 0.134623579 0.433739198 -0.0778892341 0 0 0
C@CP 3478 -0.386041639 0.0767712365 -0.0893075818 0 0 0
C@CP 3479 -0.203435444 -0.133766428 0.0595295444 0 0 0
C@CP 3480 0.244058228 -0.156350496 0.2117307 0 0 0
C@CP 3481 0.376287439 -0.156729304 -0.0245237172 0 0 0
C@CP 3482 -0.128889424 0.37009531 0.157393541 0 0 0
C@CP 3483 -0.375476321 0.0117926362 -0.0454988668 0 0 0
C@CP 3484 0.181914855 0.00471960012 0.00964806201 0 0 0
C@CP 3485 0.0559689048 -0.0580094952 -0.195468277 0 0 0
C@CP 3486 0.320643415 0.202955641 0.0332273076 0 0 0
C@CP 3487 0.30800759 0.206994913 0.183629092 0 0 0
C@CP 3488 -0.246811485 0.219611189 -0.190075401 0 0 0
C@CP 3489 0.273577227 0.091033243 -0.0473428461 0 0 0
C@CP 3490 -0.0211045185 -0.0748843217 -0.393058845 0 0 0
C@CP 3491 0.207665457 0.0855733029 0.131976072 0 0 0
C@CP 3492 -0.0492376001 0.23727383 -0.142968893 0 0 0
C@CP 3493 -0.29950743 0.148352639 0.127149313 0 0 0
C@CP 3494 0.280827973 0.197030784 0.296458861 0 0 0
C@CP 3495 0.329468638 0.275329228 -0.0948259861 0 0 0
C@CP 3496 0.302772198 0.118659479 0.0377989295 0 0 0
C@CP 3497 0.37005941 -0.110923869 -0.0746377872 0 0 0
C@CP 3498 0.236541067 -0.272958335 -0.237817994 0 0 0
C@CP 3499 0.00092474863 0.192245889 -0.047710429 0 0 0
B@CP 3501 -0.194993681 0.218704601 0.150203357 0 0 0
C@CP 3502 -0.30515372 0.18431246 -0.151876415 0 0 0
B@CP 3504 -0.0258802254 -0.158452233 0.084106758 0 0 0
C@CP 3505 0.0129247111 0.0649690741 0.225988819 0 0 0
B@CP 3507 0.354615652 0.152579434 -0.0743700517 0 0 0
C@CP 3508 0.288251356 0.0144315082 0.136366991 0 0 0
B@CP 3510 0.186842552 -0.32866712 0.0176452712 0 0 0
C@CP 3511 0.0873922293 -0.239823336 0.194146188 0 0 0
B@CP 3513 -0.117257474 -0.0174094433 -0.241397744 0 0 0
C@CP 3514 0.332127107 0.272511297 -0.0466783339 0 0 0
B@CP 3516 -0.240723187 -0.31987573 -0.206376311 0 0 0
C@CP 3517 -0.0268627553 -0.218492358 -0.245243858 0 0 0
