B@CP 1000 0.263574867 -0.0354058857 -0.0441198396 0 0 0
B@CP 1002 0.248757086 -0.299647379 -0.140944946 0 0 0
B@CP 1003 -0.177712751 -0.325237375 -0.0598349675 0 0 0
B@CP 1004 0.132288364 -0.29425867 0.227283319 0 0 0
B@CP 1005 -0.24418621 -0.0550763581 0.258231201 0 0 0
B@CP 1006 -0.266462667 -0.13717329 -0.193431186 0 0 0
B@CP 1007 0.335248475 0.006715953 0.0639821794 0 0 0
B@CP 1012 0.177659693 -0.098589263 0.209675015 0 0 0
B@CP 1016 0.0948460411 0.0458587921 0.321687109 0 0 0
B@CP 1020 0.119257774 0.0302853295 0.421739597 0 0 0
B@CP 1022 -0.245941533 0.305249305 -0.228690157 0 0 0
B@CP 1024 -0.0610715917 0.168451472 0.427483592 0 0 0
B@CP 1030 0.324354351 -0.144004217 -0.0558154934 0 0 0
B@CP 1031 0.175641661 -0.187268299 0.0733916842 0 0 0
B@CP 1040 0.190216631 0.172523271 -0.042130505 0 0 0
B@CP 1041 0.15531123 -0.350007146 0.242947651 0 0 0
B@CP 1042 -0.160163115 -0.366409226 0.0120317496 0 0 0
B@CP 1044 -0.343714038 -0.187408733 -0.111417185 0 0 0
B@CP 1053 0.262302418 0.108736281 -0.300261894 0 0 0
B@CP 1054 -0.207470364 -0.363688902 -0.130708665 0 0 0
B@CP 1055 0.189508126 -0.0138028386 -0.282614668 0 0 0
B@CP 1059 -0.321386313 -0.232401501 -0.117293069 0 0 0
B@CP 1061 0.247771803 0.183517114 0.24076623 0 0 0
B@CP 1065 -0.211895277 -0.211620782 -0.134448274 0 0 0
B@CP 1066 -0.0921012578 0.053992715 0.0773351118 0 0 0
B@CP 1070 0.0742227389 0.0646671321 -0.088671702 0 0 0
B@CP 1073 0.21855284 0.124018583 0.252631743 0 0 0
B@CP 1074 -0.0135292139 -0.0183653191 0.0118890623 0 0 0
B@CP 1077 0.166841059 -0.109453531 0.405218649 0 0 0
B@CP 1080 -0.224897482 -0.355730853 -0.135091843 0 0 0
B@CP 1081 0.0230104166 0.0321487783 -0.123154184 0 0 0
B@CP 1083 -0.0905605691 -0.0309489001 0.17227887 0 0 0
B@CP 1088 0.269014569 0.014024844 0.0317067634 0 0 0
B@CP 1092 0.291760639 0.0237331478 0.245753549 0 0 0
B@CP 1093 0.140870545 0.101872224 0.280463044 0 0 0
B@CP 1096 -0.16256792 -0.134445791 -0.0915282306 0 0 0
B@CP 1100 -0.220533893 -0.341747983 -0.0941771974 0 0 0
B@CP 1103 -0.424041036 0.0639915774 0.0903384259 0 0 0
B@CP 1105 -0.108222823 0.0534537166 0.123246057 0 0 0
B@CP 1106 0.286011766 0.171348968 0.262391174 0 0 0
B@CP 1109 -0.110642864 -0.0953691758 -0.315849053 0 0 0
B@CP 1110 -0.171428939 0.399269831 -0.0266433042 0 0 0
B@CP 1117 -0.0757672518 0.28042159 -0.369130398 0 0 0
B@CP 1122 -0.313693936 -0.00937573937 -0.266162737 0 0 0
B@CP 1126 -0.154304959 0.187838675 -0.218492756 0 0 0
B@CP 1127 0.17996801 -0.115040681 0.31959521 0 0 0
B@CP 1128 0.241194241 0.0328124437 0.127756412 0 0 0
B@CP 1130 -0.43667652 -0.109754948 0.0389499831 0 0 0
B@CP 1131 0.250764696 0.177612173 0.211963629 0 0 0
B@CP 1138 0.000552787745 -0.117485292 -0.22843383 0 0 0
B@CP 1147 -0.314056611 0.190030971 0.120445644 0 0 0
B@CP 1148 0.204187306 0.0739762726 -0.0338851555 0 0 0
B@CP 1149 0.185097374 -0.298156188 0.192903994 0 0 0
B@CP 1151 0.140486386 0.0798603425 0.0046557732 0 0 0
B@CP 1160 -0.174534562 -0.216105756 -0.0990960328 0 0 0
B@CP 1161 -0.177037232 0.327258205 0.137283799 0 0 0
B@CP 1164 0.367100961 0.130142454 0.25613561 0 0 0
B@CP 1165 0.059117768 -0.159486635 0.28837147 0 0 0
B@CP 1170 -0.272395102 0.149009506 0.251292354 0 0 0
B@CP 1178 0.13840052 0.0132151784 0.227903181 0 0 0
B@CP 1185 -0.32752327 0.000263088013 0.0292503781 0 0 0
B@CP 1186 -0.327411 -0.202108676 0.125571517 0 0 0
B@CP 1188 -0.108203201 0.298211604 0.334276953 0 0 0
B@CP 1192 0.15460839 -0.211344542 0.368375029 0 0 0
B@CP 1194 0.240446464 -0.403001217 0.026157888 0 0 0
B@CP 1196 -0.0534082251 0.093129862 0.390923525 0 0 0
B@CP 1198 0.0271949357 -0.0571183666 -0.00965679815 0 0 0
B@CP 1199 -0.010363069 0.134369322 0.0411022423 0 0 0
B@CP 1202 -0.013099633 0.0433570894 0.0424090194 0 0 0
B@CP 1208 -0.174081601 -0.151217427 -0.228719002 0 0 0
B@CP 1209 -0.195530762 -0.254193001 -0.285929326 0 0 0
B@CP 1212 0.181278443 -0.163770343 -0.176522754 0 0 0
B@CP 1217 0.378041237 0.0919797526 -0.0104700722 0 0 0
B@CP 1220 -0.0413624936 0.179928586 0.259857098 0 0 0
B@CP 1222 0.0689976681 0.0957985714 0.43640212 0 0 0
B@CP 1226 0.202252518 -0.229085294 -0.170127043 0 0 0
B@CP 1227 0.183391172 -0.190822754 0.0956850778 0 0 0
B@CP 1228 0.164421424 -0.340690804 -0.202848144 0 0 0
B@CP 1229 0.335747946 0.0397004628 -0.147484966 0 0 0
B@CP 1234 -0.103412816 -0.0606576424 -0.450857439 0 0 0
B@CP 1239 0.0440168353 0.103934379 -0.418422242 0 0 0
B@CP 1246 0.303194498 0.353800791 0.0169807158 0 0 0
B@CP 1249 0.29644492 -0.0286044267 0.335978216 0 0 0
B@CP 1250 -0.246560621 -0.0864694218 0.232417119 0 0 0
B@CP 1252 -0.0764278964 0.0195184418 -0.0416554757 0 0 0
B@CP 1254 0.363414034 -0.00773336748 0.0342850342 0 0 0
B@CP 1265 0.101651078 0.310627413 -0.238802318 0 0 0
B@CP 1267 -0.0778619272 0.150777907 -0.396415042 0 0 0
B@CP 1268 0.252833838 0.0538782221 -0.159358689 0 0 0
B@CP 1270 0.322571248 -0.0607577949 0.30626151 0 0 0
B@CP 1273 -0.194699432 -0.245924598 0.0829115156 0 0 0
B@CP 1279 0.139637421 0.0229918258 -0.288502032 0 0 0
B@CP 1281 -0.137805882 0.212532396 0.126685686 0 0 0
B@CP 1282 -0.131931101 -0.313905186 -0.171755743 0 0 0
B@CP 1287 -0.12309097 -0.268869135 0.247790809 0 0 0
B@CP 1290 -0.178841206 -0.383608089 -0.0646474406 0 0 0
B@CP 1291 -0.104519685 0.202945517 0.31057229 0 0 0
B@CP 1292 0.0232197366 0.419926441 -0.00999803767 0 0 0
B@CP 1296 -0.134767655 0.357470168 -0.0406206566 0 0 0
B@CP 1297 -0.146587428 0.362036939 -0.0587111374 0 0 0
B@CP 1298 -0.333018292 0.136499227 0.200779373 0 0 0
B@CP 1299 0.195879588 -0.16070889 0.0411018784 0 0 0
B@CP 1301 -0.345572555 -0.00217062609 0.169690033 0 0 0
B@CP 1304 0.025389667 -0.369420074 0.0125073105 0 0 0
B@CP 1305 0.128674775 0.258822633 -0.238803139 0 0 0
B@CP 1306 0.373990896 0.231625758 0.0279577697 0 0 0
B@CP 1311 0.0888770102 0.094308013 0.319737325 0 0 0
B@CP 1314 -0.00251691654 -0.0261989716 0.0610489608 0 0 0
B@CP 1319 0.269335861 -0.22846476 -0.294418136 0 0 0
B@CP 1320 -0.40565555 -0.198097976 0.0627860304 0 0 0
B@CP 1325 -0.155780809 0.0288752638 0.0271218543 0 0 0
B@CP 1327 -0.229201988 -0.329140581 0.0605050811 0 0 0
B@CP 1330 -0.247540606 0.188927461 0.085789692 0 0 0
B@CP 1340 -0.128528313 -0.0207341101 -0.0696584677 0 0 0
B@CP 1341 -0.291362502 -0.279751701 -0.129975535 0 0 0
B@CP 1348 -0.370232452 -0.0780259606 0.0395831314 0 0 0
B@CP 1350 -0.399860658 0.0255809568 -0.132182447 0 0 0
B@CP 1351 -0.277923537 0.0317191466 -0.227487605 0 0 0
B@CP 1354 -0.34101736 0.236359246 0.0269003025 0 0 0
B@CP 1359 0.209146029 0.164794457 -0.275471985 0 0 0
B@CP 1360 0.162774247 -0.372200433 -0.227881203 0 0 0
B@CP 1365 0.162509812 0.0271351399 -0.347547024 0 0 0
B@CP 1370 -0.030150946 -0.0438465794 -0.113358053 0 0 0
B@CP 1371 0.0794908392 0.449204584 -0.0874384514 0 0 0
B@CP 1373 0.189198405 -0.304096695 -0.0645221777 0 0 0
B@CP 1376 -0.23362185 -0.362591914 0.0662735602 0 0 0
B@CP 1380 0.295896385 -0.136666502 -0.278057134 0 0 0
B@CP 1387 0.0763696073 0.0121156842 -0.0430640644 0 0 0
B@CP 1390 -0.0500864695 0.312779487 0.297082434 0 0 0
B@CP 1394 0.382949353 -0.0999407313 -0.0268871612 0 0 0
B@CP 1398 -0.280099116 -0.138364254 -0.362711703 0 0 0
B@CP 1400 -0.0149885325 -0.262858323 0.147943684 0 0 0
B@CP 1402 0.0941323284 -0.0107434076 -0.335674898 0 0 0
B@CP 1405 -0.417985074 0.0407748494 0.0590189046 0 0 0
B@CP 1406 0.197538414 -0.300372654 0.238132604 0 0 0
B@CP 1407 0.233962743 0.286481747 -0.0986808996 0 0 0
B@CP 1409 -0.41418416 0.195826988 0.130070162 0 0 0
B@CP 1415 -0.317057556 0.0964157556 0.321460639 0 0 0
B@CP 1418 0.183482553 -0.143003034 -0.062749361 0 0 0
B@CP 1423 -0.00736244372 0.0875105188 0.310821224 0 0 0
B@CP 1429 0.0191990781 -0.0899353101 0.367956551 0 0 0
B@CP 1430 0.163958179 0.310417947 -0.241172942 0 0 0
B@CP 1432 -0.33280271 -0.0681060055 0.0790754779 0 0 0
B@CP 1433 -0.305201308 -0.109333956 -0.184873498 0 0 0
B@CP 1434 0.101174152 0.0991175657 -0.41533239 0 0 0
B@CP 1436 0.104231805 -0.229118591 -0.115340021 0 0 0
B@CP 1437 0.205706219 0.275571962 -0.167143207 0 0 0
B@CP 1444 0.20542634 -0.226766629 0.266579393 0 0 0
B@CP 1445 -0.0114362128 -0.428073665 0.172064078 0 0 0
B@CP 1446 -0.265125037 0.156101393 0.256794119 0 0 0
B@CP 1447 0.184455181 -0.251306218 -0.138210803 0 0 0
B@CP 1453 -0.297007986 -0.270877915 0.0484027239 0 0 0
B@CP 1454 0.0271664087 0.247772271 -0.0995241555 0 0 0
B@CP 1455 -0.401806002 0.215608008 -0.0287566279 0 0 0
B@CP 1456 -0.0726011046 -0.0338529679 0.0132460102 0 0 0
B@CP 1460 0.104774168 -0.212210906 0.0527587561 0 0 0
B@CP 1462 -0.0975864311 -0.381718632 -0.0403369112 0 0 0
B@CP 1464 -0.0137683285 -0.363813536 0.103545667 0 0 0
B@CP 1469 0.390472045 0.00488200233 -0.0532924293 0 0 0
B@CP 1472 -0.175589304 0.256497544 -0.242564128 0 0 0
B@CP 1473 0.17284569 -0.283242356 0.0689804751 0 0 0
B@CP 1474 0.1043554 0.325230254 0.245727616 0 0 0
B@CP 1475 -0.22617346 -0.315515073 0.0242679488 0 0 0
B@CP 1477 -0.175673984 0.25963238 0.081939936 0 0 0
B@CP 1479 -0.127761102 0.103839042 -0.0756117341 0 0 0
B@CP 1485 0.0490135439 0.0751741561 0.409586187 0 0 0
B@CP 1488 -0.170770231 0.102814416 0.166461887 0 0 0
B@CP 1493 -0.351704417 -0.283927963 -0.065965288 0 0 0
B@CP 1495 0.0401601952 -0.335930047 -0.0653193975 0 0 0
B@CP 1496 0.0521011046 0.324404049 -0.00871962518 0 0 0
B@CP 1498 -0.172487968 0.379049931 -0.0605533373 0 0 0
B@CP 1499 -0.139580127 0.089286156 0.109347162 0 0 0
B@CP 1501 0.0441993473 0.326004334 0.120061791 0 0 0
B@CP 1507 0.25190017 0.0297284452 0.271020602 0 0 0
B@CP 1509 0.222742485 0.374022141 -0.155466108 0 0 0
B@CP 1517 0.210025907 -0.106163603 0.347013241 0 0 0
B@CP 1522 -0.166323372 0.16970884 0.288724908 0 0 0
B@CP 1526 0.223176442 0.0563466487 -0.160415861 0 0 0
B@CP 1528 0.316871338 -0.349871331 0.00773969088 0 0 0
B@CP 1534 -0.0943817314 -0.0370910264 0.266688123 0 0 0
B@CP 1536 -0.0556182803 -0.00932618013 0.186222726 0 0 0
B@CP 1539 0.39703279 -0.0743247018 -0.0398516455 0 0 0
B@CP 1541 0.324318064 0.0588380268 -0.218404669 0 0 0
B@CP 1545 -0.0877313312 -0.394929436 0.0967811901 0 0 0
B@CP 1556 -0.0167406182 0.185834147 -0.236162998 0 0 0
B@CP 1560 -0.043037261 0.358850754 0.254735368 0 0 0
B@CP 1562 -0.0286229822 -0.140925183 0.0979797789 0 0 0
B@CP 1564 -0.172157981 0.197369672 0.143212301 0 0 0
B@CP 1566 0.184985275 0.0690148775 0.182383359 0 0 0
B@CP 1567 0.3972851 -0.116104723 -0.0526424355 0 0 0
B@CP 1568 0.220219512 -0.0426545001 0.108271029 0 0 0
B@CP 1569 -0.282995606 -0.363147227 -0.0785884706 0 0 0
B@CP 1573 0.178141884 -0.256183786 -0.191096942 0 0 0
B@CP 1580 -0.156148902 -0.116799895 0.206209566 0 0 0
B@CP 1581 -0.214642541 -0.270213591 0.00854972858 0 0 0
B@CP 1582 -0.0868860844 -0.0809179752 0.2497427 0 0 0
B@CP 1583 0.13263402 0.415908269 0.0516381312 0 0 0
B@CP 1587 -0.102009277 0.185164144 -0.247964143 0 0 0
B@CP 1593 0.250579096 -0.163509584 -0.111652475 0 0 0
B@CP 1600 0.0250652516 0.183384603 0.277259946 0 0 0
B@CP 1601 -0.360089461 0.221439865 -0.00430929915 0 0 0
B@CP 1603 0.0381643451 -0.124611901 0.351108245 0 0 0
B@CP 1605 -0.220264437 -0.212643096 0.05109635 0 0 0
B@CP 1607 -0.185534247 -0.0927964287 -0.33042486 0 0 0
B@CP 1609 -0.069085463 0.216306266 -0.0426820461 0 0 0
B@CP 1614 -0.439380589 -0.0838006911 0.0753899232 0 0 0
B@CP 1615 -0.284354078 -0.0119372451 0.0626060242 0 0 0
B@CP 1618 0.123239448 0.162353502 0.0971815575 0 0 0
B@CP 1626 0.361210439 -0.0909476677 0.104615128 0 0 0
B@CP 1634 0.0815438546 0.161563732 -0.00727981128 0 0 0
B@CP 1639 -0.323154429 0.0820234762 -0.141633076 0 0 0
B@CP 1640 -0.438318088 -0.0351715881 0.141505423 0 0 0
B@CP 1649 -0.131035103 0.0899480225 0.316348324 0 0 0
B@CP 1653 0.0433893572 -0.0537814786 -0.0899017519 0 0 0
B@CP 1660 -0.00855765293 0.167349691 0.0663491345 0 0 0
B@CP 1666 0.0574184176 0.232659838 -0.335043889 0 0 0
B@CP 1667 0.111554108 0.261700362 -0.117606213 0 0 0
B@CP 1668 0.102530718 0.299977951 0.194828168 0 0 0
B@CP 1670 0.0795138259 0.203028696 -0.189879724 0 0 0
B@CP 1671 -0.202428062 0.181793652 -0.369352676 0 0 0
B@CP 1675 0.17173493 -0.222879367 -0.267918949 0 0 0
B@CP 1677 -0.180729594 -0.188241324 -0.372487051 0 0 0
B@CP 1679 0.074111943 -0.195159322 -0.384199636 0 0 0
B@CP 1682 0.189715656 0.222342495 -0.096604286 0 0 0
B@CP 1686 -0.0971485437 0.276022937 -0.280898756 0 0 0
B@CP 1687 -0.00824240549 0.0324704641 0.0867578329 0 0 0
B@CP 1690 0.281973014 0.177900356 0.0436376 0 0 0
B@CP 1695 0.312381013 -0.025542009 -0.164908508 0 0 0
B@CP 1701 -0.303495525 -0.0859021088 0.0438247557 0 0 0
B@CP 1703 -0.0244089154 0.398032442 0.0740246822 0 0 0
B@CP 1706 -0.0773003288 -0.187376385 0.323481626 0 0 0
B@CP 1707 0.393426172 0.181415341 -0.173625065 0 0 0
B@CP 1711 0.0410156739 -0.0610545183 0.160335001 0 0 0
B@CP 1712 -0.0208500653 0.0802948903 0.44610442 0 0 0
B@CP 1716 -0.0450124019 0.00833218447 -0.148661936 0 0 0
B@CP 1719 0.0766514669 0.0467324439 -0.397955686 0 0 0
B@CP 1720 0.0806189088 -0.104842653 0.043911738 0 0 0
B@CP 1722 -0.290466944 0.100714249 -0.359994002 0 0 0
B@CP 1726 0.121177801 -0.206545073 -0.0791893915 0 0 0
B@CP 1728 -0.250803951 0.343160132 0.0529928463 0 0 0
B@CP 1733 -0.285315068 -0.315019751 0.100847735 0 0 0
B@CP 1735 0.297227302 0.0251799044 -0.128872143 0 0 0
B@CP 1740 0.170444316 0.322747531 0.189881535 0 0 0
B@CP 1743 0.0243038553 0.074780505 -0.0476240266 0 0 0
B@CP 1746 0.262537394 -0.21868925 0.16302047 0 0 0
B@CP 1748 0.138398861 0.241889107 0.311506623 0 0 0
B@CP 1749 0.296210488 -0.0849712386 -0.0739616452 0 0 0
B@CP 1750 0.0948447534 -0.0906096758 0.313981023 0 0 0
B@CP 1751 0.232141459 -0.0631448225 0.325487376 0 0 0
B@CP 1752 -0.436924428 0.0989669977 -0.0578977742 0 0 0
B@CP 1753 -0.264648424 0.161531203 0.0304668356 0 0 0
B@CP 1756 0.276042112 0.155841341 0.0740663856 0 0 0
B@CP 1758 -0.32110712 -0.115554146 0.279265272 0 0 0
B@CP 1766 -0.145908836 -0.163576285 0.340184571 0 0 0
B@CP 1768 -0.167329434 -0.322841937 -0.0269018553 0 0 0
B@CP 1769 0.341832819 0.106027068 -0.221617648 0 0 0
B@CP 1770 -0.148017519 0.341487411 -0.0807401512 0 0 0
B@CP 1775 0.274861306 -0.298548365 0.0981303648 0 0 0
B@CP 1776 -0.224987851 0.259968363 -0.104760062 0 0 0
B@CP 1780 -0.0493680229 -0.137108005 0.164950828 0 0 0
B@CP 1782 -0.197076979 -0.0385319115 0.320314375 0 0 0
B@CP 1783 -0.308283903 -0.0907427325 0.179289013 0 0 0
B@CP 1788 -0.112423758 0.397049249 -0.137402749 0 0 0
B@CP 1792 -0.0733269587 -0.430740703 0.0277115236 0 0 0
B@CP 1795 -0.202897601 0.232597989 -0.245126465 0 0 0
B@CP 1797 -0.0311080533 -0.411935442 -0.0300477905 0 0 0
B@CP 1798 -0.00588141632 -0.315012609 -0.316203813 0 0 0
B@CP 1799 -0.28460656 0.120900496 0.232402336 0 0 0
B@CP 1802 -0.283920852 0.149320815 -0.033796989 0 0 0
B@CP 1803 0.0438970671 -0.0535658811 0.0659229912 0 0 0
B@CP 1807 0.132687439 -0.00910026538 -0.399196233 0 0 0
B@CP 1812 -0.340583428 -0.0258268621 -0.276542749 0 0 0
B@CP 1813 -0.0845170102 -0.0443059807 -0.155916704 0 0 0
B@CP 1822 -0.0181816163 0.34131036 0.260142346 0 0 0
B@CP 1824 0.291894189 -0.123911885 0.075698423 0 0 0
B@CP 1832 -0.0582036438 -0.363457068 -0.143276909 0 0 0
B@CP 1833 0.0494024868 0.244567942 -0.202398726 0 0 0
B@CP 1839 -0.159708399 -0.158162945 0.253173635 0 0 0
B@CP 1844 0.00809027362 -0.411683015 0.173125543 0 0 0
B@CP 1845 0.247170355 0.0288742075 -0.012861024 0 0 0
B@CP 1849 0.257756546 -0.331660975 0.139214208 0 0 0
B@CP 1853 0.187944358 0.0337412602 0.0732425544 0 0 0
B@CP 1857 -0.155215979 0.42156578 0.0759846642 0 0 0
B@CP 1859 0.0129420956 0.327934322 0.107601037 0 0 0
B@CP 1860 0.0527637443 -0.340177276 0.256844434 0 0 0
B@CP 1861 -0.279881248 -0.363430866 -0.0209440292 0 0 0
B@CP 1863 -0.0617073292 -0.126066632 0.0933764937 0 0 0
B@CP 1864 -0.0142324499 0.0128641128 -0.0555099888 0 0 0
B@CP 1865 -0.137836438 0.0215619739 0.187946883 0 0 0
B@CP 1871 0.105727111 0.367928122 0.14268262 0 0 0
B@CP 1875 -0.109964114 0.0818898325 -0.144270715 0 0 0
B@CP 1877 -0.0531978693 0.166050469 -0.0193067581 0 0 0
B@CP 1880 -0.165724699 -0.258102237 0.183309826 0 0 0
B@CP 1884 0.446548853 -0.0348777009 -0.00337548334 0 0 0
B@CP 1885 0.00422257255 -0.27296152 -0.0142786089 0 0 0
B@CP 1892 0.354987709 -0.11154878 -0.242492601 0 0 0
B@CP 1893 0.0588548059 -0.120899121 -0.425158548 0 0 0
B@CP 1895 0.0704456523 -0.301907728 -0.2591788 0 0 0
B@CP 1896 -0.349196529 -0.234021075 0.0664618329 0 0 0
B@CP 1898 -0.150219482 0.1751381 0.249317912 0 0 0
B@CP 1903 -0.247560926 0.128450558 0.0107081117 0 0 0
B@CP 1906 -0.319064606 -0.0166693361 -0.257361733 0 0 0
B@CP 1909 0.0140532855 -0.12024068 0.133775899 0 0 0
B@CP 1911 -0.10124655 -0.36226683 -0.0336555681 0 0 0
B@CP 1912 0.231325222 0.0122291621 -0.316530217 0 0 0
B@CP 1920 0.109528502 -0.0179743107 -0.0971000305 0 0 0
B@CP 1921 -0.201734471 0.168759971 -0.381392075 0 0 0
B@CP 1922 -0.327065903 -0.00738283745 -0.299829574 0 0 0
B@CP 1926 -0.143359095 -0.196727261 0.330374885 0 0 0
B@CP 1936 0.20741605 -0.385253221 -0.0130248612 0 0 0
B@CP 1939 -0.276329443 0.295086911 -0.0995702157 0 0 0
B@CP 1940 -0.104710175 0.344295048 0.130750983 0 0 0
B@CP 1944 0.154983995 0.0553020922 0.42067169 0 0 0
B@CP 1948 -0.155092972 -0.146767209 -0.375397247 0 0 0
B@CP 1949 -0.0196053623 -0.0457803759 0.313193465 0 0 0
B@CP 1951 0.0569683723 -0.0851776239 0.175466897 0 0 0
B@CP 1953 0.19156402 0.18536379 0.0818979573 0 0 0
B@CP 1955 0.178124364 0.225177029 0.283860805 0 0 0
B@CP 1966 0.321257747 0.0523063268 -0.0552384583 0 0 0
B@CP 1968 -0.119594594 0.263591605 -0.136419755 0 0 0
B@CP 1969 0.0783575274 0.303935334 0.00674341068 0 0 0
B@CP 1970 0.175168002 0.341256979 0.242949178 0 0 0
B@CP 1972 0.263771391 -0.147043231 0.291572551 0 0 0
B@CP 1974 0.151954732 -0.330895429 0.0687625785 0 0 0
B@CP 1976 -0.175862285 -0.0498533394 0.106987524 0 0 0
B@CP 1980 -0.0925499753 -0.0402583463 0.304255308 0 0 0
B@CP 1982 0.431052761 0.0670539969 0.0849340318 0 0 0
B@CP 1984 -0.219638053 0.156208362 -0.209720558 0 0 0
B@CP 1985 -0.00659507523 0.252083867 -0.198250912 0 0 0
B@CP 1989 0.156535769 -0.238125448 -0.363272137 0 0 0
B@CP 1993 -0.247876695 0.365093954 -0.105536263 0 0 0
B@CP 1999 -0.389028464 0.0490924817 -0.119865816 0 0 0
B@CP 2001 -0.221710161 0.0638513204 -0.185755101 0 0 0
B@CP 2003 -0.289019628 -0.176066635 0.187648221 0 0 0
B@CP 2004 -0.17473813 -0.0408676922 0.0015017486 0 0 0
B@CP 2005 -0.0254539204 -0.115427694 0.132365599 0 0 0
B@CP 2007 -0.101981198 -0.234119988 0.080628113 0 0 0
B@CP 2010 0.148436684 0.206234187 -0.0455908441 0 0 0
B@CP 2013 0.29799503 0.117320122 0.126572713 0 0 0
B@CP 2020 -0.127742538 0.118149314 0.0924816524 0 0 0
B@CP 2022 0.212451152 -0.374396301 -0.0291385159 0 0 0
B@CP 2028 -0.140461873 -0.277620335 -0.0598796639 0 0 0
B@CP 2035 -0.151796707 0.266777872 -0.0799482833 0 0 0
B@CP 2038 0.446051021 0.0127237737 0.0219483082 0 0 0
B@CP 2039 0.170182372 0.246488288 0.242533771 0 0 0
B@CP 2041 0.140832377 -0.245547714 -0.206129688 0 0 0
B@CP 2043 -0.245495187 -0.107061674 -0.0226645579 0 0 0
B@CP 2046 -0.35871275 -0.235879794 0.123804429 0 0 0
B@CP 2047 -0.323068708 0.184187799 0.266081064 0 0 0
B@CP 2057 -0.213754178 0.301281393 0.194466998 0 0 0
B@CP 2061 0.27045161 0.118200405 -0.349073311 0 0 0
B@CP 2064 0.234685522 -0.0895974873 0.132903416 0 0 0
B@CP 2066 0.274355168 0.161847073 0.042415754 0 0 0
B@CP 2068 0.0973473625 0.238654377 0.208195793 0 0 0
B@CP 2070 0.153177144 0.256984253 0.153243269 0 0 0
B@CP 2071 0.0739595423 -0.187520473 -0.102197087 0 0 0
B@CP 2073 -0.15718178 -0.326028334 -0.0466031104 0 0 0
B@CP 2077 0.288519502 -0.0305805869 -0.357446311 0 0 0
B@CP 2078 0.119286792 0.00631388743 0.0410661686 0 0 0
B@CP 2079 -0.229180941 -0.079819231 0.276218626 0 0 0
B@CP 2089 0.0641165623 -0.318293333 -0.0666946081 0 0 0
B@CP 2090 0.278567021 -0.155689125 -0.161585416 0 0 0
B@CP 2093 0.186389248 -0.045028852 0.244576688 0 0 0
B@CP 2094 -0.153713367 0.135573738 0.0206473516 0 0 0
B@CP 2097 0.158462818 -0.0220684279 0.101493935 0 0 0
B@CP 2098 0.289822898 -0.0809217963 0.0461000873 0 0 0
B@CP 2102 -0.427107998 0.0676347633 0.0505415695 0 0 0
B@CP 2105 0.0556040455 0.02642757 0.0162463269 0 0 0
B@CP 2107 -0.208293246 0.12029675 0.10432632 0 0 0
B@CP 2112 -0.138896161 -0.100265014 -0.375916668 0 0 0
B@CP 2114 0.129683275 -0.0179380314 0.283839929 0 0 0
B@CP 2118 -0.357798343 -0.153880456 0.233551359 0 0 0
B@CP 2122 -0.0148309846 -0.0930194595 0.137941726 0 0 0
B@CP 2126 0.0243373795 0.235685852 0.0691460691 0 0 0
B@CP 2134 0.305660905 -0.11929881 -0.176759971 0 0 0
B@CP 2135 -0.0899355331 0.202584022 -0.399265851 0 0 0
B@CP 2140 -0.156936019 0.12524486 0.302794016 0 0 0
B@CP 2143 -0.27853121 -0.256060897 0.144579578 0 0 0
B@CP 2151 -0.14418847 -0.378812001 -0.106853242 0 0 0
B@CP 2152 0.177525722 0.170714501 -0.320409309 0 0 0
B@CP 2156 -0.0300570292 -0.278486721 -0.098736678 0 0 0
B@CP 2158 0.223935472 -0.239340375 -0.0737476915 0 0 0
B@CP 2161 -0.0464895331 -0.254781483 0.210831891 0 0 0
B@CP 2163 0.199049445 0.417997548 -0.0714197701 0 0 0
B@CP 2166 0.327446404 0.256915531 -0.0944793916 0 0 0
B@CP 2170 -0.224939204 0.276162059 0.043999851 0 0 0
B@CP 2174 0.160400826 -0.0991737021 0.361990904 0 0 0
B@CP 2179 0.0604157184 0.0618867395 -0.421527509 0 0 0
B@CP 2189 0.0755885021 0.160207917 -0.359276787 0 0 0
B@CP 2190 0.283974627 -0.175031893 0.318803552 0 0 0
B@CP 2191 -0.129778643 0.261281361 0.250945942 0 0 0
B@CP 2193 0.0251591494 -0.390176476 0.228161917 0 0 0
B@CP 2194 0.294201936 0.249012552 0.152583301 0 0 0
B@CP 2198 0.16892032 0.164681755 -0.086191073 0 0 0
B@CP 2199 0.193537868 -0.199319819 -0.233315065 0 0 0
B@CP 2206 -0.286178639 0.0939145188 0.240663269 0 0 0
B@CP 2208 -0.216128549 -0.0312003652 -0.0816716793 0 0 0
B@CP 2211 0.198771594 -0.163715302 -0.32768384 0 0 0
B@CP 2213 0.0853609428 -0.364777021 0.163227729 0 0 0
B@CP 2218 -0.42026876 0.0677190447 0.0607083675 0 0 0
B@CP 2220 -0.0135349882 0.324889846 -0.104081592 0 0 0
B@CP 2221 -0.36530742 -0.0241362548 -0.28065353 0 0 0
B@CP 2224 -0.0195476173 -0.255890668 -0.218035435 0 0 0
B@CP 2225 0.0242058544 -0.364265748 0.0200042834 0 0 0
B@CP 2227 -0.115876522 0.193680631 -0.168725784 0 0 0
B@CP 2231 0.184353202 0.140617645 -0.145713133 0 0 0
B@CP 2234 -0.176371487 -0.00820587918 0.368537568 0 0 0
B@CP 2236 0.152087328 0.369579546 -0.0156239896 0 0 0
B@CP 2242 -0.0211150474 -0.0876199326 -0.0782734646 0 0 0
B@CP 2244 -0.114996372 -0.119643057 -0.143918038 0 0 0
B@CP 2251 -0.217211618 -0.28408828 -0.17800157 0 0 0
B@CP 2257 -0.137270709 -0.419431293 0.0743162145 0 0 0
B@CP 2258 -0.0832184892 0.428539082 0.10022994 0 0 0
B@CP 2262 0.0160993319 0.253715907 -0.346070552 0 0 0
B@CP 2264 -0.347769082 -0.116793587 -0.274707049 0 0 0
B@CP 2265 -0.181775894 0.266547776 -0.326950837 0 0 0
B@CP 2273 -0.0879966079 0.37520607 0.125099782 0 0 0
B@CP 2274 -0.269070355 0.00242618461 0.343034966 0 0 0
B@CP 2284 -0.0121445931 -0.12694462 -0.380402884 0 0 0
B@CP 2286 0.239696135 0.149543724 0.330345207 0 0 0
B@CP 2288 -0.313537477 0.144367701 -0.134931165 0 0 0
B@CP 2290 0.0475151191 0.0445003825 -0.349040756 0 0 0
B@CP 2291 -0.32773383 -0.256138173 0.190004479 0 0 0
B@CP 2293 -0.157267164 -0.429200335 -0.0803393996 0 0 0
B@CP 2295 0.219869787 -0.328670084 -0.125337438 0 0 0
B@CP 2297 -0.168842346 -0.375245989 0.17324437 0 0 0
B@CP 2298 -0.0588275204 0.277573766 0.1427625 0 0 0
B@CP 2299 -0.273465378 -0.103626072 -0.363861298 0 0 0
B@CP 2306 0.078185529 0.1718267 -0.237010929 0 0 0
B@CP 2312 -0.138467497 -0.400371669 0.097519077 0 0 0
B@CP 2313 0.102082022 -0.341550946 0.296608368 0 0 0
B@CP 2317 0.362135904 -0.262889339 -0.122237239 0 0 0
B@CP 2318 -0.0752447092 -0.0998113826 0.0532613728 0 0 0
B@CP 2322 0.145466865 0.0778314682 0.232672033 0 0 0
B@CP 2324 0.00702449703 -0.225249851 0.0242922084 0 0 0
B@CP 2327 0.0805898658 0.126138028 -0.323137552 0 0 0
B@CP 2330 -0.276992175 0.26810552 0.0399442241 0 0 0
B@CP 2334 -0.297981923 0.00122654051 -0.311492987 0 0 0
B@CP 2335 -0.221095598 0.263210815 -0.267478608 0 0 0
B@CP 2340 0.378739165 0.00411278315 -0.0730247256 0 0 0
B@CP 2345 -0.264588386 0.125931056 -0.147062953 0 0 0
B@CP 2350 -0.0936101983 0.0721142698 -0.414361105 0 0 0
B@CP 2354 -0.132285419 0.193813018 -0.301522051 0 0 0
B@CP 2358 0.0880443859 -0.243756019 0.241051332 0 0 0
B@CP 2359 0.312859203 -0.157743625 0.281957098 0 0 0
B@CP 2361 -0.0532652838 0.308739922 0.327004049 0 0 0
B@CP 2363 -0.0783392919 -0.0790315755 -0.35638059 0 0 0
B@CP 2364 -0.0678394385 0.231332769 0.14405463 0 0 0
B@CP 2365 0.0715015906 0.00705299418 -0.0906655711 0 0 0
B@CP 2366 -0.229470808 0.246783831 0.22790396 0 0 0
B@CP 2367 -0.0302025897 0.42891679 -0.0360939493 0 0 0
B@CP 2370 0.000488718466 0.172355227 0.0107985581 0 0 0
B@CP 2371 -0.2354415 0.142878595 0.177641061 0 0 0
B@CP 2376 0.103954745 0.364118142 -0.143770536 0 0 0
B@CP 2383 -0.053729286 -0.0493588824 0.207017585 0 0 0
B@CP 2384 -0.367943742 0.0250596794 -0.114069653 0 0 0
B@CP 2387 0.0805455436 0.190218072 0.354544888 0 0 0
B@CP 2388 -0.085159976 0.389951052 -0.227322826 0 0 0
B@CP 2389 0.0188410472 0.0387269152 0.314316566 0 0 0
B@CP 2390 -0.108320899 -0.235784692 0.163266166 0 0 0
B@CP 2397 0.148119583 0.373934943 -0.102900291 0 0 0
B@CP 2398 -0.151393014 -0.067045262 0.182252671 0 0 0
B@CP 2402 -0.0449821339 -0.220792653 0.337951224 0 0 0
B@CP 2405 -0.0976309658 -0.147936949 0.323463766 0 0 0
B@CP 2409 -0.300078525 -0.193556671 -0.299911145 0 0 0
B@CP 2410 -0.0422591453 -0.068513055 0.21601661 0 0 0
B@CP 2414 -0.21657272 0.26939819 -0.177203791 0 0 0
B@CP 2415 0.209430864 -0.261794769 -0.00176810698 0 0 0
B@CP 2417 0.3737314 0.161385074 -0.0276331634 0 0 0
B@CP 2418 0.390906125 0.135727038 -0.0842747792 0 0 0
B@CP 2419 0.300443797 0.283185641 -0.10495179 0 0 0
B@CP 2422 0.119171825 -0.0645542685 0.189230455 0 0 0
B@CP 2425 -0.257852844 -0.162165774 0.293115934 0 0 0
B@CP 2427 0.0912087884 -0.126388545 0.0634752458 0 0 0
B@CP 2428 0.027932966 0.318816611 -0.227306579 0 0 0
B@CP 2429 0.0340540106 0.173190335 0.0515992233 0 0 0
B@CP 2430 -0.154411747 0.332763892 0.0464215094 0 0 0
B@CP 2432 0.32531623 0.336720015 0.022495323 0 0 0
B@CP 2438 0.0401897112 -0.0900146993 0.277264149 0 0 0
B@CP 2439 -0.0155350723 0.206074299 0.383331058 0 0 0
B@CP 2441 -0.36603271 -0.166434599 -0.0699519516 0 0 0
B@CP 2450 -0.193835278 -0.33502285 0.151856181 0 0 0
B@CP 2456 -0.216542668 -3.20082629e-05 -0.0274786055 0 0 0
B@CP 2460 -0.264425629 0.155732237 -0.292165288 0 0 0
B@CP 2461 0.0989331708 0.234329345 -0.386618161 0 0 0
B@CP 2462 0.214110379 0.289666712 0.266555774 0 0 0
B@CP 2464 0.202887072 0.21556718 0.24167858 0 0 0
B@CP 2465 -0.177607424 -0.16013496 0.396944884 0 0 0
B@CP 2467 0.0872888427 0.123643625 -0.0259671507 0 0 0
B@CP 2475 -0.0290631164 0.303773212 0.305663385 0 0 0
B@CP 2479 0.00481491146 -0.0640817996 0.0451446698 0 0 0
B@CP 2482 -0.0755555893 0.144916474 0.0674192346 0 0 0
B@CP 2491 0.289178643 -0.0526357724 -0.0646250424 0 0 0
B@CP 2492 -0.00722759593 0.183454906 -0.0243954875 0 0 0
B@CP 2494 0.082782145 -0.00459604435 -0.373450115 0 0 0
B@CP 2496 0.247857693 0.285999402 0.213824813 0 0 0
B@CP 2498 -0.162548896 0.3806244 0.171028735 0 0 0
C@CP 2500 0.0119201978 -0.272458929 0.169583064 0 0 0
C@CP 2501 -0.155673304 -0.0729755247 0.421265458 0 0 0
C@CP 2502 -0.050662227 0.036600464 -0.0322144594 0 0 0
C@CP 2503 0.345027124 0.142128008 -0.221725842 0 0 0
C@CP 2504 -0.236005342 0.398196836 -0.0741416961 0 0 0
C@CP 2505 -0.152260908 -0.377051335 -0.107365522 0 0 0
C@CP 2506 0.104167001 0.190139623 -0.219627107 0 0 0
C@CP 2507 -0.0772118426 -0.0604982713 -0.0249447814 0 0 0
C@CP 2508 -0.333995198 -0.260038063 -0.0300718652 0 0 0
C@CP 2509 0.36404645 0.0106228404 0.249732881 0 0 0
C@CP 2510 -0.262667104 -0.304831508 0.0553852071 0 0 0
C@CP 2511 0.308588847 0.172490104 0.00446198543 0 0 0
C@CP 2512 -0.110222494 0.0338252788 -0.201079012 0 0 0
C@CP 2513 0.0158939704 0.0268856216 -0.470937319 0 0 0
C@CP 2514 -0.153054623 -0.37158188 0.10416971 0 0 0
C@CP 2515 0.0675579066 0.165462706 0.367752215 0 0 0
C@CP 2516 -0.332525743 -0.130524159 0.232579128 0 0 0
C@CP 2517 0.0205839514 -0.148214909 0.213933582 0 0 0
C@CP 2518 0.0829985544 0.0346811856 0.25095223 0 0 0
C@CP 2519 0.261128025 -0.30651245 -0.186064332 0 0 0
C@CP 2520 0.202153233 0.222235889 -0.12270975 0 0 0
C@CP 2521 -0.364697894 0.246210775 -0.15624025 0 0 0
C@CP 2522 -0.318460058 -0.000638793011 -0.0550156245 0 0 0
C@CP 2523 0.279514027 -0.334976349 -0.0175874743 0 0 0
C@CP 2524 -0.22669819 0.104360396 -0.174164558 0 0 0
C@CP 2525 0.00227286775 -0.201304117 0.115586301 0 0 0
C@CP 2526 -0.158156221 0.245041093 0.0773682991 0 0 0
C@CP 2527 -0.371902828 0.244921084 0.0417997666 0 0 0
C@CP 2528 0.171553982 0.192210675 0.143384914 0 0 0
C@CP 2529 0.0509955975 -0.353901102 -0.107499556 0 0 0
C@CP 2530 0.273584535 0.0265077843 0.355793908 0 0 0
C@CP 2531 -0.324843552 0.262892072 -0.196572465 0 0 0
C@CP 2532 -0.229343117 0.0372440756 -0.305112091 0 0 0
C@CP 2533 0.150328179 -0.425075194 0.0450649377 0 0 0
C@CP 2534 -0.156216241 0.150404478 -0.118606063 0 0 0
C@CP 2535 0.186163995 -0.0551849807 -0.33718437 0 0 0
C@CP 2536 -0.301889429 -0.222580324 -0.114398517 0 0 0
C@CP 2537 -0.367783907 -0.195219183 0.120578144 0 0 0
C@CP 2538 -0.224716021 -0.020905601 0.362484086 0 0 0
C@CP 2539 0.286078158 -0.167086781 -0.203917721 0 0 0
C@CP 2540 0.433839591 0.000873249911 -0.111632287 0 0 0
C@CP 2541 -0.245692612 0.184699264 0.0376600414 0 0 0
C@CP 2542 0.0136444794 0.156940917 0.118009737 0 0 0
C@CP 2543 -0.324303173 0.0871983887 -0.306174577 0 0 0
C@CP 2544 0.31775955 0.224801283 0.0868304333 0 0 0
C@CP 2545 0.167780243 0.383428783 -0.196577773 0 0 0
C@CP 2546 0.0903303154 0.429275698 -0.0338258581 0 0 0
C@CP 2547 -0.0385700001 0.382338268 0.210633354 0 0 0
C@CP 2548 0.135697275 -0.120901659 -0.33948086 0 0 0
C@CP 2549 0.303981867 -0.151492574 0.197687591 0 0 0
C@CP 2550 0.348286927 -0.0831669153 -0.0669607728 0 0 0
C@CP 2551 -0.196992017 0.156470406 0.142800793 0 0 0
C@CP 2552 -0.184183017 -0.357979249 -0.198948877 0 0 0
C@CP 2553 0.100407904 -0.157844434 0.399970098 0 0 0
C@CP 2554 0.0425623052 -0.380734484 -0.0955242937 0 0 0
C@CP 2555 0.189834485 0.203360275 -0.0752111875 0 0 0
C@CP 2556 0.421944954 -0.0406762576 -0.16068115 0 0 0
C@CP 2557 -0.146366647 0.240690155 0.240560458 0 0 0
C@CP 2558 -0.134983085 0.0433339827 -0.331838364 0 0 0
C@CP 2559 -0.365036029 -0.172516974 0.0970571877 0 0 0
C@CP 2560 0.342639036 -0.216374502 0.149754526 0 0 0
C@CP 2561 0.189304995 -0.16788066 0.00125764035 0 0 0
C@CP 2562 0.313601401 -0.0270123299 0.0989938548 0 0 0
C@CP 2563 -0.037203458 -0.0337172266 -0.278332099 0 0 0
C@CP 2564 -0.0896496761 0.396099892 -0.0194386605 0 0 0
C@CP 2565 -0.24392007 -0.215948608 0.3086552 0 0 0
C@CP 2566 0.0356864482 0.305346114 0.274459218 0 0 0
C@CP 2567 -0.050363604 0.107722363 -0.422315848 0 0 0
C@CP 2568 0.0366315293 -0.170945287 0.335923342 0 0 0
C@CP 2569 0.307107897 0.124615498 0.288465451 0 0 0
C@CP 2570 0.162088334 0.22624009 -0.308005636 0 0 0
C@CP 2571 0.000375863175 -0.157877038 -0.334671222 0 0 0
C@CP 2572 0.282304996 0.203801993 0.107542425 0 0 0
C@CP 2573 0.052455429 -0.33698365 -0.101982445 0 0 0
C@CP 2574 0.0773643781 -0.341618644 -0.277291751 0 0 0
C@CP 2575 -0.0228914087 -0.202872298 0.0290038559 0 0 0
C@CP 2576 0.215953027 -0.212500109 0.0172982406 0 0 0
C@CP 2577 -0.113529693 0.230711658 0.218781172 0 0 0
C@CP 2578 -0.145324831 -0.416495006 -0.0925639857 0 0 0
C@CP 2579 0.110004608 -0.364994525 -0.286382749 0 0 0
C@CP 2580 0.14880778 0.142236434 0.322175201 0 0 0
C@CP 2581 -0.00174569348 0.319089009 0.186628143 0 0 0
C@CP 2582 -0.160487624 -0.276558531 0.252037209 0 0 0
C@CP 2583 0.0936527649 -0.155416941 0.418023461 0 0 0
C@CP 2584 -0.00121486548 -0.433438347 0.0231246732 0 0 0
C@CP 2585 0.104831888 0.376605703 -0.0129003018 0 0 0
C@CP 2586 -0.393270718 0.0277479404 0.0284503086 0 0 0
C@CP 2587 -0.00260147398 -0.156210395 -0.250353829 0 0 0
C@CP 2588 -0.189722986 -0.146358415 0.221198588 0 0 0
C@CP 2589 0.0356357176 -0.027998628 0.458044908 0 0 0
C@CP 2590 0.0769973631 0.326148601 -0.225534444 0 0 0
C@CP 2591 -0.224127307 0.292575371 0.0906123708 0 0 0
C@CP 2592 0.210224677 0.143509899 0.397639651 0 0 0
C@CP 2593 0.236146358 0.235815539 -0.201933122 0 0 0
C@CP 2594 -0.247063136 -0.311961514 0.0621347007 0 0 0
C@CP 2595 0.0548916713 0.0691852321 -0.170049392 0 0 0
C@CP 2596 0.345381984 -0.165044106 0.22192675 0 0 0
C@CP 2597 0.402433845 0.107087399 -0.0309409158 0 0 0
C@CP 2598 -0.244482806 0.193271908 0.114389162 0 0 0
C@CP 2599 -0.368745885 0.123155959 0.226591352 0 0 0
C@CP 2600 0.176970705 -0.401011953 0.138611185 0 0 0
C@CP 2601 -0.255537486 0.214297934 -0.039005564 0 0 0
C@CP 2602 0.0789358389 0.326947552 0.156266546 0 0 0
C@CP 2603 0.0260301029 0.290871372 0.159500187 0 0 0
C@CP 2604 0.0918493157 -0.0486448249 -0.248019716 0 0 0
C@CP 2605 -0.256722692 0.0360564883 0.0508535175 0 0 0
C@CP 2606 0.209785752 -0.0245954229 -0.115790712 0 0 0
C@CP 2607 0.193894492 -0.116831877 -0.18448571 0 0 0
C@CP 2608 0.197698984 0.121758018 -0.170935963 0 0 0
C@CP 2609 -0.0479296259 -0.2407686 -0.319155272 0 0 0
C@CP 2610 0.0972696015 -0.325439524 -0.165070293 0 0 0
C@CP 2611 0.205731603 0.0874738876 0.114596642 0 0 0
C@CP 2612 -0.0314557083 -0.232416931 -0.150951337 0 0 0
C@CP 2613 -0.210317734 -0.173213656 0.179719663 0 0 0
C@CP 2614 0.323420753 -0.322695283 -0.00738382415 0 0 0
C@CP 2615 -0.0543453871 -0.00150884172 -0.354383417 0 0 0
C@CP 2616 0.265671563 0.349963434 0.0163015208 0 0 0
C@CP 2617 -0.140627031 -0.10285406 -0.25865754 0 0 0
C@CP 2618 -0.353579367 0.0537515125 0.138060024 0 0 0
C@CP 2619 -0.0699908841 0.240579459 0.130729288 0 0 0
C@CP 2620 -0.448557141 -0.0747097314 -0.102166442 0 0 0
C@CP 2621 -0.205328903 -0.137324501 -0.190331694 0 0 0
C@CP 2622 0.0665289489 0.169015257 0.176520891 0 0 0
C@CP 2623 0.209436512 -0.301132748 0.137066502 0 0 0
C@CP 2624 -0.00108578148 0.412929172 0.0596759863 0 0 0
C@CP 2625 0.219584657 -0.174812095 0.277638487 0 0 0
C@CP 2626 0.289911378 -0.215468502 -0.253766727 0 0 0
C@CP 2627 -0.146416083 0.10654281 0.0549139158 0 0 0
C@CP 2628 -0.405634009 0.156088796 0.110198148 0 0 0
C@CP 2629 -0.176946279 0.0691831855 -0.354287481 0 0 0
C@CP 2630 -0.18502526 -0.401766943 0.180881525 0 0 0
C@CP 2631 0.289674842 -0.0756532326 0.255771737 0 0 0
C@CP 2632 0.164412018 0.352532082 -0.167166429 0 0 0
C@CP 2633 -0.315658091 -0.261634156 -0.065171475 0 0 0
C@CP 2634 0.19571513 -0.0967440466 0.0277115994 0 0 0
C@CP 2635 -0.38853679 -0.0355699238 -0.186872703 0 0 0
C@CP 2636 -0.163738673 -0.146624741 0.144641539 0 0 0
C@CP 2637 0.280965701 -0.342526654 0.101975363 0 0 0
C@CP 2638 0.279871346 -0.240075739 -0.0201064404 0 0 0
C@CP 2639 -0.0689706378 0.256078977 0.0791729998 0 0 0
C@CP 2640 -0.0813943075 0.202207093 -0.199301422 0 0 0
C@CP 2641 0.0279420051 -0.428962739 0.107465305 0 0 0
C@CP 2642 -0.192299334 -0.22730424 0.0182852117 0 0 0
C@CP 2643 0.0930543118 0.0718432807 -0.306710137 0 0 0
C@CP 2644 0.198990738 0.151251941 0.283493108 0 0 0
C@CP 2645 -0.00696436688 0.402679981 -0.219621949 0 0 0
C@CP 2646 0.155288568 -0.281586774 -0.0804805942 0 0 0
C@CP 2647 -0.308999156 0.0612641916 0.173814063 0 0 0
C@CP 2648 -0.179513619 0.262721417 0.0623361414 0 0 0
C@CP 2649 -0.265874144 0.187978071 -0.16304757 0 0 0
C@CP 2650 -0.0743991573 0.290712947 -0.246742752 0 0 0
C@CP 2651 0.117391638 0.114593333 0.244490595 0 0 0
C@CP 2652 0.165861243 -0.372433618 0.0619750069 0 0 0
C@CP 2653 -0.0385782232 0.0639571679 0.170770561 0 0 0
C@CP 2654 0.212158039 -0.229867989 -0.138498108 0 0 0
C@CP 2655 -0.236284184 0.272777482 -0.0404286801 0 0 0
C@CP 2656 -0.0437075339 0.148658179 -0.159559126 0 0 0
C@CP 2657 -0.00988541381 0.113781181 -0.0581582126 0 0 0
C@CP 2658 0.384419934 -0.0706772124 0.0773315668 0 0 0
C@CP 2659 0.16646948 -0.11991675 -0.0943059122 0 0 0
C@CP 2660 0.0172096564 0.150954062 -0.198324894 0 0 0
C@CP 2661 0.385611995 -0.0999006494 -0.243599261 0 0 0
C@CP 2662 -0.131104064 -0.264475462 0.226789934 0 0 0
C@CP 2663 -0.201412138 -0.131537861 -0.286479649 0 0 0
C@CP 2664 0.222390473 0.0862659892 0.0315527245 0 0 0
C@CP 2665 -0.167666899 0.372878306 -0.09755685 0 0 0
C@CP 2666 -0.231466423 -0.105952108 -0.281651885 0 0 0
C@CP 2667 -0.234738423 -0.108580172 -0.0697656148 0 0 0
C@CP 2668 -0.149302388 0.0787523211 0.0719819283 0 0 0
C@CP 2669 0.333788218 0.0564152788 0.0959968666 0 0 0
C@CP 2670 -0.240243862 -0.25096139 0.217764524 0 0 0
C@CP 2671 -0.299520718 -0.275039704 0.0897719787 0 0 0
C@CP 2672 0.00743785102 0.0810023101 0.385297995 0 0 0
C@CP 2673 -0.191196773 0.0859295559 -0.197402795 0 0 0
C@CP 2674 -0.0985580788 -0.268336658 0.243293664 0 0 0
C@CP 2675 0.00694820259 0.0975584066 0.404806432 0 0 0
C@CP 2676 -0.270329851 -0.133114154 -0.373253449 0 0 0
C@CP 2677 0.149912139 -0.351434998 -0.0409712793 0 0 0
C@CP 2678 -0.210696965 -0.129198923 0.148035218 0 0 0
C@CP 2679 -0.171210562 -0.102732769 -0.0669833161 0 0 0
C@CP 2680 -0.300066811 -0.0642822646 -0.0114117264 0 0 0
C@CP 2681 0.255989229 -0.316017537 0.207193217 0 0 0
C@CP 2682 -0.0659052834 -0.153329145 0.156571809 0 0 0
C@CP 2683 -0.0536157379 -0.110910523 -0.117196809 0 0 0
C@CP 2684 -0.338890169 -0.103056468 -0.0584463899 0 0 0
C@CP 2685 0.421946411 -0.139278031 0.111388197 0 0 0
C@CP 2686 -0.0842261343 0.339697751 -0.224693628 0 0 0
C@CP 2687 0.141779805 -0.314901849 0.252171314 0 0 0
C@CP 2688 0.0631988459 -0.17491862 0.0136795179 0 0 0
C@CP 2689 -0.112081319 0.328481556 0.0635772633 0 0 0
C@CP 2690 -0.0614071327 0.118027772 0.423464529 0 0 0
C@CP 2691 -0.158059588 -0.24800174 0.0306944918 0 0 0
C@CP 2692 -0.00318843856 0.0301925167 0.442038658 0 0 0
C@CP 2693 -0.117080488 -0.189176003 -0.291889623 0 0 0
C@CP 2694 0.16914654 -0.381987174 -0.196734455 0 0 0
C@CP 2695 0.00186212178 0.393179854 0.243068599 0 0 0
C@CP 2696 -0.383178481 -0.233618815 0.133919316 0 0 0
C@CP 2697 0.215722299 0.206423612 -0.286483927 0 0 0
C@CP 2698 -0.29027936 -0.0709357876 0.0067535658 0 0 0
C@CP 2699 0.0694726468 0.201326431 0.0612463274 0 0 0
C@CP 2700 0.159721039 0.407337504 0.0738295895 0 0 0
C@CP 2701 0.00732054182 -0.424685694 -0.0716904 0 0 0
C@CP 2702 0.181232136 -0.0974462692 0.113076706 0 0 0
C@CP 2703 0.0750595284 -0.12452765 0.254283802 0 0 0
C@CP 2704 0.216992121 0.0911391025 0.395970798 0 0 0
C@CP 2705 0.0140565167 -0.317189631 0.0435157519 0 0 0
C@CP 2706 0.264182801 -0.257475993 0.144808182 0 0 0
C@CP 2707 -0.156484134 -0.258951782 -0.340457273 0 0 0
C@CP 2708 -0.217733903 0.013662437 -0.258535719 0 0 0
C@CP 2709 -0.154600485 0.28234274 -0.102172199 0 0 0
C@CP 2710 0.105565096 -0.37949425 -0.0792193813 0 0 0
C@CP 2711 -0.188527463 -0.2935336 -0.290839325 0 0 0
C@CP 2712 0.192223923 -0.153321033 -0.0218460426 0 0 0
C@CP 2713 0.174816317 -0.0930375504 -0.190493562 0 0 0
C@CP 2714 -0.00908852842 0.315886312 0.150741803 0 0 0
C@CP 2715 0.242887355 0.0533349423 0.234439544 0 0 0
C@CP 2716 -0.0452706796 -0.241807735 -0.240513332 0 0 0
C@CP 2717 0.0366477367 0.0886537118 -0.36795118 0 0 0
C@CP 2718 0.0734918148 -0.200465598 0.178693892 0 0 0
C@CP 2719 0.327355487 -0.131868814 -0.069066573 0 0 0
C@CP 2720 0.200913653 0.198633859 -0.00454279175 0 0 0
C@CP 2721 0.0231447922 -0.0576704578 -0.0742742831 0 0 0
C@CP 2722 0.0386660919 0.121605708 -0.0290527485 0 0 0
C@CP 2723 -0.0722964803 -0.00947292796 -0.0409940419 0 0 0
C@CP 2724 0.416404716 -0.09868564 -0.172575 0 0 0
C@CP 2725 -0.0564864716 -0.0679584094 -0.361132368 0 0 0
C@CP 2726 0.236231209 0.126977639 0.248970136 0 0 0
C@CP 2727 0.24965301 0.0296291967 -0.0631801518 0 0 0
C@CP 2728 0.207022213 0.137602209 0.334053493 0 0 0
C@CP 2729 -0.0142472593 0.442161102 -0.0714242522 0 0 0
C@CP 2730 -0.0855988326 0.414085042 0.127636402 0 0 0
C@CP 2731 -0.05750461 0.409447278 0.220188173 0 0 0
C@CP 2732 -0.114515329 0.289089488 -0.172254939 0 0 0
C@CP 2733 -0.340697082 -0.0298449642 -0.263326552 0 0 0
C@CP 2734 -0.144551422 -0.218888381 -0.291328202 0 0 0
C@CP 2735 0.0226446679 -0.365537477 0.184045687 0 0 0
C@CP 2736 0.321330509 -0.0883868187 -0.0430229416 0 0 0
C@CP 2737 -0.0879421474 -0.0985171501 0.439825773 0 0 0
C@CP 2738 0.251213396 0.360668277 -0.0790927323 0 0 0
C@CP 2739 0.12014955 0.241095803 0.237877557 0 0 0
C@CP 2740 0.144051472 0.237230956 0.0664705706 0 0 0
C@CP 2741 0.337899976 0.0502283445 -0.00688573301 0 0 0
C@CP 2742 0.0732395426 0.157458256 -0.368806988 0 0 0
C@CP 2743 0.00391183836 0.113175235 -0.354958493 0 0 0
C@CP 2744 -0.223261168 -0.226935611 -0.287551306 0 0 0
C@CP 2745 -0.338868859 -0.09321064 -0.309596489 0 0 0
C@CP 2746 0.151616906 -0.00989008354 0.122502395 0 0 0
C@CP 2747 0.317364167 0.236275249 0.103596271 0 0 0
C@CP 2748 0.211724863 0.368907924 0.130910154 0 0 0
C@CP 2749 0.265938365 -0.264845346 0.0850036959 0 0 0
C@CP 2750 0.141388661 -0.0976626164 0.19974154 0 0 0
C@CP 2751 -0.380604979 -0.182935169 0.0495642858 0 0 0
C@CP 2752 -0.128910567 -0.0590934759 0.0156768005 0 0 0
C@CP 2753 -0.119148993 -0.200574317 0.0647717074 0 0 0
C@CP 2754 0.25474822 -0.217072078 -0.200916308 0 0 0
C@CP 2755 -0.0223865338 0.320040447 0.290810696 0 0 0
C@CP 2756 0.169026735 0.000860402564 -0.20818918 0 0 0
C@CP 2757 -0.100683307 0.184260353 0.354832541 0 0 0
C@CP 2758 0.150640707 0.349850121 -0.135077234 0 0 0
C@CP 2759 -0.304047367 0.014456707 0.132133827 0 0 0
C@CP 2760 0.0135134805 0.347439665 0.0647540015 0 0 0
C@CP 2761 -0.00886366457 -0.141385317 0.178117288 0 0 0
C@CP 2762 -0.13430532 0.156226667 0.348440926 0 0 0
C@CP 2763 0.258635042 0.128373305 0.327396563 0 0 0
C@CP 2764 0.203549059 -0.0490634415 0.369018621 0 0 0
C@CP 2765 0.237840878 0.157983746 -0.0991488683 0 0 0
C@CP 2766 -0.327424902 -0.126163817 0.0521647291 0 0 0
C@CP 2767 -0.151095765 0.122304251 0.206221499 0 0 0
C@CP 2768 -0.258878138 -0.301254484 0.00662800743 0 0 0
C@CP 2769 0.104044193 0.301753896 -0.110556841 0 0 0
C@CP 2770 0.218124253 0.0628233796 0.0789817713 0 0 0
C@CP 2771 -0.0237582997 -0.192304809 -0.419031269 0 0 0
C@CP 2772 -0.30204578 -0.0350099977 0.126700835 0 0 0
C@CP 2773 -0.165329521 -0.4081277 0.0516529395 0 0 0
C@CP 2774 -0.024321059 -0.249481524 0.288156168 0 0 0
C@CP 2775 0.218568965 -0.0847363279 -0.295571549 0 0 0
C@CP 2776 -0.181996255 -0.305525525 0.298709571 0 0 0
C@CP 2777 0.0965879999 -0.382581105 0.0927214289 0 0 0
C@CP 2778 -0.345014884 0.117934739 0.0708640262 0 0 0
C@CP 2779 -0.0591563428 0.0952963066 0.374822804 0 0 0
C@CP 2780 -0.0441661299 0.145642249 -0.346466182 0 0 0
C@CP 2781 -0.200766322 0.328907242 -0.265500089 0 0 0
C@CP 2782 0.0705443542 0.071451116 0.386177287 0 0 0
C@CP 2783 0.0297010039 -0.258635723 0.00303514207 0 0 0
C@CP 2784 0.122761992 -0.014872891 -0.184702782 0 0 0
C@CP 2785 0.0845485432 -0.206960538 0.1801386 0 0 0
C@CP 2786 -0.372533896 0.262319846 -0.0543367099 0 0 0
C@CP 2788 0.3133559 0.11649976 0.0366542815 0 0 0
C@CP 2789 -0.197962846 -0.209927271 0.334249232 0 0 0
C@CP 2790 0.159556675 -0.414442887 0.00356231864 0 0 0
C@CP 2791 -0.147574807 0.17626581 0.319475233 0 0 0
C@CP 2792 0.100013652 -0.0393340487 0.0225032597 0 0 0
C@CP 2793 0.12075773 0.0860328515 0.23149122 0 0 0
C@CP 2794 0.127602247 -0.0438573556 0.0822229652 0 0 0
C@CP 2795 -0.332969281 -0.00196470248 -0.279111326 0 0 0
C@CP 2796 -0.295775799 0.0204090428 0.336794038 0 0 0
C@CP 2797 -0.0881583126 -0.0926452691 0.285035424 0 0 0
C@CP 2798 0.143234795 0.417407579 -0.135160579 0 0 0
C@CP 2799 -0.0665905604 -0.409637974 -0.207008515 0 0 0
C@CP 2800 0.110006265 0.34312509 -0.13282246 0 0 0
C@CP 2801 0.00986873169 -0.148243286 -0.0535133698 0 0 0
C@CP 2802 0.0935634338 -0.341400642 0.281681614 0 0 0
C@CP 2803 0.425153182 -0.133747466 -0.00570563824 0 0 0
C@CP 2804 -0.261875421 0.208689146 -0.109754885 0 0 0
C@CP 2805 -0.206798768 -0.28834761 -0.168043705 0 0 0
C@CP 2806 -0.0435055491 -0.12081191 -0.287524516 0 0 0
C@CP 2807 -0.146665575 0.310173047 0.0839471534 0 0 0
C@CP 2808 0.156675159 0.139498212 -0.132178245 0 0 0
C@CP 2809 0.38146561 -0.0145848345 -0.106358017 0 0 0
C@CP 2810 -0.187812696 0.0136833503 0.178285658 0 0 0
C@CP 2811 0.229212119 -0.0816657088 0.351028029 0 0 0
C@CP 2812 -0.289632746 -0.324482581 0.0040480706 0 0 0
C@CP 2813 0.224266691 0.283704925 -0.06674785 0 0 0
C@CP 2814 -0.0806105545 0.0785068488 0.0954056836 0 0 0
C@CP 2815 -0.213969249 0.0527839868 -0.389526518 0 0 0
C@CP 2816 0.0702195327 -0.110522476 -0.115845658 0 0 0
C@CP 2817 0.343967486 0.085941782 0.0956730178 0 0 0
C@CP 2818 0.282577108 -0.297826023 -0.148953118 0 0 0
C@CP 2819 -0.250125149 0.0350412692 0.330133636 0 0 0
C@CP 2820 0.205122093 -0.0420064607 -0.343841075 0 0 0
C@CP 2821 -0.0872593782 0.259114745 -0.0310202474 0 0 0
C@CP 2822 -0.225444398 -0.029951145 0.352436713 0 0 0
C@CP 2823 0.183005348 0.397261697 0.0343018279 0 0 0
C@CP 2824 0.276621224 0.231796533 0.115499545 0 0 0
C@CP 2825 0.0445958504 0.32320026 -0.244031856 0 0 0
C@CP 2826 0.323410577 0.218039833 0.0454708685 0 0 0
C@CP 2827 -0.278672898 -0.268594191 0.000845924191 0 0 0
C@CP 2828 -0.140113758 0.194335112 0.150541498 0 0 0
C@CP 2829 -0.341682603 -0.130270966 -0.227791469 0 0 0
C@CP 2830 -0.305353437 0.00269993871 -0.273595648 0 0 0
C@CP 2831 0.286952154 0.0746866359 0.185958795 0 0 0
C@CP 2832 -0.0818710958 0.372096694 -0.212091941 0 0 0
C@CP 2833 -0.315857705 -0.131469185 -0.0885564633 0 0 0
C@CP 2834 -0.0896931587 -0.0634921352 0.130507741 0 0 0
C@CP 2835 0.2531677 -0.022325621 0.0646516972 0 0 0
C@CP 2836 -0.022900748 -0.134164962 -0.256194082 0 0 0
C@CP 2837 0.1209177 -0.248190631 -0.0345927884 0 0 0
C@CP 2838 -0.371011274 0.103481131 -0.0565268837 0 0 0
C@CP 2839 0.104399391 0.140933028 -0.124303026 0 0 0
C@CP 2840 -0.0427406314 0.291560143 0.13449067 0 0 0
C@CP 2841 -0.0470086407 -0.0288497593 -0.125205274 0 0 0
C@CP 2842 0.37457044 -0.153072956 -0.0990668321 0 0 0
C@CP 2843 0.313292885 -0.15184611 -0.0267818264 0 0 0
C@CP 2844 -0.304147808 -0.0844645019 -0.00828525926 0 0 0
C@CP 2845 -0.223687127 0.323167701 0.0100562221 0 0 0
C@CP 2846 0.22855252 -0.217261977 0.345028488 0 0 0
C@CP 2847 -0.311691121 0.318596709 -0.0843274511 0 0 0
C@CP 2848 0.294920414 0.0626613719 -0.0521753128 0 0 0
C@CP 2849 -0.228698193 0.17144955 0.000495798254 0 0 0
C@CP 2850 0.176173619 0.33764067 0.104331909 0 0 0
C@CP 2851 -0.284680716 -0.161388807 -0.311624243 0 0 0
C@CP 2852 -0.0759005843 0.168574689 -0.178903415 0 0 0
C@CP 2853 0.36957491 -0.141879839 0.00559534458 0 0 0
C@CP 2854 0.0556156564 -0.251682871 -0.294726175 0 0 0
C@CP 2855 0.339070827 -0.0515805238 -0.118033202 0 0 0
C@CP 2856 -0.0203413613 0.0726812669 0.232132845 0 0 0
C@CP 2857 -0.0963858204 0.0845015406 -0.213516954 0 0 0
C@CP 2858 0.179523961 0.242019542 -0.143486347 0 0 0
C@CP 2859 0.240130474 0.162852414 0.377943264 0 0 0
C@CP 2860 0.142159576 -0.167647932 -0.24143906 0 0 0
C@CP 2861 -0.222682964 -0.133756345 0.398359306 0 0 0
C@CP 2862 0.105770914 0.343764918 -0.284573103 0 0 0
C@CP 2863 -0.25531024 -0.0677069296 -0.279058947 0 0 0
C@CP 2864 -0.0865303498 0.434884148 -0.045623882 0 0 0
C@CP 2865 0.335575672 -0.0695023614 0.160735147 0 0 0
C@CP 2866 -0.288623896 -0.285813918 -0.141227994 0 0 0
C@CP 2867 -0.327546909 0.253116159 0.0196826222 0 0 0
C@CP 2868 0.217926592 0.0779449013 -0.151619897 0 0 0
C@CP 2869 -0.135191968 0.069357411 0.0178013461 0 0 0
C@CP 2870 0.204978522 -0.200928874 0.0281944319 0 0 0
C@CP 2871 -0.017002036 -0.236725593 0.399059929 0 0 0
C@CP 2872 -0.243999656 0.153161011 -0.158903212 0 0 0
C@CP 2873 -0.178731818 0.0294055618 -0.328564043 0 0 0
C@CP 2874 0.313062094 -0.225995766 -0.192612646 0 0 0
C@CP 2875 -0.316869314 -0.115679966 -0.0637899236 0 0 0
C@CP 2876 -0.297077748 0.0146224409 -0.129024478 0 0 0
C@CP 2877 0.159963621 0.0109128058 -0.141890888 0 0 0
C@CP 2878 -0.059086029 -0.458113081 0.0793193742 0 0 0
C@CP 2879 -0.0416228828 -0.348596117 -0.0320582471 0 0 0
C@CP 2880 0.0588769874 0.305751847 -0.214594101 0 0 0
C@CP 2881 -0.171928926 -0.365838443 0.129021954 0 0 0
C@CP 2882 0.103010224 -0.221932384 -0.124603824 0 0 0
C@CP 2883 -0.157230383 -0.335245298 -0.241074527 0 0 0
C@CP 2884 -0.155720867 -0.249330235 -0.245624596 0 0 0
C@CP 2885 -0.401215548 -0.0938392742 0.0148842216 0 0 0
C@CP 2886 -0.261435691 0.245662886 0.213527323 0 0 0
C@CP 2887 -0.330913624 -0.238914635 -0.177247747 0 0 0
C@CP 2888 -0.0709197612 0.0720636445 -0.404169335 0 0 0
C@CP 2889 0.174328825 -0.370322286 -0.236981391 0 0 0
C@CP 2890 -0.339745092 -0.00770885868 0.000521764589 0 0 0
C@CP 2891 -0.0338359459 0.244529294 -0.31794511 0 0 0
C@CP 2892 -0.31323308 -0.333540725 -0.0603319151 0 0 0
C@CP 2893 0.103230978 0.201913074 0.2839018 0 0 0
C@CP 2894 0.0806021161 -0.255288084 -0.149946007 0 0 0
C@CP 2895 0.0795036696 0.241098919 -0.337030606 0 0 0
C@CP 2896 -0.280946886 -0.0570423722 -0.188686523 0 0 0
C@CP 2897 -0.200273573 -0.206295281 0.318437386 0 0 0
C@CP 2898 -0.00453669697 0.0509520643 0.419293297 0 0 0
C@CP 2899 0.206350805 0.0783402333 0.17050978 0 0 0
C@CP 2900 -0.0217414399 -0.364259496 0.126784816 0 0 0
C@CP 2901 0.290870857 -0.179477689 0.190108385 0 0 0
C@CP 2902 -0.183170041 0.0114612439 -0.160294721 0 0 0
C@CP 2903 -0.0503858417 -0.260643039 -0.262122852 0 0 0
C@CP 2904 0.4288522 -0.122481296 0.0588050279 0 0 0
C@CP 2905 0.390768413 0.0136672959 0.148777368 0 0 0
C@CP 2906 0.253837149 0.129457291 -0.165240975 0 0 0
C@CP 2907 0.245131127 -0.334549305 -0.0976287118 0 0 0
C@CP 2908 0.307393248 -0.0924851073 0.269234374 0 0 0
C@CP 2909 0.110167016 0.176000105 -0.183375948 0 0 0
C@CP 2910 -0.26752299 -0.0201954684 -0.0724858359 0 0 0
C@CP 2911 -0.263509936 0.0264904559 0.191246944 0 0 0
C@CP 2912 0.123264358 0.165927536 0.0325144423 0 0 0
C@CP 2913 0.385751907 -0.240305426 0.0874232938 0 0 0
C@CP 2914 0.0183123821 0.364204197 0.203181723 0 0 0
C@CP 2915 -0.0600197704 -0.186616079 0.074218558 0 0 0
C@CP 2916 0.226163806 0.368541323 -0.0503198251 0 0 0
C@CP 2917 -0.312612189 -0.232108602 -0.180693931 0 0 0
C@CP 2918 0.0646668597 0.387189845 -0.181210475 0 0 0
C@CP 2919 -0.343371508 -0.013531293 0.179364142 0 0 0
C@CP 2920 0.300970743 -0.334780434 -0.0671718487 0 0 0
C@CP 2921 -0.379843115 0.226296431 0.0331030614 0 0 0
C@CP 2922 -0.245211124 -0.199833026 0.0196977484 0 0 0
C@CP 2923 -0.257891076 -0.300194077 -0.0216260872 0 0 0
C@CP 2924 -0.195326088 -0.0388731633 0.194596473 0 0 0
C@CP 2925 0.0542239777 -0.00607525353 0.155383831 0 0 0
C@CP 2926 0.111525378 0.324524949 0.000943411809 0 0 0
C@CP 2927 -0.0338386744 -0.12371574 0.325531539 0 0 0
C@CP 2928 0.0219725771 0.0217574006 0.0775408 0 0 0
C@CP 2929 0.236659597 0.0356170155 0.248898829 0 0 0
C@CP 2930 -0.427983467 0.0565282162 -0.178816171 0 0 0
C@CP 2931 -0.120363049 -0.153130642 -0.33336474 0 0 0
C@CP 2932 -0.371317403 0.206785586 0.183036675 0 0 0
C@CP 2933 -0.258182975 0.228089696 -0.233929319 0 0 0
C@CP 2934 -0.00411811224 0.330703508 -0.248522022 0 0 0
C@CP 2935 -0.164702526 0.147406872 -0.0476524825 0 0 0
C@CP 2936 0.17804822 0.301884452 0.220143691 0 0 0
C@CP 2937 0.191153104 0.253851119 -0.299470449 0 0 0
C@CP 2938 0.175322653 -0.0385244436 -0.187658927 0 0 0
C@CP 2939 0.117031723 -0.0228256701 -0.115647029 0 0 0
C@CP 2940 -0.0680670552 0.0055937342 0.0596350566 0 0 0
C@CP 2941 -0.154172618 0.0512893869 -0.218636333 0 0 0
C@CP 2942 0.161348915 -0.0694433345 -0.0590128026 0 0 0
C@CP 2943 0.125229509 -0.0351869592 -0.409641185 0 0 0
C@CP 2944 0.0476138947 -0.108675864 -0.286065401 0 0 0
C@CP 2945 -0.284500376 0.317719182 -0.102122927 0 0 0
C@CP 2946 -0.0917885185 -0.0200825086 -0.382088474 0 0 0
C@CP 2947 0.277323783 -0.0373942763 0.236627114 0 0 0
C@CP 2948 0.119211638 -0.297390577 -0.0512516768 0 0 0
C@CP 2949 -0.0289251233 0.0622638345 -0.403908408 0 0 0
C@CP 2950 0.0282493404 0.268304336 -0.231555695 0 0 0
C@CP 2951 -0.197102224 -0.345224433 -0.175041384 0 0 0
C@CP 2952 0.0792549795 0.0410769237 -0.208785242 0 0 0
C@CP 2953 -0.161270067 0.100134363 0.407309681 0 0 0
C@CP 2954 0.0415553375 0.0636091573 -0.0659489715 0 0 0
C@CP 2955 0.291171203 -0.334398665 0.0102935319 0 0 0
C@CP 2956 0.28369623 0.298227979 0.0335139721 0 0 0
C@CP 2957 -0.00877735439 0.130279826 -0.448167884 0 0 0
C@CP 2958 -0.271044163 -0.111742899 0.260492214 0 0 0
C@CP 2959 -0.0534545571 0.00217871143 0.415696918 0 0 0
C@CP 2960 0.11514708 0.256117161 -0.136821999 0 0 0
C@CP 2961 -0.017969046 0.0337569761 -0.332540442 0 0 0
C@CP 2962 0.153268655 0.426769015 0.0795148031 0 0 0
C@CP 2963 0.130096233 0.278427308 -0.199559801 0 0 0
C@CP 2964 -0.0661377361 0.373846247 0.137550127 0 0 0
C@CP 2965 -0.347294472 -0.270674617 -0.176417088 0 0 0
C@CP 2966 0.196002656 0.297007897 0.267802641 0 0 0
C@CP 2967 -0.146447189 0.338750434 -0.22549917 0 0 0
C@CP 2968 -0.0749648586 -0.04426178 -0.134021504 0 0 0
C@CP 2969 0.15549325 -0.112674999 0.314553092 0 0 0
C@CP 2970 -0.219623051 -0.341275788 -0.056468008 0 0 0
C@CP 2971 0.021711817 0.395574039 -0.161301773 0 0 0
C@CP 2972 -0.388518686 0.0389142403 -0.230282441 0 0 0
C@CP 2973 0.19044709 -0.106596308 -0.337978887 0 0 0
C@CP 2974 -0.062143838 0.248511877 -0.232387054 0 0 0
C@CP 2975 0.0537533841 -0.0917852748 -0.146517423 0 0 0
C@CP 2976 -0.379695465 -0.0303105531 0.192460921 0 0 0
C@CP 2977 -0.075505982 -0.194378175 -0.108688573 0 0 0
C@CP 2978 0.0714999566 0.196746088 0.304756284 0 0 0
C@CP 2979 -0.0395431625 -0.0664883164 0.107998503 0 0 0
C@CP 2980 0.139034517 0.0533274754 0.161466448 0 0 0
C@CP 2981 0.314578185 -0.144423588 0.167248745 0 0 0
C@CP 2982 0.127901124 -0.0909403333 0.371377751 0 0 0
C@CP 2983 -0.264903697 -0.0848431885 0.0104194383 0 0 0
C@CP 2984 0.283824482 -0.192974495 -0.0363019697 0 0 0
C@CP 2985 0.106233007 0.171262042 0.410501673 0 0 0
C@CP 2986 -0.0885265915 0.307967666 0.023579713 0 0 0
C@CP 2987 0.271621381 0.0789201755 0.128893211 0 0 0
C@CP 2988 0.0526041414 0.190298444 0.1466619 0 0 0
C@CP 2989 -0.00132789849 0.0637983156 0.443318096 0 0 0
C@CP 2990 0.0477048708 -0.0876815217 0.337737281 0 0 0
C@CP 2991 -0.166734391 -0.198698578 -0.257427014 0 0 0
C@CP 2992 -0.0559293934 -0.212667046 0.115820883 0 0 0
C@CP 2993 -0.197429366 0.191531902 -0.329204183 0 0 0
C@CP 2994 -0.00657522275 0.237435738 -0.340705864 0 0 0
C@CP 2995 0.214933928 0.0464408912 -0.408860393 0 0 0
C@CP 2996 -0.0875375594 0.192525501 0.0890896956 0 0 0
C@CP 2997 0.0868887872 0.129856428 0.124236506 0 0 0
C@CP 2998 0.242931445 -0.126102634 0.257131536 0 0 0
C@CP 2999 0.0780356076 0.0328559045 -0.331173669 0 0 0
C@CP 3000 -0.215488389 0.169110019 0.150867807 0 0 0
C@CP 3001 0.298593304 0.234385448 0.00426936641 0 0 0
C@CP 3002 -0.120573572 0.180892538 -0.301778769 0 0 0
C@CP 3003 0.137791819 -0.080123351 0.0175542166 0 0 0
C@CP 3004 0.27859246 0.227358744 0.228046829 0 0 0
C@CP 3005 0.290262646 -0.292285118 0.0989644894 0 0 0
C@CP 3006 0.0251877922 0.082383606 0.257034117 0 0 0
C@CP 3007 -0.0665345596 -0.327577768 -0.168700732 0 0 0
C@CP 3008 -0.186633593 0.0606292173 -0.391256577 0 0 0
C@CP 3009 -0.232354509 0.135947444 0.1152369 0 0 0
C@CP 3010 0.0784106711 -0.343787284 -0.315793867 0 0 0
C@CP 3011 0.149516647 0.0983637876 0.34069797 0 0 0
C@CP 3012 -0.169928119 0.397395103 -0.127794527 0 0 0
C@CP 3013 -0.138057814 -0.0406418663 0.427297268 0 0 0
C@CP 3014 -0.225168154 0.289247326 0.0645528709 0 0 0
C@CP 3015 -0.143403319 -0.262872403 -0.00029922655 0 0 0
C@CP 3016 -0.0735799302 0.387353535 0.179300073 0 0 0
C@CP 3017 0.160420721 0.1719831 0.404911722 0 0 0
C@CP 3018 0.144825286 -0.444355258 0.0360625127 0 0 0
C@CP 3019 -0.00427111397 -0.39429089 0.239240454 0 0 0
C@CP 3020 0.376020488 -0.145744313 0.0284490359 0 0 0
C@CP 3021 -0.0699885158 0.0880645202 0.154151629 0 0 0
C@CP 3022 -0.21061801 -0.0942443014 -0.0715106106 0 0 0
C@CP 3023 -0.250154551 -0.207416732 0.217699089 0 0 0
C@CP 3024 -0.0387395851 -0.118644931 -0.065309927 0 0 0
C@CP 3025 -0.22855682 -0.234412356 0.12169841 0 0 0
C@CP 3026 -0.0525109614 0.0451908236 0.348296121 0 0 0
C@CP 3027 -0.00728591051 0.279623861 -0.300467425 0 0 0
C@CP 3028 0.286841822 0.00510716032 0.365655944 0 0 0
C@CP 3029 -0.0281567654 -0.151244579 0.360471172 0 0 0
C@CP 3030 0.130340512 0.0232800823 0.0720069211 0 0 0
C@CP 3031 0.0268578065 -0.237357466 0.040013465 0 0 0
C@CP 3032 0.00701934897 -0.311857917 0.336995149 0 0 0
C@CP 3033 -0.362314368 -0.108458031 -0.0324421386 0 0 0
C@CP 3034 0.113313664 0.421937683 -0.112763243 0 0 0
C@CP 3035 0.140363195 -0.151974004 -0.0203346092 0 0 0
C@CP 3036 -0.292072585 0.109915594 0.260439371 0 0 0
C@CP 3037 0.223674309 0.17778254 -0.102465363 0 0 0
C@CP 3038 0.0368791497 0.427463141 -0.169271084 0 0 0
C@CP 3039 -0.0735106495 -0.157329707 -0.0953942675 0 0 0
C@CP 3040 0.344631616 0.028458533 0.222591472 0 0 0
C@CP 3041 -0.418074926 -0.00868154485 -0.087381059 0 0 0
C@CP 3042 0.119578438 -0.135127576 -0.169935306 0 0 0
C@CP 3043 -0.0928130767 0.0936845438 -0.430557508 0 0 0
C@CP 3044 0.273349722 0.125245484 0.299879635 0 0 0
C@CP 3045 0.364160792 -0.139231393 -0.208983057 0 0 0
C@CP 3046 -0.258108933 0.00405525072 -0.261910254 0 0 0
C@CP 3047 -0.194755483 -0.145965954 -0.334036103 0 0 0
C@CP 3048 0.41961603 -0.141882331 0.0761693803 0 0 0
C@CP 3049 -0.274812806 -0.249411683 0.239292006 0 0 0
C@CP 3050 0.0696336437 -0.16509158 0.423627394 0 0 0
C@CP 3051 0.267914673 -0.160008764 -0.0379556021 0 0 0
C@CP 3052 -0.112850891 -0.19484087 0.102304131 0 0 0
C@CP 3053 0.207977959 0.276728423 -0.173603681 0 0 0
C@CP 3054 0.360536454 -0.174870322 0.14960063 0 0 0
C@CP 3055 -0.373543088 0.131756735 0.167463817 0 0 0
C@CP 3056 -0.345855162 -0.0968558343 -0.16247323 0 0 0
C@CP 3057 0.152480739 0.00177838747 0.100232809 0 0 0
C@CP 3058 -0.0919310853 0.180166659 0.0492649526 0 0 0
C@CP 3059 0.00467866675 -0.190842129 0.0323828798 0 0 0
C@CP 3060 -0.146519521 0.100477585 -0.0972216402 0 0 0
C@CP 3061 -0.109788172 0.330658894 0.209517008 0 0 0
C@CP 3062 -0.0477561122 0.00471967452 -0.442241001 0 0 0
C@CP 3063 -0.0595651357 -0.0563358044 -0.327506405 0 0 0
C@CP 3064 0.270268421 0.39397193 0.0375792246 0 0 0
C@CP 3065 -0.125340265 0.121933079 0.355841385 0 0 0
C@CP 3066 -0.230593767 -0.382006797 -0.10381732 0 0 0
C@CP 3067 -0.14272961 0.157745973 -0.229481374 0 0 0
C@CP 3068 -0.0419208443 0.156604539 -0.214642142 0 0 0
C@CP 3069 -0.252154262 -0.289362758 -0.229969925 0 0 0
C@CP 3070 -0.409119388 0.0623880434 -0.202630987 0 0 0
C@CP 3071 0.317862991 0.233761308 -0.1889236 0 0 0
C@CP 3072 0.26185621 0.262392704 -0.0193270757 0 0 0
C@CP 3073 0.245096502 0.20839 -0.278433343 0 0 0
C@CP 3074 0.184446092 -0.2433403 0.0835589442 0 0 0
C@CP 3075 -0.033585425 -0.218588341 -0.0815882111 0 0 0
C@CP 3076 0.234639986 0.196252995 0.353540402 0 0 0
C@CP 3077 0.0840581806 0.11186042 0.330853661 0 0 0
C@CP 3078 -0.104687905 -0.205568482 0.38523474 0 0 0
C@CP 3079 -0.106726275 -0.272544001 0.0615774424 0 0 0
C@CP 3081 -0.080741882 0.183734281 0.0692972046 0 0 0
C@CP 3082 -0.125180486 0.263139243 -0.21546897 0 0 0
C@CP 3083 0.280238793 0.0407323208 0.221635031 0 0 0
C@CP 3084 0.168275979 0.268899732 0.0419450842 0 0 0
C@CP 3085 -0.361337202 -0.162249804 -0.227856984 0 0 0
C@CP 3086 -0.0554666809 -0.30741954 0.23250927 0 0 0
C@CP 3087 -0.00425074171 -0.344553345 -0.036910995 0 0 0
C@CP 3088 -0.0441784341 -0.385352403 -0.221923535 0 0 0
C@CP 3089 -0.203408432 -0.110097527 0.416209737 0 0 0
C@CP 3090 -0.0976147797 0.113655702 -0.207235654 0 0 0
C@CP 3091 0.394477198 0.221221001 -0.0517567754 0 0 0
C@CP 3092 0.33050548 0.0635534814 -0.156068231 0 0 0
C@CP 3093 -0.102712158 -0.173315029 0.137368557 0 0 0
C@CP 3094 -0.168428259 0.29947781 0.248128099 0 0 0
C@CP 3095 0.0384184018 0.0387063493 -0.439769651 0 0 0
C@CP 3096 -0.222441833 0.0562793983 0.176689958 0 0 0
C@CP 3097 0.172174331 -0.00241639471 -0.421974041 0 0 0
C@CP 3098 0.356433547 0.266988148 0.00210472344 0 0 0
C@CP 3099 0.0565853127 0.0257910295 0.386398391 0 0 0
C@CP 3100 0.210352093 -0.0679908035 -0.016381007 0 0 0
C@CP 3101 -0.140591485 -0.221939119 0.232820918 0 0 0
C@CP 3102 -0.187518495 -0.253180087 0.00780238842 0 0 0
C@CP 3103 -0.104668998 -0.313528394 -0.0482990793 0 0 0
C@CP 3104 -0.235981927 0.240704518 0.149694923 0 0 0
C@CP 3105 0.0426661545 -0.16143648 -0.0131085475 0 0 0
C@CP 3106 -0.257573671 -0.142621663 -0.0298771773 0 0 0
C@CP 3107 -0.185134131 -0.368383257 0.181505622 0 0 0
C@CP 3108 0.256578669 -0.104679985 -0.172540011 0 0 0
C@CP 3109 -0.0195872459 -0.31159464 -0.30574395 0 0 0
C@CP 3110 0.403274849 -0.0895243219 -0.00908491325 0 0 0
C@CP 3111 0.249743874 0.192520743 -0.100373383 0 0 0
C@CP 3112 -0.338830863 -0.156933513 0.0964902881 0 0 0
C@CP 3113 -0.170758054 -0.287501341 0.00216246663 0 0 0
C@CP 3114 -0.373509478 0.15786887 0.213169397 0 0 0
C@CP 3115 0.0541287649 -0.349363099 -0.292902491 0 0 0
C@CP 3116 -0.0266092813 0.204788844 -0.273795983 0 0 0
C@CP 3117 0.223684265 0.203280547 -0.0270788907 0 0 0
C@CP 3118 0.00417610226 0.257543067 -0.420074303 0 0 0
C@CP 3119 0.122856642 -0.104504679 -0.162920347 0 0 0
C@CP 3120 -0.0333747675 0.0821057065 -0.201252669 0 0 0
C@CP 3121 0.294322797 0.202393925 -0.0726579986 0 0 0
C@CP 3122 0.11649289 0.0368694761 0.0841523543 0 0 0
C@CP 3123 0.289902846 0.0126107632 0.236512663 0 0 0
C@CP 3124 -0.0413514735 -0.215014959 -0.0113712231 0 0 0
C@CP 3125 -0.201899457 -0.140796797 0.204460792 0 0 0
C@CP 3126 0.0471665332 0.367975609 0.227513022 0 0 0
C@CP 3127 0.179446976 -0.355979524 -0.0397373961 0 0 0
C@CP 3128 0.416678957 -0.047569254 0.213423528 0 0 0
C@CP 3129 -0.13516256 -0.398608298 -0.0858544102 0 0 0
C@CP 3130 -0.00380406268 -0.015401016 -0.444578947 0 0 0
C@CP 3131 0.340515766 0.013181175 -0.146078001 0 0 0
C@CP 3132 -0.0330134656 -0.165762332 -0.000999910488 0 0 0
C@CP 3133 -0.00791677548 -0.350846016 0.305964654 0 0 0
C@CP 3134 -0.0594969664 0.194398036 0.372919546 0 0 0
C@CP 3135 -0.0370745241 0.284794234 0.29416725 0 0 0
C@CP 3136 -0.225679888 -0.035448078 0.0614075458 0 0 0
C@CP 3137 0.241489096 -0.0192893033 0.128559672 0 0 0
C@CP 3138 -0.0336523733 0.10539642 -0.441230801 0 0 0
C@CP 3139 -0.217030521 0.0950067124 0.141929528 0 0 0
C@CP 3140 -0.149451686 -0.0316385884 -0.329727946 0 0 0
C@CP 3141 -0.161601381 0.0276133283 0.390180021 0 0 0
C@CP 3142 -0.237679375 -0.043180121 0.395013854 0 0 0
C@CP 3143 -0.285737176 -0.0630128165 -0.199840578 0 0 0
C@CP 3144 -0.210149757 0.369298235 -0.00965790701 0 0 0
C@CP 3145 0.143209478 -0.137527981 -0.241859431 0 0 0
C@CP 3146 -0.234286134 0.188094753 0.169695148 0 0 0
C@CP 3147 0.249926228 0.251737117 0.12265095 0 0 0
C@CP 3148 0.397116224 0.0364412073 0.0799001391 0 0 0
C@CP 3149 0.0167844886 0.188879023 -0.279905641 0 0 0
C@CP 3150 0.395337914 -0.0644010209 -0.234193693 0 0 0
C@CP 3151 -0.281682587 -0.00228486776 -0.135080632 0 0 0
C@CP 3152 -0.205793065 0.261703066 0.244636821 0 0 0
C@CP 3153 -0.106794316 0.00903846029 -0.441507173 0 0 0
C@CP 3154 0.268377906 0.356418709 0.0953453899 0 0 0
C@CP 3155 -0.0724081547 -0.0366546179 -0.307765331 0 0 0
C@CP 3156 0.170834286 -0.0791217066 0.224355685 0 0 0
C@CP 3157 0.0381673955 0.328096471 -0.130591052 0 0 0
C@CP 3158 -0.106593526 -0.0102823412 0.021317076 0 0 0
C@CP 3159 -0.0236754438 0.113326915 -0.294479276 0 0 0
C@CP 3160 -0.123603038 -0.105217757 -0.113356803 0 0 0
C@CP 3161 0.12894695 -0.242347704 -0.355202253 0 0 0
C@CP 3162 0.0331381035 -0.438010642 -0.111602674 0 0 0
C@CP 3163 0.316574429 0.167165965 -0.0871579775 0 0 0
C@CP 3164 -0.170391537 -0.106328949 -0.200033088 0 0 0
C@CP 3165 -0.0956424244 -0.125555826 0.341100286 0 0 0
C@CP 3166 -0.410686437 0.148524531 -0.0470553587 0 0 0
C@CP 3167 0.375419493 -0.143541643 -0.155353258 0 0 0
C@CP 3168 -0.284753498 0.314412681 -0.0249331986 0 0 0
C@CP 3169 0.198730656 0.0393096703 -0.190274571 0 0 0
C@CP 3170 0.130503103 0.188832889 -0.356015835 0 0 0
C@CP 3171 -0.152777452 0.0461628787 0.399947339 0 0 0
C@CP 3172 0.0462491352 0.142567244 -0.0568714018 0 0 0
C@CP 3173 -0.129785671 -0.315552499 -0.196422273 0 0 0
C@CP 3174 -0.0572153968 0.219666005 0.302729476 0 0 0
C@CP 3175 0.0623064952 0.287106687 0.325375814 0 0 0
C@CP 3176 0.0991376773 -0.3581809 -0.0613640378 0 0 0
C@CP 3177 0.230573578 0.19875465 0.0203151865 0 0 0
C@CP 3178 -0.114781485 -0.0184408567 -0.216695213 0 0 0
C@CP 3179 0.169895551 0.238134738 0.170551275 0 0 0
C@CP 3180 -0.270276361 -0.326803877 -0.0162012488 0 0 0
C@CP 3181 0.180080067 0.212928792 -0.232880511 0 0 0
C@CP 3182 0.0118791539 0.179953322 0.0324432204 0 0 0
C@CP 3183 0.346850778 -0.0656095151 0.280186933 0 0 0
C@CP 3184 0.0216619746 -0.000933256776 -0.363251627 0 0 0
C@CP 3185 -0.0725855865 0.346768846 0.269078518 0 0 0
C@CP 3186 0.122197532 0.275952686 0.269168876 0 0 0
C@CP 3187 0.0475638635 0.167448679 0.255374209 0 0 0
C@CP 3188 0.213392098 0.355654818 -0.175400204 0 0 0
C@CP 3189 0.19565994 -0.0969340153 -0.260498784 0 0 0
C@CP 3190 0.0711871345 -0.408410166 -0.0344542083 0 0 0
C@CP 3191 -0.157810476 0.222778336 -0.19809719 0 0 0
C@CP 3192 0.22392837 -0.0584662483 -0.0459145596 0 0 0
C@CP 3193 -0.106626966 0.115253353 0.0514179833 0 0 0
C@CP 3194 0.0736280892 0.0380782294 0.251137031 0 0 0
C@CP 3195 0.342135399 -0.0687746055 0.21334998 0 0 0
C@CP 3196 0.220373899 -0.212937668 0.0682878026 0 0 0
C@CP 3197 0.0883838657 -0.0137993827 0.298520452 0 0 0
C@CP 3198 -0.110576764 -0.0711068484 -0.193159329 0 0 0
C@CP 3199 0.150039331 -0.333041179 -0.114893105 0 0 0
C@CP 3200 -0.0485952471 -0.0387799478 -0.207338432 0 0 0
C@CP 3201 0.142401745 0.185328064 0.29084679 0 0 0
C@CP 3202 0.0979832537 0.0526440075 0.177802205 0 0 0
C@CP 3203 0.124663469 0.0582208589 -0.0876313926 0 0 0
C@CP 3204 0.0451592379 -0.167284494 0.317933849 0 0 0
C@CP 3205 0.363997135 -0.156679716 -0.0339945198 0 0 0
C@CP 3206 0.0136689458 -0.0102417161 -0.263840227 0 0 0
C@CP 3207 0.115546059 -0.278621632 -0.222825751 0 0 0
C@CP 3208 0.162249086 -0.157645702 -0.179101328 0 0 0
C@CP 3209 0.0565974857 -0.21927402 0.395268821 0 0 0
C@CP 3210 -0.0586667986 -0.404812416 0.0637136663 0 0 0
C@CP 3211 0.265058203 0.133728846 -0.371824266 0 0 0
C@CP 3212 -0.0239584558 -0.236321189 0.394778588 0 0 0
C@CP 3213 -0.211226721 0.135883163 0.354440114 0 0 0
C@CP 3214 0.236512062 0.0683359256 0.0231830455 0 0 0
C@CP 3215 0.354033584 -0.133552941 0.151173676 0 0 0
C@CP 3216 -0.300316194 -0.248559389 -0.00299432416 0 0 0
C@CP 3217 -0.0466761931 0.143190288 0.156870372 0 0 0
C@CP 3218 0.0785095966 -0.298178548 -0.324409294 0 0 0
C@CP 3219 0.186398745 -0.400679417 -0.0443361395 0 0 0
C@CP 3220 -0.100507703 -0.183922968 0.315324774 0 0 0
C@CP 3221 0.261607111 -0.159759618 -0.145853654 0 0 0
C@CP 3222 0.208153681 -0.175668574 -0.0791868386 0 0 0
C@CP 3223 0.0768691169 0.112330866 0.290182696 0 0 0
C@CP 3224 -0.0756027705 -0.153151029 0.308023469 0 0 0
C@CP 3225 0.226317014 -0.0568360453 0.198320887 0 0 0
C@CP 3226 0.0718251526 -0.053329742 0.194991392 0 0 0
C@CP 3227 -0.401096169 -0.111263796 -0.121418186 0 0 0
C@CP 3228 -0.340631374 -0.259461858 -0.0578435724 0 0 0
C@CP 3229 0.287996638 0.0574262965 -0.0293973635 0 0 0
C@CP 3230 -0.313143216 0.216407024 -0.0864939071 0 0 0
C@CP 3231 0.145283266 0.383184372 0.243688508 0 0 0
C@CP 3232 -0.219188517 -0.12335394 0.122081519 0 0 0
C@CP 3233 0.013224906 0.0215680438 0.0603504481 0 0 0
C@CP 3234 -0.10170187 -0.211762331 0.103110255 0 0 0
C@CP 3235 0.209019088 -0.156001864 0.355393423 0 0 0
C@CP 3236 0.258477675 -0.117358612 0.298218279 0 0 0
C@CP 3237 -0.266735493 0.235644708 -0.139058581 0 0 0
C@CP 3238 0.331438006 0.272782458 -0.176012176 0 0 0
C@CP 3239 -0.00292972615 -0.0557558709 -0.147352087 0 0 0
C@CP 3240 0.342113111 -0.250148877 -0.143675009 0 0 0
C@CP 3241 -0.292382806 -0.011831456 -0.235153809 0 0 0
C@CP 3242 -0.161578232 -0.285249281 0.168250777 0 0 0
C@CP 3243 -0.31044816 0.0692360573 -0.202352341 0 0 0
C@CP 3244 -0.222727113 0.0846621992 0.379819652 0 0 0
C@CP 3245 0.399048571 0.208250114 0.139666746 0 0 0
C@CP 3246 -0.277297888 -0.130341028 -0.338765795 0 0 0
C@CP 3247 -0.220557481 0.152770355 0.218047246 0 0 0
C@CP 3248 0.295772411 0.0547279357 0.145383573 0 0 0
C@CP 3249 0.0761493973 0.118279914 -0.234753161 0 0 0
C@CP 3250 -0.165447656 -0.0558013086 -0.13546782 0 0 0
C@CP 3251 0.177903764 0.111490622 -0.0273808349 0 0 0
C@CP 3252 0.0896936895 -0.167076678 -0.238329586 0 0 0
C@CP 3253 -0.13935663 0.219067007 -0.269088002 0 0 0
C@CP 3255 -0.0829611324 0.0546267767 -0.0774485731 0 0 0
C@CP 3256 0.151116811 -0.152998489 0.0536688738 0 0 0
C@CP 3257 -0.146275664 -0.300338383 -0.165895621 0 0 0
C@CP 3258 0.241621057 0.376037873 0.113417991 0 0 0
C@CP 3259 -0.145639839 -0.040293197 -0.268380999 0 0 0
C@CP 3260 -0.0785102557 0.109447325 0.358398619 0 0 0
C@CP 3261 -0.0152870779 0.155091988 -0.096445238 0 0 0
C@CP 3262 -0.181973779 0.122760137 -0.297227005 0 0 0
C@CP 3263 0.231079197 -0.319427747 -0.206111783 0 0 0
C@CP 3264 0.0220623622 0.292691157 0.0183886029 0 0 0
C@CP 3265 -0.303746535 -0.162569325 0.203159648 0 0 0
C@CP 3266 -0.0820726715 -0.127801336 0.0417989646 0 0 0
C@CP 3267 0.147103602 -0.0927555282 0.32251256 0 0 0
C@CP 3268 -0.042253618 -0.264358999 0.222354177 0 0 0
C@CP 3269 -0.161584191 -0.212574491 -0.076403096 0 0 0
C@CP 3270 -0.332618397 -0.193654475 0.123827041 0 0 0
C@CP 3271 0.0770692135 -0.0267874128 -0.316283454 0 0 0
C@CP 3272 -0.285676922 -0.0501794151 -0.149684891 0 0 0
C@CP 3273 -0.0726153081 -0.0610601269 -0.449215899 0 0 0
C@CP 3274 -0.384371607 0.039822935 -0.158585278 0 0 0
C@CP 3275 -0.104912233 -0.117323573 -0.0710563676 0 0 0
C@CP 3276 -0.288720253 -0.206998411 -0.0700512469 0 0 0
C@CP 3277 0.299804064 0.23078841 -0.0210799376 0 0 0
C@CP 3278 0.149822021 -0.0508606977 0.17632493 0 0 0
C@CP 3279 -0.386197977 -0.0186869219 0.283421284 0 0 0
C@CP 3280 -0.0169912888 0.390615817 0.188579295 0 0 0
C@CP 3281 -0.0257596598 -0.269096211 0.153073694 0 0 0
C@CP 3282 -0.202525322 -0.187540826 -0.21429186 0 0 0
C@CP 3283 0.0362248184 -0.18402987 0.157742625 0 0 0
C@CP 3284 -0.0959688838 0.134078469 0.421088458 0 0 0
C@CP 3285 0.392229489 -0.0692603328 -0.0132150799 0 0 0
C@CP 3286 0.109105967 -0.401526978 -0.197253603 0 0 0
C@CP 3287 0.336705041 0.00977216468 -0.270528068 0 0 0
C@CP 3288 0.28495025 0.245459043 0.121624252 0 0 0
C@CP 3289 -0.0955187921 -0.00992319279 0.117237669 0 0 0
C@CP 3290 0.281831471 0.0492693407 -0.272274118 0 0 0
C@CP 3291 0.301449182 0.0284837823 -0.328076831 0 0 0
C@CP 3292 -0.164367486 0.151769595 0.162915904 0 0 0
C@CP 3293 0.141786488 0.227060467 0.0925601979 0 0 0
C@CP 3294 0.0828059305 -0.188178371 -0.0410494181 0 0 0
C@CP 3295 0.0785879255 -0.0115226267 0.332993085 0 0 0
C@CP 3296 -0.129898493 -0.0446659387 0.173834048 0 0 0
C@CP 3297 -0.0417625231 0.397278634 0.0178195885 0 0 0
C@CP 3298 -0.0854720527 0.0831072153 0.36749863 0 0 0
C@CP 3299 -0.313383406 -0.284114721 0.096634899 0 0 0
C@CP 3300 -0.205250317 -0.268986044 0.124814845 0 0 0
C@CP 3301 -0.139981805 0.0784993913 0.1903742 0 0 0
C@CP 3302 -0.0542071594 -0.0471808514 -0.249570302 0 0 0
C@CP 3303 -0.20218802 0.255532555 0.20759228 0 0 0
C@CP 3304 0.213773232 -0.0741541463 0.0298529097 0 0 0
C@CP 3305 0.193312087 -0.368684784 -0.198864785 0 0 0
C@CP 3306 -0.0514991172 -0.143959356 -0.183393197 0 0 0
C@CP 3307 -0.133545421 0.175035279 -0.359924925 0 0 0
C@CP 3308 -0.215444396 -0.207406013 -0.263489394 0 0 0
C@CP 3309 0.100281948 0.0783438969 0.443033624 0 0 0
C@CP 3310 -0.0249373794 -0.0883881725 -0.305205824 0 0 0
C@CP 3311 0.080403513 0.345278246 0.27368513 0 0 0
C@CP 3312 0.342794011 0.0895975748 -0.147044498 0 0 0
C@CP 3313 0.284593927 0.286746288 0.179221523 0 0 0
C@CP 3314 0.00174523384 -0.312474764 0.237765602 0 0 0
C@CP 3315 -0.0382949267 -0.302488531 0.00397357927 0 0 0
C@CP 3316 -0.228200019 -0.0960096577 0.014576955 0 0 0
C@CP 3317 -0.137645846 -0.231646509 0.000871538117 0 0 0
C@CP 3318 -0.178355329 0.289314396 -0.00164165342 0 0 0
C@CP 3319 -0.110818162 -0.0731967817 0.346800059 0 0 0
C@CP 3320 -0.139236684 0.266394191 0.0955139864 0 0 0
C@CP 3321 -0.0770849096 0.0365468204 0.19412693 0 0 0
C@CP 3322 0.397558709 -0.157423082 0.15304411 0 0 0
C@CP 3323 -0.182382677 -0.16871006 -0.320524186 0 0 0
C@CP 3324 -0.0105686041 -0.121465885 0.170085527 0 0 0
C@CP 3325 0.0302256355 0.309042611 -0.351758134 0 0 0
C@CP 3326 -0.387955228 0.170643488 0.113642815 0 0 0
C@CP 3327 0.101588818 -0.393675501 -0.113751645 0 0 0
C@CP 3328 -0.0459802704 -0.140719649 -0.0893532343 0 0 0
C@CP 3329 -0.000257893948 0.230383298 0.138676386 0 0 0
C@CP 3330 0.138762675 0.212936224 0.202962197 0 0 0
C@CP 3331 -0.164067573 -0.360916279 0.0462768192 0 0 0
C@CP 3332 0.2570941 -0.27668213 0.0666567034 0 0 0
C@CP 3333 -0.178115568 -0.329575999 0.00703126421 0 0 0
C@CP 3334 0.311375677 0.149998698 -0.135537632 0 0 0
C@CP 3335 -0.367376747 0.127301508 -0.192419043 0 0 0
C@CP 3336 -0.304731863 -0.152255905 -0.311621176 0 0 0
C@CP 3337 -0.205754553 0.242072739 -0.337350363 0 0 0
C@CP 3338 -0.317460882 -0.101895776 0.0235040379 0 0 0
C@CP 3339 -0.0630846034 -0.184490656 0.213222616 0 0 0
C@CP 3340 0.026190984 0.21429068 -0.303917623 0 0 0
C@CP 3341 0.00760471715 0.434605931 0.111394283 0 0 0
C@CP 3342 0.119327594 -0.12284768 0.321459199 0 0 0
C@CP 3343 0.0667582471 0.0501909918 -0.371104284 0 0 0
C@CP 3344 0.233665342 0.198523441 -0.150965613 0 0 0
C@CP 3345 0.350161202 -0.0140168646 0.284285043 0 0 0
C@CP 3346 0.113519585 0.196130614 -0.0578370676 0 0 0
C@CP 3347 -0.0338957433 0.365762976 0.0543330605 0 0 0
C@CP 3348 0.405656439 0.0037567214 -0.119098342 0 0 0
C@CP 3349 0.0132114913 -0.0474900969 0.20635323 0 0 0
C@CP 3350 -0.0780548423 0.0312578746 -0.162666233 0 0 0
C@CP 3351 -0.0655627749 0.359441078 -0.284796765 0 0 0
C@CP 3352 0.0727824455 0.413340162 0.106674706 0 0 0
C@CP 3353 -0.186920744 0.196420048 0.257892422 0 0 0
C@CP 3354 0.163205996 -0.0480531624 -0.348895319 0 0 0
C@CP 3355 -0.344021942 0.0385642549 0.216813174 0 0 0
C@CP 3356 0.269846464 -0.0561254863 -0.279106164 0 0 0
C@CP 3357 -0.177081911 -0.310068346 -0.219230596 0 0 0
C@CP 3358 0.0486620312 0.121727252 -0.00453443189 0 0 0
C@CP 3359 -0.0428340797 0.107071007 -0.386661522 0 0 0
C@CP 3360 0.243532453 -0.124375056 0.184353744 0 0 0
C@CP 3361 0.040440335 -0.10662457 -0.351414591 0 0 0
C@CP 3362 -0.202475147 -0.296912755 -0.0390144378 0 0 0
C@CP 3363 0.357131255 -0.219543952 -0.205987919 0 0 0
C@CP 3364 -0.155571113 0.0936919711 0.116314913 0 0 0
C@CP 3365 0.360410187 -0.12491342 -0.16474517 0 0 0
C@CP 3366 -0.0625839636 0.0941376212 -0.232417245 0 0 0
C@CP 3367 0.170184023 -0.157173124 -0.182967051 0 0 0
C@CP 3368 -0.382340573 -0.142670832 0.0868433301 0 0 0
C@CP 3369 0.234658859 -0.344951273 -0.0767202772 0 0 0
C@CP 3370 -0.195624162 -0.0863519078 -0.0256403899 0 0 0
C@CP 3371 -0.108794037 -0.19957493 -0.100634254 0 0 0
C@CP 3372 -0.39880997 -0.152349873 -0.202277824 0 0 0
C@CP 3373 0.225221003 0.108792582 -0.3136763 0 0 0
C@CP 3374 -0.257456459 -0.0132483314 -0.22180291 0 0 0
C@CP 3375 0.0490825648 0.33288676 -0.0357372885 0 0 0
C@CP 3376 -0.166847427 -0.370724044 -0.235862079 0 0 0
C@CP 3377 0.365963003 0.14015085 0.0899257671 0 0 0
C@CP 3378 0.110119474 0.213331984 -0.239724052 0 0 0
C@CP 3379 0.297992313 0.240248313 -0.211528518 0 0 0
C@CP 3380 0.16533675 -0.304505046 -0.0849767664 0 0 0
C@CP 3381 0.00459607698 0.313742962 0.235424639 0 0 0
C@CP 3382 0.324814514 0.292011776 0.0780513477 0 0 0
C@CP 3383 -0.22527159 -0.116437429 0.295666536 0 0 0
C@CP 3384 0.339969004 -0.0995666571 0.0761092635 0 0 0
C@CP 3385 -0.271385782 0.190424834 -0.233340981 0 0 0
C@CP 3386 0.242237622 -0.13275253 -0.00509463042 0 0 0
C@CP 3387 0.175029478 0.0301864713 0.103273587 0 0 0
C@CP 3388 0.0914248189 -0.248969837 0.354938666 0 0 0
C@CP 3389 -0.155730315 -0.33752066 0.0537188084 0 0 0
C@CP 3390 -0.235139598 0.24082732 -0.320166105 0 0 0
C@CP 3391 0.0697158545 -0.123718923 -0.0890027543 0 0 0
C@CP 3392 -0.120583814 0.212144494 -0.0395716822 0 0 0
C@CP 3393 0.187676009 0.184692146 0.326991766 0 0 0
C@CP 3394 0.399355296 0.0954769831 0.0504417725 0 0 0
C@CP 3395 -0.210649117 -0.210292417 -0.370426066 0 0 0
C@CP 3396 0.394184986 0.173034674 -0.0702276119 0 0 0
C@CP 3397 -0.0721611176 0.110892709 -0.0681372035 0 0 0
C@CP 3398 -0.180517099 -0.17725832 -0.291941399 0 0 0
C@CP 3399 -0.267573486 -0.130676466 0.330932222 0 0 0
C@CP 3400 0.39982855 0.0652589173 -0.236104549 0 0 0
C@CP 3401 0.124373244 -0.0684096401 -0.200315128 0 0 0
C@CP 3402 0.269405463 0.0783773493 0.301385636 0 0 0
C@CP 3403 0.415040228 -0.194077987 0.0802988111 0 0 0
C@CP 3404 -0.0208167784 -0.0626822191 -0.0842914884 0 0 0
C@CP 3405 -0.0788033395 -0.358889323 0.152486084 0 0 0
C@CP 3406 -0.0317884416 -0.280598436 -0.304641523 0 0 0
C@CP 3407 -0.187921022 0.172909616 0.114085622 0 0 0
C@CP 3408 -0.141003298 0.111630625 0.432997017 0 0 0
C@CP 3409 0.210576887 -0.209281449 -0.333195076 0 0 0
C@CP 3410 -0.147682052 -0.0391673178 -0.119765841 0 0 0
C@CP 3411 -0.00796952794 0.149143933 -0.18951822 0 0 0
C@CP 3412 0.231309361 -0.330260066 -0.0523319691 0 0 0
C@CP 3413 -0.281301081 -0.00488695333 0.305868031 0 0 0
C@CP 3414 0.182142975 0.234373055 0.16364092 0 0 0
C@CP 3415 0.119017017 0.306635098 -0.216955762 0 0 0
C@CP 3416 -0.201694141 0.140590753 0.259137118 0 0 0
C@CP 3417 -0.144500727 0.246878164 -0.00952354768 0 0 0
C@CP 3418 -0.26422175 0.0450707603 -0.367681528 0 0 0
C@CP 3419 0.0789024006 0.0475996756 -0.338387037 0 0 0
C@CP 3420 -0.0774427998 -0.0333656713 0.0159167256 0 0 0
C@CP 3421 0.179518289 0.0722072584 0.0858233057 0 0 0
C@CP 3422 -0.136921097 -0.310962249 0.255307409 0 0 0
C@CP 3423 -0.324594003 -0.0475294085 0.208419462 0 0 0
C@CP 3424 0.0661575414 0.352855018 -0.232262951 0 0 0
C@CP 3425 0.313792853 0.173774931 -0.222573419 0 0 0
C@CP 3426 -0.0962164356 0.0528843577 -0.435841139 0 0 0
C@CP 3427 -0.051511737 0.098800162 -0.387213349 0 0 0
C@CP 3428 -0.23098405 0.388622502 0.0796582051 0 0 0
C@CP 3429 -0.00149867107 -0.119240002 -0.0295187954 0 0 0
C@CP 3430 -0.413226268 0.130107919 -0.173243482 0 0 0
C@CP 3431 -0.181611698 0.0942329157 -0.316531381 0 0 0
C@CP 3432 -0.0280808092 -0.347840512 -0.184839674 0 0 0
C@CP 3433 0.0721184664 0.167112986 -0.386192321 0 0 0
C@CP 3434 -0.218287599 -0.235685686 0.288649226 0 0 0
C@CP 3435 0.401994396 -0.134993092 0.0133086025 0 0 0
C@CP 3436 -0.186058852 -0.14614094 -0.363028312 0 0 0
C@CP 3437 -0.433103083 0.0529848757 0.132539222 0 0 0
C@CP 3438 0.255760315 -0.189795539 -0.199910491 0 0 0
C@CP 3439 0.0334327483 0.0987789192 0.143313359 0 0 0
C@CP 3440 -0.0568084744 -0.338258473 -0.0694261708 0 0 0
C@CP 3441 -0.0982136082 0.12108005 -0.104119236 0 0 0
C@CP 3442 -0.393825376 0.0574939086 -0.124158352 0 0 0
C@CP 3443 -0.356012239 -0.0218232323 0.25088065 0 0 0
C@CP 3444 0.0670713727 0.165578949 0.100380905 0 0 0
C@CP 3445 -0.192777543 -0.298345183 0.216351996 0 0 0
C@CP 3446 -0.252428217 0.214594426 0.296136685 0 0 0
C@CP 3447 0.139628718 0.095987776 -0.403658799 0 0 0
C@CP 3448 -0.122701194 0.272019841 0.159408788 0 0 0
C@CP 3449 -0.169967243 0.251055435 -0.291882278 0 0 0
C@CP 3450 0.269500511 0.202699151 -0.074524006 0 0 0
C@CP 3451 0.183350599 -0.315958768 0.235110612 0 0 0
C@CP 3452 0.183247084 -0.293901257 0.268500792 0 0 0
C@CP 3453 -0.294698524 0.054645568 -0.222590686 0 0 0
C@CP 3454 -0.0358838104 0.161306603 0.223862637 0 0 0
C@CP 3455 -0.0703174044 -0.235149116 -0.313328766 0 0 0
C@CP 3456 -0.0930338961 0.294729427 0.0793906654 0 0 0
C@CP 3457 -0.0597944103 -0.0270138793 0.422498263 0 0 0
C@CP 3458 0.0982975318 -0.0729062152 0.100264664 0 0 0
C@CP 3459 0.318825408 -0.250989746 0.139768371 0 0 0
C@CP 3460 0.0720120491 -0.322211775 -0.290126135 0 0 0
C@CP 3461 -0.169345434 -0.365859799 0.260872126 0 0 0
C@CP 3462 -0.0637819057 0.114703399 0.16783518 0 0 0
C@CP 3463 -0.0809636678 0.171172701 -0.411059284 0 0 0
C@CP 3464 -0.0116170954 -0.270723721 -0.338891371 0 0 0
C@CP 3465 -0.0228642705 -0.0362790651 0.242061507 0 0 0
C@CP 3466 -0.354080926 0.0840214576 0.241674507 0 0 0
C@CP 3467 0.296707235 0.044909816 0.284615512 0 0 0
C@CP 3468 -0.0402482106 -0.369445526 -0.255582878 0 0 0
C@CP 3469 0.238274022 0.153716163 0.167180946 0 0 0
C@CP 3470 0.27386913 0.322068779 0.0529987708 0 0 0
C@CP 3471 -0.047802267 0.0739440732 0.348697001 0 0 0
C@CP 3472 0.000319931018 0.27678211 0.19324333 0 0 0
C@CP 3473 0.283617995 -0.0123360202 -0.206085607 0 0 0
C@CP 3474 0.115573213 0.0870115207 -0.336572692 0 0 0
C@CP 3475 0.174511065 -0.229655456 -0.215131742 0 0 0
C@CP 3476 0.054579676 -0.214756197 -0.353714322 0 0 0
C@CP 3477 -0.144119418 -0.122942065 0.387471537 0 0 0
C@CP 3478 0.176964286 0.363473182 -0.202606758 0 0 0
C@CP 3479 -0.0665921781 0.395319316 0.140067135 0 0 0
C@CP 3480 -0.159392222 0.146735359 -0.104196196 0 0 0
C@CP 3481 0.0792394908 0.291323344 0.0993670659 0 0 0
C@CP 3482 0.211481105 0.216656853 -0.265455584 0 0 0
C@CP 3483 0.00866456614 0.338363509 0.15322947 0 0 0
C@CP 3484 -0.121175027 0.076596588 -0.0231289601 0 0 0
C@CP 3485 -0.00712344932 -0.233199869 0.141174257 0 0 0
C@CP 3486 -0.204126511 -0.211565226 0.357005776 0 0 0
C@CP 3487 -0.192843358 0.235643266 -0.277874552 0 0 0
C@CP 3488 0.168947878 0.183796786 -0.176654248 0 0 0
C@CP 3489 -0.169643419 0.0938979 0.353373486 0 0 0
C@CP 3490 -0.430251597 0.0199432853 -0.0849353722 0 0 0
C@CP 3491 -0.0723655918 -0.0969361886 0.213317828 0 0 0
C@CP 3492 -0.0745820299 0.171617839 -0.341704429 0 0 0
C@CP 3493 0.133094239 -0.391444737 0.247787669 0 0 0
C@CP 3494 -0.173569611 -0.346397297 0.25463836 0 0 0
C@CP 3495 -0.195641117 0.284750613 0.28802907 0 0 0
C@CP 3496 0.0727469866 0.174717144 -0.022536839 0 0 0
C@CP 3497 -0.0864268239 -0.405528184 0.170006793 0 0 0
C@CP 3498 0.0646204829 0.2078553 -0.106862715 0 0 0
C@CP 3499 -0.358813544 -0.0613168562 -0.0380063972 0 0 0
B@CP 3501 0.0348064479 -0.216808982 -0.146678319 0 0 0
C@CP 3502 -0.0680513579 -0.317116138 0.0249983557 0 0 0
B@CP 3504 0.324976651 -0.0464492378 0.0933483344 0 0 0
C@CP 3505 -0.182100529 -0.144591687 0.199449661 0 0 0
B@CP 3507 -0.0851754278 0.113689465 0.168023703 0 0 0
C@CP 3508 -0.421497138 -0.12874129 -0.118651276 0 0 0
