B@CP 1000 0.001321541 -0.201004541 0.258060767 0 0 0
B@CP 1002 0.259568266 0.0706360975 -0.0321685033 0 0 0
B@CP 1003 0.182863486 -0.157248092 -0.0455246669 0 0 0
B@CP 1004 -0.298198336 -0.220305842 0.0753970896 0 0 0
B@CP 1005 0.105841167 0.41691872 0.00970472476 0 0 0
B@CP 1006 0.194162404 -0.384604292 0.0389686743 0 0 0
B@CP 1007 0.408180281 0.149053113 0.163553953 0 0 0
B@CP 1012 -0.111793057 -0.441347936 0.0818313552 0 0 0
B@CP 1016 0.268074974 -0.344548612 0.071879639 0 0 0
B@CP 1020 -0.157646981 0.0878585141 0.317534026 0 0 0
B@CP 1022 -0.308781904 0.289262597 0.0994928386 0 0 0
B@CP 1024 0.256267099 -0.0110222202 -0.195619336 0 0 0
B@CP 1030 -0.0341873848 -0.141159387 0.0931873459 0 0 0
B@CP 1031 0.194701562 -0.194469197 -0.25009478 0 0 0
B@CP 1040 0.0858132449 -0.10011434 -0.259807486 0 0 0
B@CP 1041 -0.153207029 0.0752622536 0.347815818 0 0 0
B@CP 1042 -0.304348027 0.30939416 -0.0875383044 0 0 0
B@CP 1044 0.280289772 0.120272894 -0.0051942597 0 0 0
B@CP 1053 -0.137779755 0.0398762107 -0.28931361 0 0 0
B@CP 1054 0.0231222809 -0.366842869 -0.15701635 0 0 0
B@CP 1055 0.00772522371 0.276124384 0.0493470701 0 0 0
B@CP 1059 0.257824697 -0.202538817 0.318956862 0 0 0
B@CP 1061 0.0235036282 0.317883308 -0.318378068 0 0 0
B@CP 1065 0.302679157 -0.0733048509 -0.0394295328 0 0 0
B@CP 1066 0.184272364 0.135932908 -0.150086829 0 0 0
B@CP 1070 0.166661938 0.200781568 -0.278731123 0 0 0
B@CP 1073 0.0348555485 -0.234667462 -0.0576282058 0 0 0
B@CP 1074 -0.0436308906 0.204580267 0.0756088234 0 0 0
B@CP 1077 0.104880963 -0.3758983 -0.0253070634 0 0 0
B@CP 1080 0.276861786 -0.086692398 0.330337767 0 0 0
B@CP 1081 -0.0161383555 0.0129436897 -0.272354069 0 0 0
B@CP 1083 0.381583842 -0.0725009529 -0.261508723 0 0 0
B@CP 1088 -0.265355912 -0.0776046474 0.112315948 0 0 0
B@CP 1092 0.272927711 0.14293379 -0.153697729 0 0 0
B@CP 1093 0.0731696864 -0.466941216 -0.0307632853 0 0 0
B@CP 1096 0.0354006511 -0.0457335708 0.0826536341 0 0 0
B@CP 1100 0.105353731 -0.201945622 0.177684259 0 0 0
B@CP 1103 -0.0650373892 0.19666272 -0.354166249 0 0 0
B@CP 1105 0.220186147 0.261487701 0.205567046 0 0 0
B@CP 1106 0.376536039 0.0480633574 -0.0743077726 0 0 0
B@CP 1109 -0.0450197878 -0.0179160634 -0.193727403 0 0 0
B@CP 1110 -0.112423302 -0.239860524 0.108755822 0 0 0
B@CP 1117 -0.00797828564 0.0311856523 0.0680573906 0 0 0
B@CP 1122 -0.152439694 0.0132215146 0.291554525 0 0 0
B@CP 1126 0.319342009 0.212140331 0.183768005 0 0 0
B@CP 1127 0.351457179 -0.189094593 -0.206596398 0 0 0
B@CP 1128 -0.404487477 0.0790855329 -0.0799122227 0 0 0
B@CP 1130 -0.111558761 0.127810491 0.330426999 0 0 0
B@CP 1131 0.153536337 -0.189072415 0.191958179 0 0 0
B@CP 1138 0.141211526 -0.0393732231 -0.2909713 0 0 0
B@CP 1147 0.186426642 0.329522866 -0.261941328 0 0 0
B@CP 1148 0.138918288 -0.244155453 0.093684217 0 0 0
B@CP 1149 0.384346003 -0.0206745956 0.0302052341 0 0 0
B@CP 1151 0.269596875 -0.155454819 -0.281419176 0 0 0
B@CP 1160 -0.00586965581 0.28643575 0.160964154 0 0 0
B@CP 1161 -0.072196115 -0.254156271 -0.180745655 0 0 0
B@CP 1164 -0.089096013 0.0502074084 -0.318497482 0 0 0
B@CP 1165 -0.180917737 0.203017516 -0.182916371 0 0 0
B@CP 1170 0.122665877 0.0930237214 0.327855934 0 0 0
B@CP 1178 0.112240753 0.346270456 -0.000944552833 0 0 0
B@CP 1185 -0.302409389 -0.00258535838 0.225597094 0 0 0
B@CP 1186 -0.0556087132 0.30272921 0.0447563558 0 0 0
B@CP 1188 0.213648456 -0.180807939 -0.111784698 0 0 0
B@CP 1192 -0.131755306 0.267718928 -0.33643052 0 0 0
B@CP 1194 -0.374584958 -0.211300399 0.101349705 0 0 0
B@CP 1196 -0.12592569 -0.30708398 0.108863521 0 0 0
B@CP 1198 -0.0749422296 0.314845747 0.160084125 0 0 0
B@CP 1199 0.325536524 0.221487379 -0.00746798491 0 0 0
B@CP 1202 0.391276655 -0.173203479 0.0483933917 0 0 0
B@CP 1208 -0.370451084 -0.107004325 0.0740501274 0 0 0
B@CP 1209 0.232256845 0.145739699 -0.119116665 0 0 0
B@CP 1212 -0.00127843353 0.422348277 0.112088524 0 0 0
B@CP 1217 0.163513783 -0.390617103 0.148131887 0 0 0
B@CP 1220 -0.153521805 0.0175172278 0.088749956 0 0 0
B@CP 1222 -0.159531583 -0.205653729 0.097337261 0 0 0
B@CP 1226 0.0850764907 0.0330659111 0.264592973 0 0 0
B@CP 1227 -0.190500512 0.00181429942 -0.148990963 0 0 0
B@CP 1228 0.36817368 -0.0913258197 -0.263572425 0 0 0
B@CP 1229 0.183299107 -0.129073657 0.14276355 0 0 0
B@CP 1234 0.440930745 0.0235986049 0.0565569037 0 0 0
B@CP 1239 -0.247654544 -0.167287631 0.0576358695 0 0 0
B@CP 1246 -0.407807384 -0.0278289006 0.250145892 0 0 0
B@CP 1249 0.090637558 0.0991614484 -0.0665556147 0 0 0
B@CP 1250 0.0795004643 0.0693835813 0.413601938 0 0 0
B@CP 1252 -0.145538393 0.287701071 -0.232508051 0 0 0
B@CP 1254 0.351878652 0.277901669 -0.0874487098 0 0 0
B@CP 1265 -0.262735412 -0.290506728 -0.0707317011 0 0 0
B@CP 1267 0.243033744 0.286451656 -0.1785647 0 0 0
B@CP 1268 0.0548166937 -0.337140015 0.293556401 0 0 0
B@CP 1270 0.0536145367 0.173158333 -0.151985036 0 0 0
B@CP 1273 0.286245475 0.185716971 -0.112757832 0 0 0
B@CP 1279 -0.306068084 0.196388228 0.289408556 0 0 0
B@CP 1281 0.0542352646 -0.36452265 0.242575923 0 0 0
B@CP 1282 -0.0144249701 -0.350664164 -0.213115545 0 0 0
B@CP 1287 -0.103859702 0.135897506 0.27197206 0 0 0
B@CP 1290 0.102781828 0.39292029 0.195794121 0 0 0
B@CP 1291 0.241126691 -0.31340586 -0.105516172 0 0 0
B@CP 1292 0.0537398573 -0.349154349 0.0332792012 0 0 0
B@CP 1296 -0.011668964 0.0627651372 0.145157986 0 0 0
B@CP 1297 0.286546213 -0.218930637 -0.176682738 0 0 0
B@CP 1298 0.2352032 0.338126633 -0.166621065 0 0 0
B@CP 1299 -0.306488317 -0.22041043 0.0165944682 0 0 0
B@CP 1301 -0.0121570087 -0.158655565 -0.180890587 0 0 0
B@CP 1304 -0.0966557029 -0.175787546 -0.384741974 0 0 0
B@CP 1305 0.310483896 -0.275879133 -0.0792592853 0 0 0
B@CP 1306 0.223941142 -0.0850455109 -0.124921679 0 0 0
B@CP 1311 -0.173115688 -0.0909670462 0.0918329599 0 0 0
B@CP 1314 -0.132658013 0.0057424667 -0.141119135 0 0 0
B@CP 1319 -0.282289255 -0.0705251848 0.223690932 0 0 0
B@CP 1320 -0.0170919436 0.0218182693 0.12820496 0 0 0
B@CP 1325 -0.0104650483 -0.0122318345 -0.0250562359 0 0 0
B@CP 1327 -0.278696616 -0.308293053 -0.0734828505 0 0 0
B@CP 1330 0.0424635356 0.345367142 0.030042271 0 0 0
B@CP 1340 -0.33317626 -0.214954334 0.0349828513 0 0 0
B@CP 1341 -0.0119191163 -0.374368477 -0.218769212 0 0 0
B@CP 1348 -0.339132561 0.0172838049 0.139737511 0 0 0
B@CP 1350 0.351647065 -0.24327054 -0.105713632 0 0 0
B@CP 1351 -0.0803368511 0.0706828437 0.181982091 0 0 0
B@CP 1354 -0.388638723 0.200031252 -0.0644861915 0 0 0
B@CP 1359 -0.135003168 0.258693134 -0.16649537 0 0 0
B@CP 1360 -0.104185645 0.283513658 0.303999551 0 0 0
B@CP 1365 -0.196339542 0.235498589 0.210344952 0 0 0
B@CP 1370 -0.244578477 -0.285648493 -0.0865962794 0 0 0
B@CP 1371 0.183582572 -0.173586042 -0.0832320405 0 0 0
B@CP 1373 0.209120999 -0.0362737137 -0.335214179 0 0 0
B@CP 1376 -0.0267197382 -0.108967485 -0.305428291 0 0 0
B@CP 1380 -0.376731394 0.225739316 -0.00364189299 0 0 0
B@CP 1387 -0.0642268359 0.354743662 0.266821261 0 0 0
B@CP 1390 0.155988283 0.133386793 -0.336585974 0 0 0
B@CP 1394 -0.28321896 0.134694959 -0.325630034 0 0 0
B@CP 1398 0.0728255968 -0.033170695 -0.274059003 0 0 0
B@CP 1400 0.238197024 -0.15988082 0.0541810721 0 0 0
B@CP 1402 -0.28229612 -0.150623403 0.173980606 0 0 0
B@CP 1405 -0.139197309 -0.234118044 -0.2050965 0 0 0
B@CP 1406 -0.042166178 -0.0246008842 -0.161470301 0 0 0
B@CP 1407 0.191443457 0.0474413031 -0.061994935 0 0 0
B@CP 1409 -0.129437547 0.0744471972 0.0289543564 0 0 0
B@CP 1415 -0.0028519307 0.14716315 -0.267886841 0 0 0
B@CP 1418 -0.216279106 0.186547723 0.271335392 0 0 0
B@CP 1423 -0.159556007 0.142009191 -0.186708558 0 0 0
B@CP 1429 0.313292151 -0.0976184152 0.250563365 0 0 0
B@CP 1430 0.178802664 -0.277493327 0.305683696 0 0 0
B@CP 1432 0.10408353 0.169583296 -0.256387903 0 0 0
B@CP 1433 0.260493234 -0.285787569 0.00467260952 0 0 0
B@CP 1434 -0.312263627 0.039311612 -0.0506610962 0 0 0
B@CP 1436 -0.194486696 -0.249217576 -0.332024227 0 0 0
B@CP 1437 -0.164911984 0.019588352 0.371727085 0 0 0
B@CP 1444 0.0716122211 -0.129295692 0.203771555 0 0 0
B@CP 1445 0.11922274 0.124993186 -0.103251253 0 0 0
B@CP 1446 0.147549142 0.277171202 0.284137146 0 0 0
B@CP 1447 -0.0692597726 0.0935706518 -0.346958603 0 0 0
B@CP 1453 0.25469719 0.332328671 0.190360569 0 0 0
B@CP 1454 0.0526651337 -0.283934887 -0.0555859916 0 0 0
B@CP 1455 0.0660454751 -0.0773010664 0.442984583 0 0 0
B@CP 1456 0.0869155822 -0.116491614 0.39772757 0 0 0
B@CP 1460 -0.123848168 0.258668613 0.0825863471 0 0 0
B@CP 1462 -0.305629901 -0.0135816618 -0.274829044 0 0 0
B@CP 1464 0.145099349 0.359703456 0.053911337 0 0 0
B@CP 1469 -0.328594244 0.0369879174 -0.137611669 0 0 0
B@CP 1472 -0.130812133 0.0583987255 0.0947785235 0 0 0
B@CP 1473 -0.228792274 -0.0184305406 0.36724613 0 0 0
B@CP 1474 0.138273084 0.0153719613 -0.0595798278 0 0 0
B@CP 1475 -0.214059857 -0.367289373 0.120813491 0 0 0
B@CP 1477 -0.248551327 0.0774247115 -0.39517136 0 0 0
B@CP 1479 -0.222455474 0.116936207 0.0537663541 0 0 0
B@CP 1485 0.417317678 -0.0850237769 0.136449623 0 0 0
B@CP 1488 -0.197247005 -0.166009967 -0.357246992 0 0 0
B@CP 1493 0.141104106 -0.287385254 -0.0615787797 0 0 0
B@CP 1495 -0.281689732 0.206088842 0.0387501224 0 0 0
B@CP 1496 0.267245389 -0.13408994 -0.215363736 0 0 0
B@CP 1498 0.361349165 -0.221736574 0.159994514 0 0 0
B@CP 1499 0.0798942064 0.449509034 -0.0333637428 0 0 0
B@CP 1501 0.0224178863 0.295647598 -0.136410145 0 0 0
B@CP 1507 -0.0184286881 -0.00264247584 -0.346200868 0 0 0
B@CP 1509 -0.0381380263 -0.370394495 0.109568436 0 0 0
B@CP 1517 -0.233431208 0.379708277 0.0197566808 0 0 0
B@CP 1522 -0.154611291 0.365058967 0.00419642597 0 0 0
B@CP 1526 0.426173571 -0.110605609 0.0891928493 0 0 0
B@CP 1528 0.0308183036 -0.00911857897 0.463370456 0 0 0
B@CP 1534 0.167256151 0.348211684 -0.0564391862 0 0 0
B@CP 1536 -0.00360941558 -0.175107448 0.0264253185 0 0 0
B@CP 1539 -0.0233253948 0.289156718 -0.0740280323 0 0 0
B@CP 1541 0.0110259038 0.379909648 0.061980043 0 0 0
B@CP 1545 0.307365368 0.158499847 -0.179550456 0 0 0
B@CP 1556 0.0310597488 -0.195073011 0.398405844 0 0 0
B@CP 1560 -0.414517668 -0.101194816 0.169025408 0 0 0
B@CP 1562 0.110072121 0.0414319041 -0.2884892 0 0 0
B@CP 1564 -0.392306909 0.0651318108 0.0647224762 0 0 0
B@CP 1566 0.0316330126 -0.205023394 0.385416728 0 0 0
B@CP 1567 -0.0124872804 0.378894848 0.272215528 0 0 0
B@CP 1568 -0.0269254601 -0.113123777 0.221245743 0 0 0
B@CP 1569 -0.354513943 0.207840951 -0.0623993859 0 0 0
B@CP 1573 0.136114032 0.180436898 -0.0730020928 0 0 0
B@CP 1580 0.132824145 -0.324360062 0.300091799 0 0 0
B@CP 1581 -0.284047354 -0.125253914 0.106833857 0 0 0
B@CP 1582 0.000356672845 0.407773544 -0.179006388 0 0 0
B@CP 1583 0.0463995899 -0.267094037 -0.077045417 0 0 0
B@CP 1587 0.203278871 0.151192976 -0.184051352 0 0 0
B@CP 1593 0.0685754884 0.135436199 0.43020429 0 0 0
B@CP 1600 -0.113146254 -0.224384656 -0.0551773102 0 0 0
B@CP 1601 0.0967107019 -0.100081608 0.0942638633 0 0 0
B@CP 1603 0.0877863641 -0.0418991013 0.425542883 0 0 0
B@CP 1605 -0.268842131 0.0077857726 0.289237489 0 0 0
B@CP 1607 0.09964267 0.0343474589 -0.41525737 0 0 0
B@CP 1609 0.289667944 -0.0967962768 -0.284674918 0 0 0
B@CP 1614 0.0912356788 -0.31213151 -0.249103872 0 0 0
B@CP 1615 -0.0567454235 -0.146557336 0.340022961 0 0 0
B@CP 1618 0.129141589 0.308814934 -0.219596588 0 0 0
B@CP 1626 -0.344970073 -0.138289756 -0.188302395 0 0 0
B@CP 1634 0.0745163781 0.0943960702 -0.0691204554 0 0 0
B@CP 1639 0.295097979 -0.163597562 0.122426065 0 0 0
B@CP 1640 -0.187555052 -0.288546568 -0.0276038499 0 0 0
B@CP 1649 0.295096052 -0.290351926 0.158643225 0 0 0
B@CP 1653 0.376796708 0.192762097 -0.121277984 0 0 0
B@CP 1660 -0.0838106742 0.0408973865 -0.322217385 0 0 0
B@CP 1666 0.34097442 -0.0213897932 0.0514773086 0 0 0
B@CP 1667 -0.223518318 0.294506961 0.267197104 0 0 0
B@CP 1668 -0.189429839 0.091793076 -0.0734321111 0 0 0
B@CP 1670 -0.350567428 -0.162840688 0.192111475 0 0 0
B@CP 1671 0.377831646 -0.0304578534 -0.220949795 0 0 0
B@CP 1675 0.114316161 -0.128931776 -0.174333248 0 0 0
B@CP 1677 -0.106821273 -0.0355509467 -0.322747437 0 0 0
B@CP 1679 0.274553666 0.128939742 0.332929614 0 0 0
B@CP 1682 0.312060592 0.0163423757 0.344595998 0 0 0
B@CP 1686 0.0924675531 0.26491442 -0.22896139 0 0 0
B@CP 1687 0.197602203 -0.169386881 0.21479331 0 0 0
B@CP 1690 -0.0389981168 0.341013158 -0.184573102 0 0 0
B@CP 1695 -0.0406843152 0.0496777727 0.465254553 0 0 0
B@CP 1701 0.0543582775 0.204396859 0.190575437 0 0 0
B@CP 1703 0.278692046 0.0772206906 -0.356275494 0 0 0
B@CP 1706 0.412848341 -0.131116409 -0.165901246 0 0 0
B@CP 1707 -0.123912105 -0.342636701 0.240705064 0 0 0
B@CP 1711 -0.0316272653 0.0797836947 0.149096325 0 0 0
B@CP 1712 -0.0346197635 -0.312770941 -0.0087617937 0 0 0
B@CP 1716 -0.206733109 -0.274113908 -0.0930161463 0 0 0
B@CP 1719 -0.327419361 0.0960519092 0.230012864 0 0 0
B@CP 1720 -0.0919755611 0.425706455 0.10525233 0 0 0
B@CP 1722 0.0689959981 -0.0324932211 -0.264151978 0 0 0
B@CP 1726 0.315884472 -0.146000867 0.0380893898 0 0 0
B@CP 1728 -0.467376041 -0.0644333535 0.0258058124 0 0 0
B@CP 1733 0.211540383 -0.0899626676 -0.357074254 0 0 0
B@CP 1735 -0.0331700557 -0.208794831 -0.231481714 0 0 0
B@CP 1740 0.178986997 -0.0305598237 0.21727998 0 0 0
B@CP 1743 0.164400035 0.360646129 -0.0624439224 0 0 0
B@CP 1746 0.1155459 -0.397304975 -0.12556073 0 0 0
B@CP 1748 -0.117516536 0.290571907 -0.242147062 0 0 0
B@CP 1749 -0.445194085 -0.0536585295 -0.0229703194 0 0 0
B@CP 1750 0.00788192896 0.0754176221 -0.0569009708 0 0 0
B@CP 1751 0.285489835 -0.099384442 0.0878601428 0 0 0
B@CP 1752 -0.252649396 0.298008047 0.192145401 0 0 0
B@CP 1753 -0.0493472731 0.0700842695 0.211570974 0 0 0
B@CP 1756 0.0783102104 0.253807674 -0.106477921 0 0 0
B@CP 1758 0.000779232484 -0.318859946 -0.219193386 0 0 0
B@CP 1766 0.211828839 0.249273821 0.242707173 0 0 0
B@CP 1768 0.0488001804 0.0182937269 -0.453291298 0 0 0
B@CP 1769 -0.118206144 -0.2107573 0.0490756977 0 0 0
B@CP 1770 -0.312630995 -0.143764396 0.151663675 0 0 0
B@CP 1775 0.290178401 -0.0943559113 0.216169711 0 0 0
B@CP 1776 0.201353166 -0.221169453 -0.183939855 0 0 0
B@CP 1780 0.147425665 0.0713895938 0.125996639 0 0 0
B@CP 1782 0.0762258608 -0.257969817 -0.26776153 0 0 0
B@CP 1783 -0.0120913153 -0.0658671616 -0.414109525 0 0 0
B@CP 1788 -0.270631819 0.282249334 0.069374246 0 0 0
B@CP 1792 0.220732161 -0.118851691 0.156643794 0 0 0
B@CP 1795 -0.417246463 -0.150882028 0.0538127973 0 0 0
B@CP 1797 0.0063178398 0.178420664 -0.11795863 0 0 0
B@CP 1798 -0.224606727 0.21070777 -0.112682888 0 0 0
B@CP 1799 -0.375059326 0.0427358585 0.24442526 0 0 0
B@CP 1802 -0.0952203442 0.258952915 0.326462471 0 0 0
B@CP 1803 0.409762029 -0.144432899 -0.0121732101 0 0 0
B@CP 1807 -0.269381002 -0.137208226 0.0817211575 0 0 0
B@CP 1812 -0.336173906 -0.174302642 0.257862254 0 0 0
B@CP 1813 0.361921734 0.145759539 -0.0162630024 0 0 0
B@CP 1822 0.134523057 -0.146355697 0.391660189 0 0 0
B@CP 1824 0.0833422161 -0.21109008 -0.330332456 0 0 0
B@CP 1832 -0.281558407 0.0336017922 0.136740759 0 0 0
B@CP 1833 -0.0962391651 -0.0355398393 0.224674195 0 0 0
B@CP 1839 0.241459056 0.105461518 -0.0127572354 0 0 0
B@CP 1844 0.365734046 -0.024441085 -0.228978055 0 0 0
B@CP 1845 -0.0427011386 -0.332707999 -0.0688008662 0 0 0
B@CP 1849 -0.175530138 0.0752718826 0.265469453 0 0 0
B@CP 1853 -0.272975539 0.113140841 -0.292096382 0 0 0
B@CP 1857 -0.387619305 -0.18189554 0.166678031 0 0 0
B@CP 1859 0.0316604086 -0.421838632 0.0496103995 0 0 0
B@CP 1860 0.323035323 -0.236613307 -0.0557747058 0 0 0
B@CP 1861 0.212822369 -0.327157989 -0.17957758 0 0 0
B@CP 1863 0.260424665 -0.0314766784 0.0408282797 0 0 0
B@CP 1864 0.0182389622 0.25370516 -0.378946498 0 0 0
B@CP 1865 -0.0956576605 -0.146163294 -0.340819269 0 0 0
B@CP 1871 -0.020693893 0.199861063 -0.120818013 0 0 0
B@CP 1875 -0.0849905219 -0.187996374 0.265318366 0 0 0
B@CP 1877 0.0229460189 -0.0527757566 -0.377908167 0 0 0
B@CP 1880 0.114376794 0.265017062 0.142171791 0 0 0
B@CP 1884 -0.382252448 0.14349968 0.0103341268 0 0 0
B@CP 1885 -0.0696733324 -0.027950346 -0.318186399 0 0 0
B@CP 1892 0.126539232 -0.0895846759 0.184514536 0 0 0
B@CP 1893 0.0990873111 -0.341127527 0.0334415726 0 0 0
B@CP 1895 0.00721292146 -0.439985643 0.0775734171 0 0 0
B@CP 1896 0.0911818586 0.341840695 -0.193185968 0 0 0
B@CP 1898 -0.0600080079 -0.0428437474 0.416863081 0 0 0
B@CP 1903 -0.27761624 0.0686865074 0.163591302 0 0 0
B@CP 1906 -0.26926385 0.147858376 -0.0649826828 0 0 0
B@CP 1909 -0.299801255 0.211700749 0.239001613 0 0 0
B@CP 1911 -0.198589804 -0.0331200529 -0.234403207 0 0 0
B@CP 1912 -0.328157594 0.209239636 0.206408825 0 0 0
B@CP 1920 -0.0984592584 -0.330536726 -0.0486210351 0 0 0
B@CP 1921 -0.0469013839 -0.0789958555 -0.199056719 0 0 0
B@CP 1922 0.143958982 0.188780725 0.263717752 0 0 0
B@CP 1926 -0.00953658433 0.386590833 0.0278375415 0 0 0
B@CP 1936 0.060626146 -0.201077023 0.0842231386 0 0 0
B@CP 1939 -0.260162426 -0.225567657 -0.20601803 0 0 0
B@CP 1940 -0.0436577669 0.379306697 -0.146958099 0 0 0
B@CP 1944 -0.289313147 -0.217183135 0.169898379 0 0 0
B@CP 1948 -0.204034312 -0.117827611 -0.404378803 0 0 0
B@CP 1949 0.0964668427 -0.18665899 0.298040068 0 0 0
B@CP 1951 -0.242190874 0.0615294562 -0.34198774 0 0 0
B@CP 1953 -0.0736951049 -0.145685951 -0.1832986 0 0 0
B@CP 1955 0.191171693 0.309543073 -0.267194894 0 0 0
B@CP 1966 -0.160619949 0.0383792026 -0.305427035 0 0 0
B@CP 1968 -0.208823615 -0.188562495 0.383897229 0 0 0
B@CP 1969 0.194167727 -0.287131041 -0.288392167 0 0 0
B@CP 1970 0.111240396 0.201178825 0.263390277 0 0 0
B@CP 1972 -0.0241357408 0.152499168 0.40625977 0 0 0
B@CP 1974 0.123041483 0.369054986 -0.17333739 0 0 0
B@CP 1976 0.0282701814 -0.378353712 0.246892488 0 0 0
B@CP 1980 0.0982071367 0.274918499 0.283909792 0 0 0
B@CP 1982 0.0316582639 -0.279359241 -0.108489588 0 0 0
B@CP 1984 0.348808153 0.0648014068 -0.0797605753 0 0 0
B@CP 1985 0.244956071 0.324970327 -0.0292527217 0 0 0
B@CP 1989 0.135415547 -0.0844070564 -0.238593961 0 0 0
B@CP 1993 0.0517536067 0.416835767 0.150929984 0 0 0
B@CP 1999 0.116863867 0.190302685 -0.371558341 0 0 0
B@CP 2001 -0.241323545 0.31642654 0.189266496 0 0 0
B@CP 2003 0.360017722 0.0720595045 -0.222858728 0 0 0
B@CP 2004 0.0908673869 0.253832686 0.361635463 0 0 0
B@CP 2005 0.0844309872 -0.143276332 -0.108963595 0 0 0
B@CP 2007 0.185552652 -0.328853289 -0.14583691 0 0 0
B@CP 2010 0.000814191398 0.290444645 0.272547848 0 0 0
B@CP 2013 0.0960027425 0.343823672 0.0122472613 0 0 0
B@CP 2020 -0.0951756446 0.349199235 -0.067901919 0 0 0
B@CP 2022 0.25182189 -0.204136914 0.278190033 0 0 0
B@CP 2028 0.0645904557 -0.0494200473 -0.214085976 0 0 0
B@CP 2035 0.0347115856 -0.00389931478 0.419720782 0 0 0
B@CP 2038 0.0483248265 0.416595013 -0.0468564133 0 0 0
B@CP 2039 0.00342456707 0.298932419 0.175587354 0 0 0
B@CP 2041 -0.213963568 -0.334873192 -0.0213492601 0 0 0
B@CP 2043 0.208904162 -0.112161902 0.227755268 0 0 0
B@CP 2046 0.131160828 -0.365862367 -0.18762815 0 0 0
B@CP 2047 0.0518763466 0.0715192945 -0.427802155 0 0 0
B@CP 2057 -0.0373140899 0.409834787 -0.0140720982 0 0 0
B@CP 2061 -0.371293488 -0.205442571 -0.126058523 0 0 0
B@CP 2064 0.051085591 0.144515144 0.245812523 0 0 0
B@CP 2066 -0.215705204 0.107640227 -0.0769076552 0 0 0
B@CP 2068 0.118423748 0.0202603992 0.110514196 0 0 0
B@CP 2070 -0.0688659593 0.132294368 -0.151049363 0 0 0
B@CP 2071 -0.397795307 -0.0406034029 0.102145598 0 0 0
B@CP 2073 -0.282233092 0.306642524 -0.162609444 0 0 0
B@CP 2077 0.0646871771 0.385994178 -0.00917489297 0 0 0
B@CP 2078 -0.0791267488 0.129921354 0.441020222 0 0 0
B@CP 2079 -0.239329038 0.157911854 -0.163300695 0 0 0
B@CP 2089 0.21920419 -0.28570525 -0.0427775147 0 0 0
B@CP 2090 -0.139286513 0.167634999 -0.14263186 0 0 0
B@CP 2093 -0.263275786 -0.346500645 -0.161568402 0 0 0
B@CP 2094 -0.0158846967 -0.135962106 -0.120026755 0 0 0
B@CP 2098 0.127868969 -0.013055475 0.203048696 0 0 0
B@CP 2102 0.0477310364 -0.0543366952 -0.308992365 0 0 0
B@CP 2105 0.168788732 0.244997233 0.229998203 0 0 0
B@CP 2107 -0.382572046 -0.161476653 -0.0137270336 0 0 0
B@CP 2112 0.299293521 -0.269080769 0.0892863937 0 0 0
B@CP 2114 -0.345800077 0.141349555 -0.0472032159 0 0 0
B@CP 2118 0.15820331 -0.142565294 0.355575257 0 0 0
B@CP 2122 0.186028378 -0.128085974 -0.16571392 0 0 0
B@CP 2126 -0.0791769704 -0.183441213 -0.0597431044 0 0 0
B@CP 2134 -0.257375191 0.276192861 0.245138085 0 0 0
B@CP 2135 -0.323884017 -0.118131323 -0.22470385 0 0 0
B@CP 2140 -0.0673064557 0.177629952 0.0716484402 0 0 0
B@CP 2143 -0.347353352 0.152233425 0.239262744 0 0 0
B@CP 2151 -0.103905659 -0.266360101 0.0145432337 0 0 0
B@CP 2152 -0.230156777 0.275224617 -0.227857005 0 0 0
B@CP 2156 -0.334900716 0.00794418515 -0.0873175927 0 0 0
B@CP 2158 -0.2644633 -0.243631284 -0.169322342 0 0 0
B@CP 2161 -0.193925027 0.269554972 -0.289227057 0 0 0
B@CP 2163 0.0241398577 0.0743272993 0.403948984 0 0 0
B@CP 2166 -0.245435631 0.28690536 0.264789268 0 0 0
B@CP 2170 -0.0233157166 -0.124722541 0.398608104 0 0 0
B@CP 2174 -0.467487476 -0.021682125 0.0458469702 0 0 0
B@CP 2179 0.418291518 0.0629229874 -0.198767893 0 0 0
B@CP 2189 0.254757113 0.303716496 -0.0487507178 0 0 0
B@CP 2190 -0.3681412 0.215766778 0.103258637 0 0 0
B@CP 2191 0.0764095738 -0.00398772462 0.035929423 0 0 0
B@CP 2193 0.0359338413 -0.368756523 -0.0976331676 0 0 0
B@CP 2194 -0.211419567 -0.342172501 0.0400757313 0 0 0
B@CP 2198 0.171247268 -0.278636279 -0.0970670696 0 0 0
B@CP 2199 -0.0482061419 -0.016922645 0.199637639 0 0 0
B@CP 2206 0.268585452 0.0577804946 -0.258212262 0 0 0
B@CP 2208 0.06836489 0.0965044852 -0.058105162 0 0 0
B@CP 2211 0.0817781963 0.221162079 -0.250878769 0 0 0
B@CP 2213 -0.115793081 -0.305307032 0.13180444 0 0 0
B@CP 2218 0.0174947825 0.235453093 -0.300562322 0 0 0
B@CP 2220 -0.181669103 0.0287943222 -0.327838241 0 0 0
B@CP 2221 -0.133706221 -0.0106647587 0.366079862 0 0 0
B@CP 2224 0.306438093 -0.320931877 -0.0521593452 0 0 0
B@CP 2225 0.200731665 0.153229997 0.153329073 0 0 0
B@CP 2227 -0.205737023 0.0563419131 -0.253525284 0 0 0
B@CP 2231 0.0817467787 -0.0902951925 0.211918455 0 0 0
B@CP 2234 -0.256533585 -0.0459092628 -0.216167972 0 0 0
B@CP 2236 0.0138550325 -0.0465046609 0.285631712 0 0 0
B@CP 2242 0.100472434 -0.0778707414 0.12492549 0 0 0
B@CP 2244 -0.231324359 0.182285871 -0.297403633 0 0 0
B@CP 2251 0.034111111 0.321997282 0.143696109 0 0 0
B@CP 2257 -0.15752135 -0.05718887 -0.398727705 0 0 0
B@CP 2258 -0.151041824 0.108587268 0.368791988 0 0 0
B@CP 2262 0.00746639169 0.132214718 -0.269810212 0 0 0
B@CP 2264 0.0635707835 -0.0391907312 -0.0308234135 0 0 0
B@CP 2265 -0.300401625 0.0920870144 -0.133853556 0 0 0
B@CP 2273 0.154728692 -0.0916584091 0.0779407124 0 0 0
B@CP 2274 -0.0775884302 0.313950355 0.0463764488 0 0 0
B@CP 2284 0.155509779 -0.110622743 -0.0159037302 0 0 0
B@CP 2286 -0.212302079 0.294903513 -0.275054452 0 0 0
B@CP 2288 -0.186496219 0.400869196 0.064507923 0 0 0
B@CP 2290 0.190140852 0.172074644 -0.29041375 0 0 0
B@CP 2291 0.0472018245 0.406739407 -0.0646167534 0 0 0
B@CP 2293 -0.146430722 -0.366773601 -0.243344964 0 0 0
B@CP 2295 -0.247093245 -0.347803278 -0.0145754634 0 0 0
B@CP 2297 0.326116291 -0.130570681 -0.0557827122 0 0 0
B@CP 2298 -0.0328276396 0.211726468 0.0474821037 0 0 0
B@CP 2299 -0.140135673 0.33646708 -0.00157762654 0 0 0
B@CP 2306 0.137402984 0.10834617 -0.18719265 0 0 0
B@CP 2312 0.192241476 -0.253813452 0.0879014305 0 0 0
B@CP 2313 -0.221798012 -0.105505285 0.378231051 0 0 0
B@CP 2317 -0.203090036 -0.073729958 -0.291504275 0 0 0
B@CP 2318 0.139695043 -0.123952992 0.401550631 0 0 0
B@CP 2322 -0.0984552045 0.263639067 -0.22979786 0 0 0
B@CP 2324 0.216994344 -0.180065611 -0.390044201 0 0 0
B@CP 2327 -0.126767094 0.012226303 0.432814958 0 0 0
B@CP 2330 -0.0741424734 0.0791501243 0.234210531 0 0 0
B@CP 2334 -0.20237963 0.194661271 -0.208835412 0 0 0
B@CP 2335 0.399294689 0.0425245833 -0.0594847314 0 0 0
B@CP 2340 0.0581443895 0.0337229679 -0.354264707 0 0 0
B@CP 2345 -0.267146193 -0.33805688 -0.0890547472 0 0 0
B@CP 2350 0.297822733 -0.248924432 0.00357005263 0 0 0
B@CP 2354 -0.0367945625 0.00630641509 0.201984396 0 0 0
B@CP 2358 0.161732633 -0.300147666 -0.00985560805 0 0 0
B@CP 2359 -0.070809973 0.311261304 0.191517904 0 0 0
B@CP 2361 -0.0615119054 0.229089468 -0.115662096 0 0 0
B@CP 2363 0.232460301 0.381437836 -0.0610831675 0 0 0
B@CP 2364 -0.255503167 -0.262767711 -0.160484381 0 0 0
B@CP 2365 0.316423098 0.230676678 0.107936676 0 0 0
B@CP 2366 -0.367053869 -0.0222168508 0.0479507989 0 0 0
B@CP 2367 0.159132828 0.128604667 -0.371924778 0 0 0
B@CP 2370 0.065284143 0.00755580768 0.467787862 0 0 0
B@CP 2371 -0.0774549289 -0.0175821677 0.357159954 0 0 0
B@CP 2376 0.122715882 -0.0186831329 0.0197933105 0 0 0
B@CP 2383 -0.143284918 0.173359395 0.307659063 0 0 0
B@CP 2384 -0.380084403 -0.141562508 0.0245445077 0 0 0
B@CP 2387 -0.259610731 0.36573774 -0.0137951991 0 0 0
B@CP 2388 -0.0908830843 0.250635986 -0.274680385 0 0 0
B@CP 2389 0.133621437 -0.0935244712 0.28796484 0 0 0
B@CP 2390 0.115295368 -0.122329372 -0.350948517 0 0 0
B@CP 2397 -0.330060778 0.147094671 0.0372487428 0 0 0
B@CP 2398 0.00249068364 0.302196571 0.280658581 0 0 0
B@CP 2402 0.275207233 -0.0970383643 0.3438633 0 0 0
B@CP 2405 0.0891911433 0.0987139856 -0.275885095 0 0 0
B@CP 2409 -0.0793112969 -0.12192528 -0.20927927 0 0 0
B@CP 2410 0.086758044 0.173104261 0.106036257 0 0 0
B@CP 2414 -0.196094335 0.183879972 0.13354207 0 0 0
B@CP 2415 -0.116585292 -0.406288007 -0.123097067 0 0 0
B@CP 2417 0.0943675578 0.122311444 -0.13100607 0 0 0
B@CP 2418 0.0486811235 0.17022795 0.271761714 0 0 0
B@CP 2419 -0.296523361 -0.0235363579 0.196834194 0 0 0
B@CP 2422 0.196043348 -0.121581563 0.259192037 0 0 0
B@CP 2425 -0.135072498 -0.0668108937 0.140872397 0 0 0
B@CP 2427 -0.120989162 0.0608608196 -0.0451099572 0 0 0
B@CP 2428 -0.343743225 0.109746688 0.263810125 0 0 0
B@CP 2429 0.0899491989 -0.443025612 -0.0673985076 0 0 0
B@CP 2430 0.126806856 -0.152818944 0.107034975 0 0 0
B@CP 2432 -0.0356367718 -0.291171303 -0.278883522 0 0 0
B@CP 2438 -0.00801103279 -0.0957895874 -0.300752927 0 0 0
B@CP 2439 -0.0657688555 0.0702720002 0.129259983 0 0 0
B@CP 2441 -0.220753677 0.132591273 0.270395799 0 0 0
B@CP 2450 -0.352617318 0.082537607 -0.114736054 0 0 0
B@CP 2456 0.0964676635 0.20131743 -0.399575506 0 0 0
B@CP 2460 0.350956033 0.00225897609 -0.277792834 0 0 0
B@CP 2461 0.116590456 0.379805916 -0.22447458 0 0 0
B@CP 2462 0.372934619 0.115267984 0.236109755 0 0 0
B@CP 2464 0.217785497 0.280739602 0.243210133 0 0 0
B@CP 2465 -0.273852346 0.169838775 0.224786879 0 0 0
B@CP 2467 -0.267728979 -0.0648284833 0.240567439 0 0 0
B@CP 2475 0.0993535714 -0.0923704756 0.279203504 0 0 0
B@CP 2479 0.36850443 -0.185229507 0.0305421745 0 0 0
B@CP 2482 0.0140006017 -0.187770963 0.145661443 0 0 0
B@CP 2491 0.157837889 0.12093739 0.422685613 0 0 0
B@CP 2492 0.353263714 0.265665231 0.177890641 0 0 0
B@CP 2494 -0.27870158 -0.271358783 0.108619584 0 0 0
B@CP 2496 0.267814465 0.00422145603 0.0194705225 0 0 0
B@CP 2498 -0.0686327796 -0.052766644 0.130494134 0 0 0
C@CP 2500 0.141323865 0.355504727 0.18933522 0 0 0
C@CP 2501 0.311398791 0.085711591 0.250710991 0 0 0
C@CP 2502 -0.160136521 -0.18314003 -0.334759877 0 0 0
C@CP 2503 -0.332946819 0.0959502288 0.0256511677 0 0 0
C@CP 2504 -0.145485859 0.218403901 0.32664431 0 0 0
C@CP 2505 -0.235070044 -0.130536173 -0.384364523 0 0 0
C@CP 2506 0.166884767 -0.0644101328 0.262799056 0 0 0
C@CP 2507 -0.00894850622 0.18917266 -0.301918116 0 0 0
C@CP 2508 -0.352629482 -0.253144016 -0.0798666489 0 0 0
C@CP 2509 -0.126863436 -0.280479598 -0.0437429536 0 0 0
C@CP 2510 -0.242267728 0.144285042 -0.0164385238 0 0 0
C@CP 2511 -0.124274425 -0.296053735 0.119459659 0 0 0
C@CP 2512 -0.236238599 -0.0830938943 0.121050211 0 0 0
C@CP 2513 -0.156222575 0.258556421 -0.338223841 0 0 0
C@CP 2514 0.0855313692 -0.074695571 -0.364420978 0 0 0
C@CP 2515 -0.388802317 -0.0787674868 0.00315369945 0 0 0
C@CP 2516 0.13578959 -0.276440163 0.197888867 0 0 0
C@CP 2517 -0.0619891005 -0.0776322101 -0.261134265 0 0 0
C@CP 2518 -0.215788001 0.379698441 -0.176086462 0 0 0
C@CP 2519 -0.111206835 0.0812919468 0.381532133 0 0 0
C@CP 2520 0.18286019 -0.217642124 0.0224208339 0 0 0
C@CP 2521 0.219401498 -0.357797028 -0.0705917918 0 0 0
C@CP 2522 -0.00562818326 0.0526891883 -0.379404045 0 0 0
C@CP 2523 0.18999824 -0.080315338 0.0633304438 0 0 0
C@CP 2524 -0.231195036 -0.291964835 0.197146063 0 0 0
C@CP 2525 0.0447126675 0.164842407 0.136519659 0 0 0
C@CP 2526 0.406425129 -0.152382934 0.0515479635 0 0 0
C@CP 2527 0.233764755 -0.115016615 0.395547856 0 0 0
C@CP 2528 -0.255968132 0.350632729 0.0934288142 0 0 0
C@CP 2529 -0.11918975 -0.388234464 -0.196877391 0 0 0
C@CP 2530 -0.308945433 0.0743702008 0.262134206 0 0 0
C@CP 2531 0.392478192 -0.186382942 -0.00866577973 0 0 0
C@CP 2532 0.113233205 -0.371489722 0.265899064 0 0 0
C@CP 2533 -0.0618566956 0.0280003666 0.138188561 0 0 0
C@CP 2534 -0.125579508 -0.214489275 0.23222209 0 0 0
C@CP 2535 0.139964306 -0.124461732 0.0952507783 0 0 0
C@CP 2536 0.167153646 0.268434551 -0.3393831 0 0 0
C@CP 2537 -0.165128642 0.393702895 -0.158025565 0 0 0
C@CP 2538 -0.152280453 0.281712641 0.216152257 0 0 0
C@CP 2539 0.0696334293 -0.291759153 -0.210598955 0 0 0
C@CP 2540 -0.116109047 0.152744873 -0.179885053 0 0 0
C@CP 2541 0.0311225932 0.11850018 -0.0109324724 0 0 0
C@CP 2542 -0.0827499656 0.136932351 -0.379415069 0 0 0
C@CP 2543 0.292680313 0.168212485 -0.113852776 0 0 0
C@CP 2544 0.309392944 -0.194913476 -0.163558134 0 0 0
C@CP 2545 -0.109037721 0.330494717 0.215371946 0 0 0
C@CP 2546 0.167533421 -0.0803032117 -0.165583751 0 0 0
C@CP 2547 -0.174926092 -0.0387995045 0.0866993028 0 0 0
C@CP 2548 0.0768097403 -0.0895466504 0.0484447525 0 0 0
C@CP 2549 -0.354509059 -0.248104304 0.169197673 0 0 0
C@CP 2550 -0.112362468 0.183843795 0.171596376 0 0 0
C@CP 2551 0.163548104 0.0225703486 -0.178608355 0 0 0
C@CP 2552 -0.0631573584 0.137993119 -0.285335352 0 0 0
C@CP 2553 -0.403928468 0.0366360775 0.19056842 0 0 0
C@CP 2554 0.0196163442 0.217121667 -0.106024217 0 0 0
C@CP 2555 -0.278373473 0.349337585 0.112794183 0 0 0
C@CP 2556 0.278076188 -0.0561285585 0.140682489 0 0 0
C@CP 2557 0.196253434 -0.364892274 0.0590392176 0 0 0
C@CP 2558 -0.118149415 0.0963823706 -0.209870827 0 0 0
C@CP 2559 0.0849226903 0.181733212 -0.343929003 0 0 0
C@CP 2560 0.259079993 -0.100493876 0.295963833 0 0 0
C@CP 2561 0.0627101762 -0.151968279 0.420645643 0 0 0
C@CP 2562 0.113213158 0.235805475 -0.159249164 0 0 0
C@CP 2563 -0.329631809 0.0576492153 -0.135725641 0 0 0
C@CP 2564 -0.168776131 0.0620594058 -0.386596712 0 0 0
C@CP 2565 0.391818372 -0.123367991 0.0553419581 0 0 0
C@CP 2566 0.0135393485 -0.307096792 0.241454276 0 0 0
C@CP 2567 0.073769557 0.0268501986 -0.370360373 0 0 0
C@CP 2568 -0.18750746 -0.295652494 0.25098246 0 0 0
C@CP 2569 -0.344937447 0.263383351 -0.114658965 0 0 0
C@CP 2570 0.00274998468 0.374326247 -0.150580281 0 0 0
C@CP 2571 0.346065774 -0.113748332 0.039065189 0 0 0
C@CP 2572 0.120648843 -0.391726518 0.149069185 0 0 0
C@CP 2573 0.0798005366 -0.227651447 -0.189884511 0 0 0
C@CP 2574 -0.113985553 0.270894196 -0.228376822 0 0 0
C@CP 2575 -0.375065965 -0.0505908166 0.0796359322 0 0 0
C@CP 2576 -0.0166174588 -0.111976961 -0.0802284578 0 0 0
C@CP 2577 0.263419635 0.0699958357 -0.266965996 0 0 0
C@CP 2578 0.294436314 -0.242086321 0.209781724 0 0 0
C@CP 2579 -0.150486127 0.157533664 -0.228978945 0 0 0
C@CP 2580 -0.0163978867 0.290105508 -0.152399197 0 0 0
C@CP 2581 0.222819302 -0.263055438 0.260317527 0 0 0
C@CP 2582 -0.344741026 -0.11687912 0.249512609 0 0 0
C@CP 2583 0.204089783 -0.0429380891 -0.193906264 0 0 0
C@CP 2584 -0.327374685 0.0698803811 0.247902659 0 0 0
C@CP 2585 0.398311249 -0.0737340433 0.211148619 0 0 0
C@CP 2586 0.139771763 -0.449319055 0.0119361308 0 0 0
C@CP 2587 -0.057340329 0.395339211 -0.218729387 0 0 0
C@CP 2588 0.295524085 -0.0899011759 0.0665467154 0 0 0
C@CP 2589 0.170196594 -0.100653737 0.0532869893 0 0 0
C@CP 2590 0.104258701 0.2698737 -0.0478087963 0 0 0
C@CP 2591 0.132445186 -0.353269756 0.0918865097 0 0 0
C@CP 2592 -0.247143086 0.22529893 0.0591335971 0 0 0
C@CP 2593 0.265383031 0.133107925 -0.337833466 0 0 0
C@CP 2594 0.0411398208 0.051253791 -0.0998180673 0 0 0
C@CP 2595 -0.132085075 0.247543469 -0.0188198473 0 0 0
C@CP 2596 -0.256601132 0.216217651 0.301966434 0 0 0
C@CP 2597 -0.312794186 0.163079317 -0.128249631 0 0 0
C@CP 2598 0.139682622 0.176564857 -0.26869611 0 0 0
C@CP 2599 0.115562612 0.42465742 0.16932425 0 0 0
C@CP 2600 0.207673304 -0.310396826 -0.0583748367 0 0 0
C@CP 2601 -0.346216939 0.20622403 0.0604161083 0 0 0
C@CP 2602 0.168364303 0.22665132 0.336576009 0 0 0
C@CP 2603 -0.403060684 0.0505787324 -0.0703553563 0 0 0
C@CP 2604 0.30875858 0.347416492 -0.063011196 0 0 0
C@CP 2605 0.0634916307 -0.35077365 -0.0364566432 0 0 0
C@CP 2606 -0.153803961 0.300055695 -0.100173448 0 0 0
C@CP 2607 -0.163138574 -0.128959917 0.414267107 0 0 0
C@CP 2608 0.142609736 0.0530808351 -0.375612149 0 0 0
C@CP 2609 0.226384735 0.0510187817 -0.213348405 0 0 0
C@CP 2610 0.0632335981 0.327033612 -0.11945968 0 0 0
C@CP 2611 -0.0536718448 -0.00620112135 -0.228737211 0 0 0
C@CP 2612 -0.142688537 0.0354857198 0.305832439 0 0 0
C@CP 2613 0.140491841 -0.110870012 -0.105800786 0 0 0
C@CP 2614 -0.214720638 0.0375175909 -0.403409801 0 0 0
C@CP 2615 -0.270464288 -0.0470258343 -0.143931714 0 0 0
C@CP 2616 0.0507405387 -0.326358872 0.103439398 0 0 0
C@CP 2617 -0.263650968 -0.338409863 0.0917275658 0 0 0
C@CP 2618 -0.112536392 0.262472948 0.0699913221 0 0 0
C@CP 2619 -0.406369197 -0.196395818 0.0912752644 0 0 0
C@CP 2620 -0.0531481208 0.0900301038 -0.406022248 0 0 0
C@CP 2621 0.168809965 -0.0740606731 -0.24920265 0 0 0
C@CP 2622 0.163551073 0.0750162946 0.0963084349 0 0 0
C@CP 2623 -0.289090576 0.103862564 0.204044663 0 0 0
C@CP 2624 0.093505724 0.340861287 -0.234157692 0 0 0
C@CP 2625 -0.379538949 0.175808287 -0.106501748 0 0 0
C@CP 2626 0.051695072 -0.00218077748 0.0573974837 0 0 0
C@CP 2627 0.157928304 -0.0725003736 -0.278100337 0 0 0
C@CP 2628 -0.445180839 0.0480065777 0.102378097 0 0 0
C@CP 2629 0.256967438 0.322795796 -0.0443247559 0 0 0
C@CP 2630 0.444918394 -0.0407957924 0.0403458777 0 0 0
C@CP 2631 -0.377899536 0.0134930134 -0.137664063 0 0 0
C@CP 2632 0.0662091456 -0.039504418 0.162721021 0 0 0
C@CP 2633 0.200841056 -0.100535172 0.245489403 0 0 0
C@CP 2634 -0.177309092 0.152579045 -0.0444027451 0 0 0
C@CP 2635 -0.220960278 0.0955105658 -0.210916926 0 0 0
C@CP 2636 0.000950799512 -0.397900343 -0.137140362 0 0 0
C@CP 2637 0.00335107632 0.276744148 0.0449819933 0 0 0
C@CP 2638 -0.418715708 -0.180311492 -0.0688302995 0 0 0
C@CP 2639 -0.319639483 0.116726834 -0.23809802 0 0 0
C@CP 2640 -0.0983858917 0.32156809 -0.079411725 0 0 0
C@CP 2641 -0.271058944 -0.0416424018 -0.00253178783 0 0 0
C@CP 2642 -0.00926323138 -0.32611779 -0.0668618428 0 0 0
C@CP 2643 0.335360444 -0.00857747563 -0.0101216255 0 0 0
C@CP 2644 0.130083783 0.0926707462 -0.110132193 0 0 0
C@CP 2645 0.359135627 0.0445780319 0.227936125 0 0 0
C@CP 2646 -0.256029813 0.0293221798 -0.0757887765 0 0 0
C@CP 2647 0.363811997 0.0161886529 0.0394106246 0 0 0
C@CP 2648 0.189706897 -0.0636038302 0.0047197015 0 0 0
C@CP 2649 -0.184928773 -0.372794793 -0.0695917202 0 0 0
C@CP 2650 -0.130463247 0.221659528 0.305205063 0 0 0
C@CP 2651 0.177151341 -0.18224769 -0.178403895 0 0 0
C@CP 2652 0.215473132 0.0439893197 -0.241357376 0 0 0
C@CP 2653 -0.0868572547 -0.324956934 0.232471772 0 0 0
C@CP 2654 -0.0687821535 0.114879939 -0.26146605 0 0 0
C@CP 2655 0.110951362 0.387865447 -0.170210498 0 0 0
C@CP 2656 -0.274500911 0.0702058444 0.203498871 0 0 0
C@CP 2657 0.0669329615 -0.196374842 0.180035715 0 0 0
C@CP 2658 0.0195109794 -0.0411899802 0.388479981 0 0 0
C@CP 2659 0.382017084 -0.252211009 -0.149335295 0 0 0
C@CP 2660 0.23375001 0.310149104 -0.194339286 0 0 0
C@CP 2661 0.153284063 -0.167375676 0.305948606 0 0 0
C@CP 2662 -0.262396546 -0.0310432789 0.323722238 0 0 0
C@CP 2663 -0.370667221 -0.143369906 -0.242484846 0 0 0
C@CP 2664 0.0685930304 -0.352540012 -0.19134887 0 0 0
C@CP 2665 0.071937906 0.204821756 0.119384618 0 0 0
C@CP 2666 0.132127659 -0.400329958 0.173615126 0 0 0
C@CP 2667 -0.194752451 0.285147846 -0.3069555 0 0 0
C@CP 2668 -0.0696388868 -0.0641647732 -0.219648445 0 0 0
C@CP 2669 0.369221512 -0.0928925396 -0.264500973 0 0 0
C@CP 2670 0.031047613 -0.18495086 0.37563744 0 0 0
C@CP 2671 0.0496501566 0.236270885 -0.288805671 0 0 0
C@CP 2672 -0.206040037 -0.251656851 -0.236811246 0 0 0
C@CP 2673 -0.098958999 -0.000683225571 -0.330709484 0 0 0
C@CP 2674 0.116367588 0.0208880282 -0.321187513 0 0 0
C@CP 2675 0.0936027008 -0.239517902 0.265036438 0 0 0
C@CP 2676 -0.156942795 -0.144007182 0.0209896258 0 0 0
C@CP 2677 -0.347596178 -0.108310294 -0.0724774945 0 0 0
C@CP 2678 0.221761599 -0.365697873 0.164430015 0 0 0
C@CP 2679 0.258078356 0.0990532568 0.0173655178 0 0 0
C@CP 2680 -0.0284362722 -0.352291025 -0.00746918997 0 0 0
C@CP 2681 -0.0609211654 0.371561973 0.24218187 0 0 0
C@CP 2682 0.0863926901 0.162176266 0.227773457 0 0 0
C@CP 2683 -0.17728384 0.20153417 0.215524718 0 0 0
C@CP 2684 -0.121988862 0.128413319 -0.429975552 0 0 0
C@CP 2685 -0.20723797 0.267721992 0.0262088652 0 0 0
C@CP 2686 0.235811902 -0.0513146628 -0.378804944 0 0 0
C@CP 2687 -0.0346306516 -0.0592030612 0.219933893 0 0 0
C@CP 2688 -0.358467801 0.0108311531 -0.0286947945 0 0 0
C@CP 2689 -0.239910157 -0.119362507 -0.20877155 0 0 0
C@CP 2690 -0.0604822428 0.0977668385 0.0430127322 0 0 0
C@CP 2691 -0.02024937 0.281437668 0.103380969 0 0 0
C@CP 2692 0.204974951 -0.191158946 -0.132697193 0 0 0
C@CP 2693 -0.260297535 0.32822745 0.0321074649 0 0 0
C@CP 2694 0.0608720213 -0.398803259 0.154941871 0 0 0
C@CP 2695 -0.147170606 -0.255470432 -0.272571385 0 0 0
C@CP 2696 -0.212797039 0.240900698 -0.318616691 0 0 0
C@CP 2697 -0.159001916 0.153208917 0.133763499 0 0 0
C@CP 2698 0.239368105 0.260299359 0.249427781 0 0 0
C@CP 2699 -0.205265464 -0.153399571 -0.199448172 0 0 0
C@CP 2700 0.210178646 -0.418091707 0.00395479986 0 0 0
C@CP 2701 -0.395872943 -0.0371509563 -0.087377748 0 0 0
C@CP 2702 -0.0931106663 0.390150364 -0.180391686 0 0 0
C@CP 2703 0.0847207781 0.0516941815 -0.101072553 0 0 0
C@CP 2704 -0.270101464 -0.0217224799 -0.25910099 0 0 0
C@CP 2705 -0.173619865 -0.0482830124 0.0177792423 0 0 0
C@CP 2706 -0.203301914 0.161294501 -0.151947657 0 0 0
C@CP 2707 0.0658180406 0.365776345 0.200724087 0 0 0
C@CP 2708 0.172442602 -0.164943934 0.365409925 0 0 0
C@CP 2709 -0.274842467 -0.110315198 -0.355508515 0 0 0
C@CP 2710 -0.0366016804 -0.00784510143 -0.0895078369 0 0 0
C@CP 2711 0.372376245 0.0257548652 0.199144634 0 0 0
C@CP 2712 0.0663144784 -0.0372928987 -0.312201444 0 0 0
C@CP 2713 -0.0848978286 0.224860955 0.0326948714 0 0 0
C@CP 2714 0.0563279162 -0.18946278 0.180968276 0 0 0
C@CP 2715 -0.0631609237 0.232992824 0.13206521 0 0 0
C@CP 2716 0.113351095 -0.404309419 0.111983469 0 0 0
C@CP 2717 0.0159840675 0.315256832 0.325185514 0 0 0
C@CP 2718 -0.116500359 0.0089813492 0.440760203 0 0 0
C@CP 2719 0.155480315 0.280686622 -0.066427426 0 0 0
C@CP 2720 -0.0732487868 -0.197390045 -0.407087005 0 0 0
C@CP 2721 -0.238158585 -0.329452072 -0.11524589 0 0 0
C@CP 2722 -0.0407060444 0.131094191 -0.216654477 0 0 0
C@CP 2723 -0.138279344 -0.10551337 -0.158844552 0 0 0
C@CP 2724 -0.0746751906 0.00663204001 0.0867414803 0 0 0
C@CP 2725 0.0712354155 -0.0405905176 0.150826046 0 0 0
C@CP 2726 0.235389742 0.288489549 0.0366180065 0 0 0
C@CP 2727 -0.225255163 0.113466305 -0.102945498 0 0 0
C@CP 2728 -0.062069561 0.0578800468 -0.259197558 0 0 0
C@CP 2729 -0.116638352 0.0103506117 -0.0671248011 0 0 0
C@CP 2730 0.0915749673 -0.130256875 -0.0246097495 0 0 0
C@CP 2731 0.235680381 0.0587624704 0.13647553 0 0 0
C@CP 2732 -0.166230031 -0.237943041 -0.07586628 0 0 0
C@CP 2733 -0.122669512 -0.0426622749 -0.0206630852 0 0 0
C@CP 2734 0.407377961 -0.134245039 -0.011971372 0 0 0
C@CP 2735 0.433780825 -0.103847451 -0.0573236012 0 0 0
C@CP 2736 -0.0360348273 -0.304725526 -0.241671748 0 0 0
C@CP 2737 -0.0229055455 0.17887498 0.361351614 0 0 0
C@CP 2738 -0.0915032189 -0.40551196 0.0265855825 0 0 0
C@CP 2739 0.175297239 0.257319736 0.281388687 0 0 0
C@CP 2740 -0.304853376 0.234650945 -0.0708361638 0 0 0
C@CP 2741 0.123980728 0.0195380615 0.416745736 0 0 0
C@CP 2742 0.30867251 -0.330470206 -0.0147094607 0 0 0
C@CP 2743 0.201146888 -0.383422662 0.0380787187 0 0 0
C@CP 2744 0.220800802 0.0249372617 0.403923211 0 0 0
C@CP 2745 0.190747058 0.218995103 0.205165049 0 0 0
C@CP 2746 0.258668945 0.137932389 0.254118007 0 0 0
C@CP 2747 0.037105998 -0.239612808 -0.229477536 0 0 0
C@CP 2748 0.273276514 0.115250524 -0.0739696766 0 0 0
C@CP 2749 -0.157323353 -0.111326359 -0.356311063 0 0 0
C@CP 2750 0.0925832324 -0.0685533717 0.0141083848 0 0 0
C@CP 2751 -0.426428408 -0.0523108362 -0.171961625 0 0 0
C@CP 2752 0.0155344285 0.142595327 0.125969471 0 0 0
C@CP 2753 0.14807476 0.0670882038 -0.429773431 0 0 0
C@CP 2754 -0.136042989 0.215967243 0.31589328 0 0 0
C@CP 2755 -0.226254598 0.145320468 0.237121915 0 0 0
C@CP 2756 -0.0949687227 -0.0573615544 0.20168736 0 0 0
C@CP 2757 0.269360505 -0.0707440456 0.0439826455 0 0 0
C@CP 2758 -0.415864514 -0.0075655284 0.170524426 0 0 0
C@CP 2759 0.068525671 0.159938878 0.0931483467 0 0 0
C@CP 2760 -0.313942369 -0.290526546 -0.0401883111 0 0 0
C@CP 2761 0.135743403 0.000875874965 0.173732709 0 0 0
C@CP 2762 0.234031307 -0.0361256813 -0.265483745 0 0 0
C@CP 2763 0.301005698 6.29527128e-05 -0.0220795595 0 0 0
C@CP 2764 0.0294815629 -0.0817891974 -0.101546811 0 0 0
C@CP 2765 0.313805652 -0.198330862 0.151540312 0 0 0
C@CP 2766 -0.318632284 -0.0349022323 0.0842372995 0 0 0
C@CP 2767 0.048366362 0.31678309 -0.0363170095 0 0 0
C@CP 2768 -0.315543939 -0.284008115 -0.0176938712 0 0 0
C@CP 2769 -0.00499858491 0.345811873 0.053550776 0 0 0
C@CP 2770 -0.185638396 -0.0447189262 0.00990518136 0 0 0
C@CP 2771 -0.00770372745 -0.215432385 0.368476579 0 0 0
C@CP 2772 0.19581674 -0.15347692 0.40890272 0 0 0
C@CP 2773 0.197931952 -0.0688647612 0.269073702 0 0 0
C@CP 2774 0.0473156093 -0.142086702 0.35163614 0 0 0
C@CP 2775 0.0192283809 0.467747984 0.04258433 0 0 0
C@CP 2776 -0.173277964 0.189544041 0.277041891 0 0 0
C@CP 2777 -0.0904365054 -0.0934606611 0.0977241475 0 0 0
C@CP 2778 -0.39468559 -0.172812788 -0.115868022 0 0 0
C@CP 2779 0.248234714 0.143825959 0.0524029326 0 0 0
C@CP 2780 0.199342567 0.284241702 0.302337824 0 0 0
C@CP 2781 0.0435563947 -0.084106618 0.0563540189 0 0 0
C@CP 2782 0.144529603 0.386703808 -0.102804541 0 0 0
C@CP 2783 -0.166685097 0.289644512 -0.0113388992 0 0 0
C@CP 2784 0.258965046 -0.296076606 -0.0269866557 0 0 0
C@CP 2785 0.0025854143 0.122238318 -0.283890007 0 0 0
C@CP 2786 0.192773401 0.188582705 0.252449755 0 0 0
C@CP 2788 0.239045075 0.309084851 0.23031606 0 0 0
C@CP 2789 0.0535401209 -0.291634245 0.179932673 0 0 0
C@CP 2790 -0.00436811681 0.0843164511 -0.361970522 0 0 0
C@CP 2791 0.315242247 0.00151692442 -0.170617395 0 0 0
C@CP 2792 0.289608726 -0.0100238534 -0.212376859 0 0 0
C@CP 2793 -0.249184619 0.112899588 0.24037462 0 0 0
C@CP 2794 -0.196849277 0.0328726587 0.251847844 0 0 0
C@CP 2795 -0.0884645088 0.232752398 0.355446383 0 0 0
C@CP 2796 0.0144950042 -0.117717724 -0.316470915 0 0 0
C@CP 2797 0.0119519933 -0.21334066 -0.390679086 0 0 0
C@CP 2798 0.00679461985 -0.439501512 -0.0618485735 0 0 0
C@CP 2799 -0.367222363 0.144898279 0.194060766 0 0 0
C@CP 2800 0.222793848 -0.138946877 0.0781764078 0 0 0
C@CP 2801 0.279260623 -0.31179945 -0.190531613 0 0 0
C@CP 2802 -0.0882319695 0.368470689 0.158659968 0 0 0
C@CP 2803 -0.302021617 0.0362346171 0.0595869682 0 0 0
C@CP 2804 0.131139275 0.00171758635 0.408676174 0 0 0
C@CP 2805 -0.290568302 -0.0209401858 -0.322132947 0 0 0
C@CP 2806 0.107615952 0.189352796 -0.14187106 0 0 0
C@CP 2807 0.261339211 0.150254651 -0.0686685359 0 0 0
C@CP 2808 0.264636703 0.225209744 0.139531073 0 0 0
C@CP 2809 0.00638162623 0.279926994 -0.383405551 0 0 0
C@CP 2810 0.235864367 0.0405112609 -0.30047903 0 0 0
C@CP 2811 -0.227183745 -0.0951192556 -0.338516512 0 0 0
C@CP 2812 -0.286009672 0.2761601 0.175572589 0 0 0
C@CP 2813 0.26600807 0.249062722 -0.113182662 0 0 0
C@CP 2814 -0.0297670338 0.42034595 -0.0194135174 0 0 0
C@CP 2815 0.038543423 0.00751505398 0.264047966 0 0 0
C@CP 2816 0.113666257 -0.184049279 0.0129713352 0 0 0
C@CP 2817 0.378807084 0.101819919 -0.130032887 0 0 0
C@CP 2818 0.0442429022 0.305684447 0.00869157965 0 0 0
C@CP 2819 0.264763854 0.260361522 0.0237996988 0 0 0
C@CP 2820 0.168647126 -0.275457869 -0.051612371 0 0 0
C@CP 2821 0.259121915 -0.297741336 0.170935973 0 0 0
C@CP 2822 0.218833952 -0.267417715 -0.213662563 0 0 0
C@CP 2823 0.401068888 0.184957236 0.0806696837 0 0 0
C@CP 2824 0.024124791 -0.0385791997 0.150215228 0 0 0
C@CP 2825 0.0939283303 0.0281372346 -0.224584306 0 0 0
C@CP 2826 -0.213231634 -0.259520473 -0.0624037928 0 0 0
C@CP 2827 0.14195458 0.0971623438 -0.0812730181 0 0 0
C@CP 2828 -0.412692117 0.0475284172 -0.155130881 0 0 0
C@CP 2829 -0.11108121 -0.115161965 0.434730051 0 0 0
C@CP 2830 -0.147340524 0.27762107 0.198085026 0 0 0
C@CP 2831 -0.0268464013 -0.388923021 -0.100388981 0 0 0
C@CP 2832 -0.262270666 0.21197133 -0.192799287 0 0 0
C@CP 2833 -0.0165335275 0.0289915999 -0.137199315 0 0 0
C@CP 2834 -0.344258963 0.103657513 -0.156352568 0 0 0
C@CP 2835 0.15326877 0.25827529 -0.132430614 0 0 0
C@CP 2836 -0.292611748 0.00170772201 0.154591828 0 0 0
C@CP 2837 -0.222252987 -0.123925738 0.101943175 0 0 0
C@CP 2838 0.0355118226 -0.387466177 0.2580217 0 0 0
C@CP 2839 0.120000411 0.253171892 0.259336383 0 0 0
C@CP 2840 0.356846488 0.210140415 0.0298918426 0 0 0
C@CP 2841 -0.254869148 -0.0666143155 -0.269264296 0 0 0
C@CP 2842 0.288372527 0.201284505 -0.12650544 0 0 0
C@CP 2843 0.377574093 0.23785499 -0.170932487 0 0 0
C@CP 2844 -0.0685004617 -0.354849625 0.27077103 0 0 0
C@CP 2845 0.306221404 0.336571788 -0.0876415449 0 0 0
C@CP 2846 -0.246252575 -0.313123235 -0.0313167271 0 0 0
C@CP 2847 0.289116009 0.211678807 -0.0763484027 0 0 0
C@CP 2848 0.188836964 -0.434794398 -0.0102322564 0 0 0
C@CP 2849 -0.117145794 -0.0958068847 -0.282753621 0 0 0
C@CP 2850 0.0827431421 0.0980043709 0.13407602 0 0 0
C@CP 2851 -0.33366187 -0.0136883182 -0.206777034 0 0 0
C@CP 2852 0.0447310094 -0.189002987 -0.366329851 0 0 0
C@CP 2853 -0.0866731949 0.391027717 0.0119820968 0 0 0
C@CP 2854 -0.0772118024 0.112664 0.341749682 0 0 0
C@CP 2855 -0.105855842 -0.185028416 -0.322115804 0 0 0
C@CP 2856 -0.238171717 0.0859070506 0.024471929 0 0 0
C@CP 2857 -0.134146908 0.407407654 -0.0607821797 0 0 0
C@CP 2858 -0.10711128 0.148591138 0.150777512 0 0 0
C@CP 2859 -0.267730788 0.238780713 0.0459170803 0 0 0
C@CP 2860 0.196521217 -0.301771993 -0.239561364 0 0 0
C@CP 2861 0.156105397 0.331792827 -0.151723434 0 0 0
C@CP 2862 0.190059085 -0.354703342 0.0681594785 0 0 0
C@CP 2863 0.0411512277 -0.0372707019 -0.397753041 0 0 0
C@CP 2864 -0.265640713 0.240568294 0.0610687794 0 0 0
C@CP 2865 0.112417852 0.175580106 -0.225206884 0 0 0
C@CP 2866 0.308761271 -0.112107197 -0.119942315 0 0 0
C@CP 2867 0.254837676 0.0260599565 -0.11375767 0 0 0
C@CP 2868 0.209613747 0.267374855 0.191949397 0 0 0
C@CP 2869 -0.161193242 -0.0791584646 -0.282570426 0 0 0
C@CP 2870 0.0463326922 -0.089939562 -0.396768275 0 0 0
C@CP 2871 -0.0611761249 -0.228034446 0.110842202 0 0 0
C@CP 2872 0.186289727 -0.0838866124 0.346641505 0 0 0
C@CP 2873 0.343378948 0.214772308 -0.00650056146 0 0 0
C@CP 2874 0.422324384 0.0100443648 -0.157675863 0 0 0
C@CP 2875 0.0190465205 0.302890381 -0.337602757 0 0 0
C@CP 2876 -0.473627625 -0.0203124294 -0.038772702 0 0 0
C@CP 2877 0.117536734 -0.0336702884 0.3188607 0 0 0
C@CP 2878 0.297440122 0.237715775 0.0281511693 0 0 0
C@CP 2879 0.0964836015 0.39083986 0.101434058 0 0 0
C@CP 2880 -0.374173364 -0.104948682 -0.0257160544 0 0 0
C@CP 2881 -0.189280198 0.0266086308 -0.294773987 0 0 0
C@CP 2882 -0.263674123 -0.0971923548 0.356555481 0 0 0
C@CP 2883 0.146947422 0.208228813 0.310076171 0 0 0
C@CP 2884 0.027887825 0.000403950068 -0.25332211 0 0 0
C@CP 2885 0.218560931 -0.125033275 0.0794845524 0 0 0
C@CP 2886 -0.129995993 0.0103802368 0.109506768 0 0 0
C@CP 2887 -0.285339732 0.122441832 -0.0914208892 0 0 0
C@CP 2888 -0.346521412 -0.203376169 0.1677768 0 0 0
C@CP 2889 0.24597955 -0.0471143494 0.0892299408 0 0 0
C@CP 2890 -0.200712969 0.140520451 -0.223481299 0 0 0
C@CP 2891 0.0834475744 -0.25898625 -0.169851925 0 0 0
C@CP 2892 -0.267852718 0.228600774 -0.159878185 0 0 0
C@CP 2893 0.334157315 -0.0100392481 0.11954269 0 0 0
C@CP 2894 0.30077034 0.198267273 -0.0521410022 0 0 0
C@CP 2895 0.057222517 0.353724971 0.275843813 0 0 0
C@CP 2896 -0.198493111 -0.105416217 -0.267521106 0 0 0
C@CP 2897 0.266859982 -0.0597900896 0.323851124 0 0 0
C@CP 2898 0.237259813 -0.0648039734 -0.39228411 0 0 0
C@CP 2899 -0.186005418 -0.202717818 0.21021662 0 0 0
C@CP 2900 -0.364420048 0.0110644058 0.0194777873 0 0 0
C@CP 2901 -0.143339571 0.222568367 0.165604534 0 0 0
C@CP 2902 -0.349750736 0.16630343 -0.0184841751 0 0 0
C@CP 2903 -0.0151722137 0.0596017842 -0.370118355 0 0 0
C@CP 2904 0.24288952 -0.127957085 -0.174290475 0 0 0
C@CP 2905 -0.329648664 0.203329083 0.115261509 0 0 0
C@CP 2906 -0.052664223 -0.26346522 -0.000345914987 0 0 0
C@CP 2907 0.110637198 0.204745499 0.0290259391 0 0 0
C@CP 2908 -0.131846097 -0.366994398 -0.00372688678 0 0 0
C@CP 2909 0.0131639606 0.260554167 -0.0751413762 0 0 0
C@CP 2910 -0.0671228227 0.104524528 -0.201758379 0 0 0
C@CP 2911 -0.196091715 -0.142959508 -0.00878957763 0 0 0
C@CP 2912 0.290896227 -0.339176286 0.083732592 0 0 0
C@CP 2913 0.358742727 0.185484254 -0.146096303 0 0 0
C@CP 2914 0.291153531 0.04593429 -0.142816013 0 0 0
C@CP 2915 0.339034633 0.274781783 0.175891786 0 0 0
C@CP 2916 -0.0325211959 0.024472051 -0.0341280917 0 0 0
C@CP 2917 -0.0837871215 -0.361551474 -0.22042966 0 0 0
C@CP 2918 -0.218875278 0.247666637 0.133181916 0 0 0
C@CP 2919 -0.0880278404 -0.431663706 -0.159117795 0 0 0
C@CP 2920 -0.354222259 0.269822611 0.164484194 0 0 0
C@CP 2921 0.155825379 0.0714246832 -0.411650865 0 0 0
C@CP 2922 0.459871539 0.0613327828 -0.0379658542 0 0 0
C@CP 2923 0.180921767 -0.110762372 0.283350924 0 0 0
C@CP 2924 0.130650111 -0.0806871932 0.397627483 0 0 0
C@CP 2925 -0.146772574 0.347193959 0.121226182 0 0 0
C@CP 2926 -0.157397698 -0.397125501 0.0364221412 0 0 0
C@CP 2927 0.276095694 0.185416707 0.137616339 0 0 0
C@CP 2928 -0.281989804 -0.00952789495 0.271072787 0 0 0
C@CP 2929 0.131415651 -0.0108045759 -0.0852243678 0 0 0
C@CP 2930 -0.160553793 0.0509831392 0.185818372 0 0 0
C@CP 2931 -0.0839076752 0.357364801 -0.147384103 0 0 0
C@CP 2933 0.175078364 0.0599567577 -0.173463487 0 0 0
C@CP 2934 -0.183837367 0.175810932 0.343918582 0 0 0
C@CP 2935 -0.291416749 -0.169102791 0.200170357 0 0 0
C@CP 2936 -0.243897365 0.113284393 0.277961579 0 0 0
C@CP 2937 -0.286790115 -0.159631565 -0.219595278 0 0 0
C@CP 2938 -0.173941135 0.00170705445 -0.417451126 0 0 0
C@CP 2939 -0.27556785 -0.0885180948 0.329310537 0 0 0
C@CP 2940 0.0900579975 -0.0484367944 -0.366691401 0 0 0
C@CP 2941 -0.0368024503 0.15480493 -0.347450668 0 0 0
C@CP 2942 0.203276837 0.0163889199 0.311031351 0 0 0
C@CP 2943 0.0425887231 0.0335301002 -0.362470013 0 0 0
C@CP 2944 0.0113881543 -0.189942291 0.378103121 0 0 0
C@CP 2945 -0.319752895 0.22192403 0.237043161 0 0 0
C@CP 2946 -0.0560434521 0.199318915 0.297906757 0 0 0
C@CP 2947 0.416668717 0.144031677 0.162155593 0 0 0
C@CP 2948 -0.137763508 -0.0951838361 -0.145849399 0 0 0
C@CP 2949 -0.394792361 -0.00410222559 0.123700085 0 0 0
C@CP 2950 -0.0924212889 -0.0263915939 -0.0661720869 0 0 0
C@CP 2951 -0.0992793149 0.25420569 0.0940753145 0 0 0
C@CP 2952 -0.113975213 0.257380949 0.0080448493 0 0 0
C@CP 2953 -0.0402186388 -0.229558628 0.0943152403 0 0 0
C@CP 2954 -0.122188116 -0.427481597 0.0650664566 0 0 0
C@CP 2955 -0.31289812 0.0614184627 0.206968293 0 0 0
C@CP 2956 -0.205320001 -0.0948700126 -0.160195868 0 0 0
C@CP 2957 -0.0886042889 -0.438994034 -0.103484994 0 0 0
C@CP 2958 0.121588268 0.218760628 -0.24354936 0 0 0
C@CP 2959 0.127729071 -0.285207489 0.0108806375 0 0 0
C@CP 2960 -0.205383894 0.34027025 -0.108525432 0 0 0
C@CP 2961 -0.11053223 -0.218935106 0.126009065 0 0 0
C@CP 2962 -0.255472572 -0.258376174 0.147283137 0 0 0
C@CP 2963 0.106533835 -0.0457061675 -0.0242369726 0 0 0
C@CP 2964 0.238949893 0.129279249 -0.0916229954 0 0 0
C@CP 2965 -0.275930357 0.0782229375 -0.0971187357 0 0 0
C@CP 2966 -0.0950820335 0.0293225374 0.407455356 0 0 0
C@CP 2967 0.315460378 -0.158916998 -0.0128456831 0 0 0
C@CP 2968 0.0827367698 -0.266056753 -0.123183323 0 0 0
C@CP 2969 0.189466364 -0.247494603 0.0242259956 0 0 0
C@CP 2970 0.166215854 0.0251099219 -0.250407293 0 0 0
C@CP 2971 -0.00520750491 0.343450611 0.188052535 0 0 0
C@CP 2972 -0.21322455 -0.00933659169 -0.135278171 0 0 0
C@CP 2973 -0.424286469 -0.048695711 0.0564391721 0 0 0
C@CP 2974 0.158879238 0.0987936034 -0.182355566 0 0 0
C@CP 2975 0.0602835896 0.257177264 -0.277958564 0 0 0
C@CP 2976 -0.10968376 0.0210517259 -0.303616943 0 0 0
C@CP 2977 0.21854519 -0.319670165 -0.158973883 0 0 0
C@CP 2978 -0.326735018 -0.0811846221 -0.121491862 0 0 0
C@CP 2979 0.314755344 0.240094799 0.057042058 0 0 0
C@CP 2980 -0.159178412 0.243722537 0.210789517 0 0 0
C@CP 2981 0.250590781 0.219819849 0.191156471 0 0 0
C@CP 2982 -0.106971664 0.231036424 -0.371230029 0 0 0
C@CP 2983 -0.218327859 -0.296917376 -0.0781488447 0 0 0
C@CP 2984 -0.136472591 0.26220747 0.318110144 0 0 0
C@CP 2985 -0.288627084 -0.157870188 0.0663707091 0 0 0
C@CP 2986 0.333345768 0.17968089 -0.00947616877 0 0 0
C@CP 2987 0.010978886 -0.219208514 0.0862495214 0 0 0
C@CP 2988 -0.302690281 0.0598909797 -0.307011221 0 0 0
C@CP 2989 0.160913207 -0.284384998 -0.0773042507 0 0 0
C@CP 2990 0.031294124 0.33443992 -0.186522475 0 0 0
C@CP 2991 -0.0441964231 -0.375922757 -0.145526533 0 0 0
C@CP 2992 0.0926929717 0.122481171 0.221011097 0 0 0
C@CP 2993 0.0289701713 0.387890221 0.252113351 0 0 0
C@CP 2994 0.202495127 -0.0723604322 0.124152019 0 0 0
C@CP 2995 -0.123735109 0.0854114988 -0.174744002 0 0 0
C@CP 2996 0.176054459 0.0867524384 -0.117669314 0 0 0
C@CP 2997 0.237236554 0.212176446 -0.0847914483 0 0 0
C@CP 2998 -0.106950628 0.387149863 0.179492311 0 0 0
C@CP 2999 0.0719546548 -0.00987726109 -0.321811979 0 0 0
C@CP 3000 0.0857531868 0.440699621 -0.0722491744 0 0 0
C@CP 3001 -0.0902493614 -0.0891797501 -0.0755867878 0 0 0
C@CP 3002 0.171484408 -0.406088344 -0.0772877577 0 0 0
C@CP 3003 0.0427430078 -0.0902435198 0.413933319 0 0 0
C@CP 3004 -0.187741238 -0.226805233 -0.0678669648 0 0 0
C@CP 3005 -0.220032622 -0.295992007 0.251374545 0 0 0
C@CP 3006 -0.0948001557 -0.231769742 -0.276721833 0 0 0
C@CP 3007 0.0396127728 -0.294270497 -0.258076326 0 0 0
C@CP 3008 -0.343427929 -0.107210691 -0.20745593 0 0 0
C@CP 3009 0.136195138 0.167572016 0.0329462464 0 0 0
C@CP 3010 0.0521518 0.0339289797 -0.31305227 0 0 0
C@CP 3011 0.0310887002 -0.225320659 -0.22887676 0 0 0
C@CP 3012 -0.161675721 -0.124356971 0.415684239 0 0 0
C@CP 3013 -0.0210698663 0.251797631 -0.0400664848 0 0 0
C@CP 3014 0.0226325969 -0.420860794 0.0418094658 0 0 0
C@CP 3015 0.106810279 -0.247842175 0.244929937 0 0 0
C@CP 3016 0.0967148123 -0.129683268 -0.306978699 0 0 0
C@CP 3017 0.160750543 0.142561333 -0.305458574 0 0 0
C@CP 3018 0.17881268 0.144365061 -0.00807370109 0 0 0
C@CP 3019 -0.17677383 0.0754322323 0.178984519 0 0 0
C@CP 3020 -0.149666275 0.142028334 0.146149011 0 0 0
C@CP 3021 -0.205072306 -0.191591939 0.156994557 0 0 0
C@CP 3022 -0.22988638 0.35414237 0.0635045686 0 0 0
C@CP 3023 0.0505458463 0.399158168 -0.0560920594 0 0 0
C@CP 3024 -0.0502472769 -0.119259947 0.148295248 0 0 0
C@CP 3025 0.0839945112 0.346882702 -0.00924652782 0 0 0
C@CP 3026 0.0914709703 0.276526828 -0.359450124 0 0 0
C@CP 3027 -0.0841557034 -0.0978820493 -0.397312928 0 0 0
C@CP 3028 0.0909301939 0.30551178 0.330659492 0 0 0
C@CP 3029 -0.0507948565 -0.103836196 -0.126734403 0 0 0
C@CP 3030 -0.142716097 0.152074772 0.271930926 0 0 0
C@CP 3031 0.134003892 0.139870989 0.345755988 0 0 0
C@CP 3032 0.0457398709 0.150348548 0.237819061 0 0 0
C@CP 3033 -0.400135533 0.240398317 -0.0931188718 0 0 0
C@CP 3034 -0.0292255562 0.179886085 0.390916648 0 0 0
C@CP 3035 0.0697589853 0.0192797739 -0.427183709 0 0 0
C@CP 3036 -0.0589817988 0.312132604 0.144753389 0 0 0
C@CP 3037 -0.135514472 0.230631185 0.294968802 0 0 0
C@CP 3038 -0.0107358063 0.2031013 -0.392312316 0 0 0
C@CP 3039 0.329705643 0.272926086 0.0817108272 0 0 0
C@CP 3040 0.0344753155 0.0914515103 -0.430370136 0 0 0
C@CP 3041 -0.156038927 -0.267704647 -0.306678126 0 0 0
C@CP 3042 0.291850173 0.207377385 0.132812849 0 0 0
C@CP 3043 -0.163969329 0.00178200953 -0.280279746 0 0 0
C@CP 3044 0.0903060486 -0.148173187 0.316668687 0 0 0
C@CP 3045 0.254054017 0.0434239218 0.0933604293 0 0 0
C@CP 3046 -0.188854017 -0.25955337 -0.191282701 0 0 0
C@CP 3047 0.21219307 -0.097873667 0.344442815 0 0 0
C@CP 3048 -0.346333261 -0.0215622631 0.0889036425 0 0 0
C@CP 3049 0.111628298 0.239965631 -0.00854576394 0 0 0
C@CP 3050 -0.272618262 -0.197239137 0.193084286 0 0 0
C@CP 3051 -0.186459158 0.233779153 0.23954571 0 0 0
C@CP 3052 -0.0807488278 0.371206608 0.0428640333 0 0 0
C@CP 3053 -0.152955503 -0.315884751 -0.0297454211 0 0 0
C@CP 3054 -0.070869625 -0.113097159 0.16593134 0 0 0
C@CP 3055 0.0408514047 -0.0292515982 -0.377293565 0 0 0
C@CP 3056 0.266001306 0.249137083 -0.209258481 0 0 0
C@CP 3057 -0.113228603 -0.12999075 -0.0198160794 0 0 0
C@CP 3058 -0.178614049 0.222199846 0.0163582815 0 0 0
C@CP 3059 0.386182437 -0.0541066092 0.167090098 0 0 0
C@CP 3060 -0.193480682 -0.135080862 -0.229235036 0 0 0
C@CP 3061 -0.374162669 -0.00288179206 0.257401359 0 0 0
C@CP 3062 0.216639252 -0.354027716 0.124029826 0 0 0
C@CP 3063 0.306660476 -0.0638935767 -0.064977795 0 0 0
C@CP 3064 -0.325394719 0.327211306 0.0791800327 0 0 0
C@CP 3065 0.221755554 0.0429810408 0.107590056 0 0 0
C@CP 3066 -0.279776586 -0.0726822511 0.36464173 0 0 0
C@CP 3067 0.338083483 -0.259584667 0.175125448 0 0 0
C@CP 3068 -0.142111228 -0.276773201 -0.250172081 0 0 0
C@CP 3069 0.106095876 -0.159813846 0.14681441 0 0 0
C@CP 3070 0.286100109 0.0788379178 0.302161918 0 0 0
C@CP 3071 -0.291059095 0.0604202707 0.0748244794 0 0 0
C@CP 3072 0.26889804 0.294101798 0.0756069329 0 0 0
C@CP 3073 0.163523409 0.0138143842 -0.16388176 0 0 0
C@CP 3074 0.119584102 0.0018450825 -0.283040004 0 0 0
C@CP 3075 0.164197576 0.219903578 0.23815845 0 0 0
C@CP 3076 0.0486403028 -0.117836179 -0.174245426 0 0 0
C@CP 3077 0.302650323 0.1878108 -0.137701279 0 0 0
C@CP 3078 0.339795902 0.0743991445 0.304709616 0 0 0
C@CP 3079 -0.0626325354 -0.233566019 -0.0107348057 0 0 0
C@CP 3081 -0.00453358746 0.162000303 -0.111755661 0 0 0
C@CP 3082 0.291413901 -0.182119648 -0.033595693 0 0 0
C@CP 3083 -0.175124072 -0.165379806 0.318349734 0 0 0
C@CP 3084 0.0176841667 -0.350647511 0.204601741 0 0 0
C@CP 3085 -0.354687598 0.145944535 -0.250031431 0 0 0
C@CP 3086 0.204424985 -0.0916854538 -0.319813493 0 0 0
C@CP 3087 -0.267148195 0.178892453 0.153528651 0 0 0
C@CP 3088 0.35973904 0.103840814 0.211825825 0 0 0
C@CP 3089 0.205666706 -0.14903113 -0.0455741088 0 0 0
C@CP 3090 -0.184184351 0.189269346 -0.0757925016 0 0 0
C@CP 3091 0.0445159574 0.248076506 -0.284305928 0 0 0
C@CP 3092 -0.0717142199 -0.384000167 0.015264151 0 0 0
C@CP 3093 -0.196269524 0.308430732 0.0135915303 0 0 0
C@CP 3094 -0.150418482 0.0139703066 0.169419007 0 0 0
C@CP 3095 0.0676874623 0.0606094585 0.395054853 0 0 0
C@CP 3096 -0.262453458 0.159911737 0.158846487 0 0 0
C@CP 3097 0.356646069 0.0933096368 -0.219836508 0 0 0
C@CP 3098 -0.130515979 -0.41059491 -0.05723908 0 0 0
C@CP 3099 -0.0995493629 -0.246451498 0.030360376 0 0 0
C@CP 3100 -0.414177007 0.0107640311 0.049044431 0 0 0
C@CP 3101 0.396882083 -0.159562037 0.115372757 0 0 0
C@CP 3102 -0.327417445 0.181678599 0.189631033 0 0 0
C@CP 3103 -0.335747636 -0.317368228 0.0251359379 0 0 0
C@CP 3104 -0.214197984 0.122798356 -0.214721284 0 0 0
C@CP 3105 0.249993877 -0.10210576 -0.29237968 0 0 0
C@CP 3106 0.389491147 0.109836057 0.209909256 0 0 0
C@CP 3107 0.1618128 0.287241544 0.179467211 0 0 0
C@CP 3108 -0.337429188 0.23055837 -0.122588474 0 0 0
C@CP 3109 0.309941596 0.031390501 -0.164966484 0 0 0
C@CP 3110 -0.0263707261 0.370803982 -0.0615509277 0 0 0
C@CP 3111 0.0796982949 0.0132749462 -0.262083825 0 0 0
C@CP 3112 -0.017155574 0.412401254 0.192974552 0 0 0
C@CP 3113 -0.221023765 -0.134747425 0.290668797 0 0 0
C@CP 3114 0.115028687 0.103563019 0.0478076031 0 0 0
C@CP 3115 0.192669916 -0.274471296 -0.30998393 0 0 0
C@CP 3116 0.457772662 -0.0573312718 -0.057582065 0 0 0
C@CP 3117 0.0761621639 0.108116097 -0.200882122 0 0 0
C@CP 3118 0.0711812174 0.111711901 0.11681152 0 0 0
C@CP 3119 0.127120555 -0.241890641 0.232053396 0 0 0
C@CP 3120 -0.32476247 0.293602732 0.105615481 0 0 0
C@CP 3121 -0.0405874521 0.0853727433 -0.0915511483 0 0 0
C@CP 3122 -0.3832093 -0.181540372 -0.133836409 0 0 0
C@CP 3123 0.022371004 0.0387654919 -0.173557799 0 0 0
C@CP 3124 0.0705253032 -0.419311785 -0.0829804841 0 0 0
C@CP 3125 0.416885208 0.000826098346 0.137753794 0 0 0
C@CP 3126 0.0513075095 0.0911812207 -0.261007421 0 0 0
C@CP 3127 -0.053826751 0.0457099298 -0.236188645 0 0 0
C@CP 3128 -0.154819641 -0.378241032 0.107908685 0 0 0
C@CP 3129 -0.014544773 0.0638167603 0.158703836 0 0 0
C@CP 3130 0.328610637 -0.113626761 0.302514237 0 0 0
C@CP 3131 -0.210272641 -0.372403383 -0.0566449723 0 0 0
C@CP 3132 -0.370482131 -0.0892791341 0.208759343 0 0 0
C@CP 3133 -0.382914329 -0.0462455677 0.146036375 0 0 0
C@CP 3134 -0.255584812 -0.132732719 0.075911996 0 0 0
C@CP 3135 0.249503541 0.0296827672 -0.321208632 0 0 0
C@CP 3136 -0.127045743 -0.420851045 0.179722998 0 0 0
C@CP 3137 -0.0988627311 0.121386219 0.372534967 0 0 0
C@CP 3138 0.0287016401 -0.122579653 -0.101799255 0 0 0
C@CP 3139 0.233064519 0.000920633283 0.365580642 0 0 0
C@CP 3140 0.183840303 0.0980069986 -0.0857788801 0 0 0
C@CP 3141 0.174413218 -0.2850612 -0.0378812247 0 0 0
C@CP 3142 0.237112226 0.112940785 -0.084513796 0 0 0
C@CP 3143 -0.357612153 0.217461899 -0.165176054 0 0 0
C@CP 3144 -0.0957965829 0.18136345 0.298265163 0 0 0
C@CP 3145 -0.103811812 -0.0993863843 -0.0175739496 0 0 0
C@CP 3146 0.153710734 -0.234049155 0.257949011 0 0 0
C@CP 3147 0.311657829 0.0469078382 0.324792222 0 0 0
C@CP 3148 -0.214025634 0.14105669 -0.408368344 0 0 0
C@CP 3149 -0.171728029 -0.0348881886 0.36004464 0 0 0
C@CP 3150 0.136246816 -0.0676839216 0.349832115 0 0 0
C@CP 3151 0.188209346 -0.249139177 -0.0126508136 0 0 0
C@CP 3152 0.477623815 -0.020797163 -0.0225923314 0 0 0
C@CP 3153 0.311491585 0.193687935 -0.0535966995 0 0 0
C@CP 3154 -0.22580195 0.14270241 0.148980075 0 0 0
C@CP 3155 -0.218117451 -0.0272298815 -0.308910813 0 0 0
C@CP 3156 -0.000350873871 -0.281172058 0.242715866 0 0 0
C@CP 3157 0.245199171 -0.204198047 0.104571451 0 0 0
C@CP 3158 0.0370182493 0.138835733 -0.118157958 0 0 0
C@CP 3159 0.292688453 -0.0666022932 -0.129328694 0 0 0
C@CP 3160 0.0295023311 -0.0108510925 -0.238065137 0 0 0
C@CP 3161 -0.338701741 0.0854495502 -0.234401429 0 0 0
C@CP 3162 0.0197462917 0.297583873 -0.258195439 0 0 0
C@CP 3163 -0.264738639 0.13307204 0.232639886 0 0 0
C@CP 3164 -0.170839531 0.256409847 -0.2341167 0 0 0
C@CP 3165 0.152842516 -0.286665523 -0.197032834 0 0 0
C@CP 3166 0.21481776 0.37097322 0.134536363 0 0 0
C@CP 3167 -0.0574261251 0.164593246 -0.274232329 0 0 0
C@CP 3168 0.225789103 -0.0848679243 0.069132617 0 0 0
C@CP 3169 0.390245755 0.02166112 -0.204580657 0 0 0
C@CP 3170 0.134893417 0.265876809 0.0822551042 0 0 0
C@CP 3171 -0.157639405 -0.178961578 -0.261283358 0 0 0
C@CP 3172 0.0435844622 0.348710483 0.0815465454 0 0 0
C@CP 3173 -0.100402684 0.127250958 -0.118034496 0 0 0
C@CP 3174 0.122782263 0.235897109 0.141197455 0 0 0
C@CP 3175 0.264666585 0.00599926507 -0.36448702 0 0 0
C@CP 3176 -0.395803816 0.0430619591 0.170254721 0 0 0
C@CP 3177 0.108866968 -0.168039614 -0.213837898 0 0 0
C@CP 3178 -0.199600885 -0.194579895 -0.340395512 0 0 0
C@CP 3179 0.195503086 -0.255196579 0.0283764947 0 0 0
C@CP 3180 -0.0116699996 -0.0906461689 -0.124599969 0 0 0
C@CP 3181 -0.218992867 0.187154869 0.193597633 0 0 0
C@CP 3182 -0.230591151 0.245491129 -0.240799718 0 0 0
C@CP 3183 0.0337554855 0.0163104258 0.421424627 0 0 0
C@CP 3184 0.040112311 -0.437882515 -0.0411817762 0 0 0
C@CP 3185 0.214183248 -0.233414507 -0.116704186 0 0 0
C@CP 3186 -0.019865096 0.197944141 0.0819459478 0 0 0
C@CP 3187 -0.203651747 0.236988784 0.180616867 0 0 0
C@CP 3188 -0.0246027175 0.124597115 -0.333808872 0 0 0
C@CP 3189 -0.129116165 -0.0837777255 0.153705848 0 0 0
C@CP 3190 -0.0343235889 -0.220360636 0.111009401 0 0 0
C@CP 3191 -0.198914893 0.257402723 0.179050779 0 0 0
C@CP 3192 -0.0327759126 0.182159221 0.401100152 0 0 0
C@CP 3193 0.220611406 -0.267417579 0.145676828 0 0 0
C@CP 3194 0.175806482 0.0512475558 -0.366463691 0 0 0
C@CP 3195 0.0903628381 0.215651196 -0.21014964 0 0 0
C@CP 3196 0.171067605 -0.18940819 -0.365089758 0 0 0
C@CP 3197 -0.0167636579 -0.00930545043 0.139209575 0 0 0
C@CP 3198 0.032104198 -0.0414165673 -0.131680966 0 0 0
C@CP 3199 0.261916358 0.226480367 0.0115460802 0 0 0
C@CP 3200 0.118680736 -0.107803856 -0.3868703 0 0 0
C@CP 3201 0.249000302 0.327270303 0.116065268 0 0 0
C@CP 3202 -0.396845859 -0.182403363 0.0955364986 0 0 0
C@CP 3203 -0.133871045 0.0154001989 -0.386913451 0 0 0
C@CP 3204 0.213211297 -0.0642546455 0.158348934 0 0 0
C@CP 3205 0.125110095 -0.239301391 0.263462922 0 0 0
C@CP 3206 -0.0746142141 0.0725465181 0.177057642 0 0 0
C@CP 3207 -0.0820686546 0.123955886 -0.191591929 0 0 0
C@CP 3208 -0.137539512 0.0581560966 0.31572564 0 0 0
C@CP 3209 0.0448575419 -0.0252338928 -0.313319176 0 0 0
C@CP 3210 -0.260872045 0.0837058787 0.16701689 0 0 0
C@CP 3211 0.234264525 -0.178582168 0.211245086 0 0 0
C@CP 3212 -0.265875985 -0.0809873773 0.155873552 0 0 0
C@CP 3213 0.103620887 0.328400344 0.138367257 0 0 0
C@CP 3214 -0.0732750145 0.309306893 -0.0151766243 0 0 0
C@CP 3215 -0.425723366 -0.0660140343 0.0567995158 0 0 0
C@CP 3216 0.189516546 -0.0942898447 0.0293042676 0 0 0
C@CP 3217 -0.227330213 -0.193582472 0.173069823 0 0 0
C@CP 3218 0.0284388128 -0.141215982 0.0729747346 0 0 0
C@CP 3219 0.0847180948 0.0993939515 0.37202624 0 0 0
C@CP 3220 -0.164953037 0.0590437689 -0.0277066353 0 0 0
C@CP 3221 0.0802866494 -0.291631495 -0.0953189965 0 0 0
C@CP 3222 0.292065122 0.171974625 0.12517723 0 0 0
C@CP 3223 -0.223440467 -0.0547806762 -0.219738581 0 0 0
C@CP 3224 -0.353675428 -0.135454584 -0.224555198 0 0 0
C@CP 3225 -0.0106791442 -0.0815509285 -0.39312926 0 0 0
C@CP 3226 -0.0935168841 -0.362799732 0.0715683102 0 0 0
C@CP 3227 -0.216329928 -0.019523401 -0.220216732 0 0 0
C@CP 3228 -0.00836013341 -0.0642180573 -0.375089224 0 0 0
C@CP 3229 0.0674463495 -0.214746982 -0.418091805 0 0 0
C@CP 3230 0.246486621 0.352265419 -0.0633366703 0 0 0
C@CP 3231 0.26216494 -0.0306945204 -0.341362339 0 0 0
C@CP 3232 0.290504498 -0.23997116 -0.0377926787 0 0 0
C@CP 3233 -0.27020394 0.17586145 -0.161630467 0 0 0
C@CP 3234 0.189498042 -0.228249117 0.0697296082 0 0 0
C@CP 3235 0.201763098 0.00704020886 0.381339508 0 0 0
C@CP 3236 -0.0563061362 0.0303794762 0.13880432 0 0 0
C@CP 3237 0.264313852 0.0383330189 0.103816261 0 0 0
C@CP 3238 0.113451822 0.353220234 0.0168154556 0 0 0
C@CP 3239 -0.253705286 0.191965366 -0.238874881 0 0 0
C@CP 3240 -0.0727364724 -0.183219164 -0.0443443671 0 0 0
C@CP 3241 0.27142097 0.139214321 0.248777436 0 0 0
C@CP 3242 0.32245729 -0.0634613879 0.251242985 0 0 0
C@CP 3243 -0.125897927 -0.410906744 -0.0187770428 0 0 0
C@CP 3244 -0.00572789701 0.221770702 0.29163821 0 0 0
C@CP 3245 -0.128236283 0.22068064 0.0191452676 0 0 0
C@CP 3246 0.234789072 0.134902329 -0.348047777 0 0 0
C@CP 3247 0.115790686 0.218158341 0.249913042 0 0 0
C@CP 3248 0.0134464328 -0.027805605 0.304228804 0 0 0
C@CP 3249 -0.0509457241 0.00013840342 0.00102896524 0 0 0
C@CP 3250 -0.0324159161 0.0998551699 -0.249329232 0 0 0
C@CP 3251 -0.32338275 0.333452961 0.0387187315 0 0 0
C@CP 3252 -0.17712636 -0.311180108 0.183692689 0 0 0
C@CP 3253 0.14187488 0.280728049 0.104539247 0 0 0
C@CP 3255 -0.0404793363 -0.0632860912 -0.401610249 0 0 0
C@CP 3256 0.0511217487 -0.280661768 -0.0993709041 0 0 0
C@CP 3257 0.148590371 0.447826915 -0.0143182714 0 0 0
C@CP 3258 0.141626381 -0.362663211 0.260514929 0 0 0
C@CP 3259 0.0197868839 0.135971742 -0.153071416 0 0 0
C@CP 3260 -0.123152098 -0.114672597 0.149368931 0 0 0
C@CP 3261 0.362027166 -0.0971727478 -0.0217490224 0 0 0
C@CP 3262 0.0694924233 0.395903707 0.0974660147 0 0 0
C@CP 3263 0.0314579038 -0.132162113 0.0324833908 0 0 0
C@CP 3264 0.456885067 -0.0289716611 0.0958484305 0 0 0
C@CP 3265 -0.340104175 -0.0626752946 -0.228414313 0 0 0
C@CP 3266 -0.314564476 -0.211810319 0.0270796547 0 0 0
C@CP 3267 0.0552353135 0.103910225 -0.0600912229 0 0 0
C@CP 3268 0.14197704 -0.00896089831 -0.292971744 0 0 0
C@CP 3269 0.420608575 -0.116989077 0.155534831 0 0 0
C@CP 3270 0.00693673096 0.30260536 0.217626587 0 0 0
C@CP 3271 0.180672314 0.128457592 0.0999056895 0 0 0
C@CP 3272 0.162403978 -0.0604144546 -0.378703039 0 0 0
C@CP 3273 0.238850529 -0.36998305 0.0860333414 0 0 0
C@CP 3274 -0.18527385 -0.354875046 -0.18867659 0 0 0
C@CP 3275 0.0994875 -0.268735579 0.347109629 0 0 0
C@CP 3276 -0.114416918 -0.239579033 -0.0409730201 0 0 0
C@CP 3277 -0.361802222 -0.161473903 0.0267666605 0 0 0
C@CP 3278 0.163635126 0.230254359 0.305279882 0 0 0
C@CP 3279 0.104975156 0.19214176 -0.342133433 0 0 0
C@CP 3280 0.171210072 -0.106234013 0.335132841 0 0 0
C@CP 3281 -0.0528677104 0.356745266 -0.0695936725 0 0 0
C@CP 3282 -0.0560941594 0.0273209141 0.126150041 0 0 0
C@CP 3283 -0.383868464 0.226591072 -0.0295343526 0 0 0
C@CP 3284 0.0918441765 -0.346793447 0.0175892299 0 0 0
C@CP 3285 -0.00220093565 -0.234650025 -0.41735015 0 0 0
C@CP 3286 -0.135978111 0.228962444 -0.382364902 0 0 0
C@CP 3287 -0.432183351 0.0835823019 0.0193628763 0 0 0
C@CP 3288 -0.0235753451 -0.115275545 -0.433130107 0 0 0
C@CP 3289 0.136109721 -0.33056907 0.103287102 0 0 0
C@CP 3290 -0.300148417 -0.0491005721 0.10799987 0 0 0
C@CP 3291 -0.240798418 -0.159870965 0.0798979044 0 0 0
C@CP 3292 0.354021008 -0.0170273144 0.0484851266 0 0 0
C@CP 3293 0.0732328852 0.129908303 0.18643341 0 0 0
C@CP 3294 -0.135847808 -0.184527608 0.262642166 0 0 0
C@CP 3295 -0.198064337 -0.355006685 0.00627993517 0 0 0
C@CP 3296 -0.183377176 0.28512087 -0.138679628 0 0 0
C@CP 3297 -0.170725573 -0.056293862 -0.315545621 0 0 0
C@CP 3298 0.442380736 0.0634730255 -0.0627416334 0 0 0
C@CP 3299 -0.180976585 0.0987593054 0.347689706 0 0 0
C@CP 3300 -0.00944063779 -0.248490579 -0.335050392 0 0 0
C@CP 3301 0.166971294 -0.229832844 0.182402356 0 0 0
C@CP 3302 0.22874742 -0.117463351 0.185441464 0 0 0
C@CP 3303 0.167927557 -0.169576213 -0.0171947622 0 0 0
C@CP 3304 -0.294192773 -0.0609333939 0.334748348 0 0 0
C@CP 3305 0.0610353644 0.155770288 -0.198569184 0 0 0
C@CP 3306 -0.216230433 -0.105633329 0.238027974 0 0 0
C@CP 3307 -0.270075761 0.0985068852 0.320003632 0 0 0
C@CP 3308 -0.246814492 0.000112483491 0.0161324243 0 0 0
C@CP 3309 -0.142586269 0.357839831 0.0410047852 0 0 0
C@CP 3310 0.262386596 0.179218518 -0.0240285213 0 0 0
C@CP 3311 -0.0373762957 -0.0954787353 0.319275484 0 0 0
C@CP 3312 0.410644781 0.0906845421 0.188793761 0 0 0
C@CP 3313 0.0780466114 0.171766283 -0.0743517741 0 0 0
C@CP 3314 -0.315046068 -0.286208489 0.193164119 0 0 0
C@CP 3315 0.158571545 -0.0834454555 0.237925196 0 0 0
C@CP 3316 0.173114475 0.21522355 0.0106468504 0 0 0
C@CP 3317 0.347505582 -0.144013841 0.227928775 0 0 0
C@CP 3318 -0.180458042 -0.214872376 -0.0198648813 0 0 0
C@CP 3319 0.295627943 -0.292350584 0.0465567781 0 0 0
C@CP 3320 -0.0042740855 -0.462746606 -0.0506209865 0 0 0
C@CP 3321 0.212181687 -0.00372920492 0.333016032 0 0 0
C@CP 3322 -0.173469446 0.282005531 -0.155829177 0 0 0
C@CP 3323 -0.119473156 -0.340814577 -0.0393049934 0 0 0
C@CP 3324 -0.120645851 0.0249460829 0.410831421 0 0 0
C@CP 3325 0.020822115 0.383688987 -0.236371698 0 0 0
C@CP 3326 -0.0200221755 0.0226263812 -0.228147766 0 0 0
C@CP 3327 0.104406988 -0.35670811 -0.258133112 0 0 0
C@CP 3328 -0.145303492 0.0697028189 0.166781869 0 0 0
C@CP 3329 0.219943651 -0.152952463 -0.0609121573 0 0 0
C@CP 3330 -0.137511809 0.372638942 0.203465556 0 0 0
C@CP 3331 0.109077016 0.188423948 0.350275358 0 0 0
C@CP 3332 0.182655883 0.0531771346 0.140253144 0 0 0
C@CP 3333 -0.13800875 0.123920059 0.354682976 0 0 0
C@CP 3334 0.10606411 0.417280855 0.185018257 0 0 0
C@CP 3335 -0.0331541198 -0.451168559 -0.0488226428 0 0 0
C@CP 3336 -0.393803192 0.10010033 -0.0104898756 0 0 0
C@CP 3337 -0.0300777335 -0.40250042 -0.175266251 0 0 0
C@CP 3338 -0.218471745 0.0145325947 -0.386234155 0 0 0
C@CP 3339 -0.106165123 0.136552017 -0.121373223 0 0 0
C@CP 3340 -0.0570175549 -0.0103928043 -0.409606319 0 0 0
C@CP 3341 0.438581172 0.0557096968 0.152935005 0 0 0
C@CP 3342 -0.100008331 0.0121982129 0.335229325 0 0 0
C@CP 3343 -0.0806338255 0.0191783965 -0.384287648 0 0 0
C@CP 3344 -0.154983619 -0.0946522199 0.154143608 0 0 0
C@CP 3345 0.163354939 -0.203424609 -0.0553140343 0 0 0
C@CP 3346 0.217270298 -0.167340273 0.0194611379 0 0 0
C@CP 3347 -0.234741064 -0.319097533 -0.200523612 0 0 0
C@CP 3348 -0.383028557 -0.0483919807 -0.149360076 0 0 0
C@CP 3349 -0.153621369 -0.20671328 0.00255268221 0 0 0
C@CP 3350 0.0983723206 0.33244349 0.0149383217 0 0 0
C@CP 3351 -0.130977846 0.308799938 0.220539611 0 0 0
C@CP 3352 -0.32332525 -0.0595583514 0.117293899 0 0 0
C@CP 3353 0.0245483309 0.0915740906 0.153832383 0 0 0
C@CP 3354 0.24938298 -0.256872484 -0.284710205 0 0 0
C@CP 3355 -0.292193587 0.152656253 -0.160778456 0 0 0
C@CP 3356 0.0868893271 -0.242242019 -0.236436887 0 0 0
C@CP 3357 0.245561511 -0.161863477 -0.0992862392 0 0 0
C@CP 3358 -0.147625391 -0.0545745934 -0.191425092 0 0 0
C@CP 3359 0.327221273 -0.259774818 0.132084159 0 0 0
C@CP 3360 0.259123142 0.014433251 -0.340027505 0 0 0
C@CP 3361 0.256007076 -0.120317058 -0.193971071 0 0 0
C@CP 3362 -0.160350354 -0.0480513442 0.0564684483 0 0 0
C@CP 3363 -0.365031144 0.172210393 0.119651734 0 0 0
C@CP 3364 0.0424711494 0.0156732961 0.0721249686 0 0 0
C@CP 3365 -0.107323294 0.332753108 -0.0929495953 0 0 0
C@CP 3366 0.0263792214 0.275167744 -0.234656023 0 0 0
C@CP 3367 -0.093995785 -0.111265193 0.154538755 0 0 0
C@CP 3368 0.158172609 -0.146426277 -0.0497139382 0 0 0
C@CP 3369 0.232275231 -0.272578255 0.288330377 0 0 0
C@CP 3370 -0.22140021 -0.0665178811 -0.281393045 0 0 0
C@CP 3371 -0.0915779663 0.0938927066 0.251858584 0 0 0
C@CP 3372 -0.119504049 0.199597139 0.123586861 0 0 0
C@CP 3373 0.154506278 -0.010044026 0.400389738 0 0 0
C@CP 3374 -0.160735133 0.0173643231 -0.243322931 0 0 0
C@CP 3375 -0.17431393 0.0856926015 -0.227037231 0 0 0
C@CP 3376 -0.364125138 0.00480741291 0.00431131275 0 0 0
C@CP 3377 -0.106760315 -0.276950363 0.286286089 0 0 0
C@CP 3378 0.0501830254 -0.015751073 -0.00672383528 0 0 0
C@CP 3379 -0.25756956 -0.385191767 -0.0629760867 0 0 0
C@CP 3380 -0.326699002 0.108253455 -0.262026267 0 0 0
C@CP 3381 0.367657973 0.171079687 0.175970164 0 0 0
C@CP 3382 -0.305702225 0.166296914 0.218391491 0 0 0
C@CP 3383 -0.326651384 -0.0547675713 0.2596723 0 0 0
C@CP 3384 -0.0222743987 1.50270825e-05 0.31781549 0 0 0
C@CP 3385 0.230097002 0.0846328197 0.268214194 0 0 0
C@CP 3386 -0.265133159 0.278774349 -0.0646009268 0 0 0
C@CP 3387 0.165885828 -0.292941087 0.224815876 0 0 0
C@CP 3388 -0.240153682 0.0626417451 0.133186588 0 0 0
C@CP 3389 -0.107110563 0.0108494956 0.0655846278 0 0 0
C@CP 3390 0.181160629 0.182316022 0.118084945 0 0 0
C@CP 3391 -0.0201698853 -0.217055948 0.221039986 0 0 0
C@CP 3392 -0.105346249 -0.405095067 0.197844113 0 0 0
C@CP 3393 -0.260206595 -0.0288038868 0.123008284 0 0 0
C@CP 3394 -0.294961038 0.225911904 -0.263378203 0 0 0
C@CP 3395 -0.364617553 0.190469625 -0.163249568 0 0 0
C@CP 3396 0.330616078 -0.174491738 -0.15985612 0 0 0
C@CP 3397 0.0219816989 0.24630027 -0.251491943 0 0 0
C@CP 3398 -0.0628576467 0.100679758 0.201000671 0 0 0
C@CP 3399 0.363444051 0.0734560964 -0.277573467 0 0 0
C@CP 3400 0.232678501 -0.00884551107 -0.0526356621 0 0 0
C@CP 3401 0.442816632 -0.0591228779 0.0805745516 0 0 0
C@CP 3402 0.297279894 -0.290607325 0.164934727 0 0 0
C@CP 3403 0.0313659979 -0.202005125 0.285515012 0 0 0
C@CP 3404 0.0605773279 0.0069872936 -0.397522952 0 0 0
C@CP 3405 0.0520507987 0.159047673 -0.320905868 0 0 0
C@CP 3406 0.319548972 -0.0362301893 0.114640797 0 0 0
C@CP 3407 0.313073075 0.173709392 0.217236035 0 0 0
C@CP 3408 -0.0723854815 0.422311392 0.103766328 0 0 0
C@CP 3409 -0.0380133443 -0.290982308 0.0911452298 0 0 0
C@CP 3410 0.350785676 0.162566075 -0.231516378 0 0 0
C@CP 3411 -0.316035008 -0.106913062 -0.226654107 0 0 0
C@CP 3412 0.178217886 -0.110840163 0.0321809606 0 0 0
C@CP 3413 -0.351958352 -0.222344752 -0.212116757 0 0 0
C@CP 3414 -0.049225925 0.340126918 0.0869204874 0 0 0
C@CP 3415 -0.196895021 0.0404956892 -0.0478989804 0 0 0
C@CP 3416 0.0765906786 0.137876613 -0.0615050742 0 0 0
C@CP 3417 -0.111654222 -0.0720975129 -0.380120881 0 0 0
C@CP 3418 -0.113487181 0.381965753 -0.24251809 0 0 0
C@CP 3419 -0.246029292 0.0157214603 -0.138095484 0 0 0
C@CP 3420 -0.0100684635 -0.113437699 0.0346729765 0 0 0
C@CP 3421 -0.0458120798 -0.409673235 -0.165810848 0 0 0
C@CP 3422 0.211437431 -0.173625868 -0.238326509 0 0 0
C@CP 3423 -0.0258339848 0.416113473 -0.0153848697 0 0 0
C@CP 3424 -0.0505011147 -0.00940386106 -0.388786578 0 0 0
C@CP 3425 0.146402981 -0.11532758 -0.088676117 0 0 0
C@CP 3426 -0.29010797 0.0511873904 0.176266845 0 0 0
C@CP 3427 0.339465478 0.179701763 -0.163636855 0 0 0
C@CP 3428 -0.238363417 -0.0227252141 -0.263870539 0 0 0
C@CP 3429 0.357459656 -0.0940965924 -0.268851641 0 0 0
C@CP 3430 0.238593938 0.229996207 0.121850739 0 0 0
C@CP 3431 0.210921203 0.159223017 0.372874055 0 0 0
C@CP 3432 0.240014009 -0.236934726 0.264222135 0 0 0
C@CP 3433 -0.283311721 -0.0847042767 0.226358525 0 0 0
C@CP 3434 0.0201261794 -0.384580671 -0.052716879 0 0 0
C@CP 3435 -0.395743497 0.145082729 0.203337838 0 0 0
C@CP 3436 0.413518995 -0.10416576 -0.198383945 0 0 0
C@CP 3437 0.115659743 -0.295857258 0.175984919 0 0 0
C@CP 3438 0.196258297 0.280221927 0.209144467 0 0 0
C@CP 3439 0.36070022 -0.10062855 -0.0118550047 0 0 0
C@CP 3440 -0.210266123 -0.198914732 -0.0611811424 0 0 0
C@CP 3441 -0.0896435827 0.329395273 0.261106134 0 0 0
C@CP 3442 -0.00603287596 -0.226829753 0.0141026813 0 0 0
C@CP 3443 0.0928533544 -0.00598215652 -0.291642737 0 0 0
C@CP 3444 0.0153737402 -0.299101109 0.328180202 0 0 0
C@CP 3445 -0.255438418 0.0761764643 0.0686511076 0 0 0
C@CP 3446 0.0280724757 -0.290401654 0.0868153593 0 0 0
C@CP 3447 -0.0113145502 0.430764739 0.137207812 0 0 0
C@CP 3448 0.129107263 0.100169318 0.00739057192 0 0 0
C@CP 3449 -0.125780593 -0.154694844 -0.0382760068 0 0 0
C@CP 3450 0.178593226 0.226830554 0.0597383483 0 0 0
C@CP 3451 0.219356671 -0.0911178942 -0.33974441 0 0 0
C@CP 3452 -0.034285559 0.0555423721 0.411185107 0 0 0
C@CP 3453 0.172735869 -0.112068025 -0.148525881 0 0 0
C@CP 3454 0.186455099 -0.168494848 -0.407101832 0 0 0
C@CP 3455 0.309900907 -0.103635745 -0.0318645269 0 0 0
C@CP 3456 0.0975990663 -0.449447587 0.0253840153 0 0 0
C@CP 3457 -0.313129791 0.00437380424 -0.274670896 0 0 0
C@CP 3458 -0.333368606 0.147784537 0.203838591 0 0 0
C@CP 3459 -0.418819555 0.0613912488 -0.00448518514 0 0 0
C@CP 3460 -0.0791302586 -0.264901557 0.00265883507 0 0 0
C@CP 3461 0.242591672 -0.386055576 -0.0964904787 0 0 0
C@CP 3462 0.244946794 0.256033424 0.0305340637 0 0 0
C@CP 3463 -0.329957709 -0.0168375525 -0.0879184821 0 0 0
C@CP 3464 0.283972995 0.103216793 0.158164215 0 0 0
C@CP 3465 0.0726132812 -0.129913487 0.0637091639 0 0 0
C@CP 3466 0.0455960752 0.0232419651 0.178055485 0 0 0
C@CP 3467 0.0148036241 0.0173596398 0.375208116 0 0 0
C@CP 3468 0.0671896117 -0.104147531 -0.237526891 0 0 0
C@CP 3469 0.142173017 0.143197557 0.41348116 0 0 0
C@CP 3470 0.21062206 0.0682780315 -0.402762856 0 0 0
C@CP 3471 -0.217856775 -0.222478504 0.344278249 0 0 0
C@CP 3472 0.0868463734 0.250453325 -0.166728878 0 0 0
C@CP 3473 -0.121144673 -0.022739733 -0.136661019 0 0 0
C@CP 3474 -0.342604806 0.0618476829 0.166911831 0 0 0
C@CP 3475 0.186822137 -0.190906458 -0.344880861 0 0 0
C@CP 3476 0.122090953 0.195679652 -0.372374376 0 0 0
C@CP 3477 -0.0264237496 0.0701977676 -0.36439554 0 0 0
C@CP 3478 -0.325925457 0.159316917 0.120362594 0 0 0
C@CP 3479 0.27720273 0.0947197439 -0.131978805 0 0 0
C@CP 3480 -0.268875935 -0.255156953 0.177409678 0 0 0
C@CP 3481 0.246974197 -0.0480937317 -0.173115282 0 0 0
C@CP 3482 0.108349246 -0.14663495 -0.109355636 0 0 0
C@CP 3483 0.138176869 -0.13877694 0.0975030231 0 0 0
C@CP 3484 -0.172185698 0.0841817285 -0.345110157 0 0 0
C@CP 3485 0.269664601 -0.036996668 0.320056812 0 0 0
C@CP 3486 -0.119642038 0.0418628103 -0.111558893 0 0 0
C@CP 3487 -0.249421861 0.239853718 -0.102508251 0 0 0
C@CP 3488 0.189336857 0.317812439 0.207903677 0 0 0
C@CP 3489 0.20019502 0.0978226339 -0.256239106 0 0 0
C@CP 3490 0.120260901 0.0872185794 0.44113766 0 0 0
C@CP 3491 0.00242620232 -0.481219649 -0.0192282839 0 0 0
C@CP 3492 -0.199971645 0.008313632 0.365415416 0 0 0
C@CP 3493 0.253542451 -0.049833762 -0.138192883 0 0 0
C@CP 3494 0.149214506 -0.335292303 -0.0422891023 0 0 0
C@CP 3495 -0.161701104 0.00450311341 0.185585892 0 0 0
C@CP 3496 -0.0934649802 -0.30011308 -0.103460015 0 0 0
C@CP 3497 0.222052783 0.283734275 -0.195574216 0 0 0
C@CP 3498 0.132464332 -0.222863967 -0.142257953 0 0 0
C@CP 3499 -0.16014094 -0.315745444 0.271893088 0 0 0
B@CP 3501 -0.156941398 0.187165668 0.0485585923 0 0 0
C@CP 3502 0.118655202 -0.135903519 -0.310120991 0 0 0
B@CP 3504 -0.450421558 0.110607681 0.0186085599 0 0 0
C@CP 3505 0.029167628 -0.35595297 -0.200567311 0 0 0
B@CP 3507 0.0369458772 -0.322361329 0.150573775 0 0 0
C@CP 3508 0.138000945 -0.311691189 -0.314332095 0 0 0
B@CP 3510 0.243451878 0.00433327319 -0.249021256 0 0 0
C@CP 3511 0.0165688715 0.319801868 0.325500865 0 0 0
