B@CP 1000 -0.297966327 -0.305743962 0.0140555125 0 0 0
B@CP 1002 0.389344717 0.0555745909 0.0406418575 0 0 0
B@CP 1003 -0.215782572 0.123759165 0.292784484 0 0 0
B@CP 1004 0.177976436 0.121585198 0.242499597 0 0 0
B@CP 1005 0.294510885 -0.0412700343 -0.012337632 0 0 0
B@CP 1006 0.0768495525 -0.0629547157 0.338399785 0 0 0
B@CP 1007 -0.0974380603 -0.226433713 -0.274108691 0 0 0
B@CP 1012 0.0860849657 0.119020704 -0.246617793 0 0 0
B@CP 1016 -0.318956989 -0.0120022263 -0.0137811322 0 0 0
B@CP 1020 0.394283054 -0.0647294526 0.219664427 0 0 0
B@CP 1022 -0.232387586 0.270093692 -0.0885982256 0 0 0
B@CP 1024 0.0155007227 -0.104246729 0.28024965 0 0 0
B@CP 1030 -0.127751074 0.090702271 -0.326551016 0 0 0
B@CP 1031 -0.0987197433 -0.174679626 -0.0585353233 0 0 0
B@CP 1040 -0.0240712713 0.340092577 -0.199269445 0 0 0
B@CP 1041 0.291558165 0.13174691 0.191432993 0 0 0
B@CP 1042 -0.0193880871 -0.383359937 0.174908008 0 0 0
B@CP 1044 0.0267686706 -0.139087802 -0.31818103 0 0 0
B@CP 1053 -0.184996608 -0.204245919 0.0804324042 0 0 0
B@CP 1054 -0.20349891 -0.289483681 -0.209530373 0 0 0
B@CP 1055 0.298818109 -0.156977948 0.320733852 0 0 0
B@CP 1059 0.0414521546 0.0297751206 -0.142703303 0 0 0
B@CP 1061 0.379708687 0.143200073 -0.0178069293 0 0 0
B@CP 1065 -0.250395508 -0.0842776506 0.00652536616 0 0 0
B@CP 1066 0.402278425 0.228632249 -0.057265502 0 0 0
B@CP 1070 -0.0555360823 0.101422132 0.395408888 0 0 0
B@CP 1073 -0.286954358 0.209918949 -0.0615972344 0 0 0
B@CP 1074 0.290268729 -0.0746987057 -0.336954457 0 0 0
B@CP 1077 -0.068750855 -0.186520806 -0.343245173 0 0 0
B@CP 1080 0.00577601825 -0.258393373 0.0672188504 0 0 0
B@CP 1081 0.273609603 -0.0161940633 -0.168366887 0 0 0
B@CP 1083 0.349358627 0.0367127552 -0.247021882 0 0 0
B@CP 1088 -0.090062195 0.32840185 -0.162465284 0 0 0
B@CP 1092 0.0514544034 -0.13860572 0.10231388 0 0 0
B@CP 1093 0.193558314 -0.30379931 -0.211501978 0 0 0
B@CP 1096 -0.245912567 0.223499042 -0.141179664 0 0 0
B@CP 1100 -0.161905125 0.015729889 0.154125141 0 0 0
B@CP 1103 0.300867265 0.0410934977 -0.137473084 0 0 0
B@CP 1105 0.161050343 -0.194971099 0.291104375 0 0 0
B@CP 1106 -0.26817361 -0.404407627 0.0112720593 0 0 0
B@CP 1109 0.142212417 -0.209457664 0.375662776 0 0 0
B@CP 1110 0.00985294301 -0.18432873 -0.294024004 0 0 0
B@CP 1117 -0.150310304 0.194750053 0.0713427912 0 0 0
B@CP 1122 0.396646137 0.155321583 -0.0750579867 0 0 0
B@CP 1126 -0.167370914 -0.245425322 0.334091494 0 0 0
B@CP 1127 0.256745401 0.101001139 -0.296698555 0 0 0
B@CP 1128 -0.293765724 0.217460196 0.258269465 0 0 0
B@CP 1130 0.324738612 -0.026864783 0.263367084 0 0 0
B@CP 1131 0.230918359 -0.0363858856 0.372138201 0 0 0
B@CP 1138 0.199096303 -0.30214509 -0.24022579 0 0 0
B@CP 1147 -0.191023763 -0.104264041 0.173587766 0 0 0
B@CP 1148 0.307527687 0.210193034 0.0663838914 0 0 0
B@CP 1149 0.244935013 -0.416578555 0.0265241779 0 0 0
B@CP 1151 -0.251884182 0.21955781 -0.224690868 0 0 0
B@CP 1160 0.231731598 0.0779747601 0.39811057 0 0 0
B@CP 1161 -0.0712116612 0.24263331 0.288704033 0 0 0
B@CP 1164 0.154666718 0.238031392 -0.204945905 0 0 0
B@CP 1165 -0.325870234 0.188922609 -0.213950959 0 0 0
B@CP 1170 -0.139093552 -0.0931103821 -0.249000455 0 0 0
B@CP 1178 0.277958789 -0.233580617 0.0617169983 0 0 0
B@CP 1185 0.0483898231 0.0611415619 -0.335933825 0 0 0
B@CP 1186 0.150501907 0.357328887 -0.253031617 0 0 0
B@CP 1188 -0.182005974 0.220744205 0.020956569 0 0 0
B@CP 1192 -0.237200145 -0.0763565647 -0.35858147 0 0 0
B@CP 1194 -0.366011282 -0.119245702 -0.212195002 0 0 0
B@CP 1196 0.146303041 -0.372790037 0.0785654877 0 0 0
B@CP 1198 0.0510118454 -0.318765585 -0.104283551 0 0 0
B@CP 1199 -0.180710303 0.150052893 0.122291683 0 0 0
B@CP 1202 -0.157252282 0.0800046265 0.395414016 0 0 0
B@CP 1208 0.308220162 -0.0382107488 0.32990667 0 0 0
B@CP 1209 0.0726961495 -0.254338808 -0.197037644 0 0 0
B@CP 1212 -0.135748748 -0.012234624 -0.328977866 0 0 0
B@CP 1217 -0.0233795645 -0.308545605 0.0129997508 0 0 0
B@CP 1220 0.185592142 0.324453722 0.0199816519 0 0 0
B@CP 1222 -0.247859149 -0.0272438884 0.369225569 0 0 0
B@CP 1226 0.00591774611 0.441304826 -0.0667078092 0 0 0
B@CP 1227 0.0401260021 0.223768056 -0.196187198 0 0 0
B@CP 1228 0.00496461573 -0.0244710811 0.0863936456 0 0 0
B@CP 1229 -0.0402679973 -0.0891931084 -0.291040415 0 0 0
B@CP 1234 0.0400614418 -0.302319327 0.0286482107 0 0 0
B@CP 1239 -0.411862718 -0.125881069 0.19589493 0 0 0
B@CP 1246 0.0381467248 0.00633667153 -0.119963509 0 0 0
B@CP 1249 -0.055428749 -0.00612861214 0.144655297 0 0 0
B@CP 1250 0.0154412849 -0.0302299602 0.260012423 0 0 0
B@CP 1252 0.312848005 -0.11365983 -0.170332016 0 0 0
B@CP 1254 -0.136239611 0.290616395 0.0648586531 0 0 0
B@CP 1265 -0.0846429924 -0.255090157 -0.0615515537 0 0 0
B@CP 1267 0.172873885 -0.195430985 -0.371618992 0 0 0
B@CP 1268 0.115766058 0.36495974 0.163657546 0 0 0
B@CP 1270 0.136381791 0.0758879343 0.379478254 0 0 0
B@CP 1273 -0.0203513843 0.396116599 0.0761375608 0 0 0
B@CP 1279 0.051158352 0.378162525 -0.165872685 0 0 0
B@CP 1281 0.222727208 -0.234361958 0.315049779 0 0 0
B@CP 1282 -0.391796394 0.246679553 -0.055709901 0 0 0
B@CP 1287 -0.121158628 0.234474705 -0.197063793 0 0 0
B@CP 1290 0.0330733301 0.0802047843 0.413016021 0 0 0
B@CP 1291 0.00789055296 0.159419366 -0.383068713 0 0 0
B@CP 1292 -0.0768048898 -0.0417525144 -0.285124725 0 0 0
B@CP 1296 0.21532184 -0.128650826 -0.357397341 0 0 0
B@CP 1297 0.407801814 0.19438062 0.00287189128 0 0 0
B@CP 1298 0.388139443 0.0463140678 0.0253867199 0 0 0
B@CP 1299 0.410885545 0.191010495 -0.0266396918 0 0 0
B@CP 1301 0.202251361 -0.0565902879 -0.244004182 0 0 0
B@CP 1304 0.0377381105 -0.278035946 0.116542785 0 0 0
B@CP 1305 -0.0873741848 0.161593561 0.00926373814 0 0 0
B@CP 1306 0.0529112854 -0.174427744 -0.27703959 0 0 0
B@CP 1311 -0.348220265 0.0848421027 0.208972724 0 0 0
B@CP 1314 -0.201238925 0.310141171 0.0891856401 0 0 0
B@CP 1319 0.0219572147 0.0616716404 -0.190786916 0 0 0
B@CP 1320 0.0175483162 -0.171050194 0.243600274 0 0 0
B@CP 1325 -0.079366091 0.248792158 -0.0482245603 0 0 0
B@CP 1327 0.388217179 0.182187964 0.0634097482 0 0 0
B@CP 1330 0.153751576 -0.099533596 0.095110302 0 0 0
B@CP 1340 0.335083144 -0.0310882745 -0.00717212022 0 0 0
B@CP 1341 -0.20445499 -0.141915324 0.0866006229 0 0 0
B@CP 1348 -0.0479342201 -0.066056416 0.426256815 0 0 0
B@CP 1350 0.195033933 0.156215496 -0.263699949 0 0 0
B@CP 1351 -0.23300401 0.265957546 0.0872548284 0 0 0
B@CP 1354 0.360957904 -0.0371466677 0.170950001 0 0 0
B@CP 1359 -0.130258066 0.0935934901 -0.0397648857 0 0 0
B@CP 1360 -0.108398937 -0.0121025895 0.35505616 0 0 0
B@CP 1365 0.0329386557 -0.013414756 -0.160725094 0 0 0
B@CP 1370 -0.30824675 0.193426369 0.113952488 0 0 0
B@CP 1371 -0.173219627 -0.165114642 -0.380332821 0 0 0
B@CP 1373 -0.0469700453 -0.0512471102 -0.407462061 0 0 0
B@CP 1376 0.0287378306 -0.188190239 0.011507752 0 0 0
B@CP 1380 0.211191591 0.0298314095 0.23472003 0 0 0
B@CP 1387 -0.349980618 0.030654957 -0.233118396 0 0 0
B@CP 1390 0.282988123 -0.271981013 0.19809963 0 0 0
B@CP 1394 0.0802872126 -0.0545728566 0.282788594 0 0 0
B@CP 1398 0.0521873374 0.192908028 -0.220211894 0 0 0
B@CP 1400 -0.36573988 -0.0815231049 0.00829253347 0 0 0
B@CP 1402 -0.166540286 0.179565836 0.39653884 0 0 0
B@CP 1405 -0.349576769 -0.0444699148 -0.0551154547 0 0 0
B@CP 1406 0.0141650432 0.113287784 -0.423228542 0 0 0
B@CP 1407 0.063194591 -0.313159101 -0.256285522 0 0 0
B@CP 1409 0.155707916 0.164852926 0.156228278 0 0 0
B@CP 1415 0.225917874 -0.122830385 0.40391073 0 0 0
B@CP 1418 -0.0281565039 0.165252049 0.128215857 0 0 0
B@CP 1423 0.106358329 0.0144233495 -0.343514867 0 0 0
B@CP 1429 -0.343688397 -0.0438308965 -0.300560173 0 0 0
B@CP 1430 0.0119543482 -0.030340225 -0.102716576 0 0 0
B@CP 1432 -0.17002535 -0.132671586 -0.168517582 0 0 0
B@CP 1433 -0.302534568 -0.120017238 -0.157415049 0 0 0
B@CP 1434 -0.0299963508 -0.0573927997 -0.100644221 0 0 0
B@CP 1436 0.179355679 0.270391106 -0.168311491 0 0 0
B@CP 1437 -0.194747751 -0.162962598 -0.0937297414 0 0 0
B@CP 1444 0.0188977577 0.222985723 -0.0508104673 0 0 0
B@CP 1445 -0.0967778062 0.232113542 0.325467576 0 0 0
B@CP 1446 -0.00839144428 -0.273125793 -0.367830683 0 0 0
B@CP 1447 -0.104407142 -0.419424319 -0.0262865266 0 0 0
B@CP 1453 -0.174541227 0.362258901 -0.117877053 0 0 0
B@CP 1454 0.13499933 0.140198377 -0.179108208 0 0 0
B@CP 1455 -0.354583261 0.0223507931 0.0932665781 0 0 0
B@CP 1456 -0.0926197506 -0.181312584 0.0871357521 0 0 0
B@CP 1460 -0.0826529252 -0.010791196 -0.214200785 0 0 0
B@CP 1462 -0.20403025 -0.33622611 0.0789611584 0 0 0
B@CP 1464 0.241675269 -0.114804556 -0.333905617 0 0 0
B@CP 1469 0.225150635 -0.255218391 0.192008862 0 0 0
B@CP 1472 0.0449888457 0.178743206 -0.27607073 0 0 0
B@CP 1473 0.287829977 -0.157302152 0.334473188 0 0 0
B@CP 1474 -0.0352048613 0.265039771 0.183400238 0 0 0
B@CP 1475 -0.199707211 0.196277957 0.295994107 0 0 0
B@CP 1477 -0.229917351 0.305537882 0.164524043 0 0 0
B@CP 1479 0.339369198 0.00258062732 0.197908103 0 0 0
B@CP 1485 0.131501348 0.034492267 0.327422913 0 0 0
B@CP 1488 0.137294331 0.124375542 0.425596403 0 0 0
B@CP 1493 -0.0946748632 -0.0871222987 0.442603887 0 0 0
B@CP 1495 0.162729757 0.124183895 0.325414728 0 0 0
B@CP 1496 0.268488531 0.117796592 0.3210695 0 0 0
B@CP 1498 0.259494773 -0.240575213 0.161022107 0 0 0
B@CP 1499 -0.325873471 -0.0467409456 0.207124424 0 0 0
B@CP 1501 -0.120436392 0.322852169 -0.287902841 0 0 0
B@CP 1507 0.0238683483 0.22332529 0.17550192 0 0 0
B@CP 1509 0.324738283 -0.211281638 0.22010455 0 0 0
B@CP 1517 0.145433757 0.130338907 0.0875144919 0 0 0
B@CP 1522 0.0206794445 0.403640774 0.122561706 0 0 0
B@CP 1526 0.332190514 -0.296802428 0.0885864665 0 0 0
B@CP 1528 -0.0377416933 0.380589037 0.177337433 0 0 0
B@CP 1534 -0.00456513682 -0.357077486 -0.269110092 0 0 0
B@CP 1536 -0.0588797051 -0.226931308 0.274783879 0 0 0
B@CP 1539 0.243280409 0.244356162 0.19701896 0 0 0
B@CP 1541 -0.32900866 0.277416191 0.0188255921 0 0 0
B@CP 1545 -0.0149186208 0.129375779 -0.357622601 0 0 0
B@CP 1556 -0.195820076 -0.2226603 0.115334583 0 0 0
B@CP 1560 -0.356530488 0.210903391 -0.191313867 0 0 0
B@CP 1562 -0.301229968 -0.113605664 -0.0531042847 0 0 0
B@CP 1564 -0.059090984 0.266436297 0.254549855 0 0 0
B@CP 1566 0.0185119181 -0.120487219 -0.375897092 0 0 0
B@CP 1567 -0.228780775 -0.281387858 -0.0978111073 0 0 0
B@CP 1568 0.418062453 -0.121550168 -0.14089487 0 0 0
B@CP 1569 0.0601577967 -0.00616412135 0.0278021845 0 0 0
B@CP 1573 -0.185540723 -0.244474909 -0.0663300077 0 0 0
B@CP 1580 -0.126501929 -0.392219044 -1.27129057e-05 0 0 0
B@CP 1581 -0.251592906 -0.279791627 0.094738892 0 0 0
B@CP 1582 0.127754388 -0.243373015 0.0314225387 0 0 0
B@CP 1583 0.130162835 -0.0501291462 -0.34295435 0 0 0
B@CP 1587 -0.0742148431 0.248586167 -0.350707632 0 0 0
B@CP 1593 -0.319714413 -0.238745373 0.0644009655 0 0 0
B@CP 1600 -0.35414358 0.0121235362 0.102125531 0 0 0
B@CP 1601 -0.243694268 0.267146516 -0.123249597 0 0 0
B@CP 1603 0.101718794 0.00774139345 -0.220662877 0 0 0
B@CP 1605 -0.107652886 -0.210905106 0.31124668 0 0 0
B@CP 1607 0.442028708 0.0209207878 0.0349352657 0 0 0
B@CP 1609 0.310341143 -0.106348993 -0.0520623104 0 0 0
B@CP 1614 -0.386509397 -0.0518821903 0.183701898 0 0 0
B@CP 1615 0.405497083 -0.0843377542 0.215379261 0 0 0
B@CP 1618 0.132922593 -0.112401411 0.379113548 0 0 0
B@CP 1626 -0.378653385 0.0149626155 -0.218346407 0 0 0
B@CP 1634 0.356233999 0.104712374 0.150577299 0 0 0
B@CP 1639 0.00354542677 -0.135296281 -0.313621463 0 0 0
B@CP 1640 0.12581044 0.186667272 -0.0731331336 0 0 0
B@CP 1649 -0.05775029 0.134384395 0.372184019 0 0 0
B@CP 1653 -0.415074764 -0.0631504917 -0.163874088 0 0 0
B@CP 1660 -0.0529456365 -0.0163153227 0.242540975 0 0 0
B@CP 1666 0.0996379384 0.065794867 -0.188826424 0 0 0
B@CP 1667 -0.200802411 -0.0370517358 -0.127104919 0 0 0
B@CP 1668 -0.29336845 -0.062023788 0.323923858 0 0 0
B@CP 1670 0.0102012655 -0.264338224 -0.0727271187 0 0 0
B@CP 1671 -0.280197015 0.102078191 -0.0208461882 0 0 0
B@CP 1675 -0.114757218 -0.172185832 -0.108997565 0 0 0
B@CP 1677 0.259530997 -0.0358465006 0.267185835 0 0 0
B@CP 1679 0.157216096 -0.37107838 0.0975314536 0 0 0
B@CP 1682 0.216517343 -0.108793917 0.16136799 0 0 0
B@CP 1686 -0.189544878 -0.0208683044 -0.417307111 0 0 0
B@CP 1687 -0.208515266 -0.0245638065 0.345706037 0 0 0
B@CP 1690 0.101767451 -0.420159651 -0.0466391883 0 0 0
B@CP 1695 0.174232578 0.39010435 -0.230173869 0 0 0
B@CP 1701 0.207073033 -0.20801422 0.0515436183 0 0 0
B@CP 1703 -0.160054318 -0.0834154212 -0.250062267 0 0 0
B@CP 1706 -0.257253348 0.141424071 -0.0237730298 0 0 0
B@CP 1707 -0.00431610912 -0.0989902638 0.183504726 0 0 0
B@CP 1711 0.107302842 -0.371792065 -0.263788462 0 0 0
B@CP 1712 -0.218006683 0.1313235 -0.304857021 0 0 0
B@CP 1713 0.0455123595 0.050581851 -0.0386495744 0 0 0
B@CP 1716 -0.109289003 0.0115109775 0.148661176 0 0 0
B@CP 1719 -0.198362497 0.142241227 0.102856174 0 0 0
B@CP 1720 -0.254715676 -0.0445406078 0.370806788 0 0 0
B@CP 1722 0.140071664 0.264133061 -0.270484789 0 0 0
B@CP 1726 0.0332969611 -0.277926518 -0.287668829 0 0 0
B@CP 1728 0.24160761 0.37007713 0.098917335 0 0 0
B@CP 1733 -0.192123714 0.0245916428 0.0288106387 0 0 0
B@CP 1735 -0.314750338 -0.177990202 0.00496572641 0 0 0
B@CP 1740 0.049862725 0.197356504 -0.3778527 0 0 0
B@CP 1743 0.093074619 -0.202174209 0.0608866119 0 0 0
B@CP 1746 -0.297612837 -0.328818036 0.0770201995 0 0 0
B@CP 1748 -0.425354427 -0.0218409371 -0.0441913071 0 0 0
B@CP 1749 0.158527549 0.0904813736 0.227115861 0 0 0
B@CP 1750 -0.065563939 -0.333984414 -0.296963093 0 0 0
B@CP 1751 -0.139257298 0.222655584 -0.18105458 0 0 0
B@CP 1752 -0.00328762146 -0.105280211 0.0590377524 0 0 0
B@CP 1753 -0.111455132 0.345286818 0.280084373 0 0 0
B@CP 1756 -0.295890116 0.15515796 0.0104397051 0 0 0
B@CP 1758 -0.247750017 0.225253232 -0.233176214 0 0 0
B@CP 1766 -0.0753652437 0.152392333 0.187517843 0 0 0
B@CP 1768 0.23260762 -0.160197481 -0.279727811 0 0 0
B@CP 1769 -0.0743796209 0.115214736 0.087783191 0 0 0
B@CP 1770 0.00109300993 -0.407110747 0.0397305658 0 0 0
B@CP 1775 0.291924676 -0.263378018 0.12916943 0 0 0
B@CP 1776 0.286541051 -0.205086011 0.150983608 0 0 0
B@CP 1780 0.322836683 0.18377722 -0.11120537 0 0 0
B@CP 1782 -0.144177114 0.197109592 0.361265223 0 0 0
B@CP 1783 -0.245076846 -0.360795505 -0.139546744 0 0 0
B@CP 1788 -0.299280795 -0.042397559 0.0680453884 0 0 0
B@CP 1792 0.217057037 0.231522064 -0.273420209 0 0 0
B@CP 1795 0.119537354 0.0295635136 -0.176523118 0 0 0
B@CP 1797 0.462232874 0.0387747158 0.0666950186 0 0 0
B@CP 1798 0.338938724 0.0539695205 -0.06598962 0 0 0
B@CP 1799 -0.179574243 -0.125517838 0.226727631 0 0 0
B@CP 1802 -0.361407221 -0.155396374 0.053504935 0 0 0
B@CP 1803 -0.247347448 -0.0947346638 0.116120652 0 0 0
B@CP 1807 -0.190988833 0.133777301 0.21641531 0 0 0
B@CP 1812 -0.0369580886 0.182772776 0.230480492 0 0 0
B@CP 1813 -0.217641824 0.114884764 0.4000695 0 0 0
B@CP 1822 0.259732755 -0.202047957 -0.0763737435 0 0 0
B@CP 1824 -0.202793713 -0.294832532 0.210183752 0 0 0
B@CP 1832 0.320054933 -0.092136446 0.0644729394 0 0 0
B@CP 1833 0.156974668 0.142682978 0.253332352 0 0 0
B@CP 1839 0.0297438919 -0.0929486617 -0.212850194 0 0 0
B@CP 1844 -0.201932062 -0.00391040906 0.151458782 0 0 0
B@CP 1845 -0.067969019 -0.372310746 0.173391963 0 0 0
B@CP 1849 -0.1423723 -0.0171807275 0.0286568563 0 0 0
B@CP 1853 -0.377252507 -0.15120254 -0.23081161 0 0 0
B@CP 1857 0.130236349 -0.278139653 0.246216526 0 0 0
B@CP 1859 -0.033656186 0.0498765218 0.0998380453 0 0 0
B@CP 1860 0.344856263 0.275877498 -0.114815922 0 0 0
B@CP 1861 -0.13860336 0.417546535 0.173530217 0 0 0
B@CP 1863 -0.315101167 0.0241057853 0.00131433404 0 0 0
B@CP 1864 0.142313253 0.239942503 0.206783333 0 0 0
B@CP 1865 0.0830087693 0.395203913 -0.0860770909 0 0 0
B@CP 1871 0.119911154 0.439567131 0.0390908831 0 0 0
B@CP 1875 0.047440229 0.091945034 0.346149045 0 0 0
B@CP 1877 0.340854518 -0.0236359053 -0.0258084241 0 0 0
B@CP 1880 0.192195815 0.0299799678 -0.171539128 0 0 0
B@CP 1884 -0.0738799061 -0.0810123555 -0.393061356 0 0 0
B@CP 1885 -0.230185011 0.130204345 -0.22095246 0 0 0
B@CP 1892 -0.07448119 -0.00753980659 -0.158520314 0 0 0
B@CP 1893 -0.447742112 0.0367796184 0.119597539 0 0 0
B@CP 1895 0.4503218 0.0786529547 0.0572293158 0 0 0
B@CP 1896 0.0548341316 0.302416349 0.0617203725 0 0 0
B@CP 1898 0.226453763 -0.192000777 -0.260341924 0 0 0
B@CP 1903 -0.314669098 0.213024744 0.0520953658 0 0 0
B@CP 1906 0.18501592 -0.075920117 0.000844382747 0 0 0
B@CP 1909 0.119745518 0.413978584 -0.0938475166 0 0 0
B@CP 1911 -0.228185824 -0.0882752808 0.301687742 0 0 0
B@CP 1912 0.436700733 -0.0147724338 -0.0785892023 0 0 0
B@CP 1920 0.330672256 0.173138522 -0.00329648479 0 0 0
B@CP 1921 0.13604472 -0.382875577 -0.189715164 0 0 0
B@CP 1922 -0.0583641134 0.067742189 -0.31092484 0 0 0
B@CP 1926 0.391520363 -0.145591565 -0.216594507 0 0 0
B@CP 1936 0.0502083764 0.0974766878 0.195052824 0 0 0
B@CP 1939 0.0290398329 0.12927988 0.0502305192 0 0 0
B@CP 1940 -0.351325608 0.178363949 -0.0758976474 0 0 0
B@CP 1944 -0.0684058729 -0.172384664 -0.153514514 0 0 0
B@CP 1948 0.0144115509 -0.110181454 -0.241511352 0 0 0
B@CP 1949 -0.0502762982 0.449932261 -0.106358509 0 0 0
B@CP 1951 0.0546928619 0.176189388 -0.325882533 0 0 0
B@CP 1953 0.340645333 -0.236001966 0.21732371 0 0 0
B@CP 1955 -0.049438694 -0.209821587 0.0784477344 0 0 0
B@CP 1966 0.0467437469 0.25410299 0.368339058 0 0 0
B@CP 1968 0.314751772 0.103865719 -0.0782944077 0 0 0
B@CP 1969 0.060838261 0.277270458 0.112870984 0 0 0
B@CP 1970 -0.0781675246 -0.0413609379 0.106771929 0 0 0
B@CP 1972 -0.292187916 0.357508533 0.028355129 0 0 0
B@CP 1974 0.0477413276 -0.113434255 0.08253042 0 0 0
B@CP 1976 -0.00414538006 -0.239302206 0.0664641675 0 0 0
B@CP 1980 0.11080074 0.101240221 0.00881704753 0 0 0
B@CP 1982 0.0336149043 0.0469964985 0.156461511 0 0 0
B@CP 1984 0.218443509 -0.283935951 -0.0673191709 0 0 0
B@CP 1985 -0.376782304 0.249842294 0.12562268 0 0 0
B@CP 1989 -0.166726414 -0.0115575502 -0.35694401 0 0 0
B@CP 1993 0.1965099 0.296417655 0.202528769 0 0 0
B@CP 1999 0.308396815 0.0981064688 -0.214538003 0 0 0
B@CP 2001 0.0637556198 -0.30539507 0.0558636551 0 0 0
B@CP 2003 -0.119641862 0.340299487 -0.17024917 0 0 0
B@CP 2004 -0.0165891921 0.0867937294 -0.448376208 0 0 0
B@CP 2005 0.0700696568 0.359867232 -0.282802873 0 0 0
B@CP 2007 -0.16386728 -0.278898456 -0.264283705 0 0 0
B@CP 2010 -0.0257487728 -0.395629168 -0.200928167 0 0 0
B@CP 2013 0.121248931 -0.115668826 -0.0973745136 0 0 0
B@CP 2020 0.12715341 -0.390752116 0.0118208026 0 0 0
B@CP 2022 -0.274572149 0.264486443 0.050296547 0 0 0
B@CP 2028 -0.377067275 -0.0784928744 -0.0769571514 0 0 0
B@CP 2035 0.112392998 0.0636026751 -0.107783403 0 0 0
B@CP 2038 0.370566712 -0.115377338 -0.0564972016 0 0 0
B@CP 2039 -0.0801762239 -0.0914885949 0.156510465 0 0 0
B@CP 2041 -0.183050362 -0.390115768 0.137988109 0 0 0
B@CP 2043 0.150201616 0.0617388236 0.231208804 0 0 0
B@CP 2046 -0.0683625382 -0.181860256 -0.308206318 0 0 0
B@CP 2047 0.378107992 0.0904272713 -0.0273652777 0 0 0
B@CP 2057 0.0883181456 0.434067432 -0.0501123503 0 0 0
B@CP 2061 -0.0992266174 0.247919566 -0.20526844 0 0 0
B@CP 2064 0.469550091 -0.0150611451 0.0150058669 0 0 0
B@CP 2066 -0.342358586 0.248668332 -0.0042962154 0 0 0
B@CP 2068 -0.151143054 -0.0248133111 -0.234546482 0 0 0
B@CP 2070 -0.0375571383 -0.037543301 -0.129599299 0 0 0
B@CP 2071 0.0758337894 0.411258022 -0.106865985 0 0 0
B@CP 2073 -0.243871062 -0.293784296 -0.210834016 0 0 0
B@CP 2077 -0.377489789 0.0350038305 0.20866145 0 0 0
B@CP 2078 -0.0602291056 0.280680378 0.0940232262 0 0 0
B@CP 2079 0.214409821 0.328865246 0.0489125624 0 0 0
B@CP 2089 0.139693657 -0.326020407 -0.137662296 0 0 0
B@CP 2090 0.0569791203 -0.264728423 -0.219640603 0 0 0
B@CP 2093 -0.331243433 -0.0462955514 -0.21975549 0 0 0
B@CP 2094 0.384970048 -0.265439211 -0.102122572 0 0 0
B@CP 2097 0.105162576 0.33438931 -0.098622108 0 0 0
B@CP 2098 -0.0733331043 0.222744981 0.35397545 0 0 0
B@CP 2102 0.105083945 -0.0316922966 -0.108088648 0 0 0
B@CP 2105 0.0871251801 -0.145602479 0.35753412 0 0 0
B@CP 2107 -0.320253075 0.108289511 0.102733629 0 0 0
B@CP 2112 0.290552672 -0.161045136 0.00867085163 0 0 0
B@CP 2114 -0.228053896 -0.0412796494 0.0589863645 0 0 0
B@CP 2118 0.0121388576 0.447532911 0.017982896 0 0 0
B@CP 2122 -0.183831647 -0.265790316 0.256490225 0 0 0
B@CP 2126 -0.167440329 -0.0378345553 0.372614571 0 0 0
B@CP 2134 -0.0475593088 0.120845936 -0.0961974231 0 0 0
B@CP 2135 0.297884201 -0.259672406 0.159044672 0 0 0
B@CP 2140 -0.176203665 -0.167706404 -0.381958283 0 0 0
B@CP 2143 0.0245129779 -0.149976092 0.318467783 0 0 0
B@CP 2151 0.00550307835 -0.122592495 -0.368503176 0 0 0
B@CP 2152 0.330748602 0.00264459813 0.0250078885 0 0 0
B@CP 2156 -0.194334859 -0.0670964054 -0.169332934 0 0 0
B@CP 2158 0.276021768 0.0944814677 0.219055193 0 0 0
B@CP 2161 -0.0732964599 -0.355873201 -0.110398555 0 0 0
B@CP 2163 0.124817358 -0.368768069 0.178989303 0 0 0
B@CP 2166 0.0723083925 0.0867954303 -0.314031467 0 0 0
B@CP 2170 0.0790294106 -0.0211764835 0.213210396 0 0 0
B@CP 2174 0.278184836 -0.26538143 -0.130680781 0 0 0
B@CP 2179 -0.350704646 -0.263202101 0.0530167848 0 0 0
B@CP 2189 -0.138990842 -0.289536822 -0.204288312 0 0 0
B@CP 2190 -0.243306485 0.146084444 0.204386567 0 0 0
B@CP 2191 -0.310953186 -0.0474535248 0.137054078 0 0 0
B@CP 2193 0.0725435945 0.00306746266 -0.269375098 0 0 0
B@CP 2194 -0.350599846 -0.0146047713 -0.175268821 0 0 0
B@CP 2198 0.0217322397 -0.253915664 -0.257056287 0 0 0
B@CP 2199 0.173811444 -0.14354975 0.303059416 0 0 0
B@CP 2206 0.00443795138 0.379516651 0.0911359518 0 0 0
B@CP 2208 -0.114832206 0.236946425 -0.385454088 0 0 0
B@CP 2211 0.21790825 -0.15498208 0.00919654023 0 0 0
B@CP 2213 0.181809856 0.347883477 -0.10691713 0 0 0
B@CP 2218 -0.0867045163 -0.344605277 0.313323821 0 0 0
B@CP 2220 0.126379545 0.200973967 0.130281417 0 0 0
B@CP 2221 -0.0382925769 0.341698948 -0.287893451 0 0 0
B@CP 2224 0.0368036126 0.340191821 0.093559147 0 0 0
B@CP 2225 0.211285633 0.340042381 0.083895481 0 0 0
B@CP 2227 -0.0659725112 -0.349697379 -0.0668363229 0 0 0
B@CP 2231 0.380037367 -0.202655556 -0.1836396 0 0 0
B@CP 2234 0.186679834 -0.257970016 -0.251647987 0 0 0
B@CP 2236 0.310676563 0.268879139 -0.0777670594 0 0 0
B@CP 2242 0.0635010225 -0.124873629 0.145306913 0 0 0
B@CP 2244 -0.221530302 -0.00203555082 -0.17279113 0 0 0
B@CP 2251 0.321119617 0.180103261 -0.07346659 0 0 0
B@CP 2257 0.192758811 0.209708298 -0.0705949548 0 0 0
B@CP 2258 0.187534569 -0.193126193 -0.155641296 0 0 0
B@CP 2262 0.393696901 0.0626839431 -0.196710997 0 0 0
B@CP 2264 0.0335099377 0.080040269 -0.383067222 0 0 0
B@CP 2265 0.0647926386 -0.101870778 -0.0319746433 0 0 0
B@CP 2273 -0.243145117 0.0648181808 -0.0881424548 0 0 0
B@CP 2274 -0.308056328 -0.0785690895 -0.201096767 0 0 0
B@CP 2284 0.259031373 0.0539111734 0.275378206 0 0 0
B@CP 2286 -0.129995181 -0.300340112 0.0709753367 0 0 0
B@CP 2288 -0.18039185 0.0552962941 -0.214527681 0 0 0
B@CP 2290 -0.0590282703 0.302664655 0.122285819 0 0 0
B@CP 2291 0.267787204 0.296538278 0.10854711 0 0 0
B@CP 2293 -0.080349869 0.359175679 -0.189076834 0 0 0
B@CP 2295 -0.27514892 0.162935994 -0.310770999 0 0 0
B@CP 2297 0.359439568 -0.172023559 0.0851528055 0 0 0
B@CP 2298 -0.121676446 -0.19049469 -0.211327965 0 0 0
B@CP 2299 0.249212659 0.174095976 -0.201255596 0 0 0
B@CP 2306 0.0996265859 0.255974258 -0.117240089 0 0 0
B@CP 2312 -0.339315591 0.204575422 0.0319801966 0 0 0
B@CP 2313 -0.0111230618 0.203024456 -0.227915522 0 0 0
B@CP 2317 -0.33501998 0.0508958054 0.28797693 0 0 0
B@CP 2318 -0.0255139104 -0.362230765 0.235297066 0 0 0
B@CP 2322 -0.143185239 0.15213263 0.403690716 0 0 0
B@CP 2324 -0.430778555 -0.145044353 0.0704608488 0 0 0
B@CP 2327 0.459255119 -0.00100709485 0.0922397581 0 0 0
B@CP 2330 0.263550877 0.0306473117 0.205620036 0 0 0
B@CP 2334 0.235900464 0.0259958932 0.208801002 0 0 0
B@CP 2335 0.387508709 -0.110438279 0.00911830969 0 0 0
B@CP 2340 -0.14170939 0.013184221 -0.276222887 0 0 0
B@CP 2345 -0.0703728054 -0.410397037 0.103288793 0 0 0
B@CP 2350 0.177394632 -0.310661318 0.0326217547 0 0 0
B@CP 2354 -0.324835975 0.308383683 -0.0179991059 0 0 0
B@CP 2358 -0.137659616 -0.0634471849 0.298771677 0 0 0
B@CP 2359 0.261198963 -0.13181154 0.306511324 0 0 0
B@CP 2361 -0.281017638 -0.171037952 -0.0861989081 0 0 0
B@CP 2363 0.193728672 -0.080266323 0.372808238 0 0 0
B@CP 2364 0.193132553 -0.000110061047 -0.229403137 0 0 0
B@CP 2365 -0.0283136796 -0.277041117 -0.153868424 0 0 0
B@CP 2366 -0.351683262 0.102037362 -0.227290388 0 0 0
B@CP 2367 0.0480098611 -0.171121036 -0.178384083 0 0 0
B@CP 2370 0.0906487972 -0.394483798 -0.123896066 0 0 0
B@CP 2371 -0.132698456 0.308468714 -0.136069589 0 0 0
B@CP 2376 0.112477019 0.102014347 -0.141749564 0 0 0
B@CP 2377 -0.0915581689 -0.123425802 0.191435644 0 0 0
B@CP 2383 0.0573896272 0.405977533 0.0664779864 0 0 0
B@CP 2384 0.0692653248 -0.115254858 0.0924242961 0 0 0
B@CP 2387 -0.395113069 0.198241013 -0.184535186 0 0 0
B@CP 2388 0.221994079 -0.372113678 0.0415478735 0 0 0
B@CP 2389 0.287647093 0.0972332164 -0.100881153 0 0 0
B@CP 2390 0.255347607 -0.16831942 0.253306003 0 0 0
B@CP 2397 -0.0259749951 0.192757096 0.310465664 0 0 0
B@CP 2398 0.251184656 -0.345230086 -0.0127429045 0 0 0
B@CP 2402 0.166246728 -0.180625823 -0.0858105323 0 0 0
B@CP 2405 0.122801106 -0.0267620861 -0.0664631695 0 0 0
B@CP 2409 0.0932685759 0.139074891 -0.347660873 0 0 0
B@CP 2410 -0.339597451 0.1307154 -0.186996567 0 0 0
B@CP 2414 -0.433012428 -0.102907676 -0.094393646 0 0 0
B@CP 2415 0.0846984159 0.0721178887 0.0802550996 0 0 0
B@CP 2417 -0.124349931 0.196780677 0.304933814 0 0 0
B@CP 2418 -0.0907055254 0.375459147 0.170997519 0 0 0
B@CP 2419 0.176954024 0.214651489 -0.321613915 0 0 0
B@CP 2422 0.217521602 -0.0185195218 0.199207357 0 0 0
B@CP 2425 -0.018497253 -0.390447519 -0.220812149 0 0 0
B@CP 2427 -0.0211772048 -0.180113469 0.25811225 0 0 0
B@CP 2428 0.215708538 -0.037950016 0.233469344 0 0 0
B@CP 2429 -0.268949133 0.219750247 -0.156385811 0 0 0
B@CP 2430 -0.20319845 0.0632116571 0.226348651 0 0 0
B@CP 2432 -0.0045202455 -0.101079892 0.0612438835 0 0 0
B@CP 2438 0.149373295 0.355591094 -0.00999586792 0 0 0
B@CP 2439 -0.207421386 -0.0235054963 -0.147243926 0 0 0
B@CP 2441 0.27977088 -0.199682985 0.165305883 0 0 0
B@CP 2450 -0.381958307 0.254251282 -0.0852169286 0 0 0
B@CP 2456 -0.261363705 -0.34863693 0.161882049 0 0 0
B@CP 2460 0.247401131 0.297089106 -0.0790398539 0 0 0
B@CP 2461 0.121470583 -0.321076683 0.105126368 0 0 0
B@CP 2462 -0.0626292379 0.334336284 -0.286118156 0 0 0
B@CP 2464 -0.143472715 -0.121203263 -0.0512466556 0 0 0
B@CP 2465 -0.00752957888 0.250285427 0.166607874 0 0 0
B@CP 2467 0.244959688 0.0371660806 -0.384552895 0 0 0
B@CP 2475 -0.0619582785 -0.0853471025 0.370093405 0 0 0
B@CP 2479 0.00664792657 0.0344120989 -0.0178590417 0 0 0
B@CP 2482 -0.340045545 -0.0708312112 -0.0363850219 0 0 0
B@CP 2491 0.404758348 -0.192822526 -0.0468057456 0 0 0
B@CP 2492 -0.0891877854 -0.17141438 -0.42645995 0 0 0
B@CP 2494 0.337336666 -0.17386731 0.251851822 0 0 0
B@CP 2496 -0.431948266 -0.117987211 0.115159247 0 0 0
B@CP 2498 0.224690716 0.0135009734 -0.0901458582 0 0 0
C@CP 2500 0.318486261 -0.278787836 -0.016370674 0 0 0
C@CP 2501 -0.220688452 -0.0989137857 0.305926041 0 0 0
C@CP 2502 -0.240383947 0.0248702087 0.113212615 0 0 0
C@CP 2503 -0.253082339 -0.273295461 0.0995335422 0 0 0
C@CP 2504 0.0601570929 0.209047216 -0.1465865 0 0 0
C@CP 2505 -0.415853621 -0.197152827 -0.0323021548 0 0 0
C@CP 2506 0.372269702 0.0520729825 -0.236059086 0 0 0
C@CP 2507 -0.174474698 0.279889897 0.126659583 0 0 0
C@CP 2508 0.0762296046 -0.26306555 0.148374011 0 0 0
C@CP 2509 0.150380705 -0.302374788 -0.2305015 0 0 0
C@CP 2510 0.146423304 0.0678937868 0.181858 0 0 0
C@CP 2511 0.278935127 -0.291913212 0.0660608007 0 0 0
C@CP 2512 0.185984622 -0.370239251 0.0864633185 0 0 0
C@CP 2513 0.0159757627 0.276574516 0.0804056223 0 0 0
C@CP 2514 -0.33204217 -0.0128865729 -0.0328966693 0 0 0
C@CP 2515 0.157273709 0.23607675 0.356652058 0 0 0
C@CP 2516 0.348489246 0.0992767872 -0.190829604 0 0 0
C@CP 2517 0.132523862 -0.113411031 0.119608883 0 0 0
C@CP 2518 -0.311463752 -0.224492683 0.121995123 0 0 0
C@CP 2519 0.131851355 -0.426630536 0.108243177 0 0 0
C@CP 2520 0.0324664844 0.210813049 -0.0208308317 0 0 0
C@CP 2521 0.0573008463 0.333776949 0.120459225 0 0 0
C@CP 2522 -0.101346194 -0.179814456 0.321787026 0 0 0
C@CP 2523 0.0401732343 -0.251140298 0.342267856 0 0 0
C@CP 2524 0.166014557 0.124178067 -0.213894248 0 0 0
C@CP 2525 -0.297329356 0.015998615 -0.226026989 0 0 0
C@CP 2526 0.188017424 0.0202969608 0.144897927 0 0 0
C@CP 2527 0.12506653 0.124797557 -0.406194179 0 0 0
C@CP 2528 0.084785516 0.375441583 0.248242907 0 0 0
C@CP 2529 0.135039498 0.289723853 0.138745464 0 0 0
C@CP 2530 -0.281985562 -0.19867524 0.017845857 0 0 0
C@CP 2531 0.0165919762 0.0322584568 -0.0428147949 0 0 0
C@CP 2532 0.032698282 -0.352713407 -0.172030961 0 0 0
C@CP 2533 -0.0375688222 -0.212080617 -0.000159907092 0 0 0
C@CP 2534 -0.173354778 0.230477593 -0.135710317 0 0 0
C@CP 2535 0.324051281 0.263046509 -0.142228128 0 0 0
C@CP 2536 0.404723657 -0.23073956 0.115193737 0 0 0
C@CP 2537 -0.429512991 0.0508329838 0.164094002 0 0 0
C@CP 2538 -0.128018164 -0.115532376 0.26981927 0 0 0
C@CP 2539 -0.33411503 0.194131447 -0.200965723 0 0 0
C@CP 2540 0.277713441 -0.196229613 0.273915445 0 0 0
C@CP 2541 0.296199916 -0.165465984 0.190004138 0 0 0
C@CP 2542 -0.200527595 -0.116282555 -0.0910581562 0 0 0
C@CP 2543 0.22282575 0.0236594178 0.113105494 0 0 0
C@CP 2544 -0.0371797941 0.375780673 -0.0469991575 0 0 0
C@CP 2545 -0.152678688 -0.235141152 -0.263881228 0 0 0
C@CP 2546 0.181403215 -0.340844373 -0.208780594 0 0 0
C@CP 2547 0.261412439 -0.17743753 0.295393943 0 0 0
C@CP 2548 0.438053128 0.0558517274 0.155998533 0 0 0
C@CP 2549 -0.058297131 0.326357785 -0.275293015 0 0 0
C@CP 2550 -0.0152494143 0.0900829465 0.429892517 0 0 0
C@CP 2551 -0.252591382 0.0151783938 -0.257848457 0 0 0
C@CP 2552 -0.187655533 0.0973464611 0.368289827 0 0 0
C@CP 2553 0.102365262 0.366058051 0.140802867 0 0 0
C@CP 2554 0.142521395 0.11748185 0.23771338 0 0 0
C@CP 2555 0.189602646 -0.0782262428 0.252588724 0 0 0
C@CP 2556 -0.0557374736 -0.261610297 0.143279517 0 0 0
C@CP 2557 0.0614792876 0.213822196 0.189450379 0 0 0
C@CP 2558 0.210091216 -0.335338558 -0.0409082128 0 0 0
C@CP 2559 -0.354074317 -0.121656062 -0.173262284 0 0 0
C@CP 2560 -0.0610712747 -0.421298913 -0.00534989671 0 0 0
C@CP 2561 0.196085835 0.138886236 -0.194629817 0 0 0
C@CP 2562 -0.164602593 0.244549361 -0.0249775982 0 0 0
C@CP 2563 0.130804998 -0.23035748 0.040067067 0 0 0
C@CP 2564 0.259318317 0.18849675 0.336194516 0 0 0
C@CP 2565 0.0424458954 -0.18806249 -0.248973077 0 0 0
C@CP 2566 0.183277177 0.166239361 -0.0674704815 0 0 0
C@CP 2567 -0.319256189 0.142719151 -0.00550671011 0 0 0
C@CP 2568 0.157121896 -0.305910613 0.215578633 0 0 0
C@CP 2569 0.319008465 -0.145826027 -0.135740667 0 0 0
C@CP 2570 0.0533266717 -0.397084733 0.234294458 0 0 0
C@CP 2571 -0.0784423285 -0.0315455231 0.357927706 0 0 0
C@CP 2572 -0.316026095 0.11623745 -0.12456785 0 0 0
C@CP 2573 0.0347375747 0.196914324 0.041709561 0 0 0
C@CP 2574 -0.242456573 -0.129824757 0.166805031 0 0 0
C@CP 2575 -0.0321649102 0.470061893 0.0418379872 0 0 0
C@CP 2576 -0.232421316 0.0110666802 0.257807462 0 0 0
C@CP 2577 0.269601278 0.0187965304 0.111917022 0 0 0
C@CP 2578 -0.00666267755 0.451914286 0.089816103 0 0 0
C@CP 2579 0.254500853 -0.15105567 -0.0704860843 0 0 0
C@CP 2580 -0.185125569 0.00405445547 0.163478637 0 0 0
C@CP 2581 -0.321403974 0.327569438 -0.0135469702 0 0 0
C@CP 2582 0.343636786 -0.196837116 0.249011194 0 0 0
C@CP 2583 0.401632803 -0.122960185 -0.136549581 0 0 0
C@CP 2584 -0.212471572 0.159073075 0.390925834 0 0 0
C@CP 2585 -0.00306250589 0.234752915 0.190021589 0 0 0
C@CP 2586 -0.205642869 -0.0691909981 0.165787438 0 0 0
C@CP 2587 -0.0172300113 0.0647848848 0.364239628 0 0 0
C@CP 2588 -0.323215384 0.202366806 0.117351435 0 0 0
C@CP 2589 -0.0465452865 -0.0583284531 -0.385700689 0 0 0
C@CP 2590 -0.370372322 -0.0251480402 0.271391862 0 0 0
C@CP 2591 -0.12197378 -0.0601822441 0.365797242 0 0 0
C@CP 2592 -0.182131824 -0.338844589 0.0294971773 0 0 0
C@CP 2593 0.276309957 -0.0300985555 0.120350042 0 0 0
C@CP 2594 -0.369848407 0.175813616 -0.195578008 0 0 0
C@CP 2595 -0.208063132 -0.267037682 0.0784510286 0 0 0
C@CP 2596 -0.0170195405 -0.227129497 0.0787006975 0 0 0
C@CP 2597 0.111935106 0.236812712 0.385201799 0 0 0
C@CP 2598 -0.0831628855 -0.394247812 -0.0680401291 0 0 0
C@CP 2599 0.450706176 0.071995038 -0.0128466928 0 0 0
C@CP 2600 0.149700693 0.310291628 -0.0421311204 0 0 0
C@CP 2601 -0.0347819968 0.390960602 0.0281250181 0 0 0
C@CP 2602 -0.0918182014 0.0780805985 0.163736249 0 0 0
C@CP 2603 0.347453853 0.00546543062 0.269865891 0 0 0
C@CP 2604 -0.16086862 0.100703422 -0.00786821346 0 0 0
C@CP 2605 -0.34417008 -0.0393003926 -0.103896133 0 0 0
C@CP 2606 -0.298022595 -0.174840451 -0.200336977 0 0 0
C@CP 2607 -0.188984283 -0.267361521 0.273780425 0 0 0
C@CP 2608 -0.110385089 0.0637924396 0.0211596041 0 0 0
C@CP 2609 -0.122728919 -0.00458038503 -0.146070282 0 0 0
C@CP 2610 0.0884316663 -0.10842163 0.303430318 0 0 0
C@CP 2611 0.285869584 -0.0463821522 -0.303332379 0 0 0
C@CP 2612 -0.199985913 0.125270947 0.34742904 0 0 0
C@CP 2613 0.0591629263 0.0400577065 -0.460408176 0 0 0
C@CP 2614 -0.117303001 -0.0790593703 -0.0861462968 0 0 0
C@CP 2615 0.115609751 0.0832040627 -0.200864904 0 0 0
C@CP 2616 -0.235376228 0.202085788 0.153664038 0 0 0
C@CP 2617 -0.301463554 0.268148291 0.196377238 0 0 0
C@CP 2618 0.104932672 -0.0512305934 0.240391761 0 0 0
C@CP 2619 -0.152101494 0.241384627 -0.0737793965 0 0 0
C@CP 2620 0.00346144823 -0.281420186 0.0480742174 0 0 0
C@CP 2621 -0.229958436 0.021020692 -0.19427072 0 0 0
C@CP 2622 0.0301916337 -0.392888569 0.19409085 0 0 0
C@CP 2623 0.170728602 -0.103960031 -0.190225944 0 0 0
C@CP 2624 -0.319930582 -0.0573408742 0.276269011 0 0 0
C@CP 2625 0.0778935593 0.292109589 -0.108255796 0 0 0
C@CP 2626 0.417362008 -0.0189044217 -0.215502896 0 0 0
C@CP 2627 -0.151090951 -0.159828128 -0.34665605 0 0 0
C@CP 2628 -0.0615505026 0.190305321 0.22957072 0 0 0
C@CP 2629 0.0434907766 0.0738320195 -0.0871523223 0 0 0
C@CP 2630 -0.339420314 -0.17471275 0.218155411 0 0 0
C@CP 2631 0.0319962025 0.177856484 0.0755637291 0 0 0
C@CP 2632 0.375018135 -0.0935488429 -0.157247083 0 0 0
C@CP 2633 0.153479661 0.336393489 0.26179914 0 0 0
C@CP 2634 0.0757026679 0.00526426333 -0.125665353 0 0 0
C@CP 2635 -0.0975095057 0.216407716 0.0810650604 0 0 0
C@CP 2636 -0.0488814018 0.159314594 0.199717871 0 0 0
C@CP 2637 0.120267804 0.134909081 -0.189038504 0 0 0
C@CP 2638 0.290530911 0.172684304 0.26307266 0 0 0
C@CP 2639 -0.0338158194 -0.2491483 -0.10228009 0 0 0
C@CP 2640 0.41634317 -0.070949439 0.11359247 0 0 0
C@CP 2641 0.252081316 -0.111796064 -0.0154430039 0 0 0
C@CP 2642 0.257366768 -0.153403199 0.157972261 0 0 0
C@CP 2643 0.0881525661 -0.0631574968 0.360118222 0 0 0
C@CP 2644 -0.116982805 0.0242956167 0.215496064 0 0 0
C@CP 2645 -0.362199111 0.229557145 -0.108131097 0 0 0
C@CP 2646 -0.0749218734 -0.294425153 0.194062339 0 0 0
C@CP 2647 0.455786612 0.0271587861 -0.113842871 0 0 0
C@CP 2648 0.0143433326 -0.170385637 0.0451368643 0 0 0
C@CP 2649 -0.355114038 0.0122467561 0.149015687 0 0 0
C@CP 2650 0.21035386 -0.172898944 0.351642502 0 0 0
C@CP 2651 -0.170489602 -0.184486691 -0.362983953 0 0 0
C@CP 2652 -0.161359061 -0.0873769706 -0.301203774 0 0 0
C@CP 2653 -0.0269733827 0.304069287 0.00535015231 0 0 0
C@CP 2654 0.0566904725 0.304753812 0.086674597 0 0 0
C@CP 2655 -0.0153093062 0.0740710895 0.0651257553 0 0 0
C@CP 2656 -0.185727594 -0.184854348 0.129001963 0 0 0
C@CP 2657 -0.0159196818 0.121310966 0.148177947 0 0 0
C@CP 2658 0.166657517 -0.272231745 0.214272408 0 0 0
C@CP 2659 0.401760916 0.103522467 -0.16711192 0 0 0
C@CP 2660 0.233638771 -0.034762403 -0.354699127 0 0 0
C@CP 2661 -0.375674576 0.0918525069 -0.172328758 0 0 0
C@CP 2662 -0.117811055 -0.0525724982 -0.183952644 0 0 0
C@CP 2663 -0.0178426172 -0.276395047 -0.142930847 0 0 0
C@CP 2664 -0.00576126073 -0.133321297 -0.253723882 0 0 0
C@CP 2665 -0.387548268 -0.0495402394 -0.0613335791 0 0 0
C@CP 2666 -0.2596452 -0.209587445 0.196377303 0 0 0
C@CP 2667 0.2023556 -0.407529793 0.112578527 0 0 0
C@CP 2668 0.267113923 -0.226156596 0.0671333317 0 0 0
C@CP 2669 -0.0602937028 -0.0753283453 -0.225734012 0 0 0
C@CP 2670 -0.151453044 0.160850537 0.22265177 0 0 0
C@CP 2671 -0.0718864452 -0.328431486 -0.249201091 0 0 0
C@CP 2672 -0.02449863 -0.44519723 0.0378120966 0 0 0
C@CP 2673 0.0854535652 0.0323877966 -0.222634924 0 0 0
C@CP 2674 -0.0447753711 0.0280382979 -0.27385 0 0 0
C@CP 2675 -0.120858027 0.225061476 -0.391138138 0 0 0
C@CP 2676 -0.312446133 -0.318432493 0.020254234 0 0 0
C@CP 2677 0.101713093 -0.430454784 0.111287962 0 0 0
C@CP 2678 0.0372881934 -0.0436722677 -0.465975427 0 0 0
C@CP 2679 0.338213115 -0.00404979261 0.122765514 0 0 0
C@CP 2680 0.331771825 -0.0884949043 -0.287947353 0 0 0
C@CP 2681 0.0332092533 -0.203777949 0.0251045169 0 0 0
C@CP 2682 0.310413965 -0.242475278 0.0491573272 0 0 0
C@CP 2683 0.319137398 -0.191155448 -0.244914257 0 0 0
C@CP 2684 0.127511762 0.243358534 -0.206325901 0 0 0
C@CP 2685 0.0450285802 0.28205339 0.31959006 0 0 0
C@CP 2686 -0.0308794052 -0.0177789477 -0.40332924 0 0 0
C@CP 2687 0.132950021 -0.101865793 0.300445316 0 0 0
C@CP 2688 0.375147062 -0.0411735354 0.0626760094 0 0 0
C@CP 2689 -0.27392728 -0.02614131 -0.185172259 0 0 0
C@CP 2690 -0.16573626 0.112851011 -0.290885058 0 0 0
C@CP 2691 -0.149920307 -0.129432565 0.243090411 0 0 0
C@CP 2692 0.0452978665 -0.210948254 -0.174434227 0 0 0
C@CP 2693 -0.0723927808 0.341214667 -0.235424187 0 0 0
C@CP 2694 0.101544644 -0.250404619 -0.105652571 0 0 0
C@CP 2695 -0.167991232 0.293264466 -0.0617224173 0 0 0
C@CP 2696 0.00599853213 -0.354884918 0.272747555 0 0 0
C@CP 2697 0.129592722 0.185002066 0.413373122 0 0 0
C@CP 2698 -0.238386693 -0.31315514 0.143150132 0 0 0
C@CP 2699 -0.408361481 0.199203475 -0.114013354 0 0 0
C@CP 2700 -0.288422559 -0.146443646 0.00401396167 0 0 0
C@CP 2701 0.369209138 -0.268521883 0.0122986169 0 0 0
C@CP 2702 0.296228481 0.129757216 -0.15425112 0 0 0
C@CP 2703 0.00667667156 -0.213085283 -0.371818901 0 0 0
C@CP 2704 -0.0151073336 -0.0752453544 -0.0942945864 0 0 0
C@CP 2705 -0.439214997 0.0625881562 -0.145254638 0 0 0
C@CP 2706 -0.0965365329 -0.13564681 -0.42292736 0 0 0
C@CP 2707 0.262516959 0.345403691 -0.0931195279 0 0 0
C@CP 2708 -0.151524731 -0.0272214936 -0.366672716 0 0 0
C@CP 2709 0.0341910467 -0.189501347 -0.0364749509 0 0 0
C@CP 2710 0.198197673 -0.246041235 0.051816305 0 0 0
C@CP 2711 0.0352866696 -0.317156692 0.000186787827 0 0 0
C@CP 2712 0.110327498 0.305707865 -0.186646977 0 0 0
C@CP 2713 -0.405846103 -0.220246121 0.117712309 0 0 0
C@CP 2714 -0.00325130968 0.293715369 -0.143857369 0 0 0
C@CP 2715 0.375436573 -0.0162067556 -0.153333977 0 0 0
C@CP 2716 0.0943679265 0.0947173941 0.0691106861 0 0 0
C@CP 2717 -0.434147009 -0.0225837485 0.0463225915 0 0 0
C@CP 2718 0.307111725 0.0893443639 0.105006942 0 0 0
C@CP 2719 -0.153187937 0.117348278 0.305924315 0 0 0
C@CP 2720 0.00790840419 -0.200765324 -0.415427159 0 0 0
C@CP 2721 0.180897105 0.192528057 0.116347475 0 0 0
C@CP 2722 0.0350428946 0.352881909 0.188231744 0 0 0
C@CP 2723 -0.327317219 0.296803807 -0.0365983013 0 0 0
C@CP 2724 -0.284309748 -0.143831937 -0.259919128 0 0 0
C@CP 2725 0.430342169 0.00438607224 0.0621529485 0 0 0
C@CP 2726 0.302120916 -0.0721511403 0.236410975 0 0 0
C@CP 2727 -0.253685913 -0.0316046272 0.140897159 0 0 0
C@CP 2728 -0.228193576 -0.105735075 0.0779132784 0 0 0
C@CP 2729 0.0141674132 0.0168909566 0.100908164 0 0 0
C@CP 2730 0.352763489 -0.0359619263 -0.0526476143 0 0 0
C@CP 2731 0.147117151 -0.277940202 -0.229272081 0 0 0
C@CP 2732 -0.143352363 -0.300983032 0.276118093 0 0 0
C@CP 2733 -0.22855801 0.289792711 -0.156173229 0 0 0
C@CP 2734 -0.304460811 0.157302483 0.0456729047 0 0 0
C@CP 2735 0.149064512 -0.420933644 -0.070982511 0 0 0
C@CP 2736 -0.00425843079 -0.15249412 0.13606553 0 0 0
C@CP 2737 -0.151485693 0.110948544 -0.1758176 0 0 0
C@CP 2738 -0.0966388783 -0.345345044 0.0125324599 0 0 0
C@CP 2739 -0.0269308796 0.193550363 -0.262475433 0 0 0
C@CP 2740 0.069012502 -0.327673857 -0.250587775 0 0 0
C@CP 2741 0.128208444 0.0512215645 0.344621965 0 0 0
C@CP 2742 0.000800930193 0.073697252 0.299531368 0 0 0
C@CP 2743 -0.299646641 -0.204519309 0.0458051007 0 0 0
C@CP 2744 0.00231934367 0.165626532 0.177545364 0 0 0
C@CP 2745 -0.123663343 -0.292703001 -0.0690607237 0 0 0
C@CP 2746 -0.0675496156 -0.135059662 -0.342134356 0 0 0
C@CP 2747 -0.265209749 0.0685338509 -0.193246484 0 0 0
C@CP 2748 -0.0975725146 -0.0918551442 -0.315970892 0 0 0
C@CP 2749 0.205599611 0.220613038 0.324495275 0 0 0
C@CP 2750 -0.347702764 -0.303204957 -0.11236759 0 0 0
C@CP 2751 0.0316695732 -0.189885128 -0.414021821 0 0 0
C@CP 2752 -0.0562070776 0.113706844 0.405913135 0 0 0
C@CP 2753 -0.185453838 -0.106678728 0.0370605733 0 0 0
C@CP 2754 0.169874741 0.414279112 -0.148979533 0 0 0
C@CP 2755 0.0903292996 -0.151760628 0.0264988991 0 0 0
C@CP 2756 -0.143961166 0.00529043749 0.202219768 0 0 0
C@CP 2757 0.0185016544 0.210509709 0.1114995 0 0 0
C@CP 2758 0.267652266 0.047873764 0.0411739473 0 0 0
C@CP 2759 -0.173419168 0.188329669 0.107497518 0 0 0
C@CP 2760 0.102914337 0.218750185 0.0772323942 0 0 0
C@CP 2761 0.096700568 -0.244649913 -0.356776127 0 0 0
C@CP 2762 0.0381463532 -0.0961892542 0.0169811096 0 0 0
C@CP 2763 0.205379995 0.186353469 0.371381881 0 0 0
C@CP 2764 -0.362387986 0.247672952 0.056066751 0 0 0
C@CP 2765 0.0932437385 -0.00765436939 -0.261494125 0 0 0
C@CP 2766 -0.0612082532 0.246125755 -0.10961326 0 0 0
C@CP 2767 -0.305802309 -0.0736351523 -0.0269933227 0 0 0
C@CP 2768 -0.423405281 -0.139983753 -0.0624495866 0 0 0
C@CP 2769 0.0231346941 -0.00439527933 -0.131708474 0 0 0
C@CP 2770 -0.201421032 -0.0101517222 0.171276603 0 0 0
C@CP 2771 0.171630602 0.253794271 0.0364005206 0 0 0
C@CP 2772 -0.126662478 0.242334493 -0.0850297345 0 0 0
C@CP 2773 -0.130135943 -0.246804665 0.117620413 0 0 0
C@CP 2774 -0.267613545 0.0895705697 0.293324816 0 0 0
C@CP 2775 0.128097335 -0.154295528 0.304189136 0 0 0
C@CP 2776 0.344478609 0.240003381 0.203351494 0 0 0
C@CP 2777 -0.260110478 0.0145856729 0.125780242 0 0 0
C@CP 2778 -0.180024927 0.371188593 0.197372015 0 0 0
C@CP 2779 -0.103625315 -0.180707091 -0.0690879964 0 0 0
C@CP 2780 0.480791101 -0.00861811312 -0.00373254304 0 0 0
C@CP 2781 0.143959226 -0.108339603 -0.396187329 0 0 0
C@CP 2782 -0.21376843 -0.0655944688 -0.190796854 0 0 0
C@CP 2783 0.0523341622 0.186274081 0.320916528 0 0 0
C@CP 2784 -0.199779827 -0.335328241 -0.16971344 0 0 0
C@CP 2785 -0.267658749 -0.0717880859 -0.123588432 0 0 0
C@CP 2786 -0.166799645 0.229607466 0.235087444 0 0 0
C@CP 2787 0.018088904 0.104377071 0.153466239 0 0 0
C@CP 2788 -0.288620549 -0.193529128 0.168617183 0 0 0
C@CP 2789 -0.166295498 0.0955586762 -0.105903273 0 0 0
C@CP 2790 -0.319216145 0.23991878 -0.0636886486 0 0 0
C@CP 2791 0.43789681 -0.0178830723 -0.0170816251 0 0 0
C@CP 2792 -0.2227407 -0.172022983 0.242595166 0 0 0
C@CP 2793 -0.108836051 -0.151951068 -0.0457987952 0 0 0
C@CP 2794 0.0721045202 -0.0752311666 0.117103308 0 0 0
C@CP 2795 -0.183524364 -0.268510562 0.0474116398 0 0 0
C@CP 2796 -0.106706819 -0.268127713 0.0338606776 0 0 0
C@CP 2797 0.0277702409 -0.235800124 0.340504239 0 0 0
C@CP 2798 -0.0377121296 -0.240966536 0.400473302 0 0 0
C@CP 2799 -0.167572528 -0.101999701 -0.355139161 0 0 0
C@CP 2800 -0.0542860206 -0.336918568 -0.121936852 0 0 0
C@CP 2801 -0.00849903172 0.308778939 0.268108367 0 0 0
C@CP 2802 -0.0390170439 0.195112888 -0.340814041 0 0 0
C@CP 2803 0.217577376 0.1246218 0.27252113 0 0 0
C@CP 2804 -0.0948210787 -0.12098138 0.175111779 0 0 0
C@CP 2805 -0.38427281 -0.146246978 0.200193856 0 0 0
C@CP 2806 -0.350735303 0.20012976 0.177276449 0 0 0
C@CP 2807 -0.0199871256 0.42693162 0.172465848 0 0 0
C@CP 2808 0.265204767 0.346452835 -0.165637257 0 0 0
C@CP 2809 -0.0489197777 0.0429310858 -0.397056869 0 0 0
C@CP 2810 0.0690590149 0.301089438 -0.247366949 0 0 0
C@CP 2811 -0.289904735 -0.0937510535 -0.296909028 0 0 0
C@CP 2812 -0.157898743 0.16893793 -0.00441237192 0 0 0
C@CP 2813 -0.0454015467 -0.109755693 -0.16336275 0 0 0
C@CP 2814 0.00878525822 -0.0574307257 -0.0163940438 0 0 0
C@CP 2815 -0.294623691 -0.10970294 -0.159869828 0 0 0
C@CP 2816 0.253166507 0.176210794 -0.0170366492 0 0 0
C@CP 2817 0.158092418 -0.151926232 -0.375427563 0 0 0
C@CP 2818 -0.102414062 -0.422941474 -0.0961178579 0 0 0
C@CP 2819 0.20344374 -0.212654404 -0.198698508 0 0 0
C@CP 2820 0.16180356 -0.0944816617 -0.427133 0 0 0
C@CP 2821 0.25941031 -0.240942907 0.0572649389 0 0 0
C@CP 2822 0.245428752 0.172524341 0.263306149 0 0 0
C@CP 2823 -0.111300598 -0.0514698765 0.394456854 0 0 0
C@CP 2824 0.288026945 0.107570672 0.0559540649 0 0 0
C@CP 2825 -0.0384125922 -0.363671675 0.092803026 0 0 0
C@CP 2826 -0.0508372639 -0.0539438067 -0.382697203 0 0 0
C@CP 2827 -0.0159549482 0.453807112 -0.0434091745 0 0 0
C@CP 2828 0.0612584204 0.179488053 -0.25584217 0 0 0
C@CP 2829 0.0117133933 0.42858935 -0.0793455372 0 0 0
C@CP 2830 -0.000649472224 -0.0942120628 -0.429147758 0 0 0
C@CP 2831 0.203627908 0.188932392 0.350366745 0 0 0
C@CP 2832 0.435286876 -0.0843663439 -0.0488941164 0 0 0
C@CP 2833 -0.288984989 -0.091236506 0.142639605 0 0 0
C@CP 2834 -0.00974645283 -0.0710048794 -0.0318717925 0 0 0
C@CP 2835 -0.22656678 0.071915409 0.0680166491 0 0 0
C@CP 2836 0.0151047507 0.0305755744 0.328679258 0 0 0
C@CP 2837 -0.171092762 -0.274909576 -0.188691833 0 0 0
C@CP 2838 0.247657497 0.12092959 0.34824391 0 0 0
C@CP 2839 0.124309418 -0.0597229092 0.0513184929 0 0 0
C@CP 2840 0.0907209103 0.162132405 0.146905371 0 0 0
C@CP 2841 0.0371206261 0.422490411 0.00617971005 0 0 0
C@CP 2842 0.0649267129 -0.27639762 0.21510016 0 0 0
C@CP 2843 0.154314055 0.313534566 0.281354897 0 0 0
C@CP 2844 0.000556600336 0.263459849 -0.0191322048 0 0 0
C@CP 2845 0.0463026534 -0.0123780189 0.354671237 0 0 0
C@CP 2846 0.0213906721 0.31577447 -0.162816055 0 0 0
C@CP 2847 0.0903784008 -0.316667117 0.198057442 0 0 0
C@CP 2848 -0.292436798 0.0696389633 -0.0983385871 0 0 0
C@CP 2849 0.000337826122 -0.0851576855 0.250170322 0 0 0
C@CP 2850 -0.0758747645 -0.156006733 0.377780015 0 0 0
C@CP 2851 0.342927099 0.0206371656 0.00140759598 0 0 0
C@CP 2852 0.0899030483 0.390691893 -0.0910231422 0 0 0
C@CP 2853 -0.167832496 -0.344227211 0.0219976249 0 0 0
C@CP 2854 0.217485374 0.289045581 -0.043406795 0 0 0
C@CP 2855 -0.0445565844 0.134238294 0.239065742 0 0 0
C@CP 2856 0.236325017 0.19566528 -0.0265131191 0 0 0
C@CP 2857 0.19480261 0.177031373 -0.00486382202 0 0 0
C@CP 2858 0.064620094 0.0339455314 0.124864771 0 0 0
C@CP 2859 -0.104953764 -0.30143245 0.170646413 0 0 0
C@CP 2860 0.0310217439 -0.248140396 -0.126941324 0 0 0
C@CP 2861 0.122998714 0.0889279583 -0.227349452 0 0 0
C@CP 2862 0.309371766 -0.134046092 0.326808116 0 0 0
C@CP 2863 0.0348073978 -0.0376500032 0.411386926 0 0 0
C@CP 2864 0.0131700607 -0.162781921 0.348030981 0 0 0
C@CP 2865 0.317973218 0.0343377492 0.107239603 0 0 0
C@CP 2866 -0.399513234 0.172982476 0.149902762 0 0 0
C@CP 2867 0.2968631 0.049210672 0.142292382 0 0 0
C@CP 2868 0.328593696 -0.270913369 -0.156188457 0 0 0
C@CP 2869 0.174192526 0.086489275 0.26901089 0 0 0
C@CP 2870 -0.0274174699 0.218560689 -0.075660778 0 0 0
C@CP 2871 0.0150842693 0.0148226616 0.00164298277 0 0 0
C@CP 2872 0.381259361 0.0383325287 -0.23980054 0 0 0
C@CP 2873 0.321032071 0.155522359 -0.259398959 0 0 0
C@CP 2874 -0.232179082 -0.0295466014 0.153543144 0 0 0
C@CP 2875 0.203832671 -0.312228255 0.143637222 0 0 0
C@CP 2876 0.261062871 0.11296589 0.305411534 0 0 0
C@CP 2877 -0.0897702581 0.0500409261 0.36383603 0 0 0
C@CP 2878 0.224588484 -0.0219791392 -0.153291336 0 0 0
C@CP 2879 0.324082895 0.110175465 0.0555934933 0 0 0
C@CP 2880 0.189912287 -0.0592566947 0.226724865 0 0 0
C@CP 2881 0.105627616 0.21502915 -0.317475438 0 0 0
C@CP 2882 0.0747688981 -0.0417199789 0.407784873 0 0 0
C@CP 2883 -0.445489214 -0.0864138861 -0.0235651193 0 0 0
C@CP 2884 0.23169039 0.223053873 0.134547052 0 0 0
C@CP 2885 -0.409524021 0.126422844 -0.143534716 0 0 0
C@CP 2886 0.178912581 0.138745346 -0.132580876 0 0 0
C@CP 2887 -0.123808082 0.336835668 0.022111566 0 0 0
C@CP 2888 0.447545598 -0.0504617047 0.0172367932 0 0 0
C@CP 2889 0.0117640237 -0.15961878 -0.15182911 0 0 0
C@CP 2890 0.0951601684 -0.0248087001 -0.274596211 0 0 0
C@CP 2891 0.455011584 0.0679275477 0.0574976942 0 0 0
C@CP 2892 0.0627248518 -0.148546286 0.0603250629 0 0 0
C@CP 2893 0.204480777 -0.328759022 0.00140775301 0 0 0
C@CP 2894 0.323728572 0.097768988 -0.100176094 0 0 0
C@CP 2895 -0.00260910235 -0.204518324 0.125596351 0 0 0
C@CP 2896 0.108689752 -0.155980993 -0.390709227 0 0 0
C@CP 2897 -0.0911310538 -0.196343209 -0.0118088092 0 0 0
C@CP 2898 -0.0713678234 -0.0682479067 -0.398672133 0 0 0
C@CP 2899 -0.19818874 0.000550145876 -0.0401774872 0 0 0
C@CP 2900 0.0296750245 0.224112378 0.188398352 0 0 0
C@CP 2901 0.0600774117 0.245093763 -0.111675972 0 0 0
C@CP 2902 -0.166252741 0.385048782 0.032817754 0 0 0
C@CP 2903 -0.26832209 0.136546991 -0.0923839572 0 0 0
C@CP 2904 -0.316015109 -0.25414914 0.113238404 0 0 0
C@CP 2905 -0.224258635 0.136231501 -0.251195597 0 0 0
C@CP 2906 0.203761099 -0.0424257262 -0.300845048 0 0 0
C@CP 2907 0.0279716913 0.0690169678 -0.45525815 0 0 0
C@CP 2908 -0.0421852509 0.319644075 -0.0344510088 0 0 0
C@CP 2909 -0.388899257 -0.105321909 -0.219005105 0 0 0
C@CP 2910 0.431349359 -0.0670172042 0.140163284 0 0 0
C@CP 2911 0.161116563 -0.137670338 0.366286644 0 0 0
C@CP 2912 -0.0530449711 -0.290589851 -0.157279127 0 0 0
C@CP 2913 0.00763728572 0.271124522 0.200263625 0 0 0
C@CP 2914 -0.336712574 0.109492633 0.15153679 0 0 0
C@CP 2915 0.114652139 -0.206373998 0.185739524 0 0 0
C@CP 2916 0.381914445 -0.23766339 0.161806088 0 0 0
C@CP 2917 0.284756934 -0.25309561 -0.238292567 0 0 0
C@CP 2918 0.147372297 0.169712299 0.263369556 0 0 0
C@CP 2919 -0.213866406 -0.123709098 -0.370149888 0 0 0
C@CP 2920 -0.223239482 0.319851078 -0.0814114722 0 0 0
C@CP 2921 0.0511371972 -0.029371947 -0.0819734683 0 0 0
C@CP 2922 0.109301418 0.390215742 -0.231089386 0 0 0
C@CP 2923 -0.151816208 0.0797521847 -0.131657902 0 0 0
C@CP 2924 0.290366945 -0.143695459 -0.137979662 0 0 0
C@CP 2925 0.016737525 -0.115062772 0.385283951 0 0 0
C@CP 2926 -0.084516735 0.0517760444 0.0624110595 0 0 0
C@CP 2927 -0.0686454454 -0.222400253 0.147241691 0 0 0
C@CP 2928 -0.211842623 0.0581406899 0.328610335 0 0 0
C@CP 2929 0.0547200786 -0.257131343 0.270952236 0 0 0
C@CP 2930 0.108784695 -0.38584479 -0.180161408 0 0 0
C@CP 2931 -0.418874366 0.133452329 -0.15439596 0 0 0
C@CP 2932 -0.116856003 -0.386263672 0.181256396 0 0 0
C@CP 2933 -0.0991660577 -0.0870246298 0.260404308 0 0 0
C@CP 2934 -0.0310383833 -0.247041853 -0.341830942 0 0 0
C@CP 2935 0.207954907 -0.140202679 0.267007436 0 0 0
C@CP 2936 -0.108806451 -0.341054961 0.249964794 0 0 0
C@CP 2937 -0.109253879 0.0369990469 0.332598208 0 0 0
C@CP 2938 -0.00388307795 0.135244281 -0.000403506534 0 0 0
C@CP 2939 0.0914886932 -0.424412469 0.135274664 0 0 0
C@CP 2940 -0.144237046 0.00355859679 0.412392476 0 0 0
C@CP 2941 -0.154764594 0.20447049 0.389312408 0 0 0
C@CP 2942 0.410268701 -0.0640931876 -0.186288684 0 0 0
C@CP 2943 0.0575032921 0.0230904936 -0.0797181422 0 0 0
C@CP 2944 -0.243798696 -0.1947524 0.0297267161 0 0 0
C@CP 2945 -0.0095939959 0.0842469271 0.00925953909 0 0 0
C@CP 2946 0.104739809 0.0449527178 0.0965828392 0 0 0
C@CP 2947 -0.206194645 0.0990064271 0.386608994 0 0 0
C@CP 2948 0.338074071 0.0262249026 0.0294658361 0 0 0
C@CP 2949 -0.360503702 -0.113650838 0.238103569 0 0 0
C@CP 2950 -0.00950645252 0.418122547 -0.082609036 0 0 0
C@CP 2951 0.170135422 -0.0879546283 0.421489733 0 0 0
C@CP 2952 0.249630199 0.182106735 0.031774558 0 0 0
C@CP 2953 0.148437505 -0.287137695 -0.183623069 0 0 0
C@CP 2954 0.00478942312 0.10597607 0.099683272 0 0 0
C@CP 2955 -0.205474839 0.0582072726 -0.122266023 0 0 0
C@CP 2956 0.0788416561 0.373075854 0.192463205 0 0 0
C@CP 2957 0.00239435659 -0.108618711 -0.294489249 0 0 0
C@CP 2958 0.447593842 -0.0695123977 -0.108840104 0 0 0
C@CP 2959 -0.0843631864 0.371708289 0.163327139 0 0 0
C@CP 2960 0.034011718 -0.347935241 -0.146535047 0 0 0
C@CP 2961 0.0764396891 0.232694883 0.236211957 0 0 0
C@CP 2962 -0.0471467558 -0.0631970733 -0.0361795458 0 0 0
C@CP 2963 0.0761653985 -0.0801822569 0.141732544 0 0 0
C@CP 2964 0.0355451285 0.106604156 0.161745337 0 0 0
C@CP 2965 0.293193319 -0.130870734 0.351100388 0 0 0
C@CP 2966 -0.23584308 -0.256400895 -0.215908282 0 0 0
C@CP 2967 -0.233040323 0.130584659 0.322833909 0 0 0
C@CP 2968 -0.085022476 -0.292947275 -0.290732326 0 0 0
C@CP 2969 -0.038117079 0.241486579 -0.325627766 0 0 0
C@CP 2970 -0.0804538639 0.364257719 -0.0931188582 0 0 0
C@CP 2971 -0.132271261 -0.312285692 -0.297512302 0 0 0
C@CP 2972 -0.0500917252 0.207060332 -0.0021673012 0 0 0
C@CP 2973 -0.105687358 0.185114942 0.0619637634 0 0 0
C@CP 2974 -0.123962533 0.106795786 -0.233672229 0 0 0
C@CP 2975 0.0210104363 -0.165625999 0.363808005 0 0 0
C@CP 2976 -0.228770679 -0.130029914 -0.071658974 0 0 0
C@CP 2977 0.232460105 -0.194261463 -0.16532244 0 0 0
C@CP 2978 -0.223764679 0.261976554 -0.0335527173 0 0 0
C@CP 2979 -0.0874807613 -0.280576007 -0.319668179 0 0 0
C@CP 2980 -0.319981935 -0.0162045331 0.00671985682 0 0 0
C@CP 2981 -0.16733711 -0.187524888 -0.238968514 0 0 0
C@CP 2982 0.0387194734 -0.0375420755 0.286764933 0 0 0
C@CP 2983 0.0389382726 0.257926833 0.402048228 0 0 0
C@CP 2984 0.281079521 0.132325833 0.285253743 0 0 0
C@CP 2985 -0.462406919 0.0368222128 -0.081393912 0 0 0
C@CP 2986 -0.305780941 -0.212334961 -0.195269966 0 0 0
C@CP 2987 -0.0402247704 -0.196572237 -0.395030514 0 0 0
C@CP 2988 0.398313032 0.0911536746 0.224613616 0 0 0
C@CP 2989 0.00994407745 -0.420963224 0.0795044793 0 0 0
C@CP 2990 0.395246135 -0.0761125893 -0.22692044 0 0 0
C@CP 2991 0.207023766 0.0648925992 0.264363343 0 0 0
C@CP 2992 0.235680624 0.0294442963 -0.374733406 0 0 0
C@CP 2993 -0.18262622 -0.0586871451 -0.0260312837 0 0 0
C@CP 2994 0.137306462 -0.0323397492 0.046428998 0 0 0
C@CP 2995 -0.145800625 0.281017075 -0.0205439618 0 0 0
C@CP 2996 -0.09486549 0.0420367483 0.351450934 0 0 0
C@CP 2997 -0.00966350938 0.340074241 0.159903493 0 0 0
C@CP 2998 0.207612078 0.260784444 -0.23099594 0 0 0
C@CP 2999 -0.300330471 0.0036711382 -0.0361806081 0 0 0
C@CP 3000 -0.424410242 0.149322049 -0.0113060692 0 0 0
C@CP 3001 0.0421412188 0.344919303 0.169788715 0 0 0
C@CP 3002 0.0770177335 0.286983814 0.178778379 0 0 0
C@CP 3003 -0.137290613 0.163461083 -0.129881981 0 0 0
C@CP 3004 -0.127393577 -0.176033295 -0.24108059 0 0 0
C@CP 3005 0.16197547 0.0746193287 0.0967371567 0 0 0
C@CP 3006 -0.390354694 0.104023773 0.0236880909 0 0 0
C@CP 3007 -0.213151517 0.261911227 -0.126220664 0 0 0
C@CP 3008 -0.0526453977 -0.257724214 -0.0971070856 0 0 0
C@CP 3009 -0.182180592 -0.159372241 0.0786978591 0 0 0
C@CP 3010 -0.360634489 -0.191045593 -0.163257625 0 0 0
C@CP 3011 -0.00302694833 0.16923292 0.339674558 0 0 0
C@CP 3012 -0.142351167 0.252536275 -0.3618834 0 0 0
C@CP 3013 -0.21214199 0.064028522 0.197778446 0 0 0
C@CP 3014 -0.180398216 0.210883455 -0.320213355 0 0 0
C@CP 3015 -0.155718226 -0.182536983 0.3362436 0 0 0
C@CP 3016 0.184932986 -0.125747791 -0.264207174 0 0 0
C@CP 3017 0.206357603 -0.113665168 -0.296575157 0 0 0
C@CP 3018 -0.1203497 -0.0658705081 0.274069975 0 0 0
C@CP 3019 -0.281857485 -0.13849773 -0.196066393 0 0 0
C@CP 3020 0.234094263 0.254130817 -0.269270519 0 0 0
C@CP 3021 -0.283577761 -0.212624579 0.261341833 0 0 0
C@CP 3022 0.00957226795 -0.279226586 0.0972590283 0 0 0
C@CP 3023 -0.14171474 -0.354901848 0.246469758 0 0 0
C@CP 3024 -0.0641801165 -0.151529856 0.320088377 0 0 0
C@CP 3025 0.0451446482 -0.224123017 0.301832458 0 0 0
C@CP 3026 0.116824046 -0.100531046 0.20102797 0 0 0
C@CP 3027 0.129643341 -0.177534009 -0.315844633 0 0 0
C@CP 3028 0.21907937 0.0417400993 0.0655629801 0 0 0
C@CP 3029 0.135859327 -0.0444307914 -0.0638669244 0 0 0
C@CP 3030 0.321787631 -0.120130156 -0.0764243888 0 0 0
C@CP 3031 0.0486465309 0.311340704 -0.17554622 0 0 0
C@CP 3032 0.38441403 0.235133571 -0.15393441 0 0 0
C@CP 3033 0.049713554 0.0223160962 0.246575826 0 0 0
C@CP 3034 -0.203408474 -0.306698939 -0.00777428336 0 0 0
C@CP 3035 -0.162437377 -0.424766396 -0.0340577635 0 0 0
C@CP 3036 -0.220550851 -0.232269771 0.299695178 0 0 0
C@CP 3037 -0.12067648 0.0147622403 0.0968910532 0 0 0
C@CP 3038 -0.19079485 -0.174580015 -0.121556299 0 0 0
C@CP 3039 -0.164950427 -0.21377745 0.385342454 0 0 0
C@CP 3040 0.281833854 -0.171801533 0.334271909 0 0 0
C@CP 3041 -0.028789592 -0.154958104 0.35594468 0 0 0
C@CP 3042 -0.250600186 0.0884585129 -0.35370992 0 0 0
C@CP 3043 -0.359500875 -0.0234163137 0.180451991 0 0 0
C@CP 3044 -0.00916137911 -0.152390607 0.0652393532 0 0 0
C@CP 3045 0.192080565 0.151509459 0.251138471 0 0 0
C@CP 3046 0.40018998 -0.0619939851 -0.175683832 0 0 0
C@CP 3047 -0.169364302 0.177432268 0.210838687 0 0 0
C@CP 3048 -0.0135188463 -0.0602925981 -0.171010795 0 0 0
C@CP 3049 -0.178180217 -0.152727451 -0.262962686 0 0 0
C@CP 3050 -0.0319108743 -0.0830707224 0.372909707 0 0 0
C@CP 3051 -0.073741005 0.235834668 0.131803172 0 0 0
C@CP 3052 -0.11494615 0.264711553 0.190905677 0 0 0
C@CP 3053 -0.0858234251 0.147645593 -0.0225846953 0 0 0
C@CP 3054 -0.0324825825 -0.269985505 -0.096080393 0 0 0
C@CP 3055 0.372436592 0.0376798267 0.0565892564 0 0 0
C@CP 3056 -0.14586954 -0.14792073 -0.310337059 0 0 0
C@CP 3057 0.0454860989 -0.232479565 -0.0583718091 0 0 0
C@CP 3058 -0.244127089 -0.377143073 0.0657398337 0 0 0
C@CP 3059 0.313045383 0.191912362 0.216999334 0 0 0
C@CP 3060 0.312386482 -0.0408529859 -0.134277696 0 0 0
C@CP 3061 0.0658321108 0.188293318 -0.261018982 0 0 0
C@CP 3062 0.346298643 0.168602061 -0.154481867 0 0 0
C@CP 3063 -0.0250143118 -0.367145766 0.279874644 0 0 0
C@CP 3064 0.318667101 0.00709694807 -0.10179232 0 0 0
C@CP 3065 -0.10308993 0.226414466 0.0338204359 0 0 0
C@CP 3066 0.0288736486 0.28761946 -0.194991286 0 0 0
C@CP 3067 -0.120460499 -0.163743243 -0.0926017758 0 0 0
C@CP 3068 0.313597861 0.314979372 0.0525117221 0 0 0
C@CP 3069 -0.21192623 -0.138757997 -0.254401529 0 0 0
C@CP 3070 -0.0923435196 0.151978092 -0.404809337 0 0 0
C@CP 3071 -0.120266824 -0.172415174 -0.0400546041 0 0 0
C@CP 3072 0.25038018 -0.184906745 -0.155321629 0 0 0
C@CP 3073 0.169053408 0.278696329 0.274275374 0 0 0
C@CP 3074 -0.173439569 0.014252449 0.158279814 0 0 0
C@CP 3075 -0.0301215837 0.0571522847 -0.331661895 0 0 0
C@CP 3076 -0.3757167 -0.0512675077 -0.164179037 0 0 0
C@CP 3077 0.145426377 0.130715619 0.298735593 0 0 0
C@CP 3078 -0.190280298 0.13734915 0.326172795 0 0 0
C@CP 3079 -0.0493608852 0.288671039 -0.180554878 0 0 0
C@CP 3081 -0.308838123 0.24282042 0.00634461838 0 0 0
C@CP 3082 0.187443799 -0.214439849 -0.0243837266 0 0 0
C@CP 3083 0.188711826 0.379976465 0.0610689637 0 0 0
C@CP 3084 0.284374395 -0.204109158 -0.0163147135 0 0 0
C@CP 3085 0.0558550913 -0.0729669479 -0.416557686 0 0 0
C@CP 3086 0.0532152414 0.019589176 0.458781072 0 0 0
C@CP 3087 0.0957637287 -0.160787888 0.372757257 0 0 0
C@CP 3088 -0.0924186563 0.419055708 -0.138366918 0 0 0
C@CP 3089 0.15942391 -0.315914808 0.0409328241 0 0 0
C@CP 3090 -0.376982691 0.226796575 0.130912479 0 0 0
C@CP 3091 0.115648107 0.0893606067 -0.367494367 0 0 0
C@CP 3092 0.0813152379 -0.0366113639 -0.236763035 0 0 0
C@CP 3093 0.171968705 0.00239358217 0.128343884 0 0 0
C@CP 3094 -0.223880882 -0.233118775 0.16143692 0 0 0
C@CP 3095 -0.0807892869 -0.240931566 -0.299869092 0 0 0
C@CP 3096 0.1556737 0.420593416 -0.0972203882 0 0 0
C@CP 3097 -0.191822971 0.393226144 0.0824180031 0 0 0
C@CP 3098 -0.069481094 0.149909521 0.348941921 0 0 0
C@CP 3099 0.0794564748 -0.0626504173 0.0836929127 0 0 0
C@CP 3100 -0.147598396 -0.0323364873 0.155234139 0 0 0
C@CP 3101 -0.0835677143 -0.139469237 -0.425245324 0 0 0
C@CP 3102 0.0358891027 0.238789846 0.309452563 0 0 0
C@CP 3103 -0.211475974 -0.0945344861 -0.243152854 0 0 0
C@CP 3104 -0.232109516 -0.391255445 0.0680465092 0 0 0
C@CP 3105 -0.100138968 0.17285369 0.264919914 0 0 0
C@CP 3106 0.264846756 0.16868582 0.153145193 0 0 0
C@CP 3107 0.0307030996 -0.0831763631 -0.384287815 0 0 0
C@CP 3108 -0.141362191 0.114082311 0.272037089 0 0 0
C@CP 3109 -0.213906514 -0.0141408247 0.401875962 0 0 0
C@CP 3110 0.170822603 -0.0149722436 -0.175419018 0 0 0
C@CP 3111 0.1349956 -0.199316569 -0.0948638977 0 0 0
C@CP 3112 -0.111062011 -0.238056327 0.182388413 0 0 0
C@CP 3113 0.161056597 -0.0599718689 0.293724434 0 0 0
C@CP 3114 0.0251364578 -0.0579945571 0.0313975109 0 0 0
C@CP 3115 -0.266977808 -0.11550517 -0.145314802 0 0 0
C@CP 3116 0.209258945 -0.133628605 0.0119636465 0 0 0
C@CP 3117 0.00934782494 0.0432053577 0.00212758602 0 0 0
C@CP 3118 -0.358704106 0.285373334 0.0318498606 0 0 0
C@CP 3119 -0.00244726334 0.267036101 -0.233907415 0 0 0
C@CP 3120 -0.140667758 -0.283950574 0.331560392 0 0 0
C@CP 3121 -0.267518789 -0.209034186 0.197179866 0 0 0
C@CP 3122 -0.220620084 0.00574269543 0.201625389 0 0 0
C@CP 3123 0.0753075867 -0.0703520521 0.151922899 0 0 0
C@CP 3124 -0.321308552 0.261106557 0.00939318184 0 0 0
C@CP 3125 0.170687418 -0.0692762577 -0.163376267 0 0 0
C@CP 3126 -0.285608484 -0.237249581 0.101691463 0 0 0
C@CP 3127 0.0944477651 -0.106385519 -0.161538956 0 0 0
C@CP 3128 0.159268242 -0.058628283 0.284428111 0 0 0
C@CP 3129 -0.0239259648 -0.376813647 0.0311360321 0 0 0
C@CP 3130 0.234703887 0.274546055 -0.051916841 0 0 0
C@CP 3131 0.0311533586 0.185699499 0.308495872 0 0 0
C@CP 3132 -0.189383727 0.26088576 0.141015895 0 0 0
C@CP 3133 0.0436753592 -0.123540307 -0.441419011 0 0 0
C@CP 3134 0.405228437 0.0595727312 -0.181417967 0 0 0
C@CP 3135 0.0711946901 0.320871257 0.341786298 0 0 0
C@CP 3136 -0.311727185 0.0888175511 -0.303152368 0 0 0
C@CP 3137 0.338417907 -0.170901284 -0.175138287 0 0 0
C@CP 3138 0.0963957169 -0.26065572 0.0438633706 0 0 0
C@CP 3139 0.111766312 -0.0693897686 0.0312252049 0 0 0
C@CP 3140 0.1777794 -0.150047978 -0.0656121205 0 0 0
C@CP 3141 0.42895918 -0.0264888075 0.0140008636 0 0 0
C@CP 3142 -0.414959929 -0.204500251 0.115315302 0 0 0
C@CP 3143 -0.0388840024 0.371608879 -0.255474009 0 0 0
C@CP 3144 -0.255150655 0.0649732234 0.35323459 0 0 0
C@CP 3145 0.0909013106 -0.0600873605 -0.450734346 0 0 0
C@CP 3146 -0.0504156659 -0.295967278 -0.214716416 0 0 0
C@CP 3147 -0.140600823 -0.0988305357 0.183300232 0 0 0
C@CP 3148 0.000885089095 0.217454218 -0.0950295077 0 0 0
C@CP 3149 0.255851233 0.334933713 0.14927895 0 0 0
C@CP 3150 -0.134912441 -0.279855503 0.0265848821 0 0 0
C@CP 3151 0.241176366 -0.212987362 0.1676422 0 0 0
C@CP 3152 -0.23534887 0.102783547 -0.14457113 0 0 0
C@CP 3153 0.165299007 0.237541731 0.152018115 0 0 0
C@CP 3154 0.170443403 -0.196807536 0.189547214 0 0 0
C@CP 3155 -0.40545249 -0.195721112 0.00037317943 0 0 0
C@CP 3156 -0.0221367106 -0.0107537122 0.203444269 0 0 0
C@CP 3157 0.0691759025 0.0550643333 0.109707635 0 0 0
C@CP 3158 0.163783687 0.078783776 0.14231753 0 0 0
C@CP 3159 0.0176523312 -0.181396284 0.317525846 0 0 0
C@CP 3160 -0.226111404 0.0833159646 -0.0427404139 0 0 0
C@CP 3161 -0.183211344 -0.0560994018 -0.126673194 0 0 0
C@CP 3162 -0.376441283 0.00935074565 0.21145976 0 0 0
C@CP 3163 0.236232777 -0.241263237 0.0122269667 0 0 0
C@CP 3164 0.24263375 0.238203872 0.188483543 0 0 0
C@CP 3165 -0.151064187 0.387483316 -0.184154724 0 0 0
C@CP 3166 -0.37548167 -0.124394396 0.0891019654 0 0 0
C@CP 3167 0.131504508 0.197122084 -0.0864998632 0 0 0
C@CP 3168 0.184921891 -0.292280127 0.305510291 0 0 0
C@CP 3169 0.213704353 -0.356116965 -0.00661539729 0 0 0
C@CP 3170 0.169408406 -0.139242074 -0.105945029 0 0 0
C@CP 3171 -0.301157971 -0.141883844 -0.312790568 0 0 0
C@CP 3172 0.00810789274 0.310269757 0.176952921 0 0 0
C@CP 3173 -0.0219845408 -0.146049495 0.434676884 0 0 0
C@CP 3174 -0.0248959879 0.356257947 -0.2543175 0 0 0
C@CP 3175 -0.0503275733 -0.33612808 0.0251738225 0 0 0
C@CP 3176 -0.296414645 -0.197292632 0.0760023145 0 0 0
C@CP 3177 -0.447109183 0.0397437404 0.0750729974 0 0 0
C@CP 3178 0.100826909 0.348287267 -0.298857752 0 0 0
C@CP 3179 -0.0644494308 -0.320257218 -0.143353379 0 0 0
C@CP 3180 0.148041417 0.061759324 0.119058659 0 0 0
C@CP 3181 -0.380843182 -0.178660775 0.0950322895 0 0 0
C@CP 3182 -0.153504214 -0.384119243 -0.157422004 0 0 0
C@CP 3183 -0.161381887 -0.387145432 0.0565386215 0 0 0
C@CP 3184 -0.259327735 0.269699576 -0.179534011 0 0 0
C@CP 3185 -0.0417496319 -0.113803273 0.154165376 0 0 0
C@CP 3186 0.0913569454 0.383710482 0.16792989 0 0 0
C@CP 3187 0.179890015 0.372391804 -0.00311022444 0 0 0
C@CP 3188 -0.415935864 0.18554329 -0.0922416564 0 0 0
C@CP 3189 -0.0844343862 0.0118840699 -0.392888699 0 0 0
C@CP 3190 0.0276794842 -0.0660193929 0.189322115 0 0 0
C@CP 3191 -0.410636013 -0.0211049577 0.216299383 0 0 0
C@CP 3192 -0.190668738 -0.069673571 -0.0772023423 0 0 0
C@CP 3193 -0.358452798 0.0786265489 -0.146463861 0 0 0
C@CP 3194 0.171776589 -0.0488744125 -0.177823284 0 0 0
C@CP 3195 -0.0713679216 -0.133683116 0.0155038038 0 0 0
C@CP 3196 0.130573143 0.259544462 -0.0494310547 0 0 0
C@CP 3197 -0.0755291657 0.0148866334 -0.272934311 0 0 0
C@CP 3198 0.0711696 0.0858219665 -0.0158526104 0 0 0
C@CP 3199 0.0392929363 0.21608277 0.182533893 0 0 0
C@CP 3200 0.414458215 -0.142894254 0.125909257 0 0 0
C@CP 3201 0.204002744 0.374720321 0.0849007343 0 0 0
C@CP 3202 0.184301114 0.032301814 -0.00806739749 0 0 0
C@CP 3203 -0.0219757467 0.297141108 0.363894226 0 0 0
C@CP 3204 0.0707605261 -0.266694423 -0.157823025 0 0 0
C@CP 3205 -0.13185049 -0.0279321112 0.421055477 0 0 0
C@CP 3206 -0.0900657374 -0.114569877 0.132030447 0 0 0
C@CP 3207 -0.0729150997 0.017550932 -0.0258391133 0 0 0
C@CP 3208 0.343749656 0.0349402413 0.234841166 0 0 0
C@CP 3209 0.0355320191 0.180188875 0.285492215 0 0 0
C@CP 3210 0.330406804 0.143149186 0.17882409 0 0 0
C@CP 3211 0.295131642 -0.0745596724 -0.17726784 0 0 0
C@CP 3212 -0.0810948834 0.105400317 -0.218119843 0 0 0
C@CP 3213 0.122883815 0.35671753 -0.126009225 0 0 0
C@CP 3214 0.318431945 0.161720197 0.297986018 0 0 0
C@CP 3215 0.00808373263 0.135565024 -0.401981569 0 0 0
C@CP 3216 -0.383267545 -0.0586784935 0.0190072533 0 0 0
C@CP 3217 0.102349984 -0.421894683 0.0553039129 0 0 0
C@CP 3218 -0.133463765 0.173839829 0.222811338 0 0 0
C@CP 3219 -0.168824299 -0.216961422 -0.214898671 0 0 0
C@CP 3220 0.0939118723 -0.34180313 0.0363331992 0 0 0
C@CP 3221 0.0152693521 0.0638877068 0.361836512 0 0 0
C@CP 3222 0.145125711 0.167446366 -0.223530458 0 0 0
C@CP 3223 -0.130433868 0.319728075 -0.15818288 0 0 0
C@CP 3224 0.0334394704 0.210565775 -0.328768826 0 0 0
C@CP 3225 0.123759815 -0.0571432223 -0.436017422 0 0 0
C@CP 3226 0.3442137 -0.142349143 0.0361778303 0 0 0
C@CP 3227 0.221812497 0.284197596 0.139626294 0 0 0
C@CP 3228 0.25402638 -0.0788471804 -0.257861158 0 0 0
C@CP 3229 0.360433977 -0.255468487 0.0917866092 0 0 0
C@CP 3230 -0.0427461962 -0.262495773 0.343992808 0 0 0
C@CP 3231 -0.225896767 -0.336316232 0.181246787 0 0 0
C@CP 3232 -0.424089587 0.0454183557 0.0684141062 0 0 0
C@CP 3233 0.401182397 0.13473438 0.0559028685 0 0 0
C@CP 3234 -0.101827374 0.392705234 -0.102831795 0 0 0
C@CP 3235 -0.408788887 -0.209727943 -0.0945383945 0 0 0
C@CP 3236 0.418116032 0.166704969 -0.0972478447 0 0 0
C@CP 3237 -0.112356041 -0.146665272 0.0862958059 0 0 0
C@CP 3238 -0.054199373 0.370230111 0.0828458099 0 0 0
C@CP 3239 -0.00839356243 -0.0361547378 0.423444532 0 0 0
C@CP 3240 0.232600715 0.00530116229 -0.358221084 0 0 0
C@CP 3241 -0.00750365778 0.241378371 -0.364960673 0 0 0
C@CP 3242 0.234852331 0.185471314 -0.151673454 0 0 0
C@CP 3243 0.107838855 -0.171899223 0.292841741 0 0 0
C@CP 3244 0.0859903093 0.184081255 -0.0821476405 0 0 0
C@CP 3245 0.429591629 0.000310835124 -0.16935065 0 0 0
C@CP 3246 -0.240388115 0.308051059 -0.049913328 0 0 0
C@CP 3247 -0.0486535784 -0.0270710839 -0.249075565 0 0 0
C@CP 3248 -0.355946181 0.0228068692 -0.258441767 0 0 0
C@CP 3249 -0.116649531 0.213401459 -0.0490162772 0 0 0
C@CP 3250 0.144352739 -0.19070273 -0.0452690798 0 0 0
C@CP 3251 -0.0646205245 -0.0377591339 0.00361786074 0 0 0
C@CP 3252 0.000406328 -0.194368565 -0.192773638 0 0 0
C@CP 3253 -0.0757467566 0.0135604573 -0.0827986236 0 0 0
C@CP 3254 0.0260652955 0.147505182 0.438721298 0 0 0
C@CP 3255 0.307916036 0.161951471 -0.309067198 0 0 0
C@CP 3256 0.25350407 0.0698189621 0.0450286349 0 0 0
C@CP 3257 0.204328347 -0.340808437 0.234333403 0 0 0
C@CP 3258 0.15362918 -0.391318323 0.0193532173 0 0 0
C@CP 3259 0.120351381 0.422918738 -0.178335331 0 0 0
C@CP 3260 -0.0611593533 -0.167229797 -0.189083967 0 0 0
C@CP 3261 -0.133619584 0.112667864 -0.0283670906 0 0 0
C@CP 3262 0.0461192017 -0.200735996 0.322250274 0 0 0
C@CP 3263 0.0922746054 -0.0451152929 0.329585647 0 0 0
C@CP 3264 0.220148974 0.20000893 0.310552813 0 0 0
C@CP 3265 -0.107062202 0.140088166 -0.0108033557 0 0 0
C@CP 3266 -0.1992309 -0.170958671 -0.285193401 0 0 0
C@CP 3267 0.0809236534 -0.271305467 0.142873015 0 0 0
C@CP 3268 -0.326181704 0.185347518 -0.225139241 0 0 0
C@CP 3269 -0.0701293735 -0.372600561 0.148700548 0 0 0
C@CP 3270 -0.202843069 0.153267224 0.0594797302 0 0 0
C@CP 3271 -0.157190811 0.378949923 0.111593945 0 0 0
C@CP 3272 0.189415827 -0.157476566 0.0537274451 0 0 0
C@CP 3273 0.101506175 -0.404156158 -0.122376064 0 0 0
C@CP 3274 0.0530677688 0.278808897 0.0979358326 0 0 0
C@CP 3275 0.041915956 0.169899227 0.272394584 0 0 0
C@CP 3276 0.166236632 0.246524189 0.00138875544 0 0 0
C@CP 3277 -0.0734769541 0.072337157 0.100934502 0 0 0
C@CP 3278 0.138240087 0.0288237858 -0.337891126 0 0 0
C@CP 3279 -0.22949923 0.162779457 -0.0286765406 0 0 0
C@CP 3280 -0.181558581 0.10478512 -0.286351806 0 0 0
C@CP 3281 -0.256341833 0.136021767 -0.0301516658 0 0 0
C@CP 3282 0.0025504582 -0.267941693 0.0194497697 0 0 0
C@CP 3283 -0.128431492 0.382172539 0.0368711047 0 0 0
C@CP 3284 0.437480076 0.0363353876 0.0840037358 0 0 0
C@CP 3285 0.349380996 -0.00177392642 -0.0124435803 0 0 0
C@CP 3286 -0.243191161 0.196183981 -0.188629723 0 0 0
C@CP 3287 0.0915508539 -0.387119475 0.192652281 0 0 0
C@CP 3288 -0.0653166847 -0.20313094 0.249166475 0 0 0
C@CP 3289 0.0927386714 0.106391483 -0.0425957301 0 0 0
C@CP 3290 -0.0513911644 0.231924512 0.277799538 0 0 0
C@CP 3291 0.126508661 -0.10737605 -0.41761496 0 0 0
C@CP 3292 -0.12573628 -0.416401499 0.0459738843 0 0 0
C@CP 3293 0.285587591 0.160794313 -0.165765506 0 0 0
C@CP 3294 0.208436105 0.35324986 -0.181466084 0 0 0
C@CP 3295 -0.257335496 0.0654446276 0.168861425 0 0 0
C@CP 3296 0.148910497 -0.395935092 -0.223740074 0 0 0
C@CP 3297 0.21435699 -0.205573096 0.282813649 0 0 0
C@CP 3298 0.00389890973 0.289884852 0.190826801 0 0 0
C@CP 3299 0.015736592 -0.0150876601 -0.416842518 0 0 0
C@CP 3300 -0.231488365 0.0882489104 0.334009357 0 0 0
C@CP 3301 0.0907937645 -0.00327591174 0.0111653917 0 0 0
C@CP 3302 0.037798058 0.354191432 -0.0257045236 0 0 0
C@CP 3303 -0.129832767 0.105924701 -0.317342713 0 0 0
C@CP 3304 0.0553478385 0.214966089 -0.0824535107 0 0 0
C@CP 3305 -0.305269183 -0.2811481 -0.174877259 0 0 0
C@CP 3306 0.337024698 0.31383364 -0.000624177855 0 0 0
C@CP 3307 0.00590928299 -0.25285425 -0.030522798 0 0 0
C@CP 3308 0.197540598 -0.377799358 0.0108290259 0 0 0
C@CP 3309 0.0615885912 -0.311687196 -0.327151794 0 0 0
C@CP 3310 0.14005637 -0.262207034 0.111255075 0 0 0
C@CP 3311 0.0396329365 0.21267861 -0.392058927 0 0 0
C@CP 3312 -0.115971668 -0.231160226 0.165019538 0 0 0
C@CP 3313 0.0442566993 0.217398722 -0.140464039 0 0 0
C@CP 3314 -0.172979786 0.246060273 -0.219711096 0 0 0
C@CP 3315 0.300956114 -0.106568488 0.212195383 0 0 0
C@CP 3316 0.273493336 -0.247318465 0.130665536 0 0 0
C@CP 3317 -0.118188895 0.264888011 -0.154958984 0 0 0
C@CP 3318 0.00725321079 0.132647048 -0.0844126203 0 0 0
C@CP 3319 0.111120556 0.192410546 -0.351038472 0 0 0
C@CP 3320 -0.339170991 0.172705163 0.0932391552 0 0 0
C@CP 3321 0.259283343 0.33574032 0.0590769755 0 0 0
C@CP 3322 -0.095678124 0.451296162 -0.0241150928 0 0 0
C@CP 3323 -0.305919658 0.233715758 -0.217788128 0 0 0
C@CP 3324 0.188287552 -0.21565014 0.00735387777 0 0 0
C@CP 3325 0.227688913 0.247150195 -0.236221639 0 0 0
C@CP 3326 0.235968344 -0.146202824 -0.102442928 0 0 0
C@CP 3327 0.0666240788 0.0281341943 -0.248157913 0 0 0
C@CP 3328 0.108169677 -0.161555833 0.239400108 0 0 0
C@CP 3329 0.323476825 0.0899339215 0.00124363806 0 0 0
C@CP 3330 0.0526390255 -0.03581467 -0.0523619796 0 0 0
C@CP 3331 0.0453267232 0.179029778 -0.0842311021 0 0 0
C@CP 3332 -0.218213637 -0.341533835 -0.00873377137 0 0 0
C@CP 3333 -0.261866966 -0.0714119049 0.0354882949 0 0 0
C@CP 3334 0.351848331 -0.00832218438 0.106235924 0 0 0
C@CP 3335 -0.306083376 0.24116701 0.0624378092 0 0 0
C@CP 3336 0.0678359944 -0.233679501 0.306562805 0 0 0
C@CP 3337 -0.043052712 0.162840601 0.301716866 0 0 0
C@CP 3338 0.163268111 0.289960754 0.20389163 0 0 0
C@CP 3339 0.0764527726 -0.328914547 0.318701919 0 0 0
C@CP 3340 0.242585022 -0.0914654818 0.0386190812 0 0 0
C@CP 3341 0.172689237 0.104676924 0.412061968 0 0 0
C@CP 3342 -0.0630298084 0.27215433 -0.348110446 0 0 0
C@CP 3343 -0.219395166 -0.227075855 0.107562739 0 0 0
C@CP 3344 -0.141630724 -0.224797424 0.0272942641 0 0 0
C@CP 3345 0.0462295757 0.358015652 -0.256415123 0 0 0
C@CP 3346 0.116958958 0.342189958 0.00810154116 0 0 0
C@CP 3347 -0.226280026 -0.256151678 -0.24525004 0 0 0
C@CP 3348 0.116278236 0.107715343 -0.203166527 0 0 0
C@CP 3349 0.115829866 -0.219896589 -0.351431048 0 0 0
C@CP 3350 -0.0656878172 -0.115425177 -0.400411815 0 0 0
C@CP 3351 0.0197853836 0.2620566 0.255832265 0 0 0
C@CP 3352 0.273685582 -0.0978416616 0.167063646 0 0 0
C@CP 3353 0.151757548 -0.0768245068 0.390768713 0 0 0
C@CP 3354 -0.126699964 -0.138582967 -0.278458991 0 0 0
C@CP 3355 0.301322217 -0.121150655 0.261623742 0 0 0
C@CP 3356 -0.305300208 0.246549221 -0.0549084402 0 0 0
C@CP 3357 0.12105289 0.0963087962 0.267321492 0 0 0
C@CP 3358 0.186913316 0.1030116 -0.130289829 0 0 0
C@CP 3359 0.100883401 0.0338662871 0.155478738 0 0 0
C@CP 3360 0.119883123 -0.0838048512 0.000147586503 0 0 0
C@CP 3361 -0.125739913 0.312314563 0.135839659 0 0 0
C@CP 3362 -0.0199647184 0.300981314 0.181588046 0 0 0
C@CP 3363 -0.372072489 0.075597035 -0.127365166 0 0 0
C@CP 3364 0.147619862 0.0447143881 -0.434171242 0 0 0
C@CP 3365 -0.0456161742 0.227026668 -0.0393659015 0 0 0
C@CP 3366 -0.412324066 0.0533281879 0.0915416682 0 0 0
C@CP 3367 -0.260638592 0.0382656215 0.0623554161 0 0 0
C@CP 3368 -0.222551011 -0.0608376455 -0.0597374783 0 0 0
C@CP 3369 -0.0577292413 -0.101482255 -0.242539605 0 0 0
C@CP 3370 -0.176259253 -0.273438363 -0.236132432 0 0 0
C@CP 3371 0.177095851 0.144797832 -0.257914866 0 0 0
C@CP 3372 -0.336016726 -0.269872497 -0.0227970252 0 0 0
C@CP 3373 0.285612352 0.220317597 0.154992285 0 0 0
C@CP 3374 -0.186658918 0.0577454319 0.103441823 0 0 0
C@CP 3375 -0.0445139068 -0.243606685 0.21803836 0 0 0
C@CP 3376 0.297356544 0.192741528 -0.154782448 0 0 0
C@CP 3377 -0.341010534 -0.298513923 -0.0346733692 0 0 0
C@CP 3378 -0.22912284 -0.0582186641 -0.226665564 0 0 0
C@CP 3379 -0.170592564 0.310381713 0.304519067 0 0 0
C@CP 3380 0.203695757 0.105941296 0.376514745 0 0 0
C@CP 3381 0.0311788458 0.0134633007 -0.135643719 0 0 0
C@CP 3382 -0.0882836792 -0.201851288 -0.359386764 0 0 0
C@CP 3383 -0.167975806 0.357587508 0.123896444 0 0 0
C@CP 3384 0.258458171 -0.0419998405 -0.226301903 0 0 0
C@CP 3385 -0.324561685 -0.0994265317 -0.255777097 0 0 0
C@CP 3386 0.401870399 0.0261004589 -0.152545651 0 0 0
C@CP 3387 -0.029536663 0.180692179 -0.418359903 0 0 0
C@CP 3388 0.0698409316 -0.19942272 -0.283644932 0 0 0
C@CP 3389 -0.116510367 0.0475862002 0.380456325 0 0 0
C@CP 3390 -0.158887478 0.181548994 -0.207411356 0 0 0
C@CP 3391 0.0977535359 -0.0334141733 -0.151582509 0 0 0
C@CP 3392 0.11306744 0.239751055 0.290990562 0 0 0
C@CP 3393 0.142129491 -0.376208668 -0.0611363234 0 0 0
C@CP 3394 -0.248374168 -0.333939142 -0.178164086 0 0 0
C@CP 3395 -0.174412097 0.00765202741 0.364267525 0 0 0
C@CP 3396 0.176189089 0.304250729 0.138653227 0 0 0
C@CP 3397 -0.241213207 0.0534445365 -0.359380195 0 0 0
C@CP 3398 0.0985288196 0.173750906 0.111859579 0 0 0
C@CP 3399 0.28521969 0.356049205 0.0752785226 0 0 0
C@CP 3400 0.396912087 0.0365941246 0.142244118 0 0 0
C@CP 3401 -0.146687841 -0.42984952 -0.0904231967 0 0 0
C@CP 3402 -0.127847581 -0.207859809 0.0986357926 0 0 0
C@CP 3403 0.069215666 0.260511558 -0.384804074 0 0 0
C@CP 3404 0.103505192 0.0376088056 -0.34372058 0 0 0
C@CP 3405 -0.325265079 0.152581699 0.283976188 0 0 0
C@CP 3406 -0.2975215 0.195777 -0.216562806 0 0 0
C@CP 3407 -0.298084317 0.0368892788 -0.277409513 0 0 0
C@CP 3408 -0.101580261 0.260866861 0.0160758038 0 0 0
C@CP 3409 0.219190237 0.137946563 0.253692553 0 0 0
C@CP 3410 0.147078447 -0.120241399 -0.168178093 0 0 0
C@CP 3411 -0.224856002 0.306739121 0.202148791 0 0 0
C@CP 3412 0.315537601 0.297374875 -0.0103339117 0 0 0
C@CP 3413 0.12908941 -0.276277904 -0.0147538987 0 0 0
C@CP 3414 0.360689912 0.140184112 -0.101446909 0 0 0
C@CP 3415 -0.257456574 -0.0897259568 0.154205114 0 0 0
C@CP 3416 0.19566695 0.103573121 -0.123125036 0 0 0
C@CP 3417 -0.145276284 -0.252332779 0.154655648 0 0 0
C@CP 3418 0.371470942 -0.109804976 0.0975337519 0 0 0
C@CP 3419 -0.00363656393 -0.0961888794 0.444792915 0 0 0
C@CP 3420 0.0506633575 0.153801765 0.41792876 0 0 0
C@CP 3421 0.32584048 -0.149279467 -0.127287358 0 0 0
C@CP 3422 0.0826327141 0.0381240535 0.342279911 0 0 0
C@CP 3423 0.0100291304 0.203842827 0.223777043 0 0 0
C@CP 3424 0.135841548 0.0232876918 0.279509656 0 0 0
C@CP 3425 -0.357148812 0.293117299 -0.119283538 0 0 0
C@CP 3426 0.214115416 -0.325879165 -0.212134331 0 0 0
C@CP 3427 -0.145982916 -0.240840653 -0.334354745 0 0 0
C@CP 3428 0.155331559 0.182440038 0.237372533 0 0 0
C@CP 3429 0.0923306761 0.271406539 -0.208780527 0 0 0
C@CP 3430 -0.368780624 -0.0313707908 0.227810227 0 0 0
C@CP 3431 0.361083084 -0.0468363256 -0.069628953 0 0 0
C@CP 3432 0.102545663 -0.0385467275 -0.411469125 0 0 0
C@CP 3433 -0.195338618 -0.399524056 -0.0449428728 0 0 0
C@CP 3434 -0.419110878 0.144924581 0.146690922 0 0 0
C@CP 3435 0.128529174 0.433535938 0.0211049855 0 0 0
C@CP 3436 -0.161267087 -0.156455074 0.266701602 0 0 0
C@CP 3437 -0.319180854 -0.0739495323 0.0838415922 0 0 0
C@CP 3438 -0.23895805 0.135643561 0.0487179805 0 0 0
C@CP 3439 -0.33191276 -0.0221217483 0.241858672 0 0 0
C@CP 3440 -0.0980004218 0.248106253 0.10368074 0 0 0
C@CP 3441 0.133553471 -0.163537498 -0.0404393799 0 0 0
C@CP 3442 -0.365923728 -0.107723358 0.116500602 0 0 0
C@CP 3443 -0.318798216 0.214901455 -0.00194657235 0 0 0
C@CP 3444 -0.120285067 0.312916487 0.135874038 0 0 0
C@CP 3445 0.280654157 0.18295586 0.128256821 0 0 0
C@CP 3446 -0.181635211 -0.0425720979 0.130815934 0 0 0
C@CP 3447 -0.109818059 0.0453427061 0.270927294 0 0 0
C@CP 3448 0.223185408 0.140381518 -0.0289031617 0 0 0
C@CP 3449 -0.15801943 0.405742355 0.151227698 0 0 0
C@CP 3450 -0.203546098 -0.12093931 -0.21801592 0 0 0
C@CP 3451 0.155047537 -0.35631466 0.0278963589 0 0 0
C@CP 3452 0.00956160258 0.14751001 -0.275922909 0 0 0
C@CP 3453 0.151858251 0.193994802 -0.181579635 0 0 0
C@CP 3454 0.0779230371 0.338569378 -0.315850717 0 0 0
C@CP 3455 0.328536073 -0.0668565731 0.265870107 0 0 0
C@CP 3456 0.159401772 -0.254712258 -0.0541330789 0 0 0
C@CP 3457 0.248504576 0.325383083 0.171634749 0 0 0
C@CP 3458 0.107145828 0.150989048 -0.150873998 0 0 0
C@CP 3459 0.0263103491 0.18291095 0.197122027 0 0 0
C@CP 3460 0.00855844612 -0.418479329 0.195860032 0 0 0
C@CP 3461 0.314155334 0.297710093 -0.115230695 0 0 0
C@CP 3462 -0.265610291 0.0529844676 -0.170309392 0 0 0
C@CP 3463 -0.311445739 0.169259652 0.0201415983 0 0 0
C@CP 3464 -0.209382877 0.0727235952 -0.144076777 0 0 0
C@CP 3465 -0.361755084 -0.0843129463 0.144187784 0 0 0
C@CP 3466 0.0433270036 -0.319910644 -0.145635982 0 0 0
C@CP 3467 -0.151716664 0.40740235 -0.0969197201 0 0 0
C@CP 3468 -0.352718429 0.250651907 0.127843372 0 0 0
C@CP 3469 0.220859631 0.15012017 -0.0129591363 0 0 0
C@CP 3470 -0.182070843 0.0574991443 -0.293043913 0 0 0
C@CP 3471 -0.399531176 -0.117846811 0.0907775246 0 0 0
C@CP 3472 0.184828738 0.421746257 -0.0198870899 0 0 0
C@CP 3473 0.0383301449 0.382824556 -0.261899511 0 0 0
C@CP 3474 0.0276468818 0.0193539529 0.349411636 0 0 0
C@CP 3475 -0.241968768 0.039942051 0.325219141 0 0 0
C@CP 3476 0.344840675 -0.130543717 0.0981121718 0 0 0
C@CP 3477 0.284721833 -0.0811788418 0.30428419 0 0 0
C@CP 3478 0.132505798 0.374408014 0.1600663 0 0 0
C@CP 3479 -0.21625593 0.182817951 0.100395586 0 0 0
C@CP 3480 0.232173174 0.270331358 0.088452051 0 0 0
C@CP 3481 0.110164807 0.0107015453 -0.418672523 0 0 0
C@CP 3482 -0.0536582804 -0.032286815 0.0914575783 0 0 0
C@CP 3483 0.367560119 -0.227584566 0.108273659 0 0 0
C@CP 3484 0.0191681538 -0.0635421229 -0.297662644 0 0 0
C@CP 3485 0.0444140871 0.0698520793 0.428474837 0 0 0
C@CP 3486 0.302873531 -0.196304824 -0.0847093453 0 0 0
C@CP 3487 -0.0541434482 0.407898373 0.0352801068 0 0 0
C@CP 3488 0.335677327 -0.138217088 -0.0119540049 0 0 0
C@CP 3489 0.392237323 -0.087217103 0.0849604976 0 0 0
C@CP 3490 0.21623959 -0.184957654 -0.378964237 0 0 0
C@CP 3491 0.018191592 -0.176270667 -0.201203914 0 0 0
C@CP 3492 -0.267776117 -0.0564530712 0.0558225174 0 0 0
C@CP 3493 -0.167779029 0.0383054822 -0.0663602827 0 0 0
C@CP 3494 0.140736003 -0.347582206 -0.024584672 0 0 0
C@CP 3495 -0.142672752 -0.239831797 -0.339476374 0 0 0
C@CP 3496 0.213423809 -0.199497788 0.192591887 0 0 0
C@CP 3497 -0.117194712 0.346270495 -0.237801034 0 0 0
C@CP 3498 0.155511126 -0.110378637 0.0792943265 0 0 0
C@CP 3499 -0.296064641 -0.298914583 0.158664172 0 0 0
B@CP 3501 -0.0141244178 0.381777299 0.21510858 0 0 0
C@CP 3502 -0.33059272 -0.120794461 0.256284088 0 0 0
