B@CP 1000 -0.22497907 0.0392453218 -0.0708741988 0 0 0
B@CP 1002 -0.250380158 0.0137711995 -0.314795399 0 0 0
B@CP 1003 -0.342267211 -0.188649254 -0.0351713297 0 0 0
B@CP 1004 0.216944426 -0.0765332423 0.101846786 0 0 0
B@CP 1005 0.264985296 -0.149330174 -0.358788297 0 0 0
B@CP 1006 0.259679545 -0.0279962505 0.0822275219 0 0 0
B@CP 1007 0.0381300188 0.0470543569 -0.19714387 0 0 0
B@CP 1012 -0.177646517 0.153282828 0.376218308 0 0 0
B@CP 1016 -0.15151414 0.407810678 0.188065841 0 0 0
B@CP 1020 0.140340818 -0.253196667 -0.101197041 0 0 0
B@CP 1022 -0.306964668 -0.0410113357 0.095738936 0 0 0
B@CP 1024 -0.397418396 0.157795433 0.0242927744 0 0 0
B@CP 1030 0.256978025 -0.0557665075 0.00776714687 0 0 0
B@CP 1031 0.0349908554 0.322082739 -0.0456525866 0 0 0
B@CP 1040 0.269144427 -0.085451583 -0.261853695 0 0 0
B@CP 1041 0.307098144 -0.0263090885 -0.228862428 0 0 0
B@CP 1042 -0.0608911256 0.0824379839 0.114239312 0 0 0
B@CP 1044 0.114068787 -0.400910286 -0.00147136245 0 0 0
B@CP 1053 0.35618621 -0.0276168688 -0.208098111 0 0 0
B@CP 1054 -0.165627255 0.233566094 0.214563455 0 0 0
B@CP 1055 0.166408742 -0.140432237 0.213789384 0 0 0
B@CP 1059 -0.363643995 -0.147080323 -0.101758646 0 0 0
B@CP 1061 -0.333381377 -0.147503822 0.0707915374 0 0 0
B@CP 1065 0.256887126 -0.173052441 0.193724873 0 0 0
B@CP 1066 -0.102637471 -0.271764846 0.302772062 0 0 0
B@CP 1070 0.277408418 -0.154918115 -0.328724105 0 0 0
B@CP 1073 0.339754675 0.290653777 -0.0954657488 0 0 0
B@CP 1074 0.0645238199 -0.00211936428 -0.370798125 0 0 0
B@CP 1077 -0.170031155 -0.106880919 -0.0134042718 0 0 0
B@CP 1080 -0.199578364 0.373784848 0.0932884455 0 0 0
B@CP 1081 0.155249033 -0.32571726 -0.113451015 0 0 0
B@CP 1083 0.12409907 -0.124009503 -0.0296963269 0 0 0
B@CP 1088 0.310072037 -0.00177395888 0.144785154 0 0 0
B@CP 1092 0.0726316485 -0.12913577 -0.110603625 0 0 0
B@CP 1093 0.231772169 0.233567193 -0.15631494 0 0 0
B@CP 1096 0.245100999 -0.10401415 0.0299840891 0 0 0
B@CP 1100 -0.17238618 -0.13606561 -0.0893100361 0 0 0
B@CP 1103 -0.0853354261 -0.0353299922 -0.403468368 0 0 0
B@CP 1105 0.228143115 0.0263674062 -0.343490747 0 0 0
B@CP 1106 -0.376931438 -0.224763601 -0.00589007198 0 0 0
B@CP 1109 0.155384072 -0.275758318 -0.108028902 0 0 0
B@CP 1110 0.0921519061 0.408151719 -0.222231725 0 0 0
B@CP 1117 -0.309205851 0.171733964 0.180997247 0 0 0
B@CP 1122 0.104561604 -0.210616642 -0.37314766 0 0 0
B@CP 1126 0.106632736 0.0798638648 0.128671887 0 0 0
B@CP 1127 0.244545713 -0.255389015 0.150480308 0 0 0
B@CP 1128 -0.398900965 0.0759062562 0.219103615 0 0 0
B@CP 1130 -0.0315137404 -0.00633427501 0.328139197 0 0 0
B@CP 1131 0.274053515 -0.0835944155 0.0431921856 0 0 0
B@CP 1138 -0.120647474 -0.17230927 0.02152508 0 0 0
B@CP 1147 0.239994617 -0.223064317 -0.0161092387 0 0 0
B@CP 1148 -0.0322058767 0.376568759 -0.0824598515 0 0 0
B@CP 1149 0.019071921 -0.236952019 0.177793137 0 0 0
B@CP 1151 -0.124999058 0.138081555 0.253225778 0 0 0
B@CP 1160 0.213220973 -0.284105188 0.241764972 0 0 0
B@CP 1161 0.366475634 0.141743416 -0.155546003 0 0 0
B@CP 1164 0.101567232 -0.0719185345 0.248093953 0 0 0
B@CP 1165 -0.125827298 0.205780101 -0.139234569 0 0 0
B@CP 1170 -0.294631914 0.295180703 -0.0521985002 0 0 0
B@CP 1178 -0.0694118692 -0.118872891 0.0647063465 0 0 0
B@CP 1185 -0.241531576 0.0687698492 0.18660476 0 0 0
B@CP 1186 -0.0379719406 0.0133725576 -0.315574922 0 0 0
B@CP 1188 -0.299868988 0.141777192 0.177309591 0 0 0
B@CP 1192 -0.069819087 0.0706473476 0.175929324 0 0 0
B@CP 1194 0.0574630892 0.176148883 0.403796524 0 0 0
B@CP 1196 0.0600533514 0.0624016703 0.0688166814 0 0 0
B@CP 1198 0.199586244 0.373277948 -0.124308572 0 0 0
B@CP 1199 -0.400281681 -0.0449431478 -0.0528314592 0 0 0
B@CP 1202 -0.0158103922 0.350758435 0.063051197 0 0 0
B@CP 1208 0.331210724 0.209364167 0.0169245309 0 0 0
B@CP 1209 -0.125443011 0.213316778 0.222725736 0 0 0
B@CP 1212 0.183518733 -0.200285799 -0.145515118 0 0 0
B@CP 1217 0.334729951 0.24187557 0.0566929257 0 0 0
B@CP 1220 0.333352612 0.0252536023 -0.228087688 0 0 0
B@CP 1222 0.261254982 0.0188579309 -0.0741630798 0 0 0
B@CP 1226 -0.307727615 0.174500458 0.0921368623 0 0 0
B@CP 1227 -0.109976415 0.0845603687 0.204989854 0 0 0
B@CP 1228 0.0742173037 -0.359027011 0.297223598 0 0 0
B@CP 1229 0.331084187 0.186742033 0.24143562 0 0 0
B@CP 1234 -0.175632877 -0.338154198 -0.0467210873 0 0 0
B@CP 1239 0.077498662 -0.113577089 -0.0893369108 0 0 0
B@CP 1246 0.127599743 0.126434903 -0.404610735 0 0 0
B@CP 1249 -0.075560448 0.115442561 0.309994474 0 0 0
B@CP 1250 -0.380172066 -0.176798352 -0.160791137 0 0 0
B@CP 1252 -0.0926827439 0.0999327896 -0.376480806 0 0 0
B@CP 1254 0.00717772183 -0.162443485 -0.0126587537 0 0 0
B@CP 1265 0.175381633 0.191379876 -0.379719833 0 0 0
B@CP 1267 0.0491146498 0.290789218 -0.319092961 0 0 0
B@CP 1268 -0.125062961 0.0659573597 -0.0994647046 0 0 0
B@CP 1270 0.324244219 0.0585656582 0.110260097 0 0 0
B@CP 1273 0.415785014 -0.0784219733 0.197781798 0 0 0
B@CP 1279 0.319086165 -0.310909598 -0.0934158533 0 0 0
B@CP 1281 0.167204116 0.353082967 0.148085558 0 0 0
B@CP 1282 -0.118399177 0.0475494891 0.334757211 0 0 0
B@CP 1287 0.325777665 -0.0454103669 -0.249761453 0 0 0
B@CP 1290 0.0981137082 -0.296232676 0.345853162 0 0 0
B@CP 1291 0.401967737 0.0979392209 -0.210390587 0 0 0
B@CP 1292 -0.175513613 0.0266603757 0.367830757 0 0 0
B@CP 1296 0.365501449 0.0694381424 -0.106341087 0 0 0
B@CP 1297 -0.0799540219 0.210952528 -0.339984141 0 0 0
B@CP 1298 0.407370819 0.137914221 0.146285409 0 0 0
B@CP 1299 0.0551740808 -0.0651695802 0.327867886 0 0 0
B@CP 1301 -0.231418137 0.279041281 0.0684492539 0 0 0
B@CP 1304 -0.0676594725 0.00147830034 -0.185108995 0 0 0
B@CP 1305 -0.176180434 0.219129337 -0.0404841232 0 0 0
B@CP 1306 0.0356034476 -0.0504855457 0.0287866765 0 0 0
B@CP 1311 -0.2220224 0.191693259 0.160117047 0 0 0
B@CP 1314 0.248657781 0.32699442 -0.178131798 0 0 0
B@CP 1319 -0.222073931 -0.339498149 -0.197283749 0 0 0
B@CP 1320 -0.22202148 -0.0527598409 0.0664923949 0 0 0
B@CP 1325 0.351583936 -0.0286241879 0.299586063 0 0 0
B@CP 1327 -0.341688497 0.143235 -0.253608132 0 0 0
B@CP 1330 -0.26133445 -0.0949425367 -0.247773612 0 0 0
B@CP 1340 -0.298055534 -0.163525506 -0.177067256 0 0 0
B@CP 1341 -0.0671193079 -0.268555757 0.221878427 0 0 0
B@CP 1348 0.130918211 0.020313349 0.235369222 0 0 0
B@CP 1350 0.276291334 -0.142210368 -0.237367884 0 0 0
B@CP 1351 -0.332600917 -0.276563551 -0.158264813 0 0 0
B@CP 1354 -0.079134766 0.0282274139 -0.0244527985 0 0 0
B@CP 1359 0.194564026 -0.120000894 0.301633531 0 0 0
B@CP 1360 -0.120860543 0.120948194 0.336178699 0 0 0
B@CP 1365 0.0481428113 0.277182765 -0.282354096 0 0 0
B@CP 1370 0.204785184 -0.127283329 0.334493907 0 0 0
B@CP 1371 0.156894609 0.23851929 0.242315872 0 0 0
B@CP 1373 -0.358365353 0.0231482205 -0.0907009037 0 0 0
B@CP 1376 -0.170891596 0.424864059 0.0133707076 0 0 0
B@CP 1380 -0.35832941 -0.242036963 -0.149836838 0 0 0
B@CP 1387 0.0904458396 0.227906761 0.232709011 0 0 0
B@CP 1390 0.270218174 0.257467171 0.260509739 0 0 0
B@CP 1394 -0.0640342142 -0.353979645 -0.0934848752 0 0 0
B@CP 1398 -0.151789932 0.0216364263 0.128497939 0 0 0
B@CP 1400 0.229503856 -0.0520864434 0.242159891 0 0 0
B@CP 1402 -0.219463591 0.165924203 0.349346604 0 0 0
B@CP 1405 -0.135058246 -0.102554023 -0.361229108 0 0 0
B@CP 1406 -0.155194511 -0.00734885232 0.278221171 0 0 0
B@CP 1407 -0.00929276373 0.224210368 0.111356243 0 0 0
B@CP 1409 0.2495432 -0.093144063 -0.383501769 0 0 0
B@CP 1415 -0.0546426904 0.202215851 0.322230358 0 0 0
B@CP 1418 0.138304635 -0.37526805 0.0455819553 0 0 0
B@CP 1423 -0.0933399292 0.202101383 0.170009499 0 0 0
B@CP 1429 -0.102138291 -0.132649482 0.428842456 0 0 0
B@CP 1430 -0.223448206 0.254786847 0.223957945 0 0 0
B@CP 1432 -0.0211781698 0.0241068235 -0.334189414 0 0 0
B@CP 1433 0.278647479 0.195469161 0.0512368157 0 0 0
B@CP 1434 -0.395908937 0.207564655 -0.0571243561 0 0 0
B@CP 1436 0.368921513 0.0383148791 -0.217409317 0 0 0
B@CP 1437 0.0815332053 -0.22484931 -0.173088666 0 0 0
B@CP 1444 0.113079472 0.165021835 0.105131536 0 0 0
B@CP 1445 0.387163249 0.178255376 -0.0474915619 0 0 0
B@CP 1446 -0.278835318 -0.14262307 -0.246260039 0 0 0
B@CP 1447 0.0777674176 0.426665026 -0.106309117 0 0 0
B@CP 1453 -0.0892930766 0.0878043187 0.36517898 0 0 0
B@CP 1454 -0.128766228 0.164836933 -0.167387556 0 0 0
B@CP 1455 -0.224520817 0.0686384196 0.251311871 0 0 0
B@CP 1456 -0.232580278 0.124892406 0.0175903561 0 0 0
B@CP 1460 -0.129062804 0.105788982 0.310604735 0 0 0
B@CP 1462 0.15753587 0.17710913 -0.377223759 0 0 0
B@CP 1464 -0.0644603205 0.0766144875 0.245669856 0 0 0
B@CP 1469 -0.0840176711 0.339608833 0.138730141 0 0 0
B@CP 1472 -0.138046874 0.370863798 0.229805249 0 0 0
B@CP 1473 0.26214048 -0.22498966 0.0495570026 0 0 0
B@CP 1474 -0.205579272 -0.0359137862 -0.121403673 0 0 0
B@CP 1475 -0.0286568603 0.282095182 0.296057044 0 0 0
B@CP 1477 0.229376027 -0.195870526 0.259227534 0 0 0
B@CP 1479 0.279515164 -0.0767285632 0.236946798 0 0 0
B@CP 1485 0.135596156 0.144150179 -0.0855040025 0 0 0
B@CP 1488 -0.164548072 0.0745529628 0.175905795 0 0 0
B@CP 1493 -0.298382075 -0.135934055 0.274239259 0 0 0
B@CP 1495 -0.116263261 0.0117511466 0.20954217 0 0 0
B@CP 1496 0.219868647 -0.0912816617 -0.10290958 0 0 0
B@CP 1498 0.229435552 -0.283513142 0.0816989809 0 0 0
B@CP 1499 -0.0443278837 -0.30560758 0.336913946 0 0 0
B@CP 1501 -0.145890347 0.0967243928 -0.130182021 0 0 0
B@CP 1507 0.111453448 0.0667554111 0.182062887 0 0 0
B@CP 1509 0.249069103 -0.10856013 0.183216156 0 0 0
B@CP 1517 0.0708338669 -0.275885943 0.247298068 0 0 0
B@CP 1522 -0.185454259 0.142298675 0.0793283234 0 0 0
B@CP 1526 0.313930243 -0.140131269 -0.289337459 0 0 0
B@CP 1528 -0.0397887771 -0.128492156 -0.00338071618 0 0 0
B@CP 1534 0.0664505644 -0.354772622 0.196322739 0 0 0
B@CP 1536 -0.0897329578 0.0919584317 0.0680083637 0 0 0
B@CP 1539 0.0701024291 0.0311604287 0.251115602 0 0 0
B@CP 1541 0.257949519 0.0734596528 0.372439751 0 0 0
B@CP 1545 -0.0425458172 -0.26620314 0.183572059 0 0 0
B@CP 1556 0.277874011 0.129962107 0.352239501 0 0 0
B@CP 1560 0.0798234129 -0.244377761 0.203753042 0 0 0
B@CP 1562 0.0286410826 0.29238905 -0.377658795 0 0 0
B@CP 1564 -0.230800203 -0.186072947 -0.000505383728 0 0 0
B@CP 1566 -0.0926040368 -0.336730664 -0.289895901 0 0 0
B@CP 1567 -0.0719721541 0.245217252 0.248594511 0 0 0
B@CP 1568 -0.203481465 -0.149933501 0.0202487107 0 0 0
B@CP 1569 -0.364723493 0.0757007422 -0.171970891 0 0 0
B@CP 1573 -0.155977437 0.154569379 -0.417441909 0 0 0
B@CP 1580 -0.409868884 -0.0796528539 0.112278151 0 0 0
B@CP 1581 0.126795533 -0.330987656 0.194388806 0 0 0
B@CP 1582 -0.368536317 0.132141814 0.226871764 0 0 0
B@CP 1583 -0.446343965 0.0267472226 -0.0747238533 0 0 0
B@CP 1587 -0.211463226 0.288827639 -0.04285761 0 0 0
B@CP 1593 0.0697216029 -0.0652214236 -0.0292028738 0 0 0
B@CP 1600 0.110074706 0.17017451 0.351035366 0 0 0
B@CP 1601 -0.244288596 -0.0970975603 0.363323744 0 0 0
B@CP 1603 0.109856841 0.0226410269 0.144434844 0 0 0
B@CP 1605 0.107728364 -0.265268655 0.0851004064 0 0 0
B@CP 1607 0.170616775 0.211111866 -0.36577414 0 0 0
B@CP 1609 0.0612568461 -0.138529449 -0.0492380225 0 0 0
B@CP 1614 -0.225297771 -0.194851092 0.244174084 0 0 0
B@CP 1615 0.126512378 0.00128900992 0.149597476 0 0 0
B@CP 1618 -0.288019038 0.0356765956 0.0845194247 0 0 0
B@CP 1626 0.110235299 -0.333583902 -0.289083348 0 0 0
B@CP 1634 0.347811001 0.0407587125 -0.0972020481 0 0 0
B@CP 1639 -0.0902555655 -0.163033065 0.0458027294 0 0 0
B@CP 1640 0.212747261 0.0191696893 0.287137734 0 0 0
B@CP 1649 0.0915068722 0.233248024 -0.376378033 0 0 0
B@CP 1653 -0.315492382 -0.289316065 -0.0651025139 0 0 0
B@CP 1660 -0.0446339871 0.119738428 -0.0750940585 0 0 0
B@CP 1666 0.256639923 -0.101407653 0.088681896 0 0 0
B@CP 1667 -0.134088827 0.0914822864 -0.30438317 0 0 0
B@CP 1668 0.299230877 -0.16897414 -0.0102906428 0 0 0
B@CP 1670 0.208963882 -0.0743757195 0.162219189 0 0 0
B@CP 1671 -0.338249325 0.242555504 -0.0333500008 0 0 0
B@CP 1675 -0.336375983 0.183394281 0.00593193469 0 0 0
B@CP 1677 -0.101662822 -0.0767932568 -0.222817436 0 0 0
B@CP 1679 0.303228132 -0.214322659 0.216796286 0 0 0
B@CP 1682 -0.259261964 0.192995275 -0.282779729 0 0 0
B@CP 1686 0.0131366232 -0.128347753 0.0132866793 0 0 0
B@CP 1687 -0.0276863282 -0.049762273 -0.393455556 0 0 0
B@CP 1690 0.165982592 -0.204201822 -0.0759304548 0 0 0
B@CP 1695 0.0243784041 0.270842283 0.265246073 0 0 0
B@CP 1701 0.115310839 -0.197016248 -0.128613868 0 0 0
B@CP 1703 0.30262231 0.164368151 -0.157917908 0 0 0
B@CP 1706 -0.385938579 -0.0701480349 0.0860728561 0 0 0
B@CP 1707 -0.297266839 0.185667796 0.231310335 0 0 0
B@CP 1711 -0.339731657 -0.0590667824 0.318462901 0 0 0
B@CP 1712 0.288897916 0.162691294 0.1929656 0 0 0
B@CP 1716 0.0365544959 -0.20242728 -0.279813137 0 0 0
B@CP 1719 0.0462617632 0.052055794 -0.440095694 0 0 0
B@CP 1720 0.195853395 -0.240049323 0.132618852 0 0 0
B@CP 1722 0.175902776 0.33420045 0.210180565 0 0 0
B@CP 1726 -0.0114573474 -0.289059547 -0.0624979971 0 0 0
B@CP 1728 -0.31419982 0.0629922496 0.136613504 0 0 0
B@CP 1733 -0.160796718 -0.0993254898 -0.304734371 0 0 0
B@CP 1735 0.373246406 0.0661145403 0.240255618 0 0 0
B@CP 1740 0.0359924054 0.324276096 0.284288911 0 0 0
B@CP 1743 0.0921288602 0.179385009 0.184750616 0 0 0
B@CP 1746 0.232632414 -0.336938319 -0.0876664282 0 0 0
B@CP 1748 -0.155308007 -0.308125206 0.282553272 0 0 0
B@CP 1749 -0.134000412 -0.17707111 0.168107532 0 0 0
B@CP 1750 0.0946440618 -0.0265449397 -0.435194583 0 0 0
B@CP 1752 0.0954696808 -0.171269451 0.215301387 0 0 0
B@CP 1753 0.219241887 -0.00839842824 0.0671405141 0 0 0
B@CP 1756 0.395118346 0.0456624776 0.104750934 0 0 0
B@CP 1758 0.00849843604 0.0266019854 0.317221841 0 0 0
B@CP 1766 0.084940032 -0.339612522 0.269356959 0 0 0
B@CP 1768 0.215490279 -0.158929794 -0.362061908 0 0 0
B@CP 1769 -0.259463062 -0.391431153 -0.0552561705 0 0 0
B@CP 1770 -0.215939378 0.313895101 0.166524224 0 0 0
B@CP 1775 0.268377703 0.108083061 -0.341615414 0 0 0
B@CP 1776 0.187616616 -0.276501887 0.101933508 0 0 0
B@CP 1780 0.0389057928 0.00164379459 0.0703665543 0 0 0
B@CP 1782 0.375336743 0.136960515 -0.0939759868 0 0 0
B@CP 1783 -0.208500827 0.0842107193 0.34821778 0 0 0
B@CP 1788 0.289121149 0.0669694871 -0.359785815 0 0 0
B@CP 1792 -0.0632333941 0.0897168374 -0.300805845 0 0 0
B@CP 1795 -0.201033038 0.289435515 -0.170305019 0 0 0
B@CP 1797 -0.226090942 -0.163528474 -0.315448374 0 0 0
B@CP 1798 -0.152674176 0.232560022 -0.279922069 0 0 0
B@CP 1799 0.371052624 0.142032564 -0.189669941 0 0 0
B@CP 1802 -0.317743362 -0.168723869 0.156735404 0 0 0
B@CP 1803 0.155816529 0.146801564 -0.190430366 0 0 0
B@CP 1807 0.0129843653 -0.175911481 -0.302155651 0 0 0
B@CP 1812 0.126320512 0.285037183 -0.191590365 0 0 0
B@CP 1813 -0.148440245 0.291560976 0.00208578359 0 0 0
B@CP 1822 0.204656396 -0.0514802514 0.293027381 0 0 0
B@CP 1824 -0.377683027 0.155633981 -0.0652703772 0 0 0
B@CP 1832 -0.041995421 0.304311545 0.0781682059 0 0 0
B@CP 1833 -0.144080467 0.266282172 0.144473658 0 0 0
B@CP 1839 -0.403661558 -0.143316154 0.0994911009 0 0 0
B@CP 1844 0.262978666 -0.281242151 0.0687210212 0 0 0
B@CP 1845 0.258791165 -0.0369667728 0.223448521 0 0 0
B@CP 1849 0.129557059 -0.326166062 0.273574346 0 0 0
B@CP 1853 0.0468692611 -0.0349214181 0.053667662 0 0 0
B@CP 1857 0.14600067 -0.0777118972 0.238084175 0 0 0
B@CP 1859 -0.0406251583 0.108087054 0.109523453 0 0 0
B@CP 1860 -0.326434762 -0.168957925 -0.0431288345 0 0 0
B@CP 1861 0.283314588 0.259301949 0.107124948 0 0 0
B@CP 1863 -0.1301964 0.0645830005 -0.345444586 0 0 0
B@CP 1864 0.323141305 -0.133362119 -0.134612498 0 0 0
B@CP 1865 0.0377008917 -0.252268347 -0.208794108 0 0 0
B@CP 1871 0.261770893 -0.12729398 -0.352970869 0 0 0
B@CP 1875 -0.097014156 0.151205722 0.0980016163 0 0 0
B@CP 1877 -0.0600484268 0.0309733753 0.177539105 0 0 0
B@CP 1880 0.133227265 0.398706559 0.109439033 0 0 0
B@CP 1884 0.248467773 -0.353980537 -0.0696935562 0 0 0
B@CP 1885 0.225738888 -0.0799312591 -0.0920401541 0 0 0
B@CP 1892 -0.0336541239 0.381690233 0.238555262 0 0 0
B@CP 1893 0.194708439 0.221773828 0.118146628 0 0 0
B@CP 1895 0.132970886 0.0169905083 -0.299852844 0 0 0
B@CP 1896 0.118562604 -0.248385654 -0.29885571 0 0 0
B@CP 1898 -0.329330542 -0.0935439286 0.285808273 0 0 0
B@CP 1903 0.12389086 0.407412503 0.213796341 0 0 0
B@CP 1906 -0.119468699 0.402184474 -0.0711189269 0 0 0
B@CP 1909 0.109903243 0.145480869 -0.0290676381 0 0 0
B@CP 1911 0.38841598 0.140669659 0.0161562644 0 0 0
B@CP 1912 -0.420650904 0.0357114114 -0.0710239135 0 0 0
B@CP 1920 0.41661252 0.117898437 -0.100940239 0 0 0
B@CP 1921 -0.122736557 0.0577162807 0.393476626 0 0 0
B@CP 1922 -0.318160015 -0.010285435 -0.00509090009 0 0 0
B@CP 1926 0.0896064062 0.358628621 -0.227439515 0 0 0
B@CP 1936 -0.16177042 -0.00255252759 -0.274049088 0 0 0
B@CP 1939 -0.34953471 -0.121421851 0.230000927 0 0 0
B@CP 1940 -0.053258705 0.0515931569 0.0937384378 0 0 0
B@CP 1944 0.112312487 0.155872121 -0.0560646507 0 0 0
B@CP 1948 -0.204060069 -0.157180208 -0.189528871 0 0 0
B@CP 1949 -0.10458607 0.222404803 -0.0723228944 0 0 0
B@CP 1951 0.0609797536 -0.052241567 0.360253846 0 0 0
B@CP 1953 -0.0758461653 0.312655277 -0.134082192 0 0 0
B@CP 1955 -0.0783593395 0.137142726 0.272760638 0 0 0
B@CP 1966 -0.314947456 0.0414355012 -0.0392824923 0 0 0
B@CP 1968 0.0896892346 -0.409101108 0.188430591 0 0 0
B@CP 1969 0.111753677 0.110246608 -0.169932746 0 0 0
B@CP 1970 0.249623108 -0.258119251 -0.215735384 0 0 0
B@CP 1972 0.412541662 -0.0397110494 0.107232524 0 0 0
B@CP 1974 0.387502621 -0.0513195479 0.238612534 0 0 0
B@CP 1976 0.211026436 0.103361422 -0.226268054 0 0 0
B@CP 1980 -0.294100619 -0.089210352 0.106492419 0 0 0
B@CP 1982 -0.092191385 -0.087814482 0.322417532 0 0 0
B@CP 1984 -0.195284504 -0.219358352 0.286041014 0 0 0
B@CP 1985 -0.278635835 0.157645499 0.354646224 0 0 0
B@CP 1989 0.438600938 0.0742933244 0.104345424 0 0 0
B@CP 1993 0.0582843953 0.123418233 -0.0681322581 0 0 0
B@CP 1999 -0.39354419 -0.184686501 0.0203754303 0 0 0
B@CP 2001 -0.376042698 0.236712629 0.0900531262 0 0 0
B@CP 2003 0.368875046 0.0131616902 0.215171656 0 0 0
B@CP 2004 -0.170398893 0.0201905211 -0.110355842 0 0 0
B@CP 2005 -0.224188481 -0.190537107 0.084801396 0 0 0
B@CP 2007 0.111628768 -0.305583516 0.135893606 0 0 0
B@CP 2010 -0.22727004 -0.256912881 -0.259416656 0 0 0
B@CP 2013 -0.0747679772 0.410588757 -0.161205039 0 0 0
B@CP 2020 0.228126728 -0.204209973 -0.249060897 0 0 0
B@CP 2022 0.0485638473 -0.295818128 -0.0363918931 0 0 0
B@CP 2028 0.0860814488 0.195662376 0.3051534 0 0 0
B@CP 2035 -0.27568447 -0.213390364 0.116621426 0 0 0
B@CP 2038 -0.028092337 0.124892065 0.223056295 0 0 0
B@CP 2039 0.275858147 -0.076564018 0.145311204 0 0 0
B@CP 2041 0.0632433572 -0.0343002228 0.415267086 0 0 0
B@CP 2043 0.0520683911 0.102195073 -0.261927865 0 0 0
B@CP 2046 -0.159127761 -0.132151479 -0.291701476 0 0 0
B@CP 2047 -0.344277413 -0.274719721 0.0723782637 0 0 0
B@CP 2057 0.0163583623 -0.260763208 0.245639024 0 0 0
B@CP 2061 0.0130112972 -0.126216746 -0.148247514 0 0 0
B@CP 2064 -0.29830025 0.155309047 -0.252404953 0 0 0
B@CP 2066 -0.270470414 -0.0302781418 0.0854204025 0 0 0
B@CP 2068 0.162452196 -0.0331264822 0.129837157 0 0 0
B@CP 2070 0.2332361 -0.188726873 -0.0600587947 0 0 0
B@CP 2071 0.0966495214 0.297397716 0.0591046825 0 0 0
B@CP 2073 0.299173782 0.00913604948 0.337023758 0 0 0
B@CP 2077 -0.128691733 -0.204522466 0.31791304 0 0 0
B@CP 2078 0.287356384 0.244190914 0.0154898786 0 0 0
B@CP 2079 0.0166631701 -0.079690286 0.00593554303 0 0 0
B@CP 2089 0.213282177 0.374005706 -0.141421178 0 0 0
B@CP 2090 -0.329666793 0.0477899481 0.156660379 0 0 0
B@CP 2093 -0.0962206452 0.018192486 0.385650951 0 0 0
B@CP 2094 -0.0746034866 0.260869506 0.22559888 0 0 0
B@CP 2098 0.155022328 0.114110292 0.420567264 0 0 0
B@CP 2102 -0.163737626 3.51095896e-05 -0.156777997 0 0 0
B@CP 2105 0.00238057409 0.389617982 0.00268477621 0 0 0
B@CP 2107 0.152521701 0.214563356 0.191563727 0 0 0
B@CP 2112 -0.351024951 0.0159571837 0.259241444 0 0 0
B@CP 2114 0.188766425 -0.164680186 -0.175698407 0 0 0
B@CP 2118 -0.246526973 0.174029079 -0.276948736 0 0 0
B@CP 2122 -0.0885454965 -0.298809593 0.213344373 0 0 0
B@CP 2126 0.390109829 -0.0831151406 -0.173239686 0 0 0
B@CP 2134 -0.251094304 0.0713219979 0.305635537 0 0 0
B@CP 2135 0.0909758178 -0.204294718 0.24203612 0 0 0
B@CP 2140 -0.0190491519 0.101128351 0.0929038204 0 0 0
B@CP 2143 0.229678235 -0.0661144118 -0.0245008381 0 0 0
B@CP 2151 -0.0102000207 -0.329952387 -0.199746858 0 0 0
B@CP 2152 -0.0101556176 -0.192889894 0.236578117 0 0 0
B@CP 2156 -0.321320524 -0.110767 -0.292691215 0 0 0
B@CP 2158 -0.174945885 -0.366360975 -0.0286971665 0 0 0
B@CP 2161 -0.0351728958 -0.175734978 0.213280053 0 0 0
B@CP 2163 -0.167203653 0.0716790349 -0.182562976 0 0 0
B@CP 2166 -0.239170626 0.0931256725 -0.180075814 0 0 0
B@CP 2170 -0.287314393 -0.127629803 -0.140395469 0 0 0
B@CP 2174 0.403465256 0.0180165418 -0.0544478517 0 0 0
B@CP 2179 0.321132723 0.0360243091 0.318533685 0 0 0
B@CP 2189 -0.32373647 0.211146415 -0.154401126 0 0 0
B@CP 2190 0.355804751 0.144327125 0.242159244 0 0 0
B@CP 2191 -0.069524095 -0.101055461 0.404483279 0 0 0
B@CP 2193 0.178260745 0.308013972 -0.00878153885 0 0 0
B@CP 2194 -0.0326646198 0.192602786 0.0520577137 0 0 0
B@CP 2198 0.169105729 0.120416313 -0.373620113 0 0 0
B@CP 2199 -0.0122542672 0.149243351 -0.0777011842 0 0 0
B@CP 2206 0.091901539 -0.331328123 -0.208920653 0 0 0
B@CP 2208 -0.198259888 0.293738387 0.268065037 0 0 0
B@CP 2211 0.292396741 -0.116921354 0.350825237 0 0 0
B@CP 2213 -0.146382183 -0.103199808 0.432092901 0 0 0
B@CP 2218 -0.0322470426 -0.380867421 0.180591063 0 0 0
B@CP 2220 0.00262044453 0.0914527672 0.0285347994 0 0 0
B@CP 2221 -0.0777957826 0.36193107 -0.249190089 0 0 0
B@CP 2224 0.00856406347 -0.122628844 -0.308353343 0 0 0
B@CP 2225 0.357440809 -0.161139727 0.242289863 0 0 0
B@CP 2227 0.0981226074 0.139495383 0.399303469 0 0 0
B@CP 2231 -0.115764125 -0.431585538 0.028354514 0 0 0
B@CP 2234 0.0771474348 -0.0936232746 0.45142428 0 0 0
B@CP 2236 -0.0918907989 -0.0936800502 0.371477491 0 0 0
B@CP 2242 -0.127773739 -0.433935436 0.00291004013 0 0 0
B@CP 2244 0.324751244 0.00365044459 0.0228969744 0 0 0
B@CP 2251 -0.182548741 0.118420085 -0.245705884 0 0 0
B@CP 2257 -0.313832828 -0.0580914354 0.158893558 0 0 0
B@CP 2258 0.134883983 -0.362658623 -0.23452812 0 0 0
B@CP 2262 -0.0282711529 0.366114481 -0.0751690757 0 0 0
B@CP 2264 -0.043448382 0.252944698 -0.056464517 0 0 0
B@CP 2265 -0.165219976 0.177873355 0.295851776 0 0 0
B@CP 2273 -0.0309668939 0.172356609 -0.0149551307 0 0 0
B@CP 2274 0.171513561 0.26984356 0.0183691488 0 0 0
B@CP 2284 0.450507905 0.0136103563 -0.0369476388 0 0 0
B@CP 2286 0.403972501 0.115665345 0.0970105249 0 0 0
B@CP 2288 0.143308497 -0.146010591 0.104821317 0 0 0
B@CP 2290 0.278611718 0.150801203 0.0448888772 0 0 0
B@CP 2291 0.212007094 0.266971435 0.268117604 0 0 0
B@CP 2293 0.300809945 0.065683702 0.218573194 0 0 0
B@CP 2295 0.0101194836 -0.232927082 0.205846245 0 0 0
B@CP 2297 0.364432581 -0.174155578 -0.144404394 0 0 0
B@CP 2298 -0.071369969 -0.211574803 -0.354160429 0 0 0
B@CP 2299 0.10387465 -0.372115582 -0.220113394 0 0 0
B@CP 2306 -0.0425679931 0.238790392 -0.0256562991 0 0 0
B@CP 2312 -0.134080806 -0.191945681 -0.135521961 0 0 0
B@CP 2313 0.0333131862 -0.130343135 0.0381186246 0 0 0
B@CP 2317 -0.362621582 -0.248697587 0.00498555371 0 0 0
B@CP 2318 -0.180201356 -0.37595842 -0.0549772979 0 0 0
B@CP 2322 0.0297375189 -0.393512916 -0.0997094046 0 0 0
B@CP 2324 0.351073937 -0.295136685 0.104388205 0 0 0
B@CP 2327 0.00507870175 -0.300889094 -0.135556071 0 0 0
B@CP 2330 0.240676896 0.059654966 0.304134307 0 0 0
B@CP 2334 -0.137063783 -0.196200568 -0.0440772022 0 0 0
B@CP 2335 0.330464492 0.0557748141 0.188029026 0 0 0
B@CP 2340 0.262067764 0.102784937 0.200340852 0 0 0
B@CP 2345 0.0479590086 -0.264107764 0.371341757 0 0 0
B@CP 2350 -0.0438721158 -0.0588577686 -0.391636561 0 0 0
B@CP 2354 -0.218211733 0.368651357 0.133515226 0 0 0
B@CP 2358 -0.164020478 0.392312611 0.133165005 0 0 0
B@CP 2359 0.15762519 0.333721875 -0.282194744 0 0 0
B@CP 2361 -0.423730405 -0.0318814527 -0.207852896 0 0 0
B@CP 2363 0.110653722 -0.0502256099 -0.201834957 0 0 0
B@CP 2364 0.170219193 0.33639147 0.0723308298 0 0 0
B@CP 2365 -0.124714574 -0.164111215 -0.01907446 0 0 0
B@CP 2366 -0.234100563 0.230797175 0.145557324 0 0 0
B@CP 2367 -0.266152132 0.0381839274 0.198600324 0 0 0
B@CP 2370 0.420462398 -0.0590922745 -0.0388126086 0 0 0
B@CP 2371 -0.0764959298 -0.366804181 0.281768731 0 0 0
B@CP 2376 0.259722882 -0.0835357557 0.158125503 0 0 0
B@CP 2383 -0.116171292 0.0895590803 0.43970785 0 0 0
B@CP 2384 0.0385752808 -0.144739753 -0.376267857 0 0 0
B@CP 2387 -0.034669308 -0.0629521334 -0.350768829 0 0 0
B@CP 2388 0.306872331 -0.193761634 0.0496192202 0 0 0
B@CP 2389 0.218061589 -0.0216124466 -0.347837279 0 0 0
B@CP 2390 -0.097124189 0.0514934477 0.410840619 0 0 0
B@CP 2397 0.324949283 -0.11168918 0.18068832 0 0 0
B@CP 2398 -0.329658119 -0.0688033426 -0.150256593 0 0 0
B@CP 2402 -0.196165886 -0.19673515 -0.00788399703 0 0 0
B@CP 2405 0.158001808 0.298827101 0.0773492565 0 0 0
B@CP 2409 -0.261260931 -0.0835440737 0.108662248 0 0 0
B@CP 2410 -0.0405773946 0.258104509 0.227927644 0 0 0
B@CP 2414 0.432217632 -0.06754787 -0.0146558379 0 0 0
B@CP 2415 -0.0584571959 -0.280128163 -0.298727174 0 0 0
B@CP 2417 -0.0676523698 0.264744156 0.111268008 0 0 0
B@CP 2418 0.0368133328 -0.267132103 -0.0161648334 0 0 0
B@CP 2419 -0.0992730793 0.208069717 0.194850691 0 0 0
B@CP 2422 -0.0984498052 -0.082508428 -0.0191952634 0 0 0
B@CP 2425 0.25682626 0.329286678 -0.0722186332 0 0 0
B@CP 2427 0.289820875 0.0163803339 0.245139808 0 0 0
B@CP 2428 0.0872716124 0.24922932 0.140683132 0 0 0
B@CP 2429 -0.365942014 0.111468381 0.133727897 0 0 0
B@CP 2430 -0.365128649 0.0375740413 -0.220714594 0 0 0
B@CP 2432 -0.0920449966 -0.0264792793 0.211978821 0 0 0
B@CP 2438 0.179192345 0.0922211803 -0.21340669 0 0 0
B@CP 2439 -0.34815094 -0.179043376 0.233588441 0 0 0
B@CP 2441 0.232844632 0.25414738 0.0587434999 0 0 0
B@CP 2450 0.303204673 0.294902595 0.182510798 0 0 0
B@CP 2456 -0.179028654 -0.0927674984 -0.286621223 0 0 0
B@CP 2460 0.369970827 0.0968961126 0.0261342575 0 0 0
B@CP 2461 -0.251527289 0.283440223 -0.0428138713 0 0 0
B@CP 2462 -0.442540226 0.119947443 -0.0472927549 0 0 0
B@CP 2464 -0.0254298673 -0.123809921 -0.161710099 0 0 0
B@CP 2465 0.0710422661 0.202833138 -0.0956406702 0 0 0
B@CP 2467 -0.0221127246 0.367979126 -0.246008923 0 0 0
B@CP 2475 0.178679185 -0.0552687633 -0.245229336 0 0 0
B@CP 2479 -0.427353202 -0.027345456 -0.147640153 0 0 0
B@CP 2482 0.119707972 0.283370174 0.121512515 0 0 0
B@CP 2491 0.371257784 -0.0165278859 0.226758875 0 0 0
B@CP 2492 -0.20743538 -0.346223446 -0.0835492213 0 0 0
B@CP 2494 0.181939551 0.108167968 0.220566079 0 0 0
B@CP 2496 -0.122456157 0.195147146 0.285862698 0 0 0
B@CP 2498 0.0549492498 0.0889939017 0.264582198 0 0 0
C@CP 2500 -0.010766243 0.355925199 0.19985266 0 0 0
C@CP 2501 -0.210509933 -0.235356557 0.315850456 0 0 0
C@CP 2502 0.25984825 0.168546108 -0.165287879 0 0 0
C@CP 2503 0.208776896 -0.239655859 -0.347348978 0 0 0
C@CP 2504 0.346324167 -0.0553660632 0.0534589139 0 0 0
C@CP 2505 -0.133031715 -0.350799182 0.109546869 0 0 0
C@CP 2506 -0.0414343991 0.268982927 -0.176926575 0 0 0
C@CP 2507 0.120939162 -0.244388218 0.133543554 0 0 0
C@CP 2508 0.0139155838 0.353606016 -0.0682066374 0 0 0
C@CP 2509 0.241676622 -0.286636499 -0.0101815554 0 0 0
C@CP 2510 -0.405757309 -0.109097512 -0.0371825267 0 0 0
C@CP 2511 -0.142274716 -0.0509786976 -0.129271115 0 0 0
C@CP 2512 -0.147307311 0.0607814069 0.270907244 0 0 0
C@CP 2513 0.165729639 0.0779014096 -0.274334959 0 0 0
C@CP 2514 -0.238109581 0.191997537 0.258953712 0 0 0
C@CP 2515 -0.226234423 0.241394648 0.20129696 0 0 0
C@CP 2516 -0.296547048 -0.146726166 -0.11487183 0 0 0
C@CP 2517 0.205661177 -0.254260431 0.180500376 0 0 0
C@CP 2518 -0.157206566 -0.0205925694 -0.369480755 0 0 0
C@CP 2519 0.0412184207 -0.387840569 0.156969353 0 0 0
C@CP 2520 0.038974783 0.33161184 -0.271540279 0 0 0
C@CP 2521 -0.312165257 0.0590304508 -0.115210384 0 0 0
C@CP 2522 -0.0305067175 -0.113387872 0.239429781 0 0 0
C@CP 2523 0.438266725 0.114830961 0.0293549066 0 0 0
C@CP 2524 0.346827275 -0.0267691766 0.0563356345 0 0 0
C@CP 2525 -0.260377577 0.134130356 -0.0756104443 0 0 0
C@CP 2526 -0.389215194 0.00915522874 -0.0930538657 0 0 0
C@CP 2527 -0.228050338 0.062457753 0.0274361624 0 0 0
C@CP 2528 0.0360712254 0.315590584 0.2290201 0 0 0
C@CP 2529 0.157669475 0.312892376 -0.229293861 0 0 0
C@CP 2530 -0.109175985 0.131837675 -0.408958029 0 0 0
C@CP 2531 0.172807316 0.106799903 -0.316439233 0 0 0
C@CP 2532 0.316761711 0.0615049257 0.311599512 0 0 0
C@CP 2533 0.263855591 0.185922254 0.349801207 0 0 0
C@CP 2534 0.0481301965 -0.265460916 -0.380238555 0 0 0
C@CP 2535 0.186063151 -0.130014176 0.31507384 0 0 0
C@CP 2536 -0.0593247973 -0.283316277 0.220776868 0 0 0
C@CP 2537 0.236827503 -0.167922461 -0.320939366 0 0 0
C@CP 2538 0.18606138 0.171089827 -0.373956906 0 0 0
C@CP 2539 0.0540051892 0.0153894368 0.238402668 0 0 0
C@CP 2540 0.36126365 -0.16392695 -0.247226898 0 0 0
C@CP 2541 -0.104017435 0.0825191467 0.26741709 0 0 0
C@CP 2542 0.410838097 0.134426966 0.186442337 0 0 0
C@CP 2543 0.0623783656 0.302746729 -0.0633287777 0 0 0
C@CP 2544 0.303058911 -0.180719237 0.0711688631 0 0 0
C@CP 2545 -0.192808165 0.0996302613 -0.121739076 0 0 0
C@CP 2546 -0.329091624 0.327066856 -0.0521577981 0 0 0
C@CP 2547 0.220108254 -0.341833377 -0.080148395 0 0 0
C@CP 2548 0.0361530738 0.251241995 0.175303341 0 0 0
C@CP 2549 -0.309136078 -0.0595749379 -0.059499747 0 0 0
C@CP 2550 0.0571170039 -0.0616631525 0.374640906 0 0 0
C@CP 2551 0.120647167 -0.223303372 0.143464896 0 0 0
C@CP 2552 0.260231035 0.00939683802 -0.140864837 0 0 0
C@CP 2553 0.0887049013 0.0498590623 0.185630996 0 0 0
C@CP 2554 0.363553993 -0.0197335279 -0.0105988795 0 0 0
C@CP 2555 -0.320049195 0.0471157536 -0.179153992 0 0 0
C@CP 2556 -0.0854142281 -0.113737512 -0.284378162 0 0 0
C@CP 2557 -0.222576071 -0.293385548 0.119065551 0 0 0
C@CP 2558 -0.14675936 0.146357534 -0.00690714134 0 0 0
C@CP 2559 -0.0789254419 -0.0140165649 -0.44526826 0 0 0
C@CP 2560 0.025999684 -0.0740623154 -0.358736207 0 0 0
C@CP 2561 -0.231114469 -0.247213915 0.227349007 0 0 0
C@CP 2562 0.0742725443 0.434639242 -0.0716917002 0 0 0
C@CP 2563 -0.0981438129 -0.0195271553 -0.403872144 0 0 0
C@CP 2564 0.056685894 -0.253668341 -0.362290386 0 0 0
C@CP 2565 -0.0126275758 -0.305020545 0.118365149 0 0 0
C@CP 2566 -0.241976575 0.0964051932 -0.136095682 0 0 0
C@CP 2567 0.3197298 0.123716803 -0.136481892 0 0 0
C@CP 2568 0.34624347 0.26420821 -0.1332997 0 0 0
C@CP 2569 0.182193552 -0.282103476 -0.153385982 0 0 0
C@CP 2570 0.165400364 0.328666705 0.216922249 0 0 0
C@CP 2571 -0.175010833 0.179833071 0.354382763 0 0 0
C@CP 2572 -0.0336445449 0.0233513926 0.146750709 0 0 0
C@CP 2573 -0.121004926 -0.332915856 -0.0459815086 0 0 0
C@CP 2574 0.17488939 -0.0385516561 -0.271193432 0 0 0
C@CP 2575 -0.109864326 0.144769999 -0.210323492 0 0 0
C@CP 2576 -0.221621937 -0.152285138 0.309516293 0 0 0
C@CP 2577 -0.203091312 -0.401532224 -0.0640332343 0 0 0
C@CP 2578 0.103888584 0.387392952 -0.217142528 0 0 0
C@CP 2579 -0.0936152764 -0.0248987093 -0.200368903 0 0 0
C@CP 2580 -0.248201147 0.195226661 0.0983394142 0 0 0
C@CP 2581 0.100928451 0.0034922956 -0.152024077 0 0 0
C@CP 2582 -0.228256282 -0.155513539 0.358507995 0 0 0
C@CP 2583 0.151581774 -0.398165429 -0.115537521 0 0 0
C@CP 2584 -0.0920533667 0.0198815445 0.351566251 0 0 0
C@CP 2585 -0.0886671428 0.194856773 -0.142846947 0 0 0
C@CP 2586 -0.0149744042 0.25152604 -0.20819208 0 0 0
C@CP 2587 -0.042199954 -0.244786943 0.378216381 0 0 0
C@CP 2588 -0.0391266533 0.00937997602 -0.297232789 0 0 0
C@CP 2589 -0.253260565 0.0649380798 -0.134586423 0 0 0
C@CP 2590 0.206003616 -0.274530277 0.179616082 0 0 0
C@CP 2591 -0.229138296 -0.187093648 -0.334414139 0 0 0
C@CP 2592 -0.153871496 -0.0918818644 0.199010607 0 0 0
C@CP 2593 0.342732517 0.0259833447 -0.0339369669 0 0 0
C@CP 2594 0.177086293 0.0155345683 0.106508757 0 0 0
C@CP 2595 0.319419485 -0.318311362 -0.00618581775 0 0 0
C@CP 2596 -0.318730835 0.066419118 0.281010726 0 0 0
C@CP 2597 -0.0617027811 0.0439285279 -0.141392245 0 0 0
C@CP 2598 0.448259265 0.108012279 -0.056714552 0 0 0
C@CP 2599 -0.0509041346 0.180734753 -0.284053495 0 0 0
C@CP 2600 -0.268814031 -0.0262274017 -0.124508512 0 0 0
C@CP 2601 0.148251836 0.217603017 0.241675353 0 0 0
C@CP 2602 0.0348629596 -0.142368888 0.308272375 0 0 0
C@CP 2603 0.238830103 -0.123097768 0.172727531 0 0 0
C@CP 2604 0.265206214 -0.0797107837 -0.120979769 0 0 0
C@CP 2605 0.0298230224 0.0929823561 0.328168939 0 0 0
C@CP 2606 0.179199716 0.0760964814 -0.237110906 0 0 0
C@CP 2607 -0.296174625 -0.186181096 0.0967357045 0 0 0
C@CP 2608 -0.267699743 0.263424115 -0.167817422 0 0 0
C@CP 2609 -0.0586096963 -0.16839624 0.113047135 0 0 0
C@CP 2610 -0.192877992 -0.251347774 0.182916603 0 0 0
C@CP 2611 -0.106964626 0.00406819917 -0.0863896218 0 0 0
C@CP 2612 0.120942893 -0.0619898304 0.193140255 0 0 0
C@CP 2613 0.227496551 -0.229501863 0.140457825 0 0 0
C@CP 2614 0.0863508936 -0.10213753 -0.0118345669 0 0 0
C@CP 2615 0.161856081 0.127329254 0.129388906 0 0 0
C@CP 2616 -0.0145806481 0.00633581003 0.141707539 0 0 0
C@CP 2617 0.301304268 -0.261917593 0.0325300604 0 0 0
C@CP 2618 0.301979209 -0.156392289 -0.139264449 0 0 0
C@CP 2619 0.0172203185 -0.298448335 0.0519556669 0 0 0
C@CP 2620 0.0413700529 -0.316963732 -0.28386329 0 0 0
C@CP 2621 -0.103623282 -0.320552421 0.0694377723 0 0 0
C@CP 2622 0.0390586416 -0.0522649735 -0.359252578 0 0 0
C@CP 2623 -0.141281715 0.212114307 0.180989913 0 0 0
C@CP 2624 -0.172894299 0.0392232171 0.242760147 0 0 0
C@CP 2625 -0.301701258 0.111399365 -0.187813722 0 0 0
C@CP 2626 -0.252501784 -0.136586663 -0.0331985678 0 0 0
C@CP 2627 -0.345946879 0.217029697 0.23106377 0 0 0
C@CP 2628 0.093774466 0.17324837 -0.252734705 0 0 0
C@CP 2629 -0.000710488414 -0.216838091 -0.23861053 0 0 0
C@CP 2630 0.155938441 0.188993009 0.0540135488 0 0 0
C@CP 2631 -0.0173092199 -0.427020875 0.114107682 0 0 0
C@CP 2632 -0.101940533 -0.259687849 -0.075822217 0 0 0
C@CP 2633 0.211599812 0.228243135 -0.260662141 0 0 0
C@CP 2634 0.0276014938 -0.267076193 0.198729224 0 0 0
C@CP 2635 0.0752732593 0.165425757 -0.22809633 0 0 0
C@CP 2636 -0.318197374 -0.0205550902 -0.205014779 0 0 0
C@CP 2637 -0.286160793 0.209743306 -0.110134318 0 0 0
C@CP 2638 0.0157555752 0.141159054 -0.269136384 0 0 0
C@CP 2639 0.280364631 -0.137716177 -0.137962875 0 0 0
C@CP 2640 -0.0993493519 0.124562774 -0.181208162 0 0 0
C@CP 2641 0.0880260334 0.283725981 0.103948954 0 0 0
C@CP 2642 0.293759447 0.164758935 0.0750803455 0 0 0
C@CP 2643 -0.0691345362 0.149816095 -0.00384188277 0 0 0
C@CP 2644 0.0499685387 -0.241882714 -0.36067437 0 0 0
C@CP 2645 0.14007181 -0.208362545 -0.156149147 0 0 0
C@CP 2646 -0.266237222 -0.15798819 -0.0333931378 0 0 0
C@CP 2647 -0.399444473 0.143740628 -0.147482034 0 0 0
C@CP 2648 -0.0481339328 0.21484053 0.310277808 0 0 0
C@CP 2649 -0.19816319 0.18908621 -0.116605418 0 0 0
C@CP 2650 0.232345045 -0.244621124 -0.185204149 0 0 0
C@CP 2651 -0.41365688 0.0432077028 -0.0837128784 0 0 0
C@CP 2652 0.0604712379 -0.183057863 0.243445898 0 0 0
C@CP 2653 -0.141704013 -0.303042304 -0.237396586 0 0 0
C@CP 2654 -0.297796142 0.148453794 0.126119057 0 0 0
C@CP 2655 -0.137364432 -0.0833731185 0.388856107 0 0 0
C@CP 2656 -0.238720236 -0.255965942 0.296614606 0 0 0
C@CP 2657 -0.353131333 0.242781008 -0.131535658 0 0 0
C@CP 2658 -0.063544115 -0.0614837704 0.334251694 0 0 0
C@CP 2659 0.193921632 0.0529869526 0.0597891215 0 0 0
C@CP 2660 -0.0673377832 -0.168021187 -0.363358399 0 0 0
C@CP 2661 0.146600327 -0.110584925 -0.405425625 0 0 0
C@CP 2662 0.0184220515 -0.184167592 0.107148098 0 0 0
C@CP 2663 -0.185516214 -0.0343143333 0.213046389 0 0 0
C@CP 2664 0.355871087 0.096227329 0.0519119244 0 0 0
C@CP 2665 -0.238477636 -0.109796931 -0.158487559 0 0 0
C@CP 2666 0.327101486 -0.14897093 0.251524148 0 0 0
C@CP 2667 0.220646863 -0.0985345643 -0.39888189 0 0 0
C@CP 2668 0.27019864 0.214709254 0.251158932 0 0 0
C@CP 2669 0.143698642 0.160656094 -0.209694013 0 0 0
C@CP 2670 -0.0808643869 0.290663672 0.0818553068 0 0 0
C@CP 2671 0.284224561 -0.0871788154 0.355563223 0 0 0
C@CP 2672 -0.0564456625 -0.356737479 -0.241320795 0 0 0
C@CP 2673 0.0206353274 -0.0271291145 -0.368333457 0 0 0
C@CP 2674 -0.220138108 -0.226649727 -0.0334874567 0 0 0
C@CP 2675 0.0197954614 -0.27986381 0.0790436555 0 0 0
C@CP 2676 0.188043748 -0.29535325 -0.286441918 0 0 0
C@CP 2677 -0.0493572079 0.120122203 0.00600057678 0 0 0
C@CP 2678 0.204633897 -0.0238738568 -0.26423378 0 0 0
C@CP 2679 -0.0924989854 -0.168806951 0.389903703 0 0 0
C@CP 2680 -0.0992066512 -0.32142401 0.0905729053 0 0 0
C@CP 2681 -0.30799866 -0.0418089792 -0.107219889 0 0 0
C@CP 2682 0.269268892 -0.18800606 0.0506993174 0 0 0
C@CP 2683 0.315066113 0.108416459 -0.13083952 0 0 0
C@CP 2684 -0.173442339 -0.18090646 -0.0258535104 0 0 0
C@CP 2685 0.0298656492 -0.161882313 0.097770018 0 0 0
C@CP 2686 0.144450187 0.276469653 0.010002039 0 0 0
C@CP 2687 -0.198486546 0.136404334 0.149206102 0 0 0
C@CP 2688 0.0435444117 0.0600702864 -0.0254994504 0 0 0
C@CP 2689 0.20106794 0.311284912 -0.096460683 0 0 0
C@CP 2690 0.0227003549 0.215640733 0.139071806 0 0 0
C@CP 2691 -0.0915375879 -0.183417875 -0.0200152932 0 0 0
C@CP 2692 0.28188221 -0.32589313 -0.0291237597 0 0 0
C@CP 2693 -0.243076604 -0.299542565 0.14581672 0 0 0
C@CP 2694 0.0726256219 0.0795978293 -0.0843273729 0 0 0
C@CP 2695 0.0266890661 0.314797509 -0.138477196 0 0 0
C@CP 2696 0.213442172 -0.194391351 -0.185651649 0 0 0
C@CP 2697 -0.21775424 0.372519456 0.0173347342 0 0 0
C@CP 2698 -0.1962358 0.181070953 -0.378096251 0 0 0
C@CP 2699 0.300255631 0.358500218 0.0567173961 0 0 0
C@CP 2700 -0.0813596508 0.273786733 -0.119121093 0 0 0
C@CP 2701 -0.164886947 -0.0370703537 0.401548226 0 0 0
C@CP 2702 0.290768626 -0.228643926 0.109219382 0 0 0
C@CP 2703 -0.158788582 -0.355588405 0.175394893 0 0 0
C@CP 2704 0.13691685 0.115460536 -0.423510901 0 0 0
C@CP 2705 -0.281244799 0.135138598 -0.26806717 0 0 0
C@CP 2706 0.108966274 -0.02219871 -0.0643821295 0 0 0
C@CP 2707 0.0105767908 -0.359665106 -0.286472355 0 0 0
C@CP 2708 -0.085693563 -0.180782549 0.164807673 0 0 0
C@CP 2709 -0.378203903 0.150664142 -0.140047554 0 0 0
C@CP 2710 0.167887019 0.299899967 0.123769595 0 0 0
C@CP 2711 -0.0522828829 -0.232160666 0.27822313 0 0 0
C@CP 2712 0.171584593 -0.153946548 0.0696637573 0 0 0
C@CP 2713 -0.328188186 0.128684087 -0.2990374 0 0 0
C@CP 2714 -0.0416195374 0.0877777687 0.239564626 0 0 0
C@CP 2715 -0.302185236 -0.0851615453 -0.247417311 0 0 0
C@CP 2716 -0.131318961 -0.133272092 0.170884255 0 0 0
C@CP 2717 0.389332393 -0.0804964332 0.14325001 0 0 0
C@CP 2718 0.282751902 -0.0864948408 0.355861061 0 0 0
C@CP 2719 -0.103780426 -0.438237053 0.104023318 0 0 0
C@CP 2720 0.165384026 -0.242999951 0.115515346 0 0 0
C@CP 2721 0.149599977 -0.0619243101 0.421101322 0 0 0
C@CP 2722 0.0268316094 0.0774045795 -0.264033792 0 0 0
C@CP 2723 -0.365898465 -0.132511721 -0.0962939583 0 0 0
C@CP 2724 -0.110634562 -0.136697682 -0.256553917 0 0 0
C@CP 2725 0.035248191 0.191927658 0.107530984 0 0 0
C@CP 2726 -0.0584977106 -0.146236814 -0.0930373753 0 0 0
C@CP 2727 0.0412849708 0.187728929 0.340354139 0 0 0
C@CP 2728 0.173511699 0.00192674092 0.405959284 0 0 0
C@CP 2729 0.344246958 -0.291418024 0.0623354745 0 0 0
C@CP 2730 0.089862344 -0.165737492 0.124269336 0 0 0
C@CP 2731 -0.327794064 -0.00942835213 -0.253031288 0 0 0
C@CP 2732 -0.294208746 0.275096303 -0.138618872 0 0 0
C@CP 2733 0.0265189283 -0.196819543 0.0214943363 0 0 0
C@CP 2734 -0.115552673 -0.144591485 0.124710838 0 0 0
C@CP 2735 0.354899865 -0.171595521 -0.204547213 0 0 0
C@CP 2736 0.183142827 -0.381603956 0.125812147 0 0 0
C@CP 2737 0.311191099 0.0515749488 -0.177483822 0 0 0
C@CP 2738 -0.0154737356 -0.081361723 -0.029776461 0 0 0
C@CP 2739 -0.182650179 -0.0598829079 -0.121304312 0 0 0
C@CP 2740 0.309377941 0.0546017272 0.250995252 0 0 0
C@CP 2741 0.166885363 0.111057739 0.337884936 0 0 0
C@CP 2742 -0.210353424 -0.31265734 -0.0422345368 0 0 0
C@CP 2743 -0.146656192 0.0994190247 -0.388039936 0 0 0
C@CP 2744 -0.00785317809 0.0831328776 0.164414753 0 0 0
C@CP 2745 0.314749012 -0.0979005478 -0.190701949 0 0 0
C@CP 2746 0.240913677 -0.193426476 -0.246290456 0 0 0
C@CP 2747 0.0501097467 -0.272382762 -0.160934998 0 0 0
C@CP 2748 -0.0802088679 -0.262537915 -0.167862936 0 0 0
C@CP 2749 -0.106817054 0.21036126 0.341937094 0 0 0
C@CP 2750 0.0285677966 -0.226107707 0.143692565 0 0 0
C@CP 2751 -0.00478107344 -0.0078009946 0.122057387 0 0 0
C@CP 2752 -0.101864033 0.0396797077 -0.392394152 0 0 0
C@CP 2753 0.0624764132 -0.142909942 -0.104402992 0 0 0
C@CP 2754 -0.010562815 0.0161847213 0.0519933576 0 0 0
C@CP 2755 -0.0150020459 -0.11856317 -0.362476663 0 0 0
C@CP 2756 -0.296394185 0.0484839367 -0.200503128 0 0 0
C@CP 2757 -0.233757784 -0.242895356 -0.237010021 0 0 0
C@CP 2758 0.137555156 0.0854004938 -0.114517229 0 0 0
C@CP 2759 0.0736224461 0.120456847 -0.119385645 0 0 0
C@CP 2760 -0.380542594 -0.0996013404 0.0280347902 0 0 0
C@CP 2761 -0.274481878 -0.322470294 -0.0123628758 0 0 0
C@CP 2762 0.306004177 0.0400738281 0.208188389 0 0 0
C@CP 2763 -0.1543252 0.00323732599 -0.188279525 0 0 0
C@CP 2764 -0.132274875 0.0597553896 -0.405112386 0 0 0
C@CP 2765 0.0597927668 0.263689389 -0.0710824555 0 0 0
C@CP 2766 0.323050549 -0.0518518368 0.300828355 0 0 0
C@CP 2767 -0.35783849 0.219257149 0.0369181525 0 0 0
C@CP 2768 0.312185476 -0.283594967 -0.040251116 0 0 0
C@CP 2769 -0.338701379 -0.242788646 -0.0539630877 0 0 0
C@CP 2770 0.0413540349 0.449001014 0.0426023071 0 0 0
C@CP 2771 0.0941278335 0.171089005 -0.273055932 0 0 0
C@CP 2772 0.237627759 -0.345454348 -0.109960151 0 0 0
C@CP 2773 0.0226637367 -0.244477355 -0.125294175 0 0 0
C@CP 2774 -0.0579625649 0.302653738 0.141607475 0 0 0
C@CP 2775 -0.295138502 0.223334274 -0.172928547 0 0 0
C@CP 2776 0.0235520908 -0.244036675 -0.311774898 0 0 0
C@CP 2777 -0.0876725248 -0.0336675391 0.241870914 0 0 0
C@CP 2778 0.0403122001 0.0157898924 0.00822269583 0 0 0
C@CP 2779 0.351996436 -0.163621425 -0.0248689596 0 0 0
C@CP 2780 0.049430217 0.126512104 -0.0129757261 0 0 0
C@CP 2781 -0.252522976 0.0794295411 -0.0584779232 0 0 0
C@CP 2782 0.00996407862 0.100203815 -0.289797757 0 0 0
C@CP 2783 0.115683843 -0.171978354 0.0509117508 0 0 0
C@CP 2784 0.0873204615 0.161689625 0.177762553 0 0 0
C@CP 2785 0.206430823 0.116356191 -0.164033445 0 0 0
C@CP 2786 0.14658397 -0.105301432 -0.280573247 0 0 0
C@CP 2788 -0.207805735 0.0661553244 0.0272759528 0 0 0
C@CP 2789 0.0544613689 0.238929759 -0.407408354 0 0 0
C@CP 2790 -0.18446414 -0.0775349995 0.143825483 0 0 0
C@CP 2791 -0.104141001 -0.218618406 -0.404894704 0 0 0
C@CP 2792 0.413066486 0.0340423127 0.065500277 0 0 0
C@CP 2793 0.224840908 -0.151963439 0.363985018 0 0 0
C@CP 2794 -0.186905879 -0.0591536268 -0.268935836 0 0 0
C@CP 2795 -0.286951397 -0.0231444072 -0.249294694 0 0 0
C@CP 2796 0.329038562 0.232322663 0.0323595252 0 0 0
C@CP 2797 -0.0719257258 -0.0136223856 -0.461434513 0 0 0
C@CP 2798 0.27668108 0.0138880695 0.269580734 0 0 0
C@CP 2799 0.0305403055 -0.147688163 -0.353295161 0 0 0
C@CP 2800 0.0982136408 0.196611626 0.4178205 0 0 0
C@CP 2801 -0.147430636 0.0981616931 0.170586306 0 0 0
C@CP 2802 -0.099210666 0.0528716888 0.389631748 0 0 0
C@CP 2803 0.0441320316 -0.169301977 -0.312573243 0 0 0
C@CP 2804 0.0837408654 0.353161522 0.116061566 0 0 0
C@CP 2805 0.321662928 -0.100206199 0.0231050444 0 0 0
C@CP 2806 -0.0881572347 -0.0309510664 0.411637635 0 0 0
C@CP 2807 0.26490433 -0.313550171 0.0149129199 0 0 0
C@CP 2808 -0.110590034 -0.331104163 0.0808076009 0 0 0
C@CP 2809 0.0930207451 -0.0224512565 -0.453522351 0 0 0
C@CP 2810 -0.25452205 0.129169743 0.195609435 0 0 0
C@CP 2811 0.274664748 -0.312749476 0.0241877796 0 0 0
C@CP 2812 0.127138731 -0.108960567 0.253775193 0 0 0
C@CP 2813 0.145430411 -0.195171102 -0.302338762 0 0 0
C@CP 2814 -0.165879166 0.356533595 -0.252365379 0 0 0
C@CP 2815 0.23406546 -0.170322043 -0.0581772194 0 0 0
C@CP 2816 0.154946365 0.131022308 0.135184966 0 0 0
C@CP 2817 -0.00306463272 0.0385455257 -0.315744928 0 0 0
C@CP 2818 0.165592934 -0.339261775 -0.131024625 0 0 0
C@CP 2819 0.36005656 0.239364117 -0.0481753255 0 0 0
C@CP 2820 0.421265231 0.0358990583 0.152211583 0 0 0
C@CP 2821 -0.364387992 0.0924752452 -0.209086127 0 0 0
C@CP 2822 0.202367943 0.365194323 -0.135124866 0 0 0
C@CP 2823 0.390344504 -0.192300561 0.133074346 0 0 0
C@CP 2824 -0.0495258555 0.274968316 -0.209278826 0 0 0
C@CP 2825 0.187735685 -0.21267861 -0.0978219024 0 0 0
C@CP 2826 0.0726666329 0.298278815 0.345968671 0 0 0
C@CP 2827 0.117323222 -0.103989124 -0.370140472 0 0 0
C@CP 2828 -0.173948162 0.373127453 -0.0190444749 0 0 0
C@CP 2829 0.076867187 0.145723042 -0.242216369 0 0 0
C@CP 2830 -0.190840722 0.0383891427 0.0964827775 0 0 0
C@CP 2831 0.329441782 -0.314469139 -0.00674082291 0 0 0
C@CP 2832 0.275836201 -0.187382682 0.138515767 0 0 0
C@CP 2833 -0.154542512 0.0729702864 0.358599242 0 0 0
C@CP 2834 -0.20278114 0.246430092 -0.260431466 0 0 0
C@CP 2835 -0.0918382572 0.219206684 -0.0311924571 0 0 0
C@CP 2836 0.104214685 -0.0638808069 0.32477182 0 0 0
C@CP 2837 0.26081209 0.28438351 -0.163452542 0 0 0
C@CP 2838 -0.326509812 -0.106730768 -0.046112658 0 0 0
C@CP 2839 0.230535258 0.33269901 0.10199618 0 0 0
C@CP 2840 0.107365653 0.327708287 -0.141484557 0 0 0
C@CP 2841 0.300958736 0.238579252 -0.0279433011 0 0 0
C@CP 2842 -0.336256497 0.272401565 0.0290027862 0 0 0
C@CP 2843 0.172752264 -0.297036185 0.239537107 0 0 0
C@CP 2844 -0.20975316 0.198574084 0.247011027 0 0 0
C@CP 2845 -0.0664281878 -0.205061188 -0.401746526 0 0 0
C@CP 2846 0.221482414 0.010377106 -0.0122784966 0 0 0
C@CP 2847 0.0542206278 0.101952429 -0.0252518039 0 0 0
C@CP 2848 -0.269155475 -0.334003156 0.122705983 0 0 0
C@CP 2849 0.00601667909 0.32592125 0.200153157 0 0 0
C@CP 2850 -0.137768144 -0.279816745 -0.0852148098 0 0 0
C@CP 2851 0.393864 0.219453711 0.148524071 0 0 0
C@CP 2852 -0.302970297 0.344221839 0.0445752575 0 0 0
C@CP 2853 -0.0888792549 0.0907130633 -0.29630917 0 0 0
C@CP 2854 -0.337985255 -0.153446255 0.0852322806 0 0 0
C@CP 2855 0.155133227 0.321515408 0.0214515906 0 0 0
C@CP 2856 -0.214520048 0.333143352 0.0428594156 0 0 0
C@CP 2857 0.00473065574 0.214349239 -0.285615416 0 0 0
C@CP 2858 0.057222433 -0.0521664494 0.399172101 0 0 0
C@CP 2859 -0.0912056402 -0.100358719 0.254619588 0 0 0
C@CP 2860 -0.107397267 -0.00982107467 -0.255235709 0 0 0
C@CP 2861 -0.0134814845 0.00221684015 0.217137423 0 0 0
C@CP 2862 0.199633633 -0.136853569 -0.326786294 0 0 0
C@CP 2863 0.0278779771 -0.0964101834 -0.37532658 0 0 0
C@CP 2864 0.00446984252 0.339872185 -0.13990914 0 0 0
C@CP 2865 0.175977154 -0.138995617 -0.208318641 0 0 0
C@CP 2866 0.0309930805 -0.239338177 -0.154041698 0 0 0
C@CP 2867 0.219366895 -0.307377045 0.124950819 0 0 0
C@CP 2868 -0.39364992 0.024156385 -0.112140444 0 0 0
C@CP 2869 0.103674212 -0.18266797 -0.0968821174 0 0 0
C@CP 2870 0.245525418 -0.169633403 -0.0422991582 0 0 0
C@CP 2871 0.273832242 -0.395213725 -0.0261571795 0 0 0
C@CP 2872 -0.0304259722 0.011232341 0.261083621 0 0 0
C@CP 2873 0.0102773817 0.32235147 -0.282124666 0 0 0
C@CP 2874 0.119628273 0.206758955 -0.224768876 0 0 0
C@CP 2875 0.164993503 -0.0257637584 -0.0197636773 0 0 0
C@CP 2876 -0.00922809096 -0.244521261 0.199180857 0 0 0
C@CP 2877 -0.0270746818 -0.366871645 -0.0437291114 0 0 0
C@CP 2878 0.127618237 0.0841856441 -0.206302702 0 0 0
C@CP 2879 0.367502788 -0.108621341 -0.186766104 0 0 0
C@CP 2880 0.00359942014 0.293617877 0.281420414 0 0 0
C@CP 2881 -0.263014423 0.219546776 0.147736646 0 0 0
C@CP 2882 -0.258739258 -0.223489076 0.0176122431 0 0 0
C@CP 2883 -0.0298054589 -0.238020257 -0.105666908 0 0 0
C@CP 2884 -0.0558413651 -0.00346406055 0.0839951846 0 0 0
C@CP 2885 -0.0776837434 0.0279128932 -0.178265993 0 0 0
C@CP 2886 0.180075339 0.201821969 0.259727155 0 0 0
C@CP 2887 -0.307928465 0.232833954 -0.182650862 0 0 0
C@CP 2888 -0.310739527 0.0871279779 -0.272584135 0 0 0
C@CP 2889 -0.329507307 -0.278904548 0.0571258449 0 0 0
C@CP 2890 0.136055079 -0.289495797 0.192224606 0 0 0
C@CP 2891 0.0845421492 0.204632502 0.354618731 0 0 0
C@CP 2892 -0.349074446 -0.211975162 0.135599549 0 0 0
C@CP 2893 -0.00118272273 -0.0633633638 0.404315632 0 0 0
C@CP 2894 -0.349187792 -0.0366272333 -0.0405066296 0 0 0
C@CP 2895 0.349570588 0.0737477532 -0.292939189 0 0 0
C@CP 2896 0.130704159 0.258076439 0.201281364 0 0 0
C@CP 2897 0.30130845 -0.106886702 -0.077640799 0 0 0
C@CP 2898 0.24613319 -0.133788622 -0.258307214 0 0 0
C@CP 2899 0.218189324 0.010394055 -0.395273699 0 0 0
C@CP 2900 0.0927186325 -0.222369334 -0.0861875978 0 0 0
C@CP 2901 0.161008908 0.172043904 -0.142935409 0 0 0
C@CP 2902 0.412861403 -0.205742484 0.0931481286 0 0 0
C@CP 2903 -0.237657165 -0.0820734168 0.205808174 0 0 0
C@CP 2904 -0.389914819 -0.20618007 0.110489574 0 0 0
C@CP 2905 0.456927585 0.00714752325 -0.124922721 0 0 0
C@CP 2906 -0.241539612 0.369680923 -0.0797760251 0 0 0
C@CP 2907 -0.233819481 0.203602527 -0.332228114 0 0 0
C@CP 2908 -0.176026992 0.206258444 -0.100011945 0 0 0
C@CP 2909 0.110647016 -0.11571437 0.100029302 0 0 0
C@CP 2910 0.456767179 0.0440777574 -0.0524854803 0 0 0
C@CP 2911 -0.28718752 -0.0147662516 0.172880296 0 0 0
C@CP 2912 0.291923133 0.0616766751 -0.106845186 0 0 0
C@CP 2913 -0.249782037 -0.183718844 0.068118114 0 0 0
C@CP 2914 0.270002044 -0.182783474 -0.0178983162 0 0 0
C@CP 2915 0.210995076 -0.190088327 -0.32853436 0 0 0
C@CP 2916 0.385258752 0.02757207 -0.0104122774 0 0 0
C@CP 2917 0.322509222 0.0668574006 0.312060492 0 0 0
C@CP 2918 0.250404526 -0.145514248 -0.116280197 0 0 0
C@CP 2919 0.325780841 0.297481164 0.0304572922 0 0 0
C@CP 2920 -0.427788404 -0.091619577 -0.0962658942 0 0 0
C@CP 2921 -0.316754612 0.161835553 0.245977359 0 0 0
C@CP 2922 0.0663615025 0.239279966 -0.403757143 0 0 0
C@CP 2923 -0.204814909 -0.223468424 -0.220224225 0 0 0
C@CP 2924 -0.15137933 0.230796235 0.371100525 0 0 0
C@CP 2925 -0.376405769 -0.0750018183 -0.186666994 0 0 0
C@CP 2926 0.208160678 -0.0842669835 -0.094099527 0 0 0
C@CP 2927 -0.0632026647 0.254813826 0.329567315 0 0 0
C@CP 2928 0.0794573321 -0.301260403 -0.178422988 0 0 0
C@CP 2929 0.0308106602 0.178770281 0.362706552 0 0 0
C@CP 2930 0.391961761 0.0734419695 -0.253605876 0 0 0
C@CP 2931 -0.0898816081 0.423002748 -0.13986551 0 0 0
C@CP 2933 0.0548835713 0.0723520432 -0.415461876 0 0 0
C@CP 2934 -0.306118918 -0.184354075 -0.019372204 0 0 0
C@CP 2935 0.00489701716 -0.0431113468 0.462913385 0 0 0
C@CP 2936 0.0513392356 0.0890349908 -0.353933212 0 0 0
C@CP 2937 -0.00914516553 -0.108904418 -0.0860993896 0 0 0
C@CP 2938 -0.142935499 -0.232643659 -0.217316804 0 0 0
C@CP 2939 -0.037414531 -0.00590327169 0.428450808 0 0 0
C@CP 2940 -0.122838757 -0.388144552 -0.115898845 0 0 0
C@CP 2941 -0.130174314 -0.118985604 0.160297993 0 0 0
C@CP 2942 -0.23533179 -0.12338792 0.344452574 0 0 0
C@CP 2943 0.210266309 0.0411315966 0.404505227 0 0 0
C@CP 2944 -0.253500118 -0.184882694 0.109212998 0 0 0
C@CP 2945 0.257516051 -0.0934472273 -0.376621628 0 0 0
C@CP 2946 -0.0304089179 -0.416360806 0.154890879 0 0 0
C@CP 2947 0.00650316196 0.302926685 0.187445247 0 0 0
C@CP 2948 0.285304358 -0.35654234 -0.0853880128 0 0 0
C@CP 2949 0.0051615847 0.0226148011 0.359264338 0 0 0
C@CP 2950 0.243424297 -0.0313850435 0.167474842 0 0 0
C@CP 2951 -0.36849691 0.137789477 0.232162416 0 0 0
C@CP 2952 -0.291708232 0.324008593 0.0844864894 0 0 0
C@CP 2953 0.329321716 0.269011563 -0.102041873 0 0 0
C@CP 2954 0.211836374 0.0947120699 -0.154761137 0 0 0
C@CP 2955 0.189623663 -0.0507401896 -0.143204194 0 0 0
C@CP 2956 0.393444262 -0.234471949 0.156505753 0 0 0
C@CP 2957 -0.00638087262 -0.152906284 -0.430400722 0 0 0
C@CP 2958 0.0977213491 0.0210352974 -0.187437051 0 0 0
C@CP 2959 0.284239563 -0.251700793 0.0250385319 0 0 0
C@CP 2960 0.193156239 -0.188825592 -0.371221649 0 0 0
C@CP 2961 0.0253597867 0.35523449 0.159487453 0 0 0
C@CP 2962 -0.190803176 0.0619863137 0.371456639 0 0 0
C@CP 2963 -0.106130633 -0.022945294 -0.411690584 0 0 0
C@CP 2964 -0.235830742 -0.240617969 0.0106600421 0 0 0
C@CP 2965 -0.196590493 -0.185997806 0.227034636 0 0 0
C@CP 2966 0.289857499 0.351565957 -0.0441718517 0 0 0
C@CP 2967 0.00634412697 0.426168111 0.169509975 0 0 0
C@CP 2968 -0.234439446 -0.055394499 -0.06009885 0 0 0
C@CP 2969 0.445860724 0.0333603541 -0.0983143175 0 0 0
C@CP 2970 0.105005242 -0.149856643 -0.295232553 0 0 0
C@CP 2971 0.32617616 -0.16509426 -0.273151022 0 0 0
C@CP 2972 0.0147409446 -0.207963433 -0.234611813 0 0 0
C@CP 2973 0.374102514 -0.132641885 -0.219527849 0 0 0
C@CP 2974 0.0431837784 -0.293826226 -0.363184419 0 0 0
C@CP 2975 0.327921271 0.139114544 0.230235674 0 0 0
C@CP 2976 0.303569502 0.155560758 -0.321644503 0 0 0
C@CP 2977 0.402064122 -0.109815372 -0.0314783508 0 0 0
C@CP 2978 -0.3091927 -0.128358209 0.0584375366 0 0 0
C@CP 2979 0.298899093 -0.00659634845 0.284403693 0 0 0
C@CP 2980 -0.211903474 -0.191535842 0.331086562 0 0 0
C@CP 2981 0.238209285 -0.328162463 -0.0102105098 0 0 0
C@CP 2982 0.319493854 0.225344857 -0.0990606169 0 0 0
C@CP 2983 0.352425171 -0.115593621 0.263892815 0 0 0
C@CP 2984 0.0704176715 0.274422281 -0.148210492 0 0 0
C@CP 2985 0.0456082188 0.265184741 -0.312630171 0 0 0
C@CP 2986 0.022381284 -0.0521661879 -0.0427599591 0 0 0
C@CP 2987 -0.30877581 -0.0139158228 0.137789218 0 0 0
C@CP 2988 -0.163431006 -0.240746962 0.084536492 0 0 0
C@CP 2989 0.108050745 -0.0724947403 -0.00517859913 0 0 0
C@CP 2990 0.0326630373 0.0912113982 0.0115209712 0 0 0
C@CP 2991 0.163861201 -0.19805499 -0.374900215 0 0 0
C@CP 2992 0.101404864 0.358082898 0.0487602938 0 0 0
C@CP 2993 -0.216615083 -0.33087443 -0.231520965 0 0 0
C@CP 2994 -0.317119348 -0.265786844 0.00962530657 0 0 0
C@CP 2995 0.114202577 -0.0590537033 0.0567359253 0 0 0
C@CP 2996 -0.00579030684 0.113523751 -0.322831728 0 0 0
C@CP 2997 0.0110000208 -0.205443193 0.36507131 0 0 0
C@CP 2998 -0.0545708379 -0.205404791 -0.163697353 0 0 0
C@CP 2999 -0.0107532843 -0.166576643 -0.370367788 0 0 0
C@CP 3000 0.0318029619 0.458939388 0.0562358628 0 0 0
C@CP 3001 0.0305554638 0.437028044 0.14104739 0 0 0
C@CP 3002 0.0313870125 -0.299935918 0.0392946669 0 0 0
C@CP 3003 -0.0577184325 -0.17904006 0.137878722 0 0 0
C@CP 3004 -0.118768789 -0.0456248947 0.409692135 0 0 0
C@CP 3005 0.422304132 -0.098610586 0.17893493 0 0 0
C@CP 3006 0.116600639 -0.299288217 0.318073834 0 0 0
C@CP 3007 0.242677105 -0.110781859 0.163965877 0 0 0
C@CP 3008 0.240433697 0.283417303 -0.254222738 0 0 0
C@CP 3009 -0.187582928 0.206410029 -0.040073545 0 0 0
C@CP 3010 -0.118778683 0.271017843 0.017907284 0 0 0
C@CP 3011 0.13174515 0.332436571 0.0145577662 0 0 0
C@CP 3012 0.232870865 0.181008277 -0.144959027 0 0 0
C@CP 3013 -0.233414219 0.201287971 -0.193883535 0 0 0
C@CP 3014 -0.103070112 -0.0994303252 -0.0486715896 0 0 0
C@CP 3015 0.0325249184 -0.251202072 0.301645178 0 0 0
C@CP 3016 0.0449008136 0.0252367301 0.359315694 0 0 0
C@CP 3017 0.039707156 -0.246303533 -0.172826584 0 0 0
C@CP 3018 -0.00016521948 0.169540367 0.43867194 0 0 0
C@CP 3019 0.0947358216 0.312946793 0.272391716 0 0 0
C@CP 3020 0.0637520803 -0.440906539 0.0900880657 0 0 0
C@CP 3021 0.240934811 0.298969286 -0.105476016 0 0 0
C@CP 3022 -0.107672231 0.25673504 -0.158082539 0 0 0
C@CP 3023 -0.0983351018 -0.127881577 -0.329919597 0 0 0
C@CP 3024 -0.145581739 0.148415386 -0.111955156 0 0 0
C@CP 3025 -0.238946255 -0.264551622 -0.0204644603 0 0 0
C@CP 3026 -0.0461814557 0.268907479 0.147687701 0 0 0
C@CP 3027 -0.0206664715 -0.362997346 -0.187909381 0 0 0
C@CP 3028 -0.344948806 0.237730181 0.0606223669 0 0 0
C@CP 3029 -0.29174066 -0.275777687 0.173249528 0 0 0
C@CP 3030 -0.146401203 0.226848492 -0.0798071394 0 0 0
C@CP 3031 -0.379846658 0.24960416 -0.156995339 0 0 0
C@CP 3032 0.0989748995 -0.112803564 0.24509372 0 0 0
C@CP 3033 0.428084789 0.0260305635 0.196656575 0 0 0
C@CP 3034 0.0843203804 0.280085535 -0.236973104 0 0 0
C@CP 3035 0.18364001 0.0507069695 0.219842189 0 0 0
C@CP 3036 -0.0412474828 0.293486466 0.318752757 0 0 0
C@CP 3037 0.0694230621 -0.0217977186 -0.301271757 0 0 0
C@CP 3038 -0.234481399 0.273202308 -0.214732083 0 0 0
C@CP 3039 -0.376246805 0.186820105 -0.0800183492 0 0 0
C@CP 3040 0.292679429 -0.027759103 -0.0832326547 0 0 0
C@CP 3041 -0.225598207 0.395139703 -0.0824151501 0 0 0
C@CP 3042 0.259137188 0.0111018658 0.0058828744 0 0 0
C@CP 3043 -0.404100185 -0.0932099484 0.1936955 0 0 0
C@CP 3044 -0.384305703 -0.053116071 0.156749112 0 0 0
C@CP 3045 0.0196961624 -0.46586656 0.0550556813 0 0 0
C@CP 3046 -0.048806161 0.416246648 0.0376664335 0 0 0
C@CP 3047 0.165921075 -0.398576352 0.0361344653 0 0 0
C@CP 3048 -0.197165966 0.101009433 0.291279752 0 0 0
C@CP 3049 -0.301619966 -0.323450411 -0.104588383 0 0 0
C@CP 3050 -0.242276776 0.361182925 0.130115793 0 0 0
C@CP 3051 -0.266372181 0.235720979 0.247363829 0 0 0
C@CP 3052 -0.187487072 0.36016752 -0.00743789151 0 0 0
C@CP 3053 0.405518014 0.111752648 0.178807379 0 0 0
C@CP 3054 0.0732866151 0.266363245 0.151775589 0 0 0
C@CP 3055 -0.176220756 -0.223745419 0.213591832 0 0 0
C@CP 3056 0.119391164 0.119760607 0.363762763 0 0 0
C@CP 3057 0.107519464 -0.115552902 0.0993254284 0 0 0
C@CP 3058 0.314257865 0.195143384 -0.278088319 0 0 0
C@CP 3059 0.0029174935 0.343175898 -0.0632662794 0 0 0
C@CP 3060 -0.276300457 0.209834671 0.122782553 0 0 0
C@CP 3061 -0.0162774463 -0.058984799 -0.0417293391 0 0 0
C@CP 3062 -0.357782721 0.148572035 0.032697923 0 0 0
C@CP 3063 -0.425897186 0.154646906 0.114106147 0 0 0
C@CP 3064 -0.266172971 -0.120301797 0.376760137 0 0 0
C@CP 3065 -0.00399476981 -0.120780277 -0.165988213 0 0 0
C@CP 3066 -0.274327143 -0.358549585 0.01447261 0 0 0
C@CP 3067 0.0793406048 0.136650999 -0.261834582 0 0 0
C@CP 3068 -0.306781876 -0.131052654 0.19703738 0 0 0
C@CP 3069 0.0708443031 0.39464057 0.168364569 0 0 0
C@CP 3070 -0.403290678 0.133693428 0.0365630875 0 0 0
C@CP 3071 0.302614406 0.320263219 -0.0160554544 0 0 0
C@CP 3072 0.176923761 -0.152671139 0.107788081 0 0 0
C@CP 3073 -0.39298529 0.0719731952 -0.0119957457 0 0 0
C@CP 3074 -0.390682702 -0.0648638894 -0.188605487 0 0 0
C@CP 3075 0.108038326 0.432414197 -0.00269140064 0 0 0
C@CP 3076 0.182927749 -0.139753051 0.0747163798 0 0 0
C@CP 3077 -0.373928165 0.212338478 -0.036258303 0 0 0
C@CP 3078 -0.265128768 -0.18800761 -0.00199452587 0 0 0
C@CP 3079 0.27553144 -0.218425865 0.0362642125 0 0 0
C@CP 3081 -0.150300888 -0.104930883 0.110795979 0 0 0
C@CP 3082 -0.124679782 -0.4239994 0.00692783906 0 0 0
C@CP 3083 -0.294763222 0.0501790781 0.00811996822 0 0 0
C@CP 3084 -0.16977033 -0.361761967 0.0870312115 0 0 0
C@CP 3085 -0.182397956 -0.385058403 0.221163661 0 0 0
C@CP 3086 0.154813961 -0.352624925 -0.194245724 0 0 0
C@CP 3087 0.118064877 -0.0474750605 -0.0415223528 0 0 0
C@CP 3088 -0.0935907606 -0.0147933035 0.164700245 0 0 0
C@CP 3089 0.0384016827 0.149404558 -0.245366555 0 0 0
C@CP 3090 -0.157780723 0.170752091 0.280584225 0 0 0
C@CP 3091 0.0189406494 -0.0598920932 -0.414276893 0 0 0
C@CP 3092 -0.409605697 -0.0134928155 0.191526814 0 0 0
C@CP 3093 0.226965206 -0.303136933 -0.201998196 0 0 0
C@CP 3094 0.133603261 -0.311903915 -0.310799927 0 0 0
C@CP 3095 0.218779875 0.358826482 -0.139251661 0 0 0
C@CP 3096 -0.347113923 -0.00247324567 0.153090986 0 0 0
C@CP 3097 -0.256176483 0.202247943 0.177165638 0 0 0
C@CP 3098 -0.282896195 0.064044564 0.169407721 0 0 0
C@CP 3099 0.20629368 -0.193873915 -0.203061975 0 0 0
C@CP 3100 0.18811213 -0.146303967 0.143412543 0 0 0
C@CP 3101 0.122223479 0.320958214 -0.228793176 0 0 0
C@CP 3102 -0.161462488 0.29864364 0.0676505724 0 0 0
C@CP 3103 0.093514914 0.0361768001 -0.0813119974 0 0 0
C@CP 3104 0.201891759 -0.238439163 -0.266283082 0 0 0
C@CP 3105 0.221497298 0.0853103176 0.228889838 0 0 0
C@CP 3106 -0.306549333 0.0260556159 0.286088705 0 0 0
C@CP 3107 -0.276259612 0.0584810727 -0.124117356 0 0 0
C@CP 3108 -0.312489358 0.137646444 -0.22467361 0 0 0
C@CP 3109 0.177876138 0.187477702 -0.26624859 0 0 0
C@CP 3110 0.171123083 -0.240888702 0.267565513 0 0 0
C@CP 3111 0.10434694 -0.0581949516 -0.392840404 0 0 0
C@CP 3112 0.329358284 0.2615069 -0.0121163806 0 0 0
C@CP 3113 0.0645066987 0.0910870951 -0.427381142 0 0 0
C@CP 3114 0.392095525 -0.210338414 0.170304167 0 0 0
C@CP 3115 0.142833288 0.103497705 0.151843127 0 0 0
C@CP 3116 -0.199531847 -0.206567351 0.289103952 0 0 0
C@CP 3117 -0.371883322 -0.168707862 0.216902259 0 0 0
C@CP 3118 0.211675352 0.268914432 0.0407644801 0 0 0
C@CP 3119 0.135895785 0.0111635056 0.406975029 0 0 0
C@CP 3120 0.116668317 -0.230554191 0.103377241 0 0 0
C@CP 3121 0.124450657 0.0759634405 -0.210493692 0 0 0
C@CP 3122 -0.118041383 0.365562885 0.234105252 0 0 0
C@CP 3123 0.0418972082 -0.314586383 0.120493216 0 0 0
C@CP 3124 0.0570364066 -0.396239567 -0.153511819 0 0 0
C@CP 3125 -0.0226227074 -0.0120290656 -0.0961204281 0 0 0
C@CP 3126 0.266475485 -0.134425554 -0.171884512 0 0 0
C@CP 3127 0.0317182281 0.0442805274 0.340451252 0 0 0
C@CP 3128 -0.370824985 -0.18678278 -0.207531051 0 0 0
C@CP 3129 -0.0202722115 -0.145206045 -0.0718033317 0 0 0
C@CP 3130 -0.0225467124 -0.112854279 0.124098188 0 0 0
C@CP 3131 -0.0888255612 -0.140312204 0.234379549 0 0 0
C@CP 3132 -0.389518657 -0.0411348043 0.247896817 0 0 0
C@CP 3133 0.0715337543 0.288312366 0.0412751083 0 0 0
C@CP 3134 -0.369432461 -0.0877621037 0.250675232 0 0 0
C@CP 3135 0.291944242 -0.250704581 0.114368952 0 0 0
C@CP 3136 -0.19429245 0.222611431 0.203193286 0 0 0
C@CP 3137 0.106247537 0.266518416 0.229128693 0 0 0
C@CP 3138 0.122930543 0.302862039 0.17714602 0 0 0
C@CP 3139 -0.162790851 0.254159047 0.221795632 0 0 0
C@CP 3140 0.017599222 0.0735304869 0.225524116 0 0 0
C@CP 3141 -0.344937561 -0.00626607305 -0.281124066 0 0 0
C@CP 3142 0.0594786664 0.310051158 0.119793231 0 0 0
C@CP 3143 -0.194756272 -0.180751362 -0.361967938 0 0 0
C@CP 3144 0.172414954 0.187071936 -0.218774515 0 0 0
C@CP 3145 -0.107010508 -0.366077815 -0.0834141673 0 0 0
C@CP 3146 -0.410608351 -0.0397542926 0.0754693902 0 0 0
C@CP 3147 -0.402900189 -0.225667417 -0.140220426 0 0 0
C@CP 3148 -0.268189639 0.24542539 -0.230838955 0 0 0
C@CP 3149 0.153540355 0.195103057 0.348844625 0 0 0
C@CP 3150 -0.0968407246 -0.00284524187 0.0794896066 0 0 0
C@CP 3151 -0.0532201891 -0.361536549 -0.265162765 0 0 0
C@CP 3152 0.218543277 -0.313233343 -0.229094811 0 0 0
C@CP 3153 0.240323908 -0.299413401 -0.179147576 0 0 0
C@CP 3154 0.25487217 0.178955365 0.162171583 0 0 0
C@CP 3155 0.337291568 -0.278025912 -0.0910813422 0 0 0
C@CP 3156 -0.348836635 0.0658998648 -0.134591185 0 0 0
C@CP 3157 -0.0743305391 -0.0329190283 -0.387311313 0 0 0
C@CP 3158 -0.33746014 0.182587629 -0.0528286738 0 0 0
C@CP 3159 -0.251496234 0.0865469435 0.34668779 0 0 0
C@CP 3160 0.220880744 -0.335798683 0.171519835 0 0 0
C@CP 3161 -0.154387235 -0.110993662 -0.347116695 0 0 0
C@CP 3162 -0.0923599564 -0.0202414574 0.411494103 0 0 0
C@CP 3163 0.04279852 -0.21918363 0.0676016981 0 0 0
C@CP 3164 -0.0037354842 -0.174155273 0.168770877 0 0 0
C@CP 3165 -0.0860374736 0.0433050871 -0.341695589 0 0 0
C@CP 3166 0.148526005 0.0772878381 0.0740938524 0 0 0
C@CP 3167 0.224940729 -0.28374648 0.202600398 0 0 0
C@CP 3168 -0.203443253 0.250266717 -0.0374128007 0 0 0
C@CP 3169 -0.296126385 0.277439504 0.0714264743 0 0 0
C@CP 3170 0.31806076 0.266045499 -0.167964603 0 0 0
C@CP 3171 -0.142070146 -0.0405583768 -0.106254678 0 0 0
C@CP 3172 -0.00930574788 -0.0642977419 0.270207235 0 0 0
C@CP 3173 -0.30815216 -0.221150627 0.237934003 0 0 0
C@CP 3174 -0.116965515 -0.363225551 -0.237432397 0 0 0
C@CP 3175 -0.138224477 0.112018109 -0.332842895 0 0 0
C@CP 3176 0.282381428 0.17868282 0.303764031 0 0 0
C@CP 3177 0.134014451 -0.367356702 -0.123463365 0 0 0
C@CP 3178 0.241460822 0.368015441 0.0262420582 0 0 0
C@CP 3179 0.360876345 -0.232720621 -0.170322291 0 0 0
C@CP 3180 -0.147697401 0.203731316 0.216015395 0 0 0
C@CP 3181 0.206060139 -0.172428504 -0.0593320753 0 0 0
C@CP 3182 -0.316019115 0.0719071043 0.136097154 0 0 0
C@CP 3183 -0.170865439 -0.180306135 -0.322667935 0 0 0
C@CP 3184 0.2184696 0.0984057265 -0.401510952 0 0 0
C@CP 3185 -0.0179420185 -0.0852978771 0.167838654 0 0 0
C@CP 3186 -0.341773013 0.0474470379 -0.076085487 0 0 0
C@CP 3187 -0.108331171 -0.0435111772 0.238522094 0 0 0
C@CP 3188 0.345297043 -0.00218290441 -0.319054403 0 0 0
C@CP 3189 0.1569768 0.365755703 0.0293267675 0 0 0
C@CP 3190 -0.333929672 -0.0396302276 -0.317536822 0 0 0
C@CP 3191 0.361219823 -0.101872131 -0.0505370846 0 0 0
C@CP 3192 0.236411614 -0.319342965 0.0660908518 0 0 0
C@CP 3193 0.0306792343 -0.14236622 -0.173295337 0 0 0
C@CP 3194 0.0130679721 -0.217347996 -0.0606746777 0 0 0
C@CP 3195 -0.0535238496 -0.0123079469 -0.0153946454 0 0 0
C@CP 3196 -0.36059055 0.125394189 -0.177424699 0 0 0
C@CP 3197 0.22241378 -0.370130754 0.130185066 0 0 0
C@CP 3198 0.0755789798 0.291151797 0.175939059 0 0 0
C@CP 3199 0.250529629 0.0716747491 -0.348045039 0 0 0
C@CP 3200 -0.309489822 -0.155699023 0.14780935 0 0 0
C@CP 3201 0.139826538 0.317621543 -0.129847727 0 0 0
C@CP 3202 -0.13076376 -0.193155572 -0.227324973 0 0 0
C@CP 3203 -0.27512733 0.210436205 -0.073209192 0 0 0
C@CP 3204 -0.255512597 -0.0166151425 0.106888827 0 0 0
C@CP 3205 -0.132062051 -0.0641819451 -0.436693427 0 0 0
C@CP 3206 0.188406161 0.279388755 0.317825663 0 0 0
C@CP 3207 0.179423176 0.120760209 -0.381710131 0 0 0
C@CP 3208 0.0149078058 0.207554083 0.265711007 0 0 0
C@CP 3209 0.453729495 -0.103727177 0.0531802999 0 0 0
C@CP 3210 0.407280639 0.181958466 -0.130198744 0 0 0
C@CP 3211 0.167989977 -0.277400525 -0.10680977 0 0 0
C@CP 3212 0.265788731 0.0143945034 -0.34321304 0 0 0
C@CP 3213 -0.365870984 -0.231430781 -0.0793425714 0 0 0
C@CP 3214 0.0605840732 -0.205536292 -0.286786859 0 0 0
C@CP 3215 -0.338824354 -0.214500824 0.233927528 0 0 0
C@CP 3216 0.428096268 0.00732559759 -0.0537635028 0 0 0
C@CP 3217 -0.172225421 0.27656509 -0.304328646 0 0 0
C@CP 3218 -0.168933119 0.298650923 0.168782815 0 0 0
C@CP 3219 -0.411205929 0.0519976423 0.0515751785 0 0 0
C@CP 3220 0.226541592 -0.15016572 0.327076082 0 0 0
C@CP 3221 -0.0968651142 0.0908118399 -0.379952096 0 0 0
C@CP 3222 -0.338896604 0.0584519182 0.25219298 0 0 0
C@CP 3223 0.140910535 0.33113324 -0.187546786 0 0 0
C@CP 3224 -0.315021092 -0.291743363 0.1229351 0 0 0
C@CP 3225 -0.10236755 0.216339987 0.360045218 0 0 0
C@CP 3226 0.136110781 -0.147998746 -0.155455449 0 0 0
C@CP 3227 -0.398395382 0.0517209739 -0.130430907 0 0 0
C@CP 3228 0.321464222 -0.257675567 0.0633626024 0 0 0
C@CP 3229 -0.241476812 0.235264107 0.102566084 0 0 0
C@CP 3230 0.289721679 -0.135593758 -0.302257313 0 0 0
C@CP 3231 -0.105027598 -0.132725861 -0.330737939 0 0 0
C@CP 3232 0.146866053 -0.0536685125 0.181687128 0 0 0
C@CP 3234 0.0950427214 -0.137821439 -0.393518517 0 0 0
C@CP 3235 -0.161986197 0.08647156 -0.242171212 0 0 0
C@CP 3236 -0.0849335743 0.206270641 0.286054911 0 0 0
C@CP 3237 -0.220391605 -0.168890057 0.129198109 0 0 0
C@CP 3238 0.0187283121 0.149093845 -0.395169178 0 0 0
C@CP 3239 -0.0833331763 0.141390584 0.240230849 0 0 0
C@CP 3240 -0.401909905 -0.0548899302 0.101648438 0 0 0
C@CP 3241 -0.0892245396 -0.145720399 0.126562187 0 0 0
C@CP 3242 -0.00418167464 0.116212785 -0.433865007 0 0 0
C@CP 3243 -0.225322552 -0.119530172 0.0179221215 0 0 0
C@CP 3244 0.230301153 0.323135302 0.0753748801 0 0 0
C@CP 3245 0.0424007167 -0.420720465 0.105875343 0 0 0
C@CP 3246 -0.198825627 -0.216821087 -0.274274874 0 0 0
C@CP 3247 -0.311662762 -0.0848198962 -0.329972186 0 0 0
C@CP 3248 0.261079282 -0.0818502116 0.14872347 0 0 0
C@CP 3249 -0.329555062 -0.0893640688 0.323278738 0 0 0
C@CP 3250 0.0299545646 -0.0958845877 -0.367510562 0 0 0
C@CP 3251 -0.326033345 -0.13192712 -0.134439917 0 0 0
C@CP 3252 -0.219111499 0.357085398 -0.123947009 0 0 0
C@CP 3253 0.0721077518 -0.215034841 0.087582116 0 0 0
C@CP 3255 0.206859372 -0.267164243 0.0269025442 0 0 0
C@CP 3256 0.143832421 -0.102080353 -0.189803848 0 0 0
C@CP 3257 -0.0912150344 0.326459815 0.165070157 0 0 0
C@CP 3258 0.268238515 -0.0150133055 -0.29019064 0 0 0
C@CP 3259 -0.211273173 0.0856493477 -0.347782884 0 0 0
C@CP 3260 -0.407597127 0.159957447 0.0759939394 0 0 0
C@CP 3261 0.356199817 -0.223331054 0.180865277 0 0 0
C@CP 3262 0.0634338857 -0.392375473 -0.0592895535 0 0 0
C@CP 3263 -0.0285014914 -0.0610399287 0.294712612 0 0 0
C@CP 3264 0.256976035 -0.189885605 -0.251140402 0 0 0
C@CP 3265 -0.138617443 0.130821896 0.230254968 0 0 0
C@CP 3266 0.405550662 0.148714774 -0.0915062602 0 0 0
C@CP 3267 0.166241866 0.0858966094 -0.423887027 0 0 0
C@CP 3268 0.156095938 0.0813961628 0.0591244234 0 0 0
C@CP 3269 0.258598522 -0.171883396 -0.369267408 0 0 0
C@CP 3270 -0.259215693 0.311845609 -0.178838226 0 0 0
C@CP 3271 0.0167116731 -0.0488056956 -0.116886145 0 0 0
C@CP 3272 -0.16580452 -0.367300299 0.0911398321 0 0 0
C@CP 3273 0.0561943117 0.141061747 -0.0832349301 0 0 0
C@CP 3274 -0.124408531 0.00212309616 -0.316520482 0 0 0
C@CP 3275 0.256220977 -0.118961248 -0.197714559 0 0 0
C@CP 3276 -0.177568396 -0.156068516 -0.183759448 0 0 0
C@CP 3277 0.0305156938 0.0943317418 -0.414078007 0 0 0
C@CP 3278 0.188227008 0.0275881355 -0.189790272 0 0 0
C@CP 3279 0.346892397 -0.0521204773 -0.0174367369 0 0 0
C@CP 3280 0.285060687 0.0018329627 -0.0213605703 0 0 0
C@CP 3281 -0.382860069 -0.178440958 0.015691873 0 0 0
C@CP 3282 -0.414149136 -0.0274951959 0.248424244 0 0 0
C@CP 3283 -0.0622835157 -0.446108258 0.0699222649 0 0 0
C@CP 3284 -0.159460202 -0.00445816895 0.235208796 0 0 0
C@CP 3285 0.338082209 -0.194917908 0.116026266 0 0 0
C@CP 3286 -0.35025204 0.020958936 0.148665681 0 0 0
C@CP 3287 0.251756419 -0.0563710028 0.204065203 0 0 0
C@CP 3288 -0.000923653855 -0.38220891 0.170457957 0 0 0
C@CP 3289 0.271087295 -0.287138831 -0.0865728398 0 0 0
C@CP 3290 -0.288099819 -0.179207716 0.31543074 0 0 0
C@CP 3291 -0.0551661165 0.0643384327 -0.359603822 0 0 0
C@CP 3292 -0.0267954954 -0.100941579 -0.350736102 0 0 0
C@CP 3293 0.354505864 -0.271193872 0.172428244 0 0 0
C@CP 3294 0.133425989 0.0977034405 0.0156074985 0 0 0
C@CP 3295 -0.239714137 0.380328986 -0.0750791427 0 0 0
C@CP 3296 0.0248487223 -0.186977207 0.167571576 0 0 0
C@CP 3297 0.131971736 -0.0739402336 0.36033137 0 0 0
C@CP 3298 0.0535190032 0.035134505 -0.408413411 0 0 0
C@CP 3299 0.410867811 0.038946397 0.209902834 0 0 0
C@CP 3300 -0.307501095 -0.0257536323 0.244403265 0 0 0
C@CP 3301 -0.19932215 0.204662203 -0.327822834 0 0 0
C@CP 3302 0.27167305 0.210238755 0.27726395 0 0 0
C@CP 3303 -0.195178576 0.00118243348 0.230052639 0 0 0
C@CP 3304 -0.0752051088 -0.338822691 0.0716682251 0 0 0
C@CP 3305 0.198453325 0.196420588 0.27532978 0 0 0
C@CP 3306 -0.214389374 -0.138837641 0.12490073 0 0 0
C@CP 3307 -0.36737228 -0.031290467 -0.140442158 0 0 0
C@CP 3308 0.183885364 0.0324375742 -0.402834357 0 0 0
C@CP 3309 -0.240536712 0.149510244 -0.0178178324 0 0 0
C@CP 3310 0.0931098713 -0.221118166 -0.380057015 0 0 0
C@CP 3311 0.0899088649 -0.110210907 -0.236280986 0 0 0
C@CP 3312 -0.333420082 0.228387353 0.223116649 0 0 0
C@CP 3313 0.136905977 0.384417935 -0.164311344 0 0 0
C@CP 3314 0.437516053 0.127739086 -0.000581804144 0 0 0
C@CP 3315 -0.149891004 -0.0941503015 0.0883731524 0 0 0
C@CP 3316 -0.095871382 0.332839035 -0.161858114 0 0 0
C@CP 3317 0.060664274 0.174884241 -0.42861582 0 0 0
C@CP 3318 -0.0584684377 -0.0589929339 -0.296626065 0 0 0
C@CP 3319 -0.16536584 0.166842274 0.0965386843 0 0 0
C@CP 3320 0.0161470056 0.0921427162 0.289213077 0 0 0
C@CP 3321 -0.223016427 0.0419987395 0.302505221 0 0 0
C@CP 3322 0.0991155698 -0.320502753 -0.258070178 0 0 0
C@CP 3323 0.149701472 0.239895149 -0.115063888 0 0 0
C@CP 3324 0.387225642 0.0947862151 0.23078284 0 0 0
C@CP 3325 0.0873546658 -0.316858792 -0.029763506 0 0 0
C@CP 3326 -0.0782167694 0.116579936 -0.297198619 0 0 0
C@CP 3327 -0.0072172799 0.192743943 -0.0132300066 0 0 0
C@CP 3328 -0.0647987395 0.345365375 0.0965305538 0 0 0
C@CP 3329 -0.25808324 0.0541847498 0.0345777504 0 0 0
C@CP 3330 -0.0438685997 0.13936449 0.171361144 0 0 0
C@CP 3331 0.191558578 0.078756375 0.292327036 0 0 0
C@CP 3332 0.278141911 0.0599338018 0.00488369723 0 0 0
C@CP 3333 -0.200639902 0.106052882 0.0556849341 0 0 0
C@CP 3334 -0.396749434 -0.205139593 0.0023536381 0 0 0
C@CP 3335 0.0729628122 0.150856934 0.0992355966 0 0 0
C@CP 3336 -0.0861437272 -0.0571705898 0.17089014 0 0 0
C@CP 3337 0.304484974 -0.289657526 0.0935475888 0 0 0
C@CP 3338 0.21979034 0.234565843 0.143420689 0 0 0
C@CP 3339 0.0551585445 -0.324964109 -0.259351912 0 0 0
C@CP 3340 -0.0310122834 0.261202951 0.263932842 0 0 0
C@CP 3341 -0.145261645 -0.0362740335 -0.0451678878 0 0 0
C@CP 3342 0.061513969 -0.0981931556 0.0714525154 0 0 0
C@CP 3343 -0.309024323 -0.0170990747 0.208325989 0 0 0
C@CP 3344 0.468431545 -0.016796271 0.0650080742 0 0 0
C@CP 3345 -0.292514486 -0.141270348 -0.260251853 0 0 0
C@CP 3346 -0.09229417 -0.171412694 0.351528329 0 0 0
C@CP 3347 -0.180555076 0.220056129 0.283280993 0 0 0
C@CP 3348 -0.219591981 0.263389189 -0.0479312363 0 0 0
C@CP 3349 0.0652727259 -0.218872197 -0.170172136 0 0 0
C@CP 3350 0.187671388 0.389355456 -0.193850315 0 0 0
C@CP 3351 0.207657042 0.278315277 -0.222497266 0 0 0
C@CP 3352 0.228690416 -0.22298425 0.216720827 0 0 0
C@CP 3353 -0.0339194746 0.273743946 -0.040488054 0 0 0
C@CP 3354 -0.295008397 -0.131379119 -0.316306165 0 0 0
C@CP 3355 -0.0649285721 -0.23417419 0.276553785 0 0 0
C@CP 3356 0.253485845 -0.361870778 0.0281507763 0 0 0
C@CP 3357 -0.139622535 -0.0390845482 0.0411181402 0 0 0
C@CP 3358 -0.304805775 0.231776539 -0.145449069 0 0 0
C@CP 3359 0.209815136 0.142993965 -0.232318242 0 0 0
C@CP 3360 0.154807612 -0.069608099 0.265998172 0 0 0
C@CP 3361 -0.238988718 0.0939381579 -0.201588813 0 0 0
C@CP 3362 -0.393266272 0.0163508026 -0.27872201 0 0 0
C@CP 3363 -0.0232707118 -0.147332264 -0.103306735 0 0 0
C@CP 3364 -0.0330991502 0.43492234 0.151532012 0 0 0
C@CP 3365 -0.116245153 -0.201846739 -0.37646507 0 0 0
C@CP 3366 0.298637996 0.203926516 -0.167964199 0 0 0
C@CP 3367 -0.382430645 -0.236593446 0.0775824155 0 0 0
C@CP 3368 0.0981713704 0.373653426 -0.0236122746 0 0 0
C@CP 3369 -0.21389885 -0.0111347038 0.265924364 0 0 0
C@CP 3370 0.169870766 -0.126865368 -0.386215137 0 0 0
C@CP 3371 -0.228499059 -0.0504632413 0.126855314 0 0 0
C@CP 3372 -0.392436061 0.177029843 0.0442001777 0 0 0
C@CP 3373 -0.0695993738 -0.186547913 -0.0671712995 0 0 0
C@CP 3374 0.149777666 -0.032354256 -0.196674343 0 0 0
C@CP 3375 -0.125074392 0.221195574 -0.330686375 0 0 0
C@CP 3376 0.0577808086 0.166788738 0.0529551422 0 0 0
C@CP 3377 -0.406252325 0.20245342 -0.133744258 0 0 0
C@CP 3378 0.0657371305 -0.298842272 -0.228327083 0 0 0
C@CP 3379 -0.337190038 -0.168528133 -0.257958354 0 0 0
C@CP 3380 -0.149712245 0.232105186 0.355302541 0 0 0
C@CP 3381 0.0608351472 -0.375926324 -0.0292026714 0 0 0
C@CP 3382 -0.0673237529 -0.458117161 0.0116660331 0 0 0
C@CP 3383 0.282162206 -0.0713207782 -0.331497861 0 0 0
C@CP 3384 -0.301117988 -0.041374075 -0.278856482 0 0 0
C@CP 3385 0.313550725 0.0190178854 0.185429872 0 0 0
C@CP 3386 -0.0345685525 -0.336125505 -0.2460527 0 0 0
C@CP 3387 0.240786842 -0.0964074747 0.380983851 0 0 0
C@CP 3388 -0.376769358 -0.0710876725 -0.0878502547 0 0 0
C@CP 3389 -0.0224978055 0.455522651 -0.0984775696 0 0 0
C@CP 3390 0.308102609 -0.00132243615 0.00804976203 0 0 0
C@CP 3391 -0.0938792704 -0.261315107 0.313643319 0 0 0
C@CP 3392 0.0277914592 0.108076905 -0.075364066 0 0 0
C@CP 3393 0.297486566 0.221361186 -0.00845892725 0 0 0
C@CP 3394 0.0386757862 -0.243946146 0.389748206 0 0 0
C@CP 3395 0.0299399698 -0.250320719 0.319112076 0 0 0
C@CP 3396 -0.0999971662 -0.0603000487 0.411550606 0 0 0
C@CP 3397 -0.161432457 -0.147440128 0.336951307 0 0 0
C@CP 3398 0.186359543 0.215303096 0.10189952 0 0 0
C@CP 3399 0.187525233 0.308806114 -0.115601033 0 0 0
C@CP 3400 -0.106871603 0.200476264 0.240052067 0 0 0
C@CP 3401 0.223656077 -0.0644277746 0.359683712 0 0 0
C@CP 3402 -0.173387244 0.0361909242 -0.333698322 0 0 0
C@CP 3403 -0.367981383 -0.102973601 0.0624751876 0 0 0
C@CP 3404 0.0563298024 0.371325898 0.0310879926 0 0 0
C@CP 3405 -0.0671277067 -0.073947862 -0.221009886 0 0 0
C@CP 3406 0.353077603 -0.297065748 -0.0422650575 0 0 0
C@CP 3407 0.112922052 -0.13734396 -0.0796007642 0 0 0
C@CP 3408 -0.291991735 -0.0196996122 0.300380361 0 0 0
C@CP 3409 0.0579885634 -0.329056952 -0.269560167 0 0 0
C@CP 3410 0.234166879 -0.231647358 0.109951056 0 0 0
C@CP 3411 0.366016091 0.0755315217 0.171595955 0 0 0
C@CP 3412 0.23242752 0.0351558219 0.252081811 0 0 0
C@CP 3413 0.351673169 0.110519346 0.248071116 0 0 0
C@CP 3414 -0.0526336807 0.208205882 -0.0971385899 0 0 0
C@CP 3415 -0.218065554 -0.0502174589 -0.143988043 0 0 0
C@CP 3416 0.200276365 -0.0640400792 0.12119773 0 0 0
C@CP 3417 -0.140351046 0.379589137 0.0639438288 0 0 0
C@CP 3418 -0.0529625259 0.166182984 0.332129867 0 0 0
C@CP 3419 -0.252176448 0.268322121 0.194054215 0 0 0
C@CP 3420 -0.0505570082 -0.233159342 -0.383254117 0 0 0
C@CP 3421 -0.0387466155 0.105887116 0.0748756977 0 0 0
C@CP 3422 0.413545618 -0.170978583 0.0507254703 0 0 0
C@CP 3423 -0.327365389 -0.226776652 -0.0679904793 0 0 0
C@CP 3424 -0.208467876 -0.03428908 -0.394989548 0 0 0
C@CP 3425 -0.106155542 0.00775206692 -0.295353192 0 0 0
C@CP 3426 -0.205603461 0.257529616 -0.0358724429 0 0 0
C@CP 3427 0.323045713 0.199068332 -0.0172620789 0 0 0
C@CP 3428 0.0147455014 -0.0506505583 0.051083725 0 0 0
C@CP 3429 -0.185503601 -0.297772304 -0.254218373 0 0 0
C@CP 3430 -0.0174585636 0.0598442871 0.0652925055 0 0 0
C@CP 3431 0.145786168 -0.172285738 -0.389693542 0 0 0
C@CP 3432 -0.0169370251 0.0195897345 -0.131610451 0 0 0
C@CP 3433 0.0259480803 -0.195360839 -0.11722519 0 0 0
C@CP 3434 0.222086402 -0.268896166 0.215658826 0 0 0
C@CP 3435 0.414507611 0.0554965712 0.180871768 0 0 0
C@CP 3436 -0.0673094514 -0.0181580955 0.0736764488 0 0 0
C@CP 3437 0.381308283 0.0544973296 0.247825909 0 0 0
C@CP 3438 -0.00308419075 0.328398969 0.0405708188 0 0 0
C@CP 3439 0.0235939243 0.247590569 0.344681536 0 0 0
C@CP 3440 0.197688545 0.151212193 -0.246545794 0 0 0
C@CP 3441 -0.0560011973 0.234752896 0.074142688 0 0 0
C@CP 3442 -0.174490032 0.23517252 0.0607753143 0 0 0
C@CP 3443 0.0989452315 -0.179551086 -0.33709267 0 0 0
C@CP 3444 0.0937465405 -0.211579493 0.36013737 0 0 0
C@CP 3445 0.386502014 -0.0172311356 0.140730823 0 0 0
C@CP 3446 0.0562648538 -0.27627387 0.0846016476 0 0 0
C@CP 3447 -0.409688856 -0.0859598748 0.0794620265 0 0 0
C@CP 3448 0.151951785 -0.346714144 -0.170875352 0 0 0
C@CP 3449 -0.248474393 -0.288289223 -0.0330823264 0 0 0
C@CP 3450 -0.0487663765 0.0770364744 0.044348137 0 0 0
C@CP 3451 0.356620379 -0.23092045 0.181068234 0 0 0
C@CP 3452 -0.125435306 -0.272331728 0.339916049 0 0 0
C@CP 3453 0.370561623 -0.150796737 0.0396786713 0 0 0
C@CP 3454 -0.326297984 -0.323377495 -0.106082935 0 0 0
C@CP 3455 -0.10219293 0.213031018 0.0349397875 0 0 0
C@CP 3456 0.035786318 0.020897634 0.275534357 0 0 0
C@CP 3457 -0.133303763 0.184162791 0.346102025 0 0 0
C@CP 3458 0.232721327 -0.213936764 -0.3370774 0 0 0
C@CP 3459 0.306265178 -0.251767942 0.0554478631 0 0 0
C@CP 3460 0.11602077 0.101027506 -0.00669940661 0 0 0
C@CP 3461 -0.0879225094 0.237907453 -0.0620829743 0 0 0
C@CP 3462 -0.0418799427 -0.102002882 0.305689581 0 0 0
C@CP 3463 0.0289261717 0.329332083 -0.202637841 0 0 0
C@CP 3464 0.289851756 -0.0854255258 -0.0443052467 0 0 0
C@CP 3465 -0.438653436 0.096920129 0.0426863785 0 0 0
C@CP 3466 0.165737214 0.331542774 0.196400739 0 0 0
C@CP 3467 0.0638476861 -0.0547206384 0.00295897341 0 0 0
C@CP 3468 -0.012441562 -0.162519324 -0.0488878001 0 0 0
C@CP 3469 -0.164184734 0.365665994 -0.235176065 0 0 0
C@CP 3470 -0.279135667 -0.149986021 0.119731684 0 0 0
C@CP 3471 -0.338017405 0.319418149 0.0668191483 0 0 0
C@CP 3472 -0.2802331 0.0473682452 0.297455595 0 0 0
C@CP 3473 0.150488086 -0.294353966 0.207397061 0 0 0
C@CP 3474 0.220135017 -0.15504187 -0.340837031 0 0 0
C@CP 3475 0.219713099 0.00458484968 0.371916079 0 0 0
C@CP 3476 -0.205526242 0.164883087 -0.0601002775 0 0 0
C@CP 3477 -0.0811112564 0.02328216 0.0723490447 0 0 0
C@CP 3478 0.329305836 0.15126772 -0.292070181 0 0 0
C@CP 3479 -0.0962286139 0.195354743 0.317172147 0 0 0
C@CP 3480 0.277874293 -0.144251083 -0.070148016 0 0 0
C@CP 3481 0.0758925144 -0.0780501463 0.234135844 0 0 0
C@CP 3482 0.148564944 0.0386574339 -0.340625493 0 0 0
C@CP 3483 0.227156706 -0.183692789 -0.308050954 0 0 0
C@CP 3484 0.0491369656 0.115975749 0.0361419165 0 0 0
C@CP 3485 -0.0387848816 0.232440264 0.291470386 0 0 0
C@CP 3486 -0.0506159386 -0.00424149799 0.1757163 0 0 0
C@CP 3487 -0.0427880004 0.115461391 -0.389597306 0 0 0
C@CP 3488 -0.145506348 -0.0323759873 0.432946387 0 0 0
C@CP 3489 -0.219740463 0.0674503059 0.0281359749 0 0 0
C@CP 3490 0.175568564 0.148631012 -0.341868855 0 0 0
C@CP 3491 -0.284124031 0.295464675 -0.0354590264 0 0 0
C@CP 3492 -0.128980546 -0.375915625 -0.0164557978 0 0 0
C@CP 3493 0.104968732 0.155980894 -0.0109390563 0 0 0
C@CP 3494 0.0463418884 -0.363776434 -0.030896407 0 0 0
C@CP 3495 0.142784342 -0.042501261 0.0586371051 0 0 0
C@CP 3496 0.00741857924 0.294106804 -0.0516490469 0 0 0
C@CP 3497 -0.107840291 -0.441231308 -0.0790516566 0 0 0
C@CP 3498 0.102639894 -0.290658455 0.0517942319 0 0 0
C@CP 3499 -0.0962903306 -0.189492225 0.333714713 0 0 0
B@CP 3501 -0.379559732 -0.196501477 0.14694572 0 0 0
C@CP 3502 -0.0713063346 0.138889258 0.345861531 0 0 0
B@CP 3504 -0.0581024965 -0.207115972 0.150709063 0 0 0
C@CP 3505 0.0138381563 -0.100804121 -0.00300887516 0 0 0
B@CP 3507 -0.341408756 -0.316043327 0.000621256514 0 0 0
C@CP 3508 -0.119390813 0.373351089 0.0488974684 0 0 0
B@CP 3510 -0.171624922 0.186742685 -0.193840163 0 0 0
C@CP 3511 0.042452948 0.186476372 0.247522595 0 0 0
B@CP 3513 -0.332755998 -0.146665785 -0.178481116 0 0 0
C@CP 3514 0.293928139 -0.314064662 0.0150440127 0 0 0
