B@CP 1002 0.16720039 -0.147093111 0.134483096 0 0 0
B@CP 1006 0.0310950667 0.227139376 -0.338590415 0 0 0
B@CP 1018 0.306391256 0.0953842703 -0.219189476 0 0 0
B@CP 1040 -0.0736026678 -0.247938727 -0.365870714 0 0 0
B@CP 1056 -0.113685208 -0.204811508 0.0934972369 0 0 0
B@CP 1079 -0.0656021246 -0.221338915 -0.278244277 0 0 0
B@CP 1083 0.0347134547 0.0314769662 0.0105449684 0 0 0
B@CP 1085 -0.340155673 -0.201470869 0.21282856 0 0 0
B@CP 1087 -0.0201848341 0.300756006 0.364111198 0 0 0
B@CP 1109 -0.0905455609 0.116565785 -0.379662006 0 0 0
B@CP 1118 -0.457306106 -0.0517692112 0.0895397574 0 0 0
B@CP 1169 0.254172041 0.210066824 -0.0843404363 0 0 0
B@CP 1189 0.262723438 0.243726724 0.283825073 0 0 0
B@CP 1200 -0.232924834 -0.303070073 -0.206693431 0 0 0
B@CP 1239 0.19992768 0.0556571288 -0.119513893 0 0 0
B@CP 1271 0.00994599872 -0.0213770376 -0.0143743619 0 0 0
B@CP 1277 -0.0739465761 -0.0671465134 0.0110956394 0 0 0
B@CP 1286 -0.0821687262 -0.00103329687 -0.298916978 0 0 0
B@CP 1288 0.0902480434 0.315465468 0.304800545 0 0 0
B@CP 1295 0.0789691487 0.236039038 -0.122568398 0 0 0
B@CP 1312 -0.283907443 -0.2392954 0.231420617 0 0 0
B@CP 1319 -0.323494428 -0.167841542 -0.274788292 0 0 0
B@CP 1323 -0.155312193 0.120612169 0.281911253 0 0 0
B@CP 1324 -0.0961247477 0.10884068 -0.0683577998 0 0 0
B@CP 1329 0.149588429 0.125750681 -0.411112797 0 0 0
B@CP 1344 0.0697132007 -0.178388255 0.289776265 0 0 0
B@CP 1348 -0.341230242 -0.194413472 0.0435119181 0 0 0
B@CP 1352 -0.0653204459 -0.225088435 -0.175732835 0 0 0
B@CP 1360 0.00282989754 -0.0172445228 -0.0399914456 0 0 0
B@CP 1364 0.159636579 -0.1878265 0.321450509 0 0 0
B@CP 1367 -0.0280298218 -0.242169397 -0.254405684 0 0 0
B@CP 1375 -0.00146381441 -0.105802469 0.109793854 0 0 0
B@CP 1380 -0.400165378 0.177532894 0.123044432 0 0 0
B@CP 1388 0.206558386 -0.187065135 -0.389886042 0 0 0
B@CP 1421 -0.327339384 0.0160609586 -0.206218541 0 0 0
B@CP 1423 -0.0189425251 0.277935941 0.233651665 0 0 0
B@CP 1427 -0.324052127 -0.0556442408 -0.258830455 0 0 0
B@CP 1438 0.162688912 0.00502012244 -0.00568034494 0 0 0
B@CP 1491 0.0591940066 -0.286992492 0.190620197 0 0 0
B@CP 1492 0.346395192 -0.247304688 -0.0715962891 0 0 0
B@CP 1493 0.39985723 0.196701629 0.154366794 0 0 0
B@CP 1496 0.0755931193 0.230908786 0.293668295 0 0 0
B@CP 1503 0.254884751 -0.202628134 0.299046511 0 0 0
B@CP 1505 0.0999426157 0.361075271 0.0813002703 0 0 0
B@CP 1510 0.107886905 -0.260438422 0.136621264 0 0 0
B@CP 1514 -0.0229951752 0.194178003 0.3354845 0 0 0
B@CP 1517 0.174518443 0.0629760043 0.211019858 0 0 0
B@CP 1521 -0.219848597 -0.237001107 -0.32640439 0 0 0
B@CP 1527 -0.178357527 -0.0437157952 -0.00678433103 0 0 0
B@CP 1540 -0.134549705 -0.0676254649 0.0390928062 0 0 0
B@CP 1541 -0.00364757585 -0.252649347 -0.320630311 0 0 0
B@CP 1555 0.0967543118 -0.0104000007 -0.187134561 0 0 0
B@CP 1557 -0.120777152 0.294494224 -0.137832707 0 0 0
B@CP 1565 0.410018828 0.060624897 -0.0391714772 0 0 0
B@CP 1591 0.160887798 -0.210643249 0.144925956 0 0 0
B@CP 1602 -0.404757946 -0.0935902199 0.0188432263 0 0 0
B@CP 1603 -0.0479199134 0.000651901814 0.336364881 0 0 0
B@CP 1628 -0.154284611 0.359304019 0.0895080788 0 0 0
B@CP 1629 -0.135338657 -0.0474771863 -0.213167121 0 0 0
B@CP 1646 0.139738008 -0.0657029568 -0.32472352 0 0 0
B@CP 1648 0.11355259 -0.402536561 0.0801018706 0 0 0
B@CP 1654 -0.211440037 -0.319123831 -0.0481109735 0 0 0
B@CP 1657 0.356632156 -0.066427614 0.119594961 0 0 0
B@CP 1664 0.333912203 0.211586202 0.0393830763 0 0 0
B@CP 1674 0.180856845 0.402060523 -0.18639228 0 0 0
B@CP 1676 -0.264084289 -0.126733924 0.260260362 0 0 0
B@CP 1679 0.221832784 -0.148903818 0.0261788946 0 0 0
B@CP 1690 -0.389045476 0.0386075607 0.0435314621 0 0 0
B@CP 1691 -0.28304807 -0.352680917 0.0549638304 0 0 0
B@CP 1692 -0.187422453 -0.156102621 -0.116528964 0 0 0
B@CP 1714 -0.26537441 0.0113686673 -0.00354404794 0 0 0
B@CP 1719 0.150277203 -0.0250243893 -0.0717986903 0 0 0
B@CP 1720 0.0234501432 0.41239012 -0.164593425 0 0 0
B@CP 1722 -0.0192691911 0.399564552 -0.159952676 0 0 0
B@CP 1762 -0.116589248 -0.14551436 -0.391565844 0 0 0
B@CP 1768 0.000583172325 -0.297351511 -0.331215255 0 0 0
B@CP 1770 0.253018481 0.116382023 -0.323631947 0 0 0
B@CP 1778 0.212809058 -0.112867944 -0.172133549 0 0 0
B@CP 1781 0.251280675 0.0968812982 0.37804982 0 0 0
B@CP 1787 -0.177273685 0.215195355 0.0578678256 0 0 0
B@CP 1801 0.158161793 -0.394566263 0.19329782 0 0 0
B@CP 1802 -0.381569629 -0.0474508391 0.0944932534 0 0 0
B@CP 1807 0.0264509881 -0.0496805078 0.417737944 0 0 0
B@CP 1809 -0.311444196 0.21753063 -0.140951077 0 0 0
B@CP 1812 -0.153934624 -0.0385303618 -0.200106311 0 0 0
B@CP 1817 -0.20143944 -0.127469629 -0.349857394 0 0 0
B@CP 1847 -0.0517037458 -0.362832835 -0.0149155862 0 0 0
B@CP 1852 -0.035464287 -0.409682977 -0.124934057 0 0 0
B@CP 1861 -0.0523785602 0.249237961 -0.281370019 0 0 0
B@CP 1863 0.411983361 0.0456666092 -0.0440749133 0 0 0
B@CP 1874 0.0602452638 -0.121561544 -0.0431309369 0 0 0
B@CP 1878 0.187027702 0.38339301 -0.0578629064 0 0 0
B@CP 1891 0.143053859 -0.349201431 -0.132008409 0 0 0
B@CP 1897 0.381708551 -0.230051945 -0.0659284613 0 0 0
B@CP 1905 0.341394238 0.0484035468 -0.0634668264 0 0 0
B@CP 1915 0.269621776 0.0801280772 -0.0942212928 0 0 0
B@CP 1918 0.166973901 0.12210749 0.199059656 0 0 0
B@CP 1924 0.116283917 0.177665705 -0.252723473 0 0 0
B@CP 1928 0.0480314863 -0.160879188 -0.353025081 0 0 0
B@CP 1929 0.0560941762 0.303477897 -0.148181074 0 0 0
B@CP 1931 0.18894434 -0.0557119895 0.169783443 0 0 0
B@CP 1936 0.403478216 0.0506698678 -0.0908953429 0 0 0
B@CP 1937 0.018043909 0.113957421 0.151192436 0 0 0
B@CP 1944 -0.177823262 -0.0544543922 -0.281845074 0 0 0
B@CP 1947 -0.248717328 -0.0628464097 0.176441547 0 0 0
B@CP 1965 0.0159873186 -0.146301674 -0.419217374 0 0 0
B@CP 1968 0.278791954 -0.0496923994 -0.322831987 0 0 0
B@CP 1990 0.147627106 -0.0800591618 -0.0459069213 0 0 0
B@CP 2016 0.416625577 0.062546585 -0.0995178412 0 0 0
B@CP 2018 -0.236219855 -0.140533623 -0.0346746141 0 0 0
B@CP 2019 -0.166224668 -0.0722543181 -0.0952257456 0 0 0
B@CP 2024 0.0686251747 0.420888636 0.161859469 0 0 0
B@CP 2033 0.331610845 -0.110272614 0.0504107359 0 0 0
B@CP 2046 0.155319167 -0.00878274832 0.10948147 0 0 0
B@CP 2050 -0.227248831 0.14722144 0.367525599 0 0 0
B@CP 2053 -0.137747543 -0.0221915976 0.427678122 0 0 0
B@CP 2068 -0.32907982 0.0133312503 0.126322561 0 0 0
B@CP 2076 0.188721469 0.164097668 -0.143060341 0 0 0
B@CP 2097 0.127743997 -0.16950409 0.0136067056 0 0 0
B@CP 2126 0.238994076 -0.0121524177 0.178213738 0 0 0
B@CP 2147 0.158551249 0.0288404339 0.140972634 0 0 0
B@CP 2148 -0.100278487 -0.156746583 0.188262626 0 0 0
B@CP 2150 -0.123155575 0.321509821 -0.293207764 0 0 0
B@CP 2152 0.213187686 -0.307984438 0.164735034 0 0 0
B@CP 2159 0.225094506 0.0113197102 0.280155673 0 0 0
B@CP 2171 -0.174827476 0.175365173 -0.37281372 0 0 0
B@CP 2174 -0.293881907 -0.106622739 -0.00131366043 0 0 0
B@CP 2188 0.133202054 -0.418684551 -0.0667262701 0 0 0
B@CP 2196 0.379841239 -0.0299214691 -0.154268612 0 0 0
B@CP 2211 -0.112542704 0.0138198665 -0.0286220424 0 0 0
B@CP 2212 0.189690579 0.1950133 -0.390797652 0 0 0
B@CP 2213 0.310892417 0.043288338 0.0766783571 0 0 0
B@CP 2217 0.141234609 -0.302303207 -0.229313096 0 0 0
B@CP 2220 -0.126836686 0.365539524 0.227690479 0 0 0
B@CP 2223 0.0295891274 -0.1785206 -0.0223462333 0 0 0
B@CP 2228 -0.131317579 0.298014399 0.220628019 0 0 0
B@CP 2238 -0.0842997986 0.349706209 -0.138816452 0 0 0
B@CP 2243 0.34308307 0.000775683713 0.177950205 0 0 0
B@CP 2249 -0.331881968 0.148813481 -0.0494662007 0 0 0
B@CP 2250 -0.1724996 0.00608960886 -0.126570838 0 0 0
B@CP 2256 0.0885905173 -0.076097432 0.401517295 0 0 0
B@CP 2271 0.213895833 0.108566596 -0.0290215111 0 0 0
B@CP 2280 -0.126743059 0.124365792 0.0575433791 0 0 0
B@CP 2288 -0.22359348 0.362251942 0.0953039128 0 0 0
B@CP 2298 0.195616332 -0.265794557 -0.303641466 0 0 0
B@CP 2309 0.0187302216 -0.345765405 -0.290415772 0 0 0
B@CP 2314 0.0275683609 0.213405473 -0.210121298 0 0 0
B@CP 2319 -0.324027269 -0.234901269 0.171517573 0 0 0
B@CP 2324 -0.110891139 0.122059661 -0.413527911 0 0 0
B@CP 2325 0.341413324 -0.211608541 0.118792439 0 0 0
B@CP 2326 -0.252246924 -0.100699834 -0.281356844 0 0 0
B@CP 2339 -0.30632307 -0.290193025 -0.113336753 0 0 0
B@CP 2340 -0.458542311 0.0232087694 -0.00130036863 0 0 0
B@CP 2344 0.0301845584 0.310824389 0.345351164 0 0 0
B@CP 2351 -0.100863409 -0.143582087 -0.0397637952 0 0 0
B@CP 2352 0.262968493 0.10105468 0.105009055 0 0 0
B@CP 2354 -0.0416134519 0.276948747 0.0571644473 0 0 0
B@CP 2356 -0.255789424 -0.0490661914 0.19823247 0 0 0
B@CP 2371 0.253317058 0.0857557528 0.170905009 0 0 0
B@CP 2382 0.373374176 -0.0788300084 0.1551029 0 0 0
B@CP 2386 0.298893193 -0.00290724763 -0.181742804 0 0 0
B@CP 2409 0.260469999 0.322606851 0.152779171 0 0 0
B@CP 2411 0.0709037731 -0.264149087 -0.192094482 0 0 0
B@CP 2421 0.254529717 -0.226636421 0.290652176 0 0 0
B@CP 2427 0.215995397 0.139304641 0.179366432 0 0 0
B@CP 2435 -0.103816291 -0.0509581071 -0.325985063 0 0 0
B@CP 2436 0.226556386 0.0504537526 -0.0127251791 0 0 0
B@CP 2440 0.145737289 -0.3600246 -0.205601224 0 0 0
B@CP 2456 -0.328348335 0.0108339636 -0.071844278 0 0 0
B@CP 2475 0.22211431 0.187749182 0.243053529 0 0 0
B@CP 2493 0.318523833 -0.315615196 -0.0474819805 0 0 0
B@CP 2495 -0.318344286 -0.301046939 0.0629229028 0 0 0
C@CP 2500 -0.0174687386 0.177370608 0.320713953 0 0 0
C@CP 2501 -0.00623465645 0.154672543 -0.331324456 0 0 0
C@CP 2504 -0.0179345275 -0.105907494 -0.208271546 0 0 0
C@CP 2506 0.116856043 -0.0272181702 -0.338243698 0 0 0
C@CP 2507 -0.180514646 0.0662852467 -0.330186079 0 0 0
C@CP 2508 0.150072901 0.103211032 0.0726038748 0 0 0
C@CP 2509 -0.168746268 -0.0128008897 0.426726772 0 0 0
C@CP 2510 0.23809772 -0.405497765 -0.022948096 0 0 0
C@CP 2511 -0.28662989 -0.155461479 0.0419209453 0 0 0
C@CP 2512 -0.347110807 0.245532474 0.019973055 0 0 0
C@CP 2513 -0.285416536 -0.199427603 -0.0826616838 0 0 0
C@CP 2514 -0.0795935296 0.281708123 -0.152137392 0 0 0
C@CP 2516 0.142014311 0.230613132 0.363259298 0 0 0
C@CP 2517 0.246813412 -0.0226333136 -0.18978539 0 0 0
C@CP 2518 0.352063677 0.0577817258 0.0214103429 0 0 0
C@CP 2519 -0.244017108 0.119604324 0.166227319 0 0 0
C@CP 2520 0.210523484 -0.292497781 0.279098248 0 0 0
C@CP 2522 -0.372077667 -0.0850885513 0.0765083941 0 0 0
C@CP 2523 -0.0733560576 -0.237616424 0.317597746 0 0 0
C@CP 2525 0.0767009033 -0.407978413 0.0443100861 0 0 0
C@CP 2530 0.222703387 -0.0788933478 -0.101787464 0 0 0
C@CP 2531 0.391390797 0.102341174 0.080240598 0 0 0
C@CP 2534 0.166199291 -0.304887083 -0.0785789735 0 0 0
C@CP 2535 0.322214836 -0.188279514 0.0648084658 0 0 0
C@CP 2536 -0.113711967 -0.187302426 -0.321510543 0 0 0
C@CP 2538 0.250535473 -0.221602034 -0.285469109 0 0 0
C@CP 2540 -0.26584071 -0.321954297 0.0652143191 0 0 0
C@CP 2541 -0.342880476 -0.0327640901 0.271294265 0 0 0
C@CP 2543 0.278306761 -0.217321694 0.254254636 0 0 0
C@CP 2544 0.0633812221 0.380168224 -0.000331463193 0 0 0
C@CP 2545 0.0683533408 -0.126387757 0.193646614 0 0 0
C@CP 2547 0.185060362 0.242556123 -0.18001628 0 0 0
C@CP 2548 -0.0866076542 -0.321050428 0.0477985331 0 0 0
C@CP 2549 -0.0801921583 0.416918801 -0.0529108548 0 0 0
C@CP 2550 0.227905031 0.00306037192 -0.232354755 0 0 0
C@CP 2553 0.436161686 -0.0597574551 0.0961967858 0 0 0
C@CP 2554 -0.0828057598 -0.1230743 0.0888073606 0 0 0
C@CP 2555 -0.116201986 0.394731168 0.0957428059 0 0 0
C@CP 2557 -0.115099298 -0.273510037 0.102833859 0 0 0
C@CP 2558 0.128751738 0.124855294 -0.284853958 0 0 0
C@CP 2560 0.338087196 0.020282753 -0.29000469 0 0 0
C@CP 2561 0.28905136 0.0237633302 -0.12607067 0 0 0
C@CP 2564 -0.0676835208 -0.228790641 0.397968729 0 0 0
C@CP 2565 -0.0623385595 0.187209339 0.0460856358 0 0 0
C@CP 2567 0.0181052872 0.289076026 0.18213847 0 0 0
C@CP 2568 0.354340085 -0.0231477666 -0.100473225 0 0 0
C@CP 2569 0.168802551 0.30593659 0.10269267 0 0 0
C@CP 2570 0.264596787 0.16841522 0.049189691 0 0 0
C@CP 2571 0.126764824 -0.372368236 -0.250991262 0 0 0
C@CP 2573 -0.0474538269 0.246745093 0.278939681 0 0 0
C@CP 2575 -0.0233211741 0.388998947 0.252769106 0 0 0
C@CP 2576 -0.120088221 0.263819564 -0.0626338518 0 0 0
C@CP 2578 0.158226541 0.269413931 0.127956718 0 0 0
C@CP 2581 -0.166501877 -0.104201057 0.0934970706 0 0 0
C@CP 2582 -0.268797107 0.24341223 0.0232741839 0 0 0
C@CP 2583 0.160214515 0.0832203462 0.109007049 0 0 0
C@CP 2585 -0.0700751536 -0.250681471 0.199795005 0 0 0
C@CP 2589 0.225020866 0.224801396 -0.167238138 0 0 0
C@CP 2590 -0.292444925 -0.235641932 -0.022857044 0 0 0
C@CP 2596 -0.2824889 0.0440206234 -0.360925189 0 0 0
C@CP 2598 0.237013922 0.123400661 0.200798785 0 0 0
C@CP 2599 0.182528891 0.277432851 -0.111021579 0 0 0
C@CP 2602 -0.0471939072 -0.110213082 -0.32002838 0 0 0
C@CP 2604 0.190982952 0.318569789 -0.00362337085 0 0 0
C@CP 2605 -0.14056602 -0.114266522 -0.059703098 0 0 0
C@CP 2607 0.0976017544 0.219113936 0.133646576 0 0 0
C@CP 2610 -0.0442394179 0.402164424 -0.0277046879 0 0 0
C@CP 2614 0.401525606 0.0431190122 -0.257932243 0 0 0
C@CP 2615 0.227887488 0.322102915 -0.059759615 0 0 0
C@CP 2617 0.0926630189 0.118376957 0.131217994 0 0 0
C@CP 2618 -0.222209192 0.280186685 0.215426437 0 0 0
C@CP 2620 -0.1978608 -0.186933227 -0.05357013 0 0 0
C@CP 2621 0.0473395194 0.346892654 0.223364135 0 0 0
C@CP 2622 0.206646469 -0.277857664 0.0544759547 0 0 0
C@CP 2623 0.340329625 0.135299556 0.162652796 0 0 0
C@CP 2624 0.0251155563 0.0742917618 -0.148900349 0 0 0
C@CP 2626 0.327694478 -0.0560701522 0.308066124 0 0 0
C@CP 2628 0.228529111 0.249773485 -0.184854668 0 0 0
C@CP 2630 -0.00808682673 -0.0885746392 0.0121440299 0 0 0
C@CP 2632 0.232620349 0.152351894 -0.204437605 0 0 0
C@CP 2634 -0.435563476 0.128355127 0.0112509038 0 0 0
C@CP 2635 0.0408958344 -0.417454307 -0.169427367 0 0 0
C@CP 2637 -0.0300611525 0.363616429 -0.207686542 0 0 0
C@CP 2639 -0.164219394 -0.103447299 -0.134747727 0 0 0
C@CP 2640 -0.115449106 0.150796717 0.358437581 0 0 0
C@CP 2642 0.0637800449 -0.231174371 -0.0618210729 0 0 0
C@CP 2643 -0.376308149 -0.211464864 -0.00759963943 0 0 0
C@CP 2644 0.0748355065 0.0861650142 0.108063809 0 0 0
C@CP 2645 -0.267451185 -0.0214658141 -0.0602146829 0 0 0
C@CP 2646 -0.276707668 -0.046967696 -0.00986903309 0 0 0
C@CP 2647 0.0419796791 0.0171018849 -0.117779339 0 0 0
C@CP 2649 -0.302477453 -0.170503339 0.295534235 0 0 0
C@CP 2650 0.0935445168 -0.128469503 0.151381252 0 0 0
C@CP 2651 0.213078341 -0.335167332 0.2048122 0 0 0
C@CP 2652 -0.0957105584 -0.164813901 -0.361905488 0 0 0
C@CP 2654 -0.271955851 -0.318666472 -0.0108478884 0 0 0
C@CP 2659 -0.277780227 -0.177840172 -0.114799931 0 0 0
C@CP 2662 0.0372120083 -0.0716239195 0.0583563374 0 0 0
C@CP 2664 -0.0217043288 -0.439307505 -0.0191541168 0 0 0
C@CP 2666 0.152015699 0.0543805075 0.142904193 0 0 0
C@CP 2667 -0.164702292 0.339817982 0.0409290039 0 0 0
C@CP 2668 -0.301492788 0.0240449661 -0.249693777 0 0 0
C@CP 2672 -0.329651973 -0.247900252 -0.0514439818 0 0 0
C@CP 2673 0.166876112 -0.351199303 -0.226651061 0 0 0
C@CP 2674 0.379553664 -0.0659257936 -0.18142466 0 0 0
C@CP 2675 -0.0943602722 -0.127066196 0.155554634 0 0 0
C@CP 2676 -0.0379121677 0.272106546 -0.224369522 0 0 0
C@CP 2679 -0.0327484687 0.13693212 -0.401903346 0 0 0
C@CP 2680 0.14668418 0.0125463035 0.397915291 0 0 0
C@CP 2681 -0.193362651 0.364690786 -0.0903950724 0 0 0
C@CP 2682 0.1219214 0.227252181 0.344426383 0 0 0
C@CP 2684 0.0273260476 -0.0788732136 -0.00197324518 0 0 0
C@CP 2686 0.237031438 -0.230977642 -0.123183469 0 0 0
C@CP 2687 -0.0892455845 0.17445164 -0.405405844 0 0 0
C@CP 2689 -0.14761719 0.0988883178 0.270279517 0 0 0
C@CP 2690 0.0837185575 -0.393881519 -0.23489824 0 0 0
C@CP 2691 0.210026416 0.316971548 -0.0325157662 0 0 0
C@CP 2692 -0.230119509 0.0344050634 0.2005508 0 0 0
C@CP 2693 0.0504055129 -0.243468893 0.371830331 0 0 0
C@CP 2694 0.202787467 -0.125525963 -0.0897221952 0 0 0
C@CP 2698 0.097100364 0.0820093668 0.416028604 0 0 0
C@CP 2700 -0.00381484395 0.127005546 0.187192701 0 0 0
C@CP 2703 -0.246655115 0.0205602728 0.25128266 0 0 0
C@CP 2706 0.448479898 -0.0159181445 -0.0448170453 0 0 0
C@CP 2707 0.322636385 -0.112979763 0.10611193 0 0 0
C@CP 2708 -0.0911743814 0.15131336 -0.0387452897 0 0 0
C@CP 2709 0.169468642 0.0794424253 -0.0744041578 0 0 0
C@CP 2710 -0.1938229 -0.14187241 -0.136192093 0 0 0
C@CP 2711 -0.206853399 -0.129685395 0.354838106 0 0 0
C@CP 2713 -0.125479909 -0.395702635 0.112265544 0 0 0
C@CP 2714 0.343771802 0.0970766797 -0.267231398 0 0 0
C@CP 2715 0.238494077 0.182941827 -0.306578722 0 0 0
C@CP 2717 -0.276934204 -0.248364538 0.235606262 0 0 0
C@CP 2718 0.0944915919 -0.195303377 0.320543473 0 0 0
C@CP 2720 -0.286862924 -0.219202789 -0.0407478301 0 0 0
C@CP 2722 -0.0921747957 0.357084813 0.182199896 0 0 0
C@CP 2723 0.195316406 0.162451381 -0.0167201486 0 0 0
C@CP 2724 -0.297987217 0.191449385 -0.0727973699 0 0 0
C@CP 2725 -0.294618275 0.151666711 -0.221609728 0 0 0
C@CP 2727 0.00732611404 0.0582856697 -0.272705067 0 0 0
C@CP 2731 0.184185261 -0.205052924 -0.381013851 0 0 0
C@CP 2732 -0.0709106753 -0.206769191 0.029114779 0 0 0
C@CP 2733 -0.0181789786 0.32028386 -0.31700497 0 0 0
C@CP 2734 -0.0244941648 0.0900591165 0.20682168 0 0 0
C@CP 2736 0.282832465 -0.0628003804 0.282031867 0 0 0
C@CP 2737 0.0461604173 0.219064344 -0.0658384499 0 0 0
C@CP 2738 -0.0342165646 -0.443251746 -0.00506793132 0 0 0
C@CP 2739 0.107634667 -0.135254898 -0.396120538 0 0 0
C@CP 2741 0.259503844 -0.276821066 0.228510065 0 0 0
C@CP 2743 -0.443366583 -0.0370762476 -0.117910982 0 0 0
C@CP 2744 -0.220243078 -0.0719301275 -0.214840068 0 0 0
C@CP 2745 0.278861191 0.122214956 -0.191509121 0 0 0
C@CP 2746 0.35832668 0.148169225 0.21360002 0 0 0
C@CP 2747 0.229086334 -0.280119138 -0.076557058 0 0 0
C@CP 2748 -0.280226473 -0.265601807 0.115738319 0 0 0
C@CP 2752 0.233127358 -0.30522923 -0.136929059 0 0 0
C@CP 2753 -0.172167577 -0.247160942 -0.0221052354 0 0 0
C@CP 2754 -0.25213922 0.152661575 0.12546416 0 0 0
C@CP 2755 0.104764902 0.00081020249 0.383622029 0 0 0
C@CP 2756 0.159347136 0.177096221 -0.120365729 0 0 0
C@CP 2757 -0.272302762 0.00122174486 -0.145851115 0 0 0
C@CP 2758 -0.171301939 0.00762153679 0.415108989 0 0 0
C@CP 2759 -0.391904468 0.0810032312 -0.203400386 0 0 0
C@CP 2762 -0.31908701 0.10610835 0.197506004 0 0 0
C@CP 2765 0.0284817284 -0.341646888 -0.0245494191 0 0 0
C@CP 2768 0.0232981088 0.308840035 0.117184946 0 0 0
C@CP 2769 -0.139181403 0.153746939 0.0786779407 0 0 0
C@CP 2772 -0.0493339326 -0.373754391 -0.139241859 0 0 0
C@CP 2773 -0.113727516 0.0693393569 -0.121887667 0 0 0
C@CP 2777 0.248988638 -0.273161751 0.198098998 0 0 0
C@CP 2779 0.106794343 -0.034703558 0.169097804 0 0 0
C@CP 2780 -0.282975243 0.0944959141 0.176771979 0 0 0
C@CP 2781 0.353488425 0.260455158 0.0200525202 0 0 0
C@CP 2782 -0.189283541 -0.315985791 -0.154770614 0 0 0
C@CP 2784 -0.0162608971 -0.373709259 -0.2611663 0 0 0
C@CP 2785 -0.277861042 0.349058855 -0.0762495253 0 0 0
C@CP 2786 0.434080798 -0.109790944 0.126302968 0 0 0
C@CP 2787 0.106995015 0.230172446 -0.381046262 0 0 0
C@CP 2788 -0.0530835321 -0.241312647 0.347767659 0 0 0
C@CP 2790 0.168773009 -0.0250285119 0.146519812 0 0 0
C@CP 2792 0.203624618 -0.363382547 0.0983594642 0 0 0
C@CP 2793 -0.0272608642 0.0822688846 -0.361830489 0 0 0
C@CP 2794 -0.0646597562 -0.295656619 0.101505756 0 0 0
C@CP 2795 -0.127597122 -0.307896737 0.0201752726 0 0 0
C@CP 2796 0.233347533 0.323240914 0.141611067 0 0 0
C@CP 2798 0.0178205249 -0.214973197 0.198366258 0 0 0
C@CP 2799 -0.219578512 -0.296280619 -0.0797975087 0 0 0
C@CP 2802 -0.17186288 0.259732627 0.269715722 0 0 0
C@CP 2804 0.0325696306 -0.370571371 0.272069856 0 0 0
C@CP 2805 -0.316269368 -0.146224961 0.253857468 0 0 0
C@CP 2806 -0.206650152 0.226778238 -0.102364855 0 0 0
C@CP 2807 -0.320442747 -0.163232668 0.177894594 0 0 0
C@CP 2808 -0.069610819 -0.241973432 -0.0709438301 0 0 0
C@CP 2809 -0.190136304 -0.171439185 -0.301373084 0 0 0
C@CP 2810 -0.0199439417 0.0497181422 0.33258409 0 0 0
C@CP 2812 0.384307535 -0.0407140548 0.206234779 0 0 0
C@CP 2813 -0.14547983 0.230717106 -0.235688851 0 0 0
C@CP 2814 0.184149514 0.332871244 0.119834517 0 0 0
C@CP 2815 0.0855971749 -0.21338764 -0.103027867 0 0 0
C@CP 2818 -0.30687331 0.034620242 0.236595442 0 0 0
C@CP 2819 -0.221654346 -0.343403153 0.0853401957 0 0 0
C@CP 2820 0.307800958 0.281323736 0.094781106 0 0 0
C@CP 2821 -0.399080201 -0.194979939 -0.100878832 0 0 0
C@CP 2822 -0.116478023 -0.0820286951 -0.298070469 0 0 0
C@CP 2823 -0.366401676 0.149468175 -0.215269888 0 0 0
C@CP 2824 -0.0415700229 0.46379485 0.0503639574 0 0 0
C@CP 2827 0.262455621 0.163058634 -0.103686892 0 0 0
C@CP 2829 -0.262914974 -0.1709324 0.200529176 0 0 0
C@CP 2831 -0.172727896 0.167267598 0.10869196 0 0 0
C@CP 2833 -0.174044429 0.167977562 -0.0690514453 0 0 0
C@CP 2837 -0.152402903 -0.395067437 0.194291125 0 0 0
C@CP 2838 -0.158568715 0.0265022108 -0.022016906 0 0 0
C@CP 2839 -0.174590488 -0.0916899667 -0.124516261 0 0 0
C@CP 2840 -0.0100585336 -0.433340425 -0.0149540365 0 0 0
C@CP 2842 -0.0223877611 -0.00977920724 0.354133191 0 0 0
C@CP 2843 0.399866334 -0.160037043 -0.090727756 0 0 0
C@CP 2844 -0.05120716 -0.0395716999 -0.128910629 0 0 0
C@CP 2845 0.124354781 -0.209534206 0.124971412 0 0 0
C@CP 2846 0.179609196 0.270142658 0.312190763 0 0 0
C@CP 2847 -0.202582031 0.0217858217 -0.182529116 0 0 0
C@CP 2849 -0.128965211 0.182514853 0.270817103 0 0 0
C@CP 2850 0.0104010577 0.108967096 -0.169433619 0 0 0
C@CP 2852 -0.185590653 0.379625397 -0.178345173 0 0 0
C@CP 2854 0.136866013 -0.00166126547 0.00605428563 0 0 0
C@CP 2855 0.0840002383 0.107012794 0.445176007 0 0 0
C@CP 2856 0.102746708 0.0544607353 -0.44796706 0 0 0
C@CP 2857 0.200109647 0.389010417 -0.00423246509 0 0 0
C@CP 2858 0.298396466 0.0675326965 -0.0753517665 0 0 0
C@CP 2859 -0.342923128 0.235603207 0.0752158576 0 0 0
C@CP 2860 0.107056863 0.224786696 -0.240431171 0 0 0
C@CP 2861 -0.129468141 -0.151487997 -0.210895358 0 0 0
C@CP 2862 -0.123306596 0.0968107313 0.107046314 0 0 0
C@CP 2863 0.155673038 -0.330432981 0.0171402084 0 0 0
C@CP 2864 0.309947054 -0.191746178 0.194499334 0 0 0
C@CP 2866 0.0814328621 -0.254853093 0.332381115 0 0 0
C@CP 2867 0.0303706682 0.1501647 -0.144591229 0 0 0
C@CP 2868 -0.179845916 0.114916243 -0.215646758 0 0 0
C@CP 2869 0.052633595 -0.0414124837 -0.136573134 0 0 0
C@CP 2873 -0.360950709 -0.0663578762 0.171146062 0 0 0
C@CP 2875 0.144660083 0.396447085 0.108153052 0 0 0
C@CP 2880 -0.0499097605 0.182192511 -0.111516499 0 0 0
C@CP 2881 0.0315102385 -0.00216747204 -0.389577243 0 0 0
C@CP 2882 0.147287971 0.308262449 -0.128469857 0 0 0
C@CP 2883 -0.137646473 -0.0884828219 -0.301744085 0 0 0
C@CP 2884 0.0389970514 0.40260182 -0.0772540647 0 0 0
C@CP 2886 0.108396339 -0.413652253 0.179237049 0 0 0
C@CP 2890 0.127046602 0.216600229 0.346897011 0 0 0
C@CP 2891 -0.190454379 -0.156613276 0.355240995 0 0 0
C@CP 2892 0.00291195989 0.381135173 -0.036099927 0 0 0
C@CP 2893 0.352309368 0.128766275 0.242810433 0 0 0
C@CP 2898 0.321806395 -0.333466654 0.0474501138 0 0 0
C@CP 2899 -0.0380170015 0.19642611 -0.233182471 0 0 0
C@CP 2900 -0.219149498 0.223174638 -0.143576223 0 0 0
C@CP 2901 0.0809826322 -0.0505443965 -0.19787384 0 0 0
C@CP 2902 0.432981015 -0.123728145 0.119691305 0 0 0
C@CP 2905 -0.231103962 -0.179536376 0.247916722 0 0 0
C@CP 2906 0.346748383 0.20401857 -0.234969204 0 0 0
C@CP 2907 0.380901751 0.239370553 -0.0773796675 0 0 0
C@CP 2909 -0.125927007 -0.139365565 -0.148265021 0 0 0
C@CP 2910 0.363605715 -0.0113917154 0.242767646 0 0 0
C@CP 2913 -0.0435785084 0.195610788 -0.139174431 0 0 0
C@CP 2916 -0.269332946 0.199052322 -0.0235592286 0 0 0
C@CP 2918 0.0929575222 0.194111392 -0.118914594 0 0 0
C@CP 2919 -0.299895423 0.0387590875 0.0472801292 0 0 0
C@CP 2920 0.0681334004 0.42487293 -0.180205677 0 0 0
C@CP 2921 -0.209719742 -0.0901184507 0.130667404 0 0 0
C@CP 2923 -0.287765225 -0.229999773 0.102647202 0 0 0
C@CP 2925 0.0383540898 -0.206881066 -0.34490961 0 0 0
C@CP 2926 0.444951502 0.0658371414 0.0619829005 0 0 0
C@CP 2927 -0.0576762963 0.0302031233 0.349370758 0 0 0
C@CP 2928 0.282559396 -0.289382042 0.121610228 0 0 0
C@CP 2929 0.274680739 0.249285941 -0.275336881 0 0 0
C@CP 2930 0.0527438903 0.271161587 0.0921348726 0 0 0
C@CP 2931 -0.0525453399 0.242678575 0.146479086 0 0 0
C@CP 2933 -0.264993712 0.0475030082 0.184223743 0 0 0
C@CP 2934 0.142650421 0.159701022 -0.293296954 0 0 0
C@CP 2937 -0.202143047 0.150128264 0.27870477 0 0 0
C@CP 2938 0.126050541 0.303336068 -0.0954034014 0 0 0
C@CP 2939 0.414085378 0.0952840455 -0.0393035962 0 0 0
C@CP 2941 -0.437346405 0.0465427587 -0.128226538 0 0 0
C@CP 2943 0.174229209 -0.324521693 -0.0193959135 0 0 0
C@CP 2945 -0.192945459 -0.193260609 0.293783124 0 0 0
C@CP 2946 -0.315344367 -0.0301703946 -0.197866265 0 0 0
C@CP 2948 0.118028454 0.111496512 0.400453378 0 0 0
C@CP 2951 -0.0109943986 0.369095866 -0.0264911109 0 0 0
C@CP 2953 0.148938328 0.071525117 0.322965473 0 0 0
C@CP 2954 0.380451184 0.105429007 -0.19704189 0 0 0
C@CP 2956 0.0456559955 0.24584868 -0.0633106064 0 0 0
C@CP 2959 0.243882527 -0.0926640311 0.259923506 0 0 0
C@CP 2960 0.181705603 0.300845154 -0.0548894785 0 0 0
C@CP 2963 -0.321877693 -0.314557441 -0.0405651061 0 0 0
C@CP 2964 -0.300654313 -0.235567158 0.158305812 0 0 0
C@CP 2965 -0.000634980311 0.118617946 -0.340704377 0 0 0
C@CP 2968 0.19167344 -0.220778876 0.129733338 0 0 0
C@CP 2969 -0.179313797 -0.0310776084 0.0135287687 0 0 0
C@CP 2970 -0.0828394353 0.418443702 -0.110295912 0 0 0
C@CP 2971 -0.0809631422 0.0641011155 -0.316999099 0 0 0
C@CP 2972 0.0777927493 0.134112738 -0.302819286 0 0 0
C@CP 2974 0.29350351 -0.0801549058 0.319273561 0 0 0
C@CP 2976 0.196280611 -0.242763249 0.265215373 0 0 0
C@CP 2977 0.258920778 0.0813645784 0.188660767 0 0 0
C@CP 2979 0.0686748155 0.181733205 -0.342368376 0 0 0
C@CP 2980 -0.155811223 -0.0787334872 -0.108522324 0 0 0
C@CP 2982 0.396383229 -0.121399084 -0.211878346 0 0 0
C@CP 2983 0.275453552 -0.0814317315 0.214106802 0 0 0
C@CP 2985 0.301237806 -0.0454550822 -0.271118522 0 0 0
C@CP 2987 -0.130430514 -0.0837418407 -0.1736565 0 0 0
C@CP 2988 -0.218254734 0.391166212 -0.123041306 0 0 0
C@CP 2990 0.090713104 0.117027628 0.333559332 0 0 0
C@CP 2993 0.251940626 0.131611011 0.320008185 0 0 0
C@CP 2994 0.0758023663 0.16834094 0.16623307 0 0 0
C@CP 2996 0.010947513 -0.0333737466 0.340851622 0 0 0
C@CP 2997 0.0374535528 -0.362511741 -0.222659851 0 0 0
C@CP 2998 -0.140881577 0.223671066 -0.351847855 0 0 0
C@CP 3000 -0.0514548053 0.0132101386 -0.12501864 0 0 0
C@CP 3001 0.18016766 -0.251717334 0.0581648986 0 0 0
C@CP 3002 0.0928742666 -0.397584091 0.232039396 0 0 0
C@CP 3003 -0.14148156 -0.0263918447 -0.313599958 0 0 0
C@CP 3004 0.129000175 -0.316045597 0.0945901933 0 0 0
C@CP 3006 0.398140563 -0.0565956256 -0.197963766 0 0 0
C@CP 3007 0.323833747 -0.201770341 -0.027288723 0 0 0
C@CP 3008 0.433869402 -0.0250460524 0.127104164 0 0 0
C@CP 3010 -0.0630295189 0.0268700496 0.319701017 0 0 0
C@CP 3011 0.396879442 -0.224715899 -0.0690010018 0 0 0
C@CP 3012 0.226039583 -0.182844316 0.18178457 0 0 0
C@CP 3014 -0.360134593 -0.0694279892 -0.153722034 0 0 0
C@CP 3015 0.417863832 0.0773836355 0.0861836771 0 0 0
C@CP 3016 -0.205505337 0.211389918 0.35663122 0 0 0
C@CP 3017 -0.292076781 -0.0125322291 -0.286778626 0 0 0
C@CP 3019 -0.140426085 -0.333050342 -0.19468328 0 0 0
C@CP 3020 -0.00892070656 0.176133283 -0.231852501 0 0 0
C@CP 3021 -0.13351736 -0.0456614659 -0.150495466 0 0 0
C@CP 3022 -0.40475808 0.211303128 -0.034100335 0 0 0
C@CP 3025 -0.381251848 0.160286776 0.123528918 0 0 0
C@CP 3027 -0.102715535 0.246035446 0.329832711 0 0 0
C@CP 3029 0.146549707 0.0534617885 -0.365589328 0 0 0
C@CP 3030 0.386090184 0.042563483 0.0665794612 0 0 0
C@CP 3031 -0.0342601387 -0.158300538 -0.435160798 0 0 0
C@CP 3032 0.204067358 -0.179156291 0.306209545 0 0 0
C@CP 3034 0.0385459661 0.188154784 -0.369420479 0 0 0
C@CP 3037 -0.126979435 -0.393138274 0.169069836 0 0 0
C@CP 3038 0.0305487581 -0.308976318 0.356122831 0 0 0
C@CP 3039 -0.0536012364 -0.245486796 0.358130378 0 0 0
C@CP 3040 0.103167351 0.21945143 -0.403536342 0 0 0
C@CP 3041 0.262055299 -0.0181809889 -0.313119358 0 0 0
C@CP 3043 0.116041998 -0.324659027 -0.25103231 0 0 0
C@CP 3045 -0.244153311 0.0711370884 0.0631419297 0 0 0
C@CP 3046 -0.120465198 -0.331513223 0.283239373 0 0 0
C@CP 3047 0.00824999727 0.0492033559 0.357564537 0 0 0
C@CP 3048 -0.218200288 0.312793011 -0.142352629 0 0 0
C@CP 3049 -0.0936248065 -0.0945971031 0.195629301 0 0 0
C@CP 3051 0.215114923 0.275416598 0.141077479 0 0 0
C@CP 3053 -0.10714469 0.0408321703 0.206800256 0 0 0
C@CP 3054 0.10665382 -0.0754617942 0.0501266417 0 0 0
C@CP 3055 -0.0732247038 0.132153229 -0.164013984 0 0 0
C@CP 3056 -0.0241022207 -0.215606752 -0.134864181 0 0 0
C@CP 3057 -0.252183421 -0.0117706504 -0.162262456 0 0 0
C@CP 3058 -0.152755695 0.164743478 -0.361335405 0 0 0
C@CP 3060 0.398420863 0.0179713379 -0.222079621 0 0 0
C@CP 3064 -0.275252273 0.236524032 0.219973322 0 0 0
C@CP 3066 0.0864648093 0.386694997 -0.202869874 0 0 0
C@CP 3069 -0.120576464 0.261319141 0.343362813 0 0 0
C@CP 3072 -0.316507358 0.322759184 -0.000829621002 0 0 0
C@CP 3073 0.280482889 -0.275338538 0.16216566 0 0 0
C@CP 3075 -0.0394159209 -0.117348749 0.124237613 0 0 0
C@CP 3079 0.334689944 0.126695135 0.163018599 0 0 0
C@CP 3080 -0.00363051491 -0.0355677579 -0.363450671 0 0 0
C@CP 3081 0.354268237 0.195917545 -0.0541896909 0 0 0
C@CP 3082 0.297943854 0.148303791 -0.0119736518 0 0 0
C@CP 3083 0.149782928 -0.383515644 -0.0298931024 0 0 0
C@CP 3088 0.218708291 0.290150644 -0.0755802348 0 0 0
C@CP 3089 -0.0390150712 0.353516049 -0.205641183 0 0 0
C@CP 3091 0.251130762 0.122538605 -0.0933620262 0 0 0
C@CP 3092 -0.244019461 -0.0444071225 -0.0253670847 0 0 0
C@CP 3093 -0.00984098983 0.202527159 0.127883227 0 0 0
C@CP 3094 0.160176048 0.111342899 -0.206867395 0 0 0
C@CP 3095 0.0794777934 -0.0543253827 -0.144242693 0 0 0
C@CP 3096 -0.269851041 -0.0869538158 0.130080385 0 0 0
C@CP 3097 0.0935153233 -0.00837265025 -0.193944827 0 0 0
C@CP 3102 0.38057858 0.240823358 0.0486056993 0 0 0
C@CP 3103 -0.3485174 -0.117866091 -0.122835181 0 0 0
C@CP 3104 0.0319816664 -0.0513368845 -0.313017519 0 0 0
C@CP 3105 0.146534445 0.114065685 -0.153584944 0 0 0
C@CP 3106 0.216062411 0.100764051 0.140437947 0 0 0
C@CP 3114 0.00109811313 0.0585802934 0.0422501043 0 0 0
C@CP 3115 0.0131638143 -0.25668336 -0.0215778345 0 0 0
C@CP 3116 0.0387505983 0.0162828184 -0.159805216 0 0 0
C@CP 3117 -0.014347968 -0.156468928 -0.213235855 0 0 0
C@CP 3121 0.100919293 -0.0626303581 -0.296208773 0 0 0
C@CP 3125 -0.0377100885 -0.0264371861 -0.450937411 0 0 0
C@CP 3127 -0.023373136 -0.40536491 0.215703843 0 0 0
C@CP 3128 0.126594714 0.194659016 0.327993481 0 0 0
C@CP 3129 -0.183773678 0.315288187 -0.0441562529 0 0 0
C@CP 3131 -0.0461202544 0.0214345894 0.470125967 0 0 0
C@CP 3134 0.167450085 0.198634704 -0.133003964 0 0 0
C@CP 3138 -0.225018114 0.167702293 -0.293188269 0 0 0
C@CP 3139 -0.019348148 0.0887776191 0.355374407 0 0 0
C@CP 3140 0.317755889 -0.326389788 -0.0798559236 0 0 0
C@CP 3142 0.353774041 0.0822565607 -0.00562185653 0 0 0
C@CP 3143 0.227244688 -0.0563786603 0.12468812 0 0 0
C@CP 3146 -0.242745927 0.0826209884 0.288613044 0 0 0
C@CP 3148 0.148403681 -0.0120401195 -0.0573853187 0 0 0
C@CP 3150 -0.126360444 -0.180588726 -0.269691028 0 0 0
C@CP 3151 -0.0162625767 -0.203511993 0.234760576 0 0 0
C@CP 3152 -0.0754945096 -0.216300027 -0.302421712 0 0 0
C@CP 3154 -0.172097033 -0.150753916 -0.269765322 0 0 0
C@CP 3155 0.0338113883 0.185819029 0.406105382 0 0 0
C@CP 3158 0.234624117 -0.298754628 0.23669121 0 0 0
C@CP 3159 0.381169418 -0.26079484 -0.0488793814 0 0 0
C@CP 3160 0.0689784416 0.18837871 0.31210146 0 0 0
C@CP 3161 0.262394848 0.140073584 -0.344809725 0 0 0
C@CP 3162 0.0280300736 0.312528685 -0.229388165 0 0 0
C@CP 3163 0.268217838 0.202048809 -0.116046165 0 0 0
C@CP 3167 0.0454733786 -0.287314473 -0.219985457 0 0 0
C@CP 3170 -0.20893674 0.0758049812 -0.28143822 0 0 0
C@CP 3171 -0.26433184 0.125634404 -0.203283887 0 0 0
C@CP 3172 -0.394711915 -0.0343451714 0.201785271 0 0 0
C@CP 3173 0.231380347 -0.169285242 -0.149880691 0 0 0
C@CP 3177 -0.419741236 0.137619096 -0.0993291492 0 0 0
C@CP 3179 0.0281168276 -0.274137436 0.226944831 0 0 0
C@CP 3182 0.205276542 0.0842819779 0.382046716 0 0 0
C@CP 3184 0.181119388 -0.080056085 -0.142671362 0 0 0
C@CP 3185 0.363139828 -0.091001756 -0.0200768269 0 0 0
C@CP 3186 0.308763843 -0.152563665 -0.184572872 0 0 0
C@CP 3187 -0.183435873 -0.0418467633 -0.160149744 0 0 0
C@CP 3189 0.114003938 -0.204470996 0.3313219 0 0 0
C@CP 3192 -0.410824927 -0.0133319618 0.107781407 0 0 0
C@CP 3196 -0.093684278 -0.0588682544 0.038386129 0 0 0
C@CP 3197 0.2523404 0.253355083 -0.293495562 0 0 0
C@CP 3198 -0.26363812 0.130504851 -0.11611918 0 0 0
C@CP 3200 -0.170896678 0.215889481 0.278173204 0 0 0
C@CP 3202 -0.306860585 -0.0699845097 -0.0744875072 0 0 0
C@CP 3203 0.226977475 0.307405629 0.145242841 0 0 0
C@CP 3205 -0.0283558967 -0.0805856364 -0.437668849 0 0 0
C@CP 3206 0.268913719 -0.222648059 0.00638378237 0 0 0
C@CP 3207 0.0523894295 0.276069209 0.166495477 0 0 0
C@CP 3212 -0.35405161 -0.0594174224 -0.109075325 0 0 0
C@CP 3213 0.061554478 -0.184659883 0.0994203439 0 0 0
C@CP 3216 -0.147460949 -0.359435046 -0.208219879 0 0 0
C@CP 3220 -0.163308925 -0.00882526224 0.424999777 0 0 0
C@CP 3222 0.23526117 0.155600001 -0.116683748 0 0 0
C@CP 3224 -0.241751084 -0.303723217 -0.18548674 0 0 0
C@CP 3226 0.371254423 -0.069992834 0.0349456892 0 0 0
C@CP 3227 0.0519455428 -0.0369321787 -0.393210446 0 0 0
C@CP 3229 0.071003517 0.0528004963 0.0881109007 0 0 0
C@CP 3230 -0.22168952 0.372273664 -0.0988653628 0 0 0
C@CP 3231 0.216792598 0.0658582894 0.252357478 0 0 0
C@CP 3232 0.0344991569 0.207906186 -0.0209117434 0 0 0
C@CP 3233 -0.310400907 -0.207646258 -0.278579577 0 0 0
C@CP 3234 0.0894429257 0.0305686984 0.142522687 0 0 0
C@CP 3237 0.377732072 0.202893178 -0.0483304398 0 0 0
C@CP 3238 0.174269525 0.24964601 -0.227657239 0 0 0
C@CP 3240 -0.0397793366 -0.0937314238 0.158319113 0 0 0
C@CP 3242 -0.106685119 0.0314518675 -0.301829644 0 0 0
C@CP 3243 -0.280871141 -0.243489433 -0.135162842 0 0 0
C@CP 3244 0.301469417 0.246110116 -0.0651526831 0 0 0
C@CP 3245 0.265784485 -0.294507686 -0.18637634 0 0 0
C@CP 3246 -0.100582964 0.157274493 -0.00385437953 0 0 0
C@CP 3247 -0.165273791 -0.289446016 -0.147188284 0 0 0
C@CP 3248 -0.128942373 -0.267745596 -0.358022188 0 0 0
C@CP 3251 0.071846032 0.429560782 -0.1176371 0 0 0
C@CP 3252 0.084852193 -0.0990235075 0.0218685237 0 0 0
C@CP 3254 -0.1918366 -0.355510091 0.0659092303 0 0 0
C@CP 3256 0.101498418 -0.132898687 -0.179867586 0 0 0
C@CP 3257 0.41608148 -0.133948099 -0.0462574758 0 0 0
C@CP 3258 0.163034806 -0.35667698 -0.17934767 0 0 0
C@CP 3259 0.0233815632 -0.343831071 -0.260842606 0 0 0
C@CP 3260 -0.174714585 -0.405399772 0.0286384992 0 0 0
C@CP 3262 -0.0597971622 -0.204879533 -0.0309807755 0 0 0
C@CP 3263 -0.230590067 -0.122768672 0.0845371617 0 0 0
C@CP 3264 0.122160156 -0.382095839 0.137825889 0 0 0
C@CP 3266 -0.219812451 0.217619128 0.213665324 0 0 0
C@CP 3269 0.38991345 -0.104227157 0.233766265 0 0 0
C@CP 3270 -0.17680806 -0.0350859454 0.36285938 0 0 0
C@CP 3271 0.167002576 -0.223762234 -0.198930343 0 0 0
C@CP 3272 -0.339336623 0.23544311 0.0978555474 0 0 0
C@CP 3273 -0.0556832614 0.412778195 0.0586759196 0 0 0
C@CP 3275 -0.237519019 0.145537436 0.0984230072 0 0 0
C@CP 3276 -0.149187934 0.313195441 0.306404664 0 0 0
C@CP 3278 -0.0606826216 0.260272673 -0.236195693 0 0 0
C@CP 3280 -0.396398408 -0.0270761232 0.0910590903 0 0 0
C@CP 3281 -0.152001857 -0.191971375 0.182173075 0 0 0
C@CP 3282 -0.271739456 0.178213044 0.154015786 0 0 0
C@CP 3285 0.0972062353 0.422448958 0.0113051328 0 0 0
C@CP 3286 0.0977888287 0.142021593 0.388089817 0 0 0
C@CP 3287 0.219794366 -0.000176228744 -0.14121757 0 0 0
C@CP 3288 0.0623768184 0.209988957 -0.275417995 0 0 0
C@CP 3289 0.172817209 0.0916934797 -0.252261684 0 0 0
C@CP 3292 0.28052542 -0.259511613 -0.0503947714 0 0 0
C@CP 3293 0.040497119 0.22926303 0.000661970001 0 0 0
C@CP 3294 0.116257754 -0.118808509 0.149417266 0 0 0
C@CP 3296 0.0645814237 0.180819404 0.0687869012 0 0 0
C@CP 3297 0.0533570355 0.289767868 -0.242331199 0 0 0
C@CP 3302 -0.108723852 0.145779842 -0.388719484 0 0 0
C@CP 3304 0.270531418 -0.363707854 -0.0367089958 0 0 0
C@CP 3308 -0.156294719 -0.229609711 -0.371377612 0 0 0
C@CP 3309 0.117103594 -0.276416734 -0.221335556 0 0 0
C@CP 3310 0.0305701029 0.416147591 0.00387774639 0 0 0
C@CP 3311 0.0686832868 -0.119350881 0.186704917 0 0 0
C@CP 3312 0.461818585 0.0345572007 -0.0574644126 0 0 0
C@CP 3317 -0.0394211892 -0.254437286 -0.224327462 0 0 0
C@CP 3318 -0.23352606 0.0378351755 0.38362426 0 0 0
C@CP 3320 0.330431426 0.00898058141 -0.326258913 0 0 0
C@CP 3321 -0.333051067 0.0777788025 0.0347915953 0 0 0
C@CP 3323 -0.105119828 0.318280596 -0.051809902 0 0 0
C@CP 3324 -0.037054977 -0.0829297374 0.0754057906 0 0 0
C@CP 3325 0.00896361006 0.258485946 0.339314528 0 0 0
C@CP 3329 0.188434981 0.278088327 -0.156251052 0 0 0
C@CP 3330 -0.023832332 -0.0660731839 0.148087653 0 0 0
C@CP 3332 0.153088416 0.126764354 -0.0189664561 0 0 0
C@CP 3334 0.129583272 -0.00461209421 0.191822982 0 0 0
C@CP 3335 -0.352236512 0.193195717 -0.240204746 0 0 0
C@CP 3336 0.213063601 -0.272931561 0.195535902 0 0 0
C@CP 3337 0.257216468 0.105220374 -0.281949096 0 0 0
C@CP 3338 0.0625682459 -0.0898822856 -0.292137255 0 0 0
C@CP 3340 0.277957573 -0.0524340129 -0.334779739 0 0 0
C@CP 3341 -0.127802696 -0.29427272 0.316598363 0 0 0
C@CP 3342 0.36111048 -0.264507014 -0.128219651 0 0 0
C@CP 3344 0.0392498363 0.272143211 -0.0286840035 0 0 0
C@CP 3346 0.275634315 -0.148826566 -0.312153765 0 0 0
C@CP 3347 0.0125352338 -0.0934100458 -0.162577685 0 0 0
C@CP 3348 0.304014083 -0.212353199 -0.234428572 0 0 0
C@CP 3349 0.282234511 0.259406981 0.0429351355 0 0 0
C@CP 3350 0.0306352618 -0.0763034648 -0.178241174 0 0 0
C@CP 3355 -0.156626715 -0.14081479 0.204421663 0 0 0
C@CP 3356 0.335268023 -0.0484697813 -0.034837957 0 0 0
C@CP 3357 -0.248975314 0.253539857 -0.0382817862 0 0 0
C@CP 3362 -0.0607464107 0.119607162 0.0408225493 0 0 0
C@CP 3364 0.385582753 0.0301234735 -0.157011702 0 0 0
C@CP 3365 -0.316214598 -0.27071146 -0.0792484258 0 0 0
C@CP 3368 0.0611058229 -0.316707122 0.131948709 0 0 0
C@CP 3369 -0.31288655 0.221713849 -0.10338013 0 0 0
C@CP 3370 0.13902752 0.40270702 0.224746701 0 0 0
C@CP 3371 0.319548581 -0.0243119409 -0.125558779 0 0 0
C@CP 3372 0.193605144 -0.137383367 -0.177766545 0 0 0
C@CP 3374 -0.0432482977 -0.402392219 0.0596128203 0 0 0
C@CP 3376 -0.108511863 0.083238688 0.4140099 0 0 0
C@CP 3377 0.215122102 0.0251732808 -0.316200949 0 0 0
C@CP 3378 0.043476995 -0.244304235 -0.0816714862 0 0 0
C@CP 3382 0.196414517 -0.0318999412 0.321573739 0 0 0
C@CP 3383 0.0566974313 -0.282221589 0.147332695 0 0 0
C@CP 3386 -0.201051709 -0.398393585 0.0512369584 0 0 0
C@CP 3387 -0.282989714 -0.147609316 0.286141188 0 0 0
C@CP 3388 -0.307171039 -0.30562659 0.144059653 0 0 0
C@CP 3389 -0.236389089 0.0125867928 -0.344099582 0 0 0
C@CP 3390 -0.271872288 -0.0801291393 0.209561412 0 0 0
C@CP 3391 -0.00465954849 -0.160586649 -0.210636615 0 0 0
C@CP 3392 -0.199499023 0.197399656 -0.140716548 0 0 0
C@CP 3393 -0.29463504 0.256743787 0.0345691539 0 0 0
C@CP 3394 -0.102358657 0.13381464 -0.179069202 0 0 0
C@CP 3396 -0.357915429 -0.162442992 0.104391808 0 0 0
C@CP 3397 0.257386737 -0.336940382 -0.190628098 0 0 0
C@CP 3399 -0.0526942257 0.190937672 0.00422787688 0 0 0
C@CP 3400 0.186176827 0.000595421893 0.0632355415 0 0 0
C@CP 3401 0.320213518 0.197523613 -0.0396874267 0 0 0
C@CP 3402 0.215430406 0.111177463 -0.153800293 0 0 0
C@CP 3403 0.0697091752 -0.457810132 -0.0226243298 0 0 0
C@CP 3404 -0.371397956 0.00572025973 0.245813411 0 0 0
C@CP 3405 0.101230784 -0.0481737194 -0.405771708 0 0 0
C@CP 3406 0.183416634 -0.0749579281 0.309194746 0 0 0
C@CP 3407 -0.193757623 -0.289911353 -0.268597886 0 0 0
C@CP 3408 -0.259511027 -0.00846007681 0.0623812656 0 0 0
C@CP 3409 0.104481547 0.0514548387 0.406386132 0 0 0
C@CP 3410 -0.266422406 -0.190302241 -0.281663198 0 0 0
C@CP 3412 -0.0177872495 0.174812986 -0.309045107 0 0 0
C@CP 3413 -0.323881715 0.158630129 0.0551574946 0 0 0
C@CP 3414 -0.0324298185 0.297939597 0.123530156 0 0 0
C@CP 3416 0.0349716033 -0.117303246 -0.30601524 0 0 0
C@CP 3418 -0.111041144 0.255494515 0.222953664 0 0 0
C@CP 3419 -0.371081972 -0.0288333709 0.00685556373 0 0 0
C@CP 3420 0.0393844781 -0.145580913 0.376183096 0 0 0
C@CP 3421 -0.021607064 -0.189363724 0.307715782 0 0 0
C@CP 3423 0.39644444 -0.00255621271 -0.110421271 0 0 0
C@CP 3425 0.139968148 -0.00234105666 -0.142287146 0 0 0
C@CP 3427 0.0333661986 0.261989875 0.364090135 0 0 0
C@CP 3428 0.147598499 -0.114441873 0.190353335 0 0 0
C@CP 3429 0.314235655 -0.0516879782 -0.136524175 0 0 0
C@CP 3432 0.234848171 -0.355123973 0.0321028531 0 0 0
C@CP 3433 0.247363877 0.226580381 0.12445311 0 0 0
C@CP 3434 0.393968465 -0.106314689 0.191187757 0 0 0
C@CP 3435 0.336441474 -0.0760175124 -0.0741706429 0 0 0
C@CP 3436 0.278588579 -0.189492198 -0.0736553345 0 0 0
C@CP 3441 -0.358788543 0.184278013 0.150049946 0 0 0
C@CP 3442 -0.211495454 -0.056348857 -0.264177145 0 0 0
C@CP 3445 0.00169020859 0.353461389 -0.304599905 0 0 0
C@CP 3446 0.361500526 -0.0912488334 -0.0292657004 0 0 0
C@CP 3447 0.00756055128 0.365953816 -0.197709888 0 0 0
C@CP 3452 -0.281982385 -0.222081802 0.166581974 0 0 0
C@CP 3454 -0.246582181 0.0199747417 0.0235216097 0 0 0
C@CP 3455 0.230530898 -0.25543584 0.0515953045 0 0 0
C@CP 3457 -0.237118997 0.064529489 0.0396820029 0 0 0
C@CP 3460 -0.00332741805 -0.185189429 0.371875412 0 0 0
C@CP 3462 0.402146798 0.0733900676 0.00833087671 0 0 0
C@CP 3464 0.155825034 -0.360809312 0.144169753 0 0 0
C@CP 3465 -0.19068956 0.0860830356 -0.0968510478 0 0 0
C@CP 3466 0.344126353 -0.171966644 0.137306008 0 0 0
C@CP 3468 -0.16649033 0.169923274 -0.219479123 0 0 0
C@CP 3470 0.321327292 -0.253352669 0.133913277 0 0 0
C@CP 3471 0.194316918 -0.189669691 0.0567951493 0 0 0
C@CP 3472 0.24405869 -0.21061449 0.127385631 0 0 0
C@CP 3473 0.0167926387 -0.240763344 0.183803179 0 0 0
C@CP 3474 0.376492357 -0.119203911 0.102213345 0 0 0
C@CP 3475 -0.37236814 -0.219190702 0.150559128 0 0 0
C@CP 3477 -0.0749185366 0.358443872 0.269320183 0 0 0
C@CP 3478 0.179463714 0.0431853294 -0.297788958 0 0 0
C@CP 3479 0.0424073599 -0.0431895325 0.0878296779 0 0 0
C@CP 3480 0.204421436 -0.212735471 0.323273842 0 0 0
C@CP 3482 -0.0394349447 -0.409028669 0.032420179 0 0 0
C@CP 3483 0.160656283 0.304444991 0.262337992 0 0 0
C@CP 3486 -0.0123813652 0.00512518132 -0.447946822 0 0 0
C@CP 3490 0.308781567 0.0170903711 -0.141414959 0 0 0
C@CP 3491 -0.288197805 -0.0817926151 0.0578152043 0 0 0
C@CP 3494 -0.301867711 -0.21576031 0.268290962 0 0 0
C@CP 3497 0.0745878564 0.337732744 0.0275584378 0 0 0
C@CP 3498 -0.044762369 -0.315420023 -0.108898468 0 0 0
C@CP 3499 -0.184918718 0.119818289 -0.224522475 0 0 0
C@CP 3502 0.339200728 0.132882889 -0.0346554178 0 0 0
C@CP 3505 0.0638514073 0.242873588 0.397619656 0 0 0
B@CP 3507 0.0832156344 0.125593489 0.390107469 0 0 0
C@CP 3508 -0.232931597 0.027004031 0.0774137296 0 0 0
C@CP 3517 0.154380483 0.0339994941 -0.127307935 0 0 0
B@CP 3519 -0.0856430047 0.349885471 0.075377516 0 0 0
B@CP 3521 -0.146127182 -0.185095053 -0.378634427 0 0 0
C@CP 3523 0.214114305 0.142790648 0.102380992 0 0 0
B@CP 3527 0.0271693455 -0.0313826048 0.335773077 0 0 0
C@CP 3529 -0.109730157 0.00160949706 0.415243236 0 0 0
C@CP 3532 -0.217964322 -0.00793186334 0.302760243 0 0 0
B@CP 3537 -0.166899554 0.0674128432 -0.0117816036 0 0 0
B@CP 3541 0.297375697 0.0868870076 -0.307989681 0 0 0
C@CP 3542 0.179694298 0.0547643992 0.0949436044 0 0 0
C@CP 3543 -0.0129783771 -0.163779835 -0.312534521 0 0 0
B@CP 3546 0.063610066 0.00761206312 -0.310847057 0 0 0
B@CP 3548 -0.194993562 -0.265297958 0.191507463 0 0 0
C@CP 3551 0.285525347 0.0535095839 -0.124456411 0 0 0
B@CP 3557 -0.257608016 -0.295195906 0.138503512 0 0 0
C@CP 3558 -0.115568949 0.14965505 -0.266331333 0 0 0
C@CP 3568 0.103811264 -0.366319148 0.0432583884 0 0 0
C@CP 3570 0.172993484 0.149827839 -0.160813145 0 0 0
C@CP 3571 0.0632924162 -0.224142734 -0.241218354 0 0 0
B@CP 3573 -0.188567547 -0.209915962 0.227585287 0 0 0
C@CP 3579 -0.295638401 0.343891752 0.0602830962 0 0 0
C@CP 3580 -0.0296302702 0.250963052 0.219508923 0 0 0
B@CP 3582 -0.0314712279 0.0519796832 0.332415453 0 0 0
B@CP 3585 -0.231676863 0.323143375 0.0970302295 0 0 0
B@CP 3587 -0.0653046368 0.0951064652 -0.00779317161 0 0 0
C@CP 3594 -0.139674777 -0.385668047 0.225032719 0 0 0
C@CP 3595 -0.191133349 -0.0241533931 0.190407409 0 0 0
C@CP 3604 -0.198227235 0.203520991 -0.0436925926 0 0 0
B@CP 3606 0.0820567503 -0.0634200169 0.399537881 0 0 0
B@CP 3608 0.0496385055 0.26596765 0.222755781 0 0 0
C@CP 3611 -0.331775363 0.285065802 0.161078101 0 0 0
C@CP 3613 0.0293266537 -0.202965428 -0.184162869 0 0 0
B@CP 3617 -0.10002912 -0.300249651 -0.189429579 0 0 0
C@CP 3618 -0.269066179 -0.0920942714 -0.0720920877 0 0 0
C@CP 3619 0.0589479887 0.297898872 0.251413101 0 0 0
B@CP 3621 -0.143841091 0.416316526 0.147736913 0 0 0
C@CP 3625 0.187128961 -0.239588425 0.262148734 0 0 0
B@CP 3627 0.063607101 0.0682020651 0.0834716653 0 0 0
C@CP 3630 0.102388299 -0.28488213 -0.0912319729 0 0 0
C@CP 3631 -0.18911866 0.0596149951 0.200165175 0 0 0
C@CP 3634 0.00786005331 0.230108629 -0.213785746 0 0 0
B@CP 3636 -0.00900646262 0.401935907 0.142118841 0 0 0
B@CP 3639 0.202344458 -0.180333948 0.319904176 0 0 0
C@CP 3640 0.146099642 0.21223247 0.26012967 0 0 0
B@CP 3648 -0.00073135864 0.0305232422 0.297896039 0 0 0
C@CP 3651 -0.186418436 0.129535784 0.322496086 0 0 0
C@CP 3658 0.0838592289 0.295015744 0.0480458262 0 0 0
B@CP 3660 0.173690921 0.0390484998 0.258033098 0 0 0
B@CP 3668 -0.290147753 -0.0994476884 -0.0561000456 0 0 0
C@CP 3669 0.3946543 0.154113153 0.0311173254 0 0 0
C@CP 3670 0.210153253 -0.0168735411 -0.168217677 0 0 0
B@CP 3672 0.199258976 0.0961246686 -0.0245563705 0 0 0
B@CP 3677 0.158372448 0.0235169233 -0.276983318 0 0 0
C@CP 3678 -0.0685575464 -0.329815549 0.19886906 0 0 0
C@CP 3679 0.285871559 -0.034204305 -0.00649489553 0 0 0
B@CP 3693 0.0428706037 0.0160335603 -0.281137744 0 0 0
B@CP 3695 -0.22272788 0.335284188 0.0541467875 0 0 0
C@CP 3696 -0.225000085 0.137835179 0.397954466 0 0 0
B@CP 3701 -0.16658725 -0.375035586 0.119524605 0 0 0
B@CP 3703 0.364450571 -0.19872717 -0.0419921382 0 0 0
C@CP 3704 0.147600019 -0.11650732 -0.40962314 0 0 0
C@CP 3706 0.0542572752 -0.0237059943 0.075053259 0 0 0
B@CP 3708 -0.276692839 0.0551727175 0.257923209 0 0 0
C@CP 3714 0.0404694857 0.258680596 0.17558924 0 0 0
B@CP 3719 0.02207621 0.164788065 -0.255656177 0 0 0
C@CP 3720 -0.160325649 0.217520003 -0.103168475 0 0 0
B@CP 3723 -0.170022777 -0.22191235 -0.33979652 0 0 0
C@CP 3732 0.331494707 0.281164354 -0.0406258032 0 0 0
C@CP 3733 -0.127116087 -0.11255835 -0.348368846 0 0 0
B@CP 3735 0.0942374585 -0.429037228 0.0589440829 0 0 0
C@CP 3739 -0.150110778 -0.320068176 -0.298958881 0 0 0
B@CP 3741 0.267462165 -0.129826096 -0.234945258 0 0 0
B@CP 3743 0.196667336 -0.148303516 -0.356676977 0 0 0
C@CP 3744 -0.13309668 -0.376618377 -0.139546846 0 0 0
C@CP 3750 -0.00427832495 -0.0416928477 -0.0972842995 0 0 0
C@CP 3751 0.178858759 0.203901507 0.107920012 0 0 0
B@CP 3753 -0.324319117 -0.131009121 -0.074219365 0 0 0
B@CP 3759 -0.197971392 0.0405056526 0.208138818 0 0 0
C@CP 3760 -0.0154533777 -0.0428802936 0.157952041 0 0 0
B@CP 3764 -0.0757582569 -0.304520901 0.156770912 0 0 0
C@CP 3765 -0.0463650079 0.110404289 0.226345518 0 0 0
B@CP 3770 -0.00335790767 -0.0870257162 -0.113120289 0 0 0
C@CP 3771 -0.0250851008 0.0712972795 0.220276232 0 0 0
B@CP 3774 0.0619029424 -0.105552198 0.228742251 0 0 0
B@CP 3776 0.208344264 -0.0775820496 0.400984078 0 0 0
B@CP 3780 0.0578592464 0.229604597 -0.0989681568 0 0 0
C@CP 3784 0.293779881 0.117975365 -0.165773783 0 0 0
B@CP 3786 -0.341185653 -0.0626425752 0.284657216 0 0 0
B@CP 3788 0.341082884 -0.156263059 -0.0710245947 0 0 0
B@CP 3792 -0.256682513 -0.310644682 0.203888809 0 0 0
C@CP 3793 0.111896771 0.313128473 -0.265765231 0 0 0
C@CP 3794 0.167339688 0.270815429 0.0144201116 0 0 0
C@CP 3795 0.129832217 -0.34937402 -0.205634136 0 0 0
C@CP 3802 -0.0375134486 0.337933848 -0.230817904 0 0 0
C@CP 3808 0.136521442 -0.244384829 0.183372644 0 0 0
B@CP 3813 0.391366631 -0.249683347 -0.104753184 0 0 0
B@CP 3816 0.394666447 -0.0865985658 -0.0280319223 0 0 0
C@CP 3823 0.422196552 0.0198442711 -0.231963075 0 0 0
C@CP 3824 -0.0195681905 0.0422366167 0.407304203 0 0 0
C@CP 3825 -0.120825299 0.0424380517 0.0976443123 0 0 0
C@CP 3826 0.0870885563 -0.331775259 -0.0919400354 0 0 0
B@CP 3828 0.133137644 0.0448329308 0.00373016575 0 0 0
B@CP 3834 0.0252553441 0.0871917243 0.433844334 0 0 0
B@CP 3837 -0.0308773091 -0.0432192733 0.114013111 0 0 0
C@CP 3838 0.0562800665 -0.000556985221 -0.421780835 0 0 0
B@CP 3840 -0.00085692646 -0.278684323 0.204580292 0 0 0
C@CP 3844 -0.322072062 0.0730013279 -0.331515348 0 0 0
B@CP 3846 0.322861323 0.0737146882 0.245043143 0 0 0
C@CP 3849 -0.0644535685 0.0695963815 -0.359735543 0 0 0
C@CP 3855 0.408465124 0.00626500608 -0.115776218 0 0 0
C@CP 3856 -0.029750511 -0.00626587453 0.0973621441 0 0 0
C@CP 3862 -0.368038869 -0.15611847 -0.186486615 0 0 0
B@CP 3864 0.392738586 -0.199907321 0.160924624 0 0 0
C@CP 3865 0.124071374 -0.254416902 -0.14518421 0 0 0
B@CP 3869 0.150102826 0.0883366016 0.202834122 0 0 0
C@CP 3870 0.0509106039 0.186038505 0.27170135 0 0 0
B@CP 3878 0.138674641 -0.228516052 0.161442006 0 0 0
C@CP 3879 -0.380022163 -0.0239802555 0.114429429 0 0 0
C@CP 3883 0.269554549 0.285502867 -0.0233549239 0 0 0
B@CP 3889 -0.170827553 0.169973728 -0.169408657 0 0 0
B@CP 3896 -0.100145383 -0.299541888 -0.242195026 0 0 0
C@CP 3897 0.364918546 0.23145373 0.115029812 0 0 0
C@CP 3898 0.278374049 0.278210726 0.18047613 0 0 0
B@CP 3900 -0.0891100747 -0.273975824 -0.0982020153 0 0 0
B@CP 3902 0.0866741004 0.298610947 -0.178192517 0 0 0
C@CP 3907 0.11676962 -0.21617823 0.067066987 0 0 0
B@CP 3909 0.112486553 0.156108969 0.0959265618 0 0 0
B@CP 3911 0.205291157 0.0426642029 0.143252673 0 0 0
C@CP 3912 0.00220775649 -0.398723008 -0.13621065 0 0 0
C@CP 3913 0.0643173566 -0.127081889 0.346404865 0 0 0
B@CP 3915 -0.0368932796 0.292327743 0.17117566 0 0 0
C@CP 3916 0.00399377024 0.0858113692 0.450302665 0 0 0
B@CP 3918 -0.16781285 -0.162975267 0.309301439 0 0 0
C@CP 3919 -0.379314825 0.0169482016 0.289828629 0 0 0
B@CP 3921 0.344484943 0.276744277 0.0349506485 0 0 0
C@CP 3924 -0.234162204 0.101337927 -0.0896542222 0 0 0
C@CP 3925 0.0107601479 -0.271342942 0.0233750418 0 0 0
B@CP 3929 -0.40930128 -0.0868201116 0.141749102 0 0 0
C@CP 3930 -0.350430599 0.0419326295 -0.18220682 0 0 0
C@CP 3931 0.113277694 0.212970082 -0.149162836 0 0 0
B@CP 3933 -0.270735685 0.0453554591 -0.107397621 0 0 0
C@CP 3936 0.0943244612 -0.0250371559 0.240164596 0 0 0
C@CP 3937 0.317973177 -0.182118927 0.0145890775 0 0 0
C@CP 3940 -0.127774651 0.382279417 -0.107203243 0 0 0
C@CP 3945 -0.150705584 0.187659776 -0.374442251 0 0 0
B@CP 3948 0.172791668 0.027856255 0.226062985 0 0 0
C@CP 3949 -0.341144795 -0.102511112 -0.0836432293 0 0 0
B@CP 3951 0.15630894 0.133712745 0.190592731 0 0 0
C@CP 3952 0.101193528 0.326028759 -0.138932363 0 0 0
C@CP 3955 0.129781179 0.0450065404 -0.0152602618 0 0 0
B@CP 3957 -0.283701178 -0.1505711 -0.0682887072 0 0 0
B@CP 3960 -0.0563008639 -0.409611284 0.110233668 0 0 0
C@CP 3961 -0.0485355929 0.039511901 0.374418504 0 0 0
B@CP 3963 -0.226837063 -0.377060181 -0.0893712077 0 0 0
C@CP 3964 -0.157330904 0.0153182122 0.339105873 0 0 0
B@CP 3966 -0.344091954 -0.238508167 0.214879217 0 0 0
B@CP 3969 0.100352438 -0.333704498 -0.226168498 0 0 0
B@CP 3971 -0.133572571 0.0895217011 -0.28741091 0 0 0
C@CP 3972 -0.146382302 -0.242037342 0.302529521 0 0 0
C@CP 3973 0.152063083 -0.41898806 -0.152381389 0 0 0
B@CP 3975 -0.129234137 0.320804702 -0.239477542 0 0 0
C@CP 3976 0.342079727 0.17320903 0.233260544 0 0 0
C@CP 3979 -0.196933943 0.123078728 0.100101112 0 0 0
B@CP 3981 0.269730578 -0.359648057 -0.0357133163 0 0 0
B@CP 3983 0.0652591898 -0.0984006238 -0.269834075 0 0 0
C@CP 3984 -0.139815313 0.00507964067 -0.415883608 0 0 0
B@CP 3987 0.428936162 -0.0377861215 0.153910323 0 0 0
C@CP 3991 0.169508519 -0.218248643 0.318610365 0 0 0
B@CP 3993 -0.185300901 0.308699203 0.294405835 0 0 0
C@CP 3994 -0.251414289 0.269249888 0.235815532 0 0 0
B@CP 3996 0.0367075671 -0.258444184 -0.162312685 0 0 0
B@CP 3998 0.0712528135 0.263320502 0.376833556 0 0 0
B@CP 4000 -0.303979991 -0.087082113 0.257870635 0 0 0
C@CP 4001 -0.335618102 0.0677632921 -0.0825071117 0 0 0
C@CP 4002 -0.0183935997 0.453589232 -0.0304272499 0 0 0
C@CP 4003 -0.180718713 -0.193152546 -0.170710051 0 0 0
B@CP 4005 0.34938474 0.260584954 0.136680049 0 0 0
B@CP 4008 -0.143186847 0.173954277 -0.233811481 0 0 0
B@CP 4010 -0.400968069 -0.0985824292 0.0259432459 0 0 0
C@CP 4011 0.280020268 0.291318278 -0.159974232 0 0 0
C@CP 4015 0.270923062 -0.0319842394 -0.0495725661 0 0 0
C@CP 4018 -0.319891614 -0.332688139 -0.0721435884 0 0 0
B@CP 4022 -0.381919463 0.196564595 -0.153471134 0 0 0
B@CP 4024 -0.299021071 -0.000414320469 0.301497232 0 0 0
C@CP 4025 -0.19755968 -0.12347486 -0.0390451995 0 0 0
C@CP 4026 0.177680899 -0.197772782 -0.390511756 0 0 0
C@CP 4027 -0.253858764 0.165112834 0.365669313 0 0 0
B@CP 4029 0.149411336 -0.367648153 -0.157365405 0 0 0
B@CP 4032 0.276896397 0.0632810412 -0.267965072 0 0 0
C@CP 4033 -0.316054258 -0.201621653 -0.234990553 0 0 0
C@CP 4036 -0.0648963811 -0.0902414393 0.122298122 0 0 0
B@CP 4038 0.109287792 0.270328829 0.154903288 0 0 0
C@CP 4039 0.0612322066 -0.328809168 0.204181833 0 0 0
B@CP 4041 -0.164184111 -0.00233007059 0.274608498 0 0 0
C@CP 4042 0.00824300003 0.0890405477 0.391623189 0 0 0
B@CP 4044 -0.137781141 0.0643203738 0.180109192 0 0 0
C@CP 4045 -0.300681586 0.0375917121 0.165423556 0 0 0
B@CP 4047 -0.226133588 0.0163197662 -0.143454144 0 0 0
C@CP 4051 0.214991169 -0.199185719 0.291876662 0 0 0
B@CP 4053 0.0984422977 0.252068503 0.183364582 0 0 0
C@CP 4057 0.174166702 0.106740904 0.350467413 0 0 0
B@CP 4059 -0.0338275656 -0.334876432 -0.258227189 0 0 0
C@CP 4060 0.324019285 0.01257649 -0.151299244 0 0 0
C@CP 4063 0.276505689 -0.117415198 0.0296493065 0 0 0
C@CP 4068 0.272083372 0.246019447 -0.191008384 0 0 0
B@CP 4071 -0.131305046 -0.290103495 0.0942595409 0 0 0
B@CP 4073 0.291564674 0.00690473219 -0.281929071 0 0 0
C@CP 4074 -0.337544805 0.178068962 -0.0856970407 0 0 0
B@CP 4077 -0.00403102108 -0.100781363 -0.319781059 0 0 0
B@CP 4079 0.22479613 0.118991664 -0.382967216 0 0 0
B@CP 4081 -0.283828939 0.0809921176 -0.282677042 0 0 0
B@CP 4083 -0.13112828 0.169612358 -0.350287975 0 0 0
C@CP 4084 -0.0873753215 0.0945273669 -0.44646388 0 0 0
C@CP 4085 0.0852655199 -0.0996277972 0.338652438 0 0 0
C@CP 4086 -0.375426182 0.233006568 0.16075641 0 0 0
C@CP 4087 0.224610405 0.325720987 -0.248671475 0 0 0
C@CP 4090 0.260251276 0.215081419 -0.0248057413 0 0 0
B@CP 4092 -0.130048437 -0.129375472 0.0330469748 0 0 0
B@CP 4094 -0.0563963979 0.213122771 0.238583228 0 0 0
C@CP 4095 -0.31541912 -0.136953552 -0.0415813052 0 0 0
B@CP 4098 -0.350155682 -0.0650155872 0.109936535 0 0 0
C@CP 4099 0.0530887775 0.210423742 0.0161473968 0 0 0
B@CP 4103 -0.335160448 -0.0651587609 0.103167 0 0 0
C@CP 4105 0.208012877 -0.294910643 0.139430529 0 0 0
B@CP 4107 0.0186136208 -0.0445792678 -0.353397316 0 0 0
C@CP 4108 0.188472762 -0.0429184036 -0.290525902 0 0 0
B@CP 4114 -0.344527169 -0.146244548 0.0167762684 0 0 0
C@CP 4116 -0.0829817721 -0.441208301 0.0770387819 0 0 0
C@CP 4120 0.15951189 -0.137622088 0.219813524 0 0 0
C@CP 4123 0.112839055 -0.29587068 0.117216456 0 0 0
C@CP 4129 -0.319503767 0.140865552 -0.0772223055 0 0 0
C@CP 4132 0.0540433333 0.071039792 0.360855556 0 0 0
B@CP 4134 -0.386836484 -0.0856608175 0.172690516 0 0 0
C@CP 4135 -0.218789752 -0.201491411 0.00206746684 0 0 0
B@CP 4137 -0.127169984 0.103561506 0.21871607 0 0 0
C@CP 4138 -0.235959742 0.25237795 0.221532966 0 0 0
B@CP 4140 0.00999829701 -0.11620787 -0.0264719267 0 0 0
B@CP 4142 0.273316296 0.196783564 -0.228903154 0 0 0
C@CP 4143 -0.284749792 0.203858171 0.294074605 0 0 0
C@CP 4144 0.180340398 0.0192477416 0.0749626499 0 0 0
B@CP 4146 0.055043022 -0.249028305 -0.205999184 0 0 0
C@CP 4147 0.358488136 0.000429312181 -0.112326818 0 0 0
B@CP 4151 0.0568341304 -0.0735289224 0.0321855085 0 0 0
C@CP 4152 -0.334925269 -0.116439458 0.183021861 0 0 0
C@CP 4153 -0.0522202318 -0.304582242 0.343444018 0 0 0
C@CP 4156 0.266717222 0.376970586 0.0545169763 0 0 0
B@CP 4158 0.386822246 -0.0624844763 0.00205722644 0 0 0
C@CP 4159 -0.182783644 0.116459114 -0.0506541479 0 0 0
B@CP 4161 -0.0243627474 0.00232297238 0.119385509 0 0 0
B@CP 4165 -0.020632718 0.0300676893 0.193817073 0 0 0
C@CP 4168 0.307762369 -0.0683321664 -0.19919233 0 0 0
C@CP 4169 -0.0324756556 0.0145539074 0.432595826 0 0 0
C@CP 4170 -0.177654254 0.0202921144 0.271615658 0 0 0
C@CP 4171 0.177166543 0.210580347 -0.189318952 0 0 0
B@CP 4173 -0.296628478 -0.282604474 -0.0569471854 0 0 0
C@CP 4174 0.0701290008 -0.373611244 0.0417150184 0 0 0
B@CP 4176 0.258355421 0.0447292313 0.0605703443 0 0 0
B@CP 4178 -0.240695125 0.0931125342 -0.366866544 0 0 0
C@CP 4179 -0.150949347 0.287584445 -0.22854688 0 0 0
C@CP 4180 -0.113993092 0.330235771 0.104573637 0 0 0
B@CP 4182 0.339534642 0.0440479815 -0.169073541 0 0 0
B@CP 4184 0.19263648 0.0581866922 0.350465421 0 0 0
C@CP 4191 -0.219938545 0.322440035 -0.102324409 0 0 0
C@CP 4192 -0.0642435725 -0.387973046 -0.122024656 0 0 0
B@CP 4194 0.282619065 -0.0874437852 -0.0218365441 0 0 0
C@CP 4195 0.277194937 -0.136875563 -0.0725195921 0 0 0
B@CP 4197 0.187405405 -0.0877813899 0.254270262 0 0 0
C@CP 4198 -0.185308069 -0.190090923 0.218505328 0 0 0
B@CP 4203 -0.0427522626 0.109461542 -0.173023853 0 0 0
C@CP 4207 0.0014330152 -0.21823517 0.400521426 0 0 0
C@CP 4210 -0.27147303 -0.119537842 -0.0388121415 0 0 0
C@CP 4213 0.136778852 0.311104237 -0.0783622741 0 0 0
B@CP 4219 -0.0953873147 0.0672939918 0.174058084 0 0 0
C@CP 4220 0.426351401 0.102322546 -0.110599245 0 0 0
C@CP 4222 0.0970180962 0.106258811 0.365546092 0 0 0
B@CP 4226 -0.188298825 -0.221010574 0.021444541 0 0 0
C@CP 4227 0.00841059891 0.0389177673 -0.0534890623 0 0 0
C@CP 4228 0.0891295976 -0.186258668 0.133531271 0 0 0
B@CP 4230 0.00376490028 0.0293229521 0.0423860531 0 0 0
C@CP 4231 -0.213272749 -0.220323319 -0.256248281 0 0 0
C@CP 4240 0.198646424 0.233241822 0.300868369 0 0 0
C@CP 4242 -0.322641284 -0.147327047 -0.18386412 0 0 0
C@CP 4243 -0.348203842 0.208043695 0.179176141 0 0 0
B@CP 4245 -0.0129351131 -0.135469888 0.0593793942 0 0 0
C@CP 4246 0.193648917 0.0289000693 -0.252450797 0 0 0
B@CP 4248 0.235367147 -0.376636472 0.0714713279 0 0 0
C@CP 4249 0.302467126 0.0924608312 0.0714209775 0 0 0
B@CP 4251 -0.180534984 0.207748182 0.220011301 0 0 0
C@CP 4252 0.0247256249 0.137740647 -0.157023158 0 0 0
B@CP 4254 0.276626814 -0.277220565 -0.237172249 0 0 0
C@CP 4255 -0.262053677 -0.33020523 -0.114634558 0 0 0
B@CP 4257 0.0200063951 0.28360963 -0.313350847 0 0 0
C@CP 4258 -0.305467873 -0.23987313 -0.202146954 0 0 0
B@CP 4262 0.285335802 -0.0686488102 -0.0472567238 0 0 0
C@CP 4263 -0.145798523 0.141088431 -0.0646493286 0 0 0
C@CP 4264 -0.27913071 -0.142615802 0.309219929 0 0 0
C@CP 4269 0.282763624 0.00675032392 -0.1186536 0 0 0
C@CP 4270 -0.0927715956 -0.296565282 -0.0295877379 0 0 0
B@CP 4272 0.347928671 0.0613199336 -0.121205457 0 0 0
C@CP 4273 0.28856325 -0.0838709315 -0.0639422257 0 0 0
B@CP 4275 0.0916231173 0.140042236 -0.0559077451 0 0 0
B@CP 4277 0.0563393076 0.247387342 0.27629462 0 0 0
C@CP 4278 0.00909551086 -0.399471382 -0.24736773 0 0 0
C@CP 4279 0.0389909317 0.268309199 -0.354622216 0 0 0
B@CP 4281 0.255738657 -0.160116054 -0.184915976 0 0 0
B@CP 4283 -0.229641744 0.175768026 0.153541074 0 0 0
C@CP 4284 -0.0765136498 -0.221916035 -0.209320062 0 0 0
C@CP 4285 0.270834259 0.174665862 -0.0238634586 0 0 0
B@CP 4287 0.0547808133 0.0160368977 0.297438066 0 0 0
C@CP 4290 0.215672424 0.040343401 0.0115638471 0 0 0
C@CP 4291 -0.0738445566 -0.143302904 0.138255902 0 0 0
B@CP 4293 -0.173445405 -0.324495709 -0.238121937 0 0 0
C@CP 4294 -0.0951971431 -0.281370326 -0.208394845 0 0 0
B@CP 4296 0.412463702 -0.212346703 -0.0707698706 0 0 0
B@CP 4298 0.279028938 -0.0387100249 0.339468422 0 0 0
C@CP 4301 0.0573434676 0.122815039 0.109360192 0 0 0
C@CP 4302 -0.185440142 -0.258706928 -0.1715749 0 0 0
B@CP 4305 0.226117877 0.0675966139 -0.375935795 0 0 0
C@CP 4306 0.376775932 -0.055378279 0.230942907 0 0 0
B@CP 4308 -0.304179579 0.309430882 -0.0386696093 0 0 0
B@CP 4311 0.216663407 0.0564247093 -0.410358842 0 0 0
C@CP 4312 -0.362723685 0.158510791 -0.0637404328 0 0 0
B@CP 4314 -0.0741258649 -0.406495711 0.159219953 0 0 0
C@CP 4315 0.0703697378 -0.405036599 -0.126711877 0 0 0
B@CP 4317 -0.0582039027 0.0513964177 0.0166384463 0 0 0
C@CP 4318 0.106381805 0.188430557 -0.18442185 0 0 0
B@CP 4322 -0.367754749 -0.0327789598 -0.154706219 0 0 0
C@CP 4323 -0.024008552 -0.398085323 0.139360898 0 0 0
C@CP 4324 -0.315534744 0.103879231 0.0754227384 0 0 0
C@CP 4327 0.0234061861 0.267520191 0.357761863 0 0 0
B@CP 4329 0.0244686705 -0.0600704217 0.259244021 0 0 0
C@CP 4330 0.225058753 0.359629945 0.0927217731 0 0 0
B@CP 4332 -0.031490709 -0.122627375 -0.407463707 0 0 0
C@CP 4333 0.329251865 -0.122359696 0.0957709964 0 0 0
B@CP 4335 -0.0578886117 0.178953087 0.122964413 0 0 0
C@CP 4336 0.350294988 0.0105251287 -0.043453745 0 0 0
B@CP 4338 0.356399694 -0.133486292 -0.199761695 0 0 0
B@CP 4342 0.145584534 -0.298083154 0.1043007 0 0 0
C@CP 4343 0.261885667 0.143439441 0.234533045 0 0 0
C@CP 4344 0.131941193 -0.0489076205 -0.159240688 0 0 0
C@CP 4345 -0.124761304 0.0736362847 -0.437683869 0 0 0
B@CP 4347 0.00646889206 -0.0358035366 0.313628467 0 0 0
B@CP 4351 -0.0120751162 0.194897585 -0.0378275648 0 0 0
B@CP 4353 0.14286373 -0.0591842558 0.417231873 0 0 0
C@CP 4355 0.365703248 0.0378100498 -0.149684814 0 0 0
C@CP 4356 -0.432258085 -0.0706979947 0.0192410504 0 0 0
B@CP 4359 0.31254718 -0.262693688 0.101100617 0 0 0
C@CP 4360 -0.0222623413 -0.171918149 -0.328608226 0 0 0
C@CP 4363 -0.12801176 0.196855564 0.380499654 0 0 0
C@CP 4366 0.0210189187 0.253128831 -0.124030918 0 0 0
B@CP 4368 -0.225162751 0.0319829462 0.255207433 0 0 0
C@CP 4371 0.261730304 -0.020940216 0.332694826 0 0 0
C@CP 4372 0.10939908 0.362398827 0.19214041 0 0 0
C@CP 4378 0.330717581 -0.0457559541 -0.0507044444 0 0 0
B@CP 4380 0.400691658 -0.111119272 -0.0308182393 0 0 0
C@CP 4381 -0.383650856 0.0670423062 0.0126810718 0 0 0
C@CP 4384 -0.150997552 0.277483433 -0.0391582097 0 0 0
B@CP 4388 0.239387549 0.0189409154 0.352288261 0 0 0
C@CP 4389 0.228910466 -0.334967837 -0.14509828 0 0 0
C@CP 4390 -0.0244037804 0.382245489 0.102011709 0 0 0
B@CP 4392 -0.401049255 0.0931135295 0.0496533284 0 0 0
B@CP 4394 -0.122496392 0.0668590824 0.24842094 0 0 0
C@CP 4395 -0.409285136 0.14951809 0.189024113 0 0 0
C@CP 4396 0.0467966516 0.150232555 0.423616808 0 0 0
B@CP 4403 -0.00869230867 -0.128504108 0.160021509 0 0 0
C@CP 4405 -0.382577186 -0.247709686 0.113239003 0 0 0
B@CP 4407 -0.306052175 -0.0308593486 -0.131299653 0 0 0
C@CP 4408 0.274354711 -0.268768352 0.104741001 0 0 0
B@CP 4410 0.401935484 -0.137407797 0.136049028 0 0 0
C@CP 4411 0.0444605346 0.0465306119 0.363817847 0 0 0
B@CP 4413 0.205442605 0.186955977 0.203604605 0 0 0
B@CP 4415 0.102665745 -0.0341617941 -0.270265706 0 0 0
B@CP 4419 0.0710324368 -0.185292853 -0.031800392 0 0 0
B@CP 4421 -0.0575839238 -0.272174361 -0.375520043 0 0 0
C@CP 4422 -0.441573507 0.0894063004 -0.0485196463 0 0 0
C@CP 4423 0.00618994753 0.1744651 0.10342914 0 0 0
C@CP 4424 -0.077077529 0.0828045959 0.413378917 0 0 0
C@CP 4425 0.114464199 0.278798387 0.0647782749 0 0 0
C@CP 4426 -0.098332845 -0.0971045674 0.278238717 0 0 0
B@CP 4428 0.217665455 0.213940038 -0.0642687619 0 0 0
C@CP 4429 -0.172535813 -0.0766709512 0.0781654077 0 0 0
B@CP 4431 -0.0512204298 -0.022190637 0.0266126624 0 0 0
C@CP 4432 0.00777762569 0.0739811285 0.347024507 0 0 0
B@CP 4434 -0.278892068 0.157264331 0.193613267 0 0 0
B@CP 4436 -0.0524513977 -0.409128952 -0.183482089 0 0 0
C@CP 4437 0.212479716 -0.218372891 0.227841817 0 0 0
C@CP 4438 0.208853669 0.167980149 0.0969953708 0 0 0
B@CP 4440 0.0188353839 -0.197071317 -0.103174597 0 0 0
C@CP 4441 0.236576019 -0.249622916 0.172199585 0 0 0
B@CP 4443 0.140789837 -0.374583246 0.217119977 0 0 0
B@CP 4445 -0.166494766 0.195618225 -0.0790364121 0 0 0
C@CP 4446 -0.174486807 -0.407551 0.0752054154 0 0 0
C@CP 4447 -0.0128339685 -0.0549054544 -0.311913052 0 0 0
B@CP 4449 -0.328139943 -0.0808669639 0.024494773 0 0 0
B@CP 4451 -0.196932747 0.256820097 -0.201342889 0 0 0
B@CP 4453 0.397169323 0.0346991534 0.0610036249 0 0 0
B@CP 4455 0.207684415 -0.0444026351 -0.229252142 0 0 0
C@CP 4456 -0.0246631029 -0.268107042 0.185400147 0 0 0
C@CP 4457 -0.295393446 -0.0873317291 0.230733278 0 0 0
C@CP 4458 -0.0716551207 0.371492976 -0.0192570797 0 0 0
C@CP 4459 0.046924633 0.29103162 -0.278257856 0 0 0
B@CP 4461 -0.1095569 0.44613689 0.0598021429 0 0 0
B@CP 4465 -0.135990103 0.113985123 0.171755075 0 0 0
C@CP 4466 -0.156940107 0.245479646 -0.248545648 0 0 0
C@CP 4467 0.176474475 -0.256884816 -0.14968269 0 0 0
B@CP 4470 -0.0338349239 0.429149986 0.167721565 0 0 0
B@CP 4475 0.376212418 0.175285541 0.0364627676 0 0 0
C@CP 4476 0.174460697 -0.366835828 -0.233529209 0 0 0
C@CP 4477 0.124225551 -0.127473592 -0.337015133 0 0 0
B@CP 4479 -0.149944741 -0.0272840881 0.4217729 0 0 0
C@CP 4482 -0.29080606 0.116847887 0.0921209365 0 0 0
B@CP 4485 -0.237266285 0.0248751541 -0.150877615 0 0 0
B@CP 4487 -0.0853413223 0.167252959 -0.216834659 0 0 0
C@CP 4489 -0.275048708 -0.0790748459 0.251445289 0 0 0
B@CP 4491 0.0331327464 0.282455716 0.167916972 0 0 0
C@CP 4492 0.367869386 -0.104349229 -0.0388540716 0 0 0
B@CP 4494 -0.336585383 0.0773948354 0.230728311 0 0 0
B@CP 4496 0.175490224 0.372221773 0.156314499 0 0 0
C@CP 4497 0.271939563 -0.0163157696 -0.0815233279 0 0 0
C@CP 4498 -0.0118900546 0.415188959 -0.115963373 0 0 0
B@CP 4500 0.136875044 -0.169628576 -0.255332457 0 0 0
C@CP 4501 0.25072864 -0.336674123 -0.185012047 0 0 0
C@CP 4504 0.0355295865 0.239837157 -0.330911042 0 0 0
B@CP 4506 -0.33396825 0.017925088 0.234988366 0 0 0
B@CP 4508 0.171834695 -0.251308399 0.111972424 0 0 0
C@CP 4509 0.147155812 0.0260154843 0.27908645 0 0 0
C@CP 4510 -0.281970731 0.0128983137 -0.141865652 0 0 0
B@CP 4512 0.0824768386 0.0518461956 0.358331356 0 0 0
C@CP 4516 0.353619236 -0.267319262 -0.013598346 0 0 0
B@CP 4518 -0.31434214 -0.300754645 0.0800618411 0 0 0
B@CP 4520 -0.318309739 -0.305350341 0.116331374 0 0 0
C@CP 4521 -0.432814402 0.069709334 0.141960523 0 0 0
C@CP 4522 0.139459595 -0.287216762 -0.06619974 0 0 0
B@CP 4524 -0.261468458 -0.106246588 -0.126263101 0 0 0
C@CP 4525 -0.209711732 -0.15459945 -0.173882714 0 0 0
B@CP 4527 -0.0369943145 0.433133215 0.040202598 0 0 0
C@CP 4530 -0.151717318 -0.00852718759 0.206828162 0 0 0
C@CP 4531 0.0823132932 0.232359083 -0.216829844 0 0 0
B@CP 4533 -0.343711783 0.116559421 0.00857932932 0 0 0
B@CP 4535 -0.284548615 0.0222033625 -0.0763509175 0 0 0
C@CP 4536 -0.119549274 0.247325303 -0.256725384 0 0 0
C@CP 4537 0.248606984 -0.101720809 -0.112963943 0 0 0
B@CP 4539 0.0993420601 0.0607464693 -0.333943363 0 0 0
B@CP 4541 0.126815188 -0.160017904 0.0815199753 0 0 0
C@CP 4542 0.198558994 -0.331224716 0.187954755 0 0 0
C@CP 4543 0.0687209354 -0.31470505 0.332621718 0 0 0
B@CP 4545 -0.327643979 -0.207806978 0.184902443 0 0 0
C@CP 4546 -0.050213248 0.149478458 -0.159472799 0 0 0
B@CP 4548 0.282068756 -0.144482693 -0.0825409776 0 0 0
C@CP 4549 -0.179743626 -0.323370077 -0.00138346054 0 0 0
B@CP 4551 -0.0278338295 -0.377586667 -0.104386211 0 0 0
B@CP 4553 0.119275269 0.244184014 0.158114685 0 0 0
C@CP 4554 -0.0586669228 0.377492319 -0.148628018 0 0 0
C@CP 4555 0.0341479439 -0.128713962 -0.429517166 0 0 0
B@CP 4557 0.3193741 -0.119577978 -0.295034259 0 0 0
C@CP 4558 0.0025932024 -0.177908571 -0.299048589 0 0 0
C@CP 4561 0.0453037913 0.284490665 -0.13521149 0 0 0
B@CP 4563 0.155773824 -0.0557681137 -0.411710255 0 0 0
B@CP 4566 -0.0651183069 -0.0490319942 -0.403304194 0 0 0
C@CP 4567 -0.0196518605 -0.0922236514 0.23852235 0 0 0
B@CP 4569 -0.187377215 0.214031692 0.124418677 0 0 0
B@CP 4571 -0.0613229359 0.371315243 0.0611430781 0 0 0
C@CP 4572 -0.254850128 0.147804941 -0.339342101 0 0 0
C@CP 4573 -0.42408402 0.122255116 0.112999807 0 0 0
B@CP 4575 0.270189691 0.0160589308 -0.278465306 0 0 0
B@CP 4577 -0.233811108 0.263460378 -0.00470390638 0 0 0
C@CP 4578 0.087262081 -0.244550406 0.0230038408 0 0 0
C@CP 4579 -0.205921082 -0.0796403318 0.237264749 0 0 0
C@CP 4582 0.199471298 0.00924076405 -0.210368867 0 0 0
B@CP 4584 -0.212797127 0.325532399 0.208624171 0 0 0
C@CP 4585 -0.0441232582 -0.0177026382 -0.418634575 0 0 0
B@CP 4589 -0.410210453 0.0163967681 0.199884913 0 0 0
B@CP 4591 -0.0978331587 0.146932228 0.0703003276 0 0 0
B@CP 4593 0.336895634 -0.131345364 0.131243893 0 0 0
C@CP 4595 -0.306304326 0.145943083 -0.23221174 0 0 0
C@CP 4597 -0.447245957 -0.0948517537 -0.00462484191 0 0 0
B@CP 4599 0.233251452 0.0914899226 0.179393155 0 0 0
C@CP 4600 -0.0396296196 0.0774335509 -0.112516615 0 0 0
B@CP 4602 0.321459299 -0.0842070262 -0.0909997037 0 0 0
C@CP 4603 0.104950805 -0.257168728 -0.308533882 0 0 0
B@CP 4605 -0.09404687 0.219778833 0.185508593 0 0 0
B@CP 4609 -0.0124962632 -0.00361166599 0.26796965 0 0 0
C@CP 4610 -0.100126994 -0.121889591 -0.233706126 0 0 0
C@CP 4611 -0.013180265 -0.196278273 -0.283944727 0 0 0
C@CP 4612 0.218868402 -0.0725698372 0.375279547 0 0 0
B@CP 4614 0.152869426 -0.183148412 -0.0692525084 0 0 0
C@CP 4615 0.149553712 0.101612708 0.261869919 0 0 0
B@CP 4617 0.179115329 0.331975803 -0.0708438347 0 0 0
B@CP 4622 0.20256238 -0.0388832994 -0.348274642 0 0 0
C@CP 4623 -0.262738901 -0.211852812 0.0658328132 0 0 0
C@CP 4624 0.352474725 0.145061662 0.087389679 0 0 0
B@CP 4626 -0.0909180158 0.121907443 0.289292761 0 0 0
C@CP 4627 0.206287559 0.284342595 -0.0535104133 0 0 0
B@CP 4629 0.312611644 -0.173794156 -0.212212024 0 0 0
B@CP 4631 0.186185151 0.336743819 -0.251824638 0 0 0
C@CP 4632 -0.0141872313 0.380463485 -0.0301093974 0 0 0
C@CP 4633 0.142271044 0.423536586 0.143579344 0 0 0
B@CP 4635 0.0662110126 0.0158878993 -0.392675353 0 0 0
C@CP 4636 0.389365603 -0.16096516 -0.141341881 0 0 0
B@CP 4638 -0.204690145 0.414664531 -0.0749119564 0 0 0
B@CP 4640 -0.330156184 0.142990787 0.260663623 0 0 0
C@CP 4641 -0.452894985 0.0184737658 -0.0802636666 0 0 0
C@CP 4642 -0.215533861 -0.136066516 0.377826083 0 0 0
B@CP 4644 0.408185677 0.112494471 -0.141496273 0 0 0
B@CP 4646 0.315167119 0.124627906 0.199442459 0 0 0
C@CP 4647 0.0943566504 -0.164439255 0.365958456 0 0 0
C@CP 4648 0.278708078 -0.0803817863 -0.114088211 0 0 0
B@CP 4650 0.349287059 -0.252964065 -0.097852978 0 0 0
B@CP 4652 0.143775553 0.407108169 0.188106271 0 0 0
C@CP 4655 0.247761092 0.264710377 -0.277074551 0 0 0
C@CP 4656 0.111843557 0.0654408869 -0.290442214 0 0 0
C@CP 4657 -0.319909228 0.2021893 -0.0711027239 0 0 0
C@CP 4660 0.199055283 -0.29744471 -0.291244687 0 0 0
B@CP 4662 0.0827440005 0.230917746 -0.304867284 0 0 0
C@CP 4663 0.220424674 0.223455146 -0.313451061 0 0 0
B@CP 4665 0.0545601361 -0.396942503 0.240654307 0 0 0
B@CP 4667 0.00512011626 -0.113214014 0.0998310772 0 0 0
B@CP 4669 -0.0665696955 0.233137405 0.35192274 0 0 0
C@CP 4670 0.200965413 0.369349743 0.207284714 0 0 0
C@CP 4671 0.106953029 0.194651381 -0.29398629 0 0 0
C@CP 4672 0.106764199 0.128564402 0.161902323 0 0 0
B@CP 4674 0.159825381 0.256731178 0.105246564 0 0 0
B@CP 4676 -0.324207933 -0.145130888 -0.261358872 0 0 0
B@CP 4678 0.0906888499 0.0548572795 0.438175522 0 0 0
C@CP 4679 -0.110872092 0.123946835 -0.271497697 0 0 0
C@CP 4680 -0.0690691514 0.387572541 0.167907781 0 0 0
C@CP 4681 -0.195467724 0.156179477 -0.332724653 0 0 0
B@CP 4683 0.251855811 0.138844514 0.033840854 0 0 0
B@CP 4685 -0.221425586 0.134357726 0.385729046 0 0 0
C@CP 4687 -0.305625103 -0.232526049 -0.0391482854 0 0 0
B@CP 4689 -0.284146597 -0.137656181 0.359650865 0 0 0
C@CP 4690 0.316968445 -0.0618656798 -0.0865814529 0 0 0
B@CP 4692 0.38321585 0.224372839 0.116439394 0 0 0
C@CP 4693 -0.18207894 0.319281026 0.103428335 0 0 0
B@CP 4695 0.19828009 0.106851615 0.254098196 0 0 0
C@CP 4696 -0.186523562 0.285587899 0.216712623 0 0 0
B@CP 4698 0.115770201 0.0465830772 0.246560647 0 0 0
C@CP 4699 -0.149275064 0.322293793 -0.155244772 0 0 0
B@CP 4703 0.217654302 0.179065941 -0.380288312 0 0 0
C@CP 4705 0.263199019 0.254064614 0.0556068298 0 0 0
B@CP 4707 0.424252908 0.0556626864 0.122812841 0 0 0
C@CP 4708 -0.183167875 0.394208927 -0.191443097 0 0 0
B@CP 4712 -0.197864927 -0.270235982 0.081417869 0 0 0
C@CP 4713 0.34209746 -0.0831298288 -0.209725176 0 0 0
C@CP 4714 -0.195464392 -0.117061642 -0.356069184 0 0 0
B@CP 4716 -0.305364078 -0.123253024 0.238463058 0 0 0
B@CP 4718 0.13128966 -0.411756737 -0.0626806929 0 0 0
C@CP 4719 0.152294682 -0.114296556 -0.0353343952 0 0 0
C@CP 4720 -0.119233887 0.0337340517 0.334749423 0 0 0
B@CP 4722 0.0922159891 0.122734572 -0.140105475 0 0 0
C@CP 4723 0.247099738 -0.0975857113 0.176774773 0 0 0
B@CP 4725 -0.221084487 -0.343683901 0.0884953926 0 0 0
B@CP 4727 0.0506944562 0.354143599 0.00845548477 0 0 0
B@CP 4729 0.0504587537 0.259914867 -0.31803947 0 0 0
B@CP 4731 -0.0515547614 -0.0947807968 -0.0296628542 0 0 0
B@CP 4733 -0.131206723 0.247495932 -0.133373658 0 0 0
C@CP 4734 0.348239118 0.158538054 0.126726256 0 0 0
C@CP 4735 -0.120764691 0.0521727583 0.138205569 0 0 0
C@CP 4736 0.0560559313 -0.283607523 0.0231877967 0 0 0
C@CP 4737 -0.106705361 0.0488218994 0.140558947 0 0 0
C@CP 4738 -0.224103452 -0.378722986 0.0446448 0 0 0
B@CP 4740 -0.0827267029 -0.0331712191 -0.144556582 0 0 0
C@CP 4741 0.253746124 -0.238182863 -0.0488029528 0 0 0
B@CP 4743 0.328322587 0.213692083 0.0910638238 0 0 0
C@CP 4744 0.0199607659 -0.242408495 -0.374227561 0 0 0
B@CP 4746 0.160096844 -0.367418977 -0.0845999216 0 0 0
C@CP 4747 0.263992884 0.110171235 0.304354467 0 0 0
B@CP 4749 -0.196536466 -0.373760736 -0.0420851772 0 0 0
C@CP 4750 -0.125146639 0.188315271 -0.0413915518 0 0 0
B@CP 4752 0.00331515511 0.39758657 0.115886352 0 0 0
B@CP 4754 -0.306114321 0.141725955 0.328246615 0 0 0
C@CP 4755 -0.261768186 0.124697368 0.0596252363 0 0 0
C@CP 4756 0.297534446 -0.188010403 -0.137067976 0 0 0
C@CP 4759 0.181979869 0.136918918 0.163984401 0 0 0
B@CP 4761 -0.299968243 -0.350300579 0.0661378266 0 0 0
C@CP 4762 0.118116439 0.102408857 0.367389117 0 0 0
B@CP 4764 -0.0625177382 0.0879598593 0.24153064 0 0 0
C@CP 4765 -0.181497556 0.0326841767 0.300220113 0 0 0
B@CP 4767 0.06796328 -0.177590404 -0.0652791939 0 0 0
C@CP 4768 -0.0289861118 -0.0968593517 0.301133674 0 0 0
B@CP 4772 -0.17174594 -0.406449084 -0.060956849 0 0 0
C@CP 4773 -0.451988068 -0.0581467647 -0.0798087954 0 0 0
C@CP 4774 0.209803049 -0.110750103 0.0530116289 0 0 0
B@CP 4776 -0.131512288 -0.225889139 0.173274736 0 0 0
B@CP 4778 0.122131808 0.400806737 -0.0435553116 0 0 0
C@CP 4779 0.163846523 0.0863651152 -0.295804262 0 0 0
C@CP 4780 -0.00410854672 -0.304829621 -0.284320396 0 0 0
C@CP 4785 -0.333827923 0.159040665 0.165165355 0 0 0
C@CP 4786 -0.178385623 -0.409063621 -0.0202345708 0 0 0
B@CP 4788 -0.0748057421 0.0845306557 -0.0827027095 0 0 0
C@CP 4789 0.212430293 -0.271045741 -0.25325056 0 0 0
B@CP 4791 0.122666936 0.162532469 -0.0760727834 0 0 0
C@CP 4792 0.149231458 0.248505452 -0.0137072606 0 0 0
B@CP 4794 0.022514183 0.0254867634 0.231134497 0 0 0
C@CP 4795 0.143696088 0.147858487 0.0863981198 0 0 0
B@CP 4797 -0.245782668 -0.0213932771 -0.0735565046 0 0 0
B@CP 4799 0.201294437 0.0575545021 -0.0949590118 0 0 0
C@CP 4800 -0.0792760339 -0.225702285 0.356037699 0 0 0
C@CP 4801 0.40837578 -0.141348832 -0.0710292273 0 0 0
B@CP 4803 0.404064513 0.178030716 0.179869181 0 0 0
C@CP 4804 0.0555365204 0.106493326 -0.132435347 0 0 0
B@CP 4806 0.329938109 0.0367890718 -0.278795899 0 0 0
C@CP 4807 -0.130429101 -0.105132412 0.10972066 0 0 0
B@CP 4809 0.14254578 0.0397086404 -0.205822442 0 0 0
C@CP 4810 -0.267263305 -0.241208143 -0.179699033 0 0 0
B@CP 4812 -0.247447973 0.231135096 -0.236076068 0 0 0
B@CP 4814 -0.195333499 0.171196364 -0.283011387 0 0 0
C@CP 4815 0.399775749 -0.0439903977 0.144884218 0 0 0
C@CP 4816 0.0541072999 -0.105198442 0.293926523 0 0 0
C@CP 4819 -0.290043629 0.0740308597 0.021027226 0 0 0
C@CP 4822 -0.173310526 -0.216467904 0.0669868056 0 0 0
B@CP 4824 -0.39866899 0.0723512242 0.113867039 0 0 0
C@CP 4825 -0.085887874 0.173676569 -0.345703964 0 0 0
B@CP 4827 0.220666419 -0.383962991 0.081284724 0 0 0
C@CP 4828 -0.369872315 0.241671546 0.00435613597 0 0 0
B@CP 4830 -0.226274531 0.0487522079 0.331339841 0 0 0
C@CP 4831 0.27182883 0.263986252 0.166518207 0 0 0
B@CP 4833 -0.102177904 0.262068715 -0.183561099 0 0 0
C@CP 4834 0.119189224 0.399012639 -0.101594313 0 0 0
B@CP 4836 -0.325310778 -0.0252185732 0.0235857197 0 0 0
C@CP 4837 -0.02706408 -0.370100206 0.264557262 0 0 0
B@CP 4839 0.100388957 -0.288881683 0.156331158 0 0 0
C@CP 4840 0.273436849 0.0276623241 -0.192024895 0 0 0
B@CP 4842 0.0792410695 -0.203754486 -0.240446606 0 0 0
C@CP 4843 0.0229293956 -0.340193369 -0.240936782 0 0 0
B@CP 4845 0.269252629 -0.189725697 0.0988942296 0 0 0
C@CP 4846 0.114820127 0.0304515322 0.087248303 0 0 0
B@CP 4848 0.110916972 -0.0841231988 0.0421147219 0 0 0
C@CP 4849 0.140827902 -0.0814693395 0.153394638 0 0 0
B@CP 4851 0.247871493 -0.220114853 0.120695078 0 0 0
C@CP 4852 0.319531974 -0.0923055232 -0.0557029123 0 0 0
B@CP 4854 -0.400282084 0.194097523 -0.0970966012 0 0 0
B@CP 4858 0.261221745 0.149838562 -0.223755139 0 0 0
C@CP 4859 0.402747545 0.0463497023 -0.136040579 0 0 0
C@CP 4860 0.29727152 -0.210633297 0.107651388 0 0 0
C@CP 4861 0.183400909 -0.25424696 -0.169146684 0 0 0
B@CP 4863 0.225670775 -0.0195944943 0.315576925 0 0 0
B@CP 4865 0.165671296 -0.0293485811 0.209947463 0 0 0
C@CP 4866 -0.327998917 -0.000909844218 0.183382334 0 0 0
C@CP 4867 0.118698713 -0.249122823 0.274931771 0 0 0
B@CP 4869 -0.200555714 0.0796530008 -0.00778973332 0 0 0
B@CP 4871 0.327092452 0.00137714381 0.246914037 0 0 0
B@CP 4873 -0.0842915421 0.119845547 0.32108649 0 0 0
C@CP 4874 -0.158447604 -0.153618267 -0.194418211 0 0 0
C@CP 4875 -0.311437881 0.215695867 0.141415997 0 0 0
C@CP 4876 0.162202536 0.406981215 0.139945745 0 0 0
B@CP 4878 -0.0338568264 -0.0759775041 0.149400075 0 0 0
C@CP 4879 -0.0736952349 0.385621101 -0.224230562 0 0 0
B@CP 4881 0.235186596 0.322506453 0.205169612 0 0 0
B@CP 4883 -0.0411524338 -0.183250944 0.141555572 0 0 0
C@CP 4884 0.108574748 -0.309029597 0.0147225209 0 0 0
C@CP 4885 -0.136485372 0.234754805 0.0946336417 0 0 0
B@CP 4889 -0.0789045383 -0.127501462 -0.142423493 0 0 0
B@CP 4891 -0.405102863 0.0738563906 0.191379192 0 0 0
C@CP 4892 -0.0960864252 -0.333067521 -0.305768006 0 0 0
C@CP 4894 -0.354432655 -0.0839163136 0.254676036 0 0 0
B@CP 4896 -0.0521046337 0.238455817 -0.373683655 0 0 0
C@CP 4897 0.0315268488 0.314556542 0.085677362 0 0 0
B@CP 4899 -0.301881219 -0.307029387 0.13481103 0 0 0
C@CP 4900 0.0604044503 0.0871099848 0.393746052 0 0 0
B@CP 4902 -0.0914915204 0.0947114206 -0.118152784 0 0 0
C@CP 4903 0.249975082 -0.235692232 -0.199444041 0 0 0
B@CP 4905 -0.240484627 0.0462486902 0.0323021129 0 0 0
C@CP 4906 -0.346606572 0.0252207494 -0.173974079 0 0 0
B@CP 4908 0.0037600479 0.197743146 -0.0241128373 0 0 0
C@CP 4909 -0.262635298 0.0984660211 -0.305900382 0 0 0
B@CP 4911 -0.0965267932 -0.0294229042 -0.247512974 0 0 0
B@CP 4913 0.309900302 -0.0620026904 -0.144346323 0 0 0
C@CP 4914 0.0322689503 -0.356267521 0.0144045582 0 0 0
C@CP 4915 0.226445659 0.185327056 -0.2831164 0 0 0
B@CP 4917 -0.0262910413 0.278960519 0.277183525 0 0 0
C@CP 4918 0.265809438 0.0958098885 -0.111203361 0 0 0
B@CP 4920 -0.303631904 -0.132087478 -0.29173161 0 0 0
C@CP 4921 -0.0191867598 0.258402918 0.158243098 0 0 0
B@CP 4923 -0.0381941858 -0.0907131561 0.266395629 0 0 0
C@CP 4924 -0.170252699 0.0278092896 -0.317354077 0 0 0
B@CP 4926 -0.1468468 -0.135991675 -0.186305865 0 0 0
B@CP 4928 -0.202881458 0.0827083187 -0.28008132 0 0 0
C@CP 4929 0.0831421236 -0.0349185144 -0.0297538479 0 0 0
C@CP 4930 0.14679824 0.223981351 -0.236873688 0 0 0
B@CP 4932 -0.200422202 0.18497679 0.248377243 0 0 0
C@CP 4933 -0.0711031843 -0.375786148 0.0927164553 0 0 0
B@CP 4935 0.0460052377 -0.173470563 0.00239024707 0 0 0
B@CP 4937 0.141672569 -0.0216051235 0.383750079 0 0 0
C@CP 4938 -0.155653567 0.135488679 -0.0564540894 0 0 0
C@CP 4939 -0.0291341754 -0.0730236541 0.109691744 0 0 0
B@CP 4941 -0.183457346 -0.294046028 -0.136560068 0 0 0
B@CP 4943 0.0221559513 0.084089756 -0.00456164294 0 0 0
B@CP 4945 0.222520306 -0.335055865 -0.217737252 0 0 0
B@CP 4947 -0.251511326 0.306967341 0.138271186 0 0 0
C@CP 4948 0.0892384822 0.181225898 -0.264246668 0 0 0
C@CP 4949 0.13019491 -0.311134686 -0.191127396 0 0 0
C@CP 4950 0.152265614 -0.0609049118 0.361654951 0 0 0
C@CP 4951 -0.00230676842 -0.0741046591 -0.417723934 0 0 0
B@CP 4953 -0.271275692 0.0665469087 -0.016477193 0 0 0
B@CP 4955 -0.145517659 0.34318098 -0.00129584841 0 0 0
C@CP 4956 -0.110806076 -0.145126481 0.188785548 0 0 0
C@CP 4957 0.0906818885 0.038730726 -0.377866087 0 0 0
B@CP 4959 0.131610641 0.292496873 -0.0610508873 0 0 0
C@CP 4960 -0.109697196 0.11123041 -0.265726699 0 0 0
B@CP 4962 0.256966271 0.0195793512 0.0402168533 0 0 0
C@CP 4963 0.301240384 0.204432308 -0.0617184784 0 0 0
B@CP 4965 -0.196760903 0.237630457 -0.161425435 0 0 0
B@CP 4967 0.204784482 -0.393181026 -0.0327767997 0 0 0
C@CP 4968 -0.292338019 0.278546169 0.212479182 0 0 0
C@CP 4969 -0.193789233 -0.170535324 0.121681828 0 0 0
B@CP 4971 0.34907027 0.2254381 -0.119437069 0 0 0
C@CP 4972 0.0466060575 -0.322730218 -0.326249844 0 0 0
