B@CP 1004 0.0283546387 -0.472166445 0.00209294512 0 0 0
B@CP 1005 0.045363358 0.361464265 0.229743681 0 0 0
B@CP 1008 0.239133457 -0.234374584 0.287840866 0 0 0
B@CP 1014 0.0491320399 -0.0436045292 -0.259750196 0 0 0
B@CP 1018 0.405063884 -0.117341649 -0.213789429 0 0 0
B@CP 1020 0.377212862 0.263208106 0.0954383172 0 0 0
B@CP 1025 -0.300268261 0.205592538 -0.0733766636 0 0 0
B@CP 1026 0.239397779 0.199145896 0.276252123 0 0 0
B@CP 1032 -0.168155372 -0.138809157 -0.0260157966 0 0 0
B@CP 1033 -0.0198155736 -0.20158175 -0.157511599 0 0 0
B@CP 1034 -0.313108704 0.0415790029 -0.0591017272 0 0 0
B@CP 1036 0.160718498 -0.359701447 0.0495446751 0 0 0
B@CP 1040 0.103065938 0.0122432397 -0.0387429062 0 0 0
B@CP 1041 -0.0644483338 0.110386328 -0.0486975289 0 0 0
B@CP 1042 -0.116455683 0.0942401517 0.303818898 0 0 0
B@CP 1045 -0.193800696 -0.364823978 0.193053683 0 0 0
B@CP 1046 -0.159886883 0.0162423311 -0.00797302869 0 0 0
B@CP 1047 0.0383717588 0.178518662 0.373433936 0 0 0
B@CP 1055 0.155620044 -0.172267567 0.12052667 0 0 0
B@CP 1056 0.226764321 0.235196795 -0.26963141 0 0 0
B@CP 1059 -0.259161457 -0.276982282 -0.0362531607 0 0 0
B@CP 1063 -0.146836612 -0.391419051 -0.20994784 0 0 0
B@CP 1065 -0.282132967 -0.116062855 -0.0150889594 0 0 0
B@CP 1066 0.0822616509 0.261999344 0.304348754 0 0 0
B@CP 1068 -0.384459213 0.137676552 0.0754082554 0 0 0
B@CP 1069 0.363437595 -0.123073324 0.216280947 0 0 0
B@CP 1070 -0.447487974 -0.0178772342 0.0884670279 0 0 0
B@CP 1077 0.157339892 0.0795720288 -0.281510262 0 0 0
B@CP 1080 0.0243726302 0.18919946 0.347265025 0 0 0
B@CP 1083 0.272088644 0.32024541 -0.154567755 0 0 0
B@CP 1084 -0.25759695 0.180218414 -0.12395067 0 0 0
B@CP 1085 0.41873139 -0.189656918 -0.0521292773 0 0 0
B@CP 1089 0.16315571 -0.22143395 0.168271031 0 0 0
B@CP 1091 0.313038347 -0.0438302326 0.221921022 0 0 0
B@CP 1092 -0.00638318893 -0.0571102752 -0.417604098 0 0 0
B@CP 1093 0.268935691 0.140810386 0.235360981 0 0 0
B@CP 1094 -0.0878428692 -0.166957331 0.408746669 0 0 0
B@CP 1099 0.298450246 -0.288625357 -0.125133481 0 0 0
B@CP 1100 -0.114035906 -0.306191267 -0.0503601288 0 0 0
B@CP 1104 -0.132932812 0.311651644 0.171224151 0 0 0
B@CP 1105 0.287543804 -0.099466377 0.00134786113 0 0 0
B@CP 1106 -0.159284084 -0.360966857 -0.140675166 0 0 0
B@CP 1107 -0.335104769 -0.146623806 -0.233641944 0 0 0
B@CP 1109 0.366100317 0.286604705 0.0497192396 0 0 0
B@CP 1110 -0.112446229 0.348983762 0.120518122 0 0 0
B@CP 1117 0.254460136 -0.0719537667 0.136982757 0 0 0
B@CP 1118 -0.168085945 0.3108324 0.276949389 0 0 0
B@CP 1121 -0.175769187 -0.320332632 0.159546528 0 0 0
B@CP 1122 0.33652829 -0.086171234 -0.170936447 0 0 0
B@CP 1123 -0.22184031 0.116467043 -0.334330216 0 0 0
B@CP 1125 0.310672146 0.101767311 0.301953635 0 0 0
B@CP 1131 -0.0643453428 0.185181033 0.341691591 0 0 0
B@CP 1139 -0.222552929 -0.00902252075 0.0984697753 0 0 0
B@CP 1143 -0.249332481 0.0475415385 0.354522301 0 0 0
B@CP 1146 -0.229198261 -0.0635831634 -0.162162755 0 0 0
B@CP 1147 -0.289983 -0.0647196969 0.360820201 0 0 0
B@CP 1149 -0.324240746 0.332025441 0.000991596164 0 0 0
B@CP 1152 0.36955177 0.109022155 0.25628889 0 0 0
B@CP 1154 0.29823192 -0.200515304 0.192050503 0 0 0
B@CP 1155 0.0251260345 0.0868115509 0.000667049102 0 0 0
B@CP 1160 -0.366558971 0.163635983 0.0691076734 0 0 0
B@CP 1161 0.16058038 0.274449488 -0.183868187 0 0 0
B@CP 1162 -0.114035292 -0.043640533 0.213063138 0 0 0
B@CP 1163 0.0167978843 0.358732384 0.0397145972 0 0 0
B@CP 1166 0.0713975758 -0.177009946 0.0312254248 0 0 0
B@CP 1167 0.160549778 -0.323795397 0.27922846 0 0 0
B@CP 1170 -0.00345031014 -0.0549293227 0.222629935 0 0 0
B@CP 1171 0.374071358 -0.0898854579 0.223742965 0 0 0
B@CP 1176 0.136509877 -0.0426056045 -0.203587332 0 0 0
B@CP 1179 0.319733384 -0.324620104 -0.110878739 0 0 0
B@CP 1185 0.143973938 0.0151573721 0.146315469 0 0 0
B@CP 1186 -0.28508422 0.156967529 -0.219853428 0 0 0
B@CP 1187 0.0938751699 0.251825999 0.0845740568 0 0 0
B@CP 1188 0.153362533 -0.395005009 0.013712045 0 0 0
B@CP 1189 -0.00587659637 -0.172102304 0.432411211 0 0 0
B@CP 1190 -0.356107715 0.0173453007 -0.212157052 0 0 0
B@CP 1191 -0.150750982 -0.18790972 -0.301678129 0 0 0
B@CP 1192 -0.053359533 0.29849431 -0.231448111 0 0 0
B@CP 1196 0.268341307 0.193137257 0.102524943 0 0 0
B@CP 1197 -0.406130662 0.229170568 -0.0992363922 0 0 0
B@CP 1206 0.164812178 -0.363779488 -0.172278565 0 0 0
B@CP 1211 -0.112442495 -0.356227384 0.0195531801 0 0 0
B@CP 1221 0.152429505 -0.208028733 -0.143188437 0 0 0
B@CP 1222 -0.240467131 0.324701344 -0.217983451 0 0 0
B@CP 1225 -0.138116931 -0.339982096 -0.124170967 0 0 0
B@CP 1226 -0.157070602 -0.35383293 -0.0892759976 0 0 0
B@CP 1228 0.110281374 0.105838283 -0.217512652 0 0 0
B@CP 1229 -0.0340079077 -0.125081784 0.265517981 0 0 0
B@CP 1234 -0.132930113 -0.216918078 0.078281908 0 0 0
B@CP 1237 0.143079809 -0.259792796 -0.0988230914 0 0 0
B@CP 1239 0.255100951 0.14827783 0.181546636 0 0 0
B@CP 1241 0.20182557 0.123055706 -0.274070329 0 0 0
B@CP 1242 -0.136934591 0.0857761503 0.141750334 0 0 0
B@CP 1245 -0.111200223 -0.177543607 0.14622671 0 0 0
B@CP 1248 0.393628879 0.211696768 -0.0364757639 0 0 0
B@CP 1257 0.235322076 -0.110325651 -0.213315106 0 0 0
B@CP 1259 0.164533304 -0.0421817243 -0.39348021 0 0 0
B@CP 1262 0.0546935781 -0.388966384 -0.0359373711 0 0 0
B@CP 1263 0.0924868181 -0.405622268 0.0752969227 0 0 0
B@CP 1264 -0.0840511818 0.0997225779 -0.12034151 0 0 0
B@CP 1268 0.399357105 -0.151603473 0.0289456822 0 0 0
B@CP 1274 -0.138318564 0.0285220239 -0.118656903 0 0 0
B@CP 1275 0.412016496 0.146368001 0.146033446 0 0 0
B@CP 1280 0.207576976 -0.342735312 -0.179381374 0 0 0
B@CP 1281 -0.251946129 0.231023887 0.135551873 0 0 0
B@CP 1284 0.455467343 -0.044714217 0.0723359641 0 0 0
B@CP 1285 -0.0705089868 -0.12501691 -0.0621039326 0 0 0
B@CP 1291 0.415907777 0.182647982 0.0722243612 0 0 0
B@CP 1293 -0.115774013 -0.0367039063 -0.432655782 0 0 0
B@CP 1299 0.312381426 0.00852645986 -0.220430037 0 0 0
B@CP 1302 0.12984881 0.346402319 0.251590504 0 0 0
B@CP 1305 -0.0445203533 0.328413303 -0.171783601 0 0 0
B@CP 1306 -0.0844688818 0.364448059 -0.107711514 0 0 0
B@CP 1312 0.0401844555 -0.407381541 0.191995093 0 0 0
B@CP 1318 -0.0972090315 0.136745515 0.253399302 0 0 0
B@CP 1320 0.237929577 -0.262947018 0.198634279 0 0 0
B@CP 1323 -0.128445466 0.274144509 -0.0383191169 0 0 0
B@CP 1324 0.257861526 0.256331715 -0.234311643 0 0 0
B@CP 1326 0.0860066763 0.33853848 0.155614277 0 0 0
B@CP 1330 0.00437971742 0.403360545 0.0167098237 0 0 0
B@CP 1332 0.0850178409 -0.132224491 -0.242912376 0 0 0
B@CP 1335 -0.373407755 0.273825737 0.0102691276 0 0 0
B@CP 1342 0.407631872 0.153155347 0.111295824 0 0 0
B@CP 1343 -0.010585182 -0.230491249 -0.231467329 0 0 0
B@CP 1345 0.165327705 0.127734653 0.100358744 0 0 0
B@CP 1348 -0.231514121 0.157804368 -0.216822607 0 0 0
B@CP 1354 -0.130433174 0.312438212 -0.198557713 0 0 0
B@CP 1356 0.0335856042 -0.0144798488 -0.0160786149 0 0 0
B@CP 1362 -0.177146775 0.245707272 -0.0772185803 0 0 0
B@CP 1363 -0.162497569 0.18837345 0.051545643 0 0 0
B@CP 1365 -0.386656317 0.021501201 0.111427169 0 0 0
B@CP 1367 -0.252320716 -0.2193314 0.183322391 0 0 0
B@CP 1370 -0.141776314 -0.216806902 -0.130557256 0 0 0
B@CP 1371 -0.0326811021 -0.18453389 -0.181468363 0 0 0
B@CP 1372 0.0196742998 0.250253471 -0.0915084299 0 0 0
B@CP 1373 -0.226089587 0.0338398456 -0.374874037 0 0 0
B@CP 1375 0.0639686233 -0.225510392 0.385997596 0 0 0
B@CP 1379 -0.429059222 0.048791156 0.127679135 0 0 0
B@CP 1385 0.14005037 -0.191537861 -0.0572327272 0 0 0
B@CP 1387 0.21484627 0.259556563 -0.250577829 0 0 0
B@CP 1390 0.107620421 0.12816664 -0.113376766 0 0 0
B@CP 1391 0.187411278 -0.110958078 -0.0243586917 0 0 0
B@CP 1393 0.163944987 -0.230492811 -0.0705180933 0 0 0
B@CP 1398 0.443514453 -0.110988502 -0.0782471574 0 0 0
B@CP 1406 0.176975339 0.0630231957 -0.347870877 0 0 0
B@CP 1408 0.147867164 0.183315916 -0.378410208 0 0 0
B@CP 1410 0.180178716 0.408120122 -0.098171902 0 0 0
B@CP 1416 -0.31304224 -0.00595975786 -0.173778587 0 0 0
B@CP 1417 -0.152271455 0.0320087872 -0.23762517 0 0 0
B@CP 1422 -0.305008476 -0.118703744 0.0229452733 0 0 0
B@CP 1423 0.00193359731 0.0986916492 0.439495904 0 0 0
B@CP 1424 0.26720834 0.269522484 0.137253206 0 0 0
B@CP 1428 -0.0723160589 0.347937914 0.0972220552 0 0 0
B@CP 1429 -0.118376344 -0.0286018118 0.356331337 0 0 0
B@CP 1433 -0.199275231 -0.0364198553 0.232580443 0 0 0
B@CP 1434 -0.0888348888 -0.276193809 -0.101533466 0 0 0
B@CP 1436 0.0159988265 -0.000179620697 -0.0874332208 0 0 0
B@CP 1438 0.0216165976 -0.0506019397 0.0864293779 0 0 0
B@CP 1439 -0.21852366 0.272526378 0.115813471 0 0 0
B@CP 1446 -0.217863592 0.00252463719 0.105227212 0 0 0
B@CP 1448 0.060756792 0.391427804 0.0615425245 0 0 0
B@CP 1452 0.230008158 0.192116919 0.0799149023 0 0 0
B@CP 1453 0.0155817124 0.182704637 -0.257024974 0 0 0
B@CP 1454 -0.0959271581 -0.376692046 0.187962292 0 0 0
B@CP 1465 0.0359873006 0.177590166 -0.377276251 0 0 0
B@CP 1466 -0.250551597 0.028339968 -0.299747669 0 0 0
B@CP 1470 0.306705591 0.132773474 0.219791319 0 0 0
B@CP 1471 0.270994519 -0.17225545 -0.203516944 0 0 0
B@CP 1478 0.0780777553 -0.0335708677 -0.273206337 0 0 0
B@CP 1481 0.0738703059 0.393223124 0.189017764 0 0 0
B@CP 1482 0.224479148 0.125332156 -0.252000695 0 0 0
B@CP 1483 -0.163489168 0.301499537 -0.12022961 0 0 0
B@CP 1486 -0.221062458 0.189065742 -0.3342826 0 0 0
B@CP 1489 0.0400261784 -0.275699468 -0.221381102 0 0 0
B@CP 1490 0.321073813 -0.249424325 0.137587326 0 0 0
B@CP 1491 0.130618632 0.294011209 0.0507011943 0 0 0
B@CP 1492 0.209223247 0.343529088 0.118880175 0 0 0
B@CP 1495 0.152434666 -0.336650785 -0.201587136 0 0 0
B@CP 1500 0.0860180198 -0.215786433 -0.346423385 0 0 0
B@CP 1504 -0.0684519354 -0.139320406 -0.163678973 0 0 0
B@CP 1505 -0.238268572 -0.228811241 -0.0852654683 0 0 0
B@CP 1509 -0.051537999 0.0762700008 -0.0966203123 0 0 0
B@CP 1515 -0.109779615 0.245596327 0.00496613881 0 0 0
B@CP 1519 0.261453815 0.368254515 -0.0915753922 0 0 0
B@CP 1523 0.021309299 0.112080203 0.346995476 0 0 0
B@CP 1524 0.246708556 0.236248409 -0.125798229 0 0 0
B@CP 1526 0.279763908 -0.0166579888 -0.217196395 0 0 0
B@CP 1527 0.134029911 0.237591958 -0.108414026 0 0 0
B@CP 1530 0.163357463 0.281925161 -0.00744851742 0 0 0
B@CP 1534 -0.0899821802 -0.150982413 -0.426268103 0 0 0
B@CP 1536 0.0274206031 -0.348973271 0.28782049 0 0 0
B@CP 1551 0.180206093 0.108824335 -0.138307977 0 0 0
B@CP 1552 0.357089696 -0.154509483 0.0595882124 0 0 0
B@CP 1555 0.0816216142 0.00764409956 0.0197890328 0 0 0
B@CP 1561 -0.104921765 0.253598481 -0.14778093 0 0 0
B@CP 1567 0.0829414028 -0.0471380208 0.432221482 0 0 0
B@CP 1569 -0.199727382 0.24871654 0.199012947 0 0 0
B@CP 1572 -0.147614981 -0.177248399 -0.111626075 0 0 0
B@CP 1573 0.0296486195 -0.323690835 0.308516676 0 0 0
B@CP 1576 0.224201496 -0.151738982 0.382988249 0 0 0
B@CP 1580 0.0515211165 -0.191129515 -0.124393122 0 0 0
B@CP 1583 -0.0664035438 0.41427605 0.178970037 0 0 0
B@CP 1584 0.192959387 0.057259701 -0.336982249 0 0 0
B@CP 1586 -0.29726721 0.26362315 0.204353026 0 0 0
B@CP 1588 -0.130949508 -0.0412000239 0.109988203 0 0 0
B@CP 1589 -0.480113782 -0.00254742424 0.0480188843 0 0 0
B@CP 1596 0.0372371852 0.178958906 -0.177681305 0 0 0
B@CP 1600 0.0695519011 -0.137465195 -0.0951968721 0 0 0
B@CP 1606 0.443196991 -0.0560778341 0.0642294011 0 0 0
B@CP 1609 -0.147474127 0.344451137 -0.00761869587 0 0 0
B@CP 1611 -0.00259898534 -0.381384053 0.201873597 0 0 0
B@CP 1613 -0.348424815 -0.189677573 0.132312569 0 0 0
B@CP 1625 0.222628432 0.045522305 -0.40673156 0 0 0
B@CP 1630 -0.0987345368 0.0177420388 0.175617276 0 0 0
B@CP 1637 -0.0313309549 0.0767264011 -0.0817698497 0 0 0
B@CP 1638 -0.187359218 -0.153652901 -0.119506286 0 0 0
B@CP 1642 0.260458265 0.366555531 0.0699593975 0 0 0
B@CP 1645 0.0340831412 -0.447187843 -0.0634427676 0 0 0
B@CP 1649 0.14964742 -0.155260517 -0.364327847 0 0 0
B@CP 1655 0.138497195 -0.170705112 0.0137330452 0 0 0
B@CP 1656 0.150929498 0.185227045 -0.179329268 0 0 0
B@CP 1673 0.188513787 0.0265402102 -0.0107164456 0 0 0
B@CP 1678 0.340541839 -0.0981227187 0.0803874874 0 0 0
B@CP 1679 -0.220937594 -0.269386117 0.0172367827 0 0 0
B@CP 1681 -0.154942587 -0.119321487 -0.0762334785 0 0 0
B@CP 1686 0.241035712 0.378303663 0.0289288255 0 0 0
B@CP 1690 0.243097163 0.144049414 -0.241453942 0 0 0
B@CP 1694 -0.0313317751 0.332903438 0.0212124479 0 0 0
B@CP 1696 0.369371433 -0.0497622312 0.116266304 0 0 0
B@CP 1697 -0.416794989 0.00872356178 0.131990208 0 0 0
B@CP 1701 0.122661151 0.187214096 0.293803248 0 0 0
B@CP 1703 -0.367370643 0.143333924 -0.217857862 0 0 0
B@CP 1710 -0.0935099077 0.356890782 0.0285612771 0 0 0
B@CP 1719 0.123677006 0.051549246 0.016631378 0 0 0
B@CP 1722 -0.292989381 -0.0543513148 -0.0316568209 0 0 0
B@CP 1727 0.0100700983 -0.0983997406 0.294976661 0 0 0
B@CP 1733 -0.418444865 -0.150595293 0.0741989019 0 0 0
B@CP 1735 0.270630517 -0.1564124 0.322894472 0 0 0
B@CP 1736 -0.238567485 0.153543473 -0.0895201249 0 0 0
B@CP 1739 0.0684977137 -0.37393246 0.252841809 0 0 0
B@CP 1740 -0.25623202 -0.123662905 -0.386316246 0 0 0
B@CP 1743 -0.295335898 0.322275836 0.104122868 0 0 0
B@CP 1745 0.149462798 -0.10780591 0.318756204 0 0 0
B@CP 1746 -0.305850747 0.0689836842 0.0810822711 0 0 0
B@CP 1747 0.0317968991 -0.240998801 -0.0662874485 0 0 0
B@CP 1748 -0.119795481 -0.157658601 0.0442434539 0 0 0
B@CP 1751 0.375121236 -0.244055854 0.0305213518 0 0 0
B@CP 1752 -0.205091334 -0.0714325556 0.0709792243 0 0 0
B@CP 1755 0.0737326031 -0.16066715 0.292122412 0 0 0
B@CP 1763 -0.214100157 0.337204628 -0.203019221 0 0 0
B@CP 1774 0.109166978 0.0264950523 0.293143924 0 0 0
B@CP 1777 0.304487201 0.32887869 -0.0785732781 0 0 0
B@CP 1781 -0.121227979 -0.304689288 0.0826194473 0 0 0
B@CP 1789 0.0936013364 0.354565292 -0.24284544 0 0 0
B@CP 1790 -0.026153619 -0.266538667 0.281389815 0 0 0
B@CP 1793 0.154516381 0.0422430443 -0.383024521 0 0 0
B@CP 1800 0.262186001 -0.164801144 0.345689244 0 0 0
B@CP 1802 0.349852726 0.0962843119 0.287994646 0 0 0
B@CP 1803 -0.17679647 0.247538655 -0.168673143 0 0 0
B@CP 1804 0.287460291 -0.0156327813 -0.261530138 0 0 0
B@CP 1807 -0.023073641 0.393007776 0.244975587 0 0 0
B@CP 1814 0.334262621 0.235717585 0.0926741626 0 0 0
B@CP 1815 0.257513007 0.106698343 -0.364377134 0 0 0
B@CP 1817 -0.20789565 0.00527190124 0.126979527 0 0 0
B@CP 1819 0.125083123 -0.0438209353 0.434817797 0 0 0
B@CP 1822 0.344455636 0.124448445 0.0832384423 0 0 0
B@CP 1823 0.157136404 0.273714604 0.265815595 0 0 0
B@CP 1826 -0.324617828 0.224027968 0.138937639 0 0 0
B@CP 1828 -0.00190126711 0.117996358 0.398757617 0 0 0
B@CP 1835 0.106331559 0.366883822 -0.273221453 0 0 0
B@CP 1836 -0.00175171081 -0.343418508 -0.277707811 0 0 0
B@CP 1838 0.154107712 -0.0494361639 0.404081771 0 0 0
B@CP 1840 0.273871964 0.174081695 0.011715111 0 0 0
B@CP 1842 0.085853215 0.166993113 0.260139321 0 0 0
B@CP 1844 0.0358666067 0.177568806 -0.0688086431 0 0 0
B@CP 1847 -0.0705639266 -0.0138307996 -0.00193837099 0 0 0
B@CP 1848 0.215886873 0.285416672 0.227309589 0 0 0
B@CP 1851 0.172932407 0.32011807 -0.129905639 0 0 0
B@CP 1852 -0.330923767 -0.084780741 0.132007833 0 0 0
B@CP 1855 0.411350053 -0.0186074647 0.139745321 0 0 0
B@CP 1856 0.252500101 0.239767037 -0.26974869 0 0 0
B@CP 1858 0.320154292 -0.168614441 -0.0156513552 0 0 0
B@CP 1861 0.250927132 -0.0480024269 -0.153570195 0 0 0
B@CP 1862 0.105553989 -0.234476167 -0.32279127 0 0 0
B@CP 1866 0.0879789036 -0.011564783 -0.314674527 0 0 0
B@CP 1870 0.189705404 -0.177509071 0.337102379 0 0 0
B@CP 1872 -0.105000916 0.277259944 0.252876461 0 0 0
B@CP 1873 -0.0752462605 -0.0253097804 -0.342047306 0 0 0
B@CP 1877 -0.00796295173 0.115401915 0.0221488809 0 0 0
B@CP 1879 0.326687429 -0.0420375232 -0.00767827379 0 0 0
B@CP 1880 -0.15751177 -0.226195298 0.240276412 0 0 0
B@CP 1881 0.116490824 0.0179823062 -0.345962268 0 0 0
B@CP 1883 -0.288302601 0.218257665 -0.283546135 0 0 0
B@CP 1887 0.0575540124 0.145444821 0.280808354 0 0 0
B@CP 1890 0.136766477 0.0678215827 -0.0738146083 0 0 0
B@CP 1891 0.204742556 0.000115184757 0.235689684 0 0 0
B@CP 1892 0.0316052421 0.158402555 -0.00906685012 0 0 0
B@CP 1893 -0.150855495 0.202203803 0.0256806734 0 0 0
B@CP 1899 -0.143989967 0.0749612912 0.0262373453 0 0 0
B@CP 1901 -0.00722171796 -0.0931560299 -0.104369458 0 0 0
B@CP 1903 0.263206766 -0.250511836 0.239784982 0 0 0
B@CP 1906 -0.153857112 -0.304645583 -0.142298716 0 0 0
B@CP 1909 -0.00753229107 -0.136564418 -0.162876366 0 0 0
B@CP 1910 0.013294579 0.0301995116 0.179632488 0 0 0
B@CP 1911 0.18022196 0.412381973 -0.00750116655 0 0 0
B@CP 1915 0.307700304 -0.23748367 -0.144612606 0 0 0
B@CP 1917 -0.229631938 0.297993249 -0.189306201 0 0 0
B@CP 1920 -0.0498066305 -0.027801128 -0.345698158 0 0 0
B@CP 1921 -0.0380573692 -0.255906418 -0.0167321044 0 0 0
B@CP 1922 0.0659493833 -0.169463315 0.349592498 0 0 0
B@CP 1925 0.0566330092 0.250415166 -0.348141131 0 0 0
B@CP 1935 -0.0169709171 0.14087731 -0.173705575 0 0 0
B@CP 1937 -0.127186536 0.147839098 -0.328967613 0 0 0
B@CP 1939 0.161558261 -0.124352141 -0.0582716541 0 0 0
B@CP 1950 -0.129206892 0.2937714 -0.174958839 0 0 0
B@CP 1955 -0.182259759 0.134056063 -0.19340868 0 0 0
B@CP 1958 -0.219473999 -0.204377749 0.110749028 0 0 0
B@CP 1967 0.0491091247 -0.382437388 0.262663204 0 0 0
B@CP 1970 0.0699601863 -0.375234927 0.162135144 0 0 0
B@CP 1974 -0.0583114158 0.0872206797 -0.455029284 0 0 0
B@CP 1980 -0.199157834 0.109179376 -0.268946535 0 0 0
B@CP 1993 -0.210216937 0.0710004131 0.361551853 0 0 0
B@CP 1994 0.132787524 0.126470616 -0.225232778 0 0 0
B@CP 1996 -0.194823566 -0.0838081799 0.0825394527 0 0 0
B@CP 1999 0.245799486 0.234486657 -0.138985648 0 0 0
B@CP 2002 0.41093994 -0.0395436536 0.153040372 0 0 0
B@CP 2005 0.268593734 0.197690825 0.0994791098 0 0 0
B@CP 2013 -0.396531547 -0.251154369 -0.0769472703 0 0 0
B@CP 2019 -0.36913454 -0.0615272173 -0.0377313631 0 0 0
B@CP 2021 -0.0151318079 -0.0866095675 0.3969898 0 0 0
B@CP 2022 0.369694297 0.00456543958 0.172019572 0 0 0
B@CP 2024 -0.0971766368 0.266880839 -0.147836024 0 0 0
B@CP 2025 -0.353191117 -0.0851021879 -0.0644293416 0 0 0
B@CP 2026 -0.26319864 -0.25123904 0.0174432156 0 0 0
B@CP 2028 -0.335364197 0.206650218 -0.154974835 0 0 0
B@CP 2029 0.151520257 -0.261969393 0.0369603066 0 0 0
B@CP 2032 -0.224576319 0.322652175 -0.177024811 0 0 0
B@CP 2033 -0.0121931186 0.206852224 0.30933533 0 0 0
B@CP 2034 0.00276351091 -0.21912782 0.116760363 0 0 0
B@CP 2036 0.163253767 -0.188637108 -0.264598503 0 0 0
B@CP 2037 0.102721237 0.364548354 0.113753627 0 0 0
B@CP 2040 -0.38478638 0.0721799811 0.107915852 0 0 0
B@CP 2042 0.161614036 -0.393532734 -0.0572787478 0 0 0
B@CP 2043 -0.425656911 0.0267605006 0.0769755002 0 0 0
B@CP 2048 0.262289051 0.326263599 0.165922581 0 0 0
B@CP 2050 0.118801664 0.396371375 -0.102153571 0 0 0
B@CP 2053 -0.407023961 0.00210183697 0.11410315 0 0 0
B@CP 2057 0.121344197 -0.347536224 0.256931568 0 0 0
B@CP 2059 0.337469956 0.0684554526 0.155637908 0 0 0
B@CP 2060 0.344310594 -0.0802350798 0.136490778 0 0 0
B@CP 2068 -0.00448687243 0.299090446 -0.113594056 0 0 0
B@CP 2076 -0.0838816139 0.386062867 0.22717254 0 0 0
B@CP 2077 -0.141107673 0.0404427804 0.15258116 0 0 0
B@CP 2078 -0.0875352693 -0.0605765988 0.00961221629 0 0 0
B@CP 2079 0.077597209 0.291417619 0.195999359 0 0 0
B@CP 2081 0.0422886892 0.151939486 -0.160837315 0 0 0
B@CP 2082 -0.348191397 0.07901776 -0.140059398 0 0 0
B@CP 2083 0.0031837723 -0.106644324 0.166753998 0 0 0
B@CP 2086 0.153319173 0.155125434 0.109583301 0 0 0
B@CP 2087 -0.071692834 0.0210784846 0.259195485 0 0 0
B@CP 2091 -0.181192308 -0.0241115654 -0.20476441 0 0 0
B@CP 2095 0.032616711 0.274340037 -0.0725932268 0 0 0
B@CP 2103 -0.0548519892 0.00108677614 -0.150222783 0 0 0
B@CP 2105 0.217623961 -0.22638925 -0.0406329377 0 0 0
B@CP 2109 -0.107092157 -0.28439083 0.0809161523 0 0 0
B@CP 2110 -0.307753336 -0.194917078 0.249414681 0 0 0
B@CP 2111 0.226477189 -0.0877738296 0.341401635 0 0 0
B@CP 2113 0.392354232 0.192625377 -0.150894336 0 0 0
B@CP 2114 -0.106589167 0.139594807 -0.0821646878 0 0 0
B@CP 2115 0.386156041 -0.23449854 0.160177854 0 0 0
B@CP 2117 -0.463431055 -0.0646610046 -0.0249540137 0 0 0
B@CP 2118 -0.0662758849 0.238006235 0.0754847502 0 0 0
B@CP 2119 0.107761457 0.0360280628 0.344699476 0 0 0
B@CP 2125 -0.161480662 -0.139768157 -0.336665654 0 0 0
B@CP 2127 -0.279569197 0.249330281 0.1800234 0 0 0
B@CP 2130 -0.197732461 -0.169152756 0.096798134 0 0 0
B@CP 2131 0.0477474571 -0.0300292203 0.446949767 0 0 0
B@CP 2133 -0.232683711 -0.0504763238 0.159594342 0 0 0
B@CP 2134 0.335147302 -0.181688703 0.0357764547 0 0 0
B@CP 2136 0.163419815 -0.0722094892 -0.345445433 0 0 0
B@CP 2141 -0.0699952626 -0.0426697908 -0.120347481 0 0 0
B@CP 2144 -0.224221455 -0.178355937 0.296041344 0 0 0
B@CP 2145 0.237355962 -0.242148975 0.229719805 0 0 0
B@CP 2149 -0.000793094757 -0.248595982 0.279989912 0 0 0
B@CP 2154 -0.0682495255 0.148504788 0.421430542 0 0 0
B@CP 2161 -0.236576512 0.291221843 -0.15326917 0 0 0
B@CP 2164 0.0374654058 -0.128044667 -0.417247187 0 0 0
B@CP 2166 -0.0834398596 -0.0648852399 0.280203393 0 0 0
B@CP 2168 -0.130079686 -0.108082641 -0.0756592283 0 0 0
B@CP 2169 -0.111228515 -0.0739375556 -0.420477205 0 0 0
B@CP 2175 -0.283128364 0.0778052419 0.187708901 0 0 0
B@CP 2177 0.195585161 -0.285709252 -0.222963403 0 0 0
B@CP 2182 -0.0213552695 0.264300653 -0.384256687 0 0 0
B@CP 2186 0.0612881439 -0.196950252 -0.359159636 0 0 0
B@CP 2188 -0.380440673 0.000767323103 -0.255093906 0 0 0
B@CP 2203 0.0963776089 0.141865691 -0.120039227 0 0 0
B@CP 2205 -0.114202628 0.109356158 0.367284609 0 0 0
B@CP 2207 0.133411737 -0.406856646 0.0133216171 0 0 0
B@CP 2208 -0.00355268193 -0.00601515288 -0.185945733 0 0 0
B@CP 2213 -0.18840934 0.160163453 -0.101212515 0 0 0
B@CP 2215 -0.119120641 -0.0898936621 -0.221940167 0 0 0
B@CP 2217 -0.0507627948 -0.0131050673 -0.0531415451 0 0 0
B@CP 2220 0.310473501 0.208904604 0.09493537 0 0 0
B@CP 2221 -0.0052397574 -0.319333416 0.175047864 0 0 0
B@CP 2222 -0.388259529 -0.0754714116 -0.0997109506 0 0 0
B@CP 2225 -0.261356079 0.27607502 0.0151414188 0 0 0
B@CP 2226 0.0842229587 0.246738654 0.191242228 0 0 0
B@CP 2228 -0.160000848 0.212627549 -0.0847121029 0 0 0
B@CP 2230 0.188720064 -0.236332632 0.0701767421 0 0 0
B@CP 2233 -0.200888575 0.0293769425 0.373804891 0 0 0
B@CP 2234 0.0200207405 -0.161948364 0.368050022 0 0 0
B@CP 2248 -0.31038068 0.154822666 -0.0165434233 0 0 0
B@CP 2250 0.0285219929 -0.252320286 -0.0222224165 0 0 0
B@CP 2251 0.134696415 -0.000319096169 0.0521600231 0 0 0
B@CP 2252 -0.13075671 -0.227747539 0.175409361 0 0 0
B@CP 2254 0.0475032525 -0.117094489 -0.390644916 0 0 0
B@CP 2255 0.0570153499 -0.0430770056 0.226146327 0 0 0
B@CP 2256 -0.381982666 -0.0309565147 -0.153581032 0 0 0
B@CP 2263 0.0674532195 -0.0787010227 -0.0401151337 0 0 0
B@CP 2267 -0.266047593 -0.123972031 -0.194807174 0 0 0
B@CP 2271 -0.106169098 -0.196716039 -0.164041209 0 0 0
B@CP 2272 0.242824354 -0.0385766689 0.2150876 0 0 0
B@CP 2273 -0.100737644 0.0604273306 -0.176584778 0 0 0
B@CP 2275 0.341353659 0.0100124582 -0.204723727 0 0 0
B@CP 2279 -0.0240859123 0.141672674 -0.139182047 0 0 0
B@CP 2282 0.0196031091 -0.0411422953 0.0911240761 0 0 0
B@CP 2284 0.167420955 0.12808985 0.384064803 0 0 0
B@CP 2285 -0.24270398 0.0314055458 -0.0500584226 0 0 0
B@CP 2293 0.273763355 -0.31254803 0.102942851 0 0 0
B@CP 2299 0.0121518429 0.130002846 0.337019341 0 0 0
B@CP 2300 -0.038226945 -0.293945982 -0.0148084629 0 0 0
B@CP 2301 0.26795522 0.0627406701 0.188268599 0 0 0
B@CP 2303 -0.109895298 -0.141528713 -0.308511407 0 0 0
B@CP 2305 -0.0630947888 -0.0158163504 0.411811112 0 0 0
B@CP 2309 0.23623753 0.150843391 -0.294072211 0 0 0
B@CP 2313 -0.1886848 0.120091452 -0.112488415 0 0 0
B@CP 2315 0.0466954099 0.232742842 0.380801128 0 0 0
B@CP 2320 0.142572797 0.271179106 -0.127886554 0 0 0
B@CP 2325 0.213483424 0.0586400472 -0.385593012 0 0 0
B@CP 2329 0.20281669 -0.00781337254 -0.0767722218 0 0 0
B@CP 2331 -0.0624125818 0.178051938 -0.15745016 0 0 0
B@CP 2332 0.288119569 0.142988708 -0.126563998 0 0 0
B@CP 2333 0.394978239 -0.122804563 0.0084381881 0 0 0
B@CP 2335 0.257761913 0.331730626 -0.0611455808 0 0 0
B@CP 2336 -0.188991529 0.236344145 -0.119172432 0 0 0
B@CP 2340 0.0653228986 0.240188381 -0.189732277 0 0 0
B@CP 2343 0.0835615611 -0.259115178 -0.291676722 0 0 0
B@CP 2346 -0.387569477 -0.0666044006 0.0670186909 0 0 0
B@CP 2348 -0.0296194883 0.217886371 0.141309789 0 0 0
B@CP 2350 -0.0269595804 0.427449049 0.030040642 0 0 0
B@CP 2351 -0.110739918 0.409347933 -0.152377187 0 0 0
B@CP 2356 -0.121865454 -0.0255793496 0.248157262 0 0 0
B@CP 2357 0.157202248 0.411486812 0.00627695742 0 0 0
B@CP 2359 -0.00694540195 0.287868623 0.297023361 0 0 0
B@CP 2363 -0.0737122669 -0.0773708699 -0.217386921 0 0 0
B@CP 2365 0.295472368 -0.203813786 -0.0336078024 0 0 0
B@CP 2368 -0.387842087 -0.150373134 0.11025746 0 0 0
B@CP 2369 -0.185120504 0.37745589 0.153270688 0 0 0
B@CP 2370 -0.139899803 -0.122143024 -0.192041467 0 0 0
B@CP 2372 0.195430947 -0.0345436361 0.0205792818 0 0 0
B@CP 2373 -0.253608185 0.0265574332 0.0647012735 0 0 0
B@CP 2376 -0.124795222 -0.0452234156 -0.256743099 0 0 0
B@CP 2381 -0.0441680911 -0.268624068 -0.355809396 0 0 0
B@CP 2382 -0.328535781 0.127898867 0.212984382 0 0 0
B@CP 2383 -0.139142481 0.00772891754 0.069510123 0 0 0
B@CP 2386 0.0955557772 0.0124856323 -0.069210934 0 0 0
B@CP 2388 0.0714154404 0.266683201 -0.186694945 0 0 0
B@CP 2392 -0.292747064 -0.01112041 -0.209190434 0 0 0
B@CP 2395 0.293472455 0.0133611145 -0.135864977 0 0 0
B@CP 2397 -0.0536856265 0.308846673 0.162128604 0 0 0
B@CP 2400 -0.373113946 0.0192392594 0.0237172427 0 0 0
B@CP 2402 -0.362394777 0.0973209303 0.0372468774 0 0 0
B@CP 2405 0.273610311 -0.32703695 0.0353130344 0 0 0
B@CP 2411 0.0616087235 0.186460817 -0.26579955 0 0 0
B@CP 2413 -0.151521568 -0.269304044 0.186843881 0 0 0
B@CP 2416 -0.459530404 -0.0486969252 0.0483721396 0 0 0
B@CP 2421 0.383825455 -0.117406354 -0.0310008423 0 0 0
B@CP 2437 -0.142678082 0.169643208 -0.0144779973 0 0 0
B@CP 2441 -0.218912001 0.185502466 -0.21661753 0 0 0
B@CP 2456 0.109085028 -0.26916189 -0.231248173 0 0 0
B@CP 2457 -0.113994914 0.201945405 -0.335593843 0 0 0
B@CP 2459 0.388220087 0.0594670963 -0.133736112 0 0 0
B@CP 2460 -0.203301326 -0.302321303 -0.275845282 0 0 0
B@CP 2461 0.140273308 0.154576783 0.105645113 0 0 0
B@CP 2462 -0.113704724 0.158025541 -0.269934323 0 0 0
B@CP 2467 -0.0106190373 -0.202479283 0.377889967 0 0 0
B@CP 2471 -0.203312797 -0.046359221 0.0202228678 0 0 0
B@CP 2475 0.0486336097 0.120801913 0.385439984 0 0 0
B@CP 2477 -0.387477075 0.066292789 -0.0712493315 0 0 0
B@CP 2481 -0.244957649 -0.0360232643 -0.155288925 0 0 0
B@CP 2487 -0.0958803242 -0.208233572 -0.337222968 0 0 0
B@CP 2492 0.17459877 -0.235924514 -0.00123113525 0 0 0
C@CP 2500 0.0661354392 0.406754294 0.196448329 0 0 0
C@CP 2501 0.178257064 0.0663494868 -0.220851646 0 0 0
C@CP 2502 -0.225645783 0.228893166 0.187810008 0 0 0
C@CP 2503 0.233191204 0.339410146 0.00453978361 0 0 0
C@CP 2505 -0.129851043 0.19681905 0.00987951289 0 0 0
C@CP 2506 -0.121543242 0.0110069989 0.294822511 0 0 0
C@CP 2507 0.257318855 0.286570084 0.136612381 0 0 0
C@CP 2508 0.0881732505 -0.230834179 -0.0276882064 0 0 0
C@CP 2509 -0.275190226 0.287413048 0.0579725492 0 0 0
C@CP 2510 -0.284902832 -0.153942552 0.0668716353 0 0 0
C@CP 2511 0.218955914 -0.259634401 -0.137045128 0 0 0
C@CP 2512 0.168922561 0.136376644 -0.0887309905 0 0 0
C@CP 2513 0.138462415 -0.330855471 0.271095347 0 0 0
C@CP 2514 0.240708736 -0.212260993 0.121863866 0 0 0
C@CP 2515 0.0129387674 0.143569946 -0.00053444233 0 0 0
C@CP 2516 0.0119297644 -0.399868679 0.0259687298 0 0 0
C@CP 2517 -0.324343275 -0.29650827 0.0449920296 0 0 0
C@CP 2518 0.200120989 -0.171752128 -0.0705432822 0 0 0
C@CP 2519 0.212933357 0.233904158 -0.178746809 0 0 0
C@CP 2520 0.0851425233 -0.0251483824 -0.174612561 0 0 0
C@CP 2521 -0.0874578181 -0.0608189208 0.402167359 0 0 0
C@CP 2522 -0.00732603072 -0.170782453 -0.13559483 0 0 0
C@CP 2523 -0.144986616 -0.270867091 -0.123739672 0 0 0
C@CP 2524 -0.27128077 -0.237313331 0.121047015 0 0 0
C@CP 2525 -0.0804770892 -0.152060496 0.343910208 0 0 0
C@CP 2526 -0.114470603 -0.0630681776 0.180691061 0 0 0
C@CP 2527 0.111210312 0.0362350833 -0.42406003 0 0 0
C@CP 2528 0.235671303 -0.0254693067 -0.365215068 0 0 0
C@CP 2529 -0.0986149611 0.291088034 0.176638548 0 0 0
C@CP 2530 -0.270789329 -0.0519898542 0.271875193 0 0 0
C@CP 2531 0.390918927 0.138501992 -0.0238084575 0 0 0
C@CP 2532 -0.275872664 0.0908592688 0.00996477041 0 0 0
C@CP 2533 -0.275949685 0.313266358 -0.0053842619 0 0 0
C@CP 2534 -0.121752378 0.149895683 -0.0724313094 0 0 0
C@CP 2535 0.161561759 0.209709503 0.124795572 0 0 0
C@CP 2536 0.0564035388 -0.105989553 -0.287679376 0 0 0
C@CP 2537 -0.0414402403 -0.31267641 0.0882894302 0 0 0
C@CP 2538 -0.227043675 0.180446797 0.26926868 0 0 0
C@CP 2539 0.0575603252 -0.104790649 0.11076267 0 0 0
C@CP 2540 0.0861000612 -0.0422193064 -0.00559684464 0 0 0
C@CP 2541 0.226415279 -0.132524373 0.238419081 0 0 0
C@CP 2542 0.305383582 -0.17761774 -0.296999538 0 0 0
C@CP 2543 0.260425151 -0.0372848175 0.155570581 0 0 0
C@CP 2544 -0.0799302227 0.251503789 0.260584298 0 0 0
C@CP 2545 -0.173999171 0.343723652 0.127822209 0 0 0
C@CP 2546 -0.207303304 0.348513604 0.167376161 0 0 0
C@CP 2547 -0.200630831 0.0694711107 -0.259220493 0 0 0
C@CP 2548 -0.072133909 0.352564052 0.0291076775 0 0 0
C@CP 2549 -0.0583697408 0.404406181 -0.062845351 0 0 0
C@CP 2550 0.304248966 -0.193380574 0.0332917384 0 0 0
C@CP 2551 0.0895273103 0.112873322 0.118723071 0 0 0
C@CP 2552 0.0681814379 0.170489876 -0.224170046 0 0 0
C@CP 2553 -0.0438262746 -0.316731425 -0.137723246 0 0 0
C@CP 2554 -0.269316162 0.023345003 -0.0223204815 0 0 0
C@CP 2555 0.00394486345 -0.369249332 0.124165765 0 0 0
C@CP 2556 0.00718992026 -0.029376722 -0.082731228 0 0 0
C@CP 2557 0.331641649 -0.131914232 0.229288264 0 0 0
C@CP 2558 -0.199711519 -0.189306062 0.211961043 0 0 0
C@CP 2559 -0.176977801 0.323337521 0.284572713 0 0 0
C@CP 2560 -0.00668554637 -0.0492960052 -0.158279318 0 0 0
C@CP 2561 0.162430063 0.368337541 -0.0567670344 0 0 0
C@CP 2562 -0.00715027623 -0.173466234 0.314250752 0 0 0
C@CP 2563 0.032775847 0.321243015 -0.0415798647 0 0 0
C@CP 2564 -0.174416937 -0.0305101899 -0.376701177 0 0 0
C@CP 2565 -0.25297706 0.153236795 -0.206786694 0 0 0
C@CP 2566 0.108493057 -0.156035183 -0.000423943992 0 0 0
C@CP 2567 0.387869695 0.0608737202 0.135454928 0 0 0
C@CP 2568 0.0917607202 0.185087543 0.150749344 0 0 0
C@CP 2569 0.193378679 0.028679298 -0.100842992 0 0 0
C@CP 2570 -0.0960359414 0.192459693 0.0407227171 0 0 0
C@CP 2571 -0.284310808 0.212830376 0.159584584 0 0 0
C@CP 2572 -0.108761391 0.066337263 -0.206900709 0 0 0
C@CP 2573 -0.239330788 0.0539878727 0.217474459 0 0 0
C@CP 2574 -0.259901763 0.0309122732 0.363028674 0 0 0
C@CP 2575 0.0062856168 0.208993116 -0.0558873979 0 0 0
C@CP 2576 -0.324774747 0.266457978 0.0971619004 0 0 0
C@CP 2577 -0.325208474 0.255629621 0.0373412361 0 0 0
C@CP 2578 0.194541104 -0.105553102 0.338697975 0 0 0
C@CP 2579 0.201661237 -0.160727886 0.0107333575 0 0 0
C@CP 2580 -0.384340276 0.176955716 0.194224656 0 0 0
C@CP 2581 0.322884857 -0.18787204 0.17331403 0 0 0
C@CP 2582 0.249145119 -0.35863393 -0.147189118 0 0 0
C@CP 2583 0.0628700569 0.269403459 -0.381892419 0 0 0
C@CP 2584 -0.127373885 -0.000897234133 0.191771953 0 0 0
C@CP 2585 0.266001713 -0.157459228 -0.370870415 0 0 0
C@CP 2586 0.101697536 -0.423839237 0.0698689129 0 0 0
C@CP 2587 -0.286777453 -0.162472827 -0.319125513 0 0 0
C@CP 2588 0.227578577 -0.225641284 0.3323466 0 0 0
C@CP 2589 0.0830050346 0.166019647 -0.160221427 0 0 0
C@CP 2590 0.0177937723 -0.248830805 -0.284117027 0 0 0
C@CP 2591 -0.294535478 0.297014874 0.149310081 0 0 0
C@CP 2592 -0.117938601 0.172631556 0.110973648 0 0 0
C@CP 2593 -0.349831492 -0.0936621985 -0.104675327 0 0 0
C@CP 2594 -0.00193988481 0.183958129 -0.11192797 0 0 0
C@CP 2595 -0.100016978 0.0703661079 0.402083791 0 0 0
C@CP 2596 0.102106813 0.319603774 -0.299987241 0 0 0
C@CP 2597 -0.0758539977 0.276709385 -0.0347049232 0 0 0
C@CP 2598 -0.107360697 -0.197901979 -0.181321733 0 0 0
C@CP 2599 0.0198195694 -0.236077877 0.00390406005 0 0 0
C@CP 2600 -0.149480111 0.275485081 -0.00126275712 0 0 0
C@CP 2601 0.176161761 0.0373687342 -0.332861864 0 0 0
C@CP 2602 0.193163029 0.073130232 0.372900092 0 0 0
C@CP 2603 0.0307374241 -0.0693476474 0.348416528 0 0 0
C@CP 2604 0.202086625 -0.406575918 0.0481194591 0 0 0
C@CP 2605 -0.125198393 0.304059158 0.183099427 0 0 0
C@CP 2606 -0.391320229 -0.0760671915 0.0764196883 0 0 0
C@CP 2607 -0.0175669168 -0.314117741 0.204472805 0 0 0
C@CP 2608 0.0146396034 0.268001711 0.39802351 0 0 0
C@CP 2609 0.172526212 -0.0413922678 0.325325924 0 0 0
C@CP 2610 0.117726337 0.221297748 -0.111180927 0 0 0
C@CP 2611 -0.171417196 -0.387746364 -0.14485292 0 0 0
C@CP 2612 0.26303456 -0.121315947 -0.0793430793 0 0 0
C@CP 2613 0.462404711 0.0336903268 -0.024056517 0 0 0
C@CP 2614 0.24178881 0.256028856 0.259745532 0 0 0
C@CP 2615 0.193635876 0.192079911 0.310113955 0 0 0
C@CP 2616 0.0962282519 0.123510142 -0.10582434 0 0 0
C@CP 2617 -0.161204424 0.377472749 -0.0720804379 0 0 0
C@CP 2618 0.173803038 0.0325958737 -0.0919450712 0 0 0
C@CP 2619 -0.156574279 0.192676383 -0.254315246 0 0 0
C@CP 2620 -0.352412451 -0.0654215211 -0.260221572 0 0 0
C@CP 2621 -0.0377500442 0.333246842 0.263930628 0 0 0
C@CP 2622 0.227111373 -0.400156764 -0.0330931315 0 0 0
C@CP 2623 -0.298510633 0.280921715 0.114876228 0 0 0
C@CP 2624 -0.161137149 0.297594783 0.139783443 0 0 0
C@CP 2625 -0.140409743 -0.134646885 -0.25332241 0 0 0
C@CP 2626 0.221618885 0.325252185 0.201087249 0 0 0
C@CP 2627 0.193245324 0.0863039201 -0.416185405 0 0 0
C@CP 2628 -0.13521708 0.236107452 0.239557896 0 0 0
C@CP 2629 -0.0150984892 -0.292952087 -0.33661835 0 0 0
C@CP 2630 -0.35400086 -0.0844970885 -0.139305343 0 0 0
C@CP 2631 0.199150763 0.170158954 0.390024615 0 0 0
C@CP 2632 -0.0973249285 -0.221946231 0.142383142 0 0 0
C@CP 2633 -0.327647666 -0.11990381 0.0331024038 0 0 0
C@CP 2634 -0.108549119 0.285783433 0.221366686 0 0 0
C@CP 2635 -0.0621049941 0.372475405 -0.0755103266 0 0 0
C@CP 2636 0.0120634832 -0.267892502 -0.370977863 0 0 0
C@CP 2637 0.161318671 0.191430838 -0.16111252 0 0 0
C@CP 2638 0.34697646 0.311096641 0.0867990629 0 0 0
C@CP 2639 -0.350020356 0.0603900319 0.189461158 0 0 0
C@CP 2640 -0.202914223 0.100097427 -0.0379872315 0 0 0
C@CP 2641 0.221923118 -0.318214277 -0.199841625 0 0 0
C@CP 2642 0.220414408 0.0512466783 0.00405956056 0 0 0
C@CP 2643 0.0300067424 0.0110780692 0.0463330987 0 0 0
C@CP 2644 -0.22610215 -0.178293799 0.357210204 0 0 0
C@CP 2645 -0.324070231 0.271131112 0.0194722195 0 0 0
C@CP 2646 0.100086171 -0.348061535 0.282015573 0 0 0
C@CP 2647 0.132730108 -0.40888505 -0.174112243 0 0 0
C@CP 2648 0.23715991 -0.0115250702 -0.342054021 0 0 0
C@CP 2649 -0.425441532 0.123854049 -0.0864573938 0 0 0
C@CP 2650 0.191409835 0.295961238 -0.203239969 0 0 0
C@CP 2651 -0.281748919 -0.0968682544 0.114682409 0 0 0
C@CP 2652 -0.301327306 -0.0527393124 0.131116659 0 0 0
C@CP 2653 0.0353267966 -0.364652691 -0.113685182 0 0 0
C@CP 2654 0.410119514 -0.0385509644 -0.250500428 0 0 0
C@CP 2655 -0.329799753 -0.137564016 0.249662117 0 0 0
C@CP 2656 -0.0442798561 0.202851897 0.355495278 0 0 0
C@CP 2657 -0.126813351 0.352905925 -0.0673219366 0 0 0
C@CP 2658 0.265581556 -0.0272430064 0.31664805 0 0 0
C@CP 2659 -0.413174835 -0.0155520575 0.0245163182 0 0 0
C@CP 2660 0.382076113 0.138585896 0.122895861 0 0 0
C@CP 2662 -0.210275721 0.151825513 -0.378473907 0 0 0
C@CP 2663 -0.0761915201 0.057016907 -0.158533775 0 0 0
C@CP 2664 0.15915527 0.0975335232 0.261919834 0 0 0
C@CP 2665 0.137217186 0.162766656 -0.268145933 0 0 0
C@CP 2666 0.288437335 -0.208770477 0.299471124 0 0 0
C@CP 2667 -0.261326661 -0.275554319 -0.165227831 0 0 0
C@CP 2668 0.0993535617 0.289535472 -0.24757652 0 0 0
C@CP 2669 0.30732434 0.0626172527 0.134614438 0 0 0
C@CP 2670 0.135802604 -0.162539368 0.126850979 0 0 0
C@CP 2671 0.321057671 -0.210336924 -0.149796369 0 0 0
C@CP 2672 -0.133338756 0.418834869 -0.104626643 0 0 0
C@CP 2673 0.119408513 -0.0773340657 -0.138856032 0 0 0
C@CP 2674 -0.14550497 -0.0198519359 -0.221645296 0 0 0
C@CP 2675 -0.081427626 -0.0569304603 -0.14934831 0 0 0
C@CP 2676 -0.170270376 -0.00951727457 0.315050295 0 0 0
C@CP 2677 0.097979747 -0.00266729987 0.195244272 0 0 0
C@CP 2678 -0.0978714962 0.00493042608 0.193157755 0 0 0
C@CP 2679 -0.0838671285 -0.411796336 -0.0901397012 0 0 0
C@CP 2680 0.338552836 -0.239419718 0.0215698672 0 0 0
C@CP 2681 0.211554281 0.024334846 -0.225957783 0 0 0
C@CP 2682 -0.120227021 0.184624299 -0.406137772 0 0 0
C@CP 2683 -0.25582876 0.30932418 0.208815021 0 0 0
C@CP 2684 -0.0914020889 -0.258969697 0.275250752 0 0 0
C@CP 2685 0.292601394 0.145510285 -0.31536805 0 0 0
C@CP 2686 -0.289903803 0.0802309816 0.196449278 0 0 0
C@CP 2687 0.185208842 -0.318366373 -0.0182697019 0 0 0
C@CP 2688 0.427017772 -0.123068085 0.0131091108 0 0 0
C@CP 2689 0.225337989 -0.132382665 0.40195173 0 0 0
C@CP 2690 -0.428497934 0.00115343662 0.189391285 0 0 0
C@CP 2691 -0.169917563 -0.189571505 -0.318420091 0 0 0
C@CP 2692 0.0888880453 0.112684426 0.361518679 0 0 0
C@CP 2693 0.3034948 0.100757083 -0.00722339898 0 0 0
C@CP 2694 0.147007209 -0.237659698 0.222959781 0 0 0
C@CP 2695 -0.326960652 -0.248897795 -0.00806993076 0 0 0
C@CP 2696 0.0988900113 0.299711163 0.0942954531 0 0 0
C@CP 2697 -0.230371273 0.0869611274 0.226375731 0 0 0
C@CP 2698 0.283220496 0.0567502805 -0.282345839 0 0 0
C@CP 2699 -0.209679119 -0.156892765 -0.010263493 0 0 0
C@CP 2700 -0.164991588 0.0308543534 -0.143514789 0 0 0
C@CP 2701 0.132611671 0.044727685 -0.27198453 0 0 0
C@CP 2702 0.32264549 -0.0818033579 -0.0301083787 0 0 0
C@CP 2703 0.191601294 -0.379042865 0.11236247 0 0 0
C@CP 2704 0.386017141 -0.0849648823 -0.22656359 0 0 0
C@CP 2705 0.101167965 -0.0499210461 -0.378079961 0 0 0
C@CP 2706 -0.0566846173 0.122103252 0.0330024101 0 0 0
C@CP 2707 -0.0156582664 0.331067876 -0.267490899 0 0 0
C@CP 2708 -0.157853886 -0.0125235566 0.328627469 0 0 0
C@CP 2709 -0.214507185 -0.236629068 0.137441613 0 0 0
C@CP 2710 -0.290176634 0.266415323 -0.1339466 0 0 0
C@CP 2711 -0.285360737 0.249039199 0.142076968 0 0 0
C@CP 2712 -0.313805165 0.0132644384 0.292984651 0 0 0
C@CP 2713 0.108449096 0.177192571 -0.299109327 0 0 0
C@CP 2714 0.218587871 -0.0614054499 0.277567499 0 0 0
C@CP 2715 -0.28569452 0.0925839 -0.191024061 0 0 0
C@CP 2716 0.370745525 -0.0998248188 -0.269342362 0 0 0
C@CP 2717 0.257594195 0.218541173 0.11361921 0 0 0
C@CP 2718 -0.30620336 0.130499127 -0.175671665 0 0 0
C@CP 2719 -0.0123925484 0.01212838 0.219334659 0 0 0
C@CP 2720 0.0909359253 0.390122004 0.0739506189 0 0 0
C@CP 2721 0.0849509039 -0.166500551 0.324842568 0 0 0
C@CP 2722 -0.176381639 -0.276693016 0.286941001 0 0 0
C@CP 2723 0.206991764 0.297364207 0.0898245936 0 0 0
C@CP 2724 -0.0302688857 -0.28199822 -0.111332632 0 0 0
C@CP 2725 0.246836877 -0.0587020277 -0.23538147 0 0 0
C@CP 2726 0.291693848 0.153732301 0.0913045509 0 0 0
C@CP 2727 0.260652379 0.222353668 0.219700344 0 0 0
C@CP 2728 0.160615175 0.051655003 0.407491066 0 0 0
C@CP 2729 -0.150931891 -0.132289025 0.0967093316 0 0 0
C@CP 2730 -0.0451552593 -0.117625779 -0.0778699246 0 0 0
C@CP 2731 -0.00829881426 -0.423511426 0.137887145 0 0 0
C@CP 2732 0.026087704 0.207153435 -0.267325233 0 0 0
C@CP 2733 0.0996287514 0.39355456 0.176315783 0 0 0
C@CP 2734 0.0718428189 0.141293854 -0.0093956896 0 0 0
C@CP 2735 -0.225967045 -0.233854958 0.26613219 0 0 0
C@CP 2736 0.134706965 -0.074084268 -0.333854742 0 0 0
C@CP 2737 -0.0819018423 -0.00871500228 -0.295435194 0 0 0
C@CP 2738 0.236056331 -0.0810781226 -0.227342132 0 0 0
C@CP 2739 -0.0913869568 -0.173349137 0.381147026 0 0 0
C@CP 2740 -0.0503518437 -0.227775178 0.172707886 0 0 0
C@CP 2741 0.0117130698 0.0768987182 -0.0813017015 0 0 0
C@CP 2742 -0.312603382 -0.171441495 -0.125636571 0 0 0
C@CP 2743 0.0934296979 -0.280969199 -0.292567944 0 0 0
C@CP 2744 -0.348689812 0.167185651 -0.237121948 0 0 0
C@CP 2745 -0.202062296 -0.0492736784 0.397763297 0 0 0
C@CP 2746 0.320576728 0.09194264 0.293162993 0 0 0
C@CP 2747 0.0883511719 0.0744477343 -0.426961841 0 0 0
C@CP 2748 0.257505252 -0.267046195 -0.197148279 0 0 0
C@CP 2749 -0.0295748925 -0.169667788 0.0884346084 0 0 0
C@CP 2750 0.410265647 0.0864115141 0.225314245 0 0 0
C@CP 2751 0.18228299 0.198390708 -0.196977078 0 0 0
C@CP 2752 -0.074653313 -0.4399868 0.114788643 0 0 0
C@CP 2753 -0.083698251 -0.27380314 0.373885585 0 0 0
C@CP 2754 0.0922585774 -0.0599636994 -0.443407168 0 0 0
C@CP 2755 -0.146041211 0.106434781 -0.335352449 0 0 0
C@CP 2756 0.263541899 -0.22005906 0.200392621 0 0 0
C@CP 2757 -0.138870649 -0.0779635896 0.183192704 0 0 0
C@CP 2758 0.119892848 0.12592117 -0.117333096 0 0 0
C@CP 2759 -0.129038343 0.14649224 0.00193902211 0 0 0
C@CP 2760 0.419108538 -0.0434479791 0.0801019908 0 0 0
C@CP 2761 -0.00577242073 0.0347516862 -0.00932620493 0 0 0
C@CP 2762 -0.0506599837 0.21895535 0.141873185 0 0 0
C@CP 2763 -0.109789871 0.159771347 0.257463908 0 0 0
C@CP 2764 -0.0129999029 0.14782042 0.0547031572 0 0 0
C@CP 2765 0.381115073 0.0491731594 -0.259041615 0 0 0
C@CP 2766 -0.190789299 -0.170298803 -0.381714301 0 0 0
C@CP 2767 0.346059583 0.259401874 -0.14269801 0 0 0
C@CP 2768 0.385125864 -0.0488642817 0.030945561 0 0 0
C@CP 2769 0.0259947331 0.180606588 -0.0982809544 0 0 0
C@CP 2770 -0.338831473 -0.078058879 0.0866060561 0 0 0
C@CP 2771 0.208698058 0.125394233 -0.283021304 0 0 0
C@CP 2772 0.149467272 -0.41495425 0.118541589 0 0 0
C@CP 2773 -0.0942182351 -0.307732856 -0.299282693 0 0 0
C@CP 2774 0.366883157 -0.0531657463 -0.288985443 0 0 0
C@CP 2775 -0.00244205153 -0.276364997 -0.190614237 0 0 0
C@CP 2776 -0.310425169 -0.0640656031 0.0789806694 0 0 0
C@CP 2777 -0.0154234765 -0.0408234099 0.348748531 0 0 0
C@CP 2778 -0.108906069 -0.263924205 -0.19037832 0 0 0
C@CP 2779 0.15417039 0.156082436 0.0588359502 0 0 0
C@CP 2780 -0.0156177535 -0.123867187 -0.136012375 0 0 0
C@CP 2781 0.0846924077 0.0470106908 -0.0240897096 0 0 0
C@CP 2782 0.0400379051 -0.103237842 -0.333131287 0 0 0
C@CP 2783 0.0970967133 -0.027751873 0.114535539 0 0 0
C@CP 2784 -0.281706355 -0.0665723529 0.0418241356 0 0 0
C@CP 2785 0.24814766 -0.0952224118 -0.398540838 0 0 0
C@CP 2786 -0.263462102 -0.275071783 -0.0199641299 0 0 0
C@CP 2787 0.0444256081 0.05002145 0.370567777 0 0 0
C@CP 2788 0.0645371405 0.0444016979 -0.425259715 0 0 0
C@CP 2789 -0.0573515683 0.182097889 0.400518571 0 0 0
C@CP 2790 0.345392986 -0.107009074 0.255274748 0 0 0
C@CP 2791 0.0839048675 -0.210907936 -0.233281661 0 0 0
C@CP 2792 -0.116055721 -0.0344429658 0.0154598609 0 0 0
C@CP 2793 -0.412892017 0.106076749 -0.0938174645 0 0 0
C@CP 2794 0.0068820582 0.0306893235 0.00697827007 0 0 0
C@CP 2795 -0.0157362498 0.405097007 -0.00814492166 0 0 0
C@CP 2796 -0.0757768731 0.341754359 0.223841434 0 0 0
C@CP 2797 -0.0121982249 0.476557213 -0.0134104327 0 0 0
C@CP 2798 -0.0541088115 -0.299145055 0.158456963 0 0 0
C@CP 2799 -0.0946239399 -0.222426325 -0.0904685626 0 0 0
C@CP 2800 0.231914288 0.212364484 -0.0162227646 0 0 0
C@CP 2801 0.228452796 0.111520972 -0.294319082 0 0 0
C@CP 2802 0.0791623904 -0.022351002 -0.31873613 0 0 0
C@CP 2803 0.0110980968 0.0639304533 -0.00154920767 0 0 0
C@CP 2804 -0.237375951 0.137092958 -0.179987237 0 0 0
C@CP 2805 0.0653864689 -0.098756946 -0.00633213825 0 0 0
C@CP 2806 -0.0677198267 0.241201258 -0.147882747 0 0 0
C@CP 2807 -0.126020355 0.39329794 -0.154995058 0 0 0
C@CP 2808 -0.262245395 -0.208922408 0.0966206387 0 0 0
C@CP 2809 -0.0373392273 0.308515698 -0.283658773 0 0 0
C@CP 2810 -0.0975726074 -0.032175709 -0.260081701 0 0 0
C@CP 2811 -0.255079436 0.0443774527 0.0603722864 0 0 0
C@CP 2812 0.014575219 -0.286204405 0.0718611462 0 0 0
C@CP 2813 0.385519444 -0.128935295 -0.159094248 0 0 0
C@CP 2814 -0.24922178 -0.25726589 0.256369474 0 0 0
C@CP 2815 -0.15090047 -0.110825712 0.269704937 0 0 0
C@CP 2816 -0.0316539829 0.148467591 -0.112408489 0 0 0
C@CP 2817 0.25185409 -0.0157636655 -0.264586107 0 0 0
C@CP 2818 0.181051719 0.0399548637 -0.226441668 0 0 0
C@CP 2819 -0.0233956318 -0.0138428881 -0.106546205 0 0 0
C@CP 2820 0.106012041 -0.333247858 0.288735132 0 0 0
C@CP 2821 0.45978685 0.0408504494 -0.0387373204 0 0 0
C@CP 2822 0.142060266 -0.381006822 0.136718452 0 0 0
C@CP 2823 -0.0773931292 0.092379814 -0.0495407872 0 0 0
C@CP 2824 -0.129453828 0.156678527 0.126516704 0 0 0
C@CP 2825 0.127256695 0.181148996 0.318341639 0 0 0
C@CP 2826 0.0574786296 -0.145849449 -0.0761148114 0 0 0
C@CP 2827 -0.0296544196 0.00544614539 0.34727617 0 0 0
C@CP 2828 -0.120802858 -0.232692397 -0.318068107 0 0 0
C@CP 2829 -0.179840702 -0.104792279 -0.273903038 0 0 0
C@CP 2830 0.21165009 -0.144307744 -0.328257645 0 0 0
C@CP 2831 0.0950151487 0.0318535389 -0.154602322 0 0 0
C@CP 2832 -0.0847538773 0.444321567 -0.058205898 0 0 0
C@CP 2833 -0.208338582 -0.395251421 -0.0752996959 0 0 0
C@CP 2834 -0.201412184 0.0175464545 0.343139 0 0 0
C@CP 2835 0.212985268 0.162228609 -0.320013212 0 0 0
C@CP 2836 -0.0824735467 0.198641907 0.32790965 0 0 0
C@CP 2837 -0.138950939 -0.396129904 -0.01429565 0 0 0
C@CP 2838 -0.014789944 -0.188008574 -0.00402448083 0 0 0
C@CP 2839 0.315305587 0.131846673 0.268458421 0 0 0
C@CP 2840 -0.0488180319 -0.0549414373 0.149996622 0 0 0
C@CP 2841 0.229274603 -0.346303956 0.134147392 0 0 0
C@CP 2842 0.314085572 0.116668735 -0.187563082 0 0 0
C@CP 2843 0.123925801 0.322969176 0.302995404 0 0 0
C@CP 2844 0.244681868 -0.150597816 0.272457337 0 0 0
C@CP 2845 -0.0888593835 -0.205105028 -0.399854467 0 0 0
C@CP 2846 0.282639207 -0.115439513 0.115449911 0 0 0
C@CP 2847 -0.232605475 0.0136125857 0.0789268251 0 0 0
C@CP 2848 -0.105159053 -0.0275298137 0.279390606 0 0 0
C@CP 2849 0.231856531 0.12599489 0.203875551 0 0 0
C@CP 2850 -0.186063808 0.00875091902 -0.131116981 0 0 0
C@CP 2851 -0.39491981 0.0714150001 -0.169265442 0 0 0
C@CP 2852 -0.288601824 -0.151369092 -0.250626382 0 0 0
C@CP 2853 -0.2541205 0.353371082 0.11056663 0 0 0
C@CP 2854 0.182756041 0.0329989339 -0.228394677 0 0 0
C@CP 2855 0.0743796115 0.0590699501 -0.0902950482 0 0 0
C@CP 2856 0.12249451 0.0784943823 0.272107077 0 0 0
C@CP 2857 -0.0414085029 -0.0383165285 0.111940241 0 0 0
C@CP 2858 0.308402696 -0.0607980341 -0.199011051 0 0 0
C@CP 2859 0.0186741567 -0.0301074482 0.115045401 0 0 0
C@CP 2860 0.301415055 -0.0721406015 0.0849724708 0 0 0
C@CP 2861 -0.122413166 0.229787098 0.246882824 0 0 0
C@CP 2862 0.0361717847 0.160437666 -0.00687708027 0 0 0
C@CP 2863 -0.0359870693 -0.385205121 0.0859708011 0 0 0
C@CP 2864 -0.232630707 0.141012506 0.317529094 0 0 0
C@CP 2865 -0.398998231 0.178029471 -0.0934480762 0 0 0
C@CP 2866 -0.101185654 0.276869738 -0.326198219 0 0 0
C@CP 2867 0.0517833315 -0.00759788095 -0.410245983 0 0 0
C@CP 2868 0.189171184 0.238895331 -0.343299358 0 0 0
C@CP 2869 0.321988378 -0.122308045 0.316058456 0 0 0
C@CP 2870 -0.0752576153 -0.000382058183 0.304937037 0 0 0
C@CP 2871 -0.0219321155 0.0317521366 -0.417154865 0 0 0
C@CP 2872 0.104079178 0.156380931 -0.108160913 0 0 0
C@CP 2873 0.275484177 0.36852706 0.0610917975 0 0 0
C@CP 2874 0.393136005 0.148783962 -0.0245622273 0 0 0
C@CP 2875 0.183775101 -0.248154485 0.264587721 0 0 0
C@CP 2876 -0.0629417709 0.0353599294 -0.322262919 0 0 0
C@CP 2877 0.219259698 0.235133367 -0.193904842 0 0 0
C@CP 2878 0.072382811 -0.32338237 -0.0202670259 0 0 0
C@CP 2879 -0.187365114 -0.349798351 -0.0338528621 0 0 0
C@CP 2880 0.0865365566 -0.323434589 0.106992473 0 0 0
C@CP 2881 0.0559158432 0.186873968 -0.0303111878 0 0 0
C@CP 2882 -0.220880857 0.211785921 0.106395964 0 0 0
C@CP 2883 0.267840336 -0.0772980645 -0.170290189 0 0 0
C@CP 2884 0.0124451804 0.163451268 -0.15195242 0 0 0
C@CP 2885 -0.244906446 -0.083595139 0.127045973 0 0 0
C@CP 2886 0.148046576 -0.42107393 -0.14219834 0 0 0
C@CP 2887 0.252465524 -0.313677319 0.206820927 0 0 0
C@CP 2888 -0.113484897 -0.0662150253 0.389475162 0 0 0
C@CP 2889 0.12285154 -0.269362256 0.115033466 0 0 0
C@CP 2890 0.163790368 -0.239817802 0.246503573 0 0 0
C@CP 2891 -0.410171717 -0.191854283 0.0568649635 0 0 0
C@CP 2892 0.200148632 -0.33244206 -0.265604041 0 0 0
C@CP 2893 0.137694571 0.00634450146 0.0347869545 0 0 0
C@CP 2894 -0.135834486 -0.259765968 -0.0263826095 0 0 0
C@CP 2895 0.355501018 -0.0301872282 0.0173804641 0 0 0
C@CP 2896 0.373618702 0.0148244451 -0.289127999 0 0 0
C@CP 2897 -0.244240588 -0.377608813 -0.0105324375 0 0 0
C@CP 2898 -0.259823296 -0.183988861 -0.116301655 0 0 0
C@CP 2899 0.0764621358 0.138521682 0.184559715 0 0 0
C@CP 2900 -0.084169184 0.00742471502 -0.323433736 0 0 0
C@CP 2901 -0.0534018165 0.219375044 -0.0015114085 0 0 0
C@CP 2902 0.125395039 -0.167063226 -0.0602230946 0 0 0
C@CP 2903 -0.00233816021 -0.149572876 -0.140378046 0 0 0
C@CP 2904 0.130998778 0.0194443447 -0.259923415 0 0 0
C@CP 2905 0.184009987 -0.297224849 0.176327354 0 0 0
C@CP 2906 0.328762733 0.191740068 0.258946213 0 0 0
C@CP 2907 0.010817565 0.265327514 -0.227548368 0 0 0
C@CP 2908 -0.369489257 -0.143914004 0.10610261 0 0 0
C@CP 2909 0.0581144311 -0.0899716429 -0.425262614 0 0 0
C@CP 2910 0.109110492 -0.329961779 -0.265661718 0 0 0
C@CP 2911 -0.269038104 0.175198916 -0.300207747 0 0 0
C@CP 2912 -0.341386018 -0.0585605612 0.197598293 0 0 0
C@CP 2913 -0.107065444 -0.31240667 0.290750789 0 0 0
C@CP 2914 0.139304212 0.00660797785 0.00248972767 0 0 0
C@CP 2915 -0.304941766 0.247777111 -0.107184029 0 0 0
C@CP 2916 -0.251180298 -0.152633149 0.134113485 0 0 0
C@CP 2917 -0.0941863641 0.0202839345 0.283741861 0 0 0
C@CP 2918 -0.0429162438 -0.0391813543 0.169248657 0 0 0
C@CP 2919 0.063023302 -0.152376192 -0.0433564182 0 0 0
C@CP 2920 0.0828330068 -0.220784117 -0.0723396859 0 0 0
C@CP 2921 -0.117149761 0.334085507 0.185401475 0 0 0
C@CP 2922 -0.00547628561 0.391960474 0.0306928231 0 0 0
C@CP 2923 0.09271953 0.34753741 0.265206988 0 0 0
C@CP 2924 0.0463155398 0.405980568 0.215900101 0 0 0
C@CP 2925 -0.33207094 0.134803485 -0.0778277963 0 0 0
C@CP 2926 -0.231030757 0.0345024891 -0.357921583 0 0 0
C@CP 2927 0.385360244 -0.101390863 -0.105477724 0 0 0
C@CP 2928 0.306455537 -0.0570978326 -0.221186587 0 0 0
C@CP 2929 -0.00646178974 -0.276907708 -0.357460639 0 0 0
C@CP 2930 0.292589084 -0.128348015 0.296471371 0 0 0
C@CP 2931 -0.266515367 0.115234871 -0.378069412 0 0 0
C@CP 2932 0.186052178 -0.309018282 -0.136314612 0 0 0
C@CP 2933 -0.236822294 0.323984525 0.192365332 0 0 0
C@CP 2934 0.166802161 -0.00807663292 0.172223127 0 0 0
C@CP 2935 0.0385486096 0.320298501 0.112266479 0 0 0
C@CP 2936 -0.0684027307 -0.422517856 0.0526207059 0 0 0
C@CP 2937 0.30955698 -0.133772799 -0.193290379 0 0 0
C@CP 2938 -0.0444139279 -0.0223718613 -0.309053042 0 0 0
C@CP 2939 -0.125004858 0.14038489 -0.403067657 0 0 0
C@CP 2940 0.324260563 0.171963681 -0.273737097 0 0 0
C@CP 2941 0.103379793 -0.369629428 0.138373298 0 0 0
C@CP 2942 -0.145156886 0.00466883861 -0.0118683285 0 0 0
C@CP 2943 0.13121587 -0.412418408 -0.117395483 0 0 0
C@CP 2944 -0.028087306 0.0251849788 -0.0534518866 0 0 0
C@CP 2945 0.257521005 0.0358590685 -0.293807333 0 0 0
C@CP 2946 0.171646446 0.283777968 0.25554459 0 0 0
C@CP 2947 0.240194485 -0.238883961 0.212058955 0 0 0
C@CP 2948 0.0930100049 0.389138264 -0.209954161 0 0 0
C@CP 2949 -0.389673815 -0.162237954 0.0677077329 0 0 0
C@CP 2950 -0.113968189 -0.286654122 0.193350981 0 0 0
C@CP 2951 -0.175545086 0.173635332 -0.0258656958 0 0 0
C@CP 2952 0.169097674 -0.063479608 0.157240385 0 0 0
C@CP 2953 0.040609457 0.131998811 -0.101248928 0 0 0
C@CP 2954 -0.0374742517 0.146166179 0.44222825 0 0 0
C@CP 2955 0.0314920428 0.194045328 -0.115355576 0 0 0
C@CP 2956 0.137233164 -0.137881806 -0.149828702 0 0 0
C@CP 2957 -0.0143390227 0.125584578 0.438931554 0 0 0
C@CP 2958 0.276310943 -0.0459720457 -0.0738892606 0 0 0
C@CP 2959 -0.110775275 -0.154118984 0.124078171 0 0 0
C@CP 2960 0.151249545 0.0319577547 -0.147337622 0 0 0
C@CP 2961 0.166127464 -0.294142718 -0.235909007 0 0 0
C@CP 2962 0.233536646 -0.0683427779 -0.19467682 0 0 0
C@CP 2963 -0.103293764 0.29739784 -0.0333427814 0 0 0
C@CP 2964 -0.0142860412 0.24225875 -0.305824484 0 0 0
C@CP 2965 0.0185206193 0.252527699 0.144017323 0 0 0
C@CP 2966 0.112856511 -0.0321154037 -0.12210318 0 0 0
C@CP 2967 0.405712091 0.0293687069 0.00985964923 0 0 0
C@CP 2968 -0.220376587 0.392223113 -0.0883553616 0 0 0
C@CP 2969 -0.258736266 -0.17267398 -0.0956760919 0 0 0
C@CP 2970 -0.115435093 -0.35396187 0.120943367 0 0 0
C@CP 2971 0.361804494 -0.19463605 -0.0444504687 0 0 0
C@CP 2972 -0.205605043 -0.146724761 -0.046038497 0 0 0
C@CP 2973 0.119928434 -0.10611346 0.0561926302 0 0 0
C@CP 2974 0.0384593776 0.259692111 -0.161810414 0 0 0
C@CP 2975 -0.129360018 0.257541899 0.313856132 0 0 0
C@CP 2976 0.23585156 -0.103678099 -0.159162814 0 0 0
C@CP 2977 0.158418525 0.167337372 -0.0204482678 0 0 0
C@CP 2978 0.0573866562 0.104380835 0.341717154 0 0 0
C@CP 2979 0.106171985 -0.0109334382 0.233207781 0 0 0
C@CP 2980 0.0977672577 0.223423784 -0.168992181 0 0 0
C@CP 2981 -0.197113976 -0.197396259 0.154144728 0 0 0
C@CP 2982 0.343383635 -0.0639223898 0.209153706 0 0 0
C@CP 2983 -0.109180664 0.295350507 0.194400898 0 0 0
C@CP 2984 0.239326849 -0.0908853282 -0.331259253 0 0 0
C@CP 2985 -0.0428962971 0.225184392 -0.184901175 0 0 0
C@CP 2986 0.0155688247 0.129839281 -0.0345357002 0 0 0
C@CP 2987 -0.207657067 0.116281716 0.235097947 0 0 0
C@CP 2988 0.0650320548 0.0538919126 0.0433870001 0 0 0
C@CP 2989 -0.0334568628 -0.126573521 -0.297541755 0 0 0
C@CP 2990 -0.0822690044 -0.0658364738 -0.389508434 0 0 0
C@CP 2991 0.31438581 -0.063626873 0.236728216 0 0 0
C@CP 2992 0.0547634985 0.0843587168 -0.0576059676 0 0 0
C@CP 2993 -0.0439058041 -0.144474258 -0.188464616 0 0 0
C@CP 2994 0.134995287 -0.0829328556 -0.265497965 0 0 0
C@CP 2995 0.28514803 0.183498442 0.27595414 0 0 0
C@CP 2996 -0.37246174 -0.0960296816 -0.0913506238 0 0 0
C@CP 2997 0.190976165 -0.294849721 -0.30390952 0 0 0
C@CP 2998 -0.28532052 -0.116673476 -0.343183053 0 0 0
C@CP 2999 -0.2943712 0.124575806 -0.224169667 0 0 0
C@CP 3000 0.27059904 -0.0985027423 -0.0918524065 0 0 0
C@CP 3001 0.255358849 0.0484068447 -0.27497208 0 0 0
C@CP 3002 0.223968994 0.00207997794 -0.122420722 0 0 0
C@CP 3003 -0.170811983 -0.156634173 0.195077089 0 0 0
C@CP 3004 -0.263972036 -0.0166701785 0.288661769 0 0 0
C@CP 3005 0.30981407 -0.212758033 0.175960553 0 0 0
C@CP 3006 0.167823062 -0.0210397938 0.00474835482 0 0 0
C@CP 3007 0.0824255642 -0.261438946 -0.0727064965 0 0 0
C@CP 3008 0.355020107 -0.069360777 -0.16485872 0 0 0
C@CP 3009 0.0836933837 0.455181979 -0.0400586786 0 0 0
C@CP 3010 -0.157950533 -0.148978564 0.0915313195 0 0 0
C@CP 3011 -0.0428621354 0.202645742 0.347946067 0 0 0
C@CP 3012 0.166260306 0.0722618679 -0.277303525 0 0 0
C@CP 3013 -0.238627664 0.169477203 0.141854301 0 0 0
C@CP 3014 0.120835248 -0.103535886 -0.320660677 0 0 0
C@CP 3015 -0.0702115661 0.167350716 -0.0539413174 0 0 0
C@CP 3016 0.105836086 -0.0460333981 0.35248565 0 0 0
C@CP 3017 -0.245143719 -0.121264802 -0.0955695668 0 0 0
C@CP 3018 -0.217180944 0.218388408 0.0736189583 0 0 0
C@CP 3019 -0.307384076 -0.0438377752 0.220022298 0 0 0
C@CP 3020 -0.175986095 0.0318155913 0.294599704 0 0 0
C@CP 3021 0.118178031 0.12181559 -0.114548187 0 0 0
C@CP 3022 -0.262949331 -0.284843359 0.142399949 0 0 0
C@CP 3023 -0.0904889367 0.0258476702 0.295574979 0 0 0
C@CP 3024 -0.245564944 0.0973963043 0.0239687033 0 0 0
C@CP 3025 0.373633171 0.0851434468 -0.266369028 0 0 0
C@CP 3026 0.0298857193 -0.241717059 -0.203709588 0 0 0
C@CP 3027 0.117066463 0.153920529 -0.0580300392 0 0 0
C@CP 3028 -0.0132101158 0.351753927 0.152264217 0 0 0
C@CP 3029 0.266280861 -0.109434967 -0.025544939 0 0 0
C@CP 3030 -0.157963831 -0.227693044 -0.225491547 0 0 0
C@CP 3031 0.0790158141 0.44120697 0.0702957561 0 0 0
C@CP 3032 0.0303960496 -0.333834265 0.096536297 0 0 0
C@CP 3033 -0.0142427491 0.364259351 0.226710986 0 0 0
C@CP 3034 -0.0137113225 -0.415225504 0.0610212234 0 0 0
C@CP 3035 0.116789781 -0.0872016937 -0.3081957 0 0 0
C@CP 3036 -0.219002994 -0.118930786 0.338538881 0 0 0
C@CP 3037 0.0984255222 0.0510370572 0.00578955578 0 0 0
C@CP 3038 0.0924163529 -0.277570445 -0.239953961 0 0 0
C@CP 3039 -0.266138327 -0.0391767247 0.0711444791 0 0 0
C@CP 3040 -0.000379422099 -0.0265647557 -0.169535722 0 0 0
C@CP 3041 -0.24552504 0.153562566 0.292094451 0 0 0
C@CP 3042 -0.0155864204 -0.0191745196 0.0564488707 0 0 0
C@CP 3043 0.0252887384 -0.309372561 0.0791185884 0 0 0
C@CP 3044 0.126759465 -0.214986313 -0.205705454 0 0 0
C@CP 3045 -0.134025663 -0.377588221 0.0554282159 0 0 0
C@CP 3046 0.0266724424 0.196534858 -0.224958631 0 0 0
C@CP 3047 0.151552899 0.019138668 0.372744976 0 0 0
C@CP 3048 0.0675709773 -0.0288044022 0.35385088 0 0 0
C@CP 3049 -0.329859844 0.192289031 -0.064137776 0 0 0
C@CP 3050 0.00863288084 -0.0929107682 -0.14492143 0 0 0
C@CP 3051 0.262888431 -0.0283837684 -0.00768403436 0 0 0
C@CP 3052 -0.263710596 -0.244529353 -0.2832418 0 0 0
C@CP 3053 -0.0779332347 -0.417265062 -0.0983852072 0 0 0
C@CP 3054 -0.0826561566 0.270162987 -0.327509447 0 0 0
C@CP 3055 -0.0329958723 0.321148627 0.0589205269 0 0 0
C@CP 3056 -0.0058372104 0.396513874 -0.184734565 0 0 0
C@CP 3057 -0.0570489811 -0.295068625 -0.335145001 0 0 0
C@CP 3058 0.0699952812 -0.317984048 0.04965116 0 0 0
C@CP 3059 -0.193797876 -0.29733362 0.0951503044 0 0 0
C@CP 3060 -0.269563476 0.166852226 0.0547503365 0 0 0
C@CP 3061 -0.0408073775 0.15086509 0.131996034 0 0 0
C@CP 3062 0.151128802 -0.113801851 0.378404016 0 0 0
C@CP 3063 0.100939492 -0.184111749 -0.106888274 0 0 0
C@CP 3064 -0.0480198016 0.0784327854 0.325810153 0 0 0
C@CP 3065 -0.180964474 -0.409778578 0.159333561 0 0 0
C@CP 3066 -0.114494922 -0.226703869 0.172046279 0 0 0
C@CP 3067 0.346164322 0.085529418 0.174142392 0 0 0
C@CP 3068 -0.122284401 0.112710407 0.421560104 0 0 0
C@CP 3069 -0.183668749 0.410020676 -0.111356734 0 0 0
C@CP 3070 -0.0321144578 0.0524853557 -0.0199105552 0 0 0
C@CP 3071 0.362434041 0.062064375 -0.240854233 0 0 0
C@CP 3072 -0.245717039 0.17143473 -0.314973105 0 0 0
C@CP 3073 -0.0743182364 0.328048255 -0.0887105546 0 0 0
C@CP 3074 0.410405609 0.0451118049 -0.12591139 0 0 0
C@CP 3075 0.0833714034 0.400990733 -0.220184929 0 0 0
C@CP 3076 -0.0939153339 0.372822662 0.124482571 0 0 0
C@CP 3077 -0.168588244 0.156192607 0.395632964 0 0 0
C@CP 3079 0.169603873 -0.331812777 -0.017762653 0 0 0
C@CP 3080 -0.346906653 -0.0910093637 -0.07809833 0 0 0
C@CP 3081 -0.0674853234 0.0967888398 0.154545301 0 0 0
C@CP 3082 0.129591455 0.272720016 -0.154554828 0 0 0
C@CP 3083 0.0633500984 0.161746251 -0.211473058 0 0 0
C@CP 3084 -0.385929813 0.0869010332 0.149322407 0 0 0
C@CP 3085 -0.415602838 -0.0795453945 0.136922363 0 0 0
C@CP 3086 -0.183775018 -0.230859662 -0.164662688 0 0 0
C@CP 3087 0.156463552 0.0311345589 -0.0427758928 0 0 0
C@CP 3088 0.0701972905 -0.29667333 0.0166299951 0 0 0
C@CP 3089 0.286308964 -0.0797052277 0.155341574 0 0 0
C@CP 3090 0.279471695 0.200804035 -0.239900478 0 0 0
C@CP 3091 -0.279297347 -0.123789741 -0.27254519 0 0 0
C@CP 3092 0.337556073 0.105463843 -0.246572683 0 0 0
C@CP 3093 0.139188416 0.12139432 0.311798829 0 0 0
C@CP 3094 -0.0545430885 0.0499328637 -0.308140089 0 0 0
C@CP 3095 -0.0759040565 0.263233506 -0.123357953 0 0 0
C@CP 3096 0.0424505786 0.0137342712 0.433423978 0 0 0
C@CP 3097 -0.181762278 -0.0998500836 -0.140020044 0 0 0
C@CP 3098 0.134692319 -0.00505393586 -0.394475941 0 0 0
C@CP 3099 -0.228943953 0.316843042 0.0560654969 0 0 0
C@CP 3100 0.0342012948 -0.220512186 0.336478699 0 0 0
C@CP 3101 -0.068137605 0.238525719 0.396442204 0 0 0
C@CP 3102 -0.12358702 0.290769215 0.144373706 0 0 0
C@CP 3103 0.0158438414 -0.0176963183 -0.113321865 0 0 0
C@CP 3104 0.257701957 0.292863147 0.0268815918 0 0 0
C@CP 3105 0.124855311 0.219989265 0.29396721 0 0 0
C@CP 3106 -0.0330240186 0.26579573 -0.0863112874 0 0 0
C@CP 3107 -0.21796094 -0.0398347108 -0.0731834087 0 0 0
C@CP 3108 -0.0243792446 0.127640031 0.201182839 0 0 0
C@CP 3109 0.231767698 -0.187129384 0.0631754978 0 0 0
C@CP 3110 0.108535259 -0.271088042 0.0945315624 0 0 0
C@CP 3111 0.282639211 -0.268290967 -0.124792345 0 0 0
C@CP 3112 0.358848501 -0.125101944 -0.160327639 0 0 0
C@CP 3113 -0.0249142228 0.249474498 0.18087665 0 0 0
C@CP 3114 -0.126232311 0.00897958868 0.262873826 0 0 0
C@CP 3115 0.183743801 0.108780672 -0.00125817583 0 0 0
C@CP 3116 0.0457561254 -0.185026425 -0.382082214 0 0 0
C@CP 3117 0.0536235827 0.38384248 0.0224931884 0 0 0
C@CP 3118 -0.11718237 0.396652516 0.110391313 0 0 0
C@CP 3119 0.0655771936 0.023717989 0.423266132 0 0 0
C@CP 3120 0.191166135 0.0759627763 0.257259163 0 0 0
C@CP 3121 -0.413708407 0.0998749944 -0.197751622 0 0 0
C@CP 3122 -0.0352863328 -0.0720728638 0.0266217897 0 0 0
C@CP 3123 -0.339811739 -0.248026249 -0.12056764 0 0 0
C@CP 3124 -0.149563068 0.180952016 0.109649454 0 0 0
C@CP 3125 -0.223190532 0.207491764 0.356188267 0 0 0
C@CP 3126 -0.177308286 -0.297897023 -0.0336064157 0 0 0
C@CP 3127 0.242974838 -0.129057926 0.188448025 0 0 0
C@CP 3128 -0.304254214 0.137330398 -0.283383806 0 0 0
C@CP 3129 0.0403900971 -0.275578651 0.00464038017 0 0 0
C@CP 3130 0.368023146 -0.169174659 -0.129310695 0 0 0
C@CP 3131 0.0482077721 0.31839606 0.215660067 0 0 0
C@CP 3132 -0.326318237 -0.170864411 0.276714347 0 0 0
C@CP 3133 -0.0722007602 -0.338528636 0.0522758953 0 0 0
C@CP 3134 0.0524181276 -0.229780048 0.20342193 0 0 0
C@CP 3135 -0.00570603947 0.0431279052 0.203063392 0 0 0
C@CP 3136 -0.320142299 0.261195151 -0.144898767 0 0 0
C@CP 3137 -0.319635214 -0.06929794 0.228514868 0 0 0
C@CP 3138 -0.352001962 -0.0262301177 0.201644769 0 0 0
C@CP 3139 0.0718219508 -0.159057193 0.411143074 0 0 0
C@CP 3140 0.107207556 -0.215191249 -0.28454974 0 0 0
C@CP 3141 0.00971347397 -0.367541467 0.129235237 0 0 0
C@CP 3142 -0.231566997 0.0950953013 -0.226621449 0 0 0
C@CP 3143 -0.201859983 -0.192360612 -0.285714761 0 0 0
C@CP 3144 0.0806860157 0.123101843 0.0807595136 0 0 0
C@CP 3145 -0.0772193724 0.0802488792 0.165718209 0 0 0
C@CP 3146 -0.223342579 -0.169564823 -0.305301713 0 0 0
C@CP 3147 -0.127681471 -0.218820597 -0.347035322 0 0 0
C@CP 3148 0.231619689 -0.216227588 0.221201462 0 0 0
C@CP 3149 -0.371924254 0.204165162 -0.10040005 0 0 0
C@CP 3150 -0.195306768 -0.22493197 0.0910297608 0 0 0
C@CP 3151 -0.11040421 0.118192687 -0.225501192 0 0 0
C@CP 3152 -0.00682070462 0.255501985 0.115024686 0 0 0
C@CP 3153 0.23559697 0.175868603 -0.0981734094 0 0 0
C@CP 3154 0.220697899 0.0667762369 0.380208208 0 0 0
C@CP 3155 -0.406140543 0.0970048352 0.11712879 0 0 0
C@CP 3156 -0.0705429 0.288437898 0.0263210457 0 0 0
C@CP 3157 -0.0800591265 0.309851479 -0.241116643 0 0 0
C@CP 3158 0.0185215127 0.176969146 0.316806224 0 0 0
C@CP 3159 -0.184551681 -0.179222906 0.0810036156 0 0 0
C@CP 3160 -0.014503867 0.165372987 -0.0397468563 0 0 0
C@CP 3161 -0.411569482 0.0948875976 0.069164337 0 0 0
C@CP 3162 0.110533853 0.0917871947 -0.160741563 0 0 0
C@CP 3163 -0.226106757 0.343279343 -0.0141585015 0 0 0
C@CP 3164 0.39185136 -0.117973673 -0.0715536328 0 0 0
C@CP 3165 0.379606217 0.249871547 -0.00523860308 0 0 0
C@CP 3166 0.27918806 0.0550469761 -0.0193327075 0 0 0
C@CP 3167 0.0581988302 0.266010507 0.10770375 0 0 0
C@CP 3168 0.12811843 0.152792741 0.0999171967 0 0 0
C@CP 3169 -0.229795003 -0.00664622035 0.264538216 0 0 0
C@CP 3170 -0.0880037871 -0.369923167 0.262649943 0 0 0
C@CP 3171 -0.127240154 -0.367666813 0.0810770725 0 0 0
C@CP 3172 -0.186518975 0.213051234 -0.0123930302 0 0 0
C@CP 3173 -0.121317045 -0.259969003 -0.255342935 0 0 0
C@CP 3174 0.0596731242 0.0303408173 0.357987736 0 0 0
C@CP 3175 0.170502556 0.230596422 -0.0994680146 0 0 0
C@CP 3176 0.379985176 -0.147117462 0.0913703118 0 0 0
C@CP 3177 -0.07274326 -0.0823921096 0.285580603 0 0 0
C@CP 3178 -0.079815469 0.173569822 0.0160780922 0 0 0
C@CP 3179 -0.284680527 -0.326582236 -0.063105954 0 0 0
C@CP 3180 -0.0627180733 0.413669639 -0.115376095 0 0 0
C@CP 3181 -0.161897512 0.0621994224 -0.162695711 0 0 0
C@CP 3182 -0.23797931 -0.0943840653 0.228827056 0 0 0
C@CP 3183 -0.118215364 0.414880169 0.0346310717 0 0 0
C@CP 3184 0.277050759 -0.299523254 0.123661338 0 0 0
C@CP 3185 -0.133953718 0.0501764615 0.166032971 0 0 0
C@CP 3186 0.158758273 -0.212560191 0.196004483 0 0 0
C@CP 3187 0.244019308 -0.0141108797 -0.172065444 0 0 0
C@CP 3188 0.338376336 -0.0805173587 0.0857738595 0 0 0
C@CP 3189 -0.334899716 0.11575839 -0.056447523 0 0 0
C@CP 3190 0.168272151 -0.258069499 0.0655060328 0 0 0
C@CP 3191 -0.209453436 -0.0343806045 -0.113398387 0 0 0
C@CP 3192 0.11888152 0.436330314 -0.113761195 0 0 0
C@CP 3193 -0.156677646 0.367611031 -0.209798685 0 0 0
C@CP 3194 -0.370515059 0.204419512 -0.159002543 0 0 0
C@CP 3195 -0.349885238 0.0589265723 0.111399664 0 0 0
C@CP 3196 0.22080422 0.0253174782 -0.130378485 0 0 0
C@CP 3197 -0.293208875 -0.0814634252 0.0432919577 0 0 0
C@CP 3198 0.18312109 -0.0879938103 -0.186802025 0 0 0
C@CP 3199 0.200641191 0.202543428 0.286946645 0 0 0
C@CP 3200 0.0848344802 -0.308733637 0.222970724 0 0 0
C@CP 3201 -0.174333693 -0.0898908582 0.0559624512 0 0 0
C@CP 3203 -0.228606236 -0.0745462453 -0.0885463302 0 0 0
C@CP 3204 -0.314201121 0.260955947 0.118417132 0 0 0
C@CP 3205 -0.152752311 0.418731714 -0.037759916 0 0 0
C@CP 3206 -0.169517391 0.175032058 0.18782678 0 0 0
C@CP 3207 0.0818952133 0.00658108306 -0.0293601546 0 0 0
C@CP 3208 -0.0857268246 0.284817084 -0.216893959 0 0 0
C@CP 3209 -0.0936492958 0.206056719 -0.26748831 0 0 0
C@CP 3210 -0.175339007 -0.368753527 0.241855602 0 0 0
C@CP 3211 0.0321566031 -0.251431906 0.285736445 0 0 0
C@CP 3212 -0.166960844 0.379468918 -0.178041655 0 0 0
C@CP 3213 -0.128579293 0.256981624 0.0859203687 0 0 0
C@CP 3214 0.199058453 0.00152941019 0.113486948 0 0 0
C@CP 3215 0.0147981221 0.44761961 -0.0305904128 0 0 0
C@CP 3216 -0.158565952 0.0534476648 -0.268013231 0 0 0
C@CP 3217 0.022744887 0.0359413789 -0.0428224264 0 0 0
C@CP 3218 0.0457862441 0.010180436 -0.0704196358 0 0 0
C@CP 3219 0.0196817736 -0.181656092 -0.337647902 0 0 0
C@CP 3220 0.0229121826 -0.437295538 -0.111099345 0 0 0
C@CP 3221 -0.320195025 -0.213827381 -0.136492862 0 0 0
C@CP 3222 -0.10325605 0.111860702 -0.00649962355 0 0 0
C@CP 3223 0.0919857096 0.384496052 -0.217268334 0 0 0
C@CP 3224 0.309653709 0.226533147 0.242929273 0 0 0
C@CP 3225 0.321846165 0.234631476 -0.0645009863 0 0 0
C@CP 3226 0.236589771 0.153642215 -0.285428318 0 0 0
C@CP 3227 -0.356925116 0.092090747 0.222333565 0 0 0
C@CP 3228 0.298378679 0.268602111 -0.144442255 0 0 0
C@CP 3229 0.089246185 0.0936939997 -0.342081019 0 0 0
C@CP 3230 0.235097769 -0.315333584 0.216653899 0 0 0
C@CP 3231 -0.159094315 -0.119979979 0.0348889727 0 0 0
C@CP 3232 0.219397187 0.0946993999 0.129454969 0 0 0
C@CP 3233 0.0184905636 -0.426798201 0.0945964954 0 0 0
C@CP 3234 0.062794123 -0.153550799 0.257623136 0 0 0
C@CP 3235 -0.320013633 -0.0743784812 -0.198510293 0 0 0
C@CP 3236 0.100262954 -0.139834435 -0.329314497 0 0 0
C@CP 3237 0.0180962175 0.0521245946 0.186971545 0 0 0
C@CP 3238 0.286459939 0.0288038833 -0.361854423 0 0 0
C@CP 3239 0.266940193 0.199664097 0.249451219 0 0 0
C@CP 3240 -0.265901677 0.190222303 0.0860884723 0 0 0
C@CP 3241 -0.0905904915 0.0639124162 -0.301494034 0 0 0
C@CP 3242 0.157912478 -0.00479617536 -0.136294488 0 0 0
C@CP 3243 0.252718787 0.0824267149 0.104266031 0 0 0
C@CP 3244 0.187708067 -0.377490986 0.106315855 0 0 0
C@CP 3245 0.178676953 -0.0511635002 -0.177499083 0 0 0
C@CP 3246 0.261527973 -0.308788847 0.0363676944 0 0 0
C@CP 3247 0.338084223 0.0315440912 0.0190248478 0 0 0
C@CP 3248 -0.0535588104 0.16551526 -0.0274743991 0 0 0
C@CP 3249 -0.210751303 -0.114334041 0.356940995 0 0 0
C@CP 3250 -0.0811031761 -0.169328467 -0.347659199 0 0 0
C@CP 3251 0.180817551 -0.296705935 -0.293673772 0 0 0
C@CP 3252 0.158352559 -0.23514332 0.0829664804 0 0 0
C@CP 3253 0.0157834011 0.0136997972 -0.0858039241 0 0 0
C@CP 3254 -0.340173994 -0.163926898 0.00538181879 0 0 0
C@CP 3255 -0.0726396036 0.319533818 0.118038136 0 0 0
C@CP 3256 0.00114646226 -0.290919117 0.0550590029 0 0 0
C@CP 3257 -0.0446711696 -0.0365337001 0.0127343691 0 0 0
C@CP 3258 -0.0131423882 0.123381346 0.400121997 0 0 0
C@CP 3259 -0.291761797 0.0790914222 -0.235950552 0 0 0
C@CP 3260 -0.310066725 -0.178620688 0.264343277 0 0 0
C@CP 3261 -0.00224251532 0.0536323861 0.42310284 0 0 0
C@CP 3262 0.43520836 -0.139290222 0.0729663053 0 0 0
C@CP 3263 -0.0604273126 0.412577862 -0.0323576904 0 0 0
C@CP 3264 -0.0831739484 0.077726628 0.401564316 0 0 0
C@CP 3265 -0.112254394 -0.309894204 -0.280282013 0 0 0
C@CP 3266 -0.20364482 0.334531132 -0.224644268 0 0 0
C@CP 3267 0.0633411497 0.137879847 -0.124603211 0 0 0
C@CP 3268 -0.384960524 0.0995072885 0.162178473 0 0 0
C@CP 3269 0.209972377 0.151297643 -0.204064991 0 0 0
C@CP 3270 0.0905948733 0.181197288 0.38152849 0 0 0
C@CP 3271 -0.414714948 0.067508466 -0.0968831823 0 0 0
C@CP 3272 -0.342796826 -0.131235638 -0.272440228 0 0 0
C@CP 3273 -0.114249814 -0.0475233692 0.420694156 0 0 0
C@CP 3274 -0.0342365793 -0.00386754625 -0.0367681981 0 0 0
C@CP 3275 0.227260571 -0.115255758 -0.305907479 0 0 0
C@CP 3277 0.355053751 -0.0734542108 0.112252949 0 0 0
C@CP 3278 0.153406397 -0.188320791 0.404065887 0 0 0
C@CP 3279 0.0660355976 -0.133121502 -0.0259822768 0 0 0
C@CP 3280 -0.112082449 0.164719066 -0.2789243 0 0 0
C@CP 3281 0.328671839 -0.0339435239 0.00459597175 0 0 0
C@CP 3282 0.109180807 -0.00921448054 -0.0684616992 0 0 0
C@CP 3283 -0.0269542564 0.230019251 0.325393687 0 0 0
C@CP 3284 -0.0331737473 0.304176209 -0.0983840618 0 0 0
C@CP 3285 -0.00149454874 -0.209138851 -0.388502978 0 0 0
C@CP 3286 0.00323123015 -0.205269417 -0.130318321 0 0 0
C@CP 3287 0.0956385697 -0.0453246905 -0.234958857 0 0 0
C@CP 3288 -0.0287576836 0.213435109 0.266804377 0 0 0
C@CP 3289 -0.431484182 -0.102142479 0.0159820363 0 0 0
C@CP 3290 0.423689094 0.00532105887 -0.0587926095 0 0 0
C@CP 3291 -0.143183433 0.0856048253 -0.223859232 0 0 0
C@CP 3292 0.0343683966 -0.339946654 -0.11297487 0 0 0
C@CP 3293 0.218339784 0.0591631043 0.0190781395 0 0 0
C@CP 3295 -0.15547489 0.36548253 0.0131821122 0 0 0
C@CP 3296 0.218247497 0.251459271 -0.179647158 0 0 0
C@CP 3297 0.217404775 -0.329506068 0.127568614 0 0 0
C@CP 3298 0.338700063 0.1170153 -0.115506058 0 0 0
C@CP 3299 0.223209538 -0.253568982 0.143150577 0 0 0
C@CP 3300 0.12702589 -0.0135147617 -0.00704986766 0 0 0
C@CP 3301 -0.203325559 0.0289727835 -0.107342947 0 0 0
C@CP 3302 0.298561482 -0.201354239 -0.0553967557 0 0 0
C@CP 3303 0.0865303475 -0.016721961 -0.135444922 0 0 0
C@CP 3304 -0.109894106 -0.39741244 -0.0290056864 0 0 0
C@CP 3305 -0.107229867 -0.298283554 0.014415153 0 0 0
C@CP 3306 -0.00838504022 0.290987739 -0.0460651481 0 0 0
C@CP 3307 0.0608926324 0.0515807477 -0.0581555852 0 0 0
C@CP 3308 -0.436422754 0.124652068 0.0648607657 0 0 0
C@CP 3309 -0.184473129 -0.0344030516 0.419673967 0 0 0
C@CP 3310 -0.351315757 0.253954204 -0.138511572 0 0 0
C@CP 3311 0.114384438 -0.118726986 0.13117259 0 0 0
C@CP 3312 -0.233470999 0.00932690764 -0.0952417331 0 0 0
C@CP 3313 0.163215113 0.0140746998 -0.00334477046 0 0 0
C@CP 3314 -0.228670736 -0.154569648 -0.276303474 0 0 0
C@CP 3315 0.00777444482 -0.0505886583 0.279317423 0 0 0
C@CP 3316 0.115171711 -0.132315107 -0.401489053 0 0 0
C@CP 3317 -0.0107818214 0.25252279 -0.314325194 0 0 0
C@CP 3318 -0.00837816538 -0.260506712 -0.275541187 0 0 0
C@CP 3319 0.266080809 0.159804162 0.148769897 0 0 0
C@CP 3320 -0.332754937 -0.122677696 0.0198777008 0 0 0
C@CP 3321 0.169846311 0.135590656 -0.0912106126 0 0 0
C@CP 3322 -0.0841684301 0.0895980639 -0.0465964758 0 0 0
C@CP 3323 0.0964732561 0.17441987 -0.0223943616 0 0 0
C@CP 3324 0.0275374722 0.195616059 0.119549084 0 0 0
C@CP 3325 0.141335773 0.00508001716 -0.235194766 0 0 0
C@CP 3326 0.33349339 -0.289126101 -0.159703876 0 0 0
C@CP 3327 0.179772048 0.074645784 0.0121907107 0 0 0
C@CP 3328 -0.0395244109 0.359967136 0.160484866 0 0 0
C@CP 3329 0.163630791 -0.142113876 -0.0602490067 0 0 0
C@CP 3330 0.205803061 -0.261236007 0.172584187 0 0 0
C@CP 3331 -0.243530732 0.13477442 0.372590829 0 0 0
C@CP 3332 0.0550344837 -0.0615542266 -0.305815402 0 0 0
C@CP 3333 0.0441407542 -0.0790266035 -0.118296178 0 0 0
C@CP 3334 0.265839419 0.250762297 -0.265150018 0 0 0
C@CP 3335 0.113634148 0.130698464 -0.276039289 0 0 0
C@CP 3336 0.000272601264 0.186734349 0.436102989 0 0 0
C@CP 3337 0.366720671 0.191033548 -0.109749118 0 0 0
C@CP 3338 -0.0524108532 0.23994335 0.289891876 0 0 0
C@CP 3339 0.0465568865 0.452711238 -0.0969351516 0 0 0
C@CP 3340 -0.240164713 0.0757944288 0.0642929762 0 0 0
C@CP 3341 0.133365072 0.178535919 0.120943761 0 0 0
C@CP 3342 -0.0813280298 -0.160051664 -0.142888763 0 0 0
C@CP 3343 -0.129166624 0.0390625705 0.372490943 0 0 0
C@CP 3344 -0.0842591849 0.168426505 0.0327291619 0 0 0
C@CP 3345 -0.0657685312 -0.255847786 0.0931171873 0 0 0
C@CP 3346 -0.419629618 0.0618806152 0.0377221099 0 0 0
C@CP 3347 -0.158284203 0.0383451102 -0.407716656 0 0 0
C@CP 3348 0.302907438 -0.326161041 -0.13057545 0 0 0
C@CP 3349 -0.0706768222 -0.147016169 -0.425461735 0 0 0
C@CP 3350 -0.194345782 -0.146950151 -0.291874163 0 0 0
C@CP 3351 -0.333268196 -0.035286672 0.236762748 0 0 0
C@CP 3353 0.142558014 0.220203115 0.0671241327 0 0 0
C@CP 3354 0.107155163 -0.0491306892 0.254780353 0 0 0
C@CP 3355 0.264871481 0.0573993441 -0.101186839 0 0 0
C@CP 3356 0.0246906177 0.380210779 -0.263552021 0 0 0
C@CP 3357 -0.0282799762 -0.195862276 0.243072693 0 0 0
C@CP 3358 0.167250704 0.291738872 -0.179757227 0 0 0
C@CP 3359 -0.0420941916 0.245768625 -0.28637913 0 0 0
C@CP 3360 -0.345432591 0.301462569 0.0257728943 0 0 0
C@CP 3361 -0.0146168098 0.319712203 0.240283423 0 0 0
C@CP 3362 0.106354792 0.208216588 0.0657906977 0 0 0
C@CP 3363 0.018918087 0.399638503 0.239486575 0 0 0
C@CP 3364 0.193832984 0.248716934 -0.339834486 0 0 0
C@CP 3365 -0.10088447 0.0468299807 0.156533542 0 0 0
C@CP 3366 0.273783763 -0.137772756 -0.137827189 0 0 0
C@CP 3367 0.172400743 0.19179262 -0.296347863 0 0 0
C@CP 3368 -0.276826244 -0.0873989564 0.115571294 0 0 0
C@CP 3369 -0.367966074 -0.0152285313 -0.125229453 0 0 0
C@CP 3370 0.0892295471 -0.0999728507 -0.235457624 0 0 0
C@CP 3371 0.207481568 0.115692786 0.196741174 0 0 0
C@CP 3372 -0.0265859398 -0.177286328 0.214043182 0 0 0
C@CP 3373 -0.110964696 -0.0568870078 0.261073229 0 0 0
C@CP 3374 -0.132790672 0.202050117 -0.1525948 0 0 0
C@CP 3375 -0.393040198 0.0833737279 0.0381218517 0 0 0
C@CP 3376 -0.196183623 0.175065088 0.386429066 0 0 0
C@CP 3377 0.0681539321 -0.208197707 0.107341013 0 0 0
C@CP 3378 0.418400694 -0.0854541621 0.124845274 0 0 0
C@CP 3379 -0.240778361 0.371756423 0.119143294 0 0 0
C@CP 3380 0.0806152952 -0.229025008 0.132942748 0 0 0
C@CP 3381 0.0483279183 0.357706749 -0.0486515154 0 0 0
C@CP 3382 0.232813615 -0.220852638 -0.120314024 0 0 0
C@CP 3383 -0.11511744 -0.173577136 0.146333303 0 0 0
C@CP 3384 -0.100555179 -0.0718905162 0.359356938 0 0 0
C@CP 3385 0.0854499813 0.259899553 0.350416703 0 0 0
C@CP 3386 -0.0255269125 -0.0660519854 0.341212546 0 0 0
C@CP 3387 -0.0984226171 -0.122824334 -0.0460628053 0 0 0
C@CP 3388 -0.375176481 0.239318552 0.002126076 0 0 0
C@CP 3389 -0.266308269 0.081234778 -0.16093639 0 0 0
C@CP 3390 0.15585413 0.0269335876 0.320898855 0 0 0
C@CP 3391 0.0795780874 -0.312864236 0.331394361 0 0 0
C@CP 3392 -0.186636093 -0.0847056724 -0.304214358 0 0 0
C@CP 3393 -0.0039094367 0.115709657 0.313457404 0 0 0
C@CP 3394 0.160586488 0.31901536 0.18742836 0 0 0
C@CP 3395 0.196826681 -0.258581121 -0.279663543 0 0 0
C@CP 3396 -0.164944085 -0.0949373616 0.0358187239 0 0 0
C@CP 3397 0.181880097 0.301086151 -0.12161666 0 0 0
C@CP 3398 0.186786675 -0.201554769 0.0326320788 0 0 0
C@CP 3399 0.00730078699 0.236950968 -0.31016188 0 0 0
C@CP 3400 -0.0506415977 0.143632598 -0.0223460962 0 0 0
C@CP 3401 -0.262601237 -0.0141761462 -0.101436703 0 0 0
C@CP 3402 0.0219951506 0.0220078058 -0.377566362 0 0 0
C@CP 3403 -0.0560891493 -0.00766053206 -0.0635376145 0 0 0
C@CP 3404 0.0383903349 -0.00195746224 0.328805891 0 0 0
C@CP 3405 -0.207711687 0.0720906711 -0.0425293081 0 0 0
C@CP 3406 -0.104528791 0.444744101 -0.0142979422 0 0 0
C@CP 3407 0.217348141 0.268859287 -0.0705812324 0 0 0
C@CP 3408 -0.0168996973 0.466742309 0.0403276008 0 0 0
C@CP 3409 -0.395144957 0.0781882839 0.159930729 0 0 0
C@CP 3410 0.445596518 0.034229911 -0.0426845587 0 0 0
C@CP 3411 0.0796669356 -0.216517236 0.226655313 0 0 0
C@CP 3412 -0.1798371 0.0893171498 -0.39718633 0 0 0
C@CP 3413 0.349251238 0.00169007957 0.117370432 0 0 0
C@CP 3414 -0.0829619131 0.0471429257 -0.0806910359 0 0 0
C@CP 3415 0.0745114247 -0.0422415728 0.42453746 0 0 0
C@CP 3416 -0.339211019 -0.111771649 0.267599767 0 0 0
C@CP 3417 -0.074526462 -0.108044433 -0.33753604 0 0 0
C@CP 3418 -0.164463252 0.412668369 -0.0832379274 0 0 0
C@CP 3419 -0.414506515 0.127587506 -0.164971205 0 0 0
C@CP 3420 0.0608972743 0.139917947 -0.0300908706 0 0 0
C@CP 3421 -0.377100219 0.028195381 0.0398243205 0 0 0
C@CP 3422 -0.133577472 0.193402217 -0.354229693 0 0 0
C@CP 3423 0.431922676 0.006809195 -0.206868196 0 0 0
C@CP 3424 -0.0234164335 -0.090080334 0.438249013 0 0 0
C@CP 3425 -0.0594426404 -0.239864865 0.227054058 0 0 0
C@CP 3426 -0.428165364 0.088664002 0.0527446486 0 0 0
C@CP 3427 -0.25741864 -0.255465655 0.00552278489 0 0 0
C@CP 3428 0.167538548 -0.192584605 0.122122713 0 0 0
C@CP 3429 0.0934624717 0.180231573 -0.25712548 0 0 0
C@CP 3430 -0.0947094833 -0.0766570571 -0.0424066409 0 0 0
C@CP 3431 -0.320092832 0.207041504 0.0385506027 0 0 0
C@CP 3432 0.155591516 0.2279377 -0.0167204398 0 0 0
C@CP 3433 0.24429728 -0.103916712 -0.0870201535 0 0 0
C@CP 3434 -0.138355437 0.176292773 -0.172330706 0 0 0
C@CP 3435 0.0822215918 0.21404749 0.375978853 0 0 0
C@CP 3436 0.0568865586 -0.305204122 -0.0526781766 0 0 0
C@CP 3437 -0.280916139 0.263788021 -0.151449382 0 0 0
C@CP 3438 0.202899589 0.0730128857 -0.066779257 0 0 0
C@CP 3439 -0.32794716 0.218369747 -0.0397828426 0 0 0
C@CP 3440 -0.181116834 0.320417308 -0.124324229 0 0 0
C@CP 3441 -0.0224801538 0.169382798 -0.264451701 0 0 0
C@CP 3442 -0.167342597 -0.321896835 -0.00682877518 0 0 0
C@CP 3443 0.266108284 0.122131306 0.0297670997 0 0 0
C@CP 3444 -0.178388309 0.0440112204 -0.287087616 0 0 0
C@CP 3445 0.242766935 0.20224501 0.0758108633 0 0 0
C@CP 3446 0.118361623 -0.188353383 -0.32695186 0 0 0
C@CP 3447 -0.193473328 -0.269449412 0.102000648 0 0 0
C@CP 3448 0.195051118 -0.109530229 0.0215771552 0 0 0
C@CP 3449 0.0214427858 0.321581487 0.0397570433 0 0 0
C@CP 3450 0.352189016 0.0112455244 -0.177744394 0 0 0
C@CP 3451 0.0902163046 0.113909066 0.338811358 0 0 0
C@CP 3452 0.239195784 0.380028908 -0.0217847148 0 0 0
C@CP 3454 -0.418603141 -0.19702986 0.0495827058 0 0 0
C@CP 3455 -0.0293978177 -0.40827231 0.17303808 0 0 0
C@CP 3456 0.0501298735 0.189800206 0.397839403 0 0 0
C@CP 3457 -0.0899872648 -0.0428914808 -0.0273824359 0 0 0
C@CP 3458 -0.141204924 0.225389684 -0.27440722 0 0 0
C@CP 3459 0.0069106759 -0.452402115 0.0426503463 0 0 0
C@CP 3460 -0.244253493 0.194004937 -0.348792707 0 0 0
C@CP 3461 0.200360001 0.0938269078 0.319517804 0 0 0
C@CP 3462 -0.242170247 0.245401109 -0.203517953 0 0 0
C@CP 3463 -0.296386248 0.316492501 0.177922386 0 0 0
C@CP 3464 -0.057130573 0.343482623 -0.231198933 0 0 0
C@CP 3465 -0.208512126 0.289926458 0.213752305 0 0 0
C@CP 3466 -0.0632554304 0.15473478 -0.212746312 0 0 0
C@CP 3467 -0.43414432 -0.0469560592 -0.0500227933 0 0 0
C@CP 3468 -0.278289967 -0.0587949865 -0.126660839 0 0 0
C@CP 3469 -0.0468025861 -0.00721225412 0.429871056 0 0 0
C@CP 3470 -0.145499334 -0.332057177 -0.0192052525 0 0 0
C@CP 3471 0.30037835 -0.30394598 0.104388723 0 0 0
C@CP 3472 -0.180969999 -0.0687468992 -0.131716972 0 0 0
C@CP 3473 0.184307962 0.391195958 0.0101500612 0 0 0
C@CP 3474 -0.127780329 -0.0911220132 0.073855769 0 0 0
C@CP 3475 0.000548794618 0.413116674 0.104054105 0 0 0
C@CP 3476 0.188623565 0.392876028 -0.000848791684 0 0 0
C@CP 3477 0.283243016 -0.0385588252 0.0256158262 0 0 0
C@CP 3478 0.088968199 -0.335805556 0.276299543 0 0 0
C@CP 3479 -0.382576252 -0.194760679 -0.0212723489 0 0 0
C@CP 3480 -0.384123399 -0.236845174 -0.0503832067 0 0 0
C@CP 3481 -0.147793901 0.258023441 -0.00621742296 0 0 0
C@CP 3482 0.0671837513 0.122271114 0.10731447 0 0 0
C@CP 3483 0.045066599 -0.348111672 0.221838652 0 0 0
C@CP 3484 -0.0131186356 0.045987549 0.186674384 0 0 0
C@CP 3485 -0.0459442332 0.224250456 -0.0420971124 0 0 0
C@CP 3486 0.162435084 0.0496455319 -0.0864829623 0 0 0
C@CP 3487 0.0594740278 0.345568733 -0.104212744 0 0 0
C@CP 3488 -0.220751801 -0.0291883934 -0.24403973 0 0 0
C@CP 3489 0.0767451831 0.189073207 0.350843608 0 0 0
C@CP 3490 0.176902577 0.255609884 0.011323237 0 0 0
C@CP 3491 0.00402060741 -0.318864912 -0.18999087 0 0 0
C@CP 3492 -0.254236758 0.190178378 0.261193091 0 0 0
C@CP 3493 0.0479682518 0.0178916326 -0.0277917613 0 0 0
C@CP 3494 0.264139714 0.115475422 0.322902774 0 0 0
C@CP 3495 0.334474257 -0.0946999051 -0.168883648 0 0 0
C@CP 3496 0.0471334148 0.279109665 0.247440218 0 0 0
C@CP 3497 -0.201525527 0.120506727 -0.316119154 0 0 0
B@CP 3499 0.0940174431 0.232422225 -0.223515971 0 0 0
C@CP 3500 0.258402749 0.326464722 -0.159874489 0 0 0
C@CP 3501 -0.0935060324 0.338134264 0.26594928 0 0 0
C@CP 3502 -0.0896671268 0.0155599678 -0.177989865 0 0 0
B@CP 3504 -0.275765093 0.011489837 -0.172805524 0 0 0
C@CP 3505 0.247218505 -0.377622518 0.0504586905 0 0 0
B@CP 3507 -0.423016237 0.10722292 -0.0202501481 0 0 0
C@CP 3508 0.0765512719 0.335752454 0.0742245929 0 0 0
B@CP 3510 -0.316695694 -0.127820237 0.175292818 0 0 0
C@CP 3511 0.44686748 -0.0106984321 0.154160198 0 0 0
B@CP 3513 0.0833902621 -0.372113077 -0.23356791 0 0 0
C@CP 3514 -0.393795387 0.136083828 0.132164547 0 0 0
B@CP 3516 -0.225814003 -0.121842519 0.32929646 0 0 0
C@CP 3517 -0.11067251 0.394256244 -0.100454589 0 0 0
B@CP 3519 -0.0372567693 0.247800129 -0.410578666 0 0 0
C@CP 3520 0.0880122078 -0.264266027 0.0791492154 0 0 0
B@CP 3522 -0.328334168 -0.230616043 0.00070505928 0 0 0
C@CP 3523 -0.0844269983 0.178415427 0.332000126 0 0 0
