B@CP 1004 0.220476398 -0.277518468 0.0104189139 0 0 0
B@CP 1005 -0.0803684227 0.241170676 -0.132680372 0 0 0
B@CP 1008 0.282851547 0.262376376 -0.185416874 0 0 0
B@CP 1014 0.0196011273 -0.265244963 -0.0722306049 0 0 0
B@CP 1018 -0.121494161 0.0262436112 0.336693488 0 0 0
B@CP 1020 -0.254241691 0.11410643 -0.189635375 0 0 0
B@CP 1025 0.0313207247 -0.10178554 0.0529797276 0 0 0
B@CP 1026 0.310803801 -0.195527398 -0.249322401 0 0 0
B@CP 1032 0.387712364 -0.12468647 0.18240965 0 0 0
B@CP 1033 0.157178524 0.0390085505 0.397676709 0 0 0
B@CP 1034 0.0684449804 0.420593507 0.0258419626 0 0 0
B@CP 1036 -0.319921844 0.153855306 -0.158000903 0 0 0
B@CP 1040 -0.0878723304 0.0603650148 0.062335653 0 0 0
B@CP 1041 -0.23377057 0.375504984 0.0532483176 0 0 0
B@CP 1042 0.359208239 -0.0628135173 0.254857173 0 0 0
B@CP 1045 0.293754112 -0.123322162 -0.321679783 0 0 0
B@CP 1046 0.120508125 0.11049953 0.383653979 0 0 0
B@CP 1047 -0.220010576 -0.168287991 -0.335991972 0 0 0
B@CP 1055 -0.309153035 0.311614551 0.0412280987 0 0 0
B@CP 1056 -0.0153031565 0.212733594 0.228534992 0 0 0
B@CP 1059 0.321484256 0.0935538953 0.110006285 0 0 0
B@CP 1063 0.144969558 0.392664718 0.028041756 0 0 0
B@CP 1065 0.0277385423 -0.328275371 0.228957468 0 0 0
B@CP 1066 -0.227959308 -0.273184426 0.0759886045 0 0 0
B@CP 1068 0.157212741 -0.296265195 -0.138103169 0 0 0
B@CP 1069 0.150017213 -0.322615312 0.00324899414 0 0 0
B@CP 1070 0.301953872 0.127959605 -0.0586783379 0 0 0
B@CP 1077 -0.218986935 0.0859510091 0.258895175 0 0 0
B@CP 1080 -0.233540407 0.0985145331 -0.230899525 0 0 0
B@CP 1083 0.202810403 -0.207716815 0.340794372 0 0 0
B@CP 1084 0.0727713075 -0.107461937 0.365493064 0 0 0
B@CP 1085 0.0311586257 0.194283691 0.202273708 0 0 0
B@CP 1089 0.0675909206 0.214993404 0.127144531 0 0 0
B@CP 1091 0.006966728 0.316252542 0.15744537 0 0 0
B@CP 1092 0.0283597267 0.130862599 -0.349702675 0 0 0
B@CP 1093 0.351148598 0.24351878 0.157234746 0 0 0
B@CP 1094 -0.127793837 0.255240974 0.190810644 0 0 0
B@CP 1099 -0.0450509939 -0.240456863 0.137797303 0 0 0
B@CP 1100 -0.000164925489 -0.242231449 -0.124413653 0 0 0
B@CP 1104 0.119068988 0.0298436824 0.336342621 0 0 0
B@CP 1105 -0.171107996 -0.0449625432 0.355364343 0 0 0
B@CP 1106 -0.258703014 -0.0835834398 0.33538995 0 0 0
B@CP 1107 -0.188706787 -0.138685629 0.161714599 0 0 0
B@CP 1109 0.209559219 -0.330846307 -0.00633055668 0 0 0
B@CP 1110 -0.109795445 0.115545494 0.132836686 0 0 0
B@CP 1117 0.249049304 -0.160198457 -0.277158825 0 0 0
B@CP 1118 0.0739235783 -0.105570994 0.158990962 0 0 0
B@CP 1121 -0.421635511 0.0224228573 -0.13065471 0 0 0
B@CP 1122 -0.09344059 -0.330755581 -0.144539666 0 0 0
B@CP 1123 -0.104515589 -0.321458329 0.120678414 0 0 0
B@CP 1125 -0.134220719 0.168292721 0.212605887 0 0 0
B@CP 1131 0.227570428 -0.035479751 0.154238573 0 0 0
B@CP 1139 0.140138273 -0.267628862 -0.121021773 0 0 0
B@CP 1143 -0.0530245814 -0.127406756 0.0575043088 0 0 0
B@CP 1146 -0.0481392055 0.055001096 -0.0476715005 0 0 0
B@CP 1147 0.153819742 0.0526966823 0.210382546 0 0 0
B@CP 1149 0.1828222 0.290163673 -0.0235031953 0 0 0
B@CP 1152 0.176045802 0.417654736 0.0830055998 0 0 0
B@CP 1153 0.373173875 0.076418133 0.279178524 0 0 0
B@CP 1154 0.247677063 -0.0805202911 0.0319768826 0 0 0
B@CP 1155 0.0147619736 0.141846868 -0.450725691 0 0 0
B@CP 1160 0.171221551 -0.184734162 -0.149255011 0 0 0
B@CP 1161 -0.13169815 -0.0194611792 -0.0236413785 0 0 0
B@CP 1162 -0.28683176 -0.0967630464 0.0925939284 0 0 0
B@CP 1163 0.20049398 0.212105291 0.160071293 0 0 0
B@CP 1166 0.245869519 0.218479362 -0.081861688 0 0 0
B@CP 1167 0.260127268 -0.278394039 0.186330588 0 0 0
B@CP 1170 0.343006065 0.231345453 -0.225211077 0 0 0
B@CP 1171 -0.263904751 0.247114552 -0.195800579 0 0 0
B@CP 1176 -0.162829589 0.0537586667 0.0652301361 0 0 0
B@CP 1179 -0.0610157765 -0.170411333 0.245960901 0 0 0
B@CP 1185 -0.109840322 -0.0196559196 0.164430787 0 0 0
B@CP 1186 0.234680282 0.327446332 0.175112837 0 0 0
B@CP 1187 -0.041869552 -0.321236905 0.337531975 0 0 0
B@CP 1188 -0.0689343817 -0.0928723383 -0.251567529 0 0 0
B@CP 1189 -0.411350796 -0.0579303045 -0.125601742 0 0 0
B@CP 1190 0.0904417913 -0.259415324 0.180285411 0 0 0
B@CP 1191 -0.358190418 -0.103530157 -0.136896512 0 0 0
B@CP 1192 -0.123585972 0.053301109 -0.264054368 0 0 0
B@CP 1196 -0.00960220425 0.0328394176 0.0351120942 0 0 0
B@CP 1197 -0.398563553 0.195958561 0.0610684688 0 0 0
B@CP 1200 -0.187828524 0.224777447 0.143574013 0 0 0
B@CP 1206 -0.146612732 0.0445511241 0.12270346 0 0 0
B@CP 1211 -0.0675479044 0.188303467 0.326530698 0 0 0
B@CP 1221 0.0895322035 -0.262592041 -0.0230458922 0 0 0
B@CP 1222 0.102687069 0.0587871516 -0.129591806 0 0 0
B@CP 1225 0.018096688 -0.341701904 0.0345924737 0 0 0
B@CP 1226 -0.0917589429 -0.144724227 0.00630529933 0 0 0
B@CP 1228 -0.13525631 0.170550445 -0.00787591277 0 0 0
B@CP 1229 -0.0014995003 -0.119280087 0.190492428 0 0 0
B@CP 1234 -0.00327168327 0.434433865 -0.0110415972 0 0 0
B@CP 1237 -0.155201808 -0.0636147491 0.377263346 0 0 0
B@CP 1239 -0.122802754 0.34540667 -0.152863384 0 0 0
B@CP 1241 -0.309251408 0.180294397 -0.148700448 0 0 0
B@CP 1242 0.316679738 -0.242665039 0.111004922 0 0 0
B@CP 1245 -0.354969206 0.266910789 -0.0106513972 0 0 0
B@CP 1248 -0.14826973 -0.16218197 0.141296719 0 0 0
B@CP 1257 0.135138337 0.283439834 -0.141871632 0 0 0
B@CP 1259 -0.0984656898 0.19857305 0.294469502 0 0 0
B@CP 1262 -0.0605848624 0.162059722 -0.127408294 0 0 0
B@CP 1263 0.0752089884 0.0331712226 0.380546413 0 0 0
B@CP 1264 0.440123033 -0.0177517718 0.140965789 0 0 0
B@CP 1268 0.239219806 -0.353747672 -0.0614785932 0 0 0
B@CP 1274 -0.112784749 -0.174752038 -0.403965748 0 0 0
B@CP 1275 0.077498583 -0.277516336 -0.267137017 0 0 0
B@CP 1280 -0.0155005176 0.280997675 0.00968894491 0 0 0
B@CP 1281 0.0113815494 -0.245904264 0.204747238 0 0 0
B@CP 1284 0.281984412 -0.0983836493 0.239436269 0 0 0
B@CP 1285 0.176569046 0.34132932 0.27285669 0 0 0
B@CP 1291 -0.00392914148 -0.232399085 -0.181835545 0 0 0
B@CP 1293 0.248433413 0.286727698 -0.0370739185 0 0 0
B@CP 1299 -0.190973511 0.326930278 0.119821865 0 0 0
B@CP 1302 0.0726697832 0.389696303 -0.0623301313 0 0 0
B@CP 1305 -0.0463208029 -0.348282453 -0.0629191491 0 0 0
B@CP 1306 -0.325678362 -0.172142307 -0.00954050181 0 0 0
B@CP 1312 0.267420127 0.286111726 -0.233539856 0 0 0
B@CP 1318 -0.127097532 -0.379281284 0.184409896 0 0 0
B@CP 1320 -0.0623765287 0.0548734685 -0.399456356 0 0 0
B@CP 1323 0.313962574 0.130596583 -0.16412576 0 0 0
B@CP 1324 -0.358705423 0.274242144 -0.115409135 0 0 0
B@CP 1326 0.0879962426 -0.184303896 -0.0467354626 0 0 0
B@CP 1330 0.0834743431 0.266029089 -0.117153906 0 0 0
B@CP 1332 0.32354422 -0.00878322 0.273774703 0 0 0
B@CP 1335 0.177523074 0.410597504 0.122715815 0 0 0
B@CP 1342 0.278165007 0.346934601 0.0166947797 0 0 0
B@CP 1343 0.259690211 0.29164967 -0.185940225 0 0 0
B@CP 1345 -0.24777035 -0.262631006 -0.166288716 0 0 0
B@CP 1348 0.162787789 -0.205834643 -0.20201017 0 0 0
B@CP 1354 0.362942764 -0.246058 0.0257057295 0 0 0
B@CP 1356 -0.172900111 -0.127851842 0.235503733 0 0 0
B@CP 1362 0.130062321 -0.0552978131 -0.219934466 0 0 0
B@CP 1363 -0.142495724 -0.0529287981 -0.122174346 0 0 0
B@CP 1365 0.0592260058 0.438357333 0.0245117577 0 0 0
B@CP 1367 -0.149642674 0.0939680107 -0.212451406 0 0 0
B@CP 1370 0.223659953 -0.417137957 -0.0450465116 0 0 0
B@CP 1371 -0.175140667 -0.220144147 0.337765498 0 0 0
B@CP 1372 0.301911438 0.342619751 -0.0604430845 0 0 0
B@CP 1373 -0.333292666 -0.0724986184 -0.0266005662 0 0 0
B@CP 1375 0.181155265 -0.0381243424 0.0886555883 0 0 0
B@CP 1379 0.01658332 0.0165647892 -0.204251437 0 0 0
B@CP 1385 0.151915888 -0.0662145664 0.0732887312 0 0 0
B@CP 1387 0.188156196 0.0061474454 -0.382845801 0 0 0
B@CP 1390 0.239709459 -0.218507235 0.0379173324 0 0 0
B@CP 1391 0.0437897814 0.416138295 0.173382821 0 0 0
B@CP 1393 -0.294616675 0.133151779 -0.106114868 0 0 0
B@CP 1398 0.118406139 -0.302518997 0.164469091 0 0 0
B@CP 1406 0.242838767 0.0693269074 -0.0846934397 0 0 0
B@CP 1408 -0.127841513 0.0570700323 -0.18074605 0 0 0
B@CP 1410 -0.241303297 -0.0914619016 -0.383474515 0 0 0
B@CP 1416 -0.123674788 0.29404044 -0.145878008 0 0 0
B@CP 1417 -0.133848749 0.144371293 -0.123686263 0 0 0
B@CP 1422 -0.0208755417 -0.28995065 0.0996908957 0 0 0
B@CP 1423 0.0182801598 0.284437724 0.0469209457 0 0 0
B@CP 1424 0.0841006467 -0.298011484 -0.121053933 0 0 0
B@CP 1428 0.341390035 0.125581228 -0.199308749 0 0 0
B@CP 1429 0.117125766 0.0884965924 -0.419277615 0 0 0
B@CP 1433 0.155466997 -0.0420575562 0.282182034 0 0 0
B@CP 1434 0.243144837 0.182583079 0.362040936 0 0 0
B@CP 1436 0.115596917 -0.00494773238 -0.174199148 0 0 0
B@CP 1438 0.202484191 0.0695879965 0.0560384101 0 0 0
B@CP 1439 0.290923023 -0.171425338 0.18929457 0 0 0
B@CP 1446 0.120152611 -0.0902464277 -0.0460866887 0 0 0
B@CP 1448 -0.266786743 -0.227114451 0.200558907 0 0 0
B@CP 1452 0.261939242 0.285269313 0.0824894044 0 0 0
B@CP 1453 -0.236604457 0.158279065 0.124044803 0 0 0
B@CP 1454 -0.168394289 -0.283674377 -0.00602991111 0 0 0
B@CP 1465 0.264177248 -0.188732922 0.202481497 0 0 0
B@CP 1466 -0.3170493 -0.271407157 -0.069801423 0 0 0
B@CP 1470 -0.0871400709 0.106454542 -0.0782154946 0 0 0
B@CP 1471 0.145114174 -0.185971972 -0.0421399167 0 0 0
B@CP 1472 -0.197842141 -0.154330942 -0.324440298 0 0 0
B@CP 1478 0.377793823 0.0438689345 0.0678252149 0 0 0
B@CP 1481 -0.355506577 0.0137593352 0.16046311 0 0 0
B@CP 1482 -0.235357372 0.111829032 0.277385132 0 0 0
B@CP 1483 -0.225316325 -0.0571114632 -0.247475913 0 0 0
B@CP 1486 0.253377213 0.260765713 -0.230430139 0 0 0
B@CP 1489 0.103242798 -0.356793995 -0.210663617 0 0 0
B@CP 1490 -0.16823541 -0.0537335984 0.11924519 0 0 0
B@CP 1491 -0.392360604 -0.221281474 -0.160461499 0 0 0
B@CP 1492 0.141974711 0.237774214 -0.134478941 0 0 0
B@CP 1495 0.43546933 -0.0548196878 -0.166934433 0 0 0
B@CP 1500 0.23957418 -0.18038891 -0.362079289 0 0 0
B@CP 1504 -0.329339913 0.309437784 -0.11448469 0 0 0
B@CP 1505 -0.0662651289 -0.0202657419 0.336779373 0 0 0
B@CP 1509 -0.1541026 -0.258744891 -0.156715478 0 0 0
B@CP 1515 0.208187066 -0.125229051 0.302467741 0 0 0
B@CP 1519 0.162755822 0.27657195 -0.24792113 0 0 0
B@CP 1523 0.100523169 0.0903706905 -0.250364001 0 0 0
B@CP 1524 -0.371005626 0.161071887 0.00417438155 0 0 0
B@CP 1526 0.143833722 -0.333873641 -0.166526285 0 0 0
B@CP 1527 -0.0390047949 -0.160421565 -0.338122316 0 0 0
B@CP 1530 0.342840916 -0.0784743469 -0.171688946 0 0 0
B@CP 1534 0.353025008 -0.0257290395 0.0423928161 0 0 0
B@CP 1536 0.207664945 0.286518253 0.140826495 0 0 0
B@CP 1551 -0.114648116 -0.383980523 0.19447198 0 0 0
B@CP 1552 0.314682752 -0.0152889684 -0.0182154221 0 0 0
B@CP 1555 0.110502121 -0.255593298 -0.353269974 0 0 0
B@CP 1561 -0.343688249 0.0326429218 0.217023907 0 0 0
B@CP 1567 0.0412555598 0.259774518 0.148112181 0 0 0
B@CP 1569 0.0347648805 0.0451547561 -0.305907521 0 0 0
B@CP 1572 0.264069408 0.12436959 -0.320253584 0 0 0
B@CP 1573 -0.0433890436 0.0247078084 -0.0568066405 0 0 0
B@CP 1576 0.357184878 -0.0896694823 0.191097437 0 0 0
B@CP 1580 -0.169156712 -0.296621216 -0.25226613 0 0 0
B@CP 1583 -0.421651389 -0.0441060809 -0.00753671382 0 0 0
B@CP 1584 -0.114907529 0.137605528 0.228504384 0 0 0
B@CP 1586 0.269417554 0.0855604191 -0.323107361 0 0 0
B@CP 1588 -0.202673191 0.312370114 0.206924776 0 0 0
B@CP 1589 -0.392068452 0.204624354 0.0391444037 0 0 0
B@CP 1596 0.0314884575 0.104106818 0.454966445 0 0 0
B@CP 1600 0.0461355933 0.231396268 0.293150119 0 0 0
B@CP 1606 -0.0186681283 -0.253709931 -0.395216614 0 0 0
B@CP 1609 0.0833203117 0.0410106763 0.21605673 0 0 0
B@CP 1611 -0.104121548 -0.283580618 0.108667155 0 0 0
B@CP 1613 -0.18093572 0.0822256865 0.0459816295 0 0 0
B@CP 1625 -0.114987195 0.347950423 -0.239384814 0 0 0
B@CP 1630 -0.321271903 -0.173043973 0.0514314573 0 0 0
B@CP 1637 -0.172940974 0.165163286 0.108570099 0 0 0
B@CP 1638 0.160113537 0.328742844 0.110806661 0 0 0
B@CP 1642 0.374615846 0.0486411667 0.015327604 0 0 0
B@CP 1645 -0.407366552 -0.119548115 -0.111923887 0 0 0
B@CP 1649 -0.132667404 0.287385647 0.148808324 0 0 0
B@CP 1655 0.176638162 0.204837226 0.298657167 0 0 0
B@CP 1656 -0.0484429281 0.02125564 0.357920482 0 0 0
B@CP 1673 0.0407170253 -0.00733513606 0.159754447 0 0 0
B@CP 1678 -0.0732261418 0.308213068 -0.255618541 0 0 0
B@CP 1679 -0.229445974 0.0917105217 0.0195676244 0 0 0
B@CP 1681 -0.333345541 0.163302355 -0.038598765 0 0 0
B@CP 1686 -0.140216761 -0.316046301 0.262780104 0 0 0
B@CP 1690 0.400865001 -0.0189423791 -0.1806246 0 0 0
B@CP 1694 -0.326242392 -0.0801421702 -0.298507304 0 0 0
B@CP 1696 0.0938281203 0.122862593 -0.295865678 0 0 0
B@CP 1697 0.0760038516 0.160680905 0.354518007 0 0 0
B@CP 1701 0.268038712 -0.144229344 -0.181381203 0 0 0
B@CP 1703 0.190137756 -0.269946294 -0.12349417 0 0 0
B@CP 1705 0.0560139923 -0.230601124 -0.347189937 0 0 0
B@CP 1710 -0.178491866 0.285193634 0.177832199 0 0 0
B@CP 1719 -0.417640814 0.0931877094 -0.0142041705 0 0 0
B@CP 1722 0.110152205 0.0381185728 0.387943029 0 0 0
B@CP 1727 0.0934960944 -0.306769717 -0.0778450336 0 0 0
B@CP 1733 0.153878371 -0.091955709 -0.321375886 0 0 0
B@CP 1735 0.170410915 0.0885908143 0.0113671149 0 0 0
B@CP 1736 0.163540094 0.0705100946 -0.38195902 0 0 0
B@CP 1739 -0.0514968426 -0.0705722031 -0.105391164 0 0 0
B@CP 1740 0.05660291 -0.243876372 -0.244775956 0 0 0
B@CP 1743 -0.0235289161 0.157889426 0.0800856402 0 0 0
B@CP 1745 -0.0388663643 -0.0998348542 -0.397951645 0 0 0
B@CP 1746 0.0233204211 0.121769072 -0.100282091 0 0 0
B@CP 1747 -0.284880286 0.239442671 -0.264247469 0 0 0
B@CP 1748 -0.0557904051 -0.18372444 0.162181959 0 0 0
B@CP 1751 -0.0872020223 -0.26299961 0.185335913 0 0 0
B@CP 1752 -0.235764324 -0.203222871 -0.0951967606 0 0 0
B@CP 1755 -0.12383104 0.0936557225 -0.255150735 0 0 0
B@CP 1763 -0.270959995 0.304930736 0.176891586 0 0 0
B@CP 1774 0.230939321 0.124210094 -0.220409629 0 0 0
B@CP 1777 -0.0109922912 -0.105055048 -0.217289111 0 0 0
B@CP 1781 -0.264077334 0.0746425413 0.0806587255 0 0 0
B@CP 1789 0.306032426 -0.342051291 -0.04180763 0 0 0
B@CP 1790 0.337921336 0.265935166 -0.134863819 0 0 0
B@CP 1793 0.177364124 -0.238990932 -0.215306122 0 0 0
B@CP 1800 -0.238279509 0.165202655 -0.143877903 0 0 0
B@CP 1802 -0.261528985 0.166132484 -0.0348310801 0 0 0
B@CP 1803 0.361231688 -0.0861131459 0.202681026 0 0 0
B@CP 1804 0.219256631 0.342537194 0.111293387 0 0 0
B@CP 1807 0.162979108 0.289704904 0.0228013249 0 0 0
B@CP 1814 -0.181388903 -0.387556381 0.17947704 0 0 0
B@CP 1815 -0.118535443 -0.117501091 0.394643039 0 0 0
B@CP 1817 -0.292232209 -0.267982971 0.113406072 0 0 0
B@CP 1819 0.28961086 0.149552505 0.262408209 0 0 0
B@CP 1822 -0.214416177 0.127778961 0.410698367 0 0 0
B@CP 1823 -0.204939267 0.179784867 -0.207190609 0 0 0
B@CP 1826 -0.319023048 -0.0445071576 -0.157265309 0 0 0
B@CP 1828 -0.270152362 -0.105813911 -0.0509951976 0 0 0
B@CP 1835 -0.353424631 0.0932958704 -0.17862782 0 0 0
B@CP 1836 -0.0756295872 -0.217550591 0.406692692 0 0 0
B@CP 1838 -0.199559995 -0.0980203469 0.121616819 0 0 0
B@CP 1840 -0.195928726 0.242978955 0.00753034647 0 0 0
B@CP 1842 0.0571866025 0.200419035 0.319712797 0 0 0
B@CP 1844 -0.217691068 -0.185161415 -0.281032489 0 0 0
B@CP 1847 0.162458432 -0.31134665 0.241193736 0 0 0
B@CP 1848 0.270704384 0.03316394 0.100423212 0 0 0
B@CP 1851 -0.135927162 0.269939846 0.229967869 0 0 0
B@CP 1852 0.283812134 0.3043312 -0.165572672 0 0 0
B@CP 1855 0.0573823529 0.237119971 -0.220779534 0 0 0
B@CP 1856 -0.142308864 0.073678966 -0.143384378 0 0 0
B@CP 1858 0.10211158 0.0382122069 0.127324578 0 0 0
B@CP 1861 0.134750252 -0.272048359 0.180485145 0 0 0
B@CP 1862 0.029682187 -0.130151856 0.328345682 0 0 0
B@CP 1866 -0.374349793 -0.22094469 -0.187498659 0 0 0
B@CP 1870 -0.017926452 -0.102261419 -0.0248693336 0 0 0
B@CP 1872 0.239981791 -0.207156864 -0.0222534316 0 0 0
B@CP 1873 0.0554500587 -0.0373108349 0.127016874 0 0 0
B@CP 1877 -0.0607823748 -0.298182152 -0.0757588859 0 0 0
B@CP 1879 0.262509586 -0.371890863 0.107986777 0 0 0
B@CP 1880 -0.253208188 0.221164892 -0.157483215 0 0 0
B@CP 1881 0.36767373 -0.160136968 -0.101044978 0 0 0
B@CP 1883 0.0378122723 -0.269174982 -0.245942829 0 0 0
B@CP 1887 -0.111048743 -0.0927936087 -0.274243457 0 0 0
B@CP 1890 -0.23796276 -0.0586024051 0.367055788 0 0 0
B@CP 1891 -0.161465344 -0.063881972 0.399692631 0 0 0
B@CP 1892 -0.274852557 0.21099785 0.218362019 0 0 0
B@CP 1893 -0.231887226 -0.325030158 -0.110452656 0 0 0
B@CP 1899 -0.116233995 -0.036778847 -0.370663613 0 0 0
B@CP 1901 0.172110312 0.123526251 0.0982233726 0 0 0
B@CP 1903 0.0724096104 -0.24218142 0.0906550536 0 0 0
B@CP 1906 0.0982046697 0.200647095 0.0551517012 0 0 0
B@CP 1909 -0.250236302 -0.370905435 -0.0911431591 0 0 0
B@CP 1910 0.139490103 -0.256908378 0.0542329747 0 0 0
B@CP 1911 0.191560729 0.165014521 -0.0259660489 0 0 0
B@CP 1915 0.330102151 0.024158776 -0.0401541127 0 0 0
B@CP 1917 0.304494179 0.102806462 -0.107083321 0 0 0
B@CP 1920 -0.2722069 0.138713792 -0.206647628 0 0 0
B@CP 1921 -0.00502790545 -0.068706187 0.220719399 0 0 0
B@CP 1922 0.274466888 0.100429683 -0.225029315 0 0 0
B@CP 1925 0.174590285 -0.37355888 0.158596127 0 0 0
B@CP 1935 -0.0314221477 -0.160871852 0.315698562 0 0 0
B@CP 1937 -0.0496113416 0.140672358 -0.370835515 0 0 0
B@CP 1939 0.0740602848 -0.135963364 -0.353292289 0 0 0
B@CP 1950 0.352854724 0.129952061 -0.0672616578 0 0 0
B@CP 1955 -0.0312747583 -0.0423900979 -0.431569283 0 0 0
B@CP 1958 -0.0658855808 0.285225209 -0.179840568 0 0 0
B@CP 1960 -0.285712283 -0.101349514 -0.340849919 0 0 0
B@CP 1967 0.416562894 -0.0128727704 -0.223777619 0 0 0
B@CP 1970 -0.115449717 -0.00410883344 0.192020475 0 0 0
B@CP 1974 0.13105651 0.102977791 -0.0351959864 0 0 0
B@CP 1980 -0.251727431 0.278676245 0.077130304 0 0 0
B@CP 1993 -0.238715194 -0.181265088 -0.258026628 0 0 0
B@CP 1994 -0.366618224 0.142833094 -0.0925665906 0 0 0
B@CP 1996 0.250687518 -0.0396393777 -0.254816406 0 0 0
B@CP 1999 0.323299073 0.212694882 0.176239761 0 0 0
B@CP 2002 0.0976041977 0.338135221 0.100920433 0 0 0
B@CP 2005 0.0804265436 -0.378931557 -0.202543366 0 0 0
B@CP 2013 0.366981078 -0.0359601465 0.0599030766 0 0 0
B@CP 2019 -0.243470647 -0.0727219672 -0.146804696 0 0 0
B@CP 2021 -0.286927042 0.00376852488 0.24910242 0 0 0
B@CP 2022 0.384766466 -0.175365104 0.176076256 0 0 0
B@CP 2024 -0.136615737 0.195343652 0.0867241127 0 0 0
B@CP 2025 -0.345803726 -0.10131336 -0.00602920682 0 0 0
B@CP 2026 -0.18010985 0.0636397783 -0.0597387393 0 0 0
B@CP 2028 0.169251014 -0.0563360929 -0.304975575 0 0 0
B@CP 2029 -0.146365166 0.30646215 0.00836196211 0 0 0
B@CP 2032 -0.0181607916 0.148878663 -0.131972924 0 0 0
B@CP 2033 0.111141454 -0.117263209 0.329837312 0 0 0
B@CP 2034 -0.422228091 -0.112055587 0.152069164 0 0 0
B@CP 2036 0.14174341 0.400838351 -0.169828795 0 0 0
B@CP 2037 -0.182425754 -0.416344622 0.0138857028 0 0 0
B@CP 2040 -0.0938789933 -0.354365401 0.0845631918 0 0 0
B@CP 2042 -0.369577081 -0.269810834 0.110860781 0 0 0
B@CP 2043 -0.0409257639 0.0267296836 0.422082876 0 0 0
B@CP 2048 -0.360853029 0.122606501 -0.0256221564 0 0 0
B@CP 2050 0.0490654117 0.0997298484 0.165747295 0 0 0
B@CP 2053 -0.131264707 -0.206286028 -4.06391166e-05 0 0 0
B@CP 2057 -0.21813014 0.288033246 0.0781289335 0 0 0
B@CP 2059 -0.0324921781 -0.0243169774 0.241504872 0 0 0
B@CP 2060 -0.0894953607 0.178064442 -0.338822579 0 0 0
B@CP 2068 -0.237914718 0.220385649 0.0910293884 0 0 0
B@CP 2076 -0.308612745 0.163517432 0.249488359 0 0 0
B@CP 2077 -0.179129264 -0.277356486 -0.303149542 0 0 0
B@CP 2078 -0.218202344 -0.0802327778 -0.0781792681 0 0 0
B@CP 2079 0.0190784029 -0.18174536 -0.184428524 0 0 0
B@CP 2081 -0.351682627 -0.109354736 0.241470501 0 0 0
B@CP 2082 -0.289958428 -0.269525924 0.0794375302 0 0 0
B@CP 2083 -0.0557698995 -0.220430972 -0.132824246 0 0 0
B@CP 2086 0.206882253 0.200128623 -0.0992432395 0 0 0
B@CP 2087 0.00900208701 -0.32709916 0.213892374 0 0 0
B@CP 2091 -0.241402807 0.0915486911 -0.325323176 0 0 0
B@CP 2095 -0.0470244215 -0.300323178 -0.321857269 0 0 0
B@CP 2103 0.242227093 -0.0280982662 -0.269634324 0 0 0
B@CP 2105 -0.441437657 0.104171899 0.105194656 0 0 0
B@CP 2109 0.387004543 0.103173555 0.174773295 0 0 0
B@CP 2110 0.0346873924 0.394964066 0.243105763 0 0 0
B@CP 2111 0.197523749 0.0246533922 0.141863188 0 0 0
B@CP 2113 0.125310109 0.0558624587 -0.261189507 0 0 0
B@CP 2114 0.131178412 0.0182019376 -0.035018576 0 0 0
B@CP 2115 0.24733526 0.229924399 0.276009331 0 0 0
B@CP 2117 -0.270419742 -0.209971736 0.15021984 0 0 0
B@CP 2118 0.380153452 0.0393800836 0.0892572272 0 0 0
B@CP 2119 0.0816968391 0.359923757 0.0852059506 0 0 0
B@CP 2125 0.318100363 -0.114831102 -0.0785347194 0 0 0
B@CP 2127 0.224161398 0.142441217 -0.10991651 0 0 0
B@CP 2130 -0.038768472 0.119542745 -0.146954939 0 0 0
B@CP 2131 0.281850512 0.179550565 0.331739675 0 0 0
B@CP 2133 -0.0216544379 0.245885992 0.404619757 0 0 0
B@CP 2134 -0.0502377955 -0.154432513 0.312160422 0 0 0
B@CP 2136 -0.234900374 0.0229574162 0.314388899 0 0 0
B@CP 2141 0.460135659 -0.0242572864 -0.0286104327 0 0 0
B@CP 2144 0.191438406 0.3689585 -0.127285321 0 0 0
B@CP 2145 0.0847407348 -0.144197482 0.169142308 0 0 0
B@CP 2149 -0.154498591 0.323302256 0.181070165 0 0 0
B@CP 2154 0.105710706 0.372180921 -0.0301683324 0 0 0
B@CP 2161 -0.303172361 -0.137304155 -0.137739236 0 0 0
B@CP 2164 -0.00958910754 -0.434408134 0.0549453586 0 0 0
B@CP 2166 -0.168719106 -0.263890443 -0.05586117 0 0 0
B@CP 2168 0.18153357 -0.0163530902 0.0615845889 0 0 0
B@CP 2169 -0.181910546 0.0366174413 0.0910094546 0 0 0
B@CP 2175 -0.0324480972 0.365078299 -0.19997993 0 0 0
B@CP 2177 0.335307538 0.21930361 0.116677356 0 0 0
B@CP 2182 -0.00748883185 -0.272903463 -0.168000693 0 0 0
B@CP 2186 -0.313777334 0.263054608 -0.148780891 0 0 0
B@CP 2188 -0.00953420062 -0.125614147 -0.332983994 0 0 0
B@CP 2203 0.326374795 -0.0144565788 0.0435046763 0 0 0
B@CP 2205 -0.171030995 0.224687539 -0.0844255789 0 0 0
B@CP 2207 0.380908513 0.0103375394 -0.0771312921 0 0 0
B@CP 2208 0.0885687175 -0.0356967031 -0.366549288 0 0 0
B@CP 2213 0.310502365 -0.172960479 0.0273900816 0 0 0
B@CP 2215 0.02531519 0.213060211 -0.0538682206 0 0 0
B@CP 2217 0.20607718 0.132847224 -0.0965404332 0 0 0
B@CP 2220 0.0034875859 0.269744556 -0.359155925 0 0 0
B@CP 2221 -0.026183628 0.279824979 0.276380336 0 0 0
B@CP 2222 -0.162464157 -0.23855706 -0.174559956 0 0 0
B@CP 2225 -0.0304975132 -0.414008865 0.150272915 0 0 0
B@CP 2226 0.062787883 0.035354251 0.137418556 0 0 0
B@CP 2228 -0.217428317 -0.328504366 -0.0674293142 0 0 0
B@CP 2230 -0.260832461 0.228488126 0.0386268184 0 0 0
B@CP 2233 0.218451743 -0.0297552811 -0.32271484 0 0 0
B@CP 2234 -0.399553341 0.0340654655 0.0447265251 0 0 0
B@CP 2248 -0.143534663 -0.119561331 0.155904409 0 0 0
B@CP 2250 -0.180887057 0.122549045 0.107153317 0 0 0
B@CP 2251 0.0331234384 -0.463084425 0.0209653282 0 0 0
B@CP 2252 -0.41912614 0.041661081 0.101465008 0 0 0
B@CP 2254 0.222905548 -0.307707937 -0.0334744746 0 0 0
B@CP 2255 0.13077661 0.144510263 0.3987693 0 0 0
B@CP 2256 0.383904516 -0.105558922 0.0173202729 0 0 0
B@CP 2263 -0.244393537 -0.0747541645 -0.36780264 0 0 0
B@CP 2267 0.118363881 -0.335577147 0.0396634726 0 0 0
B@CP 2271 -0.32941417 0.176105635 0.21662386 0 0 0
B@CP 2272 0.0601253353 0.0937205394 -0.277042184 0 0 0
B@CP 2273 0.0956188466 0.2244917 -0.277715681 0 0 0
B@CP 2275 0.391349903 -0.0367366404 0.068898287 0 0 0
B@CP 2279 -0.286615386 0.0697985162 0.362854915 0 0 0
B@CP 2282 0.243349186 -0.163444414 -0.160715982 0 0 0
B@CP 2284 0.0262115602 0.128255079 -0.262901125 0 0 0
B@CP 2285 0.242270692 -0.0356031192 -0.175109867 0 0 0
B@CP 2293 0.317248875 -0.27535876 -0.0854036981 0 0 0
B@CP 2299 0.149500029 0.0569389202 0.102053616 0 0 0
B@CP 2300 0.261832492 0.00415733805 0.308199785 0 0 0
B@CP 2301 -0.365786047 0.0667973863 0.0125900715 0 0 0
B@CP 2303 0.276791509 0.173607012 -0.040115995 0 0 0
B@CP 2305 0.3327358 -0.265197146 -0.0759891064 0 0 0
B@CP 2309 -0.370873201 -0.0716273934 -0.216373447 0 0 0
B@CP 2313 0.0174213568 0.157789799 -0.128115253 0 0 0
B@CP 2315 -0.433472765 0.0865576026 -0.0841822468 0 0 0
B@CP 2320 0.115732847 0.448802605 -0.0566906015 0 0 0
B@CP 2325 -0.225023138 0.133379787 -0.0669903642 0 0 0
B@CP 2329 -0.0921365439 0.323953276 -0.0365231955 0 0 0
B@CP 2331 0.133655185 -0.0514380345 0.0467774492 0 0 0
B@CP 2332 -0.158312023 -0.264439119 -0.0404478436 0 0 0
B@CP 2333 0.0909544768 -0.348698789 -0.310515389 0 0 0
B@CP 2335 -0.343818175 -0.283868297 0.113715891 0 0 0
B@CP 2336 0.0226435234 0.2469854 -0.323816173 0 0 0
B@CP 2340 0.0152502798 -0.22332493 0.122912284 0 0 0
B@CP 2343 0.247800871 0.163224986 -0.377073034 0 0 0
B@CP 2346 -0.0150360352 -0.181352809 -0.439637833 0 0 0
B@CP 2348 0.0887615742 -0.344438999 -0.151006592 0 0 0
B@CP 2350 0.198093534 0.357345911 0.113901801 0 0 0
B@CP 2351 0.168687117 -0.342134865 -0.0301434351 0 0 0
B@CP 2352 -0.16931862 0.170245503 0.405483561 0 0 0
B@CP 2356 0.117080946 -0.365813995 -0.05662372 0 0 0
B@CP 2357 -0.0967641342 -0.439091571 0.108264807 0 0 0
B@CP 2359 -0.387452998 0.180776087 -0.125440341 0 0 0
B@CP 2363 -0.0915595308 -0.343731275 -0.173575226 0 0 0
B@CP 2365 0.0616757923 -0.109209399 -0.302101523 0 0 0
B@CP 2368 0.0725772867 -0.0645670615 -0.367878956 0 0 0
B@CP 2369 -0.183881197 -0.273089454 0.16389553 0 0 0
B@CP 2370 0.0433822238 -0.0690286848 -0.228833149 0 0 0
B@CP 2372 -0.10927699 -0.177919871 -0.224307294 0 0 0
B@CP 2373 0.193325367 -0.397572449 0.101284098 0 0 0
B@CP 2376 0.224829798 0.152507951 -0.310745201 0 0 0
B@CP 2381 0.0709086309 -0.0349037388 -0.254636458 0 0 0
B@CP 2382 -0.0632485449 0.275234377 -0.212932251 0 0 0
B@CP 2383 -0.0689701751 0.0920768797 0.0576121115 0 0 0
B@CP 2386 0.253814263 -0.167708035 -0.350097812 0 0 0
B@CP 2388 -0.159907199 0.0593961608 0.34069423 0 0 0
B@CP 2392 0.0871400986 -0.0580452873 0.314258261 0 0 0
B@CP 2395 -0.159045751 -0.339076795 -0.267340687 0 0 0
B@CP 2397 0.137269026 -0.126451662 0.368061418 0 0 0
B@CP 2400 0.359026166 -0.119221012 -0.122588491 0 0 0
B@CP 2402 0.146289475 -0.143523628 -0.377913441 0 0 0
B@CP 2405 0.0672699599 0.204476228 0.243245897 0 0 0
B@CP 2411 0.0540312366 0.233192268 0.181540876 0 0 0
B@CP 2413 0.329311411 0.143336691 0.209860841 0 0 0
B@CP 2416 -0.349118581 -0.0569631088 -0.0055660883 0 0 0
B@CP 2421 0.329587002 -0.0311357581 0.258209918 0 0 0
B@CP 2437 0.266479126 -0.0825791632 0.262152536 0 0 0
B@CP 2441 -0.188498633 -0.0532955239 -0.401514568 0 0 0
B@CP 2456 -0.0621913178 0.216285242 -0.195566002 0 0 0
B@CP 2457 0.293897515 -0.0444638836 -0.261081445 0 0 0
B@CP 2459 -0.222248107 0.0580531884 0.196264085 0 0 0
B@CP 2460 -0.222235978 -0.00780509195 -0.157840807 0 0 0
B@CP 2461 0.212193833 -0.345616115 0.0412822934 0 0 0
B@CP 2462 -0.0272759792 -0.184233758 -0.122263883 0 0 0
B@CP 2467 0.0360873673 0.0379724193 0.345378587 0 0 0
B@CP 2471 -0.0713889504 0.308142858 0.148978835 0 0 0
B@CP 2475 -0.128611827 -0.0404885406 0.145047822 0 0 0
B@CP 2477 0.170407042 0.420820602 -0.0533824108 0 0 0
B@CP 2481 0.026901907 -0.189465028 0.0974234882 0 0 0
B@CP 2487 -0.119904819 0.142528072 -0.183567273 0 0 0
B@CP 2492 -0.0746723231 -0.341712943 -0.294845656 0 0 0
C@CP 2500 0.190571451 -0.0511310213 -0.0447867342 0 0 0
C@CP 2501 -0.108812621 -0.128348328 -0.386505 0 0 0
C@CP 2502 0.222047992 -0.0490504797 -0.111588613 0 0 0
C@CP 2503 0.189121392 0.290395729 0.0172340233 0 0 0
C@CP 2504 -0.328140818 0.045329319 0.321381562 0 0 0
C@CP 2505 -0.341314541 -0.222299784 0.0635831542 0 0 0
C@CP 2506 -0.142581214 0.360179927 0.241068018 0 0 0
C@CP 2507 -0.332937544 -0.213670922 0.204774791 0 0 0
C@CP 2508 0.374373414 0.0813076796 -0.115569201 0 0 0
C@CP 2509 -0.200537775 -0.140297315 0.145576409 0 0 0
C@CP 2510 0.0865226649 0.175481663 -0.00571934957 0 0 0
C@CP 2511 0.0647228478 -0.247122709 0.167418986 0 0 0
C@CP 2512 -0.0446976165 -0.0493514092 -0.438407242 0 0 0
C@CP 2513 -0.109169136 -0.216041157 -0.32972102 0 0 0
C@CP 2514 -0.270479255 -0.101997466 -0.00572097048 0 0 0
C@CP 2515 -0.04862935 -0.0393668174 -0.0852658399 0 0 0
C@CP 2516 0.260797271 0.271909164 0.0741227818 0 0 0
C@CP 2517 -0.368660733 0.065512993 -0.210083731 0 0 0
C@CP 2518 0.104622537 -0.0901594809 -0.361070571 0 0 0
C@CP 2519 0.185170755 0.238140128 0.321426341 0 0 0
C@CP 2520 -0.275634605 -0.100890553 -0.0535730213 0 0 0
C@CP 2521 -0.220149941 0.190022184 0.0232355089 0 0 0
C@CP 2522 -0.00581013949 -0.299308395 -0.0168914923 0 0 0
C@CP 2523 0.0860297461 -0.190083753 -0.164605908 0 0 0
C@CP 2524 -0.153839866 -0.108554151 -0.174771777 0 0 0
C@CP 2525 -0.332354606 -0.10394075 -0.0318309176 0 0 0
C@CP 2526 -0.198477782 -0.184581335 -0.288732781 0 0 0
C@CP 2527 0.387479148 0.0770457678 -0.0016391561 0 0 0
C@CP 2528 0.21618307 0.194330791 -0.180220389 0 0 0
C@CP 2529 0.110301783 0.16046813 0.165565847 0 0 0
C@CP 2530 -0.190450713 0.175298229 -0.35949861 0 0 0
C@CP 2531 0.112990182 0.0518180937 -0.346086296 0 0 0
C@CP 2532 0.10130867 -0.146483899 -0.0499870738 0 0 0
C@CP 2533 0.176423763 -0.257715897 -0.265238961 0 0 0
C@CP 2534 -0.320648388 -0.138966561 0.105530029 0 0 0
C@CP 2535 -0.156886777 -0.353947055 -0.263145427 0 0 0
C@CP 2536 0.335166981 -0.142970597 0.00243082831 0 0 0
C@CP 2537 -0.138741438 -0.272229668 0.220520416 0 0 0
C@CP 2538 0.0600937149 -0.213786089 0.228536073 0 0 0
C@CP 2539 -0.0515074851 -0.044641973 -0.26733548 0 0 0
C@CP 2540 -0.119672196 0.159666299 -0.145935052 0 0 0
C@CP 2541 -0.306121736 0.0996413181 0.288106962 0 0 0
C@CP 2542 0.221133955 -0.231329458 0.0428033666 0 0 0
C@CP 2543 0.377313574 -0.076710266 -0.193538021 0 0 0
C@CP 2544 0.0733324283 -0.278101529 0.289313263 0 0 0
C@CP 2545 0.310126996 0.00218317013 -0.19809885 0 0 0
C@CP 2546 -0.188956145 -0.231470732 0.110183021 0 0 0
C@CP 2547 0.0432041608 -0.158311577 -0.197889749 0 0 0
C@CP 2548 -0.205916335 -0.214072879 -0.352808951 0 0 0
C@CP 2549 0.373015752 -0.0817115908 0.0445271962 0 0 0
C@CP 2550 0.183954295 -0.119472517 -0.350109416 0 0 0
C@CP 2551 -0.0739035886 -0.158007937 0.0660876233 0 0 0
C@CP 2552 0.050164405 -0.0608689194 -0.403730417 0 0 0
C@CP 2553 -0.00331182221 0.327257006 -0.327899773 0 0 0
C@CP 2554 0.0742457677 0.240633141 0.0694585208 0 0 0
C@CP 2555 -0.307151009 0.272544274 -0.035234446 0 0 0
C@CP 2556 0.176623721 0.0188750747 -0.339528781 0 0 0
C@CP 2557 -0.201272263 -0.021423984 -0.0968861781 0 0 0
C@CP 2558 0.341238514 0.140628212 0.174760568 0 0 0
C@CP 2559 0.15549486 0.108601326 -0.309315839 0 0 0
C@CP 2560 -0.377038264 -0.20049973 0.0268124581 0 0 0
C@CP 2561 0.230871754 0.115233817 0.375720942 0 0 0
C@CP 2562 -0.0994200697 0.0282169135 -0.00252064776 0 0 0
C@CP 2563 -0.131487645 -0.13422689 0.3701114 0 0 0
C@CP 2564 0.124046571 -0.105239232 0.135024377 0 0 0
C@CP 2565 0.140503904 0.0219479109 -0.0496872725 0 0 0
C@CP 2566 0.056781239 -0.353952013 -0.14883532 0 0 0
C@CP 2567 -0.0594915833 0.0868397514 -0.161644834 0 0 0
C@CP 2568 0.327991037 0.333549357 -0.0393370116 0 0 0
C@CP 2569 0.10646349 -0.150624331 0.0568219331 0 0 0
C@CP 2570 -0.10300567 0.393838558 -0.0170907019 0 0 0
C@CP 2571 -0.0158796723 -0.0434198545 -0.30768639 0 0 0
C@CP 2572 0.407773249 -0.0374135477 -0.229715041 0 0 0
C@CP 2573 0.138573088 0.0999902281 -0.00574974211 0 0 0
C@CP 2574 -0.04443207 0.316753844 -0.140548876 0 0 0
C@CP 2575 0.245068658 0.187058691 0.0330497131 0 0 0
C@CP 2576 0.442377841 -0.0703615337 -0.0081036172 0 0 0
C@CP 2577 0.355702304 -0.0814564487 0.0159965667 0 0 0
C@CP 2578 -0.249882977 -0.204195979 0.130538839 0 0 0
C@CP 2579 0.162640549 -0.323634255 -0.11586262 0 0 0
C@CP 2580 0.203544621 0.136876573 -0.273123606 0 0 0
C@CP 2581 -0.214238481 -0.0898987544 -0.353296765 0 0 0
C@CP 2582 0.391443598 0.249098026 -0.110445798 0 0 0
C@CP 2583 0.00998623608 0.282960362 -0.245993175 0 0 0
C@CP 2584 -0.133555877 0.174448522 -0.354804746 0 0 0
C@CP 2585 -0.404682991 -0.102953451 0.103295238 0 0 0
C@CP 2586 0.351294275 -0.102199907 -0.011148061 0 0 0
C@CP 2587 0.229810651 0.0782674332 -0.34567043 0 0 0
C@CP 2588 0.421800557 0.0158484796 0.124743548 0 0 0
C@CP 2589 0.191235501 -0.0904664028 0.176037741 0 0 0
C@CP 2590 -0.363549004 -0.110789278 -0.245049564 0 0 0
C@CP 2591 -0.290422592 0.301250347 -0.0150420212 0 0 0
C@CP 2592 0.123436528 0.204974774 -0.336659263 0 0 0
C@CP 2593 0.23860127 0.0688415038 0.265046865 0 0 0
C@CP 2594 0.214215918 -0.0186484192 0.248481465 0 0 0
C@CP 2595 -0.133497829 -0.172947504 -0.143839804 0 0 0
C@CP 2596 0.308756838 0.164171715 0.184195011 0 0 0
C@CP 2597 -0.0546821552 0.206564141 0.0141813661 0 0 0
C@CP 2598 -0.204475468 0.0332390503 0.165882408 0 0 0
C@CP 2599 0.346998064 0.0535362979 -0.0944834824 0 0 0
C@CP 2600 -0.22506882 0.083360642 -0.134797634 0 0 0
C@CP 2601 0.0570992387 0.0210915857 -0.440199717 0 0 0
C@CP 2602 -0.082271315 0.186686318 -0.169639485 0 0 0
C@CP 2603 0.171920172 0.345107162 0.111346157 0 0 0
C@CP 2604 -0.151228716 -0.21869141 0.179206617 0 0 0
C@CP 2605 -0.357772417 0.133028538 -0.0521877722 0 0 0
C@CP 2606 -0.180046942 -0.337928387 0.139989727 0 0 0
C@CP 2607 -0.085899556 -0.330257311 -0.289896999 0 0 0
C@CP 2608 0.119426196 0.255535791 -0.336337937 0 0 0
C@CP 2609 0.390653566 0.215391001 0.0183477148 0 0 0
C@CP 2610 0.169700377 -0.0335531447 0.251227655 0 0 0
C@CP 2611 0.188782705 -0.0906372535 0.0860330521 0 0 0
C@CP 2612 0.0697763509 0.309850801 0.00816578425 0 0 0
C@CP 2613 -0.227628878 -0.278418403 0.204859982 0 0 0
C@CP 2614 0.0740927666 -0.00563802887 0.33738297 0 0 0
C@CP 2615 0.333864831 -0.00964686577 0.0906379419 0 0 0
C@CP 2616 -0.138208688 0.337171996 0.191068671 0 0 0
C@CP 2617 0.361037424 -0.106346891 -0.178774097 0 0 0
C@CP 2618 0.0733011952 0.346518204 -0.0873525134 0 0 0
C@CP 2619 0.0650485436 -0.0103708965 0.044759422 0 0 0
C@CP 2620 0.00591087836 0.396057809 -0.192287707 0 0 0
C@CP 2621 -0.0399042666 0.104979355 -0.180229102 0 0 0
C@CP 2622 -0.0307383371 -0.433347076 -0.137149939 0 0 0
C@CP 2623 0.173762415 -0.142576045 -0.123637924 0 0 0
C@CP 2624 -0.0169755096 -0.405366852 0.143673801 0 0 0
C@CP 2625 -0.186980418 0.0463409759 -0.0720219101 0 0 0
C@CP 2626 -0.246049563 0.318036769 0.229525852 0 0 0
C@CP 2627 0.166541555 -0.412636645 0.149269747 0 0 0
C@CP 2628 0.0200736178 0.219274539 -0.145009301 0 0 0
C@CP 2629 -0.134314712 -0.235631905 0.110734025 0 0 0
C@CP 2630 -0.0555548793 0.243992068 -0.182014031 0 0 0
C@CP 2631 -0.272383146 0.166114261 0.325920916 0 0 0
C@CP 2632 -0.319834725 -0.0763405529 0.297321104 0 0 0
C@CP 2633 -0.240571521 0.155455809 -0.073572851 0 0 0
C@CP 2634 0.14914885 -0.273079141 -0.128436403 0 0 0
C@CP 2635 -0.292201171 0.0540844633 0.0995470868 0 0 0
C@CP 2636 0.0802549768 -0.0743786358 0.410210188 0 0 0
C@CP 2637 0.210601414 -0.091292553 0.187832008 0 0 0
C@CP 2638 0.130869144 0.359097558 -0.0807107154 0 0 0
C@CP 2639 -0.219089418 -0.0722303093 -0.320224001 0 0 0
C@CP 2640 -0.0315220601 0.220595702 0.236159971 0 0 0
C@CP 2641 0.113695079 -0.288100601 0.294200092 0 0 0
C@CP 2642 0.198114104 0.225998319 -0.33020431 0 0 0
C@CP 2643 0.0644510417 0.337142076 0.259598735 0 0 0
C@CP 2644 0.256586917 0.136998072 0.126783282 0 0 0
C@CP 2645 -0.241779905 0.246489507 0.251999436 0 0 0
C@CP 2646 -0.0677445016 0.103074639 -0.259113758 0 0 0
C@CP 2647 -0.0671085001 -0.359119761 -0.122739044 0 0 0
C@CP 2648 0.220445727 -0.100811346 -0.00769428391 0 0 0
C@CP 2649 -0.238398027 -0.136754301 -0.172781756 0 0 0
C@CP 2650 0.449969344 0.0986436521 -0.0388662605 0 0 0
C@CP 2651 -0.169393712 -0.183322557 -0.0885092434 0 0 0
C@CP 2652 -0.261092807 0.0702744304 0.0499525556 0 0 0
C@CP 2653 0.00476184467 0.293172202 0.316717863 0 0 0
C@CP 2654 -0.385962913 -0.00683296766 -0.276171977 0 0 0
C@CP 2655 -0.00476501365 0.105262946 -0.17503708 0 0 0
C@CP 2656 0.194130921 0.0307721822 -0.0146800364 0 0 0
C@CP 2657 0.0492613551 -0.131905258 -0.208166431 0 0 0
C@CP 2658 0.0514234732 0.200015241 -0.055034155 0 0 0
C@CP 2659 0.209036983 -0.326171685 -0.0434868564 0 0 0
C@CP 2660 0.100150794 -0.285556519 -0.116267103 0 0 0
C@CP 2662 -0.322426389 0.0878178996 0.0814478744 0 0 0
C@CP 2663 0.0944053277 0.0577652122 -0.0245725644 0 0 0
C@CP 2664 0.145185631 -0.0193673839 0.197390357 0 0 0
C@CP 2665 -0.108907385 0.323270176 -0.0445853945 0 0 0
C@CP 2666 -0.301610176 0.0833411682 -0.18029433 0 0 0
C@CP 2667 -0.202333848 0.0823942166 -0.05147261 0 0 0
C@CP 2668 -0.350872548 -0.234694751 0.00744329615 0 0 0
C@CP 2669 -0.196455324 -0.183314431 -0.25973425 0 0 0
C@CP 2670 -0.288319207 0.063464406 -0.00802143273 0 0 0
C@CP 2671 -0.204132165 0.0584063954 -0.317458611 0 0 0
C@CP 2672 0.0182410626 -0.0320027046 0.438773356 0 0 0
C@CP 2673 0.0283634477 -0.178868202 -0.113108826 0 0 0
C@CP 2674 0.102405398 -0.122581239 0.0573670077 0 0 0
C@CP 2675 0.0662464135 0.1875053 -0.345000909 0 0 0
C@CP 2676 0.173803854 -0.20694146 0.328887025 0 0 0
C@CP 2677 0.181219931 0.0918598666 0.303289088 0 0 0
C@CP 2678 0.389348802 0.0376993316 0.27094048 0 0 0
C@CP 2679 -0.0527726644 0.108077029 -0.151229347 0 0 0
C@CP 2680 -0.230731024 -0.373834806 -0.0110845775 0 0 0
C@CP 2681 -0.14917607 -0.293300816 -0.234898095 0 0 0
C@CP 2682 0.108763752 0.225845176 -0.249604117 0 0 0
C@CP 2683 0.104699219 0.38919937 0.0601428527 0 0 0
C@CP 2684 -0.0632899321 -0.311092001 0.207727019 0 0 0
C@CP 2685 0.0350349959 0.377087345 -0.142675827 0 0 0
C@CP 2686 -0.252967622 -0.23260586 0.261247167 0 0 0
C@CP 2687 0.201161009 -0.235005389 -0.172854238 0 0 0
C@CP 2688 -0.0400100486 -0.166708179 0.0367795283 0 0 0
C@CP 2689 0.255617508 0.254223191 0.090185585 0 0 0
C@CP 2690 0.161830689 -0.279526102 -0.291626769 0 0 0
C@CP 2691 -0.313550018 -0.329840666 0.026498788 0 0 0
C@CP 2692 0.257636662 0.239236395 0.0927518161 0 0 0
C@CP 2693 -0.224482335 0.371709382 0.171478374 0 0 0
C@CP 2694 -0.0763530764 0.176579027 0.34242586 0 0 0
C@CP 2695 -0.223026301 -0.0277646243 -0.101095771 0 0 0
C@CP 2696 0.275130292 0.0786668072 0.358179831 0 0 0
C@CP 2697 -0.127048176 -0.115668216 -0.356309321 0 0 0
C@CP 2698 0.117103027 -0.124307237 0.17333474 0 0 0
C@CP 2699 0.237295267 -0.090831438 -0.13297355 0 0 0
C@CP 2700 0.44832618 -0.0719455147 0.0925499288 0 0 0
C@CP 2701 0.137946389 -0.35595691 0.0136390657 0 0 0
C@CP 2702 -0.388217173 -0.242290161 0.111762221 0 0 0
C@CP 2703 0.116533174 -0.0564640135 0.0393888252 0 0 0
C@CP 2704 0.247621689 -0.28477435 0.200851254 0 0 0
C@CP 2705 -0.308449365 -0.290938967 0.11099189 0 0 0
C@CP 2706 0.00543855433 -0.0190399531 -0.0581298303 0 0 0
C@CP 2707 -0.243574017 -0.196729012 -0.0730011106 0 0 0
C@CP 2708 0.122145974 -0.440024139 0.0803566055 0 0 0
C@CP 2709 0.375655496 0.13978528 0.196050555 0 0 0
C@CP 2710 0.406908424 0.0478625043 0.081475324 0 0 0
C@CP 2711 0.0433893264 0.348136933 0.104748227 0 0 0
C@CP 2712 0.100139854 0.341975716 -0.250078138 0 0 0
C@CP 2713 0.133568341 -0.195947603 -0.241144625 0 0 0
C@CP 2714 0.394954833 -0.025532505 -0.166876636 0 0 0
C@CP 2715 0.332107267 -0.0567315129 -0.039896703 0 0 0
C@CP 2716 -0.183578837 -0.10795716 -0.215954569 0 0 0
C@CP 2717 0.00531398448 0.262664594 -0.366053923 0 0 0
C@CP 2718 -0.352338794 0.0161760733 -0.0662695178 0 0 0
C@CP 2719 -0.337511275 0.0806781654 0.0285011402 0 0 0
C@CP 2720 0.334553649 -0.145967508 -0.00845426176 0 0 0
C@CP 2721 0.059243256 0.050651574 0.388321362 0 0 0
C@CP 2722 -0.204884552 -0.116015483 0.0427301442 0 0 0
C@CP 2723 0.130671091 0.346124344 0.133532757 0 0 0
C@CP 2724 -0.188162157 -0.177931188 0.336867736 0 0 0
C@CP 2725 -0.369634956 0.00592594125 -0.263663316 0 0 0
C@CP 2726 0.202502504 0.434842727 -0.0031995944 0 0 0
C@CP 2727 -0.263002427 0.158318373 0.158927717 0 0 0
C@CP 2728 0.292583537 0.0763295877 -0.046686308 0 0 0
C@CP 2729 0.0592632477 -0.195143428 0.0744941743 0 0 0
C@CP 2730 0.327071429 0.19189059 0.172699713 0 0 0
C@CP 2731 -0.333446896 0.0925719025 -0.12122099 0 0 0
C@CP 2732 0.120211505 0.0487118813 -0.149535964 0 0 0
C@CP 2733 -0.13445854 -0.297017395 -0.10580434 0 0 0
C@CP 2734 0.263183072 0.104096124 -0.106919388 0 0 0
C@CP 2735 0.280190304 -0.127362422 0.235675421 0 0 0
C@CP 2736 -0.112235515 -0.0695246766 -0.327052363 0 0 0
C@CP 2737 0.0262273517 -0.089582592 0.0502197193 0 0 0
C@CP 2738 -0.138150374 0.0687005852 -0.141360094 0 0 0
C@CP 2739 0.287653167 0.356020478 0.0472978597 0 0 0
C@CP 2740 -0.104576155 0.121438185 0.0752724513 0 0 0
C@CP 2741 -0.173813992 0.222791737 0.209991976 0 0 0
C@CP 2742 0.30635385 0.265728693 0.120745318 0 0 0
C@CP 2743 0.251943004 0.179381702 0.0710269659 0 0 0
C@CP 2744 -0.158280201 0.190607218 0.140660777 0 0 0
C@CP 2745 -0.0676555835 -0.0201511065 -0.177813803 0 0 0
C@CP 2746 -0.162847697 -0.390067282 0.145893397 0 0 0
C@CP 2747 -0.0848409397 0.10862319 0.263527452 0 0 0
C@CP 2748 -0.220701076 0.199543367 0.042870985 0 0 0
C@CP 2749 -0.101889022 -0.0373634883 0.397235641 0 0 0
C@CP 2750 -0.182312705 0.18614097 -0.287518731 0 0 0
C@CP 2751 0.121157194 -0.453714134 -0.00476128029 0 0 0
C@CP 2752 0.328032508 0.0311491742 -0.302757411 0 0 0
C@CP 2753 -0.193458888 -0.151077693 -0.253274872 0 0 0
C@CP 2754 0.273620831 0.226854104 0.294417205 0 0 0
C@CP 2755 -0.0559789944 -0.32277731 -0.0904878313 0 0 0
C@CP 2756 -0.108159261 0.129739553 0.115142916 0 0 0
C@CP 2757 -0.275000109 -0.176240366 -0.140987619 0 0 0
C@CP 2758 -0.000434463382 0.414297832 -0.138004475 0 0 0
C@CP 2759 0.0536885409 -0.42538605 0.077032587 0 0 0
C@CP 2760 0.39631762 -0.126392811 -0.114492282 0 0 0
C@CP 2761 -0.0252754426 0.277693731 -0.293840258 0 0 0
C@CP 2762 -0.280451728 0.291152055 0.043000366 0 0 0
C@CP 2763 -0.00351945158 0.081174862 0.458884873 0 0 0
C@CP 2764 0.204443728 0.249610338 -0.0632033945 0 0 0
C@CP 2765 0.279905038 0.259212365 0.259833884 0 0 0
C@CP 2766 0.007619961 0.0818613 -0.413993999 0 0 0
C@CP 2767 -0.0169995003 -0.182074315 0.182689372 0 0 0
C@CP 2768 -0.280205337 -0.010004657 -0.12245698 0 0 0
C@CP 2769 0.0656062396 0.319294866 -0.0441932451 0 0 0
C@CP 2770 -0.029121887 0.331522567 0.101496707 0 0 0
C@CP 2771 0.148679779 -0.157509154 -0.132644657 0 0 0
C@CP 2772 0.243151888 -0.277116024 0.275201905 0 0 0
C@CP 2773 -0.214759423 0.254472248 0.293424824 0 0 0
C@CP 2774 -0.195190743 -0.0508296982 0.153046173 0 0 0
C@CP 2775 0.402175808 -0.222532481 -0.086864866 0 0 0
C@CP 2776 0.202796661 -0.211234165 -0.106230502 0 0 0
C@CP 2777 -0.0154062738 0.176942829 -0.0772296258 0 0 0
C@CP 2778 0.364817544 -0.0406659198 -0.278424522 0 0 0
C@CP 2779 0.0522985801 -0.348932431 0.294753616 0 0 0
C@CP 2780 -0.262856251 -0.0467420902 0.374350059 0 0 0
C@CP 2781 0.394150005 0.122083633 0.0875012588 0 0 0
C@CP 2782 -0.240939725 0.196482449 0.268592758 0 0 0
C@CP 2783 -0.291450645 0.298635441 0.121532501 0 0 0
C@CP 2784 0.354150678 0.246112189 -0.0480921581 0 0 0
C@CP 2785 -0.0502263444 -0.0471446224 -0.37079589 0 0 0
C@CP 2786 0.111945916 0.117302686 -0.0187966299 0 0 0
C@CP 2787 -0.213987627 0.0705436273 -0.389961256 0 0 0
C@CP 2788 -0.0391490279 -0.0378782042 -0.00222993817 0 0 0
C@CP 2789 0.014228732 0.186841092 0.039290975 0 0 0
C@CP 2790 -0.0179347535 0.302005056 -0.046151325 0 0 0
C@CP 2791 -0.391645357 0.107877182 0.111786202 0 0 0
C@CP 2792 -0.102919935 0.414546792 0.196649228 0 0 0
C@CP 2793 0.150143817 -0.25736502 -0.315046229 0 0 0
C@CP 2794 -0.243624089 0.000404542448 -0.200076187 0 0 0
C@CP 2795 0.209123183 -0.141969699 -0.0885294312 0 0 0
C@CP 2796 -0.0227256548 0.284245714 0.129835486 0 0 0
C@CP 2797 0.0583901896 -0.217334297 0.0593257349 0 0 0
C@CP 2798 -0.100994462 -0.0702752877 -0.305342621 0 0 0
C@CP 2799 -0.0394341581 0.228988552 -0.191710547 0 0 0
C@CP 2800 -0.076924523 -0.447335006 -0.0728536766 0 0 0
C@CP 2801 0.0150312903 -0.0324640804 0.00949666828 0 0 0
C@CP 2802 -0.0839125028 -0.316000032 0.260056431 0 0 0
C@CP 2803 -0.27923904 0.378044895 0.0253737307 0 0 0
C@CP 2804 0.114388854 0.322485438 -0.202822368 0 0 0
C@CP 2805 -0.411317618 -0.172982806 -0.052089116 0 0 0
C@CP 2806 -0.116951603 -0.0225974346 -0.283064977 0 0 0
C@CP 2807 -0.337814386 -0.299273047 -0.10252545 0 0 0
C@CP 2808 -0.0122609913 -0.310016179 0.127720972 0 0 0
C@CP 2809 -0.0963947592 -0.105793713 0.320222658 0 0 0
C@CP 2810 0.189563012 -0.259961617 0.151107396 0 0 0
C@CP 2811 0.344439027 -0.227539161 -0.223671123 0 0 0
C@CP 2812 -0.120753063 0.0893192458 -0.135936701 0 0 0
C@CP 2813 0.303405233 -0.0480646072 -0.0450926831 0 0 0
C@CP 2814 -0.128572383 0.0414965176 -0.0506609927 0 0 0
C@CP 2815 0.215715329 -0.108606605 0.176590112 0 0 0
C@CP 2816 0.243735063 -0.102061614 -0.351726124 0 0 0
C@CP 2817 -0.346302893 0.267260816 0.0931442982 0 0 0
C@CP 2818 -0.0227365371 0.148586747 0.442304301 0 0 0
C@CP 2819 0.0903817074 -0.358957702 -0.0179361953 0 0 0
C@CP 2820 -0.199690172 -0.150440518 0.300816986 0 0 0
C@CP 2821 -0.224980672 0.168026767 0.391323 0 0 0
C@CP 2822 -0.329406041 0.0682001013 -0.0339872703 0 0 0
C@CP 2823 -0.195422412 -0.189918606 -0.101804719 0 0 0
C@CP 2824 0.047047911 -0.152784743 -0.189659025 0 0 0
C@CP 2825 -0.194028631 -0.225242191 0.345425481 0 0 0
C@CP 2826 0.0365918313 0.102414268 -0.155506029 0 0 0
C@CP 2827 0.0373948956 -0.451469747 -0.0294274773 0 0 0
C@CP 2828 -0.105665971 0.228927669 -0.197473106 0 0 0
C@CP 2829 -0.193184078 0.121730268 -0.171903798 0 0 0
C@CP 2830 -0.215675149 -0.226251598 -0.00633988157 0 0 0
C@CP 2831 0.00474770216 -0.0850499045 0.231130043 0 0 0
C@CP 2832 0.262295675 -0.167998129 -0.188292638 0 0 0
C@CP 2833 0.228718318 0.0946408736 0.324208486 0 0 0
C@CP 2834 0.397477691 -0.185187764 -0.175806123 0 0 0
C@CP 2835 -0.0912334389 0.183253689 0.026077641 0 0 0
C@CP 2836 -0.00941261572 -0.262344654 -0.0738792267 0 0 0
C@CP 2837 -0.261362446 -0.0480126686 0.118851795 0 0 0
C@CP 2838 0.282147051 0.264355388 -0.0691256628 0 0 0
C@CP 2839 0.243164484 0.34014468 0.0744256138 0 0 0
C@CP 2840 0.256571396 -0.0060340943 -0.346120174 0 0 0
C@CP 2841 -0.105828955 -0.107858905 0.182912422 0 0 0
C@CP 2842 0.155200389 0.0302139833 0.426295872 0 0 0
C@CP 2843 0.141035863 0.359072741 0.210302766 0 0 0
C@CP 2844 -0.0896231151 0.172270303 0.122464609 0 0 0
C@CP 2845 -0.00199080004 0.0379141264 -0.036422431 0 0 0
C@CP 2846 0.307897341 -0.0991730455 -0.171108321 0 0 0
C@CP 2847 -0.111806934 0.0507590593 -0.250943974 0 0 0
C@CP 2848 0.257378583 0.112932337 -0.226994496 0 0 0
C@CP 2849 0.0267025632 -0.294229682 0.254916441 0 0 0
C@CP 2850 -0.116391356 0.0599972267 0.134337134 0 0 0
C@CP 2851 -0.173549012 0.324979568 0.231878423 0 0 0
C@CP 2852 -0.106340602 -0.135454574 0.372614985 0 0 0
C@CP 2853 0.368558843 -0.107718955 0.0553599028 0 0 0
C@CP 2854 -0.00616297374 -0.269643997 -0.392314293 0 0 0
C@CP 2855 0.0721825208 0.248315964 -0.351089945 0 0 0
C@CP 2856 0.329026218 0.267972317 0.0165497587 0 0 0
C@CP 2857 -0.413576085 0.162394864 0.121167685 0 0 0
C@CP 2858 -0.394477489 -0.126062282 0.0626284601 0 0 0
C@CP 2859 -0.0671118877 -0.0606433371 0.0660109576 0 0 0
C@CP 2860 0.00176491658 0.182258908 0.263039508 0 0 0
C@CP 2861 -0.184422448 -0.17847475 0.382558036 0 0 0
C@CP 2862 0.234518882 0.286848524 -0.0962837761 0 0 0
C@CP 2863 0.0964522459 -0.347778875 0.135508097 0 0 0
C@CP 2864 0.361805509 -0.249271858 0.0434898054 0 0 0
C@CP 2865 0.319973936 -0.313757149 0.0914613708 0 0 0
C@CP 2866 -0.194280846 0.061839818 -0.412372821 0 0 0
C@CP 2867 0.416768459 -0.0138251648 -0.21783216 0 0 0
C@CP 2868 0.272582003 0.142258573 0.150744175 0 0 0
C@CP 2869 0.132686589 0.250583606 0.182159913 0 0 0
C@CP 2870 -0.042811034 0.0177707033 -0.34471557 0 0 0
C@CP 2871 -0.0321109341 0.122755798 0.346723013 0 0 0
C@CP 2872 -0.0167084147 -0.118899782 0.0738765014 0 0 0
C@CP 2873 0.290066218 -0.0126812341 -0.0731553429 0 0 0
C@CP 2874 -0.444811342 0.0450987477 -0.00502929251 0 0 0
C@CP 2875 -0.162010956 0.220624293 -0.0863382922 0 0 0
C@CP 2876 -0.320238663 0.133621805 0.0778668194 0 0 0
C@CP 2877 0.0923746678 -0.0772430661 0.118347058 0 0 0
C@CP 2878 0.368866148 0.0291692271 -0.063158756 0 0 0
C@CP 2879 0.0392097092 0.228618544 0.347507673 0 0 0
C@CP 2880 0.0821719051 -0.422235555 -0.171844632 0 0 0
C@CP 2881 0.314515349 0.0965963042 0.171880633 0 0 0
C@CP 2882 -0.0344880332 -0.377232561 -0.073500787 0 0 0
C@CP 2883 0.0990553508 -0.137772661 -0.392755103 0 0 0
C@CP 2884 0.0375309641 0.262193035 -0.245324901 0 0 0
C@CP 2885 0.0212891988 -0.165576886 -0.086733986 0 0 0
C@CP 2886 -0.236323098 0.228484464 -0.271915526 0 0 0
C@CP 2887 0.212307351 -0.0816326947 -0.284040039 0 0 0
C@CP 2888 0.264820402 -0.211273127 -0.297944968 0 0 0
C@CP 2889 -0.00525126955 0.293693682 0.0911167657 0 0 0
C@CP 2890 -0.0279282068 -0.200392101 -0.419526108 0 0 0
C@CP 2891 0.140820359 0.0194386224 -0.195439498 0 0 0
C@CP 2892 0.323227173 0.163867 0.261890477 0 0 0
C@CP 2893 -0.255598369 0.106079574 -0.0302518937 0 0 0
C@CP 2894 0.0182910972 -0.3726419 -0.069573042 0 0 0
C@CP 2895 0.132225899 -0.219892426 -0.0443599035 0 0 0
C@CP 2896 -0.197872093 0.126800318 -0.400057803 0 0 0
C@CP 2897 -0.401028419 0.0448726203 -0.102991961 0 0 0
C@CP 2898 -0.0530348521 -0.140050571 0.0578004503 0 0 0
C@CP 2899 0.143423206 0.296509771 0.146732462 0 0 0
C@CP 2900 -0.17653605 0.0673321309 -0.28419541 0 0 0
C@CP 2901 0.23033969 0.2548836 0.16128946 0 0 0
C@CP 2902 0.10251722 -0.0395692609 -0.322606829 0 0 0
C@CP 2903 -0.0201118058 0.0763513766 0.234531481 0 0 0
C@CP 2904 -0.0616337697 0.290209991 0.245831284 0 0 0
C@CP 2905 -0.245570592 0.0972532921 0.225972629 0 0 0
C@CP 2906 -0.367236729 0.223392199 -0.0403396298 0 0 0
C@CP 2907 -0.00840716085 0.282946191 -0.0963949292 0 0 0
C@CP 2908 -0.423096728 0.0321056008 -0.165649543 0 0 0
C@CP 2909 0.137883236 0.120725311 -0.000810322942 0 0 0
C@CP 2910 -0.0546381505 -0.33128185 -0.0206356548 0 0 0
C@CP 2911 -0.276545443 0.0570511672 0.288542139 0 0 0
C@CP 2912 -0.186446961 0.279688854 -0.138350426 0 0 0
C@CP 2913 0.154256809 0.346775078 -0.130418636 0 0 0
C@CP 2914 0.0818367334 0.339774332 -0.277236348 0 0 0
C@CP 2915 -0.0176195223 -0.0559901144 0.0268626372 0 0 0
C@CP 2916 0.025242025 -0.249428688 0.243360529 0 0 0
C@CP 2917 0.298275775 -0.257389473 -0.21585519 0 0 0
C@CP 2918 -0.194235734 -0.152501183 -0.217587136 0 0 0
C@CP 2919 0.33272351 0.129601269 -0.0174375924 0 0 0
C@CP 2920 0.0905285376 -0.145987251 0.133261886 0 0 0
C@CP 2921 -0.118347616 -0.272967293 0.0179585943 0 0 0
C@CP 2922 -0.274350094 0.174100671 -0.348232888 0 0 0
C@CP 2923 0.177145732 0.334709924 0.252256265 0 0 0
C@CP 2924 0.413153331 0.0847701828 -0.0911812168 0 0 0
C@CP 2925 -0.352542861 -0.0280661059 0.22194928 0 0 0
C@CP 2926 0.146381708 -0.181690719 -0.226176618 0 0 0
C@CP 2927 0.0384205237 0.0612411964 0.083280895 0 0 0
C@CP 2928 0.186656612 -0.015148562 0.0522255086 0 0 0
C@CP 2929 -0.385637101 -0.181137891 0.146797542 0 0 0
C@CP 2930 0.0116599882 0.223696101 0.405378577 0 0 0
C@CP 2931 -0.269349266 0.003216216 -0.311239766 0 0 0
C@CP 2932 0.197385322 -0.342000559 -0.0182160009 0 0 0
C@CP 2933 -0.108050295 -0.283084315 -0.150318587 0 0 0
C@CP 2934 0.0775350892 -0.0326638801 0.320479893 0 0 0
C@CP 2935 0.150282031 0.249876922 0.232124737 0 0 0
C@CP 2936 0.0770911767 -0.375055647 0.123893086 0 0 0
C@CP 2937 -0.10783349 -0.0044287485 -0.285163978 0 0 0
C@CP 2938 -0.0345119619 0.239063604 -0.09800236 0 0 0
C@CP 2939 -0.334136612 0.0307125266 -0.0968818068 0 0 0
C@CP 2940 -0.246595484 0.166687105 -0.302298327 0 0 0
C@CP 2941 0.00808376256 -0.140582762 0.427301223 0 0 0
C@CP 2942 0.010366273 0.370032828 -0.093411515 0 0 0
C@CP 2943 -0.0149124114 0.129525157 0.13688436 0 0 0
C@CP 2944 -0.378048394 0.142274544 -0.219172906 0 0 0
C@CP 2945 0.106926109 0.183331321 0.406933043 0 0 0
C@CP 2946 0.287847475 0.00374300069 0.00134899725 0 0 0
C@CP 2947 -0.263510606 0.00922706063 -0.315322882 0 0 0
C@CP 2948 0.237722835 -0.332706264 -0.0716046827 0 0 0
C@CP 2949 0.160822147 -0.242873074 -0.171339314 0 0 0
C@CP 2950 -0.148876122 -0.309309827 0.0168480091 0 0 0
C@CP 2951 -0.0939141068 0.0322347911 -0.315720203 0 0 0
C@CP 2952 0.0237049857 -0.279608276 -0.358449703 0 0 0
C@CP 2953 0.233768565 0.231007146 0.143596948 0 0 0
C@CP 2954 0.138248169 0.280301032 0.00206759341 0 0 0
C@CP 2955 -0.0770386733 0.130658127 -0.204708676 0 0 0
C@CP 2956 -0.271367313 0.0670519195 -0.152713712 0 0 0
C@CP 2957 -0.0188758127 -0.112018609 0.0943366553 0 0 0
C@CP 2958 -0.263945037 0.19941791 -0.326258187 0 0 0
C@CP 2959 0.182154041 0.0814799951 0.422960707 0 0 0
C@CP 2960 0.335099425 -0.112421144 -0.103900056 0 0 0
C@CP 2961 0.280079643 -0.00323586476 -0.157130227 0 0 0
C@CP 2962 0.364402887 -0.00206481939 0.0819358209 0 0 0
C@CP 2963 -0.0170276286 -0.182485368 0.1976501 0 0 0
C@CP 2964 0.345675425 0.296428675 -0.120933285 0 0 0
C@CP 2965 0.322568727 -0.000233734191 -0.0172744125 0 0 0
C@CP 2966 -0.0330221651 0.0848023466 -0.0207572417 0 0 0
C@CP 2967 -0.391125382 0.184918753 0.0518402303 0 0 0
C@CP 2968 -0.0121515032 -0.0389555161 0.317092834 0 0 0
C@CP 2969 -0.326118606 0.275076739 0.0533015145 0 0 0
C@CP 2970 0.337395107 -0.155620541 -0.072130188 0 0 0
C@CP 2971 -0.253112476 -0.218142253 0.32437278 0 0 0
C@CP 2972 -0.0508775421 -0.285199107 -0.0402950104 0 0 0
C@CP 2973 -0.0448936295 -0.276834361 -0.339411814 0 0 0
C@CP 2974 -0.166306323 0.169964664 -0.357961943 0 0 0
C@CP 2975 -0.17023522 0.0113713067 0.405928823 0 0 0
C@CP 2976 -0.323079068 -0.329337485 -0.0181111359 0 0 0
C@CP 2977 -0.335974922 0.181307397 0.0890935068 0 0 0
C@CP 2978 -0.148126461 -0.369450133 -0.0722023014 0 0 0
C@CP 2979 0.0693114733 -0.32251434 0.21968391 0 0 0
C@CP 2980 0.356240219 0.153895876 -0.149842559 0 0 0
C@CP 2981 0.337969642 -0.123052702 0.227152007 0 0 0
C@CP 2982 0.115420982 0.154808434 -0.273560552 0 0 0
C@CP 2983 -0.194125503 -0.285518032 0.246349158 0 0 0
C@CP 2984 0.0173435315 -0.0284443212 0.311833107 0 0 0
C@CP 2985 -0.249639142 -0.331815422 -0.213639454 0 0 0
C@CP 2986 -0.126806055 -0.347092513 0.171595252 0 0 0
C@CP 2987 0.0707715605 -0.197535519 0.10661846 0 0 0
C@CP 2988 0.0349973303 -0.0993652585 0.212957277 0 0 0
C@CP 2989 -0.117079594 -0.262223006 0.0622525274 0 0 0
C@CP 2990 0.0689120846 -0.240240369 0.149651457 0 0 0
C@CP 2991 0.219098282 0.186522783 0.193748113 0 0 0
C@CP 2992 0.067462817 0.269999351 -0.0572577308 0 0 0
C@CP 2993 -0.0848103832 -0.270510368 -0.296617165 0 0 0
C@CP 2994 -0.170112712 -0.244451999 0.0626155493 0 0 0
C@CP 2995 -0.0321263607 -0.232058976 0.102024631 0 0 0
C@CP 2996 0.158813727 0.0566429919 0.143153566 0 0 0
C@CP 2997 0.144044049 0.0928796253 -0.423338183 0 0 0
C@CP 2998 0.0800101382 0.289870684 0.202981782 0 0 0
C@CP 2999 -0.275696685 0.126911447 -0.326105649 0 0 0
C@CP 3000 -0.0756494865 0.281142346 -0.348973475 0 0 0
C@CP 3001 -0.192900632 0.0576577848 0.0147862422 0 0 0
C@CP 3002 -0.105599217 -0.0130214254 0.1598348 0 0 0
C@CP 3003 -0.327718448 0.149062899 -0.0216771043 0 0 0
C@CP 3004 -0.343833328 0.187561369 0.0829800178 0 0 0
C@CP 3005 -0.293284183 -0.202770263 -0.0527998753 0 0 0
C@CP 3006 -0.101909172 -0.0636072356 0.17980291 0 0 0
C@CP 3007 0.345243093 -0.101937622 -0.100965964 0 0 0
C@CP 3008 0.352997905 -0.276350196 -0.0961860234 0 0 0
C@CP 3009 -0.179469492 -0.00458203574 0.206223748 0 0 0
C@CP 3010 0.155226598 0.265322046 0.182627306 0 0 0
C@CP 3011 -0.00795702164 -0.210330046 0.233903047 0 0 0
C@CP 3012 0.155583536 -0.158662628 -0.225182388 0 0 0
C@CP 3013 0.209125677 -0.0288073118 -0.36213492 0 0 0
C@CP 3014 -0.305205403 -0.0992955121 0.320899129 0 0 0
C@CP 3015 -0.0420530764 -0.0864228709 0.460721067 0 0 0
C@CP 3016 -0.152804477 0.0644827279 0.00309642886 0 0 0
C@CP 3017 -0.0243069576 0.313514997 0.349660879 0 0 0
C@CP 3018 0.326254696 -0.276135206 0.149297848 0 0 0
C@CP 3019 0.128565055 -0.0444000263 -0.346940835 0 0 0
C@CP 3020 -0.400772257 -0.0359632419 0.130334357 0 0 0
C@CP 3021 0.298720873 0.284601494 -0.0593622679 0 0 0
C@CP 3022 0.0687188129 0.151907745 0.0301975718 0 0 0
C@CP 3023 -0.102960068 0.113917418 0.0462352066 0 0 0
C@CP 3024 -0.261898559 -0.0573213599 0.30829815 0 0 0
C@CP 3025 -0.142945324 0.0370019816 0.15206486 0 0 0
C@CP 3026 0.366771588 -0.151159248 -0.0447388883 0 0 0
C@CP 3027 -0.344702909 0.0370270297 -0.206033801 0 0 0
C@CP 3028 0.0364329271 0.129836304 0.160732275 0 0 0
C@CP 3029 0.293937537 -0.287474428 -0.1176461 0 0 0
C@CP 3030 -0.284378301 -0.119599059 -0.0169395431 0 0 0
C@CP 3031 -0.111110723 0.0642453269 0.281220976 0 0 0
C@CP 3032 -0.0112005891 0.0345828216 -0.0574806125 0 0 0
C@CP 3033 0.0588982931 0.35789861 -0.00334554282 0 0 0
C@CP 3034 0.414939325 0.0370389193 -0.141689112 0 0 0
C@CP 3035 0.315401376 -0.171271149 0.274998766 0 0 0
C@CP 3036 -0.0588205991 0.158868125 -0.194771664 0 0 0
C@CP 3037 -0.0615980647 -0.121232758 0.0497953779 0 0 0
C@CP 3038 0.00730457219 -0.0142501739 0.214400192 0 0 0
C@CP 3039 -0.11334178 -0.217263063 -0.170545377 0 0 0
C@CP 3040 0.314593045 0.301445629 -0.0733517597 0 0 0
C@CP 3041 -0.0286070018 0.164220802 0.308041485 0 0 0
C@CP 3042 0.151512794 -0.185952429 0.0643424509 0 0 0
C@CP 3043 -0.162256607 -0.0104936982 -0.274073444 0 0 0
C@CP 3044 -0.265642155 0.0635799054 0.164828178 0 0 0
C@CP 3045 -0.166976482 0.208119748 -0.0179795683 0 0 0
C@CP 3046 0.187840029 -0.0235368203 0.14972377 0 0 0
C@CP 3047 -0.0121811667 0.111308263 -0.0822515364 0 0 0
C@CP 3048 -0.299335054 0.158021132 0.117962712 0 0 0
C@CP 3049 0.00736976994 0.0627274533 0.165229888 0 0 0
C@CP 3050 0.0219423311 0.361889116 -0.0991971173 0 0 0
C@CP 3051 -0.0885715006 -0.143754792 -0.292122775 0 0 0
C@CP 3052 0.381587253 -0.145718691 0.120948244 0 0 0
C@CP 3053 -0.00780109741 -0.325479802 -0.30842349 0 0 0
C@CP 3054 0.114941234 0.258360826 -0.136178784 0 0 0
C@CP 3055 0.0124881666 -0.26373715 0.0192879933 0 0 0
C@CP 3056 -0.098097911 0.133543549 -0.4042529 0 0 0
C@CP 3057 0.139573445 0.283969399 -0.334311771 0 0 0
C@CP 3058 0.124796794 0.0538975596 0.281816971 0 0 0
C@CP 3059 0.0219742056 0.0595477927 0.332743785 0 0 0
C@CP 3060 0.175617586 0.145718743 -0.0996775077 0 0 0
C@CP 3061 -0.403577777 -0.0237154465 -0.167727676 0 0 0
C@CP 3062 0.128648616 0.0128788396 -0.313932438 0 0 0
C@CP 3063 0.108775191 -0.331575849 0.22175692 0 0 0
C@CP 3064 -0.0205144108 -0.0524079769 0.175943485 0 0 0
C@CP 3065 0.0514697633 0.081031704 -0.0216705244 0 0 0
C@CP 3066 0.254081932 0.368341489 -0.0817343898 0 0 0
C@CP 3067 0.221912791 -0.180606095 0.162937953 0 0 0
C@CP 3068 -0.276651562 -0.244330437 -0.0461451533 0 0 0
C@CP 3069 -0.198480974 -0.107972116 -0.0965235599 0 0 0
C@CP 3070 0.21359526 0.406118295 -0.104006659 0 0 0
C@CP 3071 0.0519309438 0.373084856 0.0686786868 0 0 0
C@CP 3072 0.293297295 0.315252124 -0.137046244 0 0 0
C@CP 3073 -0.183484481 -0.370316226 -0.141819658 0 0 0
C@CP 3074 -0.232316636 0.044983074 -0.373031519 0 0 0
C@CP 3075 0.161960308 0.118134367 -0.241008903 0 0 0
C@CP 3076 0.210921294 0.0845396716 -0.325689002 0 0 0
C@CP 3077 -0.149655908 -0.213994541 0.0942284067 0 0 0
C@CP 3078 0.0948335174 -0.154081359 -0.0182418825 0 0 0
C@CP 3079 -0.054498616 0.25171992 0.127086504 0 0 0
C@CP 3080 -0.0124673262 -0.351031493 -0.0915203103 0 0 0
C@CP 3081 0.335028503 0.172320074 0.0770840023 0 0 0
C@CP 3082 -0.228556894 -0.203590049 -0.29325221 0 0 0
C@CP 3083 -0.269400564 -0.333979141 0.0870918547 0 0 0
C@CP 3084 0.0469187482 -0.0221920457 0.173615587 0 0 0
C@CP 3085 0.121848121 -0.106779527 -0.133437115 0 0 0
C@CP 3086 0.03246236 -0.0983807414 0.268134848 0 0 0
C@CP 3087 0.319965466 0.108904474 -0.0661394691 0 0 0
C@CP 3088 0.140736755 -0.208214556 0.0787016026 0 0 0
C@CP 3089 0.00514549995 0.108751592 0.128318859 0 0 0
C@CP 3090 -0.33475492 0.109546463 0.245155114 0 0 0
C@CP 3091 0.258143739 -0.214067601 0.307299387 0 0 0
C@CP 3092 0.166563629 -0.0467498758 0.134405465 0 0 0
C@CP 3093 0.136615667 -0.122497317 0.0358610337 0 0 0
C@CP 3094 0.26819401 0.124898895 -0.225045629 0 0 0
C@CP 3095 0.00396087775 -0.21108366 -0.0782774143 0 0 0
C@CP 3096 0.144667248 0.297270529 0.0659865765 0 0 0
C@CP 3097 -0.284704311 -0.343950562 0.119752183 0 0 0
C@CP 3098 0.226303202 0.22892749 -0.258331812 0 0 0
C@CP 3099 0.026204452 -0.12142211 -0.0322494371 0 0 0
C@CP 3100 -0.246663476 0.239623564 -0.170048042 0 0 0
C@CP 3101 -0.168911077 -0.10771746 0.138848074 0 0 0
C@CP 3102 -0.256580075 -0.0513338914 0.223801392 0 0 0
C@CP 3103 0.215108347 -0.236455129 -0.0862761063 0 0 0
C@CP 3104 0.235276168 -0.14806496 0.39517301 0 0 0
C@CP 3105 -0.0293304623 0.019865484 -0.163347032 0 0 0
C@CP 3106 0.2080265 -0.363205003 -0.155982146 0 0 0
C@CP 3107 -0.345359748 -0.0666610287 -0.268572637 0 0 0
C@CP 3108 -0.192605126 0.0735531124 0.0707581738 0 0 0
C@CP 3109 -0.2796478 0.172211707 0.0681387538 0 0 0
C@CP 3110 0.340244333 -0.0357138247 -0.295998291 0 0 0
C@CP 3111 -0.0783108997 -0.320642077 -0.0100481081 0 0 0
C@CP 3112 0.260084926 0.115830658 -0.158245029 0 0 0
C@CP 3113 0.0887445355 0.14907371 -0.143732701 0 0 0
C@CP 3114 0.0892960037 0.161598008 0.101170505 0 0 0
C@CP 3115 -0.321163323 -0.00752932156 -0.217985556 0 0 0
C@CP 3116 -0.379003146 -0.152937433 -0.19288636 0 0 0
C@CP 3117 -0.157794006 0.0698193985 0.397392922 0 0 0
C@CP 3118 -0.115203184 -0.33344835 -0.118829846 0 0 0
C@CP 3119 0.0968614349 0.300585434 0.155010311 0 0 0
C@CP 3120 0.155995375 -0.359613877 0.0488261274 0 0 0
C@CP 3121 -0.0182316015 -0.441019262 0.0898873966 0 0 0
C@CP 3122 -0.295022653 -0.323563669 0.0737698185 0 0 0
C@CP 3123 0.256000485 0.262172479 -0.281498617 0 0 0
C@CP 3124 0.0546998358 0.109766657 -0.413164829 0 0 0
C@CP 3125 0.415510611 -0.00975241058 -0.0384632521 0 0 0
C@CP 3126 -0.127211474 -0.121354771 0.0637557411 0 0 0
C@CP 3127 0.187887342 0.202824919 -0.316165134 0 0 0
C@CP 3128 0.145962586 -0.18712606 -0.0210848259 0 0 0
C@CP 3129 -0.189101035 0.171034239 0.175184405 0 0 0
C@CP 3130 -0.461903074 -0.0439649331 -0.0265484887 0 0 0
C@CP 3131 -0.378520714 0.00624339473 0.203267851 0 0 0
C@CP 3132 0.0034069435 0.199230049 -0.297130798 0 0 0
C@CP 3133 -0.178496419 -0.0728802592 0.224244184 0 0 0
C@CP 3134 -0.182679564 -0.119125669 -0.179129111 0 0 0
C@CP 3135 -0.145919199 0.199499087 -0.394442825 0 0 0
C@CP 3136 -0.0156306082 0.137748977 -0.44508423 0 0 0
C@CP 3137 0.00601403799 -0.251198009 0.118543973 0 0 0
C@CP 3138 0.068990467 -0.209901644 0.00664646936 0 0 0
C@CP 3139 0.210387703 0.242959653 0.183424336 0 0 0
C@CP 3140 0.059693487 -0.23492927 -0.127840295 0 0 0
C@CP 3141 0.0879378026 -0.164869217 0.241482881 0 0 0
C@CP 3142 0.140393405 0.370818062 -0.142310234 0 0 0
C@CP 3143 -0.237319791 0.320300147 0.150771514 0 0 0
C@CP 3144 0.093076739 -0.292888229 0.0974432173 0 0 0
C@CP 3145 -0.0842812637 -0.436971165 -0.137429059 0 0 0
C@CP 3146 0.266392037 0.285186161 0.162552015 0 0 0
C@CP 3147 -0.312433664 0.345012602 0.00718578742 0 0 0
C@CP 3148 0.255360391 -0.0721408186 0.355400408 0 0 0
C@CP 3149 -0.106800358 0.0855958922 0.176386281 0 0 0
C@CP 3150 -0.290771733 -0.238959145 0.199584267 0 0 0
C@CP 3151 0.162319057 -0.0942053339 0.291318854 0 0 0
C@CP 3152 -0.113839699 0.203779637 -0.2429795 0 0 0
C@CP 3153 0.334104347 0.03645677 0.262063473 0 0 0
C@CP 3154 0.1530806 -0.077556707 0.406409642 0 0 0
C@CP 3155 0.298127661 0.244239095 0.24158971 0 0 0
C@CP 3156 0.200316465 -0.053688046 0.410609749 0 0 0
C@CP 3157 -0.216921979 -0.211858666 -0.0506074259 0 0 0
C@CP 3158 -0.344266286 -0.0516412041 0.184401963 0 0 0
C@CP 3159 0.280163744 -0.0199335732 0.314592758 0 0 0
C@CP 3160 -0.338547815 0.145900963 0.0362910551 0 0 0
C@CP 3161 0.19108455 -0.255105947 0.119288077 0 0 0
C@CP 3162 0.209954426 0.114297534 -0.331656994 0 0 0
C@CP 3163 0.0250641286 0.182507899 -0.313920307 0 0 0
C@CP 3164 0.175766185 0.318940554 -0.251025082 0 0 0
C@CP 3165 0.215735626 -0.354212356 -0.104146127 0 0 0
C@CP 3166 -0.389034258 0.222054553 -0.130562154 0 0 0
C@CP 3167 -0.122386037 -0.0951020849 0.0282160611 0 0 0
C@CP 3168 0.341218927 0.134675516 -0.0325898896 0 0 0
C@CP 3169 -0.176054985 0.353265537 0.123353678 0 0 0
C@CP 3170 0.392419439 -0.0757471078 -0.183052274 0 0 0
C@CP 3171 0.304310377 0.219053626 -0.150336176 0 0 0
C@CP 3172 0.00980346386 0.329113558 -0.228000326 0 0 0
C@CP 3173 -0.399789314 0.162192379 0.134960591 0 0 0
C@CP 3174 -0.0428637318 0.199700509 -0.317623757 0 0 0
C@CP 3175 0.344728951 0.158499009 0.227917677 0 0 0
C@CP 3176 0.124599496 0.329771391 -0.22214488 0 0 0
C@CP 3177 -0.0939312114 0.219655738 0.399322773 0 0 0
C@CP 3178 -0.0163775072 0.206395116 -0.290587341 0 0 0
C@CP 3179 -0.374562856 0.213714646 0.125695905 0 0 0
C@CP 3180 0.398948244 0.153881667 -0.138425164 0 0 0
C@CP 3181 0.216416789 0.0819018036 -0.328813993 0 0 0
C@CP 3182 0.0455561875 0.198978191 0.282991783 0 0 0
C@CP 3183 0.0173514281 -0.0684225397 0.235396675 0 0 0
C@CP 3184 0.00044332551 -0.44222053 0.0248523845 0 0 0
C@CP 3185 -0.169723475 -0.144582751 0.213094544 0 0 0
C@CP 3186 0.0709173072 0.0246114533 0.0404138435 0 0 0
C@CP 3187 -0.103654311 0.383190064 0.208908769 0 0 0
C@CP 3188 -0.242369528 -0.0150617122 -0.13506272 0 0 0
C@CP 3189 -0.292553868 -0.211908626 -0.108164212 0 0 0
C@CP 3190 0.0261485608 -0.262266294 0.298532464 0 0 0
C@CP 3191 -0.339671619 -0.248846566 -0.0746916296 0 0 0
C@CP 3192 0.20662769 0.0751659092 -0.342178887 0 0 0
C@CP 3193 0.233674839 0.154323237 -0.37014985 0 0 0
C@CP 3194 0.162917658 -0.154101066 0.208322122 0 0 0
C@CP 3195 -0.241180176 0.137704341 0.343557558 0 0 0
C@CP 3196 0.295906433 -0.00282864369 -0.255214692 0 0 0
C@CP 3197 -0.380952169 -0.188974575 -0.13945344 0 0 0
C@CP 3198 0.279668527 0.254056023 0.14192275 0 0 0
C@CP 3199 0.178406189 0.17744412 -0.387912132 0 0 0
C@CP 3200 -0.0144785393 0.0419049131 -0.171861697 0 0 0
C@CP 3201 -0.0452272087 0.218356407 0.399028035 0 0 0
C@CP 3202 0.302531267 -0.272300314 -0.0153811099 0 0 0
C@CP 3203 0.334235539 -0.044202726 0.271485218 0 0 0
C@CP 3204 -0.22382669 -0.156268061 -0.353546987 0 0 0
C@CP 3205 0.396509242 -0.132431102 0.00186087052 0 0 0
C@CP 3206 -0.0972056836 -0.272428717 0.316145592 0 0 0
C@CP 3207 -0.0524778865 -0.229150884 -0.306709307 0 0 0
C@CP 3208 -0.156485469 0.400737478 -0.00277580456 0 0 0
C@CP 3209 -0.397032991 -0.0247977065 0.22092522 0 0 0
C@CP 3210 -0.108064141 -0.213451463 0.318093117 0 0 0
C@CP 3211 -0.143129042 0.124016939 -0.404103826 0 0 0
C@CP 3212 0.0279943154 0.290967019 0.370759794 0 0 0
C@CP 3213 0.141711641 0.0251951071 0.168763024 0 0 0
C@CP 3214 -0.042084513 -0.340903754 -0.161623933 0 0 0
C@CP 3215 0.0492567762 0.42712158 0.165858466 0 0 0
C@CP 3216 0.0182049387 0.37489061 0.154363998 0 0 0
C@CP 3217 0.169746552 -0.177976077 -0.19668882 0 0 0
C@CP 3218 -0.325679949 -0.156268613 0.28440151 0 0 0
C@CP 3219 -0.37556761 -0.143726311 0.19998184 0 0 0
C@CP 3220 0.252201858 0.00322769208 0.296183925 0 0 0
C@CP 3221 -0.316846317 -0.102309202 -0.258432815 0 0 0
C@CP 3222 0.187676811 0.316337431 0.114103958 0 0 0
C@CP 3223 -0.191588599 -0.241208715 0.0258062055 0 0 0
C@CP 3224 0.297994241 -0.0451273249 -0.293542639 0 0 0
C@CP 3225 -0.32581152 -0.00570422425 -0.290420625 0 0 0
C@CP 3226 0.0214622797 -0.0740760302 0.339381022 0 0 0
C@CP 3227 0.272566034 0.125360146 0.0350531985 0 0 0
C@CP 3228 -0.173159245 -0.0533520305 0.186584529 0 0 0
C@CP 3229 -0.22032146 0.17474275 0.305664349 0 0 0
C@CP 3230 0.0436795814 -0.0380982035 -0.45662747 0 0 0
C@CP 3231 -0.393883735 -0.107232047 -0.130340197 0 0 0
C@CP 3232 -0.262964752 0.342084149 0.0228175212 0 0 0
C@CP 3233 0.246981589 0.367380072 0.0974532729 0 0 0
C@CP 3234 0.0701333037 -0.0128633372 0.0235628587 0 0 0
C@CP 3235 -0.212081827 -0.0252264172 0.065277242 0 0 0
C@CP 3236 -0.195989922 0.057085695 0.402965723 0 0 0
C@CP 3237 0.211933675 -0.173020093 0.218341375 0 0 0
C@CP 3238 -0.405589536 -0.166796198 -0.149310965 0 0 0
C@CP 3239 -0.128174354 -0.142370048 0.100513089 0 0 0
C@CP 3240 -0.0751575426 0.268146682 0.0524720462 0 0 0
C@CP 3241 0.00620645957 0.351442011 -0.0251729761 0 0 0
C@CP 3242 -0.101229688 -0.334195908 -0.192739076 0 0 0
C@CP 3243 0.182925079 -0.256314656 0.328398859 0 0 0
C@CP 3244 0.196122785 -0.23312005 0.120578724 0 0 0
C@CP 3245 0.0850052192 0.184471312 0.0856655916 0 0 0
C@CP 3246 0.0194951791 0.202604032 0.1101408 0 0 0
C@CP 3247 -0.16770351 0.357139995 0.129435063 0 0 0
C@CP 3248 -0.177261257 0.138063784 -0.0871099911 0 0 0
C@CP 3249 -0.221902338 0.0981391961 -0.190582266 0 0 0
C@CP 3250 0.0236088803 0.192016217 0.162195119 0 0 0
C@CP 3251 -0.0147523323 -0.0667251397 0.0193868233 0 0 0
C@CP 3252 0.159856353 0.0991530317 0.314987219 0 0 0
C@CP 3253 -0.107389469 0.109550638 0.163608582 0 0 0
C@CP 3254 0.208156866 0.246650219 0.164034094 0 0 0
C@CP 3255 -0.0892476927 0.268239714 -0.373750712 0 0 0
C@CP 3256 -0.115984425 -0.239225779 -0.146007996 0 0 0
C@CP 3257 -0.338369876 0.0315546338 0.0993549965 0 0 0
C@CP 3258 -0.108188009 0.295916922 0.0729430603 0 0 0
C@CP 3259 0.201002758 0.0202725532 0.36594391 0 0 0
C@CP 3260 0.0548144089 0.091428435 0.266074462 0 0 0
C@CP 3261 0.284560405 0.0985072095 0.18951522 0 0 0
C@CP 3262 -0.117755746 0.211655051 -0.392595835 0 0 0
C@CP 3263 -0.0221441002 0.213396588 -0.0186907627 0 0 0
C@CP 3264 0.114642132 -0.310884757 0.262759308 0 0 0
C@CP 3265 0.38044694 0.029855904 0.00531779173 0 0 0
C@CP 3266 -0.383138953 -0.0692413029 -0.0900262312 0 0 0
C@CP 3267 0.135799415 0.438467711 -0.0199577416 0 0 0
C@CP 3268 -0.0794957839 0.125189327 -0.352599631 0 0 0
C@CP 3269 -0.210573526 0.27568598 -0.154854473 0 0 0
C@CP 3270 0.16919786 0.18314124 0.326705366 0 0 0
C@CP 3271 0.072094446 0.30980584 -0.3285838 0 0 0
C@CP 3272 0.122514947 -0.142554893 0.366752364 0 0 0
C@CP 3273 -0.139723011 0.106642062 0.352326097 0 0 0
C@CP 3274 -0.0382901304 -0.382908535 0.158447455 0 0 0
C@CP 3275 0.0873871489 -0.103858907 -0.376145261 0 0 0
C@CP 3276 0.191844091 0.0721108393 -0.0347300409 0 0 0
C@CP 3277 -0.143484038 -0.227497526 -0.278584251 0 0 0
C@CP 3278 -0.0783479344 0.408196598 -0.0965842694 0 0 0
C@CP 3279 0.201503183 -0.413738872 -0.0116667804 0 0 0
C@CP 3280 -0.29480872 -0.128029675 -0.30923548 0 0 0
C@CP 3281 -0.37111966 0.173224399 0.0753849641 0 0 0
C@CP 3282 0.104089218 -0.0618574676 -0.215767691 0 0 0
C@CP 3283 -0.173304978 -0.256796813 -0.256690748 0 0 0
C@CP 3284 -0.258269651 0.155210512 -0.0696185537 0 0 0
C@CP 3285 0.0265633734 0.0883661633 0.405911002 0 0 0
C@CP 3286 0.175257744 0.169766282 -0.365009053 0 0 0
C@CP 3287 0.261972268 -0.231748867 -0.102097032 0 0 0
C@CP 3288 0.383030593 0.126765903 -0.146842631 0 0 0
C@CP 3289 -0.42546862 -0.0356523353 -0.067818073 0 0 0
C@CP 3290 0.101509565 0.375314578 0.244610096 0 0 0
C@CP 3291 -0.00053618596 0.0376560768 -0.470663195 0 0 0
C@CP 3292 0.30049162 0.23496566 0.246821052 0 0 0
C@CP 3293 -0.349202873 -0.0857715265 0.152400197 0 0 0
C@CP 3295 -0.349735352 -0.0815178112 0.0171828641 0 0 0
C@CP 3296 -0.176960771 -0.241373911 -0.356355555 0 0 0
C@CP 3297 -0.221673454 0.155318676 -0.0472092923 0 0 0
C@CP 3298 0.340233331 -0.057417461 -0.314563762 0 0 0
C@CP 3299 0.155495954 0.0587262265 0.0208018052 0 0 0
C@CP 3300 0.0791871971 0.24651042 0.116786858 0 0 0
C@CP 3301 -0.174353741 -0.0966438798 -0.0556036332 0 0 0
C@CP 3302 0.243008721 -0.0107331539 0.181831427 0 0 0
C@CP 3303 -0.298502216 0.31955543 -0.133691903 0 0 0
C@CP 3304 0.137015479 -0.0589039954 -0.133766156 0 0 0
C@CP 3305 0.108395876 -0.145248295 -0.264118761 0 0 0
C@CP 3306 -0.026422343 0.114917435 0.1308598 0 0 0
C@CP 3307 -0.0640143637 -0.353982487 0.0520463334 0 0 0
C@CP 3308 0.326889037 -0.226139945 0.131080115 0 0 0
C@CP 3309 -0.00633955872 0.00960797867 -0.28396959 0 0 0
C@CP 3310 0.25569337 -0.0184853028 0.116508912 0 0 0
C@CP 3311 -0.182817814 0.051839137 0.198184565 0 0 0
C@CP 3312 -0.422710578 0.163795272 -0.117276949 0 0 0
C@CP 3313 -0.105356017 -0.36446173 -0.106470813 0 0 0
C@CP 3314 -0.363234364 0.0788467286 -0.273533033 0 0 0
C@CP 3315 0.174600118 0.128955474 -0.309698532 0 0 0
C@CP 3316 0.320392141 0.180551694 0.162999377 0 0 0
C@CP 3317 0.0469664455 -0.063363553 -0.451519419 0 0 0
C@CP 3318 -0.156729617 -0.110437709 0.342919753 0 0 0
C@CP 3319 0.173718931 0.314433192 0.119814844 0 0 0
C@CP 3320 0.234599669 -0.0641755052 0.123166697 0 0 0
C@CP 3321 -0.0842958173 -0.126842228 -0.00897311772 0 0 0
C@CP 3322 -0.066776098 -0.174216209 -0.427065514 0 0 0
C@CP 3323 -0.29978033 0.281995826 0.0737071352 0 0 0
C@CP 3324 -0.355233805 0.0727050118 0.241683628 0 0 0
C@CP 3325 -0.369623745 -0.283343022 -0.0492847444 0 0 0
C@CP 3326 -0.280087692 -0.348948552 -0.118171138 0 0 0
C@CP 3327 -0.306036705 -0.0966749382 0.260885737 0 0 0
C@CP 3328 -0.276535697 0.157861427 -0.0298180438 0 0 0
C@CP 3329 -0.318023169 -0.232370824 0.170959869 0 0 0
C@CP 3330 0.0951082106 0.30520553 0.316396358 0 0 0
C@CP 3331 0.0914203269 -0.018734602 0.118649977 0 0 0
C@CP 3332 0.293815738 0.164932345 0.185105377 0 0 0
C@CP 3333 -0.0386207786 0.315173685 0.346295912 0 0 0
C@CP 3334 -0.0971643331 0.059307213 -0.255817732 0 0 0
C@CP 3335 -0.173138616 -0.232991579 0.309647303 0 0 0
C@CP 3336 -0.390027984 0.0760998765 0.132101514 0 0 0
C@CP 3337 -0.208932658 0.191200982 -0.376223032 0 0 0
C@CP 3338 0.120469152 -0.0264364625 -0.371726749 0 0 0
C@CP 3339 -0.0596114459 -0.3332239 -0.11791692 0 0 0
C@CP 3340 -0.136574555 0.195202847 -0.119703092 0 0 0
C@CP 3341 0.292803182 -0.145989017 -0.267702921 0 0 0
C@CP 3342 -0.290497096 -0.0754221123 -0.206807725 0 0 0
C@CP 3343 -0.0117987116 0.230051744 -0.293898323 0 0 0
C@CP 3344 0.230873374 -0.131181806 0.022914637 0 0 0
C@CP 3345 -0.313891048 -0.101498786 -0.0304511118 0 0 0
C@CP 3346 -0.188346164 5.4811025e-05 0.321888988 0 0 0
C@CP 3347 -0.390109779 0.0557003277 -0.2463265 0 0 0
C@CP 3348 0.00892044001 -0.267477466 0.12550363 0 0 0
C@CP 3349 0.0738289984 -0.097116355 -0.0867654028 0 0 0
C@CP 3350 -0.0204173573 -0.00232413715 0.390737348 0 0 0
C@CP 3351 0.304350609 -0.0855647068 0.0711970731 0 0 0
C@CP 3352 -0.195735926 -0.288871931 -0.305495041 0 0 0
C@CP 3353 0.230012815 -0.13755669 0.267377414 0 0 0
C@CP 3354 0.133555446 0.124602027 -0.0274973056 0 0 0
C@CP 3355 0.227927434 0.343711852 -0.0571773847 0 0 0
C@CP 3356 0.155989282 -0.258836577 -0.157831276 0 0 0
C@CP 3357 -0.0903198902 0.354927773 -0.11789432 0 0 0
C@CP 3358 -0.210067953 -0.175366677 -0.284260944 0 0 0
C@CP 3359 -0.0444881852 -0.132348557 -0.2792648 0 0 0
C@CP 3360 0.0639759823 0.157904715 0.400895978 0 0 0
C@CP 3361 0.107664971 -0.418735698 -0.160777752 0 0 0
C@CP 3362 0.0614654038 0.392376185 0.22511087 0 0 0
C@CP 3363 0.0601764868 0.375516028 0.134288927 0 0 0
C@CP 3364 -0.296202688 0.154233089 -0.228584281 0 0 0
C@CP 3365 -0.00738806299 -0.310243841 0.338290842 0 0 0
C@CP 3366 -0.100624157 0.196813664 -0.130868742 0 0 0
C@CP 3367 -0.247183556 -0.287020561 -0.126847861 0 0 0
C@CP 3368 0.122253915 -0.0492578009 -0.275656249 0 0 0
C@CP 3369 -0.177635039 0.113702088 -0.0941954531 0 0 0
C@CP 3370 0.148392098 -0.308424412 -0.00552109849 0 0 0
C@CP 3371 -0.204651956 0.0447302871 0.336612367 0 0 0
C@CP 3372 0.350291903 0.0250306195 -0.19373509 0 0 0
C@CP 3373 -0.230625126 -0.122629208 0.384488424 0 0 0
C@CP 3374 -0.278446138 -0.218458191 0.0292180852 0 0 0
C@CP 3375 -0.207488799 -0.411558854 0.0278533934 0 0 0
C@CP 3376 -0.130590434 -0.224833681 -0.369389347 0 0 0
C@CP 3377 -0.108768642 0.175814033 -0.368552888 0 0 0
C@CP 3378 0.0515637879 -0.339688951 0.220768288 0 0 0
C@CP 3379 0.099251827 0.205645884 -0.168716408 0 0 0
C@CP 3380 0.132350416 -0.234296753 -0.221229567 0 0 0
C@CP 3381 -0.261659957 0.198455411 -0.207988988 0 0 0
C@CP 3382 0.321055823 -0.15773017 -0.0745393121 0 0 0
C@CP 3383 -0.200937119 -0.114066668 -0.120526067 0 0 0
C@CP 3384 -0.0476715579 0.145463211 0.16457966 0 0 0
C@CP 3385 0.00527594242 0.323128629 -0.0864923864 0 0 0
C@CP 3386 -0.163656329 -0.146823653 7.14071385e-05 0 0 0
C@CP 3387 -0.00136266558 -0.00138219996 0.159751628 0 0 0
C@CP 3388 -0.0206446776 -0.17744254 -0.0566660014 0 0 0
C@CP 3389 0.0563523362 -0.0562721342 0.139212643 0 0 0
C@CP 3390 0.0151348562 0.237186966 0.39421111 0 0 0
C@CP 3391 0.0356299769 -0.246690554 -0.259308956 0 0 0
C@CP 3392 -0.121305787 0.392791619 -0.211087722 0 0 0
C@CP 3393 -0.0446951912 0.211739152 0.0511407887 0 0 0
C@CP 3394 -0.0601070418 0.331015548 0.070010922 0 0 0
C@CP 3395 0.254229845 -0.291275044 0.164123496 0 0 0
C@CP 3396 -0.00642941401 -0.00479024637 0.396106754 0 0 0
C@CP 3397 0.20903129 -0.0169625403 0.110372341 0 0 0
C@CP 3398 -0.0900457273 0.0644887203 0.396780861 0 0 0
C@CP 3399 -0.342858519 -0.10051856 0.00201883738 0 0 0
C@CP 3400 0.232314103 -0.339649601 -0.142514125 0 0 0
C@CP 3401 0.125585873 -0.180033275 0.0772459914 0 0 0
C@CP 3402 0.0897142007 -0.0115071912 0.0254990969 0 0 0
C@CP 3403 0.104439862 0.401859142 -0.168032812 0 0 0
C@CP 3404 -0.285194027 -0.263842734 0.0973761016 0 0 0
C@CP 3405 -0.483319449 -0.0173755841 0.0204076035 0 0 0
C@CP 3406 -0.00606451045 0.351439778 -0.240336587 0 0 0
C@CP 3407 -0.126226478 0.218956521 -0.0681628952 0 0 0
C@CP 3408 -0.265264672 0.192468667 0.287820599 0 0 0
C@CP 3409 -0.218325244 -0.279899248 -0.208049849 0 0 0
C@CP 3410 0.22774738 -0.148342444 -0.159151565 0 0 0
C@CP 3411 -0.349960448 -0.128449379 -0.236692967 0 0 0
C@CP 3412 -0.0901127646 0.0991603975 0.418209011 0 0 0
C@CP 3413 0.233165878 -0.0252912717 -0.112254001 0 0 0
C@CP 3414 -0.0646971741 0.312167264 -0.144396581 0 0 0
C@CP 3415 -0.329717422 0.0734758192 0.00669907751 0 0 0
C@CP 3416 0.0324865199 -0.161728407 0.257966481 0 0 0
C@CP 3417 0.117792301 -0.3995534 0.0746200238 0 0 0
C@CP 3418 0.245648624 0.290786809 -0.0362693291 0 0 0
C@CP 3419 0.0550586394 0.226965745 -0.194765161 0 0 0
C@CP 3420 -0.370993985 0.149205841 -0.194912389 0 0 0
C@CP 3421 -0.215356136 0.0444014674 0.0664520195 0 0 0
C@CP 3422 0.300037181 -0.0335138515 -0.0847785496 0 0 0
C@CP 3423 -0.19899726 0.150342261 0.168320178 0 0 0
C@CP 3424 0.178582994 -0.0757000941 -0.140359712 0 0 0
C@CP 3425 -0.0969293076 -0.13170615 -0.1893419 0 0 0
C@CP 3426 0.383149189 -0.0110499323 -0.248493467 0 0 0
C@CP 3427 -0.248934987 -0.132430022 0.382661972 0 0 0
C@CP 3428 -0.132410246 -0.210801076 0.303453564 0 0 0
C@CP 3429 -0.0563325671 -0.096093223 -0.45004236 0 0 0
C@CP 3430 -0.100655262 0.200640985 -0.279430143 0 0 0
C@CP 3431 0.0129448105 -0.186135804 -0.161756424 0 0 0
C@CP 3432 -0.0275864688 -0.216164065 0.415677701 0 0 0
C@CP 3433 0.239111211 0.294345872 -0.0476751026 0 0 0
C@CP 3434 -0.106713953 0.0610371663 -0.198927657 0 0 0
C@CP 3435 -0.05222738 0.11355075 0.13172413 0 0 0
C@CP 3436 -0.329912312 -0.0195259319 -0.0822082384 0 0 0
C@CP 3437 -0.234886534 -0.100296848 0.0125053356 0 0 0
C@CP 3438 0.0393644368 -0.41259612 -0.108736453 0 0 0
C@CP 3439 -0.293466394 -0.0569194424 -0.244342702 0 0 0
C@CP 3440 0.0552607418 -0.0957242952 -0.188050619 0 0 0
C@CP 3441 -0.278371505 0.0765497438 0.0161831362 0 0 0
C@CP 3442 0.0361526309 -0.0720811459 0.278605497 0 0 0
C@CP 3443 0.136464105 -0.0691065668 -0.1880184 0 0 0
C@CP 3444 0.203470049 0.211686842 -0.0279054836 0 0 0
C@CP 3445 -0.170750051 -0.399382548 -0.146683797 0 0 0
C@CP 3446 0.0318118891 -0.0424014178 0.177436566 0 0 0
C@CP 3447 0.095598463 -0.0939301303 -0.411961421 0 0 0
C@CP 3448 0.00250463894 0.182264293 0.176771225 0 0 0
C@CP 3449 0.0354705948 -0.358906003 0.126150859 0 0 0
C@CP 3450 0.197375812 0.367307426 0.0265016663 0 0 0
C@CP 3451 -0.0733330677 -0.0238916313 -0.0688477347 0 0 0
C@CP 3452 -0.246713775 -0.102510041 0.153770655 0 0 0
C@CP 3453 -0.355563514 -0.154815665 -0.0496452302 0 0 0
C@CP 3454 0.0954350025 -0.404887052 0.069832666 0 0 0
C@CP 3455 0.249738255 0.252613101 -0.168298646 0 0 0
C@CP 3456 0.331206964 -0.208253108 0.180211594 0 0 0
C@CP 3457 -0.411776594 -0.202827686 -0.0797004293 0 0 0
C@CP 3458 0.00593789647 -0.322023294 0.314066449 0 0 0
C@CP 3459 -0.357407677 0.030269896 0.0379081556 0 0 0
C@CP 3460 -0.0546467483 0.155712786 -0.0570269763 0 0 0
C@CP 3461 -0.00132262284 -0.239407344 -0.0539847891 0 0 0
C@CP 3462 -0.0353899059 0.0422843011 0.22617736 0 0 0
C@CP 3463 -0.112380642 0.134196395 -0.105964487 0 0 0
C@CP 3464 -0.289441901 -0.0684130803 -0.215889608 0 0 0
C@CP 3465 -0.061390735 0.165863375 -0.431880673 0 0 0
C@CP 3466 -0.179324321 -0.0376195987 -0.402276482 0 0 0
C@CP 3467 0.144776414 0.172939244 0.138740368 0 0 0
C@CP 3468 -0.121992771 -0.0925849378 -0.426840234 0 0 0
C@CP 3469 -0.329542916 0.28982788 0.0264558721 0 0 0
C@CP 3470 -0.368641693 0.261835516 0.124631913 0 0 0
C@CP 3471 0.368976601 0.173555848 0.116086963 0 0 0
C@CP 3472 0.190248638 -0.155297991 0.203259768 0 0 0
C@CP 3473 0.00168416502 0.26168451 -0.175354102 0 0 0
C@CP 3474 0.0834777877 -0.144029174 -0.0942518834 0 0 0
C@CP 3475 0.106217072 -0.292025572 -0.333192574 0 0 0
C@CP 3476 0.303049536 -0.154206195 -0.122873687 0 0 0
C@CP 3477 0.349256656 0.0104344374 -0.277370691 0 0 0
C@CP 3478 0.0553674451 0.312933467 0.108656097 0 0 0
C@CP 3479 -0.0813637569 0.11654284 -0.194488294 0 0 0
C@CP 3480 -0.292993397 -0.194264913 -0.0634164793 0 0 0
C@CP 3481 0.0985979571 -0.186441098 -0.0720153104 0 0 0
C@CP 3482 -0.0575170122 -0.329632223 0.0863371832 0 0 0
C@CP 3483 0.0626849525 0.148653108 0.0349520396 0 0 0
C@CP 3484 0.21154572 0.140850931 0.367420624 0 0 0
C@CP 3485 0.290229328 -0.15329907 -0.144439246 0 0 0
C@CP 3486 -0.329138082 -0.290793977 -0.0650449966 0 0 0
C@CP 3487 0.101586969 -0.231336941 -0.241880485 0 0 0
C@CP 3488 0.0890975268 0.108487334 0.340553862 0 0 0
C@CP 3489 -0.244915311 0.218037198 -0.217329976 0 0 0
C@CP 3490 -0.0292044252 -0.150586643 -0.128933718 0 0 0
C@CP 3491 0.229422809 -0.0754274004 -0.0678126047 0 0 0
C@CP 3492 -0.354054389 -0.00462930105 0.304534072 0 0 0
C@CP 3493 -0.031389123 0.218411494 -0.315464135 0 0 0
C@CP 3494 -0.0741413707 -0.246373056 0.0823006937 0 0 0
C@CP 3495 0.342935563 0.120114916 0.203050857 0 0 0
C@CP 3496 -0.317043605 -0.0178272628 0.195388829 0 0 0
C@CP 3497 0.195373717 -0.303209726 -0.13718757 0 0 0
B@CP 3499 0.298866802 0.0617989337 -0.0909414579 0 0 0
C@CP 3500 -0.110189702 -0.183039913 0.00258258956 0 0 0
C@CP 3501 0.058213405 0.245856696 -0.00433446753 0 0 0
C@CP 3502 -0.438252148 0.00770754682 0.0152995241 0 0 0
B@CP 3504 0.0497393102 -0.0844646942 0.313507608 0 0 0
C@CP 3505 -0.379840449 0.243290824 -0.0148576627 0 0 0
