B@CP 1004 0.177037872 -0.106467767 0.0115896359 0 0 0
B@CP 1005 0.250841819 -0.0064403678 0.319197125 0 0 0
B@CP 1008 -0.175865387 0.159503023 -0.0501068768 0 0 0
B@CP 1014 -0.061902754 -0.341496597 -0.266419771 0 0 0
B@CP 1018 -0.06429682 -0.28337807 -0.139127773 0 0 0
B@CP 1020 -0.276778855 -0.0574382039 -0.348323995 0 0 0
B@CP 1025 0.229735661 0.179556167 0.297365442 0 0 0
B@CP 1026 0.37730089 0.0815446101 0.210974545 0 0 0
B@CP 1032 -0.423949937 0.0834250399 -0.113427165 0 0 0
B@CP 1033 -0.0231230239 -0.0974855015 -0.1600673 0 0 0
B@CP 1034 0.0904460561 0.054247235 0.190231193 0 0 0
B@CP 1036 0.299115465 0.023076198 0.0661153136 0 0 0
B@CP 1040 0.0504043853 -0.0186233125 -0.023883637 0 0 0
B@CP 1041 0.386218907 0.166256145 0.0989805698 0 0 0
B@CP 1042 0.222539591 -0.0539292074 -0.250589987 0 0 0
B@CP 1045 -0.0818782927 0.220376628 -0.111648432 0 0 0
B@CP 1046 0.208491191 -0.202095936 -0.249335876 0 0 0
B@CP 1047 0.0165655526 -0.44305486 -0.000514616329 0 0 0
B@CP 1055 -0.289251362 -0.0298221403 0.213876077 0 0 0
B@CP 1056 -0.245008645 0.262194812 -0.0144460412 0 0 0
B@CP 1059 -0.242278521 0.184224026 -0.212325877 0 0 0
B@CP 1063 -0.351072273 0.0425948815 0.226243259 0 0 0
B@CP 1065 -0.0505472893 0.0536228633 -0.430210263 0 0 0
B@CP 1066 0.221196435 0.0900074248 0.271137972 0 0 0
B@CP 1068 0.286715979 0.0184369319 -0.168788451 0 0 0
B@CP 1069 0.21015059 -0.356181253 0.207441277 0 0 0
B@CP 1070 -0.174733643 -0.187765465 0.365362871 0 0 0
B@CP 1077 -0.19122694 0.157454586 -0.272386507 0 0 0
B@CP 1080 -0.207930906 -0.287586224 -0.126321795 0 0 0
B@CP 1083 0.140093924 -0.169362682 -0.0496473344 0 0 0
B@CP 1084 -0.434277727 0.00406545527 0.102844663 0 0 0
B@CP 1085 -0.364504526 -0.0492146493 0.128864021 0 0 0
B@CP 1089 0.0825605106 0.113932898 0.196620378 0 0 0
B@CP 1091 -0.191353039 0.156428705 0.306603052 0 0 0
B@CP 1092 -0.347405044 -0.00356105809 -0.143691043 0 0 0
B@CP 1093 0.231446871 0.0743960326 0.208215742 0 0 0
B@CP 1094 -0.386375085 0.0777356121 -0.258727128 0 0 0
B@CP 1099 -0.177138143 -0.169190583 -0.25467877 0 0 0
B@CP 1100 -0.111151045 -0.149565905 -0.383755995 0 0 0
B@CP 1104 -0.0426480954 0.0732722654 0.159074968 0 0 0
B@CP 1105 0.43017028 0.164818894 -0.0926042227 0 0 0
B@CP 1106 -0.384288903 0.0840355615 0.0415939692 0 0 0
B@CP 1107 0.182763523 0.283967748 -0.22582283 0 0 0
B@CP 1109 -0.10380181 -0.114165624 -0.0678330791 0 0 0
B@CP 1110 -0.165859935 -0.373975654 0.137863654 0 0 0
B@CP 1117 -0.0817555985 0.19990945 -0.381548916 0 0 0
B@CP 1118 0.162654234 0.319851165 -0.122421519 0 0 0
B@CP 1121 -0.0635423037 0.304429409 -0.251380633 0 0 0
B@CP 1122 -0.105841411 -0.19864357 -0.245704408 0 0 0
B@CP 1123 -0.011468316 0.278317164 -0.0945920207 0 0 0
B@CP 1125 0.285572388 0.0757130984 -0.283257701 0 0 0
B@CP 1131 0.323939022 -0.106012749 0.104935089 0 0 0
B@CP 1139 -0.317401908 0.244324678 -0.153644096 0 0 0
B@CP 1143 0.187885623 0.349358745 -0.253131435 0 0 0
B@CP 1146 -0.042110939 -0.0525122943 0.122246009 0 0 0
B@CP 1147 -0.436875986 -0.0616766709 -0.13733808 0 0 0
B@CP 1149 0.0948460204 0.0556271477 -0.393016047 0 0 0
B@CP 1152 -0.164702089 -0.0657845645 -0.18425629 0 0 0
B@CP 1153 -0.292510037 0.293409232 0.153156559 0 0 0
B@CP 1154 -0.0369498327 0.0463998505 -0.314229466 0 0 0
B@CP 1155 0.00821684539 -0.350986462 0.219910157 0 0 0
B@CP 1160 -0.0717169454 -0.0979711297 -0.40637433 0 0 0
B@CP 1161 0.350315123 0.182043311 -0.0732512683 0 0 0
B@CP 1162 0.221707071 0.235554951 0.159240061 0 0 0
B@CP 1163 0.345679115 -0.133902273 -0.112656009 0 0 0
B@CP 1166 0.211532932 0.0385645354 0.310278986 0 0 0
B@CP 1167 -0.420185163 -0.0548365917 -0.0722140125 0 0 0
B@CP 1170 -0.0408233034 0.0654537515 -0.0476842608 0 0 0
B@CP 1171 -0.179697525 0.0963832041 0.342715853 0 0 0
B@CP 1176 -0.177837162 -0.36206111 0.0471708966 0 0 0
B@CP 1179 0.124218955 -0.0713432718 0.282460038 0 0 0
B@CP 1185 -0.162928481 -0.0852423866 -0.197681406 0 0 0
B@CP 1186 -0.0354416932 -0.180808736 -0.286354966 0 0 0
B@CP 1187 -0.135099638 0.388756081 0.0711330728 0 0 0
B@CP 1188 0.119030002 0.238354159 0.267214151 0 0 0
B@CP 1189 -0.358998438 -0.162918966 0.212570091 0 0 0
B@CP 1190 0.193536096 0.0522825251 -0.137338332 0 0 0
B@CP 1191 -0.114575306 0.269998274 -0.246242523 0 0 0
B@CP 1192 -0.0599797967 0.0152257166 -0.204113763 0 0 0
B@CP 1196 -0.0291314017 -0.0723288195 0.0584087472 0 0 0
B@CP 1197 -0.261053979 0.234772388 -0.284362369 0 0 0
B@CP 1200 -0.35373941 0.162015316 0.113664516 0 0 0
B@CP 1206 0.180942311 -0.253147141 0.0666546405 0 0 0
B@CP 1211 -0.0339217692 -0.286921773 0.0664659984 0 0 0
B@CP 1221 -0.0985155597 0.341307258 0.152415143 0 0 0
B@CP 1222 0.219058768 0.0758660697 0.264901554 0 0 0
B@CP 1225 -0.161170873 -0.0776731508 0.426205627 0 0 0
B@CP 1226 -0.335678528 0.154883212 -0.0706772055 0 0 0
B@CP 1228 -0.270593047 0.0587522043 0.0118740193 0 0 0
B@CP 1229 0.112975038 -0.0845909476 -0.14938038 0 0 0
B@CP 1234 -0.0971827289 0.362234926 -0.175669462 0 0 0
B@CP 1237 0.374540481 0.169107027 -0.218126462 0 0 0
B@CP 1239 0.119647218 -0.121708219 -0.426843127 0 0 0
B@CP 1241 0.345237749 0.216687042 -0.14784253 0 0 0
B@CP 1242 0.00872762713 0.393304195 -0.0373537523 0 0 0
B@CP 1245 -0.0529189859 0.264341061 -0.269413987 0 0 0
B@CP 1248 0.159039832 0.156032895 0.0336392822 0 0 0
B@CP 1257 -0.00924765195 0.0241195134 0.43548952 0 0 0
B@CP 1259 0.172866712 -0.273529807 -0.215297365 0 0 0
B@CP 1262 -0.361655165 0.145852327 0.183651237 0 0 0
B@CP 1263 -0.167572383 0.17477419 -0.371010266 0 0 0
B@CP 1264 0.24615845 -0.267591079 -0.0901123748 0 0 0
B@CP 1268 0.104382444 -0.133838222 0.368729656 0 0 0
B@CP 1274 -0.197677033 0.217169938 -0.173409499 0 0 0
B@CP 1275 -0.0305670903 0.0305890961 0.46023863 0 0 0
B@CP 1280 0.29578421 0.0495673522 -0.293953175 0 0 0
B@CP 1281 0.0512152067 0.00532249623 -0.184906896 0 0 0
B@CP 1284 0.370425645 -0.108156513 0.140627415 0 0 0
B@CP 1285 0.246296984 0.0995167423 0.379176434 0 0 0
B@CP 1291 -0.108868605 0.366298623 -0.165893931 0 0 0
B@CP 1293 -0.279228098 -0.136071834 0.347649368 0 0 0
B@CP 1299 -0.354878704 -0.0493045634 -0.252951042 0 0 0
B@CP 1302 0.244870054 0.330907606 -0.0990048471 0 0 0
B@CP 1305 -0.217090408 0.238357386 -0.322867366 0 0 0
B@CP 1306 0.34840933 0.0520788163 0.0987586919 0 0 0
B@CP 1312 -0.0385912587 -0.438084305 0.125153367 0 0 0
B@CP 1318 -0.132352194 -0.44987858 0.024632517 0 0 0
B@CP 1320 -0.435353324 -0.0734758926 -0.0772638654 0 0 0
B@CP 1323 0.059817801 0.171581651 -0.167441242 0 0 0
B@CP 1324 0.0740047626 -0.0177336115 -0.0741099439 0 0 0
B@CP 1326 -0.107916305 0.273018119 0.346724304 0 0 0
B@CP 1330 -0.307864276 0.0827248753 -0.0453510373 0 0 0
B@CP 1332 -0.118242307 -0.078586025 0.175550956 0 0 0
B@CP 1335 -0.0773239123 0.0730132758 -0.215816175 0 0 0
B@CP 1342 0.367892492 -0.133078658 -0.212089446 0 0 0
B@CP 1343 -0.0660987252 -0.253270646 0.390344283 0 0 0
B@CP 1345 -0.370724986 0.263474939 0.0826048684 0 0 0
B@CP 1348 0.320847295 0.186845744 -0.274092149 0 0 0
B@CP 1354 0.149065847 -0.179774709 -0.0969993641 0 0 0
B@CP 1356 -0.288628561 -0.187890131 -0.230380012 0 0 0
B@CP 1362 0.100266819 0.140858471 -0.290666326 0 0 0
B@CP 1363 0.113084535 0.20438282 0.201268558 0 0 0
B@CP 1365 0.2174743 -0.146118043 0.315316934 0 0 0
B@CP 1367 0.32473163 0.299174764 -0.0339615565 0 0 0
B@CP 1370 0.185728529 -0.224962329 0.0430294161 0 0 0
B@CP 1371 -0.237518507 -0.137671046 -0.303466409 0 0 0
B@CP 1372 -0.0856051682 -0.1724636 0.145200623 0 0 0
B@CP 1373 0.135890026 0.0794238305 0.425148698 0 0 0
B@CP 1375 0.22549108 -0.20304383 0.369047074 0 0 0
B@CP 1379 0.258028067 -0.254624118 -0.0510854329 0 0 0
B@CP 1385 0.226403653 -0.258505676 0.0176974714 0 0 0
B@CP 1387 -0.0406262386 -0.114675878 -0.377794899 0 0 0
B@CP 1390 -0.111646364 -0.20744043 0.0374806156 0 0 0
B@CP 1391 -0.379762211 -0.156326146 0.00082881768 0 0 0
B@CP 1393 0.0636232014 -0.160288199 -0.410973054 0 0 0
B@CP 1398 0.378610729 -0.112471143 -0.0227285413 0 0 0
B@CP 1406 0.0754664121 -0.266113199 -0.359158336 0 0 0
B@CP 1408 0.0461938119 -0.291724204 0.0942479523 0 0 0
B@CP 1410 0.0503241741 -0.215244206 -0.41355053 0 0 0
B@CP 1416 0.00917704127 -0.272385338 -0.0942188118 0 0 0
B@CP 1417 0.0555959968 0.230901313 0.0514712395 0 0 0
B@CP 1422 -0.0810507543 0.165056921 0.309898923 0 0 0
B@CP 1423 0.0145319631 -0.115845312 0.198246435 0 0 0
B@CP 1424 -0.151635598 0.301951601 -0.154042139 0 0 0
B@CP 1428 0.25459853 0.389772957 0.0193075315 0 0 0
B@CP 1429 0.109819208 0.116031609 0.302205025 0 0 0
B@CP 1433 0.0121964014 0.291492779 -0.313780232 0 0 0
B@CP 1434 0.235388013 -0.304224013 -0.134695441 0 0 0
B@CP 1436 0.088913314 -0.0804347045 0.352843053 0 0 0
B@CP 1438 -0.0931557311 0.15105887 0.312193482 0 0 0
B@CP 1439 -0.155993189 0.159548706 -0.327990846 0 0 0
B@CP 1446 -0.076751146 -0.186643545 -0.137451737 0 0 0
B@CP 1448 -0.0781329257 -0.379703653 -0.228602225 0 0 0
B@CP 1452 0.201982848 -0.23516971 -0.254580762 0 0 0
B@CP 1453 0.0311489143 0.205303819 -0.378125123 0 0 0
B@CP 1454 0.231289609 -0.27782165 -0.107045646 0 0 0
B@CP 1465 0.403367276 -0.195665173 -0.106882417 0 0 0
B@CP 1466 -0.0262645718 -0.0798770888 0.358972429 0 0 0
B@CP 1470 -0.0690391814 0.164549263 0.0495682881 0 0 0
B@CP 1471 -0.270569954 -0.0416000932 0.262014441 0 0 0
B@CP 1472 0.364467556 -0.238129857 -0.104060386 0 0 0
B@CP 1478 0.117401714 -0.27500461 -0.0279971809 0 0 0
B@CP 1481 0.181256202 -0.36088238 0.182267373 0 0 0
B@CP 1482 -0.0451860712 0.263521573 -0.247068892 0 0 0
B@CP 1483 0.140173756 0.0360785723 -0.110417338 0 0 0
B@CP 1486 -0.0681658862 -0.264835321 0.139570356 0 0 0
B@CP 1489 -0.0936280383 0.220619263 -0.296342623 0 0 0
B@CP 1490 -0.0318620125 -0.0357652219 0.349943876 0 0 0
B@CP 1491 -0.15872778 -0.37607061 -0.0841509947 0 0 0
B@CP 1492 -0.126560254 0.0976542343 -0.151552005 0 0 0
B@CP 1495 0.0819880877 0.062450299 0.373168059 0 0 0
B@CP 1500 -0.00845461336 0.0829512958 -0.460262697 0 0 0
B@CP 1504 0.112947291 0.265328649 0.228906745 0 0 0
B@CP 1505 0.154267884 -0.189746843 -0.0673465408 0 0 0
B@CP 1509 0.405287669 -0.0811466855 -0.216302628 0 0 0
B@CP 1515 -0.188544509 0.0018449465 0.0382769196 0 0 0
B@CP 1519 0.0434706857 -0.266596918 0.0726342437 0 0 0
B@CP 1523 0.0972650686 -0.372379899 -0.0745298359 0 0 0
B@CP 1524 0.437447796 -0.063819628 0.0481206425 0 0 0
B@CP 1526 -0.369441244 0.228114752 0.0170272388 0 0 0
B@CP 1527 0.131703127 -0.325094599 0.258221037 0 0 0
B@CP 1530 0.400653025 0.0772812598 0.173203316 0 0 0
B@CP 1534 0.399691685 0.0816378793 -0.1222664 0 0 0
B@CP 1536 0.198075101 0.280447232 0.0231984264 0 0 0
B@CP 1551 0.00221379599 -0.106506458 0.0308373063 0 0 0
B@CP 1552 -0.0349062597 0.0549934645 0.00254397661 0 0 0
B@CP 1555 0.180843241 -0.0916359225 0.050171686 0 0 0
B@CP 1561 -0.00378917689 -0.189996282 -0.0711312196 0 0 0
B@CP 1567 -0.316178385 -0.0768303969 -0.312357842 0 0 0
B@CP 1569 -0.277504011 -0.0236940987 -0.353903845 0 0 0
B@CP 1572 0.132362111 -0.072211525 -0.411141501 0 0 0
B@CP 1573 -0.292510901 0.241575179 -0.0675010823 0 0 0
B@CP 1576 0.0245321764 -0.144683035 -0.354497389 0 0 0
B@CP 1580 -0.0803244692 -0.268063768 0.191634138 0 0 0
B@CP 1583 -0.0610156977 -0.446033197 -0.0449629551 0 0 0
B@CP 1584 -0.311258967 0.16847975 0.283317905 0 0 0
B@CP 1586 -0.368519081 -0.147216704 0.0429448997 0 0 0
B@CP 1588 0.429487076 -0.0370130803 0.170065778 0 0 0
B@CP 1589 -0.0269749907 -0.169929268 -0.307923611 0 0 0
B@CP 1596 0.153322986 -0.304986574 -0.176557331 0 0 0
B@CP 1600 -0.0552011089 0.353781028 0.184527581 0 0 0
B@CP 1606 0.233756769 0.246147349 0.107841489 0 0 0
B@CP 1609 0.271166635 0.101492423 -0.0769757833 0 0 0
B@CP 1611 -0.00924622876 -0.269572863 -0.254137892 0 0 0
B@CP 1613 0.150581276 -0.105938553 0.0719433769 0 0 0
B@CP 1625 -0.1412194 0.377234088 -0.215522179 0 0 0
B@CP 1630 0.322745765 0.00300510621 -0.0109183772 0 0 0
B@CP 1637 0.229852803 0.0328792604 0.170112355 0 0 0
B@CP 1638 -0.0164771353 0.227387232 0.00397191044 0 0 0
B@CP 1642 -0.132065672 -0.0888023286 0.35030639 0 0 0
B@CP 1645 0.0657470522 0.357107313 0.0135511004 0 0 0
B@CP 1649 -0.235172135 0.0642559467 0.219012489 0 0 0
B@CP 1655 0.142727488 0.0921199519 -0.0994068738 0 0 0
B@CP 1656 -0.308626689 0.0473429719 0.0944025088 0 0 0
B@CP 1673 0.0030800413 -0.46266786 0.0285384593 0 0 0
B@CP 1678 0.15916621 0.383556942 -0.106928544 0 0 0
B@CP 1679 -0.0926849949 -0.349635406 -0.127799054 0 0 0
B@CP 1681 -0.211700521 0.303018965 0.14432106 0 0 0
B@CP 1686 0.190414337 -0.0267697076 0.305859262 0 0 0
B@CP 1690 0.240228701 0.0830574694 -0.122868817 0 0 0
B@CP 1694 -0.26927605 0.323717342 -0.187012758 0 0 0
B@CP 1696 0.402196654 -0.140357896 0.0372525449 0 0 0
B@CP 1697 -0.204655265 0.174354082 0.338536 0 0 0
B@CP 1701 0.238289992 -0.157132209 0.400036242 0 0 0
B@CP 1703 0.0499211421 -0.382144772 0.0769941331 0 0 0
B@CP 1710 0.140348864 -0.0940125516 -0.270828431 0 0 0
B@CP 1719 -0.0788636187 0.123601036 -0.0790978842 0 0 0
B@CP 1722 -0.444799669 0.051643198 -0.0941340777 0 0 0
B@CP 1727 0.0637963783 0.288989834 -0.157015634 0 0 0
B@CP 1733 0.307790431 -0.300002026 -0.0285405575 0 0 0
B@CP 1735 -0.0426447405 0.165532256 0.405455596 0 0 0
B@CP 1736 0.273044734 0.0669136831 -0.180302955 0 0 0
B@CP 1739 -0.342718426 -0.249598282 -0.110480923 0 0 0
B@CP 1740 -0.210120019 -0.198359693 -0.322443851 0 0 0
B@CP 1743 0.314983713 -0.125116566 0.190914498 0 0 0
B@CP 1745 0.136023691 0.391156844 0.0540035002 0 0 0
B@CP 1746 -0.0255116019 -0.141529759 -0.26503855 0 0 0
B@CP 1747 -0.23479039 0.122952786 0.266580822 0 0 0
B@CP 1748 -0.00818558743 0.032554166 -0.480836986 0 0 0
B@CP 1751 0.123524395 0.0635782966 -0.296497798 0 0 0
B@CP 1752 0.170586006 0.399376214 -0.20342923 0 0 0
B@CP 1755 0.30007969 0.181404822 0.150444005 0 0 0
B@CP 1763 -0.0201672519 0.17227791 -0.231487486 0 0 0
B@CP 1774 0.312284939 -0.12586812 -0.289487508 0 0 0
B@CP 1777 0.0973715896 -0.0283738355 -0.404351497 0 0 0
B@CP 1781 0.162041327 0.2324393 0.0969244433 0 0 0
B@CP 1789 -0.069901008 -0.0162588263 -0.467567536 0 0 0
B@CP 1790 -0.276030247 -0.083381506 0.156255268 0 0 0
B@CP 1793 -0.0184294547 0.226132426 0.0168907985 0 0 0
B@CP 1800 0.361253598 -0.260329775 0.0626295507 0 0 0
B@CP 1802 0.0214107845 0.169762356 -0.243954113 0 0 0
B@CP 1803 -0.0111310572 -0.226981966 -0.41765094 0 0 0
B@CP 1804 0.0126882492 0.1047446 -0.194754001 0 0 0
B@CP 1807 0.173810775 0.0249298979 -0.0569343777 0 0 0
B@CP 1814 0.0841990625 -0.12890329 0.181185469 0 0 0
B@CP 1815 -0.153496451 0.105097315 0.0708069741 0 0 0
B@CP 1817 -0.0931656226 -0.1669467 0.317404652 0 0 0
B@CP 1819 0.0202029836 0.460321074 -0.0451245534 0 0 0
B@CP 1822 0.179265568 0.12601961 0.284528338 0 0 0
B@CP 1823 -0.178715464 0.00657329747 -0.347286842 0 0 0
B@CP 1826 -0.0137694723 0.330360844 0.095951306 0 0 0
B@CP 1828 -0.0515182442 -0.392843502 0.151519498 0 0 0
B@CP 1835 -0.394677722 -0.0494087869 0.0559007255 0 0 0
B@CP 1836 0.0898703297 0.351826375 -0.0639471135 0 0 0
B@CP 1838 -0.0390200822 -0.223684249 -0.173135079 0 0 0
B@CP 1840 -0.0361890854 0.245560197 0.230124791 0 0 0
B@CP 1842 -0.246132566 -0.11877416 0.19980261 0 0 0
B@CP 1844 -0.0724121369 0.062130417 0.154989647 0 0 0
B@CP 1847 0.273437078 -0.337842745 0.148197864 0 0 0
B@CP 1848 -0.111029707 -0.274573603 0.00261422712 0 0 0
B@CP 1851 -0.00998632419 -0.309542453 0.0713657598 0 0 0
B@CP 1852 0.306601819 -0.111713639 0.0135692789 0 0 0
B@CP 1855 -0.140419403 0.12147945 -0.295567611 0 0 0
B@CP 1856 -0.195093849 0.0164427449 0.132001532 0 0 0
B@CP 1858 0.206689701 -0.18534547 -0.165117148 0 0 0
B@CP 1861 -0.431524874 -0.158993154 -0.00192475583 0 0 0
B@CP 1862 0.187049006 -0.286946618 0.0309987696 0 0 0
B@CP 1866 -0.167511627 0.0445361673 -0.0280930107 0 0 0
B@CP 1870 0.0309264116 0.0694493126 -0.358652298 0 0 0
B@CP 1872 0.0843470533 0.41415535 -0.0389649271 0 0 0
B@CP 1873 -0.339648964 0.132996469 0.0255369908 0 0 0
B@CP 1877 -0.0390725008 -0.109147134 -0.237145124 0 0 0
B@CP 1879 -0.00578259154 -0.286336081 -0.215723456 0 0 0
B@CP 1880 -0.138867784 0.256895365 -0.0888585526 0 0 0
B@CP 1881 -0.321709245 0.0110594895 -0.267538999 0 0 0
B@CP 1883 0.0332715044 -0.0914942054 0.218828992 0 0 0
B@CP 1887 -0.274190188 0.127038307 -0.0496690431 0 0 0
B@CP 1890 -0.173911538 0.118990261 0.421485441 0 0 0
B@CP 1891 -0.24302507 -0.216988735 0.211609915 0 0 0
B@CP 1892 -0.105617227 -0.339199857 -0.13158346 0 0 0
B@CP 1893 -0.423139631 -0.021678119 0.0118045212 0 0 0
B@CP 1899 -0.0890045235 -0.383099431 -0.108316685 0 0 0
B@CP 1901 -0.33183203 0.162856666 0.0977446783 0 0 0
B@CP 1903 0.313104769 -0.168886698 -0.126624442 0 0 0
B@CP 1906 -0.0226525529 -0.162283203 0.136793697 0 0 0
B@CP 1909 0.064315887 -0.102925341 0.395861242 0 0 0
B@CP 1910 0.0693142984 -0.384170213 -0.00994790068 0 0 0
B@CP 1911 -0.158704283 0.295398715 -0.301844052 0 0 0
B@CP 1915 -0.0607542345 -0.359533269 0.132505737 0 0 0
B@CP 1917 -0.00162279165 -0.270885694 -0.150349384 0 0 0
B@CP 1920 0.133635737 -0.0719997768 0.338837437 0 0 0
B@CP 1921 -0.16047669 0.0120203882 -0.172557959 0 0 0
B@CP 1922 -0.151218076 -0.16813997 0.0191639934 0 0 0
B@CP 1925 0.191693578 0.213192764 0.13528052 0 0 0
B@CP 1935 0.0228008437 0.243091237 -0.170157155 0 0 0
B@CP 1937 0.185985 0.0191985393 -0.153630617 0 0 0
B@CP 1939 0.255185231 -0.276039074 0.0948994928 0 0 0
B@CP 1950 -0.428000767 -0.0981158149 0.117579156 0 0 0
B@CP 1955 -0.396537392 -0.0855109996 0.0319459806 0 0 0
B@CP 1958 -0.213904526 -0.0259245942 0.0651394891 0 0 0
B@CP 1960 -0.127164572 0.0883675167 0.193075481 0 0 0
B@CP 1967 -0.0774405102 -0.090504496 -0.126164209 0 0 0
B@CP 1970 -0.221863946 -0.267840964 0.301034534 0 0 0
B@CP 1974 -0.124008066 -0.410419019 -0.214331294 0 0 0
B@CP 1980 -0.29563038 -0.114006249 -0.160213983 0 0 0
B@CP 1993 0.0341955236 0.0752920587 0.0439651524 0 0 0
B@CP 1994 0.114739733 0.321252472 0.076877876 0 0 0
B@CP 1996 -0.0311741105 -0.280931535 0.0729382597 0 0 0
B@CP 1999 0.21246725 0.228531513 -0.0384294139 0 0 0
B@CP 2002 0.416820693 -0.0825125324 0.132405704 0 0 0
B@CP 2005 0.0245605641 0.210109763 0.322476468 0 0 0
B@CP 2013 -0.0904357487 0.0424161026 0.1475057 0 0 0
B@CP 2019 0.0922694354 0.277512229 0.352171682 0 0 0
B@CP 2021 0.403529179 -0.0117781007 0.24063449 0 0 0
B@CP 2022 -0.140407627 0.347115331 -0.242064303 0 0 0
B@CP 2024 0.246768801 0.161160989 0.0470146545 0 0 0
B@CP 2025 -0.219447922 -0.254399525 0.319325278 0 0 0
B@CP 2026 -0.175584779 0.424621984 -0.0876992084 0 0 0
B@CP 2028 0.26282404 -0.210175111 -0.120924444 0 0 0
B@CP 2029 0.103116116 0.124694924 0.00630909249 0 0 0
B@CP 2032 -0.0651414721 0.184053101 -0.110926233 0 0 0
B@CP 2033 0.23082453 0.0710454772 -0.296218554 0 0 0
B@CP 2034 -0.0290209285 0.201379965 -0.120108075 0 0 0
B@CP 2036 0.273338576 0.294104507 0.0413139347 0 0 0
B@CP 2037 0.0734308004 -0.0300697602 0.048152577 0 0 0
B@CP 2040 -0.294189938 0.147985456 -0.0770131578 0 0 0
B@CP 2042 0.312244779 -0.226414698 0.178951273 0 0 0
B@CP 2043 0.112197357 0.244795761 -0.00212066923 0 0 0
B@CP 2048 0.0228048131 -0.0980792215 0.0435586943 0 0 0
B@CP 2050 -0.0397312997 0.404643318 0.0808297201 0 0 0
B@CP 2053 0.180854703 0.28800243 0.225790651 0 0 0
B@CP 2057 0.272565452 -0.253984708 0.206911446 0 0 0
B@CP 2059 -0.213527246 0.372799975 -0.12954427 0 0 0
B@CP 2060 0.184308613 0.158172064 -0.0995683459 0 0 0
B@CP 2068 -0.337787971 0.0670526246 -0.0455546832 0 0 0
B@CP 2076 -0.293970061 0.117532774 -0.0666304709 0 0 0
B@CP 2077 -0.262636305 -0.321559546 -0.0607218926 0 0 0
B@CP 2078 0.170601127 0.0540147067 0.311573719 0 0 0
B@CP 2079 -0.343673949 -0.298793316 -0.0118089448 0 0 0
B@CP 2081 -0.0125317754 0.259125317 -0.02789579 0 0 0
B@CP 2082 0.219691366 -0.133287861 -0.315965444 0 0 0
B@CP 2083 0.0711313235 -0.174211031 -0.0891793872 0 0 0
B@CP 2086 0.27906744 -0.0226982892 0.192534472 0 0 0
B@CP 2087 0.0973363362 0.224436848 0.326163868 0 0 0
B@CP 2091 0.189998397 0.290200461 -0.249555123 0 0 0
B@CP 2095 0.285104805 0.321288875 0.122819893 0 0 0
B@CP 2103 -0.307668295 -0.0953593272 0.259995677 0 0 0
B@CP 2105 0.300541774 0.263072976 -0.00857343741 0 0 0
B@CP 2109 -0.126111703 -0.240963228 0.217568383 0 0 0
B@CP 2110 -0.334803945 0.134192836 0.0721407762 0 0 0
B@CP 2111 -0.186199424 -0.136127086 0.162789819 0 0 0
B@CP 2113 -0.322108786 0.100057314 -0.244969634 0 0 0
B@CP 2114 0.250985085 0.283786159 0.048176966 0 0 0
B@CP 2115 0.355829154 -0.00901375699 0.236296467 0 0 0
B@CP 2117 0.164832462 -0.116470939 0.0167052446 0 0 0
B@CP 2118 -0.158234861 -0.135932492 0.0133682717 0 0 0
B@CP 2119 -0.0530220066 -0.0123508114 -0.371464326 0 0 0
B@CP 2125 0.0293483491 -0.121984906 -0.343480473 0 0 0
B@CP 2127 0.0537693501 -0.4154732 0.0898517429 0 0 0
B@CP 2130 0.0967316298 -0.189580395 0.283314303 0 0 0
B@CP 2131 0.0830512658 -0.236002051 -0.236405049 0 0 0
B@CP 2133 0.359725002 -0.120737653 0.000789448258 0 0 0
B@CP 2134 0.208248016 -0.35386181 -0.0829230547 0 0 0
B@CP 2136 -0.308230023 0.341681907 0.0955767763 0 0 0
B@CP 2141 0.394506924 0.248505641 -0.0417572054 0 0 0
B@CP 2144 -0.434001808 -0.041361493 -0.00982234409 0 0 0
B@CP 2145 -0.0103227315 -0.373310386 -0.061766033 0 0 0
B@CP 2149 -0.165268739 0.0372292547 -0.101996572 0 0 0
B@CP 2154 0.0177920308 -0.0330601193 -0.437935172 0 0 0
B@CP 2161 -0.0858527349 -0.0655556754 -0.26077202 0 0 0
B@CP 2164 0.0425743917 -0.278816849 -0.121264723 0 0 0
B@CP 2166 0.0263927232 -0.130739897 -0.136927895 0 0 0
B@CP 2168 -0.162040317 3.28823805e-05 -0.161443534 0 0 0
B@CP 2169 -0.283597363 -0.0411166065 -0.329777084 0 0 0
B@CP 2175 -0.0470620245 0.0865244338 -0.216496678 0 0 0
B@CP 2177 0.255617653 0.349468228 0.063896642 0 0 0
B@CP 2182 -0.171841602 0.314884267 0.028348789 0 0 0
B@CP 2186 -0.159086444 -0.377613402 0.112326102 0 0 0
B@CP 2188 -0.297570448 0.043560415 -0.130133428 0 0 0
B@CP 2203 0.267511615 0.170285675 -0.231363397 0 0 0
B@CP 2205 -0.120579472 0.191236802 0.234252631 0 0 0
B@CP 2207 -0.393013774 0.0701346246 -0.138691744 0 0 0
B@CP 2208 -0.278906163 -0.145196642 0.291461328 0 0 0
B@CP 2213 0.0264132919 -0.187857273 -0.158526812 0 0 0
B@CP 2215 0.216745144 0.314394476 0.199376179 0 0 0
B@CP 2217 0.178796242 0.339140461 -0.199419883 0 0 0
B@CP 2220 0.202408521 0.201901831 0.0957214773 0 0 0
B@CP 2221 -0.145524928 0.0926163186 -0.132308405 0 0 0
B@CP 2222 -0.224417422 -0.264178467 0.246140368 0 0 0
B@CP 2225 -0.174972582 -0.14413369 -0.102380365 0 0 0
B@CP 2226 0.358500436 0.0398336052 -0.135787591 0 0 0
B@CP 2228 -0.00339227733 -0.359248473 0.104733485 0 0 0
B@CP 2230 0.0523741281 -0.264928836 0.0259497942 0 0 0
B@CP 2233 -0.155110685 -0.0287017125 -0.278721514 0 0 0
B@CP 2234 0.173895901 -0.288605439 0.315790567 0 0 0
B@CP 2248 -0.361661864 -0.0141430202 -0.129443484 0 0 0
B@CP 2250 0.232639198 0.0696266392 0.0190331851 0 0 0
B@CP 2251 0.00832006301 0.375531033 -0.174083779 0 0 0
B@CP 2252 -0.15571249 -0.34794089 -0.146166704 0 0 0
B@CP 2254 0.373943019 0.200643031 0.105104221 0 0 0
B@CP 2255 0.231212131 0.32754275 0.149188903 0 0 0
B@CP 2256 -0.318021091 -0.11977163 0.1116614 0 0 0
B@CP 2263 -0.0672704424 0.242979752 0.157760979 0 0 0
B@CP 2267 -0.0157140071 -0.129464268 -0.423037361 0 0 0
B@CP 2271 0.288764585 -0.262389677 -0.0606010926 0 0 0
B@CP 2272 -0.172122021 0.263266487 -0.0226380364 0 0 0
B@CP 2273 0.0272828234 0.364562578 0.0881622398 0 0 0
B@CP 2275 0.11674312 0.0679526723 -0.229610773 0 0 0
B@CP 2279 0.248447186 0.021659757 -0.0771275249 0 0 0
B@CP 2282 -0.150518687 -0.33414596 -0.197454762 0 0 0
B@CP 2284 0.215299166 0.154887136 0.298329981 0 0 0
B@CP 2285 0.0249679969 -0.25063899 0.0392029856 0 0 0
B@CP 2293 -0.202568103 0.0484969981 0.0631632032 0 0 0
B@CP 2299 -0.293389854 -0.152689597 0.291577638 0 0 0
B@CP 2300 0.0437559259 0.0364373965 0.120331479 0 0 0
B@CP 2301 0.353250756 0.0802832334 -0.0661620957 0 0 0
B@CP 2303 0.423801342 -0.025306759 0.0311921582 0 0 0
B@CP 2305 -0.0681256591 -0.0390574077 0.112737063 0 0 0
B@CP 2309 -0.237258666 0.261747356 0.172389406 0 0 0
B@CP 2313 0.0105939442 -0.052056656 -0.224761602 0 0 0
B@CP 2315 0.167297019 0.143837617 0.157816872 0 0 0
B@CP 2320 0.291962937 -0.295131644 0.101860602 0 0 0
B@CP 2325 -0.0312013279 -0.0834955379 0.251312131 0 0 0
B@CP 2329 0.09296519 0.0343366695 0.0517708557 0 0 0
B@CP 2331 -0.158030219 -0.391682932 0.0750407483 0 0 0
B@CP 2332 0.103865575 0.219325699 -0.170164498 0 0 0
B@CP 2333 0.160621691 0.394270763 0.111971869 0 0 0
B@CP 2335 -0.143655623 0.122430496 -0.190001815 0 0 0
B@CP 2336 -0.041118468 0.200695702 -0.332550725 0 0 0
B@CP 2340 -0.292064504 0.0217628958 0.327579773 0 0 0
B@CP 2343 -0.301305782 -0.118799245 0.0119988568 0 0 0
B@CP 2346 -0.293090657 -0.231736025 -0.179052466 0 0 0
B@CP 2348 0.162698258 0.13628234 0.311572579 0 0 0
B@CP 2350 -0.160170304 -0.0610771573 0.373169706 0 0 0
B@CP 2351 0.174698235 -0.195627681 0.158234574 0 0 0
B@CP 2352 -0.251298741 0.315120672 -0.136276956 0 0 0
B@CP 2356 -0.207819519 -0.120686703 0.24292753 0 0 0
B@CP 2357 -0.0525318864 0.09181741 0.291078209 0 0 0
B@CP 2359 -0.134886411 -0.213126088 0.225288454 0 0 0
B@CP 2363 0.322574315 -0.065727401 0.25105479 0 0 0
B@CP 2365 -0.39867215 0.11332757 -0.178721055 0 0 0
B@CP 2368 -0.222205787 0.340871908 0.209602773 0 0 0
B@CP 2369 0.128841815 0.230874358 0.0852455612 0 0 0
B@CP 2370 0.0536992118 0.161312385 0.345435359 0 0 0
B@CP 2372 -0.0989196637 0.0981613431 0.339748547 0 0 0
B@CP 2373 -0.31690315 0.161631382 0.115818253 0 0 0
B@CP 2376 -0.30711016 -0.0203890466 -0.126105257 0 0 0
B@CP 2381 0.0421685679 0.278905704 0.261522738 0 0 0
B@CP 2382 0.0195242089 -0.0607208133 -0.262666284 0 0 0
B@CP 2383 -0.0286288525 0.259683691 -0.352847234 0 0 0
B@CP 2386 -0.0022161144 -0.273005976 0.0778627588 0 0 0
B@CP 2388 -0.150329777 -0.157195478 -0.336125439 0 0 0
B@CP 2392 0.280275911 0.227809632 -0.0908030257 0 0 0
B@CP 2395 -0.0419649047 -0.220209179 0.329978499 0 0 0
B@CP 2397 -0.281930279 0.311951334 -0.0189365092 0 0 0
B@CP 2400 -0.132113149 -0.126709562 -0.159423022 0 0 0
B@CP 2402 0.0488789171 -0.00564142305 0.218288715 0 0 0
B@CP 2405 -0.0704684722 0.132107298 0.323735064 0 0 0
B@CP 2411 0.072596732 0.318275041 0.0124294304 0 0 0
B@CP 2413 0.0975886549 0.013814025 0.244485355 0 0 0
B@CP 2416 -0.307383595 0.0562515038 -0.104892539 0 0 0
B@CP 2421 -0.287950037 -0.182105038 0.0305037434 0 0 0
B@CP 2437 0.117775216 0.0720213896 0.112943117 0 0 0
B@CP 2441 -0.232576939 0.202770469 -0.192235888 0 0 0
B@CP 2456 0.268701863 0.234467091 -0.191836687 0 0 0
B@CP 2457 -0.118809931 0.422803595 -0.104401635 0 0 0
B@CP 2459 -0.345550075 -0.229547385 -0.0736509952 0 0 0
B@CP 2460 0.00145441771 0.151518502 -0.0770019179 0 0 0
B@CP 2461 -0.01196105 0.342587678 -0.205175109 0 0 0
B@CP 2462 -0.0498846279 -0.00409784367 -0.0724439881 0 0 0
B@CP 2467 -0.161602481 0.17077974 -0.332811537 0 0 0
B@CP 2471 0.235380339 0.399475796 -0.0404789655 0 0 0
B@CP 2475 0.000444795769 0.169916032 0.246184738 0 0 0
B@CP 2477 -0.267742613 -0.0941069808 0.20888144 0 0 0
B@CP 2481 -0.0345772916 -0.390050465 -0.189745602 0 0 0
B@CP 2487 0.236348844 -0.0873470308 -0.231291555 0 0 0
B@CP 2492 -0.00397501745 -0.0137289494 -0.223548901 0 0 0
C@CP 2500 -0.265341657 0.0400507167 -0.197198196 0 0 0
C@CP 2501 -0.214326963 0.0439834078 -0.341443731 0 0 0
C@CP 2502 0.114693082 -0.319805988 0.259201484 0 0 0
C@CP 2503 -0.0759041945 0.0834551588 -0.238594909 0 0 0
C@CP 2504 -0.206554413 -0.146350119 -0.285443287 0 0 0
C@CP 2505 0.0893435329 0.00219057777 -0.450059813 0 0 0
C@CP 2506 0.250082906 -0.223758782 0.17870054 0 0 0
C@CP 2507 0.204068355 -0.168185796 0.033753562 0 0 0
C@CP 2508 -0.12045226 0.129539624 0.280175149 0 0 0
C@CP 2509 0.173584157 0.150582498 0.0114725403 0 0 0
C@CP 2510 -0.0654072732 0.131685539 0.0337291621 0 0 0
C@CP 2511 -0.222029249 0.102870373 0.00450072399 0 0 0
C@CP 2512 -0.430688392 0.0934849304 0.0629855021 0 0 0
C@CP 2513 0.317211251 0.25731172 0.0158448829 0 0 0
C@CP 2514 0.198451538 -0.212772315 -0.167917964 0 0 0
C@CP 2515 -0.220084952 -0.119534871 -0.191736456 0 0 0
C@CP 2516 -0.105021396 0.0120703598 -0.311913779 0 0 0
C@CP 2517 -0.181834387 -0.424068354 -0.0246815239 0 0 0
C@CP 2518 -0.114752567 0.119483487 0.0534045234 0 0 0
C@CP 2519 -0.175640472 0.332353799 -0.116695983 0 0 0
C@CP 2520 0.254558376 -0.165587995 0.203255305 0 0 0
C@CP 2521 0.231907821 -0.29995037 0.136471496 0 0 0
C@CP 2522 -0.223663518 0.121500746 0.0215040482 0 0 0
C@CP 2523 0.0537810015 -0.00328910878 0.150033643 0 0 0
C@CP 2524 -0.00770362686 -0.372698567 -0.194178945 0 0 0
C@CP 2525 -0.0766883855 0.0937599119 -0.368317479 0 0 0
C@CP 2526 0.234586982 0.203206775 0.152912884 0 0 0
C@CP 2527 -0.107940133 0.0794667947 0.377544012 0 0 0
C@CP 2528 0.0319302352 0.28113119 -0.128572213 0 0 0
C@CP 2529 -0.0850763538 0.00581341838 -0.293785898 0 0 0
C@CP 2530 0.225872923 -0.10473131 0.344745115 0 0 0
C@CP 2531 -0.344232526 0.0374804189 0.0656172603 0 0 0
C@CP 2532 0.0369298691 -0.0702775753 0.0139773959 0 0 0
C@CP 2533 0.350166062 0.184908371 -0.00255021814 0 0 0
C@CP 2534 -0.12609061 -0.132613112 -0.345329148 0 0 0
C@CP 2535 -0.0556580028 0.188385383 -0.314787498 0 0 0
C@CP 2536 0.00237062395 0.331239329 -0.0342304684 0 0 0
C@CP 2537 0.37751786 0.184570254 -0.0755871266 0 0 0
C@CP 2538 -0.18408395 0.0410077262 0.329451337 0 0 0
C@CP 2539 -0.324080259 -0.105534773 -0.279199691 0 0 0
C@CP 2540 -0.246176692 0.217337122 0.177222003 0 0 0
C@CP 2541 -0.299510859 -0.338743402 -0.0557317653 0 0 0
C@CP 2542 -0.127743096 -0.135838812 -0.253670288 0 0 0
C@CP 2543 -0.387519828 0.0348199875 0.279091319 0 0 0
C@CP 2544 0.364967824 -0.0730470228 0.0468911328 0 0 0
C@CP 2545 0.215607596 -0.273627702 -0.228163912 0 0 0
C@CP 2546 0.246040848 0.208760366 -0.316711931 0 0 0
C@CP 2547 -0.430171101 -0.0163623927 0.0771140948 0 0 0
C@CP 2548 0.0575700525 -0.334906182 -0.0679613019 0 0 0
C@CP 2549 0.0406680769 0.242103479 0.401547597 0 0 0
C@CP 2550 -0.36918898 0.064126106 -0.179833744 0 0 0
C@CP 2551 0.222185295 0.261543379 0.280318332 0 0 0
C@CP 2552 -0.295674767 0.282462353 0.0315937849 0 0 0
C@CP 2553 0.27128714 0.0435502745 0.366605401 0 0 0
C@CP 2554 -0.082689554 0.350057817 0.0513904916 0 0 0
C@CP 2555 -0.383255938 0.115462767 0.213851395 0 0 0
C@CP 2556 0.222454882 0.396319344 -0.117567421 0 0 0
C@CP 2557 0.243827762 -0.181625219 -0.309735699 0 0 0
C@CP 2558 -0.116304988 0.0187603144 0.238739653 0 0 0
C@CP 2559 -0.287845618 0.205180916 0.0369306673 0 0 0
C@CP 2560 -0.197895895 0.143302411 0.0191759439 0 0 0
C@CP 2561 0.0146822887 0.417018291 -0.081766155 0 0 0
C@CP 2562 0.102576555 0.134123242 0.125422784 0 0 0
C@CP 2563 0.320853827 -0.194168479 -0.183938866 0 0 0
C@CP 2564 0.0719974386 0.109686001 0.0650483607 0 0 0
C@CP 2565 -0.112086717 0.140237459 -0.352003396 0 0 0
C@CP 2566 -0.352860471 0.147256588 -0.0257917448 0 0 0
C@CP 2567 -0.057407546 -0.352169029 0.255491313 0 0 0
C@CP 2568 -0.280803547 -0.0781483985 0.0984107222 0 0 0
C@CP 2569 0.0650721193 0.317993639 -0.0886154132 0 0 0
C@CP 2570 -0.29065706 0.243765045 -0.231261194 0 0 0
C@CP 2571 -0.223919402 0.0782013245 -0.397328087 0 0 0
C@CP 2572 0.105431517 0.368742651 -0.187841972 0 0 0
C@CP 2573 -0.113299971 0.384980545 0.0722956286 0 0 0
C@CP 2574 0.286942375 -0.122449075 -0.329485306 0 0 0
C@CP 2575 0.417726251 0.0416833393 0.197846751 0 0 0
C@CP 2576 -0.160444134 -0.231189826 -0.213276073 0 0 0
C@CP 2577 0.350157916 0.00128037437 -0.236289244 0 0 0
C@CP 2578 0.112089427 -0.421863606 0.151453478 0 0 0
C@CP 2579 0.297862806 0.18871562 0.159138207 0 0 0
C@CP 2580 0.163126186 0.18132156 -0.201387133 0 0 0
C@CP 2581 0.40062249 -0.184041008 -0.124840122 0 0 0
C@CP 2582 0.010461387 -0.146435801 0.0192044004 0 0 0
C@CP 2583 -0.389176631 0.137778551 0.184037278 0 0 0
C@CP 2584 -0.0559340586 -0.215691883 -0.196817507 0 0 0
C@CP 2585 0.243823882 0.244932032 0.280321048 0 0 0
C@CP 2586 0.201103939 0.399692124 -0.00766750683 0 0 0
C@CP 2587 0.247461741 -0.164317046 -0.0585032188 0 0 0
C@CP 2588 -0.0936948522 -0.152942504 0.203123336 0 0 0
C@CP 2589 0.017830423 -0.0730329719 -0.0718350138 0 0 0
C@CP 2590 -0.067406165 -0.167580565 0.237790181 0 0 0
C@CP 2591 -0.175170388 -0.138861904 -0.0317053386 0 0 0
C@CP 2592 -0.424017039 0.0170299962 -0.0764956985 0 0 0
C@CP 2593 0.0992870001 0.355068244 -0.0579132809 0 0 0
C@CP 2594 0.425254887 -0.0599366466 0.0530416931 0 0 0
C@CP 2595 -0.15211189 -0.235584868 -0.280760282 0 0 0
C@CP 2596 -0.0803157698 -0.0837662557 0.165293872 0 0 0
C@CP 2597 0.059303833 -0.175474101 0.133960246 0 0 0
C@CP 2598 0.441238446 0.0264900336 0.012618293 0 0 0
C@CP 2599 0.197904619 -0.0901471304 -0.384304031 0 0 0
C@CP 2600 0.373715553 0.0735420342 -0.179190905 0 0 0
C@CP 2601 0.160258124 -0.391039289 -0.0045659944 0 0 0
C@CP 2602 0.352866104 -0.18359813 0.037282624 0 0 0
C@CP 2603 0.0186405327 0.290855347 -0.35535419 0 0 0
C@CP 2604 0.031000793 0.15811999 -0.143356405 0 0 0
C@CP 2605 0.236095708 0.350876354 -0.192022872 0 0 0
C@CP 2606 0.339148244 -0.162171441 -0.0298636854 0 0 0
C@CP 2607 -0.242515016 -0.071998206 0.00585056923 0 0 0
C@CP 2608 0.0278624757 -0.275908978 0.19937783 0 0 0
C@CP 2609 0.29141447 -0.0399888394 -0.216426257 0 0 0
C@CP 2610 0.37182847 -0.0716503177 -0.0639169859 0 0 0
C@CP 2611 0.0571692114 0.114962133 -0.160170987 0 0 0
C@CP 2612 0.16474603 0.0318680796 -0.118717778 0 0 0
C@CP 2613 0.375836774 -0.056565342 0.111503002 0 0 0
C@CP 2614 0.040349951 0.0752530696 0.121885571 0 0 0
C@CP 2615 0.146602025 0.37987186 -0.105266783 0 0 0
C@CP 2616 -0.285327004 -0.11529199 -0.354090739 0 0 0
C@CP 2617 -0.216803829 -0.276484877 -0.0443280207 0 0 0
C@CP 2618 -0.283369203 0.213117498 -0.064301394 0 0 0
C@CP 2619 0.15716937 0.164030883 0.352968251 0 0 0
C@CP 2620 0.0689750047 -0.239477543 -0.20393228 0 0 0
C@CP 2621 0.0659547974 -0.100079998 0.451304312 0 0 0
C@CP 2622 0.0988955788 0.171485685 -0.189394901 0 0 0
C@CP 2623 0.128942978 0.0500388773 0.336191952 0 0 0
C@CP 2624 0.246834621 -0.158700398 -0.0239962191 0 0 0
C@CP 2625 0.0227854938 0.0500572694 -0.39778242 0 0 0
C@CP 2626 -0.0857097422 -0.0935781982 -0.289505847 0 0 0
C@CP 2627 0.0204150637 0.0595218773 -0.303634534 0 0 0
C@CP 2628 -0.0777016363 -0.338044568 -0.0185874836 0 0 0
C@CP 2629 0.0146202959 -0.124030025 -0.110084274 0 0 0
C@CP 2630 0.290744781 0.100773654 -0.170950131 0 0 0
C@CP 2631 0.113787714 0.0664322152 0.269691462 0 0 0
C@CP 2632 0.117058564 -0.136103066 -0.350993336 0 0 0
C@CP 2633 -0.050534961 -0.260958773 -0.0432673552 0 0 0
C@CP 2634 -0.235480027 -0.0477430255 0.182440487 0 0 0
C@CP 2635 -0.11742054 0.20641263 0.0611265093 0 0 0
C@CP 2636 -0.138949838 -0.105605376 0.371049767 0 0 0
C@CP 2637 0.149332021 -0.179553053 -0.142470282 0 0 0
C@CP 2638 -0.276515119 0.0342623957 0.151427273 0 0 0
C@CP 2639 0.0424449272 0.133706186 -0.381591189 0 0 0
C@CP 2640 0.161026477 0.179524502 -0.153035762 0 0 0
C@CP 2641 -0.225716072 -0.0499221444 -0.246193139 0 0 0
C@CP 2642 -0.225085375 0.41722661 -0.0570089246 0 0 0
C@CP 2643 -0.378662912 -0.124660203 0.220009145 0 0 0
C@CP 2644 0.0491806015 0.253301881 0.287424154 0 0 0
C@CP 2645 -0.252533304 -0.146856913 0.209377827 0 0 0
C@CP 2646 -0.193307905 0.358119214 -0.0246282282 0 0 0
C@CP 2647 -0.221129486 0.380548639 0.057055567 0 0 0
C@CP 2648 -0.0505738402 0.21601179 0.308161927 0 0 0
C@CP 2649 0.239235451 0.166106914 -0.342153466 0 0 0
C@CP 2650 -0.0297763295 0.368165747 -0.0486888195 0 0 0
C@CP 2651 0.00105339544 0.38248297 0.154712841 0 0 0
C@CP 2652 0.301630785 -0.0860860186 0.23421863 0 0 0
C@CP 2653 -0.361002967 0.0613919766 -0.273531534 0 0 0
C@CP 2654 0.239571134 -0.0944454348 0.357245047 0 0 0
C@CP 2655 -0.315977719 -0.172134268 -0.03524712 0 0 0
C@CP 2656 0.208348624 0.303537766 -0.0717234043 0 0 0
C@CP 2657 -0.392524926 0.114100799 -0.181453928 0 0 0
C@CP 2658 -0.120852715 -0.169854047 0.0848197685 0 0 0
C@CP 2659 -0.345735272 0.211546928 0.108702458 0 0 0
C@CP 2660 -0.131400691 0.289054485 0.157949032 0 0 0
C@CP 2662 0.308228924 0.139932706 -0.0576496719 0 0 0
C@CP 2663 -0.219091732 0.0908340414 -0.261337641 0 0 0
C@CP 2664 -0.316919277 -0.228227698 0.239187233 0 0 0
C@CP 2665 0.195027392 -0.282757807 -0.24107432 0 0 0
C@CP 2666 0.191131265 0.199017933 -0.233505638 0 0 0
C@CP 2667 0.174935741 -0.206982338 0.367241393 0 0 0
C@CP 2668 -0.326544675 -0.0115410329 -0.227848739 0 0 0
C@CP 2669 -0.280075009 0.331752836 0.0106151131 0 0 0
C@CP 2670 -0.0704462864 -0.372117605 0.0339319827 0 0 0
C@CP 2671 -0.117838551 0.228561788 -0.361126014 0 0 0
C@CP 2672 0.180091962 -0.106663998 -0.203473639 0 0 0
C@CP 2673 0.0430725408 -0.152069507 -0.293695844 0 0 0
C@CP 2674 0.0973157462 0.234451667 0.188813334 0 0 0
C@CP 2675 0.247264698 0.206557622 -0.296012835 0 0 0
C@CP 2676 0.0472607779 -0.295475177 -0.354243255 0 0 0
C@CP 2677 0.136936773 0.18151951 -0.378222662 0 0 0
C@CP 2678 0.169876817 0.0626881134 0.368110057 0 0 0
C@CP 2679 0.0277928378 -0.299532977 -0.0389796093 0 0 0
C@CP 2680 -0.221359447 0.123587686 -0.209427437 0 0 0
C@CP 2681 -0.00846098986 0.346641725 -0.017083225 0 0 0
C@CP 2682 0.381675404 0.108213548 -0.141507881 0 0 0
C@CP 2683 0.204972653 -0.0549843919 -0.17488423 0 0 0
C@CP 2684 -0.139803237 0.174524589 0.243518995 0 0 0
C@CP 2685 -0.249593067 -0.119467193 0.167206815 0 0 0
C@CP 2686 -0.0433203064 -0.164739324 -0.0986949048 0 0 0
C@CP 2687 -0.241312668 -0.398240779 0.0196224787 0 0 0
C@CP 2688 0.102076025 0.36060297 0.164871835 0 0 0
C@CP 2689 -0.123110645 -0.187306426 0.254215366 0 0 0
C@CP 2690 -0.14281333 -0.344496305 -0.261130624 0 0 0
C@CP 2691 -0.0216440655 -0.0433234172 0.0118944216 0 0 0
C@CP 2692 -0.0421993154 -0.00325101057 -0.282459824 0 0 0
C@CP 2693 0.0371961572 -0.0334630853 0.304085294 0 0 0
C@CP 2694 -0.268201166 0.177450354 0.247149643 0 0 0
C@CP 2695 0.0570359758 -0.0351212893 -0.384603377 0 0 0
C@CP 2696 0.291362081 0.0761215682 -0.0515367533 0 0 0
C@CP 2697 -0.236106813 -0.13683102 -0.181927771 0 0 0
C@CP 2698 -0.0809258492 0.154417927 0.251153771 0 0 0
C@CP 2699 -0.105807427 -0.0233751057 -0.143590974 0 0 0
C@CP 2700 -0.0159882524 0.275492243 0.0451259095 0 0 0
C@CP 2701 0.271655935 0.162173961 0.311735896 0 0 0
C@CP 2702 0.261133108 0.0703629204 -0.0411218533 0 0 0
C@CP 2703 -0.22026798 -0.342635095 0.140725573 0 0 0
C@CP 2704 0.294141819 0.0509084473 -0.168917188 0 0 0
C@CP 2705 -0.0518327004 -0.335854511 -0.242339284 0 0 0
C@CP 2706 -0.0123902813 0.076021878 0.376172086 0 0 0
C@CP 2707 0.136075885 -0.119605061 -0.306675502 0 0 0
C@CP 2708 -0.0378530187 0.213547168 0.344409946 0 0 0
C@CP 2709 0.00171557759 0.297123546 0.108965706 0 0 0
C@CP 2710 0.0474544255 -0.0213028362 0.117478275 0 0 0
C@CP 2711 0.313937603 0.283356592 -0.0300086566 0 0 0
C@CP 2712 0.16693623 0.083921843 0.127662813 0 0 0
C@CP 2713 -0.147132355 -0.107849572 -0.0145052494 0 0 0
C@CP 2714 -0.388391965 0.017249987 0.135891943 0 0 0
C@CP 2715 0.314913749 0.035753719 0.315943193 0 0 0
C@CP 2716 -0.252337482 -0.122763563 -0.254788876 0 0 0
C@CP 2717 -0.00808363566 -0.339783865 0.318082224 0 0 0
C@CP 2718 0.160909189 -0.33305731 0.20251392 0 0 0
C@CP 2719 -0.166965796 -0.0438368597 -0.380708758 0 0 0
C@CP 2720 -0.194468872 0.109914049 -0.0564269447 0 0 0
C@CP 2721 -0.279136758 0.247980923 0.264041827 0 0 0
C@CP 2722 -0.00679064255 0.0633895562 -0.269187128 0 0 0
C@CP 2723 -0.426114501 0.0518686041 -0.0315348491 0 0 0
C@CP 2724 0.350315962 -0.176034687 -0.128365444 0 0 0
C@CP 2725 0.239366894 -0.0489924159 -0.144124557 0 0 0
C@CP 2726 0.110603174 -0.0516006701 -0.425564261 0 0 0
C@CP 2727 -0.0550134448 -0.220152263 -0.0604983207 0 0 0
C@CP 2728 0.0153503294 0.175043822 -0.201567876 0 0 0
C@CP 2729 -0.122342408 0.302267716 0.242243909 0 0 0
C@CP 2730 0.249727011 -0.237603617 0.294312724 0 0 0
C@CP 2731 -0.236750951 -0.285186198 -0.111106085 0 0 0
C@CP 2732 -0.00478574141 -0.108876912 0.0935637729 0 0 0
C@CP 2733 0.158391557 0.278335639 0.15194102 0 0 0
C@CP 2734 0.305291041 -0.362504992 -0.0134099689 0 0 0
C@CP 2735 0.100492129 -0.350125368 -0.148279805 0 0 0
C@CP 2736 0.0397342666 -0.0513721206 0.0737239683 0 0 0
C@CP 2737 -0.0170806078 -0.300666437 0.26847462 0 0 0
C@CP 2738 -0.308367382 0.214256872 -0.253939371 0 0 0
C@CP 2739 -0.284332228 0.0900703199 -0.325232819 0 0 0
C@CP 2740 -0.0511185573 -0.317842758 -0.141447713 0 0 0
C@CP 2741 -0.228225114 -0.143903434 -0.0674220913 0 0 0
C@CP 2742 0.12518142 -0.305353406 -0.318145409 0 0 0
C@CP 2743 0.104024547 -0.0430902469 0.448378949 0 0 0
C@CP 2744 0.052881507 -0.169121753 -0.116216858 0 0 0
C@CP 2745 -0.410306715 0.0484803163 -0.156150743 0 0 0
C@CP 2746 -0.209151411 0.377600348 -0.133872732 0 0 0
C@CP 2747 -0.0220027631 -0.140440871 0.229505383 0 0 0
C@CP 2748 0.0980903075 0.33624972 -0.260622613 0 0 0
C@CP 2749 0.12691514 0.278425598 -0.0369051359 0 0 0
C@CP 2750 -0.0902991481 0.0885649603 0.0928413897 0 0 0
C@CP 2751 0.146980155 -0.0895270597 0.271023629 0 0 0
C@CP 2752 0.0506281186 0.213315209 0.184517284 0 0 0
C@CP 2753 0.3326853 0.265350897 0.0324790376 0 0 0
C@CP 2754 0.403572636 -0.088401722 0.222100495 0 0 0
C@CP 2755 0.0516990704 0.146021556 -0.222971372 0 0 0
C@CP 2756 0.196425615 -0.00608318442 -0.00838269501 0 0 0
C@CP 2757 -0.235524307 0.0981088172 0.0201889983 0 0 0
C@CP 2758 -0.0817716732 0.200190188 0.28604679 0 0 0
C@CP 2759 0.0991139665 0.0846782696 0.443851905 0 0 0
C@CP 2760 -0.331047815 0.06886313 -0.30048065 0 0 0
C@CP 2761 0.374425304 0.112085362 0.00640469662 0 0 0
C@CP 2762 0.239706978 0.0184447618 0.0186778749 0 0 0
C@CP 2763 0.280090503 -0.0504745868 0.186830525 0 0 0
C@CP 2764 -0.0142377425 -0.0835562723 0.0499256508 0 0 0
C@CP 2765 0.31061955 -0.185149834 -0.120760753 0 0 0
C@CP 2766 0.195264195 -0.0793983781 0.165003645 0 0 0
C@CP 2767 0.192791375 0.024400668 0.188358798 0 0 0
C@CP 2768 0.0092010481 0.0224649476 -0.262844518 0 0 0
C@CP 2769 -0.0228080212 -0.135172934 -0.23544021 0 0 0
C@CP 2770 -0.293883143 0.165014326 0.203490814 0 0 0
C@CP 2771 -0.283727309 0.257127703 -0.234918017 0 0 0
C@CP 2772 -0.189278494 0.0333288708 0.377631868 0 0 0
C@CP 2773 0.060055536 -0.306242657 -0.24830256 0 0 0
C@CP 2774 -0.00536181794 0.369676353 0.188161044 0 0 0
C@CP 2775 0.174663941 0.195371103 0.259975679 0 0 0
C@CP 2776 0.275643908 0.105364267 0.0641910946 0 0 0
C@CP 2777 -0.232688571 -0.0854500825 -0.317257881 0 0 0
C@CP 2778 0.101582201 -0.0395408457 0.0443002674 0 0 0
C@CP 2779 0.0967061206 0.114884371 -0.0949632721 0 0 0
C@CP 2780 -0.198461748 -0.0970123718 0.0937572845 0 0 0
C@CP 2781 -0.0667182575 0.28441533 -0.0552814637 0 0 0
C@CP 2782 0.00472176146 -0.070039765 0.217419158 0 0 0
C@CP 2783 -0.328060957 0.210135964 -0.132365603 0 0 0
C@CP 2784 0.0717389357 -0.324188395 -0.181483536 0 0 0
C@CP 2785 0.0058154836 -0.144333022 0.148516236 0 0 0
C@CP 2786 -0.123859147 -0.303469542 -0.268517633 0 0 0
C@CP 2787 0.120043142 -0.00862369528 -0.411612849 0 0 0
C@CP 2788 -0.343745042 0.238403507 -0.0449500927 0 0 0
C@CP 2789 0.0915631237 0.278737304 0.313796473 0 0 0
C@CP 2790 -0.19085363 -0.241266042 -0.104751239 0 0 0
C@CP 2791 -0.339753496 -0.000657245531 -0.192720885 0 0 0
C@CP 2792 0.033541283 -0.165681547 0.411460788 0 0 0
C@CP 2793 -0.147667742 0.326629553 -0.178960776 0 0 0
C@CP 2794 -0.21918576 -0.326342611 0.00537849916 0 0 0
C@CP 2795 -0.0390661589 0.135097862 -0.211008864 0 0 0
C@CP 2796 0.146283135 0.0248881437 0.253430346 0 0 0
C@CP 2797 0.316712011 0.0283420019 0.136214326 0 0 0
C@CP 2798 0.177045501 -0.280668242 0.0743426585 0 0 0
C@CP 2799 0.0517594559 -0.219694667 0.134551861 0 0 0
C@CP 2800 -0.123013115 0.271831432 0.0419966924 0 0 0
C@CP 2801 -0.0983614849 -0.0795187532 0.350576816 0 0 0
C@CP 2802 -0.187155449 0.08305164 0.401368156 0 0 0
C@CP 2803 0.115984925 0.254999166 0.064788973 0 0 0
C@CP 2804 0.25033918 -0.322001247 -0.196536773 0 0 0
C@CP 2805 0.269307884 -0.225176792 -0.197359487 0 0 0
C@CP 2806 0.134107999 -0.0905781307 -0.00255243556 0 0 0
C@CP 2807 0.00062636421 0.354483893 -0.0490578347 0 0 0
C@CP 2808 0.296604097 -0.151711683 -0.0252779529 0 0 0
C@CP 2809 0.215295169 -0.121732845 -0.0762534033 0 0 0
C@CP 2810 0.229940105 -0.101739072 0.14817604 0 0 0
C@CP 2811 -0.0439232781 -0.259369983 -0.351731509 0 0 0
C@CP 2812 -0.119201825 0.352831357 0.240324996 0 0 0
C@CP 2813 -0.0224451715 0.364126309 0.278778368 0 0 0
C@CP 2814 0.117618452 0.0985225461 0.0929700787 0 0 0
C@CP 2815 0.0156204079 0.262742968 -0.332865957 0 0 0
C@CP 2816 -0.0868605918 -0.0538238964 -0.434252752 0 0 0
C@CP 2817 -0.161668143 -0.136791111 0.33261037 0 0 0
C@CP 2818 0.113746833 0.0853221186 -0.204514444 0 0 0
C@CP 2819 -0.314115286 0.0967997289 0.153233372 0 0 0
C@CP 2820 -0.316340139 -0.261257586 -0.179364958 0 0 0
C@CP 2821 -0.137226031 -0.299966695 0.107429171 0 0 0
C@CP 2822 0.265200771 0.12827448 -0.0411171098 0 0 0
C@CP 2823 0.0468635309 -0.0413680829 0.16158907 0 0 0
C@CP 2824 -0.170478825 -0.0431823636 0.384923102 0 0 0
C@CP 2825 0.307009493 -0.276366207 0.0538507904 0 0 0
C@CP 2826 0.19546052 0.212266223 0.169733995 0 0 0
C@CP 2827 -0.0603351381 0.0286747931 0.0472032302 0 0 0
C@CP 2828 -0.242283754 -0.203106304 0.0320313954 0 0 0
C@CP 2829 -0.203618591 -0.0759329109 -0.0915246173 0 0 0
C@CP 2830 0.333235673 -0.0929799693 0.0835334757 0 0 0
C@CP 2831 0.200982469 -0.055510192 0.100945778 0 0 0
C@CP 2832 0.0638811408 0.0183858256 -0.373349089 0 0 0
C@CP 2833 -0.0361583326 -0.0363604994 0.166196647 0 0 0
C@CP 2834 0.228528898 0.371008356 -0.168227902 0 0 0
C@CP 2835 -0.100593756 0.090855364 0.315911096 0 0 0
C@CP 2836 0.223821707 -0.342352871 0.184856698 0 0 0
C@CP 2837 -0.148447504 -0.00961833384 0.264250869 0 0 0
C@CP 2838 0.131542161 0.0206805199 -0.148295646 0 0 0
C@CP 2839 -0.0493402911 0.314002037 0.151425083 0 0 0
C@CP 2840 -0.0744416092 0.138584709 -0.238208836 0 0 0
C@CP 2841 -0.0868065985 0.197527097 0.306176476 0 0 0
C@CP 2842 0.222778553 -0.104291885 0.16498012 0 0 0
C@CP 2843 0.236439029 -0.273416227 -0.0721998163 0 0 0
C@CP 2844 0.0136100241 -0.314032138 -0.131029325 0 0 0
C@CP 2845 -0.00579234427 -0.214366162 0.254216595 0 0 0
C@CP 2846 -0.37364895 -0.0165705027 -0.0747880441 0 0 0
C@CP 2847 0.0514717576 0.327756818 0.224262813 0 0 0
C@CP 2848 0.285363852 0.237101451 0.0616645724 0 0 0
C@CP 2849 0.00856859652 -0.39458456 0.210067735 0 0 0
C@CP 2850 0.32599611 0.174548993 -0.0760387859 0 0 0
C@CP 2851 0.329128379 -0.0501526494 -0.284961005 0 0 0
C@CP 2852 -0.108602987 0.0200740942 -0.0719815593 0 0 0
C@CP 2853 -0.099777183 0.2861034 -0.117508985 0 0 0
C@CP 2854 -0.141445476 0.177265492 -0.380483585 0 0 0
C@CP 2855 0.158704563 -0.156382895 -0.0858742823 0 0 0
C@CP 2856 0.272032106 0.307078496 0.0331844471 0 0 0
C@CP 2857 0.0985192505 -0.382005301 -0.142050429 0 0 0
C@CP 2858 0.0856407 0.0139452271 0.0173758585 0 0 0
C@CP 2859 -0.232987886 0.326029592 -0.201655674 0 0 0
C@CP 2860 -0.205185 -0.120851111 0.139120521 0 0 0
C@CP 2861 0.212238575 -0.0666834794 -0.0751418354 0 0 0
C@CP 2862 -0.226512561 0.0867753961 -0.032528457 0 0 0
C@CP 2863 0.140210419 -0.0847523796 0.0910460959 0 0 0
C@CP 2864 0.203182319 0.177194608 0.0143587456 0 0 0
C@CP 2865 0.199567806 -0.210842376 0.072591079 0 0 0
C@CP 2866 0.317651588 0.272399604 -0.0165758145 0 0 0
C@CP 2867 -0.122473337 0.374065251 0.184182006 0 0 0
C@CP 2868 -0.247476652 0.115066545 -0.0119724764 0 0 0
C@CP 2869 -0.219526207 0.37261532 0.0427115106 0 0 0
C@CP 2870 -0.235424571 0.160380425 0.1378033 0 0 0
C@CP 2871 -0.156894103 -0.00313902308 -0.0414665386 0 0 0
C@CP 2872 0.193354581 0.199834818 -0.0424750139 0 0 0
C@CP 2873 -0.27477494 -0.0756006658 0.318491712 0 0 0
C@CP 2874 -0.268820556 0.0326522711 -0.0390591289 0 0 0
C@CP 2875 -0.00283093247 0.169610022 -0.354088721 0 0 0
C@CP 2876 0.360634659 0.280911861 0.0716003959 0 0 0
C@CP 2877 -0.0484303375 -0.0874707409 0.179441516 0 0 0
C@CP 2878 0.222714383 0.0652722868 -0.241585568 0 0 0
C@CP 2879 0.371141177 0.0255815607 0.282174438 0 0 0
C@CP 2880 -0.114326998 0.0747052275 0.111130462 0 0 0
C@CP 2881 0.0281453916 0.0949220689 -0.403178357 0 0 0
C@CP 2882 -0.189232717 -0.0677164101 0.199000172 0 0 0
C@CP 2883 0.163361026 0.0544835846 -0.000714744806 0 0 0
C@CP 2884 -0.201209808 0.123745216 0.0494818111 0 0 0
C@CP 2885 -0.0281688129 0.126696056 -0.276542059 0 0 0
C@CP 2886 -0.327184998 0.02662196 0.28869046 0 0 0
C@CP 2887 -0.0387498497 -0.130920598 0.37446587 0 0 0
C@CP 2888 0.0927165567 0.0869792348 -0.0333927581 0 0 0
C@CP 2889 -0.0427449319 0.103543366 -0.29977958 0 0 0
C@CP 2890 -0.0742571636 -0.266096525 -0.339979212 0 0 0
C@CP 2891 -0.14439384 -0.327253455 0.0924864015 0 0 0
C@CP 2892 0.166863436 -0.363018555 0.0977595921 0 0 0
C@CP 2893 0.387440903 0.101011336 0.0925933755 0 0 0
C@CP 2894 0.169427504 0.00117412232 -0.376877004 0 0 0
C@CP 2895 -0.117377093 -0.036634541 0.393490872 0 0 0
C@CP 2896 0.0196584674 0.314308518 -0.287809871 0 0 0
C@CP 2897 0.108217254 -0.085865757 0.0152449188 0 0 0
C@CP 2898 -0.0624630647 0.015731267 0.106909024 0 0 0
C@CP 2899 0.036685056 0.0775238622 -0.244682739 0 0 0
C@CP 2900 0.287315852 -0.0181667439 -0.23106738 0 0 0
C@CP 2901 0.144799865 0.16172027 0.176865201 0 0 0
C@CP 2902 -0.152383897 0.0714808608 -0.00316723718 0 0 0
C@CP 2903 -0.0685018834 0.0529343052 0.253360032 0 0 0
C@CP 2904 0.198008783 -0.0764667211 0.107475797 0 0 0
C@CP 2905 -0.286210147 -0.263285825 0.0987172807 0 0 0
C@CP 2906 -0.035349583 0.0805699512 0.0801427913 0 0 0
C@CP 2907 0.38992003 0.165797769 -0.132941595 0 0 0
C@CP 2908 -0.151186665 -0.242727737 0.357791868 0 0 0
C@CP 2909 0.26171735 0.305145086 0.23211717 0 0 0
C@CP 2910 -0.151342481 -0.168224755 -0.220392562 0 0 0
C@CP 2911 0.184228043 0.411521642 0.0368776775 0 0 0
C@CP 2912 0.226872786 0.34328007 0.201580069 0 0 0
C@CP 2913 0.28521194 -0.00702490577 -0.0850356266 0 0 0
C@CP 2914 -0.0671149828 -0.0136805827 -0.264246705 0 0 0
C@CP 2915 0.353975137 -0.00412297357 -0.0872883581 0 0 0
C@CP 2916 -0.358986671 -0.161532108 -0.239742611 0 0 0
C@CP 2917 0.0454386533 0.137655011 -0.37170564 0 0 0
C@CP 2918 -0.380010956 -0.0409265995 0.288885391 0 0 0
C@CP 2919 0.127286961 0.264871258 0.0873372565 0 0 0
C@CP 2920 -0.122354162 -0.204886359 -0.0353451304 0 0 0
C@CP 2921 -0.0579976078 0.220907627 0.12142748 0 0 0
C@CP 2922 -0.234743673 -0.194970407 -0.1339335 0 0 0
C@CP 2923 0.245545474 -0.128022983 0.110803245 0 0 0
C@CP 2924 -0.0452284642 0.0443771941 -0.372000771 0 0 0
C@CP 2925 0.324502363 -0.0321860805 0.00484621903 0 0 0
C@CP 2926 -0.0204398768 -0.247962137 -0.258870542 0 0 0
C@CP 2927 0.0761728366 -0.325194583 -0.158163932 0 0 0
C@CP 2928 0.0676962868 -0.329263424 0.029560457 0 0 0
C@CP 2929 -0.0520001286 -0.387547302 -0.166318302 0 0 0
C@CP 2930 -0.186062281 -0.107563173 0.348490228 0 0 0
C@CP 2931 0.358024419 -0.0820193996 -0.273156741 0 0 0
C@CP 2932 0.307556783 -0.074558104 -0.122179331 0 0 0
C@CP 2933 -0.0851504843 0.166815513 -0.0500766468 0 0 0
C@CP 2934 0.0522922295 -0.294397654 -0.360391669 0 0 0
C@CP 2935 0.0106513873 -0.156680558 -0.347601754 0 0 0
C@CP 2936 0.0819683973 -0.178203709 0.13581799 0 0 0
C@CP 2937 0.0175134034 -0.0263833444 0.43138173 0 0 0
C@CP 2938 0.191767103 0.195551954 0.0613853712 0 0 0
C@CP 2939 -0.0428152366 -0.448413307 0.0936682145 0 0 0
C@CP 2940 0.0347204082 -0.0330971352 0.293615651 0 0 0
C@CP 2941 0.0107161222 -0.325228371 0.151067288 0 0 0
C@CP 2942 -0.0818312781 0.240113201 -0.115793992 0 0 0
C@CP 2943 0.324218013 0.0347832316 0.207160003 0 0 0
C@CP 2944 0.0532168665 0.12849573 -0.391938637 0 0 0
C@CP 2945 -0.112959866 0.2217599 -0.12140485 0 0 0
C@CP 2946 -0.439784329 0.0369410555 -0.0421989093 0 0 0
C@CP 2947 0.167140162 0.117130187 0.0136696102 0 0 0
C@CP 2948 -0.281443123 0.0442249545 0.356835097 0 0 0
C@CP 2949 0.186018098 0.211059328 0.224054626 0 0 0
C@CP 2950 -0.280301254 0.257506539 -0.146283445 0 0 0
C@CP 2951 0.162438187 0.280672827 -0.132091078 0 0 0
C@CP 2952 0.140526756 0.320463264 -0.118153871 0 0 0
C@CP 2953 -0.349498592 0.169344122 0.000506157602 0 0 0
C@CP 2954 -0.146143853 -0.299011097 0.182314968 0 0 0
C@CP 2955 0.0879856851 -0.320534073 0.115993028 0 0 0
C@CP 2956 -0.0577137884 -0.051145428 0.142927182 0 0 0
C@CP 2957 -0.0429234498 0.315122584 -0.0254656127 0 0 0
C@CP 2958 0.0696498532 0.256969829 -0.176050131 0 0 0
C@CP 2959 0.38886297 0.0366845005 -0.0619264691 0 0 0
C@CP 2960 0.346424707 0.0070952293 -0.0867751196 0 0 0
C@CP 2961 0.358303121 0.170329805 0.00483049889 0 0 0
C@CP 2962 0.167574833 0.270109675 -0.0993499559 0 0 0
C@CP 2963 0.180120619 0.178183495 0.148775223 0 0 0
C@CP 2964 0.13463419 -0.168192045 -0.249073558 0 0 0
C@CP 2965 0.228037394 -0.0869768538 0.107074128 0 0 0
C@CP 2966 -0.111010989 -0.0670039368 0.230358902 0 0 0
C@CP 2967 -0.241982663 -0.217886014 -0.0801849893 0 0 0
C@CP 2968 -0.161823305 -0.158689664 0.323037462 0 0 0
C@CP 2969 0.088644061 -0.463667574 -0.0115636554 0 0 0
C@CP 2970 -0.136226934 0.12610025 -0.0898262262 0 0 0
C@CP 2971 -0.270012821 -0.0751750833 -0.127361935 0 0 0
C@CP 2972 0.259566881 0.0735056638 0.139992313 0 0 0
C@CP 2973 0.0253205906 0.0478001651 0.365286 0 0 0
C@CP 2974 -0.0746371144 0.409244797 -0.0365004789 0 0 0
C@CP 2975 -0.127929606 -0.0699821924 -0.231794377 0 0 0
C@CP 2976 0.311481113 0.0384057337 0.269956224 0 0 0
C@CP 2977 -0.0623851237 -0.124158733 -0.433945684 0 0 0
C@CP 2978 -0.24355438 -0.239427657 0.275256986 0 0 0
C@CP 2979 0.214311195 -0.0777247426 -0.0997737082 0 0 0
C@CP 2980 0.383682782 -0.0979461984 0.250299809 0 0 0
C@CP 2981 -0.0979817613 -0.22963331 0.11370633 0 0 0
C@CP 2982 -0.0551595267 0.0291039454 -0.374037341 0 0 0
C@CP 2983 0.434608261 -0.092539232 -0.0744077361 0 0 0
C@CP 2984 -0.097456512 0.0144673032 0.414939665 0 0 0
C@CP 2985 0.0473869714 0.306927924 0.292254881 0 0 0
C@CP 2986 0.0754036628 0.127417446 -0.409166258 0 0 0
C@CP 2987 -0.142511248 0.357530658 -0.0437239805 0 0 0
C@CP 2988 0.0878322545 -0.110751227 -0.342426724 0 0 0
C@CP 2989 0.081734119 -0.154751476 -0.320731153 0 0 0
C@CP 2990 0.433531025 -0.152795289 0.0817337913 0 0 0
C@CP 2991 -0.379727604 -0.0678210194 -0.230143738 0 0 0
C@CP 2992 -0.428474697 0.0157894054 0.0408119409 0 0 0
C@CP 2993 0.12482386 -0.367772947 -0.262341225 0 0 0
C@CP 2994 -0.26036025 -0.349227662 0.118045996 0 0 0
C@CP 2995 0.320187897 -0.130676152 -0.160376435 0 0 0
C@CP 2996 0.0898527127 -0.284700294 -0.025182378 0 0 0
C@CP 2997 -0.0979721176 0.0127639029 0.0144374016 0 0 0
C@CP 2998 -0.114167352 0.000771051467 0.18081559 0 0 0
C@CP 2999 0.23977613 -0.247808872 0.222393647 0 0 0
C@CP 3000 -0.118388758 -0.186295675 0.260604557 0 0 0
C@CP 3001 -0.193565534 0.156873463 0.386668873 0 0 0
C@CP 3002 -0.109849109 0.0788641082 0.145837387 0 0 0
C@CP 3003 0.154983981 0.2966727 -0.289366342 0 0 0
C@CP 3004 0.168175826 -0.13251201 -0.110467654 0 0 0
C@CP 3005 0.153749618 -0.313495429 -0.08596063 0 0 0
C@CP 3006 -0.0286444736 -0.108085441 0.0491697043 0 0 0
C@CP 3007 0.299836635 0.0197468537 -0.226190718 0 0 0
C@CP 3008 -0.17533153 0.199236392 0.364291478 0 0 0
C@CP 3009 0.00436959621 -0.289863868 0.207760653 0 0 0
C@CP 3010 -0.416191452 0.089080773 -0.169000594 0 0 0
C@CP 3011 -0.321124869 -0.315616349 0.0455058831 0 0 0
C@CP 3012 0.248539537 -0.168313738 -0.101724422 0 0 0
C@CP 3013 -0.189154827 0.0033143778 -0.0685914878 0 0 0
C@CP 3014 0.194866067 0.253901285 -0.281843104 0 0 0
C@CP 3015 -0.0523032974 0.113024663 -0.0117151952 0 0 0
C@CP 3016 0.341001014 -0.0062785126 -0.142250663 0 0 0
C@CP 3017 -0.141232842 0.358723588 0.244629559 0 0 0
C@CP 3018 0.0462095687 0.120792533 0.383022512 0 0 0
C@CP 3019 0.178190388 0.289461657 0.0862371585 0 0 0
C@CP 3020 0.154523669 0.176966845 0.13122846 0 0 0
C@CP 3021 0.346158645 0.118617383 -0.0764028249 0 0 0
C@CP 3022 -0.40385301 -0.0948441913 0.141954829 0 0 0
C@CP 3023 0.0234708 0.251784936 0.357422652 0 0 0
C@CP 3024 0.0521469391 0.257401198 0.34911784 0 0 0
C@CP 3025 0.247790546 0.363456517 -0.0597666039 0 0 0
C@CP 3026 -0.097046111 -0.0976794615 0.126095515 0 0 0
C@CP 3027 -0.450288476 -0.094996501 -0.0641700074 0 0 0
C@CP 3028 -0.341876885 0.0987930066 0.121863552 0 0 0
C@CP 3029 -0.293054992 0.186172158 0.2441548 0 0 0
C@CP 3030 0.0118556964 -0.0506720785 0.26532072 0 0 0
C@CP 3031 0.0202165306 0.168943034 -0.102205175 0 0 0
C@CP 3032 -0.299406553 -0.159405677 0.177365051 0 0 0
C@CP 3033 -0.111197116 0.162873785 -0.145016725 0 0 0
C@CP 3034 0.0496326418 0.317421484 -0.0449704397 0 0 0
C@CP 3035 -0.23236507 0.142949835 -0.0947092774 0 0 0
C@CP 3036 0.273190471 0.0153039629 0.13900052 0 0 0
C@CP 3037 0.39706053 0.0151614867 0.1362924 0 0 0
C@CP 3038 -0.182273499 -0.274725071 -0.1730904 0 0 0
C@CP 3039 0.106895672 0.131157881 -0.138737725 0 0 0
C@CP 3040 -0.169310492 -0.308075259 0.151808642 0 0 0
C@CP 3041 0.15377089 -0.385326679 0.25537823 0 0 0
C@CP 3042 -0.134441379 -0.244610083 0.0827178993 0 0 0
C@CP 3043 0.0908029302 -0.105195559 -0.15546852 0 0 0
C@CP 3044 -0.438046204 0.142128669 -0.0903510398 0 0 0
C@CP 3045 -0.0538596745 0.244380406 -0.245890425 0 0 0
C@CP 3046 -0.120727175 -0.211005844 -0.248396958 0 0 0
C@CP 3047 0.0629526131 0.0216290525 0.172019027 0 0 0
C@CP 3048 0.217394444 -0.064912593 0.0789208304 0 0 0
C@CP 3049 0.204668697 0.301247677 0.0788955835 0 0 0
C@CP 3050 0.150434488 0.0237560427 -0.420312187 0 0 0
C@CP 3051 0.208091734 0.23043675 0.0484840975 0 0 0
C@CP 3052 0.0242451388 -0.259393281 0.329385752 0 0 0
C@CP 3053 -0.230238897 -0.112401812 -0.335546245 0 0 0
C@CP 3054 -0.12121692 0.3252079 0.0707277742 0 0 0
C@CP 3055 -0.055066237 0.0362478862 -0.0201046488 0 0 0
C@CP 3056 -0.476236562 -0.0363428704 0.0118789458 0 0 0
C@CP 3057 0.182404077 0.130573528 0.350481445 0 0 0
C@CP 3058 0.222698787 -0.126618765 -0.0676915315 0 0 0
C@CP 3059 0.0270142532 -0.0537163723 0.26864515 0 0 0
C@CP 3060 0.0177491592 -0.0396936234 0.278886879 0 0 0
C@CP 3061 0.435479336 -0.0289782476 0.179745837 0 0 0
C@CP 3062 -0.280067563 -0.198199544 -0.0552090249 0 0 0
C@CP 3063 0.0794753739 0.114279032 -0.205215425 0 0 0
C@CP 3064 0.0128240579 0.0737924437 0.105522649 0 0 0
C@CP 3065 -0.134950624 0.0497445504 -0.33673378 0 0 0
C@CP 3066 0.412355061 0.165812343 -0.0108638316 0 0 0
C@CP 3067 0.295690877 -0.136666653 -0.0137717408 0 0 0
C@CP 3068 -0.0461286666 -0.0165738797 -0.388651869 0 0 0
C@CP 3069 -0.146212284 -0.256028737 0.0967863641 0 0 0
C@CP 3070 0.124405633 0.297570213 -0.088837332 0 0 0
C@CP 3071 -0.0415098306 -0.361720421 0.285586624 0 0 0
C@CP 3072 -0.240206927 -0.0123000508 -0.175468949 0 0 0
C@CP 3073 -0.338235796 -0.160089772 0.226768566 0 0 0
C@CP 3074 0.381297374 0.025203006 0.0206617277 0 0 0
C@CP 3075 0.0843097262 0.0578858915 0.445397568 0 0 0
C@CP 3076 0.0544709164 -0.296181569 -0.0581681833 0 0 0
C@CP 3077 0.0406282973 -0.0713824766 -0.279171501 0 0 0
C@CP 3078 -0.2466248 0.0621206968 -0.087518547 0 0 0
C@CP 3079 -0.272150038 0.270267798 -0.0677773711 0 0 0
C@CP 3080 0.0272588497 0.262720659 -0.221008662 0 0 0
C@CP 3081 -0.27601377 0.228039601 -0.125421348 0 0 0
C@CP 3082 -0.224176922 0.203633736 -0.0933417945 0 0 0
C@CP 3083 0.331899522 0.0419130211 -0.0808256751 0 0 0
C@CP 3084 0.0892101178 -0.36439899 -0.186506998 0 0 0
C@CP 3085 -0.204136922 -0.202738115 0.0753280217 0 0 0
C@CP 3086 -0.235846567 0.089110837 0.0244170708 0 0 0
C@CP 3087 0.264168218 0.351463174 0.0474684986 0 0 0
C@CP 3088 -0.0824679439 -0.210584108 0.400176678 0 0 0
C@CP 3089 0.0721800064 -0.186694756 -0.0471200009 0 0 0
C@CP 3090 0.232547114 0.128829342 -0.0248295111 0 0 0
C@CP 3091 0.0241292052 0.247307439 -0.355356513 0 0 0
C@CP 3092 0.0611601419 0.0172773915 -0.162427093 0 0 0
C@CP 3093 -0.264256564 -0.133021394 0.349063885 0 0 0
C@CP 3094 -0.0792355715 0.427252298 -0.00749748727 0 0 0
C@CP 3095 0.065804614 -0.169797203 -0.169476895 0 0 0
C@CP 3096 0.17019138 0.0709595279 -0.314241245 0 0 0
C@CP 3097 0.29444048 0.0470226171 0.224924004 0 0 0
C@CP 3098 0.275653631 0.290873845 0.00136122417 0 0 0
C@CP 3099 0.155456677 -0.11843559 -0.0986695641 0 0 0
C@CP 3100 -0.142021743 0.309472723 0.199612269 0 0 0
C@CP 3101 -0.177280645 -0.15837642 0.118507639 0 0 0
C@CP 3102 -0.0520808747 0.00144734097 -0.389354503 0 0 0
C@CP 3103 0.227659674 -0.207596075 -0.202532529 0 0 0
C@CP 3104 0.322041321 -0.00255317733 -0.00427703744 0 0 0
C@CP 3105 -0.353393669 -0.0799168858 0.175080657 0 0 0
C@CP 3106 -0.433483664 -0.0146294374 0.172899704 0 0 0
C@CP 3107 0.089352474 0.129630751 -0.283885247 0 0 0
C@CP 3108 0.13603531 0.273139309 -0.170794912 0 0 0
C@CP 3109 -0.0985762514 0.200933614 0.311715657 0 0 0
C@CP 3110 -0.181905713 0.0382951595 -0.0243115929 0 0 0
C@CP 3111 -0.0164314362 0.246224417 -0.250286118 0 0 0
C@CP 3112 -0.228267095 0.146452605 -0.269003245 0 0 0
C@CP 3113 0.281988861 0.291002788 -0.114319128 0 0 0
C@CP 3114 0.182073857 -0.197137101 -0.00598854487 0 0 0
C@CP 3115 -0.107594657 -0.169783948 -0.292386049 0 0 0
C@CP 3116 0.291536522 0.0738803814 0.100304045 0 0 0
C@CP 3117 -0.174648604 0.176626174 0.286125717 0 0 0
C@CP 3118 0.00515236187 0.414105953 0.127425659 0 0 0
C@CP 3119 -0.286654262 0.346734774 0.0948893837 0 0 0
C@CP 3120 0.358202512 -0.0858261756 -0.00391701115 0 0 0
C@CP 3121 0.33054793 0.213880874 0.103315855 0 0 0
C@CP 3122 0.291801033 0.193882034 -0.150955055 0 0 0
C@CP 3123 0.393642272 0.250258166 -0.110866193 0 0 0
C@CP 3124 0.193015717 -0.15025023 -0.368111998 0 0 0
C@CP 3125 0.277877042 -0.16667707 0.325937724 0 0 0
C@CP 3126 0.0413191783 0.160263877 0.066394884 0 0 0
C@CP 3127 0.206024749 -0.0431510773 0.0108318751 0 0 0
C@CP 3128 -0.37018315 -0.0515992915 -0.0370207071 0 0 0
C@CP 3129 0.125753719 0.0493729908 0.225145187 0 0 0
C@CP 3130 -0.048743781 -0.178554346 -0.333967378 0 0 0
C@CP 3131 0.0985563785 -0.0229928733 0.317777697 0 0 0
C@CP 3132 0.0218561246 0.0321181154 0.227004174 0 0 0
C@CP 3133 0.29938758 -0.095048493 0.322005991 0 0 0
C@CP 3134 -0.219678376 0.0933922854 0.234872983 0 0 0
C@CP 3135 0.215716044 0.0587460999 0.092512765 0 0 0
C@CP 3136 -0.263525641 -0.181860241 -0.0186218647 0 0 0
C@CP 3137 -0.0890117714 0.119468705 0.16660839 0 0 0
C@CP 3138 -0.0833165229 0.237868484 0.0875965354 0 0 0
C@CP 3139 -0.277803987 -0.167278333 0.325485223 0 0 0
C@CP 3140 -0.295555721 0.170635933 -0.306143611 0 0 0
C@CP 3141 0.152319736 0.0117119703 -0.148987325 0 0 0
C@CP 3142 0.0033683038 0.396571183 0.09627168 0 0 0
C@CP 3143 -0.0356173883 -0.165658588 -0.255396302 0 0 0
C@CP 3144 0.172983332 0.224602695 0.339402323 0 0 0
C@CP 3145 -0.103443633 0.0873921329 -0.172702591 0 0 0
C@CP 3146 0.048026384 0.0737975539 -0.00832474859 0 0 0
C@CP 3147 0.0883702468 0.000519888892 0.198410468 0 0 0
C@CP 3148 -0.206195941 0.252071811 0.297902002 0 0 0
C@CP 3149 -0.155325342 0.172073505 0.0210167068 0 0 0
C@CP 3150 -0.165805689 0.315537565 0.0296923409 0 0 0
C@CP 3151 0.209882956 0.368220946 0.156101521 0 0 0
C@CP 3152 -0.158402189 -0.343284124 -0.118892729 0 0 0
C@CP 3153 0.239244733 -0.288136598 -0.216576183 0 0 0
C@CP 3154 -0.134893912 0.0696704229 -0.0515907446 0 0 0
C@CP 3155 0.385046723 0.0119019805 -0.241554917 0 0 0
C@CP 3156 0.179739361 0.332332273 -0.00652203972 0 0 0
C@CP 3157 0.188814326 -0.238079513 -0.307272504 0 0 0
C@CP 3158 0.104525628 -0.276649864 -0.251352592 0 0 0
C@CP 3159 -0.0891081783 0.0957709357 0.280937154 0 0 0
C@CP 3160 -0.226871578 -0.329053679 0.154459577 0 0 0
C@CP 3161 -0.0391468838 -0.261401873 0.393904083 0 0 0
C@CP 3162 0.205355415 -0.156743936 0.389289666 0 0 0
C@CP 3163 -0.243399021 -0.183388973 -0.364658164 0 0 0
C@CP 3164 0.269274604 -0.297615963 -0.0447875514 0 0 0
C@CP 3165 -0.149427015 0.20911191 -0.13203126 0 0 0
C@CP 3166 -0.149863873 0.270672043 0.243520219 0 0 0
C@CP 3167 0.219963886 -0.278169755 0.285898869 0 0 0
C@CP 3168 -0.265221988 0.00391368198 0.22436096 0 0 0
C@CP 3169 0.15991084 -0.059034689 0.339348132 0 0 0
C@CP 3170 0.408740756 0.0959699624 -0.057840843 0 0 0
C@CP 3171 -0.187805533 -0.352726737 -0.154410066 0 0 0
C@CP 3172 -0.0389040025 0.362387721 0.290962678 0 0 0
C@CP 3173 0.334311612 -0.088477462 0.0805706368 0 0 0
C@CP 3174 0.0750667408 0.0646519397 -0.306069951 0 0 0
C@CP 3175 -0.100513531 -0.0911967442 0.376359314 0 0 0
C@CP 3176 -0.175008488 0.0886484472 0.198810351 0 0 0
C@CP 3177 -0.318320594 -0.166430613 0.251962698 0 0 0
C@CP 3178 0.263582459 0.161874772 -0.0360416076 0 0 0
C@CP 3179 0.0565803174 0.159210029 -0.0181805028 0 0 0
C@CP 3180 0.101793024 0.181783833 -0.116124913 0 0 0
C@CP 3181 0.119176691 -0.446120607 0.0414417695 0 0 0
C@CP 3182 0.327801722 0.237106506 -0.0869362536 0 0 0
C@CP 3183 0.0749365559 0.223386026 -0.190481099 0 0 0
C@CP 3184 0.030341366 -0.108661447 -0.270381898 0 0 0
C@CP 3185 0.0077544457 -0.057574898 -0.299193074 0 0 0
C@CP 3186 0.249394296 0.318848209 -0.0226216848 0 0 0
C@CP 3187 -0.0368879969 0.119653323 0.372817943 0 0 0
C@CP 3188 0.285380359 -0.172300724 0.251450682 0 0 0
C@CP 3189 -0.201853525 0.241862063 0.157757468 0 0 0
C@CP 3190 0.097800957 0.191026214 -0.107341273 0 0 0
C@CP 3191 0.361596061 0.0108366111 -0.0381570296 0 0 0
C@CP 3192 -0.22088707 -0.276782975 0.0345800033 0 0 0
C@CP 3193 -0.0909537478 -0.291465474 -0.0871125867 0 0 0
C@CP 3194 -0.147486763 0.105836259 0.41320293 0 0 0
C@CP 3195 0.271219803 -0.223521333 0.107384436 0 0 0
C@CP 3196 0.253169954 -0.260859251 0.0173149963 0 0 0
C@CP 3197 -0.124114989 0.0189609057 -0.185419248 0 0 0
C@CP 3198 0.240982663 -0.0720092778 0.37257681 0 0 0
C@CP 3199 0.152000104 -0.183591918 0.387347499 0 0 0
C@CP 3200 0.150431651 0.0440994082 -0.394597568 0 0 0
C@CP 3201 0.163463766 -0.161670645 0.167366981 0 0 0
C@CP 3202 -0.240452693 -0.228265456 -0.0669454099 0 0 0
C@CP 3203 -0.0316866051 0.328003292 -0.126240778 0 0 0
C@CP 3204 -0.401588857 0.0406333858 0.153007372 0 0 0
C@CP 3205 0.0811733749 0.127663556 0.411606174 0 0 0
C@CP 3206 0.223405042 0.205123463 -0.124957211 0 0 0
C@CP 3207 0.00638391918 -0.125575804 0.118718471 0 0 0
C@CP 3208 0.116942503 -0.134622613 -0.147953971 0 0 0
C@CP 3209 0.0332754867 -0.323437361 0.0985512121 0 0 0
C@CP 3210 0.325416775 0.246739129 0.080265129 0 0 0
C@CP 3211 0.101942083 0.259297896 -0.326601921 0 0 0
C@CP 3212 -0.376806603 -0.153240812 -0.161577534 0 0 0
C@CP 3213 0.0703448734 0.102769741 0.199454809 0 0 0
C@CP 3214 0.411470956 0.159943263 0.0338801944 0 0 0
C@CP 3215 0.292886907 -0.122599875 -0.0653100374 0 0 0
C@CP 3216 -0.202408938 0.299132253 -0.172683308 0 0 0
C@CP 3217 0.0897371666 0.0985305489 0.120110729 0 0 0
C@CP 3218 -0.19025183 0.212010231 -0.096967014 0 0 0
C@CP 3219 0.0455101003 -0.365939747 -0.00980333614 0 0 0
C@CP 3220 0.131896359 0.130970764 -0.146569957 0 0 0
C@CP 3221 0.294429663 0.127590393 -0.0983965461 0 0 0
C@CP 3222 0.164588926 -0.051408839 -0.303644286 0 0 0
C@CP 3223 -0.0399798948 -0.235185551 -0.305864672 0 0 0
C@CP 3224 0.42471609 0.100961398 0.0178009831 0 0 0
C@CP 3225 -0.232322284 0.216277668 -0.0145266533 0 0 0
C@CP 3226 -0.184559765 -0.428107211 -0.0546399673 0 0 0
C@CP 3227 -0.21871344 -0.269002154 0.0394172119 0 0 0
C@CP 3228 -0.205495355 -0.0235879192 -0.230445519 0 0 0
C@CP 3229 0.0386019377 0.130175924 -0.300132323 0 0 0
C@CP 3230 0.372464786 0.0648389976 -0.0487217127 0 0 0
C@CP 3231 -0.366477352 -0.00152460236 -0.0532165674 0 0 0
C@CP 3232 -0.0496517745 -0.354763552 -0.136185348 0 0 0
C@CP 3233 0.132152477 0.300715562 -0.147724125 0 0 0
C@CP 3234 -0.100909421 -0.241422056 -0.244815587 0 0 0
C@CP 3235 0.21670201 0.00210403229 0.12310008 0 0 0
C@CP 3236 -0.108366544 0.0998134277 0.279311757 0 0 0
C@CP 3237 -0.0773770144 0.196403901 -0.169690725 0 0 0
C@CP 3238 0.105772517 0.0634278434 0.393269224 0 0 0
C@CP 3239 0.29151578 -0.294665609 0.0894200893 0 0 0
C@CP 3240 -0.196391634 -0.20897696 0.0175343318 0 0 0
C@CP 3241 -0.207114837 -0.0118873934 -0.0971275045 0 0 0
C@CP 3242 -0.208631031 0.0934800609 0.324737241 0 0 0
C@CP 3243 0.328828059 0.0950385852 -0.0919836394 0 0 0
C@CP 3244 -0.0420185572 -0.160059684 0.10098596 0 0 0
C@CP 3245 0.344743412 -0.224438891 -0.0699978685 0 0 0
C@CP 3246 0.164848426 0.0606305726 0.195513755 0 0 0
C@CP 3247 -0.136120313 0.114264033 -0.372306315 0 0 0
C@CP 3248 0.219389418 -0.3058347 0.003840347 0 0 0
C@CP 3249 0.107101529 -0.392623545 -0.0881941457 0 0 0
C@CP 3250 0.258138695 -0.293216142 -0.185818681 0 0 0
C@CP 3251 0.268986009 0.242057165 0.0442879207 0 0 0
C@CP 3252 -0.0257524066 0.385640912 -0.02362685 0 0 0
C@CP 3253 -0.120960308 -0.0145321511 -0.32444904 0 0 0
C@CP 3254 0.18466056 0.140388381 0.0283063771 0 0 0
C@CP 3255 0.211058043 -0.383455693 0.0764118307 0 0 0
C@CP 3256 -0.126690858 -0.152894505 -0.369603582 0 0 0
C@CP 3257 -0.0170739972 0.0388559083 0.437349798 0 0 0
C@CP 3258 0.119594587 -0.135274736 -0.04375604 0 0 0
C@CP 3259 -0.0792907304 -0.383430427 0.118212695 0 0 0
C@CP 3260 -0.0100779475 0.467536806 -0.0599251377 0 0 0
C@CP 3261 -0.325869767 -0.0549006766 0.0183112801 0 0 0
C@CP 3262 -0.240374493 1.8519715e-05 -0.381306398 0 0 0
C@CP 3263 -0.242457118 0.161284677 0.258378744 0 0 0
C@CP 3264 0.181674646 0.170302489 -0.062636877 0 0 0
C@CP 3265 0.346614359 0.0723123786 -0.259067979 0 0 0
C@CP 3266 -0.194544433 -0.0652059539 0.305884695 0 0 0
C@CP 3267 0.241106692 -0.215185826 -0.325754629 0 0 0
C@CP 3268 -0.295330668 0.0432958724 0.253343839 0 0 0
C@CP 3269 0.350134695 -0.184866451 -0.139319048 0 0 0
C@CP 3270 0.175231004 0.368992399 0.191066909 0 0 0
C@CP 3271 0.296867523 0.131387198 -0.290817056 0 0 0
C@CP 3272 0.00489464787 -0.147802512 -0.219511474 0 0 0
C@CP 3273 0.0212260643 0.386353349 0.0641961309 0 0 0
C@CP 3274 -0.0783640548 0.306240827 0.33363452 0 0 0
C@CP 3275 0.0404056105 0.168025862 -0.0503482738 0 0 0
C@CP 3276 -0.014413044 0.385187695 -0.224304223 0 0 0
C@CP 3277 -0.196125338 0.0487986567 0.278628425 0 0 0
C@CP 3278 0.287859647 0.210956291 -0.160762081 0 0 0
C@CP 3279 0.26691328 0.178150227 0.0175108174 0 0 0
C@CP 3280 0.240245631 0.0673832359 0.191326946 0 0 0
C@CP 3281 -0.138100928 -0.152829788 -0.0814111431 0 0 0
C@CP 3282 0.0480777121 0.110210823 -0.41816302 0 0 0
C@CP 3283 0.041293099 -0.0394478889 -0.204974026 0 0 0
C@CP 3284 -0.301878157 -0.129191147 0.00127053127 0 0 0
C@CP 3285 -0.275320152 -0.197354292 0.149634592 0 0 0
C@CP 3286 0.267279967 0.294559243 -0.107109953 0 0 0
C@CP 3287 0.144982169 -0.138266336 -0.176318109 0 0 0
C@CP 3288 -0.351809166 0.141822507 0.231163786 0 0 0
C@CP 3289 0.373030963 0.231647451 0.137427355 0 0 0
C@CP 3290 -0.11921372 0.1210689 -0.427195556 0 0 0
C@CP 3291 0.222503676 0.193255249 0.138550815 0 0 0
C@CP 3292 -0.304605238 -0.250197237 0.236036042 0 0 0
C@CP 3293 -0.300777721 0.177715926 -0.262075631 0 0 0
C@CP 3295 -0.28014551 -0.148146782 -0.0153589557 0 0 0
C@CP 3296 0.385731039 -0.0774997275 0.0346945667 0 0 0
C@CP 3297 0.276103554 -0.113071277 0.0152183974 0 0 0
C@CP 3298 -0.193880723 0.346391379 -0.0966576651 0 0 0
C@CP 3299 -0.0793585024 -0.230556724 0.0898016823 0 0 0
C@CP 3300 -0.297669644 -0.102554322 -0.30097435 0 0 0
C@CP 3301 -0.237189394 0.130708736 -0.358911077 0 0 0
C@CP 3302 0.139594955 -0.053823548 0.17756092 0 0 0
C@CP 3303 -0.277195755 -0.354376237 0.0538234711 0 0 0
C@CP 3304 -0.208572394 0.272404926 0.221162294 0 0 0
C@CP 3305 0.222962542 -0.0609448547 -0.324105456 0 0 0
C@CP 3306 -0.191337538 0.344568891 -0.0809577596 0 0 0
C@CP 3307 0.0372868576 -0.281641777 0.306392177 0 0 0
C@CP 3308 -0.198538033 0.325893433 -0.019064138 0 0 0
C@CP 3309 -0.0537205945 0.295579917 0.165888776 0 0 0
C@CP 3310 0.279438673 0.206621253 0.0341880771 0 0 0
C@CP 3311 0.191889962 -0.00409813058 0.210988121 0 0 0
C@CP 3312 -0.353786065 -0.079629622 -0.0290521703 0 0 0
C@CP 3313 0.172688745 0.0770476494 0.329527563 0 0 0
C@CP 3314 -0.241384402 -0.0302209673 -0.307921558 0 0 0
C@CP 3315 0.0010454955 -0.0272304213 -0.374631545 0 0 0
C@CP 3316 -0.215706088 0.193078645 0.292314493 0 0 0
C@CP 3317 0.138596428 -0.234378453 -0.233979066 0 0 0
C@CP 3318 -0.256494696 0.0930800871 0.0672118162 0 0 0
C@CP 3319 -0.407756419 -0.17815946 0.0408997957 0 0 0
C@CP 3320 0.0600614687 -0.0157546399 0.297527833 0 0 0
C@CP 3321 0.0109634109 0.11643453 0.378491776 0 0 0
C@CP 3322 0.156659789 -0.220726509 0.137372886 0 0 0
C@CP 3323 -0.0154609344 -0.179209658 0.265817299 0 0 0
C@CP 3324 0.0114246603 0.272422798 -0.0479039686 0 0 0
C@CP 3325 -0.169593369 0.133256378 -0.363352684 0 0 0
C@CP 3326 -0.14896766 -0.017949761 0.401584124 0 0 0
C@CP 3327 -0.00328237386 -0.321607871 0.231117258 0 0 0
C@CP 3328 0.297551701 -0.116961267 -0.305093086 0 0 0
C@CP 3329 0.132002053 0.405986446 0.12713919 0 0 0
C@CP 3330 0.0748672811 0.250587348 -0.250681882 0 0 0
C@CP 3331 -0.112238504 0.248865584 0.0361836419 0 0 0
C@CP 3332 0.0121886132 0.204747768 0.427851795 0 0 0
C@CP 3333 0.307492643 -0.0775780489 0.305471299 0 0 0
C@CP 3334 0.100860083 0.105640457 -0.0185332222 0 0 0
C@CP 3335 0.0292025857 -0.27824557 -0.337342557 0 0 0
C@CP 3336 -0.0406257344 0.247818352 -0.116014418 0 0 0
C@CP 3337 -0.213527133 0.129694783 -0.382355629 0 0 0
C@CP 3338 -0.00809740884 0.265024876 0.035161782 0 0 0
C@CP 3339 -0.438775122 -0.0903250826 -0.0354793511 0 0 0
C@CP 3340 0.356261212 -0.0303245741 -0.0635638846 0 0 0
C@CP 3341 0.179545164 0.379547021 0.141295603 0 0 0
C@CP 3342 -0.184656858 0.268333791 -0.140204163 0 0 0
C@CP 3343 -0.289568642 -0.143132183 0.139386092 0 0 0
C@CP 3344 -0.145950331 -0.331625638 0.262250216 0 0 0
C@CP 3345 -0.292895162 -0.138258608 0.33264542 0 0 0
C@CP 3346 0.0724186804 -0.304383977 0.0446423818 0 0 0
C@CP 3347 -0.120169714 -0.43555428 -0.0931596213 0 0 0
C@CP 3348 -0.381627817 0.1836448 0.0601253603 0 0 0
C@CP 3349 -0.322824729 0.141837852 -0.155484246 0 0 0
C@CP 3350 0.0557302492 -0.363473099 0.0699529801 0 0 0
C@CP 3351 0.0351694806 0.167037549 0.0382168182 0 0 0
C@CP 3353 -0.373467674 -0.0421972061 -0.141219093 0 0 0
C@CP 3354 -0.312886536 0.205907071 0.0967426367 0 0 0
C@CP 3355 0.29814395 0.169607204 0.117805207 0 0 0
C@CP 3356 -0.200453641 0.0816005938 -0.287490982 0 0 0
C@CP 3357 -0.311073108 -0.275023627 0.179068279 0 0 0
C@CP 3358 -0.321956496 -0.00806701772 0.294317277 0 0 0
C@CP 3359 -0.0864005268 0.310833291 -0.29502205 0 0 0
C@CP 3360 0.088340536 0.0706293317 -0.237912829 0 0 0
C@CP 3361 -0.17762293 0.373137656 -0.165346217 0 0 0
C@CP 3362 0.41403608 -0.122018457 0.0738847446 0 0 0
C@CP 3363 0.00164914896 -0.253146404 0.0500723142 0 0 0
C@CP 3364 0.111122009 0.081815199 0.415969136 0 0 0
C@CP 3365 0.403211748 0.0644658683 -0.222632563 0 0 0
C@CP 3366 -0.247242077 -0.216108135 0.266788422 0 0 0
C@CP 3367 -0.131230057 -0.300021186 0.113812857 0 0 0
C@CP 3368 -0.137483195 0.293978708 -0.178068507 0 0 0
C@CP 3369 0.298883039 -0.140651008 0.13368028 0 0 0
C@CP 3370 0.341974772 -0.0851413355 -0.181286556 0 0 0
C@CP 3371 -0.259641414 -0.251533565 0.279970681 0 0 0
C@CP 3372 0.254847117 0.0808160202 0.169367509 0 0 0
C@CP 3373 -0.0913048081 0.300516222 -0.133371942 0 0 0
C@CP 3374 0.205654726 -0.196235731 0.120672118 0 0 0
C@CP 3375 0.0798117538 -0.133555565 -0.277752705 0 0 0
C@CP 3376 0.114123927 -0.228362833 -0.226336323 0 0 0
C@CP 3377 0.0130470034 -0.380577881 0.268288038 0 0 0
C@CP 3378 0.224748447 0.18104215 0.23306905 0 0 0
C@CP 3379 -0.149270246 -0.182043438 0.0462215084 0 0 0
C@CP 3380 -0.324591369 -0.000355966827 -0.107989759 0 0 0
C@CP 3381 0.0138194444 -0.221576575 -0.205953383 0 0 0
C@CP 3382 -0.0443855757 0.312598961 -0.288577405 0 0 0
C@CP 3383 -0.302834116 0.0465599594 -0.059743209 0 0 0
C@CP 3384 0.130602974 -0.00141236329 0.0448130455 0 0 0
C@CP 3385 -0.300153588 0.0953879254 0.203209075 0 0 0
C@CP 3386 -0.0351964874 0.369309508 0.062244525 0 0 0
C@CP 3387 0.0297192889 0.0698582894 0.304729622 0 0 0
C@CP 3388 -0.343056032 -0.148839807 0.262773574 0 0 0
C@CP 3389 -0.355625511 0.105142194 -0.232036309 0 0 0
C@CP 3390 -0.128747989 -0.0110289062 -0.316871548 0 0 0
C@CP 3391 0.213553202 0.0767314831 -0.238205633 0 0 0
C@CP 3392 0.335460943 0.189386991 -0.212451494 0 0 0
C@CP 3393 -0.117594808 -0.154529844 -0.225342188 0 0 0
C@CP 3394 -0.22190193 0.411145261 -0.0771493485 0 0 0
C@CP 3395 0.202563271 -0.217651114 -0.0679459376 0 0 0
C@CP 3396 0.0105125763 -0.234328839 0.215447933 0 0 0
C@CP 3397 0.372271269 -0.204916409 -0.090330481 0 0 0
C@CP 3398 0.222707558 0.0919073245 0.193946544 0 0 0
C@CP 3399 -0.287651914 0.149338721 -0.18029362 0 0 0
C@CP 3400 -0.0448421443 0.243394833 -0.313277948 0 0 0
C@CP 3401 -0.0908157097 0.225470045 -0.355636211 0 0 0
C@CP 3402 0.402906499 0.204477093 -0.108122062 0 0 0
C@CP 3403 -0.296773963 -0.221111261 -0.185048862 0 0 0
C@CP 3404 0.27812763 0.118194477 0.329832888 0 0 0
C@CP 3405 -0.175237414 -0.378255293 -0.206917191 0 0 0
C@CP 3406 0.23056232 -0.361528242 0.174490518 0 0 0
C@CP 3407 -0.0684269159 -0.156669764 0.398112999 0 0 0
C@CP 3408 0.111640429 0.0666032269 0.266014459 0 0 0
C@CP 3409 0.327989376 0.306640458 0.13487325 0 0 0
C@CP 3410 0.0622544058 -0.0506902138 -0.0278282393 0 0 0
C@CP 3411 0.0388591819 -0.29281903 0.269942379 0 0 0
C@CP 3412 0.266365728 -0.320403763 0.144703363 0 0 0
C@CP 3413 0.293308108 0.128229834 -0.239828084 0 0 0
C@CP 3414 -0.141049897 0.39020942 0.111961732 0 0 0
C@CP 3415 -0.171007362 -0.32912867 -0.163092532 0 0 0
C@CP 3416 -0.0337589348 -0.256330601 0.22468357 0 0 0
C@CP 3417 -0.0846018266 0.0784575541 -0.0471834977 0 0 0
C@CP 3418 -0.143921775 0.23021428 0.056753706 0 0 0
C@CP 3419 -0.176332108 0.116656179 -0.257084089 0 0 0
C@CP 3420 0.125332604 0.0826222534 -0.0455986062 0 0 0
C@CP 3421 -0.0214640505 0.436820301 -0.100702456 0 0 0
C@CP 3422 -0.38896339 -0.072912701 0.150985388 0 0 0
C@CP 3423 -0.159056092 0.131154672 0.319623969 0 0 0
C@CP 3424 0.137044997 0.304228005 0.244926341 0 0 0
C@CP 3425 0.0100515517 -0.137322221 -0.322658794 0 0 0
C@CP 3426 0.413753166 0.1860779 -0.0956719192 0 0 0
C@CP 3427 -0.234863125 -0.0909492223 -0.35447564 0 0 0
C@CP 3428 -0.0235684924 -0.0754339589 -0.179753218 0 0 0
C@CP 3429 0.252405979 -0.26884295 -0.0443344735 0 0 0
C@CP 3430 0.252805477 0.192751577 -0.2087394 0 0 0
C@CP 3431 -0.279055069 -0.0973954259 0.365846904 0 0 0
C@CP 3432 0.175233065 -0.428994089 -0.047436955 0 0 0
C@CP 3433 -0.199172306 0.37941933 -0.024109397 0 0 0
C@CP 3434 0.19970615 -0.211446114 0.224639947 0 0 0
C@CP 3435 -0.192589417 -0.190864344 -0.103468192 0 0 0
C@CP 3436 0.101920463 0.120289695 0.359234749 0 0 0
C@CP 3437 -0.0365985601 -0.229607691 -0.0893634513 0 0 0
C@CP 3438 -0.0788983818 -0.229988916 0.269325104 0 0 0
C@CP 3439 -0.190094097 -0.364114862 -0.225735547 0 0 0
C@CP 3440 -0.186780063 -0.167476321 -0.292485566 0 0 0
C@CP 3441 0.323338928 -0.0285223583 0.312576798 0 0 0
C@CP 3442 0.163229022 -0.3019201 -0.268834827 0 0 0
C@CP 3443 -0.406885556 -0.085481375 -0.1088156 0 0 0
C@CP 3444 0.375187085 -0.235112793 -0.0914356257 0 0 0
C@CP 3445 -0.0847788832 0.0796828153 0.0873013463 0 0 0
C@CP 3446 -0.223786114 -0.106817785 0.253325111 0 0 0
C@CP 3447 0.106372696 -0.376404746 -0.229811339 0 0 0
C@CP 3448 -0.13911891 0.0871783101 0.0297696688 0 0 0
C@CP 3449 -0.0676031282 0.215477102 -0.331626702 0 0 0
C@CP 3450 -0.0834655948 -0.40337552 0.231488691 0 0 0
C@CP 3451 0.122626937 0.223917048 0.145367881 0 0 0
C@CP 3452 -0.29949146 -0.124931621 0.0361481552 0 0 0
C@CP 3453 0.342091736 0.0746276333 0.0225044914 0 0 0
C@CP 3454 0.113952968 0.140957694 0.283363143 0 0 0
C@CP 3455 -0.408179501 -0.100966313 -0.114722524 0 0 0
C@CP 3456 -0.123413476 0.12059459 -0.37592328 0 0 0
C@CP 3457 0.196936736 -0.309616943 0.0794801595 0 0 0
C@CP 3458 0.00448778826 0.123173212 -0.0724238426 0 0 0
C@CP 3459 -0.118647839 -0.348031166 -0.207643338 0 0 0
C@CP 3460 0.0875838798 -0.351345969 -0.23604962 0 0 0
C@CP 3461 0.376460519 -0.152531375 0.0636250816 0 0 0
C@CP 3462 -0.120269325 -0.19986756 -0.33377732 0 0 0
C@CP 3463 -0.300272327 0.274873785 -0.197981191 0 0 0
C@CP 3464 0.321825511 0.0898649177 -0.0533131643 0 0 0
C@CP 3465 0.0834676757 0.114797644 0.385517902 0 0 0
C@CP 3466 0.178623446 0.1292218 0.114488546 0 0 0
C@CP 3467 0.27772315 0.0170116022 -0.0803239098 0 0 0
C@CP 3468 0.0495704084 -0.342085095 -0.0136543817 0 0 0
C@CP 3469 0.189356205 -0.27788125 -0.296129536 0 0 0
C@CP 3470 -0.421279254 0.00748019485 0.240689928 0 0 0
C@CP 3471 0.103548691 0.163955724 0.414098529 0 0 0
C@CP 3472 -0.00572680758 -0.294642567 -0.1540286 0 0 0
C@CP 3473 0.306963616 -0.0285320154 0.218059887 0 0 0
C@CP 3474 -0.367808034 -0.190687605 -0.138003973 0 0 0
C@CP 3475 -0.196728596 0.352683565 -0.109326624 0 0 0
C@CP 3476 -0.28928744 -0.272214792 0.122510354 0 0 0
C@CP 3477 0.0117846369 0.176500744 -0.27135331 0 0 0
C@CP 3478 -0.141634901 0.0845133189 -0.0198957504 0 0 0
C@CP 3479 -0.133795007 0.119519313 0.210962877 0 0 0
C@CP 3480 0.124748631 0.350852097 -0.010005698 0 0 0
C@CP 3481 -0.0145269259 -0.344622267 0.167569764 0 0 0
C@CP 3482 0.0166548554 -0.0566983216 0.406651218 0 0 0
C@CP 3483 -0.373628662 -0.0396351122 -0.106825496 0 0 0
C@CP 3484 0.114847267 0.244617961 -0.152791421 0 0 0
C@CP 3485 -0.260240215 0.0359272487 0.184690783 0 0 0
C@CP 3486 0.238973242 0.0920415421 -0.0646025707 0 0 0
C@CP 3487 -0.31045426 -0.315238232 0.151159743 0 0 0
C@CP 3488 0.125564209 -0.122240418 0.391759944 0 0 0
C@CP 3489 0.0486630107 -0.0922356116 -0.116998101 0 0 0
C@CP 3490 -0.23550067 0.134745184 0.337087693 0 0 0
C@CP 3491 -0.113308081 0.178532479 0.233507725 0 0 0
C@CP 3492 -0.0625024911 0.387036633 0.0253254944 0 0 0
C@CP 3493 -0.239163469 0.203581865 0.218207297 0 0 0
C@CP 3494 -0.248574897 -0.341569954 0.0929601223 0 0 0
C@CP 3495 -0.317760341 -0.12689713 0.318969617 0 0 0
C@CP 3496 0.26035266 -0.17357937 -0.268222853 0 0 0
C@CP 3497 -0.209675234 -0.278424314 -0.213047734 0 0 0
B@CP 3499 0.0727947617 -0.416165513 0.0790425943 0 0 0
C@CP 3500 -0.0245966351 0.0573820929 0.113000271 0 0 0
C@CP 3501 0.409591705 0.0899114476 0.0935711452 0 0 0
C@CP 3502 -0.100418117 -0.211772312 0.191038415 0 0 0
B@CP 3504 0.0439236991 0.301686442 -0.0580845803 0 0 0
C@CP 3505 0.123570946 0.255631337 0.113404985 0 0 0
B@CP 3507 -0.112865612 -0.400941848 0.225398815 0 0 0
C@CP 3508 0.0178210444 0.359805152 0.167513748 0 0 0
