B@CP 1004 -0.435775296 0.0993623418 0.101446919 0 0 0
B@CP 1005 0.159051258 0.410184948 0.174612062 0 0 0
B@CP 1008 -0.165383586 0.282262333 -0.209262946 0 0 0
B@CP 1014 0.0735474288 -0.419246524 0.108691258 0 0 0
B@CP 1018 0.0176551313 0.338188756 -0.0116538594 0 0 0
B@CP 1020 0.128121493 0.268646937 0.0847647814 0 0 0
B@CP 1025 0.0948441827 0.150436445 -0.0459894883 0 0 0
B@CP 1026 -0.175012258 0.308121716 -0.188731723 0 0 0
B@CP 1032 -0.301213692 -0.271506943 -0.139729798 0 0 0
B@CP 1033 0.0483542182 -0.104112791 0.0190078555 0 0 0
B@CP 1034 0.176031378 0.0922292049 -0.0616441951 0 0 0
B@CP 1036 -0.319070854 -0.222282639 0.165421147 0 0 0
B@CP 1040 0.186294603 -0.0568971113 0.110074938 0 0 0
B@CP 1041 -0.00566273372 -0.235930098 -0.324875277 0 0 0
B@CP 1042 -0.305223035 -0.112885527 0.0838820164 0 0 0
B@CP 1045 -0.265525778 0.16989038 -0.343318158 0 0 0
B@CP 1046 0.307573336 0.121965573 0.322545954 0 0 0
B@CP 1047 -0.0163148811 -0.323843568 -0.246982249 0 0 0
B@CP 1055 0.267056072 0.278443241 -0.207630579 0 0 0
B@CP 1056 -0.271378086 -0.0171450761 -0.162894807 0 0 0
B@CP 1059 0.343612361 -0.109084036 -0.0370245116 0 0 0
B@CP 1063 0.348938988 -0.108257837 0.126711747 0 0 0
B@CP 1065 0.0262033449 0.181693513 -0.375633124 0 0 0
B@CP 1066 -0.0803160329 0.151715449 0.308328578 0 0 0
B@CP 1068 -0.119918066 0.263434578 0.245561434 0 0 0
B@CP 1069 -0.06111785 0.43826389 0.0962787551 0 0 0
B@CP 1070 0.0337940106 -0.057816497 0.305945372 0 0 0
B@CP 1077 0.0949625322 -0.221545394 0.272644084 0 0 0
B@CP 1080 -0.109833955 -0.336967311 0.120350704 0 0 0
B@CP 1083 0.0280617846 -0.104788783 -0.243145153 0 0 0
B@CP 1084 0.297513976 0.0986152109 0.158915884 0 0 0
B@CP 1085 0.145757578 0.256441067 0.277353748 0 0 0
B@CP 1089 -0.0424966841 0.218457654 0.182139065 0 0 0
B@CP 1091 0.412286699 -0.00918918753 -0.165163469 0 0 0
B@CP 1092 -0.0192481459 0.392709253 9.70901812e-05 0 0 0
B@CP 1093 0.212883205 -0.149576799 0.125883251 0 0 0
B@CP 1094 -0.322598958 -0.0770387619 -0.248356017 0 0 0
B@CP 1099 0.209018282 0.216987624 0.171076026 0 0 0
B@CP 1100 -0.123979672 0.214174529 0.372996584 0 0 0
B@CP 1104 0.125652794 0.426642431 0.093513112 0 0 0
B@CP 1105 -0.175187125 -0.134169022 0.401708003 0 0 0
B@CP 1106 -0.0769111124 -0.225818894 -0.244377092 0 0 0
B@CP 1107 -0.23824087 -0.263995771 0.256367749 0 0 0
B@CP 1109 0.225575864 -0.268645125 0.0233879049 0 0 0
B@CP 1110 0.132716593 -0.0448611706 -0.339170378 0 0 0
B@CP 1117 -0.0834716781 -0.211807085 -0.0080620254 0 0 0
B@CP 1118 0.0163826961 -0.0916690676 -0.191191077 0 0 0
B@CP 1121 0.0168608436 0.225458463 -0.0239763485 0 0 0
B@CP 1122 0.0232311372 -0.379339044 -0.128038489 0 0 0
B@CP 1123 0.353137885 -0.0136728422 -0.288043386 0 0 0
B@CP 1125 -0.351018084 0.193130968 0.162086386 0 0 0
B@CP 1131 -0.102339929 0.0867332589 -0.00833789418 0 0 0
B@CP 1139 -0.048943477 0.266607053 -0.204916513 0 0 0
B@CP 1143 -0.00385243385 0.195811186 0.387450039 0 0 0
B@CP 1146 -0.0159851564 -0.311452389 -0.257757223 0 0 0
B@CP 1147 -0.3104612 0.0403123477 -0.261664938 0 0 0
B@CP 1149 0.142279152 0.282325247 0.14871691 0 0 0
B@CP 1152 0.0815645253 0.290853222 0.000723039847 0 0 0
B@CP 1153 0.182186702 -0.349359651 -0.115813983 0 0 0
B@CP 1154 -0.204951632 0.0780110846 0.376847728 0 0 0
B@CP 1155 -0.229036292 -0.109729758 0.222552964 0 0 0
B@CP 1160 -0.310129995 -0.257440141 -0.050995564 0 0 0
B@CP 1161 -0.129014472 -0.0383847609 0.406744218 0 0 0
B@CP 1162 -0.000390321225 0.212334663 0.255077422 0 0 0
B@CP 1163 0.085368928 0.295201489 -0.160310646 0 0 0
B@CP 1166 -0.165178902 0.0458821554 0.10532001 0 0 0
B@CP 1167 0.0734521632 -0.374187039 0.186169184 0 0 0
B@CP 1170 -0.190338146 -0.217385469 -0.343906676 0 0 0
B@CP 1171 -0.299279706 0.190693879 -0.278334491 0 0 0
B@CP 1176 -0.241999303 0.379379885 -0.00371088196 0 0 0
B@CP 1179 -0.0899177858 0.00206174443 -0.160315941 0 0 0
B@CP 1185 0.322741977 0.13859355 0.238323306 0 0 0
B@CP 1186 0.055687804 -0.0108547035 0.0952279552 0 0 0
B@CP 1187 -0.174295787 -0.349970689 0.204212193 0 0 0
B@CP 1188 0.149082698 0.355502236 0.248948546 0 0 0
B@CP 1189 -0.445194257 0.10822975 -0.0378685874 0 0 0
B@CP 1190 0.114777638 0.0844269999 -0.287265124 0 0 0
B@CP 1191 -0.166497686 0.253800941 0.140781496 0 0 0
B@CP 1192 -0.0269142875 -0.0789901962 -0.30548163 0 0 0
B@CP 1196 -0.10911886 0.397850859 0.0740323174 0 0 0
B@CP 1197 0.225440346 0.0148662399 -0.386230018 0 0 0
B@CP 1200 0.273390629 0.1226294 -0.0804424891 0 0 0
B@CP 1206 0.260695185 0.317466548 -0.193799394 0 0 0
B@CP 1211 -0.10711365 -0.262267147 -0.05964242 0 0 0
B@CP 1221 -0.152777937 0.0816306418 -0.380283778 0 0 0
B@CP 1222 -0.101184983 0.0946235636 0.324573777 0 0 0
B@CP 1225 -0.0960271488 0.128727501 -0.355247117 0 0 0
B@CP 1226 -0.00874249924 0.00864125296 -0.30236503 0 0 0
B@CP 1228 0.258259601 0.00344803511 0.0407358647 0 0 0
B@CP 1229 0.250977421 -0.04518494 0.0241405026 0 0 0
B@CP 1234 -0.2500524 -0.126773037 -0.0259483805 0 0 0
B@CP 1237 -0.279987969 0.104950832 -0.300313531 0 0 0
B@CP 1239 -0.0389186497 0.0892390207 -0.00302337491 0 0 0
B@CP 1241 -0.11049627 0.405531079 -0.058153487 0 0 0
B@CP 1242 0.0848116954 -0.0365785243 -0.436115972 0 0 0
B@CP 1245 0.17996147 0.147480984 -0.0519618314 0 0 0
B@CP 1248 0.148303629 -0.219323194 0.13046686 0 0 0
B@CP 1257 -0.431452747 -0.0332915932 -0.060523355 0 0 0
B@CP 1259 0.19100024 0.27537567 0.273249682 0 0 0
B@CP 1262 0.041124153 -0.110415497 0.348449271 0 0 0
B@CP 1263 0.286342921 0.0960929098 0.122368865 0 0 0
B@CP 1264 0.429244801 -0.15662959 -0.0524014708 0 0 0
B@CP 1268 -0.0505967061 -0.414453881 0.183933011 0 0 0
B@CP 1274 -0.369542474 -0.169879111 0.231909996 0 0 0
B@CP 1275 -0.219989729 0.0810351009 0.00136879813 0 0 0
B@CP 1280 0.271161579 0.297374271 0.0633848427 0 0 0
B@CP 1281 0.256588116 0.00515637094 0.191903583 0 0 0
B@CP 1284 -0.298596769 0.0244280781 0.295884717 0 0 0
B@CP 1285 0.105752539 -0.196956337 0.205143725 0 0 0
B@CP 1291 0.207296407 0.0383822315 -0.146881581 0 0 0
B@CP 1293 0.318802258 0.151039721 -0.145675038 0 0 0
B@CP 1299 0.0412557448 0.0406504053 0.425888812 0 0 0
B@CP 1302 0.137213006 -0.163896922 0.202246446 0 0 0
B@CP 1305 -0.261168532 -0.177390272 -0.313071476 0 0 0
B@CP 1306 0.274972916 -0.123078617 -0.334284475 0 0 0
B@CP 1312 -0.105558293 0.0206367384 0.30267885 0 0 0
B@CP 1318 0.199955769 -0.341331609 0.1571694 0 0 0
B@CP 1320 0.00737490716 0.430807409 0.0134354444 0 0 0
B@CP 1323 -0.11973227 -0.0422052003 -0.117727627 0 0 0
B@CP 1324 0.0108342517 -0.0453249056 -0.0378564831 0 0 0
B@CP 1326 -0.138057739 -0.138766135 -0.24430397 0 0 0
B@CP 1330 0.209537485 0.058157434 0.104122772 0 0 0
B@CP 1332 -0.167901252 -0.0819159935 -0.0205472548 0 0 0
B@CP 1335 0.319058101 0.266541726 0.144651312 0 0 0
B@CP 1342 0.103542013 0.0488687729 0.262865172 0 0 0
B@CP 1343 0.122369369 -0.304134302 -0.333365637 0 0 0
B@CP 1345 -0.158298536 0.019810218 -0.0734642701 0 0 0
B@CP 1348 0.262655069 0.221440781 0.150232906 0 0 0
B@CP 1354 0.0504259732 -0.175558756 0.350822527 0 0 0
B@CP 1356 -0.0546555538 -0.376507868 0.22794509 0 0 0
B@CP 1362 0.10231158 -0.0557136179 -0.348957775 0 0 0
B@CP 1363 0.383755903 -0.186017494 -0.122085782 0 0 0
B@CP 1365 -0.188834376 -0.414872542 0.0263363756 0 0 0
B@CP 1367 -0.120249852 0.207330786 0.282645866 0 0 0
B@CP 1370 -0.145230575 -0.1371339 -0.270257489 0 0 0
B@CP 1371 -0.0764684043 -0.328130743 0.209820541 0 0 0
B@CP 1372 0.295797332 0.130495327 0.224360719 0 0 0
B@CP 1373 -0.174524467 -0.010952767 -0.243760928 0 0 0
B@CP 1375 0.26038314 -0.276039622 -0.0186932019 0 0 0
B@CP 1379 -0.322143471 -0.0208899559 0.0541724408 0 0 0
B@CP 1385 -0.345724346 0.0418249986 -0.139576297 0 0 0
B@CP 1387 -0.264246987 0.387499659 0.00795857906 0 0 0
B@CP 1390 -0.00271708229 -0.253562038 0.0628059004 0 0 0
B@CP 1391 0.0551471636 -0.287604292 -0.216347188 0 0 0
B@CP 1393 0.215495259 0.303584908 0.148939129 0 0 0
B@CP 1398 -0.367104575 0.101612207 0.0887800957 0 0 0
B@CP 1406 0.392346568 0.198114564 -0.15130299 0 0 0
B@CP 1408 -0.290231439 0.023301664 -0.00449349922 0 0 0
B@CP 1410 -0.044714016 0.180037007 0.13912469 0 0 0
B@CP 1416 -0.0440646657 0.430080617 -0.0881921523 0 0 0
B@CP 1417 0.166461345 -0.232342864 -0.0512392292 0 0 0
B@CP 1422 0.22194286 -0.0659484351 -0.0456243976 0 0 0
B@CP 1423 0.0145667682 0.0963474125 0.354964205 0 0 0
B@CP 1424 -0.0641502212 0.208058347 0.0731841732 0 0 0
B@CP 1428 -0.0238055617 -0.287838269 0.340244855 0 0 0
B@CP 1429 0.111536275 0.2350944 -0.129172357 0 0 0
B@CP 1433 0.0227486528 -0.316265169 -0.293300898 0 0 0
B@CP 1434 -0.111569016 0.0515385396 0.183046789 0 0 0
B@CP 1436 -0.122181126 -0.270194318 0.204263221 0 0 0
B@CP 1438 -0.253337269 0.0509152915 0.150665529 0 0 0
B@CP 1439 0.240487034 -0.13187196 -0.104658022 0 0 0
B@CP 1446 -0.221328887 -0.280850415 -0.00747308945 0 0 0
B@CP 1448 0.254983461 -0.310015854 0.224035762 0 0 0
B@CP 1452 -0.0356547236 0.395783544 0.116944907 0 0 0
B@CP 1453 0.270624077 -0.34049052 0.14732571 0 0 0
B@CP 1454 -0.0132036088 -0.0991090713 0.430579106 0 0 0
B@CP 1465 -0.155250035 0.236746714 -0.0938708689 0 0 0
B@CP 1466 -0.120787344 -0.197310164 -0.0230691046 0 0 0
B@CP 1470 0.219839281 0.157666954 0.194937083 0 0 0
B@CP 1471 -0.115371735 -0.140792529 -0.323529441 0 0 0
B@CP 1472 0.441642395 -0.0244737265 -0.124953897 0 0 0
B@CP 1478 -0.0288743946 0.444247884 0.0205209535 0 0 0
B@CP 1481 -0.219267821 0.0155934389 0.112384753 0 0 0
B@CP 1482 -0.0464473661 -0.214492702 0.184865131 0 0 0
B@CP 1483 -0.173066488 -0.217480672 -0.171314346 0 0 0
B@CP 1486 -0.188907977 -0.236212635 0.0354951692 0 0 0
B@CP 1489 0.288414149 -0.346327448 -0.0990342861 0 0 0
B@CP 1490 -0.00945776519 0.338077759 0.238095381 0 0 0
B@CP 1491 0.148600986 -0.060444172 0.189606991 0 0 0
B@CP 1492 -0.0409364415 0.0579353838 -0.331084743 0 0 0
B@CP 1495 -0.3616985 -0.214468464 0.161173294 0 0 0
B@CP 1500 -0.0512822601 0.286542091 0.316182383 0 0 0
B@CP 1504 -0.208231494 0.272817038 -0.229797809 0 0 0
B@CP 1505 0.378883228 0.109885259 0.202950224 0 0 0
B@CP 1509 0.176765816 0.204914268 0.0454131803 0 0 0
B@CP 1515 -0.195019858 0.305086041 -0.219621227 0 0 0
B@CP 1519 -0.163653305 0.204619368 -0.0535957283 0 0 0
B@CP 1523 0.0833341321 0.0619713981 0.408057581 0 0 0
B@CP 1524 -0.0789950586 0.422963027 0.154230436 0 0 0
B@CP 1526 0.162792188 0.221532797 0.10517772 0 0 0
B@CP 1527 -0.289234019 0.276271738 -0.0245130038 0 0 0
B@CP 1530 -0.0996589282 0.111122722 -0.17886159 0 0 0
B@CP 1534 0.260958723 -0.112221882 0.0494854523 0 0 0
B@CP 1536 -0.150047614 -0.102999906 -0.219976463 0 0 0
B@CP 1551 0.404398276 -0.223987312 -0.0411794793 0 0 0
B@CP 1552 -0.0514631393 0.0353770939 -0.45366249 0 0 0
B@CP 1555 -0.262854994 0.221666004 0.045564487 0 0 0
B@CP 1561 -0.136797222 0.224595563 0.0150473447 0 0 0
B@CP 1567 0.265714885 -0.277180113 -0.087164834 0 0 0
B@CP 1569 0.0733006819 0.352580572 -0.152836702 0 0 0
B@CP 1572 -0.263818402 -0.247242431 -0.214997518 0 0 0
B@CP 1573 -0.238799413 0.256506135 0.115685237 0 0 0
B@CP 1576 -0.0762927363 -0.371887254 -0.0144773496 0 0 0
B@CP 1580 -0.114321262 0.246472126 0.0164937896 0 0 0
B@CP 1583 -0.0349617167 0.181663659 -0.373782474 0 0 0
B@CP 1584 0.126901378 0.102131947 0.00674789567 0 0 0
B@CP 1586 -0.0644246984 -0.100441341 -0.358414071 0 0 0
B@CP 1588 -0.219843874 -0.00671420289 0.0833914184 0 0 0
B@CP 1589 -0.0723318099 -0.0518680876 0.0920215493 0 0 0
B@CP 1596 -0.0410028256 -0.112973588 -0.05599744 0 0 0
B@CP 1600 0.119501833 -0.0212445776 0.0736020037 0 0 0
B@CP 1606 -0.26287812 0.0615770792 0.0674560588 0 0 0
B@CP 1609 -0.0663684115 0.406453217 0.0998616462 0 0 0
B@CP 1611 -0.146770586 -0.276138471 0.328797186 0 0 0
B@CP 1613 -0.0903298291 -0.292695194 0.109879312 0 0 0
B@CP 1625 0.435050171 -0.031559726 0.154368667 0 0 0
B@CP 1630 -0.368635225 0.258191336 -0.127051282 0 0 0
B@CP 1637 -0.176037539 0.136782615 0.0828810624 0 0 0
B@CP 1638 0.0377441874 -0.0993438009 -0.439535612 0 0 0
B@CP 1642 -0.102893016 -0.185398512 0.219233709 0 0 0
B@CP 1645 0.320843913 -0.166110244 -0.173303817 0 0 0
B@CP 1649 -0.151328696 0.315955092 -0.0359452074 0 0 0
B@CP 1655 -0.455401952 0.0504914279 0.0432294568 0 0 0
B@CP 1656 -0.124345386 -0.244172966 -0.286188078 0 0 0
B@CP 1673 -0.00776835603 0.453308982 -0.0500801075 0 0 0
B@CP 1678 -0.330712231 -0.249923621 -0.209548863 0 0 0
B@CP 1679 0.180676762 -0.30348183 -0.276067547 0 0 0
B@CP 1681 -0.363273978 0.0692746718 0.0359567786 0 0 0
B@CP 1686 0.272316033 -0.256063747 -0.150942436 0 0 0
B@CP 1690 0.00706446149 0.109585985 0.451039636 0 0 0
B@CP 1694 0.428755019 -0.156652794 -0.115448767 0 0 0
B@CP 1696 -0.197007839 0.0530190662 -0.236962107 0 0 0
B@CP 1697 0.313064526 0.345315682 -0.0311500476 0 0 0
B@CP 1701 -0.278014423 -0.288476105 -0.140686592 0 0 0
B@CP 1703 0.0664746289 -0.364025821 0.156635592 0 0 0
B@CP 1705 -0.146985944 -0.224373548 0.25418582 0 0 0
B@CP 1710 -0.222865506 -0.303204423 -0.211682614 0 0 0
B@CP 1719 0.233520175 0.0886270329 -0.40082629 0 0 0
B@CP 1722 0.143857168 -0.37373715 0.105649591 0 0 0
B@CP 1727 -0.423357637 0.0754431014 0.189639542 0 0 0
B@CP 1733 0.20967562 0.214556165 0.12840131 0 0 0
B@CP 1735 -0.332201914 -0.0543055964 0.298788997 0 0 0
B@CP 1736 0.150367254 -0.211145948 -0.132306687 0 0 0
B@CP 1739 0.048667882 -0.244719244 -0.367043597 0 0 0
B@CP 1740 0.0251835163 -0.0568902131 -0.311584556 0 0 0
B@CP 1743 0.0993104652 0.388635276 0.15941414 0 0 0
B@CP 1745 -0.0783926432 0.104613992 -0.0295989053 0 0 0
B@CP 1746 -0.102682708 0.312275257 0.0738130494 0 0 0
B@CP 1747 -0.0460153558 -0.0930924653 -0.0138112118 0 0 0
B@CP 1748 -0.257174971 -0.0352829012 0.0340148705 0 0 0
B@CP 1751 -0.279413108 -0.075939236 -0.31727843 0 0 0
B@CP 1752 -0.268208879 -0.0622350106 0.0124555251 0 0 0
B@CP 1755 0.196063805 0.0397237373 0.13057831 0 0 0
B@CP 1763 0.15032147 -0.0467065288 0.134664483 0 0 0
B@CP 1774 -0.377133988 0.232335316 -0.0965640364 0 0 0
B@CP 1777 0.0611224984 -0.315373271 0.32005616 0 0 0
B@CP 1781 0.0202510554 -0.403742439 0.00845984221 0 0 0
B@CP 1789 0.172066697 0.00521163834 0.0556646404 0 0 0
B@CP 1790 -0.000657749962 0.190470233 0.404004962 0 0 0
B@CP 1793 0.00314993809 0.265477482 0.239798883 0 0 0
B@CP 1800 0.237856298 0.0456030517 -0.00458694012 0 0 0
B@CP 1802 -0.186266799 -0.133528577 0.130005214 0 0 0
B@CP 1803 -0.0199045723 0.426230651 0.157980306 0 0 0
B@CP 1804 0.0395608127 0.00222355247 0.128055727 0 0 0
B@CP 1807 0.111516393 -0.307131207 -0.12674829 0 0 0
B@CP 1814 -0.235274653 -0.245448262 0.0739318664 0 0 0
B@CP 1815 0.0628624873 -0.437319876 -0.0598935117 0 0 0
B@CP 1817 -0.077512449 -0.288064329 -0.0741166995 0 0 0
B@CP 1819 -0.299515161 -0.162845607 0.152136553 0 0 0
B@CP 1822 0.195182803 -0.301568209 0.118077153 0 0 0
B@CP 1823 0.212310142 -0.0336189405 0.284618278 0 0 0
B@CP 1826 -0.0915487456 -0.408824501 0.0640694458 0 0 0
B@CP 1828 0.192878991 -0.100474894 0.179097454 0 0 0
B@CP 1835 -0.132148221 0.0690032801 -0.01109336 0 0 0
B@CP 1836 0.0668034803 0.45154201 -0.0682050276 0 0 0
B@CP 1838 0.304569321 -0.0965744453 -0.307554026 0 0 0
B@CP 1840 -0.351347997 -0.128265881 -0.0861840775 0 0 0
B@CP 1842 -0.178605462 -0.0771916294 0.232691822 0 0 0
B@CP 1844 0.0623005281 0.0512048545 -0.386318095 0 0 0
B@CP 1847 -0.0148005658 -0.376586999 0.141316828 0 0 0
B@CP 1848 0.0463212975 0.399281667 0.0103911928 0 0 0
B@CP 1851 0.314672626 -0.229502876 0.169044512 0 0 0
B@CP 1852 -0.244579683 0.0831535646 -0.280538483 0 0 0
B@CP 1855 -0.0421530615 0.0902477973 -0.408034172 0 0 0
B@CP 1856 -0.0731316048 -0.0459367504 0.253666046 0 0 0
B@CP 1858 0.0508992485 0.184608411 0.0108731123 0 0 0
B@CP 1861 -0.0278889001 0.14263023 0.229656921 0 0 0
B@CP 1862 0.161622944 -0.102291042 -0.0190494144 0 0 0
B@CP 1866 0.143356294 0.0513334651 -0.251814823 0 0 0
B@CP 1870 -0.142245465 0.23976658 0.345739836 0 0 0
B@CP 1872 -0.0167319675 -0.135799912 -0.437602418 0 0 0
B@CP 1873 0.367689066 -0.181186528 0.113073779 0 0 0
B@CP 1877 -0.115823707 -0.269387508 0.154043047 0 0 0
B@CP 1879 -0.331924364 0.0353004035 -0.0538357808 0 0 0
B@CP 1880 -0.178038486 0.141945242 0.337058343 0 0 0
B@CP 1881 -0.419206534 -0.0228184868 -0.1092047 0 0 0
B@CP 1883 0.13405629 -0.116624046 -0.323384171 0 0 0
B@CP 1887 -0.241413154 0.0555841467 0.233779793 0 0 0
B@CP 1890 -0.153434392 -0.358588386 -0.275608938 0 0 0
B@CP 1891 -0.2439441 0.170729745 0.383428211 0 0 0
B@CP 1892 0.237225981 -0.146424566 -0.113588337 0 0 0
B@CP 1893 -0.214994901 0.179730152 0.289499577 0 0 0
B@CP 1899 0.239714134 -0.315818271 -0.146504226 0 0 0
B@CP 1901 -0.315234205 0.0812072804 0.308524727 0 0 0
B@CP 1903 -0.0285971692 -0.254839054 0.112505845 0 0 0
B@CP 1906 -0.230087467 0.125381836 -0.304646464 0 0 0
B@CP 1909 -0.0109169349 -0.418989917 0.0168310493 0 0 0
B@CP 1910 -0.240175928 0.225554007 0.170901703 0 0 0
B@CP 1911 0.250825676 0.186509098 -0.28062605 0 0 0
B@CP 1915 0.419070357 -0.0286893208 -0.0411029797 0 0 0
B@CP 1917 -0.0033009312 0.0406772406 0.0598887247 0 0 0
B@CP 1920 -0.150663814 0.373917286 0.185385924 0 0 0
B@CP 1921 -0.0244175997 0.423068196 0.156978878 0 0 0
B@CP 1922 -0.262795624 -0.0788096887 -0.141981246 0 0 0
B@CP 1925 -0.136277793 0.395688668 -0.226809713 0 0 0
B@CP 1935 -0.171283768 -0.384318535 0.0849290951 0 0 0
B@CP 1937 0.0162839555 0.126360866 0.224783221 0 0 0
B@CP 1939 0.220564528 -0.0587852951 0.191608631 0 0 0
B@CP 1950 -0.361596505 -0.0316510579 0.232253664 0 0 0
B@CP 1955 0.12511113 0.177024569 0.110589249 0 0 0
B@CP 1958 0.108114144 -0.356315683 -0.269237028 0 0 0
B@CP 1960 -0.178955904 -0.0614030527 0.269408935 0 0 0
B@CP 1967 0.0397883495 -0.123906675 0.0705108307 0 0 0
B@CP 1970 -0.222222489 0.199139342 -0.168003399 0 0 0
B@CP 1974 0.00673222718 0.362188437 -0.175203783 0 0 0
B@CP 1980 -0.0591881258 0.0637704551 0.454998743 0 0 0
B@CP 1993 0.00687918896 -0.40661206 -0.225602756 0 0 0
B@CP 1994 -0.268276967 0.055831226 -0.124379156 0 0 0
B@CP 1996 -0.109996878 -0.315211122 0.223243175 0 0 0
B@CP 1999 0.218763272 -0.0238573832 -0.349408433 0 0 0
B@CP 2002 0.0550524753 0.0229188807 -0.304985589 0 0 0
B@CP 2005 0.137289179 -0.0503297544 -0.0390849826 0 0 0
B@CP 2013 0.295055968 0.115267277 0.11775978 0 0 0
B@CP 2019 0.418280231 0.131426367 -0.0389935312 0 0 0
B@CP 2021 -0.271633696 0.339564717 0.0492344703 0 0 0
B@CP 2022 0.0431718646 -0.33581159 0.290623852 0 0 0
B@CP 2024 -0.408939211 0.105900733 0.0953792539 0 0 0
B@CP 2025 0.069293538 -0.402958211 0.217333451 0 0 0
B@CP 2026 -0.111063862 -0.0463900934 -0.203857396 0 0 0
B@CP 2028 -0.0744929142 -0.150210185 0.0176166159 0 0 0
B@CP 2029 -0.266737443 0.0487663293 -0.0347264265 0 0 0
B@CP 2032 0.343537133 0.0948883228 0.0390989771 0 0 0
B@CP 2033 -0.126541973 -0.294755264 0.257636746 0 0 0
B@CP 2034 -0.141298612 0.15575109 -0.195557203 0 0 0
B@CP 2036 0.0219488046 -0.0975699606 -0.310848747 0 0 0
B@CP 2037 0.228587638 0.362019619 -0.0927281425 0 0 0
B@CP 2040 0.347348483 -0.0119842952 0.296936297 0 0 0
B@CP 2042 0.254610425 0.125980314 0.184354706 0 0 0
B@CP 2043 0.202011475 0.103337514 0.0174514001 0 0 0
B@CP 2048 0.133548059 -0.326181559 -0.0703045351 0 0 0
B@CP 2050 -0.23914521 -0.364514691 -0.0576635859 0 0 0
B@CP 2053 -0.120569632 -0.177586312 -0.0867501768 0 0 0
B@CP 2057 0.143987244 0.0372188208 0.116674502 0 0 0
B@CP 2059 0.0420764677 -0.0206834357 -0.334055179 0 0 0
B@CP 2060 0.0426924408 0.100261152 0.266619959 0 0 0
B@CP 2068 -0.0611463524 -0.408720773 0.0639575834 0 0 0
B@CP 2076 -0.293349811 0.225016997 0.128240464 0 0 0
B@CP 2077 -0.169672108 0.0628795515 -0.140707465 0 0 0
B@CP 2078 0.286768621 0.298090093 0.0927435763 0 0 0
B@CP 2079 0.103304778 -0.393868595 -0.159015356 0 0 0
B@CP 2081 0.157845418 0.231588335 0.229356273 0 0 0
B@CP 2082 -0.26422303 -0.159061462 0.0345154675 0 0 0
B@CP 2083 0.0404615254 -0.25722334 -0.261991004 0 0 0
B@CP 2086 0.306391263 -0.316482363 0.0832961676 0 0 0
B@CP 2087 -0.189262691 0.214314691 -0.163301173 0 0 0
B@CP 2091 -0.331989566 -0.058501139 -0.284535877 0 0 0
B@CP 2095 -0.182062957 0.0258451524 -0.306316716 0 0 0
B@CP 2103 0.0569182421 -0.134095657 -0.327926479 0 0 0
B@CP 2105 -0.0265372335 0.308707894 0.167227769 0 0 0
B@CP 2109 -0.315783659 0.214267759 0.126426548 0 0 0
B@CP 2110 0.0970163201 0.0571499344 -0.0165306233 0 0 0
B@CP 2111 -0.0318260407 0.0618864931 -0.400603217 0 0 0
B@CP 2113 -0.401277901 0.0598994919 0.201578196 0 0 0
B@CP 2114 0.121812184 0.20662031 0.130907366 0 0 0
B@CP 2115 0.0839331055 -0.342191799 0.0745655312 0 0 0
B@CP 2117 0.0789469328 0.0842292415 -0.0116411241 0 0 0
B@CP 2118 0.417354479 0.0240477007 0.168377886 0 0 0
B@CP 2119 -0.0920916159 0.0794515045 -0.152959148 0 0 0
B@CP 2125 0.296476798 0.162514475 -0.17259671 0 0 0
B@CP 2127 0.11805679 -0.00205966122 0.256183668 0 0 0
B@CP 2130 -0.268605674 -0.0697510294 -0.283942315 0 0 0
B@CP 2131 -0.0932433789 0.100288964 -0.0721868856 0 0 0
B@CP 2133 -0.242496848 -0.312581377 -0.212799471 0 0 0
B@CP 2134 -0.308939839 -0.0158108635 0.158892058 0 0 0
B@CP 2136 -0.148407752 0.182088936 -0.233360398 0 0 0
B@CP 2141 0.0357599422 0.377826479 0.267124245 0 0 0
B@CP 2144 0.338766591 0.0264848163 -0.0811081968 0 0 0
B@CP 2145 -0.0251665004 -0.0607723407 0.256531191 0 0 0
B@CP 2149 0.286784044 0.131900338 0.275057605 0 0 0
B@CP 2154 -0.293913487 -0.144370505 -0.10667591 0 0 0
B@CP 2161 -0.031632057 0.0999820793 0.272821153 0 0 0
B@CP 2164 -0.230811457 0.0146422112 -0.374138489 0 0 0
B@CP 2166 -0.172278208 -0.254857936 -0.224140621 0 0 0
B@CP 2168 -0.0122258126 -0.381444807 -0.26517722 0 0 0
B@CP 2169 0.0110541376 -0.229093251 0.195854273 0 0 0
B@CP 2175 0.213223518 0.210805979 -0.362555189 0 0 0
B@CP 2177 0.246283175 0.0862558054 -0.000146810415 0 0 0
B@CP 2182 0.226663644 -0.00528044568 0.376959683 0 0 0
B@CP 2186 -0.267160926 0.243062965 -0.124883289 0 0 0
B@CP 2188 0.301606828 0.204932642 -0.160518072 0 0 0
B@CP 2203 -0.0542123338 0.390184657 -0.138716336 0 0 0
B@CP 2205 -0.00401061662 -0.0727585179 -0.0612916484 0 0 0
B@CP 2207 -0.232020084 0.309426955 -0.151405592 0 0 0
B@CP 2208 0.0927211176 0.180058906 -0.208272272 0 0 0
B@CP 2213 0.108133542 0.195718203 -0.28433286 0 0 0
B@CP 2215 -0.269316963 0.183853494 0.054874048 0 0 0
B@CP 2217 -0.196989112 -0.277622316 0.148003751 0 0 0
B@CP 2220 -0.123655972 -0.371884549 0.0171931647 0 0 0
B@CP 2221 -0.109785353 -0.250476873 -0.0183332799 0 0 0
B@CP 2222 0.107687909 -0.0787915967 -0.303716942 0 0 0
B@CP 2225 -0.166522155 0.00924382357 0.114814925 0 0 0
B@CP 2226 -0.0866399818 -0.397789082 0.219299672 0 0 0
B@CP 2228 -0.0665694283 0.116246077 0.161921266 0 0 0
B@CP 2230 0.0775202694 0.0129584041 -0.163298455 0 0 0
B@CP 2233 -0.00780333782 0.201073499 0.401845564 0 0 0
B@CP 2234 -0.147478314 -0.0269721804 0.156105336 0 0 0
B@CP 2248 0.252307575 0.158423379 -0.285972596 0 0 0
B@CP 2250 -0.100683509 0.336418268 0.278750665 0 0 0
B@CP 2251 0.372163064 -0.0275395742 0.072220902 0 0 0
B@CP 2252 0.0233557833 -0.133914644 0.102617032 0 0 0
B@CP 2254 -0.30069749 -0.0252808605 0.265845433 0 0 0
B@CP 2255 0.114350094 0.117566346 0.0584919506 0 0 0
B@CP 2256 0.0642601895 -0.0902296856 -0.0150164361 0 0 0
B@CP 2263 -0.324897807 0.0544233613 -0.211593609 0 0 0
B@CP 2267 0.253795749 -0.226943472 0.244082721 0 0 0
B@CP 2271 -0.0090705407 -0.135129666 0.439737325 0 0 0
B@CP 2272 -0.0181790846 0.209204812 -0.100525477 0 0 0
B@CP 2273 -0.208247415 0.0743123159 -0.303570725 0 0 0
B@CP 2275 0.110322139 0.0101444974 -0.261448565 0 0 0
B@CP 2279 0.00870215022 0.14153378 0.139739577 0 0 0
B@CP 2282 -0.0147819782 0.303236005 0.204363769 0 0 0
B@CP 2284 0.250428551 -0.165602059 0.324200218 0 0 0
B@CP 2285 -0.0764013383 -0.117305592 0.387247925 0 0 0
B@CP 2293 -0.0602720789 -0.266640285 -0.0136726275 0 0 0
B@CP 2299 -0.210548144 0.101601866 -0.238110923 0 0 0
B@CP 2300 -0.251701929 0.0856539945 0.349384212 0 0 0
B@CP 2301 -0.337064796 -0.050252392 0.323757871 0 0 0
B@CP 2303 -0.0264736764 -0.0927801895 0.357249576 0 0 0
B@CP 2305 0.0824258719 -0.00649882276 -0.0163086653 0 0 0
B@CP 2309 0.0714091238 -0.45202936 -0.0565670864 0 0 0
B@CP 2313 0.0473336213 0.255352067 0.264228823 0 0 0
B@CP 2315 0.149476826 0.279115033 0.327925839 0 0 0
B@CP 2320 -0.310222367 0.141889046 0.0962657877 0 0 0
B@CP 2325 -0.14385169 -0.208588597 -0.157150502 0 0 0
B@CP 2329 0.445176573 -0.0690803559 0.0461789974 0 0 0
B@CP 2331 -0.193420187 0.0450882849 0.0259023611 0 0 0
B@CP 2332 -0.393215459 -0.108676874 -0.0890739644 0 0 0
B@CP 2333 0.0836974335 0.263943133 -0.352488971 0 0 0
B@CP 2335 -0.334798614 0.222382565 -0.153469207 0 0 0
B@CP 2336 0.373927884 -0.191799724 -0.133029609 0 0 0
B@CP 2340 -0.103394672 -0.125400592 -0.168459685 0 0 0
B@CP 2343 0.406301764 0.199611851 -0.0480285408 0 0 0
B@CP 2346 0.281153758 -0.120993542 0.12873788 0 0 0
B@CP 2348 -0.00960652003 0.00185121838 -0.439794727 0 0 0
B@CP 2350 0.00272041642 0.22395574 -0.393884802 0 0 0
B@CP 2351 0.339427328 0.207592747 -0.0256406634 0 0 0
B@CP 2352 0.31307388 0.146663932 0.149280473 0 0 0
B@CP 2356 0.00489168481 0.0508957295 -0.296419961 0 0 0
B@CP 2357 -0.354231884 -0.0620368012 0.00991991306 0 0 0
B@CP 2359 0.406463489 0.0203345955 0.0774762809 0 0 0
B@CP 2363 -0.030105453 -0.0334067422 0.183093947 0 0 0
B@CP 2365 -0.016563109 0.397476656 -0.0428559903 0 0 0
B@CP 2368 -0.268459283 -0.241442434 -0.00515329955 0 0 0
B@CP 2369 0.307056827 -0.0238911489 0.240362598 0 0 0
B@CP 2370 -0.295130285 -0.0246559729 -0.359284384 0 0 0
B@CP 2372 0.0866469366 -0.371191208 0.145520446 0 0 0
B@CP 2373 -0.315478384 0.165528758 -0.270486006 0 0 0
B@CP 2376 -0.313224768 0.144953443 0.086729365 0 0 0
B@CP 2381 -0.297443909 0.115115337 -0.00832344648 0 0 0
B@CP 2382 -0.316644258 -0.0236130801 0.0209851264 0 0 0
B@CP 2383 -0.202205397 -0.361152653 -0.226390067 0 0 0
B@CP 2386 -0.329208083 -0.0761445494 0.202177649 0 0 0
B@CP 2388 0.386917982 0.187138073 0.0239008812 0 0 0
B@CP 2392 -0.160859616 0.0953306983 0.0941121737 0 0 0
B@CP 2395 0.122625167 -0.120548273 -0.0789608144 0 0 0
B@CP 2397 0.0664071394 0.310065008 0.206445962 0 0 0
B@CP 2400 0.189275966 0.261614369 0.271622399 0 0 0
B@CP 2402 0.185956209 0.0827632547 -0.0783849774 0 0 0
B@CP 2405 -0.324596423 0.0629452659 -0.0487555198 0 0 0
B@CP 2411 -0.0280886925 0.024519131 0.0395262695 0 0 0
B@CP 2413 -0.27900876 -0.17411198 0.103781073 0 0 0
B@CP 2416 0.365703771 -0.14201327 0.155281983 0 0 0
B@CP 2421 0.0627868326 -0.0375216138 0.271587065 0 0 0
B@CP 2437 -0.220916229 -0.29249669 -0.0458390623 0 0 0
B@CP 2441 -0.311295624 -0.148506865 0.16736498 0 0 0
B@CP 2456 -0.402199312 -0.0356752095 -0.0938755198 0 0 0
B@CP 2457 0.0468694888 0.362128112 0.0778111355 0 0 0
B@CP 2459 -0.115634122 -0.0920339377 -0.41320984 0 0 0
B@CP 2460 0.208703827 0.00144939836 -0.389571276 0 0 0
B@CP 2461 0.201534801 -0.0220133945 -0.183653227 0 0 0
B@CP 2462 0.284250606 -0.112487703 -0.231749767 0 0 0
B@CP 2467 0.0319046555 -0.119017797 0.0497095514 0 0 0
B@CP 2471 0.0117447324 0.278575422 -0.221762675 0 0 0
B@CP 2475 0.352804468 0.079102184 0.104225187 0 0 0
B@CP 2477 -0.287050505 0.352420147 -0.0835193575 0 0 0
B@CP 2481 0.0494231231 -0.325265107 -0.191415216 0 0 0
B@CP 2487 -0.173681796 -0.0355789708 -0.2173884 0 0 0
B@CP 2492 0.0721414949 -0.133555692 0.00762455141 0 0 0
C@CP 2500 -0.188670309 -0.269454079 0.18446042 0 0 0
C@CP 2501 -0.0698246555 -0.0732750895 0.254490612 0 0 0
C@CP 2502 -0.385186203 0.185738123 -0.195276362 0 0 0
C@CP 2503 -0.297358847 0.0719044575 -0.344851154 0 0 0
C@CP 2504 0.22328608 -0.121522866 0.394039984 0 0 0
C@CP 2505 -0.100907435 -0.171018537 -0.243967742 0 0 0
C@CP 2506 -0.246366226 0.00308794337 0.277753735 0 0 0
C@CP 2507 -0.222618748 0.0748293303 -0.0750237699 0 0 0
C@CP 2508 -0.03975232 0.0387878721 -0.453066175 0 0 0
C@CP 2509 -0.0115118602 0.180424181 0.188933704 0 0 0
C@CP 2510 -0.242349276 0.309408668 0.245833961 0 0 0
C@CP 2511 0.217991552 0.172661446 0.216155385 0 0 0
C@CP 2512 0.275125778 0.0157023198 0.20514486 0 0 0
C@CP 2513 -0.394935592 -0.177112216 -0.0494950216 0 0 0
C@CP 2514 0.0471948116 0.00879130729 0.150225031 0 0 0
C@CP 2515 0.152024689 -0.0198212507 -0.0103520466 0 0 0
C@CP 2516 -0.106911067 0.0719557634 0.331946494 0 0 0
C@CP 2517 -0.0963846935 -0.101920189 -0.0162451584 0 0 0
C@CP 2518 0.053352836 0.392127716 -0.175330236 0 0 0
C@CP 2519 0.0517902798 -0.352974403 -0.076309591 0 0 0
C@CP 2520 -0.153817523 0.132086969 0.0514916396 0 0 0
C@CP 2521 0.371012666 -0.0110292981 0.255852576 0 0 0
C@CP 2522 -0.181062604 -0.0519243731 -0.0356815548 0 0 0
C@CP 2523 -0.380440607 0.00791367843 0.103532926 0 0 0
C@CP 2524 0.20327097 -0.34626246 -0.145726525 0 0 0
C@CP 2525 -0.152019308 0.361970969 -0.133519549 0 0 0
C@CP 2526 -0.181551459 -0.00199568686 0.248649139 0 0 0
C@CP 2527 -0.41090163 -0.00319038769 -0.0147521858 0 0 0
C@CP 2528 -0.224579226 0.00282239312 0.055527115 0 0 0
C@CP 2529 0.254960811 -0.103863595 -0.0240548488 0 0 0
C@CP 2530 0.42893982 0.0308342525 0.100330706 0 0 0
C@CP 2531 0.0118247975 -0.165642101 0.17522144 0 0 0
C@CP 2532 0.0407711892 -0.333799173 0.26312693 0 0 0
C@CP 2533 -0.0266103216 -0.302900952 -0.257089373 0 0 0
C@CP 2534 -0.446662127 -0.0493707634 0.0795782054 0 0 0
C@CP 2535 -0.11219646 0.408703238 -0.0966810494 0 0 0
C@CP 2536 0.0748954716 0.369091662 -0.145948645 0 0 0
C@CP 2537 -0.0672872037 -0.176143528 -0.184707625 0 0 0
C@CP 2538 -0.230800123 0.345758396 -0.0337147889 0 0 0
C@CP 2539 0.048494014 -0.265392137 -0.000153516463 0 0 0
C@CP 2540 0.137894048 0.288474308 -0.185826524 0 0 0
C@CP 2541 0.383202111 0.113065205 -0.230995859 0 0 0
C@CP 2542 0.1942422 -0.00305330043 -0.00368252331 0 0 0
C@CP 2543 0.331853335 -0.029052511 0.100901423 0 0 0
C@CP 2544 0.24580276 0.347340208 0.0543186126 0 0 0
C@CP 2545 0.145862831 0.181600747 0.273099386 0 0 0
C@CP 2546 0.148311802 0.302857438 -0.00565152495 0 0 0
C@CP 2547 0.148330918 0.0249430708 0.117535572 0 0 0
C@CP 2548 0.171854738 -0.175749036 0.29625844 0 0 0
C@CP 2549 -0.0994560987 0.387290992 0.152024088 0 0 0
C@CP 2550 -0.13394236 -0.34505247 0.181916071 0 0 0
C@CP 2551 -0.194314587 -0.0570485534 -0.161517854 0 0 0
C@CP 2552 -0.358760375 -0.124790963 -0.108549542 0 0 0
C@CP 2553 0.149993983 0.0641325857 0.324272826 0 0 0
C@CP 2554 0.096027721 0.353564952 0.29366726 0 0 0
C@CP 2555 0.00438024161 -0.371051256 -0.0867651991 0 0 0
C@CP 2556 0.041277659 0.179455212 0.17184387 0 0 0
C@CP 2557 -0.0752355713 -0.350865849 -0.005215694 0 0 0
C@CP 2558 0.0988267785 -0.0907991294 -0.0487598543 0 0 0
C@CP 2559 0.292827292 -0.146232292 -0.33100735 0 0 0
C@CP 2560 0.334785707 0.0418044563 -0.114471335 0 0 0
C@CP 2561 0.121806143 -0.00942992571 -0.0236832447 0 0 0
C@CP 2562 0.0178016997 -0.386680738 0.260659826 0 0 0
C@CP 2563 -0.245055634 -0.0879530827 0.15577581 0 0 0
C@CP 2564 -0.165434145 0.235463969 0.0679846614 0 0 0
C@CP 2565 -0.0485733549 -0.0284284619 0.368653806 0 0 0
C@CP 2566 -0.378456198 0.0199560062 -0.16641016 0 0 0
C@CP 2567 0.131217231 0.243760143 -0.1243707 0 0 0
C@CP 2568 0.126083213 0.103986822 -0.385708357 0 0 0
C@CP 2569 -0.431179996 0.0246720672 0.0753244155 0 0 0
C@CP 2570 0.167590978 0.205450585 0.275321392 0 0 0
C@CP 2571 -0.141615649 0.0845256759 -0.171300181 0 0 0
C@CP 2572 -0.392685812 -0.0473154749 -0.147852384 0 0 0
C@CP 2573 0.119202989 -0.387693 0.187837153 0 0 0
C@CP 2574 -0.0444703524 0.390146329 -0.0976510343 0 0 0
C@CP 2575 0.325672191 -0.115684429 0.0646129759 0 0 0
C@CP 2576 -0.164745107 -0.301717446 0.12087755 0 0 0
C@CP 2577 0.106318372 -0.377705888 -0.0673710586 0 0 0
C@CP 2578 -0.0572495735 -0.154904983 -0.0468692444 0 0 0
C@CP 2579 -0.0937355394 0.221177911 -0.194949607 0 0 0
C@CP 2580 0.347625592 -0.00318146249 -0.307277967 0 0 0
C@CP 2581 -0.428494423 -0.00454797218 -0.0419871843 0 0 0
C@CP 2582 -0.182940362 -0.0671970551 -0.0906223475 0 0 0
C@CP 2583 -0.156481669 0.299957657 0.0941201299 0 0 0
C@CP 2584 0.0323893814 0.309223323 -0.34301755 0 0 0
C@CP 2585 -0.166438363 0.192099811 0.00135316244 0 0 0
C@CP 2586 0.0441353478 -0.412521766 -0.146981244 0 0 0
C@CP 2587 -0.446478573 0.113524389 -0.0240048746 0 0 0
C@CP 2588 0.191799966 0.158997978 0.00606323819 0 0 0
C@CP 2589 -0.381420981 0.129347185 -0.0244131209 0 0 0
C@CP 2590 -0.308636169 -0.286071941 -0.0127259538 0 0 0
C@CP 2591 0.401804681 0.0417451321 0.204720652 0 0 0
C@CP 2592 -0.460709752 -0.0405844902 0.0023762402 0 0 0
C@CP 2593 -0.335076108 -0.238517515 0.0965624101 0 0 0
C@CP 2594 0.135528014 -0.437344644 -0.00473813563 0 0 0
C@CP 2595 0.306162503 0.212149705 0.0203360862 0 0 0
C@CP 2596 -0.0771917675 -0.0887716736 0.153866285 0 0 0
C@CP 2597 -0.151292032 0.134764155 0.172645245 0 0 0
C@CP 2598 -0.19689913 -0.0773602735 -0.0757090004 0 0 0
C@CP 2599 -0.289648024 0.30346996 0.188275716 0 0 0
C@CP 2600 -0.335842269 -0.240465428 -0.00800637208 0 0 0
C@CP 2601 -0.0924108458 0.0209005716 0.264356411 0 0 0
C@CP 2602 0.441385047 -0.0971744971 0.0597819258 0 0 0
C@CP 2603 -0.324274034 0.2799247 0.118951178 0 0 0
C@CP 2604 -0.179208328 -0.126403229 -0.168287778 0 0 0
C@CP 2605 0.00903259414 0.0443252028 -0.0772618606 0 0 0
C@CP 2606 0.210778245 -0.229707697 -0.000409191052 0 0 0
C@CP 2607 -0.272239069 0.237723486 0.287582015 0 0 0
C@CP 2608 -9.14229434e-05 0.254890304 0.243116622 0 0 0
C@CP 2609 0.0129962936 -0.203962084 -0.208830954 0 0 0
C@CP 2610 0.404202153 -0.00623579834 -0.264957566 0 0 0
C@CP 2611 -0.0722439993 -0.244348885 0.17768352 0 0 0
C@CP 2612 -0.240588618 0.324609803 -0.144106857 0 0 0
C@CP 2613 -0.0567112093 0.148692407 0.299346222 0 0 0
C@CP 2614 0.442657552 -0.0405484309 -0.0500054587 0 0 0
C@CP 2615 0.171677792 0.0942146341 0.002880071 0 0 0
C@CP 2616 -0.200093581 -0.188708662 0.243889057 0 0 0
C@CP 2617 -0.0731419944 -0.0511092486 -0.425134237 0 0 0
C@CP 2618 -0.0197058234 0.390566427 0.203789247 0 0 0
C@CP 2619 0.317962781 -0.0882623114 0.027562793 0 0 0
C@CP 2620 -0.275481089 0.316133212 0.124137929 0 0 0
C@CP 2621 0.00774816854 0.395497458 -0.0347364705 0 0 0
C@CP 2622 -0.0610430887 -0.259955835 -0.309618284 0 0 0
C@CP 2623 0.176733682 -0.0614242796 0.324006357 0 0 0
C@CP 2624 -0.128851836 0.188707122 -0.201910069 0 0 0
C@CP 2625 0.120332969 -0.149589004 0.0956631092 0 0 0
C@CP 2626 0.307042768 -0.0860732775 -0.231042994 0 0 0
C@CP 2627 0.155836374 -0.0824989917 0.399385601 0 0 0
C@CP 2628 0.22200698 -0.394370142 -0.115935562 0 0 0
C@CP 2629 0.0793626245 0.219341456 -0.394110727 0 0 0
C@CP 2630 -0.335353824 -0.23824201 -0.164297935 0 0 0
C@CP 2631 0.0517950566 -0.0261055248 -0.0302155317 0 0 0
C@CP 2632 0.0131764627 0.0418357035 0.173120717 0 0 0
C@CP 2633 0.459547633 0.0401581298 0.0189927787 0 0 0
C@CP 2634 -0.211069641 -0.384653067 0.0778566567 0 0 0
C@CP 2635 0.187684043 -0.293893143 -0.174978431 0 0 0
C@CP 2636 -0.108256713 0.156890735 0.305497231 0 0 0
C@CP 2637 -0.264309998 -0.0723778893 -0.230779011 0 0 0
C@CP 2638 0.408848707 -0.165612025 -0.0388132663 0 0 0
C@CP 2639 0.228240267 0.0350676475 -0.220237019 0 0 0
C@CP 2640 -0.24448966 -0.262754741 -0.18687312 0 0 0
C@CP 2641 -0.0432390132 -0.205589253 -0.073948982 0 0 0
C@CP 2642 -0.186916902 0.105835914 -0.255216511 0 0 0
C@CP 2643 0.209608559 0.209505346 -0.17563286 0 0 0
C@CP 2644 -0.0692787845 0.384398551 0.0176260205 0 0 0
C@CP 2645 0.278861347 0.0235972656 -0.110510547 0 0 0
C@CP 2646 0.170393044 0.173596127 -0.334372457 0 0 0
C@CP 2647 0.221756519 -0.0491798899 0.375294135 0 0 0
C@CP 2648 0.180400012 0.302780086 0.162130763 0 0 0
C@CP 2649 0.00496641756 0.0542903412 -0.387634213 0 0 0
C@CP 2650 -0.244669081 -0.271616591 -0.225090754 0 0 0
C@CP 2651 0.26440521 0.249489144 0.100886184 0 0 0
C@CP 2652 0.222617466 -0.094355084 -0.0758320445 0 0 0
C@CP 2653 0.328033126 -0.304855838 0.142636826 0 0 0
C@CP 2654 -0.216132491 0.0888431186 0.0323589163 0 0 0
C@CP 2655 -0.142767766 -0.165089247 -0.238550958 0 0 0
C@CP 2656 0.0359289758 -0.0493123336 0.336072387 0 0 0
C@CP 2657 -5.72543957e-05 0.364891015 0.0378784133 0 0 0
C@CP 2658 0.31087249 0.103601583 0.139426501 0 0 0
C@CP 2659 0.177340641 0.290453522 0.25885573 0 0 0
C@CP 2660 -0.0622804472 0.0245268751 0.21409398 0 0 0
C@CP 2662 -0.0357386201 0.18428775 -0.40603389 0 0 0
C@CP 2663 0.205912005 -0.211574838 -0.116180476 0 0 0
C@CP 2664 -0.0289649584 -0.218445176 0.336607546 0 0 0
C@CP 2665 0.243373664 0.196773773 0.335814984 0 0 0
C@CP 2666 0.364926613 0.083811872 0.258222511 0 0 0
C@CP 2667 0.0156181019 -0.38090635 -0.266316529 0 0 0
C@CP 2668 0.167400372 -0.0100897631 -0.0745063524 0 0 0
C@CP 2669 -0.121064718 0.269290767 -0.185875112 0 0 0
C@CP 2670 -0.0580878872 -0.194222226 0.0266486636 0 0 0
C@CP 2671 -0.121005772 -0.115363231 -0.360304574 0 0 0
C@CP 2672 -0.0410789397 -0.227163312 -0.204747225 0 0 0
C@CP 2673 0.112229444 -0.159345083 -0.259443896 0 0 0
C@CP 2674 -0.112627358 -0.172316481 -0.204941828 0 0 0
C@CP 2675 0.218517281 0.0946254045 -0.0464880067 0 0 0
C@CP 2676 0.188183421 0.188268482 -0.229272117 0 0 0
C@CP 2677 0.117732768 0.119794286 0.280061492 0 0 0
C@CP 2678 -0.067394761 0.191678003 0.403913473 0 0 0
C@CP 2679 0.340769202 0.253557358 0.117604984 0 0 0
C@CP 2680 0.0933185273 0.43281338 -0.11586444 0 0 0
C@CP 2681 0.304729524 0.311747768 0.155539188 0 0 0
C@CP 2682 0.0268060818 0.102868727 -0.1229489 0 0 0
C@CP 2683 0.0482088211 -0.200403016 -0.38203349 0 0 0
C@CP 2684 -0.000555854088 0.33170728 -0.310105454 0 0 0
C@CP 2685 -0.0660737245 0.380785839 0.129475682 0 0 0
C@CP 2686 0.0284263089 -0.137830084 -0.177600467 0 0 0
C@CP 2687 -0.0694337713 0.20891893 0.0639828172 0 0 0
C@CP 2688 -0.186376057 -0.0135852152 -0.285846197 0 0 0
C@CP 2689 -0.0656864387 0.0275476969 0.381777066 0 0 0
C@CP 2690 -0.133512706 -0.384611901 0.210540682 0 0 0
C@CP 2691 -0.309975333 -0.155353857 -0.229813083 0 0 0
C@CP 2692 -0.0699869411 -0.227666962 0.31838649 0 0 0
C@CP 2693 -0.202174291 -0.324571988 -0.10001606 0 0 0
C@CP 2694 -0.0115884942 0.246323754 0.0957154662 0 0 0
C@CP 2695 0.271591584 -0.194860479 -0.294596247 0 0 0
C@CP 2696 0.0907307366 -0.139981084 -0.169546248 0 0 0
C@CP 2697 0.285919504 0.131124196 -0.139964594 0 0 0
C@CP 2698 -0.169839279 -0.220391264 -0.0768546416 0 0 0
C@CP 2699 0.0438191284 -0.309689911 -0.222424947 0 0 0
C@CP 2700 0.288012369 -0.173757618 -0.198667413 0 0 0
C@CP 2701 0.289119988 -0.0326697857 0.0612423621 0 0 0
C@CP 2702 -0.00130171782 -0.157934154 0.361383446 0 0 0
C@CP 2703 0.236883454 0.0853551996 -0.30613761 0 0 0
C@CP 2704 0.296351011 -0.168705731 0.00861999127 0 0 0
C@CP 2705 -0.265297398 0.266815128 -0.0710308587 0 0 0
C@CP 2706 -0.114498498 0.0201087372 0.093582077 0 0 0
C@CP 2707 -0.00554464833 -0.045913848 0.478483924 0 0 0
C@CP 2708 -0.121597065 0.0787064993 0.440961237 0 0 0
C@CP 2709 0.0535551061 -0.141667879 0.230071935 0 0 0
C@CP 2710 0.356000005 -0.271546026 0.0775571587 0 0 0
C@CP 2711 0.212276385 0.252825658 -0.269272485 0 0 0
C@CP 2712 0.250991404 -0.0195153499 -0.0872116771 0 0 0
C@CP 2713 0.193721227 -0.396835769 -0.0862509267 0 0 0
C@CP 2714 0.24659101 0.296274326 0.0756945195 0 0 0
C@CP 2715 -0.290590972 -0.144424947 -0.225716764 0 0 0
C@CP 2716 -0.00433680448 -0.00487953263 0.341489145 0 0 0
C@CP 2717 -0.306534658 -0.114132393 -0.261773578 0 0 0
C@CP 2718 0.111911324 -0.259052246 0.197987265 0 0 0
C@CP 2719 -0.00824401945 0.122360771 -0.149049175 0 0 0
C@CP 2720 -0.285600083 -0.313827328 0.0308435857 0 0 0
C@CP 2721 -0.233308577 -0.211022446 0.0131309583 0 0 0
C@CP 2722 0.339497578 0.287028553 -0.0619479353 0 0 0
C@CP 2723 -0.155821968 0.188972386 -0.262473703 0 0 0
C@CP 2724 -0.314218163 -0.286327312 0.0651396478 0 0 0
C@CP 2725 -0.0397248863 0.0760293001 -0.315530427 0 0 0
C@CP 2726 0.287812306 0.0419016667 0.037301161 0 0 0
C@CP 2727 0.165460603 -0.225272504 0.328586462 0 0 0
C@CP 2728 -0.26069192 -0.0304733136 0.021385692 0 0 0
C@CP 2729 -0.0922536848 0.122096538 -0.237287619 0 0 0
C@CP 2730 -0.296555982 0.177366625 -0.195525332 0 0 0
C@CP 2731 -0.299713833 0.225310813 -0.0182581776 0 0 0
C@CP 2732 -0.105675573 -0.112596838 -0.351018494 0 0 0
C@CP 2733 0.092746664 0.334446625 0.00623853092 0 0 0
C@CP 2734 -0.129140906 -0.155533196 0.0311408599 0 0 0
C@CP 2735 -0.153550252 0.117749661 0.295285806 0 0 0
C@CP 2736 -0.25779848 0.201513535 0.0732983189 0 0 0
C@CP 2737 -0.223825529 -0.0147513709 -0.389309372 0 0 0
C@CP 2738 -0.043876767 0.0501606794 0.407790288 0 0 0
C@CP 2739 -0.0115329597 0.170222067 0.245078841 0 0 0
C@CP 2740 0.408928152 0.0233309197 0.136622161 0 0 0
C@CP 2741 -0.331488313 0.0091725344 0.20267557 0 0 0
C@CP 2742 -0.00462828267 0.410385755 -0.0375593724 0 0 0
C@CP 2743 -0.200904315 -0.0764790885 -0.101778106 0 0 0
C@CP 2744 0.0496064476 0.129660173 -0.284719071 0 0 0
C@CP 2745 -0.0302079434 -0.325852111 0.138205051 0 0 0
C@CP 2746 -0.348258391 0.0970258274 -0.214969795 0 0 0
C@CP 2747 -0.209185585 0.101029084 -0.258397265 0 0 0
C@CP 2748 0.18560304 -0.182242813 0.0956514062 0 0 0
C@CP 2749 -0.285667482 -0.127122814 0.197232663 0 0 0
C@CP 2750 0.171177987 -0.36963612 0.188752249 0 0 0
C@CP 2751 -0.309550594 -0.0684068103 -0.307142319 0 0 0
C@CP 2752 0.0547426319 0.0150834405 0.386990242 0 0 0
C@CP 2753 -0.425227043 0.0151984451 0.049693873 0 0 0
C@CP 2754 0.285754661 0.285185492 -0.112619579 0 0 0
C@CP 2755 -0.0689783485 0.229048686 0.408517666 0 0 0
C@CP 2756 -0.179857494 0.167846259 0.381850169 0 0 0
C@CP 2757 0.223360181 0.0522575317 -0.113332137 0 0 0
C@CP 2758 -0.110602616 0.280342678 0.220143972 0 0 0
C@CP 2759 -0.229616734 0.0274014837 -0.0569395805 0 0 0
C@CP 2760 -0.110816476 0.0190682097 0.227910369 0 0 0
C@CP 2761 0.265783996 0.0313520656 0.0488032709 0 0 0
C@CP 2762 0.0582652322 0.107740659 -0.00358475937 0 0 0
C@CP 2763 0.215688108 -0.110875496 -0.169083764 0 0 0
C@CP 2764 -0.185575533 -0.101663401 0.163245547 0 0 0
C@CP 2765 0.25066033 0.155469492 0.104174889 0 0 0
C@CP 2766 -0.0126314239 -0.348371888 0.0615093647 0 0 0
C@CP 2767 0.176644214 -0.0415419115 0.28444128 0 0 0
C@CP 2768 0.391723026 0.208375028 0.110749281 0 0 0
C@CP 2769 -0.218876976 -0.153749569 -0.074777733 0 0 0
C@CP 2770 0.242698067 -0.134397341 0.332405194 0 0 0
C@CP 2771 -0.0856706023 -0.291142478 0.204431977 0 0 0
C@CP 2772 0.167476325 0.159742359 0.00270468335 0 0 0
C@CP 2773 -0.350821054 0.0397302714 -0.309866421 0 0 0
C@CP 2774 0.0963006898 -0.0270192988 -0.22333877 0 0 0
C@CP 2775 0.211673582 0.313077395 0.231062352 0 0 0
C@CP 2776 0.274139147 0.0338883807 0.163427562 0 0 0
C@CP 2777 -0.0841561278 -0.349664292 -0.194320305 0 0 0
C@CP 2778 0.0434976723 -0.380132894 -0.15585326 0 0 0
C@CP 2779 -0.112489114 -0.439644575 -0.0305204147 0 0 0
C@CP 2780 -0.00249443297 0.0116087071 -0.249213109 0 0 0
C@CP 2781 0.0701180178 -0.415275281 -0.0162150314 0 0 0
C@CP 2782 0.0264240519 -0.297662757 0.043626475 0 0 0
C@CP 2783 -0.137359656 -0.283972893 -0.0679124621 0 0 0
C@CP 2784 -0.159852096 -0.304924918 0.170163512 0 0 0
C@CP 2785 -0.0339137908 -0.297886941 0.355431087 0 0 0
C@CP 2786 -0.285261299 -0.225612653 0.19085119 0 0 0
C@CP 2787 -0.215666726 -0.242243432 -0.278098043 0 0 0
C@CP 2788 0.298772194 -0.300371447 0.0958170925 0 0 0
C@CP 2789 -0.442433026 0.0314191146 0.0717720453 0 0 0
C@CP 2790 -0.0558832779 -0.0371832806 0.244674439 0 0 0
C@CP 2791 0.0484779754 0.0278920812 -0.0747008826 0 0 0
C@CP 2792 0.249419299 -0.240699347 0.114761092 0 0 0
C@CP 2793 -0.176312334 0.190962064 -0.11452694 0 0 0
C@CP 2794 0.244938555 -0.0210870062 0.355094432 0 0 0
C@CP 2795 -0.144328845 0.385987399 0.0540370596 0 0 0
C@CP 2796 0.135628528 -0.375852194 0.105355401 0 0 0
C@CP 2797 -0.074454698 -0.170902866 -0.164140831 0 0 0
C@CP 2798 -0.227107971 -0.276136058 0.174382363 0 0 0
C@CP 2799 -0.10369054 -0.123958028 -0.0372212637 0 0 0
C@CP 2800 0.352507806 -0.212773604 -0.00101431626 0 0 0
C@CP 2801 -0.0459343136 0.151560703 0.0722401877 0 0 0
C@CP 2802 -0.00168277023 -0.245157875 0.345947044 0 0 0
C@CP 2803 -0.164078281 0.240185178 0.266657311 0 0 0
C@CP 2804 0.0498279931 0.0868960547 0.0341048538 0 0 0
C@CP 2805 0.437042361 0.0494569188 0.0689584175 0 0 0
C@CP 2806 -0.147398029 -0.386799664 -0.156161971 0 0 0
C@CP 2807 -0.126677585 0.023271885 -0.412200461 0 0 0
C@CP 2808 0.0918204556 -0.0596704832 -0.204504853 0 0 0
C@CP 2809 0.0700331734 0.374924802 0.254106005 0 0 0
C@CP 2810 -0.0970153925 -0.0104983562 -0.223366339 0 0 0
C@CP 2811 -0.0459545127 0.17291079 0.357329976 0 0 0
C@CP 2812 -0.22531543 0.207597723 0.321433596 0 0 0
C@CP 2813 0.0537214301 -0.177277189 -0.0416880384 0 0 0
C@CP 2814 -0.360115412 0.077126336 -0.0973244105 0 0 0
C@CP 2815 -0.0413012962 0.0660452541 -0.457723157 0 0 0
C@CP 2816 0.203751653 0.0362073646 0.122324782 0 0 0
C@CP 2817 0.163668141 0.0728115085 0.152020212 0 0 0
C@CP 2818 0.181518023 -0.290569096 0.123203063 0 0 0
C@CP 2819 0.429821653 0.0271786446 0.181881262 0 0 0
C@CP 2820 0.34924109 -0.22801741 -0.0109736596 0 0 0
C@CP 2821 0.179716485 -0.148723268 -0.0113214298 0 0 0
C@CP 2822 -0.23824628 0.131670094 0.353556218 0 0 0
C@CP 2823 -0.379854341 0.172510623 -0.0534876191 0 0 0
C@CP 2824 -0.0174984594 -0.327080528 0.27238072 0 0 0
C@CP 2825 0.347319421 -0.0179215517 -0.285006808 0 0 0
C@CP 2826 0.330462909 -0.0584588762 0.299324404 0 0 0
C@CP 2827 -0.175380357 -0.153636998 -0.0561262629 0 0 0
C@CP 2828 -0.221332281 0.0533156789 0.14785206 0 0 0
C@CP 2829 -0.139633384 -0.0517188335 0.306280245 0 0 0
C@CP 2830 0.123980241 -0.163497559 -0.0237469845 0 0 0
C@CP 2831 0.217373849 -0.197626905 0.218359803 0 0 0
C@CP 2832 -0.0519818513 0.275538944 0.199167835 0 0 0
C@CP 2833 -0.0316299336 0.163972576 -0.390177744 0 0 0
C@CP 2834 0.00725697934 -0.132770742 0.0195306869 0 0 0
C@CP 2835 -0.0914253897 0.17395084 -0.0876466667 0 0 0
C@CP 2836 -0.185424005 0.389324112 0.0395021508 0 0 0
C@CP 2837 0.0551741508 0.274994427 0.345573915 0 0 0
C@CP 2838 -0.0626429299 -0.375238172 -0.0740843487 0 0 0
C@CP 2839 0.0936639895 -0.0897456891 0.284570317 0 0 0
C@CP 2840 0.180395773 0.153633603 -0.322682893 0 0 0
C@CP 2841 -0.0736910981 -0.313018159 -0.208420128 0 0 0
C@CP 2842 -0.130684028 0.0852926335 0.426485035 0 0 0
C@CP 2843 0.27233029 0.114326971 -0.344860207 0 0 0
C@CP 2844 0.0386432177 0.00851231675 0.267209199 0 0 0
C@CP 2845 0.126182819 -0.300823231 0.167475641 0 0 0
C@CP 2846 -0.0614034908 0.231514846 -0.190346524 0 0 0
C@CP 2847 -0.081950649 0.118026708 0.325998302 0 0 0
C@CP 2848 0.00479607159 0.0887087949 -0.0673557825 0 0 0
C@CP 2849 -0.150305537 0.334800888 -0.189355202 0 0 0
C@CP 2850 -0.156818774 -0.190501513 0.0415040105 0 0 0
C@CP 2851 -0.0471234928 -0.334489008 -0.0445517517 0 0 0
C@CP 2852 0.254075834 0.178336592 0.274668866 0 0 0
C@CP 2853 0.00141330544 0.0467580086 -0.317078636 0 0 0
C@CP 2854 -0.204472746 -0.0658294517 -0.101472987 0 0 0
C@CP 2855 0.0119034818 0.191863576 0.147717578 0 0 0
C@CP 2856 -0.30077805 0.330226612 0.118626608 0 0 0
C@CP 2857 0.0687693688 0.0483065875 -0.464724995 0 0 0
C@CP 2858 0.33889336 -0.174547925 0.104913052 0 0 0
C@CP 2859 0.249501292 0.242410866 0.228935133 0 0 0
C@CP 2860 -0.419373648 0.0426471759 0.153563853 0 0 0
C@CP 2861 -0.100727226 -0.00767293567 0.264172465 0 0 0
C@CP 2862 0.141907063 0.188269021 -0.120887218 0 0 0
C@CP 2863 0.0699326948 0.389340805 -0.0557344685 0 0 0
C@CP 2864 -0.130181781 -0.101323318 0.146312697 0 0 0
C@CP 2865 0.0807613465 0.195730887 0.0518283042 0 0 0
C@CP 2866 -0.256577891 0.239278791 -0.160271533 0 0 0
C@CP 2867 0.160891618 0.214087886 -0.246286749 0 0 0
C@CP 2868 -0.327311205 -0.01968133 -0.0099621261 0 0 0
C@CP 2869 -0.105839214 -0.0029387381 -0.185406211 0 0 0
C@CP 2870 -0.38585013 -0.154724477 -0.2079466 0 0 0
C@CP 2871 0.0917472758 0.28265502 0.280197038 0 0 0
C@CP 2872 0.105368567 0.328776433 0.00785687129 0 0 0
C@CP 2873 -0.121496579 0.115107038 -0.158559656 0 0 0
C@CP 2874 -0.0543321469 -0.122761466 0.255255256 0 0 0
C@CP 2875 0.168115826 0.00302111445 -0.0114461822 0 0 0
C@CP 2876 0.0703217614 -0.0162374377 0.118146669 0 0 0
C@CP 2877 -0.189031502 0.36414147 0.0247177079 0 0 0
C@CP 2878 -0.158168318 0.314797242 -0.210854299 0 0 0
C@CP 2879 -0.0452954754 -0.351415682 -0.251066 0 0 0
C@CP 2880 0.144189632 -0.0239880898 -0.136514617 0 0 0
C@CP 2881 0.0178238021 -0.237306391 -0.422220819 0 0 0
C@CP 2882 -0.111479242 0.355417376 -0.28564163 0 0 0
C@CP 2883 -0.165925125 -0.0817018906 0.138343134 0 0 0
C@CP 2884 -0.282711275 0.15977007 -0.0435246661 0 0 0
C@CP 2885 -0.308298133 0.167163069 -0.00656383413 0 0 0
C@CP 2886 -0.107467783 -0.290038044 0.221613726 0 0 0
C@CP 2887 -0.0314643022 0.0189882025 0.163083371 0 0 0
C@CP 2888 -0.0314856842 0.015376227 -0.13975747 0 0 0
C@CP 2889 -0.227198161 0.14552593 0.205493596 0 0 0
C@CP 2890 -0.128537547 0.285684285 0.233851491 0 0 0
C@CP 2891 0.284135196 0.150411316 -0.0587205945 0 0 0
C@CP 2892 0.170662572 0.101794393 0.222034711 0 0 0
C@CP 2893 -0.0346102257 -0.287028787 -0.0186179358 0 0 0
C@CP 2894 0.0637103724 -0.46773809 -0.0207602863 0 0 0
C@CP 2895 -0.212993482 -0.173318068 -0.053927166 0 0 0
C@CP 2896 -0.291059919 -0.152494257 0.193530392 0 0 0
C@CP 2897 0.181115926 0.375897572 -0.111388902 0 0 0
C@CP 2898 0.0482891725 -0.0498187382 -0.329826804 0 0 0
C@CP 2899 0.454868261 0.0636955115 -0.0730719968 0 0 0
C@CP 2900 0.400376663 -0.174231353 0.1302355 0 0 0
C@CP 2901 -0.307838288 0.0821237733 -0.283662779 0 0 0
C@CP 2902 0.0958444275 -0.0592514035 0.0851320601 0 0 0
C@CP 2903 -0.281439314 -0.234353052 0.147769866 0 0 0
C@CP 2904 0.228178897 -0.389341175 0.0207803157 0 0 0
C@CP 2905 -0.370926046 -0.0472419993 -0.253835361 0 0 0
C@CP 2906 -0.16024399 0.386817626 0.0347148533 0 0 0
C@CP 2907 0.0325836354 0.0421762509 0.371905452 0 0 0
C@CP 2908 0.00220926084 -0.241651504 0.116158577 0 0 0
C@CP 2909 0.145051207 0.191794167 0.360775568 0 0 0
C@CP 2910 -0.0317071889 -0.0167213255 -0.00752544824 0 0 0
C@CP 2911 -0.0342456036 -0.210493406 0.416525263 0 0 0
C@CP 2912 0.264143866 -0.35966737 0.0250128732 0 0 0
C@CP 2913 -0.143987419 0.306893571 0.212120774 0 0 0
C@CP 2914 -0.0607078554 -0.38099073 -0.179031173 0 0 0
C@CP 2915 0.0990937095 -0.420301756 0.0324222448 0 0 0
C@CP 2916 -0.120132317 -0.350871106 -0.179648794 0 0 0
C@CP 2917 -0.0282123843 0.180712113 0.0187288847 0 0 0
C@CP 2918 -0.244646217 -0.286913503 -0.172648595 0 0 0
C@CP 2919 0.199979525 0.0398586748 0.000866303178 0 0 0
C@CP 2920 0.194276803 -0.0785359665 0.263159085 0 0 0
C@CP 2921 -0.108767382 -0.403192786 -0.199924106 0 0 0
C@CP 2922 -0.20347783 -0.386934099 0.137570869 0 0 0
C@CP 2923 -0.153063735 0.0455386676 -0.161792071 0 0 0
C@CP 2924 0.24334169 -0.293080727 0.213516379 0 0 0
C@CP 2925 -0.254690153 0.268175387 0.166459722 0 0 0
C@CP 2926 -0.0395773507 0.31853209 0.0305667798 0 0 0
C@CP 2927 0.102845404 0.38024711 0.0456587502 0 0 0
C@CP 2928 -0.129336379 0.0554383554 0.399287348 0 0 0
C@CP 2929 0.00472899166 -0.2835773 0.132933127 0 0 0
C@CP 2930 -0.296096681 -0.167378875 0.304498715 0 0 0
C@CP 2931 0.177027864 0.023885224 0.278486198 0 0 0
C@CP 2932 0.101903663 0.30263864 0.0903118946 0 0 0
C@CP 2933 -0.157173908 0.199860489 -0.335371355 0 0 0
C@CP 2934 -0.393975642 0.116627142 -0.081164227 0 0 0
C@CP 2935 -0.170093105 -0.187009138 0.00135072007 0 0 0
C@CP 2936 -0.0921679734 -0.397085384 -0.0561933552 0 0 0
C@CP 2937 0.358587388 -0.226168075 0.139812213 0 0 0
C@CP 2938 0.211522544 -0.290512143 -0.181569014 0 0 0
C@CP 2939 0.228384184 -0.00788675289 -0.193143957 0 0 0
C@CP 2940 0.426703681 0.027394844 0.0669455778 0 0 0
C@CP 2941 0.298713146 -0.171991692 0.189786746 0 0 0
C@CP 2942 -0.0830717571 0.11652269 0.163925475 0 0 0
C@CP 2943 -0.47218804 0.00155635138 0.0542168808 0 0 0
C@CP 2944 0.250092694 -0.141667078 -0.379965221 0 0 0
C@CP 2945 -0.213385627 -0.39089797 0.137500941 0 0 0
C@CP 2946 -0.454458915 0.0493476751 -0.0817988727 0 0 0
C@CP 2947 -0.0381453888 0.0109817733 -0.13516884 0 0 0
C@CP 2948 -0.151498952 0.295751012 0.0888884904 0 0 0
C@CP 2949 0.0393462581 -0.0750360445 -0.000555091905 0 0 0
C@CP 2950 -0.265989211 0.160572978 0.0491327841 0 0 0
C@CP 2951 0.0749100004 0.0717538885 0.126504179 0 0 0
C@CP 2952 -0.220252427 -0.237693711 -0.108009802 0 0 0
C@CP 2953 -0.172155965 0.205095511 -0.367157235 0 0 0
C@CP 2954 0.0472823799 0.0634516722 0.110602885 0 0 0
C@CP 2955 -0.133308478 -0.363436254 -0.152283865 0 0 0
C@CP 2956 0.22694438 0.240992582 -0.324308563 0 0 0
C@CP 2957 0.206951819 0.23334483 -0.296132531 0 0 0
C@CP 2958 0.0554091914 -0.123628858 -0.434754828 0 0 0
C@CP 2959 0.342949499 -0.244796776 -0.128224019 0 0 0
C@CP 2960 0.173565628 -0.0835384743 0.163655371 0 0 0
C@CP 2961 0.178557349 0.235519075 -0.0453976293 0 0 0
C@CP 2962 0.327708247 -0.171163474 -0.0732128941 0 0 0
C@CP 2963 -0.184339834 -0.192136758 -0.395476499 0 0 0
C@CP 2964 -0.196596765 -0.0982357064 0.068812525 0 0 0
C@CP 2965 -0.27131329 -0.105189808 -0.188230387 0 0 0
C@CP 2966 0.308286446 -0.155141878 -0.271121359 0 0 0
C@CP 2967 0.289271841 -0.313934887 -0.132401069 0 0 0
C@CP 2968 -0.0268865928 -0.377731298 0.205036546 0 0 0
C@CP 2969 0.139692929 -0.0741327749 0.219529639 0 0 0
C@CP 2970 0.0954865798 -0.411589276 -0.00075007059 0 0 0
C@CP 2971 -0.393533273 0.192374345 0.165032921 0 0 0
C@CP 2972 -0.149416818 -0.30511327 -0.211700973 0 0 0
C@CP 2973 -0.0258328474 0.233036435 0.104138811 0 0 0
C@CP 2974 -0.0175052781 0.0541472877 -0.0833293735 0 0 0
C@CP 2975 0.261714562 -0.0956685133 0.310957453 0 0 0
C@CP 2976 -0.416168163 -0.0555814378 -0.171861916 0 0 0
C@CP 2977 -0.218656488 0.21092991 -0.2081809 0 0 0
C@CP 2978 0.0421946548 0.258764573 0.147449341 0 0 0
C@CP 2979 -0.119973621 -0.331127765 -0.182167739 0 0 0
C@CP 2980 -0.208865608 0.353272066 -0.00498634268 0 0 0
C@CP 2981 -0.230102837 -0.105310589 0.170942396 0 0 0
C@CP 2982 -0.0604575568 -0.30684005 0.152471932 0 0 0
C@CP 2983 -0.0547317157 -0.116520984 0.00427455835 0 0 0
C@CP 2984 0.00388011929 -0.430693226 0.0631332093 0 0 0
C@CP 2985 0.0318778945 0.206047935 0.087991646 0 0 0
C@CP 2986 0.280718772 0.00523419553 0.233849462 0 0 0
C@CP 2987 -0.120035399 -0.297971784 0.227296323 0 0 0
C@CP 2988 -0.0360076179 0.290118972 0.347410091 0 0 0
C@CP 2989 0.36908286 0.283503482 0.0514098042 0 0 0
C@CP 2990 -0.0587203386 -0.309279027 0.177672564 0 0 0
C@CP 2991 -0.153436227 -0.239222519 0.207613946 0 0 0
C@CP 2992 -0.183608519 0.18586067 -0.185144873 0 0 0
C@CP 2993 0.226096709 0.067850576 -0.271941423 0 0 0
C@CP 2994 -0.302440276 0.0121143388 0.145879871 0 0 0
C@CP 2995 -0.24711357 0.153736697 0.0819663084 0 0 0
C@CP 2996 -0.0144892433 -0.120735858 0.424097373 0 0 0
C@CP 2997 0.114320017 0.362219191 -0.0481990895 0 0 0
C@CP 2998 0.344961341 0.15436534 0.0873278784 0 0 0
C@CP 2999 -0.180288132 0.00623444044 0.369960429 0 0 0
C@CP 3000 -0.0989053775 0.367005842 0.142882419 0 0 0
C@CP 3001 -0.0587709667 0.0171710036 0.216724197 0 0 0
C@CP 3002 0.0360730953 -0.105453308 -0.443943936 0 0 0
C@CP 3003 -0.356973852 0.253141737 0.0105728729 0 0 0
C@CP 3004 0.369532221 -0.173113221 -0.0423663124 0 0 0
C@CP 3005 -0.286126591 -0.0659517547 0.316753483 0 0 0
C@CP 3006 0.281257531 -0.279742273 -0.0805081693 0 0 0
C@CP 3007 0.216387049 -0.37784504 -0.0631834238 0 0 0
C@CP 3008 0.17842611 0.176293928 -0.298005857 0 0 0
C@CP 3009 -0.394141468 -0.0220530473 0.196869991 0 0 0
C@CP 3010 0.189143003 -0.318014432 0.190870273 0 0 0
C@CP 3011 -0.368590192 -0.0991394896 0.266765044 0 0 0
C@CP 3012 -0.00854925141 0.173117697 0.0177296492 0 0 0
C@CP 3013 0.223649757 0.205642632 -0.129427382 0 0 0
C@CP 3014 0.113518967 0.223481528 0.0608937449 0 0 0
C@CP 3015 -0.0986294153 -0.285272248 0.341696606 0 0 0
C@CP 3016 0.345479573 -0.161047943 0.0575375608 0 0 0
C@CP 3017 0.0311899692 -0.257451378 -0.192006046 0 0 0
C@CP 3018 0.204637459 0.201602433 0.373828609 0 0 0
C@CP 3019 0.184135689 -0.391751811 0.0544893239 0 0 0
C@CP 3020 -0.334081274 0.0281849091 -0.085408144 0 0 0
C@CP 3021 0.124301935 0.234739659 -0.25927432 0 0 0
C@CP 3022 0.0855679634 -0.362833848 -0.225422206 0 0 0
C@CP 3023 0.358056096 -0.166091374 -0.00414887313 0 0 0
C@CP 3024 -0.320942435 0.125045327 0.133722124 0 0 0
C@CP 3025 0.252910985 -0.213143343 -0.120214509 0 0 0
C@CP 3026 -0.140945416 0.300334087 -0.0885265111 0 0 0
C@CP 3027 0.193590566 0.184300072 -0.281286063 0 0 0
C@CP 3028 -0.104255033 -0.0102586591 0.171881869 0 0 0
C@CP 3029 -0.249913643 -0.140545605 -0.176242224 0 0 0
C@CP 3030 0.415610146 0.12946004 0.127455946 0 0 0
C@CP 3031 0.0829275985 0.354917646 -0.257466123 0 0 0
C@CP 3032 -0.324087923 -0.177996506 -0.196336515 0 0 0
C@CP 3033 -0.136076122 -0.00694643476 0.150375385 0 0 0
C@CP 3034 -0.159835287 -0.243682583 0.135213562 0 0 0
C@CP 3035 -0.225496866 -0.0495630869 -0.263672345 0 0 0
C@CP 3036 -0.0380658913 -0.0176154801 -0.431806178 0 0 0
C@CP 3037 0.192926668 0.200353579 0.378301936 0 0 0
C@CP 3038 -0.330134945 -0.289492605 0.0176611193 0 0 0
C@CP 3039 0.381064692 0.207478309 0.0397362691 0 0 0
C@CP 3040 -0.0321005798 0.111658754 0.188110575 0 0 0
C@CP 3041 0.129341673 0.268052561 0.286373551 0 0 0
C@CP 3042 -0.231569613 0.0989881759 0.362850289 0 0 0
C@CP 3043 0.385894711 -0.222680238 0.0382181525 0 0 0
C@CP 3044 0.140193743 0.422322019 0.032664884 0 0 0
C@CP 3045 -0.108051768 -0.275789339 0.0061222402 0 0 0
C@CP 3046 0.208662224 0.119222448 0.228702663 0 0 0
C@CP 3047 0.117433821 0.223470525 -0.200319535 0 0 0
C@CP 3048 -0.0392730789 0.0483316188 -0.141202536 0 0 0
C@CP 3049 -0.11221118 0.214361028 -0.0482564694 0 0 0
C@CP 3050 0.263269391 0.236078436 0.0465020038 0 0 0
C@CP 3051 0.0244646755 0.393024132 0.180431961 0 0 0
C@CP 3052 0.121078733 0.222236221 0.121508833 0 0 0
C@CP 3053 -0.249220832 0.153209692 0.0640005078 0 0 0
C@CP 3054 -0.210035283 -0.0866573906 -0.398242735 0 0 0
C@CP 3055 0.0240994254 -0.383177327 -0.192406538 0 0 0
C@CP 3056 0.183627866 -0.095196915 0.36420543 0 0 0
C@CP 3057 0.28618436 -0.190171763 -0.234770004 0 0 0
C@CP 3058 0.313109731 0.313769442 -0.0327073824 0 0 0
C@CP 3059 -0.401689863 -0.190441245 -0.158062263 0 0 0
C@CP 3060 -0.371678852 0.0934890641 -0.0573252361 0 0 0
C@CP 3061 -0.165362313 0.351730657 -0.246487952 0 0 0
C@CP 3062 -0.0513362115 -0.282596202 0.188558599 0 0 0
C@CP 3063 -0.278545745 0.365029238 -0.0361991371 0 0 0
C@CP 3064 0.08133092 0.195146082 -0.382088757 0 0 0
C@CP 3065 -0.0769056194 -0.211516744 -0.0481040432 0 0 0
C@CP 3066 0.248145264 0.1077489 -0.357028983 0 0 0
C@CP 3067 -0.251099901 -0.200808694 -0.342921377 0 0 0
C@CP 3068 -0.0122370242 0.268828292 0.0184337562 0 0 0
C@CP 3069 -0.0876723516 0.382977917 -0.125350103 0 0 0
C@CP 3070 -0.0629567063 0.225654587 -0.285629538 0 0 0
C@CP 3071 -0.153411715 -0.268650654 -0.312041829 0 0 0
C@CP 3072 0.205493802 -0.251869351 -0.179396574 0 0 0
C@CP 3073 0.314605471 0.234364438 -0.171485082 0 0 0
C@CP 3074 -0.0195518781 -0.369581945 -0.182239671 0 0 0
C@CP 3075 0.0181770795 -0.401144627 0.187201718 0 0 0
C@CP 3076 0.165810924 0.309372327 -0.143103217 0 0 0
C@CP 3077 -0.239266713 -0.0732875749 -0.0408778481 0 0 0
C@CP 3078 0.134293837 -0.0876726265 0.300302324 0 0 0
C@CP 3079 -0.172423377 -0.309669799 -0.22747038 0 0 0
C@CP 3080 -0.103656098 -0.0806167475 -0.105136284 0 0 0
C@CP 3081 0.319495874 -0.26805817 -0.0196611114 0 0 0
C@CP 3082 0.117668177 -0.0420510094 -0.00065716233 0 0 0
C@CP 3083 -0.0825096224 0.128089355 -0.0500720723 0 0 0
C@CP 3084 -0.353308035 0.150863148 0.0622731806 0 0 0
C@CP 3085 -0.049226116 -0.0969376297 -0.0205572637 0 0 0
C@CP 3086 0.082671661 0.151363946 0.0295500648 0 0 0
C@CP 3087 -0.0955734701 0.262277308 0.0158554064 0 0 0
C@CP 3088 0.243490572 -0.0334874151 -0.121608985 0 0 0
C@CP 3089 -0.102650515 -0.438965325 0.00872750552 0 0 0
C@CP 3090 0.284728769 -0.118914309 0.0665926574 0 0 0
C@CP 3091 0.157261515 0.279150362 -0.284071186 0 0 0
C@CP 3092 0.31854099 -0.305004683 -0.00206122772 0 0 0
C@CP 3093 0.352123057 -0.0326528249 -0.123262305 0 0 0
C@CP 3094 0.171034697 -0.159859589 0.0680440042 0 0 0
C@CP 3095 0.0427268943 -0.242268353 -0.309170372 0 0 0
C@CP 3096 0.105058737 0.170912519 -0.342095727 0 0 0
C@CP 3097 0.103173975 0.0792964765 0.383020462 0 0 0
C@CP 3098 0.00184603035 -0.160589061 0.353383688 0 0 0
C@CP 3099 0.185355667 -0.0946759377 0.0284993661 0 0 0
C@CP 3100 0.275406555 -0.344393734 -0.0887957542 0 0 0
C@CP 3101 0.146004376 -0.0981657084 -0.342333936 0 0 0
C@CP 3102 0.191960633 -0.229589515 -0.150615792 0 0 0
C@CP 3103 -0.272440019 0.347282927 -0.0675393994 0 0 0
C@CP 3104 -0.237412203 -0.227756058 0.177106169 0 0 0
C@CP 3105 -0.199193821 -0.0884560287 0.320105332 0 0 0
C@CP 3106 0.121443655 -0.00264548405 0.00450030531 0 0 0
C@CP 3107 -0.0921123929 -0.175362987 -0.00621192618 0 0 0
C@CP 3108 0.274622398 0.044085576 0.277248022 0 0 0
C@CP 3109 0.254567599 0.313299879 -0.0218166207 0 0 0
C@CP 3110 0.227396551 0.00759538112 -0.108670407 0 0 0
C@CP 3111 0.343079764 0.211241724 0.030192714 0 0 0
C@CP 3112 -0.218438496 -0.0154618008 0.370278684 0 0 0
C@CP 3113 -0.209964754 -0.170493513 0.115780753 0 0 0
C@CP 3114 -0.0809911643 0.172250625 0.124215199 0 0 0
C@CP 3115 -0.208927303 -0.285391926 -0.246470696 0 0 0
C@CP 3116 0.193203006 0.101952306 0.393758555 0 0 0
C@CP 3117 0.0236504396 0.271294275 0.384704769 0 0 0
C@CP 3118 -0.372238694 -0.23437786 -0.114169008 0 0 0
C@CP 3119 -0.232479972 -0.364769776 0.00661085452 0 0 0
C@CP 3120 0.02818957 0.117677974 -0.286595355 0 0 0
C@CP 3121 0.0912845761 0.0322151413 -0.0380469376 0 0 0
C@CP 3122 0.00876539234 0.179524553 -0.297157842 0 0 0
C@CP 3123 -0.291709419 -0.187819013 -0.145471126 0 0 0
C@CP 3124 -0.171698852 0.323590457 0.131907021 0 0 0
C@CP 3125 0.159372272 0.110124619 0.368522097 0 0 0
C@CP 3126 -0.372899658 -0.204721767 -0.169331744 0 0 0
C@CP 3127 0.359208458 -0.131083918 0.0981047825 0 0 0
C@CP 3128 -0.129567837 0.0475380634 0.334197812 0 0 0
C@CP 3129 -0.253675526 0.214825783 -0.243615336 0 0 0
C@CP 3130 -0.0729901549 0.23559303 -0.326207436 0 0 0
C@CP 3131 -0.155341976 -0.252322091 0.183231711 0 0 0
C@CP 3132 -0.0824166727 0.193071261 -0.0408217804 0 0 0
C@CP 3133 -0.0605704945 0.318698253 0.0356634357 0 0 0
C@CP 3134 -0.12431553 0.0176908352 0.0835151722 0 0 0
C@CP 3135 -0.200299531 -0.0310696029 0.0357041099 0 0 0
C@CP 3136 0.291731564 0.333838182 -0.0346501426 0 0 0
C@CP 3137 0.0774923576 -0.0542368941 -0.274339955 0 0 0
C@CP 3138 0.0948784825 0.12068059 -0.0214374373 0 0 0
C@CP 3139 -0.178089636 -0.291916742 -0.114297664 0 0 0
C@CP 3140 0.0408489145 -0.335475548 -0.104610859 0 0 0
C@CP 3141 -0.0558340596 0.16657298 -0.147386093 0 0 0
C@CP 3142 0.0622231751 0.219769205 0.239007589 0 0 0
C@CP 3143 -0.057998782 -0.0545889018 -0.127663808 0 0 0
C@CP 3144 -0.0127512334 0.349461914 -0.134022082 0 0 0
C@CP 3145 0.349222815 0.163959288 0.251758759 0 0 0
C@CP 3146 0.0257075259 0.0719340636 0.397611342 0 0 0
C@CP 3147 -0.219197221 0.0836287722 -0.105218019 0 0 0
C@CP 3148 0.296388936 -0.308735791 0.166490454 0 0 0
C@CP 3149 -0.296171755 -0.0182175205 -0.225575771 0 0 0
C@CP 3150 -0.0571158883 0.0445952297 0.0193770991 0 0 0
C@CP 3151 0.281063519 -0.142211257 -0.0648322136 0 0 0
C@CP 3152 -0.118123671 0.112958001 0.272742954 0 0 0
C@CP 3153 -0.251542244 -0.224093979 -0.0414532312 0 0 0
C@CP 3154 0.186073964 -0.328312275 -0.071800251 0 0 0
C@CP 3155 -0.10864757 -0.26778324 -0.0827237399 0 0 0
C@CP 3156 0.211252304 -0.104383362 0.350832947 0 0 0
C@CP 3157 0.276113413 -0.0919237374 0.176787404 0 0 0
C@CP 3158 0.194990912 0.116949748 0.297302581 0 0 0
C@CP 3159 -0.255524474 -0.0431394307 -0.234934074 0 0 0
C@CP 3160 -0.000340231671 0.232083759 -0.0975153478 0 0 0
C@CP 3161 0.0347932129 0.0928611195 -0.342177826 0 0 0
C@CP 3162 0.139502658 0.0485499555 0.411878244 0 0 0
C@CP 3163 -0.34470751 0.239573569 -0.214814602 0 0 0
C@CP 3164 -0.295050349 -0.132124242 -0.0105198483 0 0 0
C@CP 3165 0.155129567 -0.158991804 -0.240230128 0 0 0
C@CP 3166 0.351438307 0.0987041942 -0.103790953 0 0 0
C@CP 3167 0.192658566 -0.264550709 0.134969408 0 0 0
C@CP 3168 0.295462759 -0.214850284 -0.210832671 0 0 0
C@CP 3169 0.262667297 0.120128473 -0.130280413 0 0 0
C@CP 3170 0.0706257502 0.34225 0.211830005 0 0 0
C@CP 3171 0.189165073 -0.267778732 0.232673298 0 0 0
C@CP 3172 0.113022792 -0.0881640708 0.230224071 0 0 0
C@CP 3173 0.0105053298 0.223663778 -0.357865073 0 0 0
C@CP 3174 0.00205623026 0.126553832 0.166091641 0 0 0
C@CP 3175 -0.0661223032 0.243614529 -0.196729614 0 0 0
C@CP 3176 0.04983563 -0.451701175 0.0226111078 0 0 0
C@CP 3177 -0.28752486 -0.170009288 -0.263491885 0 0 0
C@CP 3178 -0.111698196 -0.281551359 -0.232912252 0 0 0
C@CP 3179 -0.209199072 0.239265038 -0.281847795 0 0 0
C@CP 3180 0.231807927 -0.18300589 0.344426143 0 0 0
C@CP 3181 -0.1326491 -0.142972898 -0.0290785794 0 0 0
C@CP 3182 0.121390214 -0.224519227 0.114789107 0 0 0
C@CP 3183 -0.0491064579 0.355826902 -0.0738465074 0 0 0
C@CP 3184 0.265050474 0.104165439 0.0376173274 0 0 0
C@CP 3185 0.412983627 -0.0309670124 0.0819121846 0 0 0
C@CP 3186 -0.125437772 -0.205025697 -0.112832074 0 0 0
C@CP 3187 0.427691472 -0.155020475 -0.0347127311 0 0 0
C@CP 3188 0.0435977658 0.368288814 -0.150560355 0 0 0
C@CP 3189 0.123821673 0.291907228 -0.049856901 0 0 0
C@CP 3190 0.0409561661 -0.402215219 0.21092213 0 0 0
C@CP 3191 0.0966328088 -0.403310181 0.0617152054 0 0 0
C@CP 3192 0.0509517226 -0.261097705 0.279011307 0 0 0
C@CP 3193 -0.0785441744 0.291780899 0.0269103038 0 0 0
C@CP 3194 0.412095671 -0.0541261906 0.116117925 0 0 0
C@CP 3195 0.186387041 -0.0743361295 0.224074818 0 0 0
C@CP 3196 0.146069006 0.0128493314 -0.133527554 0 0 0
C@CP 3197 -0.0445449739 0.2753839 -0.0136397054 0 0 0
C@CP 3198 0.247014217 0.359291714 0.0443338053 0 0 0
C@CP 3199 -0.256154332 -0.116283494 0.28494797 0 0 0
C@CP 3200 0.0990906861 0.273025536 -0.279775663 0 0 0
C@CP 3201 0.0349822146 0.443907565 0.121937503 0 0 0
C@CP 3202 -0.137814218 -0.366772007 0.109370009 0 0 0
C@CP 3203 -0.214724961 -0.294181009 0.26172643 0 0 0
C@CP 3204 0.0378774151 -0.0370095917 -0.216644451 0 0 0
C@CP 3205 0.423906579 -0.0370900746 0.105792583 0 0 0
C@CP 3206 0.126582977 -0.206370868 0.311202238 0 0 0
C@CP 3207 0.0976060443 -0.0659254541 0.39015873 0 0 0
C@CP 3208 -0.2424437 -0.170919385 0.161045529 0 0 0
C@CP 3209 0.179291902 -0.229554749 -0.116236311 0 0 0
C@CP 3210 0.0201944295 -0.33816268 0.172973675 0 0 0
C@CP 3211 0.363746625 0.0625563693 0.0656738255 0 0 0
C@CP 3212 0.0652647999 0.417823826 -0.18244185 0 0 0
C@CP 3213 -0.1163848 0.0825148607 -0.322988247 0 0 0
C@CP 3214 -0.247559173 0.14055169 0.0702136371 0 0 0
C@CP 3215 -0.255128364 0.0827667354 0.240403977 0 0 0
C@CP 3216 0.308569078 -0.20968003 -0.204478205 0 0 0
C@CP 3217 -0.0757659949 -0.108337316 0.210109283 0 0 0
C@CP 3218 0.0407239604 -0.110912033 -0.245093103 0 0 0
C@CP 3219 0.0589046238 0.021480419 -0.315315836 0 0 0
C@CP 3220 0.369174334 0.0179265786 0.198502491 0 0 0
C@CP 3221 -0.225912755 0.261343246 0.0363591149 0 0 0
C@CP 3222 0.228747782 0.20896972 -0.0400325373 0 0 0
C@CP 3223 -0.367945696 -0.0645683838 0.0529529618 0 0 0
C@CP 3224 -0.369167334 -0.155671306 -0.17835916 0 0 0
C@CP 3225 -0.149192411 -0.0598752178 -0.424901853 0 0 0
C@CP 3226 0.150673003 0.0670431838 -0.28159524 0 0 0
C@CP 3227 0.20427261 0.161943096 -0.00881557642 0 0 0
C@CP 3228 -0.342871852 0.187257478 -0.216931113 0 0 0
C@CP 3229 -0.128529503 0.390326074 -0.172220935 0 0 0
C@CP 3230 0.126797245 -0.391176618 0.0699146113 0 0 0
C@CP 3231 0.173929275 0.140909389 -0.220247707 0 0 0
C@CP 3232 0.150604068 -0.380198705 -0.0543690439 0 0 0
C@CP 3233 -0.00360509323 -0.249455418 -0.276820706 0 0 0
C@CP 3234 0.02870058 -0.267925739 0.186330047 0 0 0
C@CP 3235 -0.156840325 -0.212652666 0.330326492 0 0 0
C@CP 3236 -0.296051425 0.271935594 0.106583969 0 0 0
C@CP 3237 -0.0432886004 -0.258990147 0.203242717 0 0 0
C@CP 3238 -0.0476322065 -0.149409834 0.0166408753 0 0 0
C@CP 3239 -0.0612782587 -0.108982293 -0.36635193 0 0 0
C@CP 3240 0.0530000567 -0.4376847 -0.00232432367 0 0 0
C@CP 3241 0.132740351 -0.435648847 -0.0434487567 0 0 0
C@CP 3242 0.261269816 -0.176677515 -0.0431846098 0 0 0
C@CP 3243 -0.39968601 0.190892561 -0.146746679 0 0 0
C@CP 3244 -0.00567320693 -0.155470226 -0.0193747389 0 0 0
C@CP 3245 -0.298856529 0.334910048 -0.040604036 0 0 0
C@CP 3246 0.193004748 0.397735619 -0.057468523 0 0 0
C@CP 3247 0.0270749931 -0.320454465 -0.128381234 0 0 0
C@CP 3248 0.170659458 -0.122421569 0.335436997 0 0 0
C@CP 3249 0.326334368 -0.301426227 0.0285170269 0 0 0
C@CP 3250 -0.22225858 0.164427198 0.0500201533 0 0 0
C@CP 3251 0.139377683 -0.309083504 0.0423168907 0 0 0
C@CP 3252 -0.121305374 -0.0773670228 -0.187709717 0 0 0
C@CP 3253 0.16618112 -0.305637725 0.0637663741 0 0 0
C@CP 3254 -0.359682213 -0.162615675 -0.223724892 0 0 0
C@CP 3255 -0.181023201 0.340395398 0.0446932119 0 0 0
C@CP 3256 0.229093951 -0.0577368811 -0.138843853 0 0 0
C@CP 3257 -0.102545205 -0.0421706423 -0.393172705 0 0 0
C@CP 3258 -0.0600519871 0.248208159 -0.291629306 0 0 0
C@CP 3259 -0.264167476 -0.35865313 0.0639601725 0 0 0
C@CP 3260 -0.0500463376 0.398665549 0.0198875311 0 0 0
C@CP 3261 -0.409803781 0.188478651 0.0733192295 0 0 0
C@CP 3262 0.154353194 0.159654863 -0.158583814 0 0 0
C@CP 3263 0.112947408 -0.0602281829 0.359426916 0 0 0
C@CP 3264 -0.332037466 0.211839129 -0.205434547 0 0 0
C@CP 3265 -0.170048746 -0.198408408 -0.205993145 0 0 0
C@CP 3266 0.200939483 -0.271094426 -0.0975007332 0 0 0
C@CP 3267 -0.198908131 -0.26549284 0.0669717192 0 0 0
C@CP 3268 0.288218367 0.0153812521 0.0317152765 0 0 0
C@CP 3269 0.249341137 -0.213465014 0.308539734 0 0 0
C@CP 3270 0.0591522258 -0.242904372 0.04689999 0 0 0
C@CP 3271 -0.0182070468 -0.327180324 0.31512547 0 0 0
C@CP 3272 -0.00620298222 -0.0235483705 0.0134861481 0 0 0
C@CP 3273 -0.123049781 0.204089507 -0.0775672782 0 0 0
C@CP 3274 0.241001192 -0.0123447921 -0.385351023 0 0 0
C@CP 3275 -0.230261582 -0.0998801333 -0.279076697 0 0 0
C@CP 3276 0.207603226 0.278058609 0.0812367883 0 0 0
C@CP 3277 0.255618756 -0.161922437 -0.132166843 0 0 0
C@CP 3278 0.100385565 -0.219329609 -0.0789665965 0 0 0
C@CP 3279 -0.0707905506 -0.449198849 -0.0807846026 0 0 0
C@CP 3280 0.0468996181 0.257013425 0.36243088 0 0 0
C@CP 3281 -0.11086198 -0.257589461 -0.00882309743 0 0 0
C@CP 3282 0.269368212 0.213284131 0.293693461 0 0 0
C@CP 3283 -0.0687636552 0.381339469 0.205264647 0 0 0
C@CP 3284 0.238704294 0.120220932 0.350143573 0 0 0
C@CP 3285 0.239038778 -0.0466063411 -0.371758663 0 0 0
C@CP 3286 -0.271894585 -0.204622821 0.00794851128 0 0 0
C@CP 3287 0.113931313 -0.0309216137 -0.341041667 0 0 0
C@CP 3288 -0.0327038672 -0.438259241 0.0763405487 0 0 0
C@CP 3289 0.212585074 -0.214180674 -0.145342324 0 0 0
C@CP 3290 -0.136514682 0.104348971 0.380085651 0 0 0
C@CP 3291 -0.325123404 -0.0782323318 -0.23499855 0 0 0
C@CP 3292 -0.190261012 -0.239304895 -0.122562688 0 0 0
C@CP 3293 0.129886567 -0.293360872 0.317213964 0 0 0
C@CP 3295 -0.0450149748 0.335457929 -0.21840289 0 0 0
C@CP 3296 -0.186814854 0.0554670432 0.210119702 0 0 0
C@CP 3297 0.400303776 0.106987736 -0.208877281 0 0 0
C@CP 3298 -0.0425782823 0.0791815774 0.303327578 0 0 0
C@CP 3299 -0.076955105 -0.307973525 -0.298912473 0 0 0
C@CP 3300 -0.130088508 0.300686723 0.0864143459 0 0 0
C@CP 3301 0.145556859 0.036649889 0.00258657356 0 0 0
C@CP 3302 0.37681868 0.269220247 0.0730117143 0 0 0
C@CP 3303 -0.351340101 0.0172785145 0.200691104 0 0 0
C@CP 3304 -0.111098917 0.0584888059 -0.382411924 0 0 0
C@CP 3305 -0.0986231755 -0.268027956 -0.0507094158 0 0 0
C@CP 3306 -0.00740715162 -0.346592767 0.144079954 0 0 0
C@CP 3307 0.0230734896 0.0257545355 0.371095422 0 0 0
C@CP 3308 0.0369451803 0.165830813 0.283893797 0 0 0
C@CP 3309 -0.252683831 0.0325535818 -0.275637511 0 0 0
C@CP 3310 0.146217334 0.145732423 -0.144347237 0 0 0
C@CP 3311 0.217934773 -0.0890448657 0.150684644 0 0 0
C@CP 3312 -0.0960374548 0.0378523403 0.00490541032 0 0 0
C@CP 3313 0.156095357 -0.230951229 0.213267616 0 0 0
C@CP 3314 -0.192540757 0.242053374 0.1250971 0 0 0
C@CP 3315 0.0617411733 0.0515895309 0.248257974 0 0 0
C@CP 3316 0.37044748 0.082915062 0.0885004958 0 0 0
C@CP 3317 -0.342974801 -0.0443644757 -0.311287323 0 0 0
C@CP 3318 0.180326414 -0.166229265 -0.227261223 0 0 0
C@CP 3319 0.152332691 0.103986313 -0.113819371 0 0 0
C@CP 3320 0.0718688588 0.31570523 0.0134584819 0 0 0
C@CP 3321 0.0922525168 -0.307291239 0.0191159115 0 0 0
C@CP 3322 -0.0108296081 -0.165042742 0.373837889 0 0 0
C@CP 3323 -0.387257797 0.0460918259 0.138469575 0 0 0
C@CP 3324 0.286595084 0.193553983 -0.22951284 0 0 0
C@CP 3325 0.108724562 0.398576619 -0.140197881 0 0 0
C@CP 3326 -0.102994063 -0.0272528276 0.0257653293 0 0 0
C@CP 3327 -0.089752593 0.0988055227 0.160434465 0 0 0
C@CP 3328 -0.30504889 -0.273743442 -0.0529607121 0 0 0
C@CP 3329 -0.0573180773 0.122953678 0.218039186 0 0 0
C@CP 3330 0.0801136917 0.12586675 0.324407524 0 0 0
C@CP 3331 0.13629095 0.161182895 0.368573978 0 0 0
C@CP 3332 0.0304784545 -0.153439463 -0.311955789 0 0 0
C@CP 3333 -0.178623628 -0.329073132 -0.126814378 0 0 0
C@CP 3334 0.160329888 -0.0267598726 -0.0885179223 0 0 0
C@CP 3335 0.14162992 -0.284857246 0.0899884933 0 0 0
C@CP 3336 -0.312293062 -0.312833578 -0.110546169 0 0 0
C@CP 3337 -0.0535631351 0.0767297927 -0.0911324925 0 0 0
C@CP 3338 0.0907057891 -0.203851948 0.140874751 0 0 0
C@CP 3339 0.290615049 -0.0499974977 0.262350847 0 0 0
C@CP 3340 -0.207881676 -0.302673623 -0.134442467 0 0 0
C@CP 3341 0.294165664 -0.120025208 0.0915706596 0 0 0
C@CP 3342 0.0815769921 0.327508119 0.245756759 0 0 0
C@CP 3343 -0.0181166415 0.22469585 -0.0281667009 0 0 0
C@CP 3344 -0.206019157 0.143527791 -0.155917862 0 0 0
C@CP 3345 0.0611434744 -0.262700758 -0.268924009 0 0 0
C@CP 3346 -0.305043767 0.16538719 0.119312309 0 0 0
C@CP 3347 0.222003671 0.245779969 -0.144214046 0 0 0
C@CP 3348 0.0352091334 0.130559255 -0.214837828 0 0 0
C@CP 3349 0.185104118 0.112282437 0.249868582 0 0 0
C@CP 3350 0.24678543 0.248691503 0.238731497 0 0 0
C@CP 3351 -0.317456848 0.0741257949 0.131891974 0 0 0
C@CP 3352 0.31731292 -0.101495045 -0.0527936493 0 0 0
C@CP 3353 0.0759428841 0.126630958 0.394773484 0 0 0
C@CP 3354 0.260707661 0.0429812536 -0.222904473 0 0 0
C@CP 3355 0.422948024 0.157054547 -0.0747067829 0 0 0
C@CP 3356 -0.0828013053 -0.05059744 0.251511176 0 0 0
C@CP 3357 -0.0404204839 0.131686809 0.322898179 0 0 0
C@CP 3358 0.293597464 -0.119756517 0.281141181 0 0 0
C@CP 3359 -0.0968304965 -0.0557163691 -0.0739281406 0 0 0
C@CP 3360 -0.127189388 0.382138523 0.229268311 0 0 0
C@CP 3361 -0.0379066688 0.42177239 0.14514935 0 0 0
C@CP 3362 0.0335369115 0.371693594 -0.229317555 0 0 0
C@CP 3363 -0.0828350162 -0.111672786 -0.307077888 0 0 0
C@CP 3364 -0.171058857 -0.160299685 0.251822585 0 0 0
C@CP 3365 -0.190393155 0.156543879 0.364856135 0 0 0
C@CP 3366 -0.0170592123 -0.110531247 -0.0898849187 0 0 0
C@CP 3367 0.119562126 -0.324008831 0.100544569 0 0 0
C@CP 3368 0.288709744 -0.0646538466 0.285127645 0 0 0
C@CP 3369 -0.225892468 -0.364165416 0.193137466 0 0 0
C@CP 3370 -0.390217332 -0.257014948 -0.110063017 0 0 0
C@CP 3371 -0.334326771 -0.24003517 -0.132735045 0 0 0
C@CP 3372 -0.233711643 0.337795734 0.0662253006 0 0 0
C@CP 3373 0.13618485 0.0463905945 -0.148791935 0 0 0
C@CP 3374 -0.0636359481 -0.0441731381 -0.208563773 0 0 0
C@CP 3375 -0.364506899 -0.29038847 -0.103654722 0 0 0
C@CP 3376 0.285542778 -0.0617677261 -0.09663642 0 0 0
C@CP 3377 0.0546305787 0.176971616 -0.288596964 0 0 0
C@CP 3378 -0.238729354 0.385003148 -0.113895281 0 0 0
C@CP 3379 0.164450766 -0.1080182 0.366753593 0 0 0
C@CP 3380 0.321616783 0.0527517282 0.277154269 0 0 0
C@CP 3381 -0.0336298076 0.259855731 0.365863941 0 0 0
C@CP 3382 0.202630269 -0.160354127 0.26162134 0 0 0
C@CP 3383 0.310254625 0.212024775 -0.2304328 0 0 0
C@CP 3384 0.326989395 0.212232476 -0.176634755 0 0 0
C@CP 3385 0.234588416 -0.116926297 -0.104052411 0 0 0
C@CP 3386 -0.0613236986 -0.0736439267 0.437444413 0 0 0
C@CP 3387 -0.223854412 -0.118499504 0.088270204 0 0 0
C@CP 3388 -0.0938656871 -0.217148912 0.0793556091 0 0 0
C@CP 3389 0.176042239 -0.276693321 -0.272558146 0 0 0
C@CP 3390 -0.177416397 -0.219070905 0.233297165 0 0 0
C@CP 3391 0.286131196 0.126305301 -0.117423219 0 0 0
C@CP 3392 0.363465993 -0.146137761 0.00652704917 0 0 0
C@CP 3393 -0.251457633 -0.330950487 0.176406894 0 0 0
C@CP 3394 -0.0590733068 0.268505347 0.360140621 0 0 0
C@CP 3395 -0.182898175 -0.324263107 0.281603056 0 0 0
C@CP 3396 0.227577071 0.0196573284 -0.0796799929 0 0 0
C@CP 3397 -0.308087167 0.253340078 -0.112787771 0 0 0
C@CP 3398 0.230707633 0.367254996 0.0235417254 0 0 0
C@CP 3399 -0.119834455 0.386319012 0.182039448 0 0 0
C@CP 3400 0.0481379528 -0.178732753 0.0453949291 0 0 0
C@CP 3401 -0.238257546 0.321553811 -0.00582925563 0 0 0
C@CP 3402 -0.162533444 0.112129125 -0.171322969 0 0 0
C@CP 3403 -0.149964132 -0.163721564 0.0178163077 0 0 0
C@CP 3404 0.402071338 -0.0462472269 -0.1179006 0 0 0
C@CP 3405 -0.154151974 -0.28213689 -0.040659977 0 0 0
C@CP 3406 0.205780998 -0.25790941 0.218522877 0 0 0
C@CP 3407 -0.190400654 0.00284274698 -0.219511053 0 0 0
C@CP 3408 0.438403992 0.0342039494 0.107053934 0 0 0
C@CP 3409 0.295679634 -0.245811341 0.17648616 0 0 0
C@CP 3410 0.194525723 0.299543058 -0.0978716591 0 0 0
C@CP 3411 0.085555194 0.123569815 -0.0594117311 0 0 0
C@CP 3412 -0.13326727 0.254280695 0.00641615811 0 0 0
C@CP 3413 -0.327358086 -0.263535095 0.195804806 0 0 0
C@CP 3414 0.171719175 0.398921714 0.0345352249 0 0 0
C@CP 3415 0.190989669 0.0276205904 0.236847386 0 0 0
C@CP 3416 0.0584428358 0.184717003 0.210098208 0 0 0
C@CP 3417 -0.37342241 -0.00172671797 0.0835279933 0 0 0
C@CP 3418 -0.00947935524 0.292325909 0.0384463793 0 0 0
C@CP 3419 -0.102952481 -0.0426313086 -0.38239137 0 0 0
C@CP 3420 0.20417716 -0.160843244 0.313923477 0 0 0
C@CP 3421 0.344700325 -0.183491167 -0.0297313083 0 0 0
C@CP 3422 0.435332616 0.00824110542 0.193078225 0 0 0
C@CP 3423 -0.323693006 -0.0159805002 -0.326860437 0 0 0
C@CP 3424 -0.0503487124 0.237759985 -0.116407149 0 0 0
C@CP 3425 -0.00141283694 -0.072967235 -0.068593957 0 0 0
C@CP 3426 -0.207319204 -0.293926724 0.0664012524 0 0 0
C@CP 3427 -0.246106878 0.11984991 0.260015525 0 0 0
C@CP 3428 -0.167631933 0.387791015 0.145343022 0 0 0
C@CP 3429 0.168562599 0.0321146469 0.149971233 0 0 0
C@CP 3430 -0.0987777452 -0.278156605 -0.30329042 0 0 0
C@CP 3431 0.209231442 0.0672907067 0.299696388 0 0 0
C@CP 3432 0.148988318 0.350933758 0.268727777 0 0 0
C@CP 3433 -0.207828538 0.0882195024 0.00281174319 0 0 0
C@CP 3434 -0.180791924 0.10387865 0.177218619 0 0 0
C@CP 3435 -0.239101149 0.237085825 -0.253840269 0 0 0
C@CP 3436 -0.131224084 0.204811407 0.0457770915 0 0 0
C@CP 3437 -0.231561426 -0.10046837 0.0232322875 0 0 0
C@CP 3438 0.363828374 -0.207664595 -0.107804308 0 0 0
C@CP 3439 0.241470194 -0.0806097827 -0.238964665 0 0 0
C@CP 3440 -0.0835626147 -0.220045541 0.183199639 0 0 0
C@CP 3441 -0.0006449264 -0.417484655 -0.147117874 0 0 0
C@CP 3442 0.318686782 -0.00426252054 0.253107931 0 0 0
C@CP 3443 -0.160647747 -0.190302294 -0.215529692 0 0 0
C@CP 3444 0.0013372123 -0.419485214 -0.0494920662 0 0 0
C@CP 3445 -0.183411876 -0.040449714 0.180154667 0 0 0
C@CP 3446 -0.0846404748 0.202225576 -0.0927339977 0 0 0
C@CP 3447 0.00470437054 0.319822595 -0.0182115624 0 0 0
C@CP 3448 -0.102175574 -0.293071614 -0.0958544253 0 0 0
C@CP 3449 -0.00440822851 0.214120999 -0.376201679 0 0 0
C@CP 3450 0.377516159 -0.105084906 0.0906654223 0 0 0
C@CP 3451 0.00499629123 -0.0979139541 0.243957952 0 0 0
C@CP 3452 0.1420025 0.0941244316 -0.116990477 0 0 0
C@CP 3453 -0.294423615 0.178871742 -0.0958288777 0 0 0
C@CP 3454 -0.429671776 -0.01103933 0.0667104169 0 0 0
C@CP 3455 -0.153515795 -0.148753289 0.110821956 0 0 0
C@CP 3456 0.218779597 -0.0312228549 -0.0962412883 0 0 0
C@CP 3457 -0.318832455 -0.246876093 -0.0602560462 0 0 0
C@CP 3458 -0.37262206 -0.246209721 0.154297338 0 0 0
C@CP 3459 0.307307276 -0.253756107 0.0791935596 0 0 0
C@CP 3460 0.381822818 -0.0161186488 0.159515188 0 0 0
C@CP 3461 -0.140487739 0.302703241 -0.213609713 0 0 0
C@CP 3462 -0.12598178 -0.0983630454 -0.235838167 0 0 0
C@CP 3463 0.0702458728 -0.129820905 -0.138821643 0 0 0
C@CP 3464 0.202991814 0.189930341 0.0126612584 0 0 0
C@CP 3465 -0.171562513 -0.35895749 0.0137000715 0 0 0
C@CP 3466 0.346692879 -0.20266024 -0.130763036 0 0 0
C@CP 3467 -0.1255272 -0.312649587 0.153018185 0 0 0
C@CP 3468 0.340524361 -0.100378616 -0.263013194 0 0 0
C@CP 3469 -0.0730967962 0.202252987 -0.0420925081 0 0 0
C@CP 3470 -0.307087764 0.107168448 0.108590102 0 0 0
C@CP 3471 -0.380702183 0.103125004 -0.147365323 0 0 0
C@CP 3472 0.150069114 0.236790535 -0.278223411 0 0 0
C@CP 3473 0.317805318 -0.157858515 -0.0460511284 0 0 0
C@CP 3474 -0.181450424 0.393466756 -0.0407093661 0 0 0
C@CP 3475 0.0782929294 -0.0255828073 -0.0848054248 0 0 0
C@CP 3476 -0.0372030208 0.168410154 -0.410115836 0 0 0
C@CP 3477 -0.227025607 -0.0749497201 -0.223803461 0 0 0
C@CP 3478 0.165065645 -0.0659752529 -0.11010159 0 0 0
C@CP 3479 0.449967106 -0.0372029674 0.0376766627 0 0 0
C@CP 3480 0.387034217 -0.0164567139 0.162531673 0 0 0
C@CP 3481 0.110038053 0.367020995 -0.103047208 0 0 0
C@CP 3482 0.0312831401 -0.240053491 0.202245168 0 0 0
C@CP 3483 0.103450034 0.0229212864 -0.34683288 0 0 0
C@CP 3484 -0.263526099 -0.147623368 0.24110656 0 0 0
C@CP 3485 -0.141215361 0.220930847 0.175880688 0 0 0
C@CP 3486 -0.0454495548 -0.0941928573 0.323395615 0 0 0
C@CP 3487 0.237784254 0.045825578 0.205099544 0 0 0
C@CP 3488 -0.0730067941 0.233234082 -0.306985298 0 0 0
C@CP 3489 0.0819772522 0.353221507 -0.198723131 0 0 0
C@CP 3490 -0.1201565 0.364622483 0.150675169 0 0 0
C@CP 3491 0.186216607 -0.258929421 -0.175600758 0 0 0
C@CP 3492 0.218307482 -0.151827353 -0.0761585621 0 0 0
C@CP 3493 -0.332858332 0.140968804 -0.0577349981 0 0 0
C@CP 3494 0.00520517612 0.419161777 -0.195660136 0 0 0
C@CP 3495 0.116472457 -0.197601743 -0.275418455 0 0 0
C@CP 3496 -0.0788154698 -0.0273847828 0.349671879 0 0 0
C@CP 3497 0.249849082 -0.364566979 -0.0948210566 0 0 0
B@CP 3499 0.108661922 -0.381800947 -0.244658926 0 0 0
C@CP 3500 0.121651494 0.0457565976 -0.377404774 0 0 0
C@CP 3501 -0.319309023 -0.0783245898 -0.189616853 0 0 0
C@CP 3502 0.0700725182 -0.228262043 -0.00639308216 0 0 0
B@CP 3504 -0.0494642219 -0.0292054546 -0.298213519 0 0 0
C@CP 3505 -0.0228765524 -0.385675414 -0.0420606121 0 0 0
