B@CP 1004 0.372369077 0.171488225 0.0122166668 0 0 0
B@CP 1005 0.0838413933 0.129523714 0.170990628 0 0 0
B@CP 1008 -0.0453619064 -0.170923752 0.322497915 0 0 0
B@CP 1014 0.283236115 -0.0471292439 -0.00724929545 0 0 0
B@CP 1018 -0.0910376122 0.0895196005 0.332853075 0 0 0
B@CP 1020 -0.016116877 0.346582683 0.0940986965 0 0 0
B@CP 1025 -0.0892655597 0.24138104 0.0481828103 0 0 0
B@CP 1026 0.0612956938 0.00871066122 -0.369510182 0 0 0
B@CP 1032 0.331259396 0.211548071 -0.120682325 0 0 0
B@CP 1033 -0.38671677 0.119557658 -0.157873183 0 0 0
B@CP 1034 -0.307635183 0.1288716 -0.0669962685 0 0 0
B@CP 1036 0.18043912 0.286260687 -0.289569976 0 0 0
B@CP 1040 -0.266458305 0.117787869 -0.360100089 0 0 0
B@CP 1041 -0.171714881 0.115595957 0.38603489 0 0 0
B@CP 1042 -0.355075607 -0.156308932 -0.0447952574 0 0 0
B@CP 1045 -0.0895678489 -0.249435011 0.161120505 0 0 0
B@CP 1046 0.0693530659 -0.0763358618 0.340457266 0 0 0
B@CP 1047 -0.209546024 -0.288319625 0.226899169 0 0 0
B@CP 1055 -0.0941538716 0.426016413 -0.0104404189 0 0 0
B@CP 1056 -0.083389316 0.241421585 0.100049601 0 0 0
B@CP 1059 -0.0686507717 0.0124321596 0.335923823 0 0 0
B@CP 1063 0.122417753 -0.205613889 0.355860825 0 0 0
B@CP 1065 -0.144534957 -0.034489635 -0.377371688 0 0 0
B@CP 1066 0.17336293 -0.028262605 -0.399513264 0 0 0
B@CP 1068 0.125172883 -0.0389233704 0.41335461 0 0 0
B@CP 1069 0.315588962 -0.255352861 -0.124417165 0 0 0
B@CP 1070 0.441523772 -0.00699647547 0.0782585996 0 0 0
B@CP 1077 -0.418641682 0.166834155 -0.136627591 0 0 0
B@CP 1080 0.187299223 -0.255570847 -0.10032705 0 0 0
B@CP 1083 -0.283181131 0.0112618165 0.21132064 0 0 0
B@CP 1084 0.00843483497 0.166938961 -0.39808955 0 0 0
B@CP 1085 -0.362170667 0.0286070511 0.00973293223 0 0 0
B@CP 1089 -0.179479909 -0.16618698 -0.0633982597 0 0 0
B@CP 1091 0.189567415 -0.143151479 0.117254246 0 0 0
B@CP 1092 0.248416179 0.0155363782 0.314551301 0 0 0
B@CP 1093 0.0970579179 -0.0141634655 -0.359634263 0 0 0
B@CP 1094 -0.0664420194 0.44599884 -0.114284488 0 0 0
B@CP 1099 0.211783721 0.076865668 -0.382716255 0 0 0
B@CP 1100 -0.00148441962 0.354025494 0.232131018 0 0 0
B@CP 1104 0.164690405 0.125620886 0.214562392 0 0 0
B@CP 1105 0.23250829 -0.303057246 -0.2048685 0 0 0
B@CP 1106 -0.217061583 0.207253786 -0.32347469 0 0 0
B@CP 1107 -0.00810183619 0.212590005 -0.398293202 0 0 0
B@CP 1109 0.280237722 -0.184486255 -0.209115437 0 0 0
B@CP 1110 0.392958815 -0.00362738746 -0.0332723341 0 0 0
B@CP 1117 0.0468419125 -0.12503103 -0.079176218 0 0 0
B@CP 1118 -0.0725918435 -0.110827521 -0.308585191 0 0 0
B@CP 1121 -0.0366378425 -0.10787323 -0.114480185 0 0 0
B@CP 1122 0.154320667 0.406593421 0.125357409 0 0 0
B@CP 1123 0.0205356755 -0.275096752 0.151118856 0 0 0
B@CP 1125 0.165610247 0.0352909128 -0.424817854 0 0 0
B@CP 1131 -0.23524882 -0.0145379046 -0.00619400884 0 0 0
B@CP 1139 0.384582309 -0.0248695607 -0.250845026 0 0 0
B@CP 1143 0.19880992 -0.22764795 -0.20838928 0 0 0
B@CP 1146 0.305645446 0.187258113 -0.190867795 0 0 0
B@CP 1147 0.351017806 -0.16561205 0.0239347359 0 0 0
B@CP 1149 -0.26179452 -0.0487443364 -0.312198713 0 0 0
B@CP 1152 0.249352788 0.101002298 0.243067711 0 0 0
B@CP 1153 -0.385553882 -0.0328592549 -0.104280421 0 0 0
B@CP 1154 -0.0187937606 -0.420182336 -0.0107112859 0 0 0
B@CP 1155 0.161704433 -0.320347409 0.0686615228 0 0 0
B@CP 1160 0.264700128 0.00662855563 -0.365693158 0 0 0
B@CP 1161 0.0311227184 0.423899993 0.0640445642 0 0 0
B@CP 1162 0.326396613 0.0817570232 0.161941816 0 0 0
B@CP 1163 0.341705968 0.119631206 -0.287488574 0 0 0
B@CP 1166 0.148540839 0.116122775 0.325052632 0 0 0
B@CP 1167 -0.232203909 -0.197254426 -0.234914095 0 0 0
B@CP 1170 0.0651777907 0.169713176 -0.402560868 0 0 0
B@CP 1171 0.440148789 -0.0331248578 0.0296038025 0 0 0
B@CP 1176 -0.401994045 -0.0337432323 0.220262547 0 0 0
B@CP 1179 0.246337346 0.203690774 -0.345501104 0 0 0
B@CP 1185 -0.0295342712 0.121999696 -0.349134901 0 0 0
B@CP 1186 0.00496663968 0.312747985 -0.0421404031 0 0 0
B@CP 1187 -0.336293554 -0.196052525 0.135836452 0 0 0
B@CP 1188 -0.149309273 -0.340690401 -0.119603158 0 0 0
B@CP 1189 0.136498368 -0.407961067 0.0833925195 0 0 0
B@CP 1190 0.0983141638 0.0547533771 0.0532081458 0 0 0
B@CP 1191 0.043601243 -0.0465234592 0.0554454131 0 0 0
B@CP 1192 -0.0148681208 -0.244803276 -0.357696288 0 0 0
B@CP 1196 -0.203219497 -0.0654283787 0.210756994 0 0 0
B@CP 1197 0.218383088 0.137263345 -0.11857688 0 0 0
B@CP 1200 -0.230438805 0.00293469118 -0.320450664 0 0 0
B@CP 1206 0.0565433797 -0.00784108164 0.38400395 0 0 0
B@CP 1211 -0.222456106 0.22564392 -0.220468482 0 0 0
B@CP 1221 0.405471096 0.0237443837 -0.144534447 0 0 0
B@CP 1222 0.0546111379 0.184431347 0.237157747 0 0 0
B@CP 1225 -0.026463712 -0.211392611 -0.034025836 0 0 0
B@CP 1226 0.119126792 -0.096415271 0.124017432 0 0 0
B@CP 1228 0.456615836 0.0570542589 -0.0339296052 0 0 0
B@CP 1229 -0.0429627207 -0.237505456 -0.168205527 0 0 0
B@CP 1234 -0.282259143 0.00224657115 -0.25851889 0 0 0
B@CP 1237 -0.224985418 0.0680687384 0.0456715119 0 0 0
B@CP 1239 -0.20255167 -0.332306578 0.118753566 0 0 0
B@CP 1241 -0.205903829 -0.130634228 0.275537068 0 0 0
B@CP 1242 0.203790929 -0.409018217 0.0892484103 0 0 0
B@CP 1245 0.084645997 -0.223165443 0.274310373 0 0 0
B@CP 1248 -0.240768379 -0.0262386013 -0.198132934 0 0 0
B@CP 1257 0.330368904 0.272811591 -0.0357077643 0 0 0
B@CP 1259 -0.274046846 0.11714072 -0.226615674 0 0 0
B@CP 1262 -0.0785720897 0.113041605 0.204924545 0 0 0
B@CP 1263 -0.0385275462 -0.0832893858 -0.377138581 0 0 0
B@CP 1264 0.32630324 0.209600997 0.00279692686 0 0 0
B@CP 1268 0.162990092 -0.0470107233 -0.352909232 0 0 0
B@CP 1274 -0.101764479 0.37812545 0.00145825574 0 0 0
B@CP 1275 -0.113598423 -0.0460535342 0.0346261949 0 0 0
B@CP 1280 0.203986391 0.174787608 0.263258934 0 0 0
B@CP 1281 -0.101620235 -0.124286433 0.0477408105 0 0 0
B@CP 1284 0.235049935 0.324502958 -0.120199642 0 0 0
B@CP 1285 0.112580913 0.135442599 -0.204761478 0 0 0
B@CP 1291 -0.194534586 -0.376585758 0.0458451719 0 0 0
B@CP 1293 0.0479657221 0.451247526 -0.110660236 0 0 0
B@CP 1299 -0.039995854 -0.0952319793 0.0618729033 0 0 0
B@CP 1302 0.271299176 0.0424780024 -0.229222127 0 0 0
B@CP 1305 -0.198820212 0.204000503 -0.155777507 0 0 0
B@CP 1306 -0.406647867 -0.0990941857 -0.00369153316 0 0 0
B@CP 1312 0.0662956837 -0.100725504 -0.283957017 0 0 0
B@CP 1318 0.119129223 0.0727476239 -0.0123620526 0 0 0
B@CP 1320 0.223150595 -0.123331695 -0.306074193 0 0 0
B@CP 1323 0.371982373 -0.0166353 0.0645333759 0 0 0
B@CP 1324 0.142903469 -0.342958374 -0.0376680793 0 0 0
B@CP 1326 0.047331945 0.298887583 0.159031695 0 0 0
B@CP 1330 0.128968761 -0.379614874 -0.0562717467 0 0 0
B@CP 1332 0.0961047037 -0.29160003 0.170827477 0 0 0
B@CP 1335 0.181672323 0.395498668 -0.0444685578 0 0 0
B@CP 1342 0.122946998 0.146752303 0.101370087 0 0 0
B@CP 1343 -0.207466573 -0.119839276 -0.247865408 0 0 0
B@CP 1345 0.00728913232 0.359343487 0.1458349 0 0 0
B@CP 1348 -0.181941585 -0.0966697832 0.122999616 0 0 0
B@CP 1354 0.153973369 0.0285799118 -0.178567055 0 0 0
B@CP 1356 -0.0377770344 0.284902202 0.162795719 0 0 0
B@CP 1362 -0.361770014 0.177193262 0.0360960707 0 0 0
B@CP 1363 0.434105877 0.119428584 0.0692140844 0 0 0
B@CP 1365 0.270985165 -0.0048719579 -0.176524026 0 0 0
B@CP 1367 -0.0542448859 -0.282054902 -0.0420194028 0 0 0
B@CP 1370 0.265323613 0.249956179 0.248011165 0 0 0
B@CP 1371 -0.204555914 0.318180511 0.180053344 0 0 0
B@CP 1372 -0.391475682 -0.240550583 0.130033022 0 0 0
B@CP 1373 -0.165334915 0.264290476 0.240998602 0 0 0
B@CP 1375 -0.347428345 0.0968594916 -0.25558059 0 0 0
B@CP 1379 -0.171321313 0.0991313031 0.246680728 0 0 0
B@CP 1385 0.178965182 0.236083795 -0.199463147 0 0 0
B@CP 1387 -0.10237107 -0.0550366262 0.305114335 0 0 0
B@CP 1390 -0.465387443 0.0270244508 -0.0139419048 0 0 0
B@CP 1391 0.122838616 0.160950216 -0.0890058409 0 0 0
B@CP 1393 -0.234836181 -0.164646667 0.226277921 0 0 0
B@CP 1398 0.0395036104 -0.376692078 -0.221979028 0 0 0
B@CP 1406 -0.144190784 -0.10743239 -0.0963019044 0 0 0
B@CP 1408 0.0740267317 0.0265062514 -0.339401454 0 0 0
B@CP 1410 0.104597979 0.175925633 0.251297974 0 0 0
B@CP 1416 0.131807762 0.233044222 -0.207476038 0 0 0
B@CP 1417 -0.18095493 -0.106381471 0.312937602 0 0 0
B@CP 1422 -0.0415535884 0.235388023 0.0356511618 0 0 0
B@CP 1423 0.14775636 -0.206457744 -0.171882709 0 0 0
B@CP 1424 0.104714168 0.194210987 0.0849029602 0 0 0
B@CP 1428 -0.228233742 0.281229314 0.153497351 0 0 0
B@CP 1429 0.277736152 -0.38906448 0.0223706967 0 0 0
B@CP 1433 0.0859376312 -0.15350434 0.200428885 0 0 0
B@CP 1434 -0.133539214 -0.119897703 -0.327008122 0 0 0
B@CP 1436 0.201611399 -0.296028763 -0.109744934 0 0 0
B@CP 1438 0.308624942 -0.265226978 -0.137883867 0 0 0
B@CP 1439 -0.291806292 -0.0803619271 -0.28349915 0 0 0
B@CP 1446 -0.0529151575 0.170207942 0.266948017 0 0 0
B@CP 1448 0.0632829932 0.234414891 -0.137489123 0 0 0
B@CP 1452 0.265152384 -0.320488939 -0.0915972593 0 0 0
B@CP 1453 -0.335227684 -0.104627788 0.0266823549 0 0 0
B@CP 1454 -0.114666573 0.0879900909 -0.316037658 0 0 0
B@CP 1465 0.188914443 -0.220073441 0.260226354 0 0 0
B@CP 1466 0.150604098 0.356710623 0.273128144 0 0 0
B@CP 1470 -0.291054734 -0.230430661 0.187213339 0 0 0
B@CP 1471 -0.177231283 0.202378583 0.0847648643 0 0 0
B@CP 1472 -0.140200657 -0.394164617 0.0352729749 0 0 0
B@CP 1478 0.200408517 -0.0084367021 0.410345091 0 0 0
B@CP 1481 0.0625812078 0.323478939 -0.216640645 0 0 0
B@CP 1482 0.138997446 -0.102254762 0.159204037 0 0 0
B@CP 1483 -0.131955805 -0.234194209 0.164037654 0 0 0
B@CP 1486 -0.213277688 0.231415665 -0.159534229 0 0 0
B@CP 1489 -0.0670843037 0.366838037 -0.261148116 0 0 0
B@CP 1490 0.188519746 0.315795772 -0.230292734 0 0 0
B@CP 1491 0.148042698 0.0277424765 -0.00466872153 0 0 0
B@CP 1492 0.285480962 0.0946417558 -0.277563603 0 0 0
B@CP 1495 0.33656192 0.195471652 0.0257915282 0 0 0
B@CP 1500 0.25430345 -0.210788283 0.277503822 0 0 0
B@CP 1504 -0.400059796 0.000976066537 0.273558366 0 0 0
B@CP 1505 0.0816791223 0.042026103 0.367913123 0 0 0
B@CP 1509 0.211331009 0.102386214 -0.08058495 0 0 0
B@CP 1515 0.324673558 -0.123015508 -0.0401042101 0 0 0
B@CP 1519 -0.124929138 -0.260384901 -0.0405998577 0 0 0
B@CP 1523 0.0663860984 0.137268068 -0.226038685 0 0 0
B@CP 1524 0.0914834959 0.0438340602 -0.0178637196 0 0 0
B@CP 1526 0.235781399 -0.280315272 -0.0171866263 0 0 0
B@CP 1527 0.377963884 0.23089769 -0.0655397976 0 0 0
B@CP 1530 0.0407541959 -0.146920567 0.0633428061 0 0 0
B@CP 1534 0.221707186 -0.363743404 0.175857747 0 0 0
B@CP 1536 0.0493714494 0.139129845 -0.0794515337 0 0 0
B@CP 1551 0.371681328 -0.00954219392 0.265118076 0 0 0
B@CP 1552 -0.0219871125 -0.40612314 -0.0319655801 0 0 0
B@CP 1555 -0.225861496 0.187953039 -0.203122555 0 0 0
B@CP 1561 -0.0106906197 0.311981558 -0.331896118 0 0 0
B@CP 1567 -0.304692232 -0.172358012 0.0733798708 0 0 0
B@CP 1569 0.160697773 -0.00770621255 0.166781501 0 0 0
B@CP 1572 -0.031337473 -0.408709385 0.0844710339 0 0 0
B@CP 1573 -0.127828164 0.296296666 0.318440037 0 0 0
B@CP 1576 -0.232307318 -0.245450955 0.108720176 0 0 0
B@CP 1580 -0.249506853 0.347678406 0.152944696 0 0 0
B@CP 1583 -0.126613438 -0.0458914403 -0.184411011 0 0 0
B@CP 1584 0.373098979 0.189027101 0.0991384306 0 0 0
B@CP 1586 -0.256092127 0.111535652 -0.236475865 0 0 0
B@CP 1588 0.199712088 0.0578124166 0.160412526 0 0 0
B@CP 1589 0.107698244 -0.0352568292 -0.422826851 0 0 0
B@CP 1596 -0.245833947 0.18680256 -0.0237440514 0 0 0
B@CP 1600 0.237423234 -0.292920893 0.227380642 0 0 0
B@CP 1606 -0.043669097 -0.207006255 0.239006088 0 0 0
B@CP 1609 0.36607158 0.0975996735 -0.059455446 0 0 0
B@CP 1611 -0.0982685773 -0.00760174668 0.228632521 0 0 0
B@CP 1613 0.375000698 -0.241165471 -0.156844703 0 0 0
B@CP 1625 -0.269051577 0.250324617 -0.194372759 0 0 0
B@CP 1630 0.228026773 0.142251305 -0.105464509 0 0 0
B@CP 1637 0.43316097 0.102548718 0.104864413 0 0 0
B@CP 1638 -0.000271676875 -0.300713932 0.0992373019 0 0 0
B@CP 1642 -0.392052696 0.240325072 -0.0294121389 0 0 0
B@CP 1645 -0.200853669 -0.147758393 0.173155348 0 0 0
B@CP 1649 0.244811926 -0.0275758306 0.352559632 0 0 0
B@CP 1655 0.180984618 0.209560195 0.227576693 0 0 0
B@CP 1656 0.140222687 0.312522094 -0.0769363046 0 0 0
B@CP 1673 -0.288203529 -0.096363432 -0.0108399793 0 0 0
B@CP 1678 -0.450232833 -0.0696071874 -0.00117665717 0 0 0
B@CP 1679 -0.184661247 -0.218262927 0.170780657 0 0 0
B@CP 1681 0.11623646 0.267769275 0.110691961 0 0 0
B@CP 1686 0.198134237 -0.387942153 -0.15872345 0 0 0
B@CP 1690 -0.138650467 -0.237575016 -0.116179444 0 0 0
B@CP 1694 -0.198049094 0.19924833 0.0102381518 0 0 0
B@CP 1696 -0.35743605 0.199113046 0.0807343948 0 0 0
B@CP 1697 -0.291263305 0.2367034 0.198357517 0 0 0
B@CP 1701 -0.18570544 -0.0989511493 -0.314673918 0 0 0
B@CP 1703 0.17471553 0.156322603 -0.395448938 0 0 0
B@CP 1705 0.341470757 0.221473497 0.0156455565 0 0 0
B@CP 1710 0.13039721 0.339139704 0.0424646073 0 0 0
B@CP 1719 -0.111813424 -0.0856158527 -0.298828655 0 0 0
B@CP 1722 -0.278276319 -0.0770090518 -0.265303756 0 0 0
B@CP 1727 0.179051066 -0.13544441 -0.258117473 0 0 0
B@CP 1733 0.363811054 0.188807614 0.142552446 0 0 0
B@CP 1735 -0.387222212 -0.048695581 -0.0421969242 0 0 0
B@CP 1736 -0.392249109 -0.240808254 -0.0515842161 0 0 0
B@CP 1739 -0.0550517692 0.00632593537 0.0380378551 0 0 0
B@CP 1740 -0.121127372 -0.146999848 0.350689523 0 0 0
B@CP 1743 -0.383986677 0.212463535 0.0916723268 0 0 0
B@CP 1745 0.344797861 0.0693649697 -0.0505207085 0 0 0
B@CP 1746 0.232767399 0.0508745654 -0.277478059 0 0 0
B@CP 1747 -0.00238310074 0.393973049 0.0329487897 0 0 0
B@CP 1748 -0.0166088121 -0.0909779992 -0.0817724652 0 0 0
B@CP 1751 -0.267288109 0.213191363 0.318097509 0 0 0
B@CP 1752 -0.0224048891 0.189551791 0.108002161 0 0 0
B@CP 1755 -0.0151206555 -0.395426997 -0.0306358542 0 0 0
B@CP 1763 -0.0781357333 0.399518073 0.171576627 0 0 0
B@CP 1774 -0.0233565942 0.353954325 0.180917662 0 0 0
B@CP 1777 0.219076934 0.0496030643 0.264797238 0 0 0
B@CP 1781 0.0604002242 -0.415911147 -0.0278971883 0 0 0
B@CP 1789 -0.010051338 0.118817167 0.183143421 0 0 0
B@CP 1790 -0.0720397892 -0.165978691 0.0791512157 0 0 0
B@CP 1793 0.0187508567 0.163211895 0.00614391 0 0 0
B@CP 1800 -0.129092655 0.297378081 -0.211820472 0 0 0
B@CP 1802 -0.125771613 -0.212575193 -0.148303396 0 0 0
B@CP 1803 -0.0640622391 0.299491105 -0.254068871 0 0 0
B@CP 1804 0.300362168 -0.250682971 -0.00279517336 0 0 0
B@CP 1807 0.19623337 -0.32859864 -0.00687636876 0 0 0
B@CP 1814 0.395968337 -0.00983994088 0.245248672 0 0 0
B@CP 1815 0.0641934567 0.441642322 -0.0601835776 0 0 0
B@CP 1817 -0.138712257 0.179790387 0.338060543 0 0 0
B@CP 1819 -0.0217719226 0.173675333 0.214494677 0 0 0
B@CP 1822 -0.0364509738 -0.127914242 0.373225073 0 0 0
B@CP 1823 0.397095084 -0.183284024 -0.00291934281 0 0 0
B@CP 1826 0.0996457427 0.274864024 -0.141331143 0 0 0
B@CP 1828 0.0273819658 -0.20299895 0.099441604 0 0 0
B@CP 1835 0.313657363 -0.017428694 0.146469479 0 0 0
B@CP 1836 -0.0445252898 -0.212613701 -0.143016765 0 0 0
B@CP 1838 0.255839346 -0.250708522 0.171604846 0 0 0
B@CP 1840 -0.217432333 -0.0886456092 0.213752579 0 0 0
B@CP 1842 -0.0612857252 -0.281443155 0.365098186 0 0 0
B@CP 1844 0.233861114 -0.238693197 -0.129487 0 0 0
B@CP 1847 0.25117119 0.0638114704 -0.256798531 0 0 0
B@CP 1848 -0.214483863 -0.293115307 -0.174670326 0 0 0
B@CP 1851 -0.431501003 -0.0910907409 0.0670774279 0 0 0
B@CP 1852 -0.395703966 -0.0160514642 -0.0466198109 0 0 0
B@CP 1855 -0.337225887 0.0275382655 0.055233109 0 0 0
B@CP 1856 -0.0118969749 -0.0370137502 -0.0751132582 0 0 0
B@CP 1858 0.311304435 -0.0922183797 -0.246891136 0 0 0
B@CP 1861 -0.211681395 0.108990315 0.205552584 0 0 0
B@CP 1862 0.195663784 -0.351763774 -0.016422864 0 0 0
B@CP 1866 -0.0860527653 0.0538801294 -0.163819079 0 0 0
B@CP 1870 0.141317554 -0.0183537364 -0.164990094 0 0 0
B@CP 1872 0.072751315 -0.433639719 -0.157418282 0 0 0
B@CP 1873 -0.105943349 0.359690094 -0.269125434 0 0 0
B@CP 1877 -0.122752063 -0.201580697 -0.0455167883 0 0 0
B@CP 1879 -0.223495788 -0.316801643 -0.155674938 0 0 0
B@CP 1880 -0.381546063 0.0488163557 0.138077024 0 0 0
B@CP 1881 -0.3484788 -0.151987038 -0.186414724 0 0 0
B@CP 1883 -0.0673014624 0.220773688 0.0784336613 0 0 0
B@CP 1887 -0.168067101 -0.411590041 -0.0935600071 0 0 0
B@CP 1890 0.135381244 -0.301278664 0.260142384 0 0 0
B@CP 1891 0.162446179 0.00633158298 -0.108791458 0 0 0
B@CP 1892 -0.21221666 -0.101015537 -0.188290922 0 0 0
B@CP 1893 -0.23186938 -0.34666233 0.0221961802 0 0 0
B@CP 1899 -0.200037756 0.244717671 0.128212183 0 0 0
B@CP 1901 0.0818371907 0.251995849 0.156053367 0 0 0
B@CP 1903 0.30216131 0.0202705739 -0.234352778 0 0 0
B@CP 1906 0.189189812 0.0694863645 -0.0799098558 0 0 0
B@CP 1909 0.170275025 0.267524512 -0.216447095 0 0 0
B@CP 1910 0.0642848827 0.00616500502 -0.189993357 0 0 0
B@CP 1911 0.00821476089 -0.309996418 -0.115414936 0 0 0
B@CP 1915 -0.274793284 0.212971351 0.306812163 0 0 0
B@CP 1917 0.294910423 -0.00957934688 -0.0766941274 0 0 0
B@CP 1920 0.15481487 0.236637968 -0.302352555 0 0 0
B@CP 1921 -0.00573418076 0.319381192 -0.247137324 0 0 0
B@CP 1922 0.173933623 0.344609371 0.00225834832 0 0 0
B@CP 1925 -0.320665758 -0.109654251 0.319588291 0 0 0
B@CP 1935 0.0313002137 -0.167823207 -0.125369237 0 0 0
B@CP 1937 0.0270057106 0.228982081 0.353119543 0 0 0
B@CP 1939 0.328139679 -0.319539747 -0.0746248303 0 0 0
B@CP 1950 0.262065221 -0.36059621 0.0104983174 0 0 0
B@CP 1955 -0.364483741 -0.170260809 -0.0154355776 0 0 0
B@CP 1958 -0.231937854 -0.130394123 0.242544031 0 0 0
B@CP 1960 -0.0752763865 -0.198392848 0.353419606 0 0 0
B@CP 1967 -0.361613191 0.14865153 0.250091518 0 0 0
B@CP 1970 0.284563219 0.146500478 0.223751554 0 0 0
B@CP 1974 -0.152408844 0.325685852 0.0990090122 0 0 0
B@CP 1980 -0.238518498 -0.0922887124 -0.374566985 0 0 0
B@CP 1993 -0.260818152 0.179045117 0.210014778 0 0 0
B@CP 1994 0.402068079 0.071400895 -0.0931440057 0 0 0
B@CP 1996 0.17803776 -0.354545007 -0.019358388 0 0 0
B@CP 1999 -0.301357707 0.205317744 -0.2468611 0 0 0
B@CP 2002 -0.359545446 -0.138733456 -0.0907928304 0 0 0
B@CP 2005 0.220410689 0.23785157 -0.29371154 0 0 0
B@CP 2013 0.128627457 0.141963209 -0.335103272 0 0 0
B@CP 2019 -0.451324408 -0.0423741227 0.11438904 0 0 0
B@CP 2021 0.0416150386 -0.184617334 0.389870392 0 0 0
B@CP 2022 -0.188240925 0.0789125627 0.0710516479 0 0 0
B@CP 2024 0.102433025 -0.395309766 0.156158303 0 0 0
B@CP 2025 -0.218987552 0.271357773 0.0641235969 0 0 0
B@CP 2026 -0.400867094 0.125110139 -0.181537916 0 0 0
B@CP 2028 0.0639114951 0.100870058 0.336421271 0 0 0
B@CP 2029 0.0727229144 -0.315430075 -0.151026696 0 0 0
B@CP 2032 0.109152522 -0.161377301 -0.398936629 0 0 0
B@CP 2033 -0.153597225 -0.141628143 0.0788413888 0 0 0
B@CP 2034 -0.05956977 0.300220502 -0.0590956309 0 0 0
B@CP 2036 -0.143575777 -0.268896773 0.285591923 0 0 0
B@CP 2037 -0.259888374 -0.112998247 -0.290305361 0 0 0
B@CP 2040 -0.0733022104 0.132939617 0.0503108601 0 0 0
B@CP 2042 0.408781672 -0.140572049 -0.132820601 0 0 0
B@CP 2043 -0.339694959 -0.137100191 0.286711406 0 0 0
B@CP 2048 0.0692576154 0.101225743 -0.0865319227 0 0 0
B@CP 2050 0.159650386 0.251278487 0.304486878 0 0 0
B@CP 2053 0.210913562 -0.0626787789 -0.138835089 0 0 0
B@CP 2057 0.0767303976 -0.0373830707 0.214499726 0 0 0
B@CP 2059 0.393783611 -0.107510137 0.110778394 0 0 0
B@CP 2060 0.0992783774 -0.0920057278 0.355772859 0 0 0
B@CP 2068 0.364484906 0.0426301658 -0.168224002 0 0 0
B@CP 2076 -0.044540355 -0.456234111 0.0172429152 0 0 0
B@CP 2077 0.0254554171 -0.26786156 0.12592096 0 0 0
B@CP 2078 -0.128264508 0.0463648007 -0.214096624 0 0 0
B@CP 2079 -0.244617163 0.153459083 -0.203461938 0 0 0
B@CP 2081 0.247887526 0.235192491 -0.0438708392 0 0 0
B@CP 2082 0.33948298 0.178443376 0.0816961291 0 0 0
B@CP 2083 -0.118489425 0.21356183 -0.244312352 0 0 0
B@CP 2086 -0.0338678313 0.367655195 -0.098126735 0 0 0
B@CP 2087 -0.308975214 -0.0533942049 -0.122826793 0 0 0
B@CP 2091 -0.239653046 0.349921599 0.0747736693 0 0 0
B@CP 2095 0.0429793904 -0.323612595 0.0189911615 0 0 0
B@CP 2103 0.132145593 -0.348056884 0.0418936165 0 0 0
B@CP 2105 -0.00656745434 -0.158557644 0.225028774 0 0 0
B@CP 2109 -0.27879871 -0.296955937 0.170184703 0 0 0
B@CP 2110 0.103609375 0.23723501 0.32142082 0 0 0
B@CP 2111 -0.0337696878 -0.123117 0.256023657 0 0 0
B@CP 2113 -0.337951472 -0.234203733 -0.0276943469 0 0 0
B@CP 2114 -0.0294815622 -0.220381353 0.261708596 0 0 0
B@CP 2115 -0.0304502831 0.11026324 -0.189805187 0 0 0
B@CP 2117 -0.0698051665 -0.0469245226 0.356234205 0 0 0
B@CP 2118 0.0820269472 -0.131532151 0.0959136931 0 0 0
B@CP 2119 -0.256813677 -0.0672795154 -0.144595927 0 0 0
B@CP 2125 -0.410406277 0.0667416841 0.0765484254 0 0 0
B@CP 2127 0.288433774 0.318559391 -0.0482063963 0 0 0
B@CP 2130 0.356796428 -0.0652061315 -0.102934122 0 0 0
B@CP 2131 0.175822679 -0.36052335 0.0906486606 0 0 0
B@CP 2133 -0.00107115485 -0.0663717552 -0.259196832 0 0 0
B@CP 2134 0.034624031 -0.267742461 -0.197755165 0 0 0
B@CP 2136 0.102417624 -0.0280432423 -0.434407334 0 0 0
B@CP 2141 0.290711759 0.31652576 -0.0712806918 0 0 0
B@CP 2144 0.136622148 0.329698393 -0.159525064 0 0 0
B@CP 2145 0.228999536 0.0815749238 -0.179463847 0 0 0
B@CP 2149 0.183038921 0.223903265 0.329926867 0 0 0
B@CP 2154 -0.204249923 0.422847371 0.0265951523 0 0 0
B@CP 2161 0.43473984 -0.0996369394 -0.0936399833 0 0 0
B@CP 2164 -0.127240929 -0.237777717 0.0544551954 0 0 0
B@CP 2166 -0.435107176 0.0503763808 -0.0136857527 0 0 0
B@CP 2168 0.137592454 -0.139610028 -0.298444209 0 0 0
B@CP 2169 -0.0888741056 -0.169968364 -0.334202484 0 0 0
B@CP 2175 -0.0674731043 -0.00636169037 0.261521313 0 0 0
B@CP 2177 -0.0820023028 -0.367601932 0.250652827 0 0 0
B@CP 2182 0.278024916 0.357762771 -0.0865703975 0 0 0
B@CP 2186 0.180680885 0.232712496 -0.0239798548 0 0 0
B@CP 2188 -0.173674321 -0.137975665 -0.0166522851 0 0 0
B@CP 2203 -0.0862098933 0.272417399 -0.147772173 0 0 0
B@CP 2205 -0.331058038 -0.000204429978 -0.178169344 0 0 0
B@CP 2207 -0.171788584 -0.200622214 -0.390594655 0 0 0
B@CP 2208 0.160598501 0.122463761 -0.0151994188 0 0 0
B@CP 2213 0.0492376768 0.166793942 0.217148 0 0 0
B@CP 2215 0.136280147 -0.242811711 -0.34716217 0 0 0
B@CP 2217 -0.310175652 0.2605525 0.0512856635 0 0 0
B@CP 2220 0.0692497793 -0.0313504261 0.366200931 0 0 0
B@CP 2221 -0.0970545866 0.0610649112 0.228202616 0 0 0
B@CP 2222 0.0924609087 -0.0967097092 -0.0616318441 0 0 0
B@CP 2225 0.119053106 -0.107296513 0.363932337 0 0 0
B@CP 2226 -0.0436994851 0.217390609 0.291017291 0 0 0
B@CP 2228 0.13279723 0.341952339 -0.102627535 0 0 0
B@CP 2230 -0.110306897 -0.186633347 0.0464012332 0 0 0
B@CP 2233 -0.195209759 0.157666763 0.315630206 0 0 0
B@CP 2234 -0.141610239 0.386069563 0.0487792557 0 0 0
B@CP 2248 0.237990106 0.0638361931 0.375991426 0 0 0
B@CP 2250 -0.0846740286 0.420046797 0.039516003 0 0 0
B@CP 2251 -0.422638556 -0.113355373 -0.130008053 0 0 0
B@CP 2252 0.119010544 -0.202739509 0.176991386 0 0 0
B@CP 2254 -0.248534041 0.283550667 -0.21425736 0 0 0
B@CP 2255 -0.022077383 0.207799278 0.175065058 0 0 0
B@CP 2256 -0.328981479 0.0067517646 -0.323250911 0 0 0
B@CP 2263 -0.0616089789 0.0485589513 -0.00840205229 0 0 0
B@CP 2267 0.0751358136 -0.336227448 -0.0823842168 0 0 0
B@CP 2271 -0.0747636115 -0.119203002 -0.286247776 0 0 0
B@CP 2272 0.162049295 0.381638126 0.0162754133 0 0 0
B@CP 2273 -0.248885354 0.17357324 -0.216315361 0 0 0
B@CP 2275 -0.292904539 -0.145779653 -0.147499765 0 0 0
B@CP 2279 -0.182534998 0.150557506 -0.0129840326 0 0 0
B@CP 2282 0.0566920523 -0.373871898 0.20620497 0 0 0
B@CP 2284 -0.0691618293 -0.271074903 0.185043583 0 0 0
B@CP 2285 -0.295702916 0.249549789 -0.210647898 0 0 0
B@CP 2293 0.127808177 0.127715052 0.240440701 0 0 0
B@CP 2299 0.215925324 -0.0484318436 0.223966163 0 0 0
B@CP 2300 0.292245278 0.0772079829 -0.188202249 0 0 0
B@CP 2301 0.118771048 -0.264034749 0.344578641 0 0 0
B@CP 2303 0.278726313 -0.0185377485 0.100931997 0 0 0
B@CP 2305 -0.213325833 0.0841290098 0.0217500132 0 0 0
B@CP 2309 0.186452259 0.00566962311 0.147965048 0 0 0
B@CP 2313 -0.1326629 0.137509265 -0.390828386 0 0 0
B@CP 2315 0.206626092 -0.0110638093 0.239712061 0 0 0
B@CP 2320 -0.341315676 0.0113468861 -0.23283098 0 0 0
B@CP 2325 0.387988508 0.0197719809 -0.252516734 0 0 0
B@CP 2329 -0.180744293 -0.184736396 0.307983967 0 0 0
B@CP 2331 -0.232335153 0.239430576 0.206501976 0 0 0
B@CP 2332 -0.292441302 -0.179029695 0.035648337 0 0 0
B@CP 2333 -0.317321971 -0.189691639 -0.136078644 0 0 0
B@CP 2335 0.00571794277 -0.0172105557 0.391949299 0 0 0
B@CP 2336 0.0719744805 0.0159716105 0.390050318 0 0 0
B@CP 2340 -0.297157739 0.0580333836 -0.0407681884 0 0 0
B@CP 2343 -0.316127753 -0.0661373766 -0.142150011 0 0 0
B@CP 2346 0.168807878 0.192896664 0.254883894 0 0 0
B@CP 2348 -0.0440169774 0.310436924 -0.271934248 0 0 0
B@CP 2350 0.0700489734 -0.0219443384 0.368817901 0 0 0
B@CP 2351 -0.172136019 0.311692263 -0.0566085768 0 0 0
B@CP 2352 -0.203385454 0.136278059 -0.295285 0 0 0
B@CP 2356 0.162173364 0.326859599 -0.0315461946 0 0 0
B@CP 2357 0.219751717 0.194277663 0.0492387686 0 0 0
B@CP 2359 0.260056796 -0.147525831 0.385525228 0 0 0
B@CP 2363 0.146750035 -0.000987963524 0.401303496 0 0 0
B@CP 2365 -0.137244615 0.265990198 -0.02611211 0 0 0
B@CP 2368 0.387833866 -0.0434399738 0.0679100365 0 0 0
B@CP 2369 -0.0650876045 0.100123971 0.417803304 0 0 0
B@CP 2370 0.291114225 0.188946169 0.0449164396 0 0 0
B@CP 2372 -0.305315213 -0.135536372 -0.316375805 0 0 0
B@CP 2373 0.18960936 0.1575921 0.382913408 0 0 0
B@CP 2376 0.0756567641 0.254891678 0.344899142 0 0 0
B@CP 2381 -0.11597581 0.125771815 -0.0696701075 0 0 0
B@CP 2382 -0.00218981028 -0.254759797 0.221654392 0 0 0
B@CP 2383 0.0657464859 0.161419876 0.133953484 0 0 0
B@CP 2386 0.347405387 0.152469437 -0.19644617 0 0 0
B@CP 2388 -0.0359835594 -0.195606574 0.258903252 0 0 0
B@CP 2392 -0.183059792 0.328030239 0.17699347 0 0 0
B@CP 2395 -0.281060973 -0.018940216 0.236990799 0 0 0
B@CP 2397 0.1648138 0.029711503 -0.304544344 0 0 0
B@CP 2400 0.264493239 0.120940984 -0.0601074398 0 0 0
B@CP 2402 -0.284177563 0.00272249176 0.36966509 0 0 0
B@CP 2405 -0.368988944 0.2042493 -0.179107045 0 0 0
B@CP 2411 0.161327859 0.174253994 -0.0988736664 0 0 0
B@CP 2413 -0.112289037 -0.130422047 -0.163345866 0 0 0
B@CP 2416 -0.123858706 0.140047988 0.104724483 0 0 0
B@CP 2421 0.188824215 -0.0150179981 -0.30012859 0 0 0
B@CP 2437 -0.192897626 -0.276290234 0.152101669 0 0 0
B@CP 2441 0.119092586 -0.201141831 0.238871834 0 0 0
B@CP 2456 -0.0348118342 0.291193635 -0.25286567 0 0 0
B@CP 2457 0.286266196 -0.00950643899 -0.107657697 0 0 0
B@CP 2459 0.280660475 -0.284495202 0.161176064 0 0 0
B@CP 2460 -0.128123169 -0.27484414 0.310998971 0 0 0
B@CP 2461 -0.208613205 -0.294437582 0.0555059644 0 0 0
B@CP 2462 0.209858896 -0.134069659 -0.240736797 0 0 0
B@CP 2467 0.171069476 0.122130931 -0.220726974 0 0 0
B@CP 2471 0.154392051 0.322651837 0.113300408 0 0 0
B@CP 2475 -0.143408464 -0.174182925 0.341489879 0 0 0
B@CP 2477 -0.309937407 0.108063269 0.0947328891 0 0 0
B@CP 2481 0.00192504184 -0.0890348505 -0.0273298126 0 0 0
B@CP 2487 -0.270169425 0.132249299 -0.156458272 0 0 0
B@CP 2492 0.288691735 -0.118057855 -0.319357853 0 0 0
C@CP 2500 -0.201069939 0.301204564 0.245775158 0 0 0
C@CP 2501 0.0594872166 0.0733778578 0.417886316 0 0 0
C@CP 2502 0.274105475 0.149845492 0.197735399 0 0 0
C@CP 2503 0.223129252 0.195406877 -0.105928121 0 0 0
C@CP 2504 -0.440999278 -0.117124656 0.08418905 0 0 0
C@CP 2505 0.354208134 -0.0478773719 0.0229288964 0 0 0
C@CP 2506 -0.190820264 0.24274109 0.0988308504 0 0 0
C@CP 2507 -0.179813244 0.186094267 0.334434966 0 0 0
C@CP 2508 0.0881380983 0.363002176 0.284953758 0 0 0
C@CP 2509 -0.212639311 0.0622429893 0.364911746 0 0 0
C@CP 2510 -0.322661698 -0.191005016 -0.189908965 0 0 0
C@CP 2511 0.0260105886 -0.292994233 -0.370215189 0 0 0
C@CP 2512 -0.0980397399 0.221191197 -0.139031719 0 0 0
C@CP 2513 -0.0263619255 -0.203390753 0.393350798 0 0 0
C@CP 2514 -0.032674315 0.0716499214 0.277462022 0 0 0
C@CP 2515 -0.139718149 -0.278014501 -0.172690188 0 0 0
C@CP 2516 0.323206954 -0.254567627 0.204507539 0 0 0
C@CP 2517 -0.227974379 0.0656235465 0.199211234 0 0 0
C@CP 2518 0.175294969 -0.351740617 -0.0606915471 0 0 0
C@CP 2519 -0.391858462 -0.146203668 -0.0139137752 0 0 0
C@CP 2520 0.0934589518 -0.0997189159 0.0766253093 0 0 0
C@CP 2521 0.028250211 0.440297593 0.0221195902 0 0 0
C@CP 2522 -0.228977136 -0.106990366 -0.345195701 0 0 0
C@CP 2523 -0.0459682017 -0.148244933 -0.0623784164 0 0 0
C@CP 2524 0.129272706 -0.0447407963 -0.256537548 0 0 0
C@CP 2525 0.0144203674 -0.136719381 -0.410735639 0 0 0
C@CP 2526 -0.198844917 0.326072829 0.241814731 0 0 0
C@CP 2527 0.0206501865 0.267874982 0.196914576 0 0 0
C@CP 2528 -0.163315165 -0.320308387 0.304595718 0 0 0
C@CP 2529 -0.276775229 0.0515535564 -0.237575299 0 0 0
C@CP 2530 0.0903108888 -0.225515701 -0.0162681121 0 0 0
C@CP 2531 -0.22851855 -0.231317359 0.122414431 0 0 0
C@CP 2532 -0.204827729 -0.0183223349 -0.174233951 0 0 0
C@CP 2533 -0.214170408 -0.16370165 0.302072733 0 0 0
C@CP 2534 -0.0738956021 0.251852357 0.305876399 0 0 0
C@CP 2535 -0.102233117 0.0553276578 -0.448174934 0 0 0
C@CP 2536 -0.185108565 0.358172167 0.231765732 0 0 0
C@CP 2537 -0.112462814 0.0830349833 -0.29022601 0 0 0
C@CP 2538 -0.326073402 -0.0677466681 -0.165552268 0 0 0
C@CP 2539 -0.238611866 0.101072425 0.256074675 0 0 0
C@CP 2540 0.11975763 0.15584815 0.0209050427 0 0 0
C@CP 2541 -0.330773548 -0.0126417024 0.0311598775 0 0 0
C@CP 2542 0.12119525 0.407901545 -0.0139406258 0 0 0
C@CP 2543 0.3198753 -0.128139054 0.117251844 0 0 0
C@CP 2544 -0.0861283589 -0.160901527 0.22202326 0 0 0
C@CP 2545 0.142465032 -0.0811868663 -0.11550898 0 0 0
C@CP 2546 0.123575303 0.210404119 0.192119974 0 0 0
C@CP 2547 -0.403811218 -0.189215684 -0.153600994 0 0 0
C@CP 2548 -0.171292701 -0.0951218907 -0.0478412037 0 0 0
C@CP 2549 0.113799334 0.0194677984 -0.279829647 0 0 0
C@CP 2550 0.268867886 -0.0662660998 -0.0341563648 0 0 0
C@CP 2551 -0.00420594067 -0.17351124 0.0684086006 0 0 0
C@CP 2552 -0.344629524 -0.0671896413 -0.120587354 0 0 0
C@CP 2553 0.111986793 -0.167884595 0.179754725 0 0 0
C@CP 2554 -0.137983372 0.281021562 0.173663094 0 0 0
C@CP 2555 0.0728043113 0.111149816 -0.271056991 0 0 0
C@CP 2556 -0.0540126733 -0.286137201 0.123147153 0 0 0
C@CP 2557 -0.00243111487 0.213869854 0.0183244457 0 0 0
C@CP 2558 0.323391257 0.00223663541 0.101161789 0 0 0
C@CP 2559 -0.0014093932 -0.171505273 0.232931735 0 0 0
C@CP 2560 -0.165854772 -0.0852708947 0.0859970757 0 0 0
C@CP 2561 0.240929903 -0.140235212 -0.285948895 0 0 0
C@CP 2562 0.304036152 0.150820681 0.201906656 0 0 0
C@CP 2563 0.264445836 0.209034148 -0.270323587 0 0 0
C@CP 2564 0.0570705802 0.0708692959 0.132486467 0 0 0
C@CP 2565 -0.162555109 0.05812753 -0.0824565751 0 0 0
C@CP 2566 -0.110051442 0.184180455 0.314054459 0 0 0
C@CP 2567 0.0505865689 0.15850096 -0.253440747 0 0 0
C@CP 2568 0.209797117 0.0770221016 0.144892213 0 0 0
C@CP 2569 -0.0731638118 0.25106883 0.149676688 0 0 0
C@CP 2570 0.129429858 -0.0413714846 -0.347895717 0 0 0
C@CP 2571 -0.421783178 0.0884061111 -0.0526396767 0 0 0
C@CP 2572 -0.352912637 0.0627088864 -0.244959135 0 0 0
C@CP 2573 0.00779340767 0.0800955089 0.346358847 0 0 0
C@CP 2574 -0.136824976 0.0413972637 -0.186662841 0 0 0
C@CP 2575 0.261034782 0.105027021 0.358252328 0 0 0
C@CP 2576 0.0822475625 -0.188076661 0.392693004 0 0 0
C@CP 2577 -0.0616742369 0.064492484 -0.307819331 0 0 0
C@CP 2578 0.0491965277 0.222631792 -0.293976194 0 0 0
C@CP 2579 -0.0660521668 0.0362624684 -0.274739991 0 0 0
C@CP 2580 0.258365294 0.275656869 0.163867988 0 0 0
C@CP 2581 -0.171782405 0.180905736 -0.26379995 0 0 0
C@CP 2582 -0.240126822 0.270391433 -0.182457473 0 0 0
C@CP 2583 -0.381063227 0.204241204 -0.165002574 0 0 0
C@CP 2584 0.0673885871 -0.0342640532 -0.374909382 0 0 0
C@CP 2585 -0.149845488 0.283799076 -0.197915267 0 0 0
C@CP 2586 -0.170196362 -0.194452416 0.239444759 0 0 0
C@CP 2587 0.0807264612 -0.168097107 0.118519134 0 0 0
C@CP 2588 0.421634086 -0.079911719 -0.0338459458 0 0 0
C@CP 2589 -0.131707857 -0.223538528 -0.144519997 0 0 0
C@CP 2590 -0.150110813 -0.192259702 0.233228966 0 0 0
C@CP 2591 0.126451995 0.0674755878 0.110703936 0 0 0
C@CP 2592 -0.194092599 0.0862789299 0.222083548 0 0 0
C@CP 2593 -0.0623590405 -0.241075497 -0.133716695 0 0 0
C@CP 2594 -0.132126228 0.109414567 0.0414414867 0 0 0
C@CP 2595 -0.116130527 -0.289726147 0.0477762692 0 0 0
C@CP 2596 -0.0114756411 -0.0716081524 -0.35180997 0 0 0
C@CP 2597 -0.219041259 0.0637224968 -0.203944851 0 0 0
C@CP 2598 0.365020358 0.00744676074 -0.00409835127 0 0 0
C@CP 2599 -0.034798118 0.190373893 -0.174891658 0 0 0
C@CP 2600 -0.325682405 0.149292013 -0.0170475268 0 0 0
C@CP 2601 -0.18964886 0.377393664 0.0321873362 0 0 0
C@CP 2602 -0.16289258 -0.228457404 -0.00251609427 0 0 0
C@CP 2603 -0.150004436 0.0773135115 -0.147201367 0 0 0
C@CP 2604 -0.04094771 0.167986937 -0.166389906 0 0 0
C@CP 2605 0.126387985 -0.257715667 -0.148345784 0 0 0
C@CP 2606 -0.0341471698 -0.424125034 -0.083196299 0 0 0
C@CP 2607 0.105658735 -0.290219976 0.0198045451 0 0 0
C@CP 2608 -0.117892641 0.222379433 0.212743145 0 0 0
C@CP 2609 -0.413391701 -0.0802082056 -0.005319332 0 0 0
C@CP 2610 0.164135474 -0.120741234 -0.00075796458 0 0 0
C@CP 2611 -0.18680816 0.300090616 0.168143764 0 0 0
C@CP 2612 0.251552513 -0.014697276 0.322443782 0 0 0
C@CP 2613 0.340200852 -0.26960144 0.187139349 0 0 0
C@CP 2614 -0.250025744 -0.192398927 -0.180246188 0 0 0
C@CP 2615 0.0839947509 -0.2829491 0.255002693 0 0 0
C@CP 2616 0.0155228307 0.235929781 0.237382744 0 0 0
C@CP 2617 -0.234007786 -0.190908769 0.31200906 0 0 0
C@CP 2618 -0.201077159 -0.346119158 -0.228194885 0 0 0
C@CP 2619 -0.221185405 0.0959810721 -0.0826018198 0 0 0
C@CP 2620 0.131819562 0.0470704602 0.436848187 0 0 0
C@CP 2621 0.342953377 -0.0246457052 -0.0831954238 0 0 0
C@CP 2622 0.239504934 0.180902423 -0.00591036192 0 0 0
C@CP 2623 -0.0788860127 0.0434359053 -0.211154958 0 0 0
C@CP 2624 0.113050394 0.163528843 -0.0698388544 0 0 0
C@CP 2625 -0.181176457 0.240344652 0.285798783 0 0 0
C@CP 2626 0.274987288 -0.22347997 -0.0546309855 0 0 0
C@CP 2627 0.160597401 0.205912982 -0.165532026 0 0 0
C@CP 2628 0.0897267488 -0.166348176 0.210515356 0 0 0
C@CP 2629 -0.460053177 -0.0263173979 0.099335083 0 0 0
C@CP 2630 -0.390116346 0.15598916 0.0748701529 0 0 0
C@CP 2631 -0.158918269 0.198699064 0.377302081 0 0 0
C@CP 2632 -0.0801916496 -0.138057858 0.104595722 0 0 0
C@CP 2633 0.119915124 0.030440242 -0.161437243 0 0 0
C@CP 2634 0.226970718 -0.24022221 -0.141178876 0 0 0
C@CP 2635 0.140567926 0.301919873 0.113672101 0 0 0
C@CP 2636 -0.127235852 -0.103258731 0.426322012 0 0 0
C@CP 2637 -0.211621765 -0.179014133 -0.0211130749 0 0 0
C@CP 2638 0.0693441027 -0.205407923 0.0707121693 0 0 0
C@CP 2639 0.249049057 -0.265195734 -0.107208723 0 0 0
C@CP 2640 0.217540025 0.0172547853 0.325245054 0 0 0
C@CP 2641 0.129240499 0.18297045 0.244442326 0 0 0
C@CP 2642 -0.0915748093 -0.159032409 0.218303293 0 0 0
C@CP 2643 0.255406581 -0.195680763 -0.214522741 0 0 0
C@CP 2644 -0.144810006 0.315121766 -0.211199817 0 0 0
C@CP 2645 -0.165542186 0.128906184 0.252465855 0 0 0
C@CP 2646 0.170907491 -0.386967665 -0.0649214704 0 0 0
C@CP 2647 -0.178755286 -0.360978826 0.0626296607 0 0 0
C@CP 2648 -0.2029274 -0.25990483 -0.305497063 0 0 0
C@CP 2649 0.193826571 -0.41819666 -0.0976225948 0 0 0
C@CP 2650 0.189221695 0.183660595 -0.176909482 0 0 0
C@CP 2651 -0.383669354 -0.108798247 -0.0881624256 0 0 0
C@CP 2652 0.0452489506 0.213615357 -0.044745273 0 0 0
C@CP 2653 -0.0769400071 0.282961607 -0.196701891 0 0 0
C@CP 2654 0.216476302 0.0158324592 -0.309471242 0 0 0
C@CP 2655 -0.245340712 -0.112193938 -0.126434412 0 0 0
C@CP 2656 0.185402542 0.0893275233 0.28100086 0 0 0
C@CP 2657 0.186096541 0.191243407 -0.0896566977 0 0 0
C@CP 2658 0.275850005 0.119103939 0.25039347 0 0 0
C@CP 2659 -0.00787113387 0.4433475 0.0978434738 0 0 0
C@CP 2660 0.282033758 0.049000594 0.0581475233 0 0 0
C@CP 2662 -0.0647244711 0.0391424055 -0.176171157 0 0 0
C@CP 2663 -0.0135958333 0.253015874 -0.0247384961 0 0 0
C@CP 2664 -0.212801857 0.236722239 0.0603565686 0 0 0
C@CP 2665 0.216811837 -0.207010929 -0.00913174901 0 0 0
C@CP 2666 -0.00784511766 0.171000573 -0.0671497812 0 0 0
C@CP 2667 -0.0386315283 0.203827328 0.0467762093 0 0 0
C@CP 2668 0.319920102 0.144029905 -0.150391461 0 0 0
C@CP 2669 -0.254295313 0.296897269 -0.239092581 0 0 0
C@CP 2670 -0.0971869047 0.215478818 0.321660041 0 0 0
C@CP 2671 -0.105664282 0.439566118 -0.067563454 0 0 0
C@CP 2672 -0.112924028 0.168232553 -0.208033446 0 0 0
C@CP 2673 -0.0176932268 -0.138053834 -0.168242357 0 0 0
C@CP 2674 -0.310404242 0.110538972 0.283950005 0 0 0
C@CP 2675 -0.0181898995 -0.278192242 -0.0187172271 0 0 0
C@CP 2676 0.42289405 0.115091178 0.14878388 0 0 0
C@CP 2677 0.0396830112 0.0874682701 -0.279921378 0 0 0
C@CP 2678 0.164161555 0.335503674 -0.023570037 0 0 0
C@CP 2679 -0.262462357 -0.267856136 0.0346360061 0 0 0
C@CP 2680 -0.186201818 -0.141379268 0.359922998 0 0 0
C@CP 2681 0.0936301032 -0.240763825 -0.0813622734 0 0 0
C@CP 2682 0.102086742 0.0277601563 0.371494597 0 0 0
C@CP 2683 0.38201744 0.0992787958 0.165553284 0 0 0
C@CP 2684 -0.22860421 -0.315382018 0.211698288 0 0 0
C@CP 2685 -0.125869578 0.216760845 -0.0707082027 0 0 0
C@CP 2686 -0.130109545 -0.157937736 -0.316656692 0 0 0
C@CP 2687 0.181159704 0.0377647354 0.147731855 0 0 0
C@CP 2688 -0.143699922 0.0928365534 -0.137026809 0 0 0
C@CP 2689 0.431105352 0.130112778 -0.0879967453 0 0 0
C@CP 2690 0.35696307 0.130121806 0.172529139 0 0 0
C@CP 2691 0.164180769 -0.399282824 -0.00126730718 0 0 0
C@CP 2692 -0.14672629 0.122418716 -0.267079065 0 0 0
C@CP 2693 0.276543867 0.0470343371 -0.0260752579 0 0 0
C@CP 2694 0.0469205818 -0.023313769 -0.372843423 0 0 0
C@CP 2695 -0.136782176 -0.0773833474 0.417744925 0 0 0
C@CP 2696 0.164288804 0.309770425 0.151641442 0 0 0
C@CP 2697 0.105773047 -0.166711928 -0.369007001 0 0 0
C@CP 2698 0.108064813 -0.167301302 0.393231411 0 0 0
C@CP 2699 -0.221184507 -0.068526951 0.00489912927 0 0 0
C@CP 2700 -0.275108764 0.286913058 0.0289128846 0 0 0
C@CP 2701 0.243928947 -0.258394608 -0.178530178 0 0 0
C@CP 2702 -0.357145412 0.120082783 0.144261812 0 0 0
C@CP 2703 0.35586257 0.212056205 0.227562921 0 0 0
C@CP 2704 -0.20260655 -0.339674184 -0.219603184 0 0 0
C@CP 2705 0.34271251 -0.0558660267 -0.0723785134 0 0 0
C@CP 2706 -0.418034982 0.100049844 -0.0526377201 0 0 0
C@CP 2707 -0.269736399 0.0714593108 -0.146179577 0 0 0
C@CP 2708 0.228738353 0.080136201 -0.351302759 0 0 0
C@CP 2709 0.390910872 -0.182694785 -0.0357969307 0 0 0
C@CP 2710 -0.0123837466 -0.227239041 0.242927625 0 0 0
C@CP 2711 0.0461782911 -0.24152316 -0.339448981 0 0 0
C@CP 2712 -0.0997128056 -0.379189397 0.0765918951 0 0 0
C@CP 2713 0.0938661716 0.107392478 0.406053408 0 0 0
C@CP 2714 -0.131695337 -0.357552333 -0.202856134 0 0 0
C@CP 2715 -0.237526503 -0.138511921 0.356467776 0 0 0
C@CP 2716 -0.111737709 -0.017484305 0.407215379 0 0 0
C@CP 2717 -0.15565182 0.0604516427 -0.401171271 0 0 0
C@CP 2718 0.0108885268 0.0368926011 0.26031914 0 0 0
C@CP 2719 -0.0905672413 0.253320908 0.0235016244 0 0 0
C@CP 2720 -0.0316877132 0.164182519 -0.139002314 0 0 0
C@CP 2721 0.0464533447 -0.0474842114 0.468026316 0 0 0
C@CP 2722 -0.287199857 0.167389555 0.280930352 0 0 0
C@CP 2723 -0.0110874762 -0.113607256 -0.250969411 0 0 0
C@CP 2724 -0.280046872 -0.0620395246 0.0953093268 0 0 0
C@CP 2725 0.07263259 -0.28709806 0.20325495 0 0 0
C@CP 2726 -0.26882049 0.261171518 0.0538161795 0 0 0
C@CP 2727 0.0605510021 0.0261185053 -0.172294945 0 0 0
C@CP 2728 -0.165695247 -0.223396971 0.0536804837 0 0 0
C@CP 2729 -0.221681237 -0.142515863 0.377783159 0 0 0
C@CP 2730 0.264505806 -0.282747343 -0.028274352 0 0 0
C@CP 2731 0.300777568 -0.153677739 0.312813345 0 0 0
C@CP 2732 0.262010144 -0.254962556 -0.153001265 0 0 0
C@CP 2733 0.345042201 -0.237526497 0.0723588972 0 0 0
C@CP 2734 0.0262148861 -0.397735811 0.014761031 0 0 0
C@CP 2735 0.422848189 0.056368225 -0.150323296 0 0 0
C@CP 2736 0.140348977 0.115044116 -0.242812374 0 0 0
C@CP 2737 -0.219130099 0.315072053 -0.127932489 0 0 0
C@CP 2738 0.0276736913 0.380805264 -0.213496912 0 0 0
C@CP 2739 0.0625653714 -0.134772788 0.366938032 0 0 0
C@CP 2740 0.00754768969 0.416722912 0.0360031989 0 0 0
C@CP 2741 -0.0712837124 0.201484214 0.415131771 0 0 0
C@CP 2742 0.112873718 -0.279350752 -0.141654948 0 0 0
C@CP 2743 -0.163469897 0.212549269 -0.369081163 0 0 0
C@CP 2744 0.268459294 0.232270716 -0.0840781155 0 0 0
C@CP 2745 -0.381900172 -0.121047251 0.215433474 0 0 0
C@CP 2746 -0.0836086675 -0.0844888359 0.0899678521 0 0 0
C@CP 2747 0.29027418 -0.0491239617 -0.310173153 0 0 0
C@CP 2748 0.0796250843 0.0344347577 0.0176781364 0 0 0
C@CP 2749 -0.179696822 0.211698887 -0.26516194 0 0 0
C@CP 2750 0.275470506 -0.180765822 0.196814269 0 0 0
C@CP 2751 0.0665261346 -0.293426752 0.27055099 0 0 0
C@CP 2752 0.135644666 0.140066185 0.294630798 0 0 0
C@CP 2753 -0.00408844131 -0.0741380439 -0.446647415 0 0 0
C@CP 2754 0.195206847 0.0341044209 -0.169003789 0 0 0
C@CP 2755 -0.302098798 0.0362416131 0.0657585245 0 0 0
C@CP 2756 -0.10890494 0.349256793 -0.00084541939 0 0 0
C@CP 2757 0.333709447 -0.0884384454 0.0686276763 0 0 0
C@CP 2758 0.0623807286 -0.166344893 0.234154372 0 0 0
C@CP 2759 0.247524661 0.0583209155 0.0341006359 0 0 0
C@CP 2760 -0.236472142 0.154967295 0.0157729243 0 0 0
C@CP 2761 0.140407142 -0.393838404 -0.215429247 0 0 0
C@CP 2762 0.285658213 -0.082886331 -0.101955852 0 0 0
C@CP 2763 0.441958232 -0.00820793156 -0.0879093474 0 0 0
C@CP 2764 0.0881273571 0.163316418 -0.247453505 0 0 0
C@CP 2765 0.214163301 -0.297313752 0.197679787 0 0 0
C@CP 2766 -0.169319478 0.203149271 0.0524035681 0 0 0
C@CP 2767 0.00561848184 0.240454604 0.100262125 0 0 0
C@CP 2768 -0.22268987 0.214400942 0.0083624207 0 0 0
C@CP 2769 -0.24928477 0.0908597334 0.208263344 0 0 0
C@CP 2770 -0.109035604 -0.132534477 0.252873992 0 0 0
C@CP 2771 0.0808157163 0.0522006878 -0.105705027 0 0 0
C@CP 2772 -0.0133332514 0.122839628 0.415360107 0 0 0
C@CP 2773 -0.14289273 0.0306437778 0.354302511 0 0 0
C@CP 2774 -0.339793576 0.031925335 -0.258649305 0 0 0
C@CP 2775 0.0481836335 -0.10761803 -0.270230347 0 0 0
C@CP 2776 -0.139299994 -0.169222601 -0.0596157212 0 0 0
C@CP 2777 0.184618437 -0.201466234 -0.310658681 0 0 0
C@CP 2778 -0.0477065874 0.0667645966 0.396254643 0 0 0
C@CP 2779 0.0889412731 -0.218275724 0.357247181 0 0 0
C@CP 2780 0.350825265 -0.15037141 0.122043488 0 0 0
C@CP 2781 -0.414594516 0.0297214631 -0.074246381 0 0 0
C@CP 2782 0.403523222 -0.0359633215 -0.234099268 0 0 0
C@CP 2783 0.114239778 0.115209704 -0.306764656 0 0 0
C@CP 2784 0.297300427 -0.00760015238 0.014226592 0 0 0
C@CP 2785 0.24731296 0.194910399 0.0941289688 0 0 0
C@CP 2786 0.0150049089 -0.370863341 0.0894890919 0 0 0
C@CP 2787 0.139138753 0.0937021678 -0.382355553 0 0 0
C@CP 2788 0.252704735 -0.0862449896 -0.00983461784 0 0 0
C@CP 2789 -0.0115029481 -0.151040189 -0.409919562 0 0 0
C@CP 2790 0.331733719 -0.29108286 -0.0309219914 0 0 0
C@CP 2791 0.0589663869 -0.192329787 0.210855503 0 0 0
C@CP 2792 0.119030856 0.273956861 0.00641233515 0 0 0
C@CP 2793 0.17784169 0.0241136185 -0.284958143 0 0 0
C@CP 2794 -0.114742482 -0.0563922706 0.0986374017 0 0 0
C@CP 2795 -0.168277866 -0.12143755 -0.100675926 0 0 0
C@CP 2796 0.133375358 -0.412588429 -0.19744099 0 0 0
C@CP 2797 0.261860458 0.170981492 -0.0901283303 0 0 0
C@CP 2798 -0.041563934 0.00553109556 -0.318234711 0 0 0
C@CP 2799 0.17096916 0.0648132515 -0.0295003427 0 0 0
C@CP 2800 0.397637776 -0.0373325107 -0.00347904512 0 0 0
C@CP 2801 0.242633323 0.153833742 -0.153102382 0 0 0
C@CP 2802 0.241195599 -0.189593917 0.0231969154 0 0 0
C@CP 2803 0.0906028208 0.126726448 0.274589275 0 0 0
C@CP 2804 0.0196878212 -0.240124041 -0.0199583558 0 0 0
C@CP 2805 0.251406281 -0.240921543 -0.109798074 0 0 0
C@CP 2806 -0.0578855766 0.303573335 -0.202866066 0 0 0
C@CP 2807 0.0533017705 -0.283887228 -0.205220495 0 0 0
C@CP 2808 -0.192479735 0.228626218 0.00356244617 0 0 0
C@CP 2809 0.365526919 -0.0409861094 -0.190093823 0 0 0
C@CP 2810 -0.00428710753 0.13160768 -0.168769799 0 0 0
C@CP 2811 0.0418022254 -0.127614511 -0.00628035997 0 0 0
C@CP 2812 0.31342242 0.181461886 -0.264515269 0 0 0
C@CP 2813 0.283275144 -0.304470757 -0.000937572512 0 0 0
C@CP 2814 -0.402047505 -0.0328662111 -0.160089834 0 0 0
C@CP 2815 -0.0448203246 0.197224957 -0.273862304 0 0 0
C@CP 2816 0.0308250916 0.144876273 -0.150764576 0 0 0
C@CP 2817 -0.0611722457 -0.447539628 -0.0933226105 0 0 0
C@CP 2818 -0.196901598 0.131028131 -0.245642699 0 0 0
C@CP 2819 -0.134397592 0.125950478 -0.214169482 0 0 0
C@CP 2820 0.155947344 -0.0342144873 -0.394803447 0 0 0
C@CP 2821 -0.344139607 -0.0657722994 -0.26930898 0 0 0
C@CP 2822 -0.00385682464 0.289318779 0.15304162 0 0 0
C@CP 2823 -0.118121646 0.049522781 -0.138395495 0 0 0
C@CP 2824 0.219859911 -0.293057933 0.166765399 0 0 0
C@CP 2825 0.0610306269 -0.23807251 -0.370112765 0 0 0
C@CP 2826 0.0774295256 -0.196681088 -0.163821365 0 0 0
C@CP 2827 0.18124973 0.218223151 -0.232132246 0 0 0
C@CP 2828 -0.0567739817 0.439805507 0.136286158 0 0 0
C@CP 2829 0.198022026 -0.2540783 -0.309475024 0 0 0
C@CP 2830 -0.0637948852 0.165574765 -0.395826343 0 0 0
C@CP 2831 -0.06033434 -0.0797928792 -0.355779353 0 0 0
C@CP 2832 -0.416652197 0.0454771454 -0.0927226229 0 0 0
C@CP 2833 0.2736508 0.0940597448 -0.0901587566 0 0 0
C@CP 2834 0.321258303 -0.225290253 -0.151443899 0 0 0
C@CP 2835 -0.0502054626 0.140840019 -0.0896599954 0 0 0
C@CP 2836 0.0871724801 -0.165799614 0.427236177 0 0 0
C@CP 2837 -0.0646580878 -0.206265566 0.185169301 0 0 0
C@CP 2838 -0.0896294475 0.142853202 0.196235601 0 0 0
C@CP 2839 -0.386948589 0.122751934 0.11976824 0 0 0
C@CP 2840 0.264775014 0.0940996347 -0.0662508441 0 0 0
C@CP 2841 0.206981221 -0.163068892 0.151426508 0 0 0
C@CP 2842 -0.305453865 -0.0827208078 -0.186124518 0 0 0
C@CP 2843 0.26393025 -0.058597422 -0.286015553 0 0 0
C@CP 2844 -0.00475955118 0.449828556 0.078777074 0 0 0
C@CP 2845 -0.0950029062 -0.419522719 -0.115757221 0 0 0
C@CP 2846 0.233578176 -0.0849221104 -0.0475382528 0 0 0
C@CP 2847 0.354585665 -0.130091466 0.0519559027 0 0 0
C@CP 2848 0.159092006 -0.0776174828 0.240503991 0 0 0
C@CP 2849 0.126160216 -0.11617308 0.295569127 0 0 0
C@CP 2850 -0.255300226 0.0811221479 0.137775542 0 0 0
C@CP 2851 0.0611647029 -0.0516071615 0.0878523733 0 0 0
C@CP 2852 -0.272584544 0.0840919251 0.0940812064 0 0 0
C@CP 2853 0.115426919 0.296025428 0.206411632 0 0 0
C@CP 2854 0.278236821 0.0812449937 -0.0274213846 0 0 0
C@CP 2855 0.290282764 -0.0374786823 -0.13580662 0 0 0
C@CP 2856 0.0812703512 -0.18013709 0.0217454848 0 0 0
C@CP 2857 -0.258249969 0.308693284 0.196008359 0 0 0
C@CP 2858 -0.12321653 -0.422570936 -0.132104485 0 0 0
C@CP 2859 -0.0832606334 -0.27601384 -0.272516103 0 0 0
C@CP 2860 0.0792595567 0.0666475404 -0.364456857 0 0 0
C@CP 2861 0.0976439242 0.139394567 -0.126870467 0 0 0
C@CP 2862 0.0874369587 -0.313243364 0.168144174 0 0 0
C@CP 2863 0.337004101 0.240511455 0.0223151889 0 0 0
C@CP 2864 0.0992377107 -0.400056255 0.185155364 0 0 0
C@CP 2865 -0.28073813 0.14257454 0.325877459 0 0 0
C@CP 2866 -0.210606564 0.144102777 0.389495419 0 0 0
C@CP 2867 0.204692222 -0.111096944 -0.237106488 0 0 0
C@CP 2868 -0.14791643 -0.315774009 0.279953185 0 0 0
C@CP 2869 -0.101342309 0.0621908634 -0.198066959 0 0 0
C@CP 2870 0.185853124 -0.255213812 -0.173837123 0 0 0
C@CP 2871 0.090502287 -0.297211075 -0.111556025 0 0 0
C@CP 2872 -0.181018654 0.0881339042 -0.209406474 0 0 0
C@CP 2873 0.217187298 -0.350375815 0.230797757 0 0 0
C@CP 2874 0.068929636 -0.121052374 -0.208375995 0 0 0
C@CP 2875 -0.399980457 -0.0969532587 0.0731364156 0 0 0
C@CP 2876 0.398884879 0.105070971 0.0628367631 0 0 0
C@CP 2877 0.388539131 0.00432596501 -0.223595847 0 0 0
C@CP 2878 -0.0886274407 -0.00536340136 0.295807044 0 0 0
C@CP 2879 0.322544884 -0.105262304 0.138950882 0 0 0
C@CP 2880 0.116759474 0.00450110925 0.0200659504 0 0 0
C@CP 2881 -0.12295678 -0.408979057 0.130778774 0 0 0
C@CP 2882 -0.240481575 0.0272139195 0.0217906613 0 0 0
C@CP 2883 -0.190541734 -0.206194978 0.358449905 0 0 0
C@CP 2884 -0.219097008 0.256033452 -0.108024197 0 0 0
C@CP 2885 -0.0590918071 -0.0792926724 0.434014341 0 0 0
C@CP 2886 -0.0836447124 -0.114745474 -0.239777264 0 0 0
C@CP 2887 -0.183648593 0.232508323 0.312236738 0 0 0
C@CP 2888 0.0654957132 0.453267324 -0.0215036255 0 0 0
C@CP 2889 -0.164865346 0.137101734 0.162547389 0 0 0
C@CP 2890 -0.0745840598 -0.33331815 0.245159685 0 0 0
C@CP 2891 -0.228451726 -0.296822318 -0.102010928 0 0 0
C@CP 2892 0.0503234652 0.248640011 0.103032278 0 0 0
C@CP 2893 0.0628569976 0.208222302 -0.17584881 0 0 0
C@CP 2894 -0.0310582194 -0.358930003 0.11674002 0 0 0
C@CP 2895 -0.0692586556 -0.0399034131 0.196397948 0 0 0
C@CP 2896 0.0605761063 0.367085396 -0.270309576 0 0 0
C@CP 2897 0.406383185 0.188711042 -0.104359987 0 0 0
C@CP 2898 -0.30530202 -0.131030054 0.150318988 0 0 0
C@CP 2899 0.0278209119 -0.168171486 0.0151079909 0 0 0
C@CP 2900 -0.0221905139 -0.253547053 -0.159243045 0 0 0
C@CP 2901 0.204427457 -0.344886743 -0.0282615927 0 0 0
C@CP 2902 -0.242159906 0.140746526 -0.245993598 0 0 0
C@CP 2903 0.0381906928 -0.164015462 0.336084444 0 0 0
C@CP 2904 0.105729444 0.258515546 -0.330635441 0 0 0
C@CP 2905 -0.0128609219 0.0511963409 0.390934103 0 0 0
C@CP 2906 -0.0729632976 0.162079484 -0.431134001 0 0 0
C@CP 2907 0.0122546924 -0.18460883 -0.174796682 0 0 0
C@CP 2908 -0.145971402 0.193779561 0.373679196 0 0 0
C@CP 2909 0.0121323754 0.343307316 -0.238611236 0 0 0
C@CP 2910 0.315224814 -0.039265257 -0.149793117 0 0 0
C@CP 2911 -0.0146856995 0.0809892389 -0.00701972153 0 0 0
C@CP 2912 0.0751020324 -0.0194680874 -0.0953657974 0 0 0
C@CP 2913 0.0634355182 -0.0360814497 0.359652833 0 0 0
C@CP 2914 0.324221147 0.223580964 0.0817225997 0 0 0
C@CP 2915 -0.162668719 0.313205271 0.283849683 0 0 0
C@CP 2916 -0.225969328 -0.0745342968 -0.352231748 0 0 0
C@CP 2917 -0.377648604 -0.0443103335 -0.143045707 0 0 0
C@CP 2918 0.273733815 -0.236219933 0.138047274 0 0 0
C@CP 2919 -0.131314328 -0.104369939 -0.251040015 0 0 0
C@CP 2920 -0.0462367235 -0.0691984718 -0.0189875953 0 0 0
C@CP 2921 -0.26201821 -0.148537005 -0.247593094 0 0 0
C@CP 2922 0.0100748962 -0.161390531 -0.361435976 0 0 0
C@CP 2923 0.178608904 -0.0458566067 0.268448971 0 0 0
C@CP 2924 -0.263630909 0.0289227022 -0.175326986 0 0 0
C@CP 2925 -0.160886501 -0.00727876062 -0.190636057 0 0 0
C@CP 2926 0.00332300801 -0.0428830974 0.315815813 0 0 0
C@CP 2927 0.081964154 -0.228011717 -0.386495811 0 0 0
C@CP 2928 0.268278634 0.112901213 -0.0554766838 0 0 0
C@CP 2929 -0.229404428 0.250867429 0.0844320317 0 0 0
C@CP 2930 0.360199755 0.186122046 0.191082299 0 0 0
C@CP 2931 0.119389798 0.0933356919 -0.39365572 0 0 0
C@CP 2932 0.240519477 0.066580105 0.185710018 0 0 0
C@CP 2933 0.395978936 0.0835392502 -0.167452287 0 0 0
C@CP 2934 0.441512613 -0.0158974532 0.152072199 0 0 0
C@CP 2935 -0.0315258279 0.0151842652 -0.204170352 0 0 0
C@CP 2936 -0.0689585689 0.0865572908 0.289822125 0 0 0
C@CP 2937 0.0138362278 -0.262533649 -0.0518486612 0 0 0
C@CP 2938 -0.341184644 0.186891488 0.126786575 0 0 0
C@CP 2939 -0.045682343 0.380660072 -0.211509236 0 0 0
C@CP 2940 0.101404882 -0.177668199 -0.161344557 0 0 0
C@CP 2941 0.401814697 -0.196913884 -0.101346343 0 0 0
C@CP 2942 0.343330837 -0.0380423119 0.0968981306 0 0 0
C@CP 2943 -0.160644846 0.146550785 0.35416205 0 0 0
C@CP 2944 0.271025526 0.231015677 -0.290184095 0 0 0
C@CP 2945 -0.088371361 -0.0391901811 0.126694705 0 0 0
C@CP 2946 -0.0164023729 -0.0455026527 0.335702551 0 0 0
C@CP 2947 -0.232256041 -0.0748524065 0.274599595 0 0 0
C@CP 2948 0.405229491 -0.129350053 0.0999760039 0 0 0
C@CP 2949 -0.154102438 -0.223196977 0.0652950741 0 0 0
C@CP 2950 -0.122558576 0.105462312 -0.234982969 0 0 0
C@CP 2951 0.207298754 -0.109654658 -0.148379108 0 0 0
C@CP 2952 0.25338752 -0.0748093364 -0.0854990288 0 0 0
C@CP 2953 0.14290539 -0.315913089 -0.0879593787 0 0 0
C@CP 2954 0.194401765 -0.0630811259 -0.0689885793 0 0 0
C@CP 2955 -0.31599484 -0.0931444745 0.122528598 0 0 0
C@CP 2956 0.130843183 0.102623318 0.27430755 0 0 0
C@CP 2957 -0.210979998 -0.107735898 0.232934058 0 0 0
C@CP 2958 -0.193234767 -0.0741273465 0.205207683 0 0 0
C@CP 2959 0.0429329817 -0.345651542 -0.184080529 0 0 0
C@CP 2960 0.0348352018 -0.247324028 -0.242861169 0 0 0
C@CP 2961 -0.0426476018 0.111668188 -0.416822158 0 0 0
C@CP 2962 -0.0894676728 0.0262626048 0.0377247176 0 0 0
C@CP 2963 -0.108154709 -0.210882064 -0.38061959 0 0 0
C@CP 2964 0.261851947 0.0376451434 -0.0162493812 0 0 0
C@CP 2965 0.335081092 -0.0994605383 0.0599465098 0 0 0
C@CP 2966 0.227097213 -0.215625219 0.0483219111 0 0 0
C@CP 2967 0.0116997316 0.27287241 0.289897959 0 0 0
C@CP 2968 -0.201749679 0.313746949 0.123479281 0 0 0
C@CP 2969 0.103129845 -0.434658979 0.113091595 0 0 0
C@CP 2970 0.214822634 -0.188146313 -0.000852017198 0 0 0
C@CP 2971 -0.0239435945 0.286720517 -0.253957834 0 0 0
C@CP 2972 0.110805913 -0.224342597 0.0439577565 0 0 0
C@CP 2973 -0.453436291 -0.0968396396 0.0132294489 0 0 0
C@CP 2974 -0.00162466905 -0.275493611 0.265083491 0 0 0
C@CP 2975 -0.274255544 0.0771560214 0.00959067502 0 0 0
C@CP 2976 0.125837951 0.214257967 -0.268485697 0 0 0
C@CP 2977 0.00314331397 0.0847343624 0.242251348 0 0 0
C@CP 2978 0.0578264726 -0.26493578 -0.209734617 0 0 0
C@CP 2979 0.174058564 -0.344223972 -0.270628334 0 0 0
C@CP 2980 0.335077464 0.0370103849 0.234288923 0 0 0
C@CP 2981 0.15248157 -0.168322361 0.165748645 0 0 0
C@CP 2982 0.213575814 0.319590772 -0.0922788798 0 0 0
C@CP 2983 0.170725873 0.235981292 -0.182789104 0 0 0
C@CP 2984 0.197023354 -0.335726938 0.208631164 0 0 0
C@CP 2985 -0.372223221 -0.160939203 0.175586608 0 0 0
C@CP 2986 0.145281979 -0.379184615 -0.0943201118 0 0 0
C@CP 2987 -0.321014446 0.182157682 0.00428523586 0 0 0
C@CP 2988 -0.0670013101 0.108038421 0.155287306 0 0 0
C@CP 2989 0.0803544073 -0.418655283 0.107789088 0 0 0
C@CP 2990 0.192855432 0.0539132028 0.0227845365 0 0 0
C@CP 2991 0.215992332 0.232741734 0.33635685 0 0 0
C@CP 2992 0.0416404785 -0.0455523125 0.214890639 0 0 0
C@CP 2993 -0.242130595 0.280628485 0.0112991914 0 0 0
C@CP 2994 -0.309599302 0.0273369706 0.0217166139 0 0 0
C@CP 2995 0.334533837 -0.0616635895 -0.00314723455 0 0 0
C@CP 2996 -0.0788511503 0.22456687 -0.129853756 0 0 0
C@CP 2997 -0.000806806538 0.358716623 -0.182137258 0 0 0
C@CP 2998 0.0997677862 0.12139905 0.0399497699 0 0 0
C@CP 2999 0.122375462 0.196484761 0.248110045 0 0 0
C@CP 3000 0.270793433 -0.207012565 0.0825121293 0 0 0
C@CP 3001 0.0784539052 -0.280955363 -0.00702661309 0 0 0
C@CP 3002 0.103632463 -0.0841271996 0.255762806 0 0 0
C@CP 3003 0.376549137 -0.0105839039 -0.232973455 0 0 0
C@CP 3004 -0.0273176442 -0.0173080416 0.243135262 0 0 0
C@CP 3005 -0.132763971 -0.222741796 -0.0818370517 0 0 0
C@CP 3006 0.0132960841 0.0780962578 0.268146168 0 0 0
C@CP 3007 -0.0921024185 0.310262383 0.157552183 0 0 0
C@CP 3008 -0.167239864 0.251334887 -0.278099591 0 0 0
C@CP 3009 0.0701856663 -0.247313119 -0.0911333145 0 0 0
C@CP 3010 0.148094898 -0.397554157 0.0494978785 0 0 0
C@CP 3011 0.072638559 -0.38905792 0.215539538 0 0 0
C@CP 3012 0.0678230975 0.0927621883 -0.444986517 0 0 0
C@CP 3013 -0.060002895 -0.217739794 -0.316097046 0 0 0
C@CP 3014 -0.0547876405 0.332995808 0.114674505 0 0 0
C@CP 3015 -0.231573553 -0.145822449 0.00820568772 0 0 0
C@CP 3016 0.216420506 0.28663014 -0.142870288 0 0 0
C@CP 3017 0.407609168 0.0236615908 0.0938052143 0 0 0
C@CP 3018 -0.169693839 -0.0863981705 0.1774026 0 0 0
C@CP 3019 -0.215909085 0.111838951 -0.145682892 0 0 0
C@CP 3020 0.200986891 -0.16357494 -0.250872724 0 0 0
C@CP 3021 -0.182977529 -0.208203965 0.326758913 0 0 0
C@CP 3022 -0.0251261918 -0.153762555 -0.0799987049 0 0 0
C@CP 3023 -0.149617371 0.0696754146 -0.0187502709 0 0 0
C@CP 3024 0.0340924753 0.178020331 -0.316952058 0 0 0
C@CP 3025 -0.0300462969 0.162111676 0.417177074 0 0 0
C@CP 3026 0.249120334 -0.143206612 -0.168428919 0 0 0
C@CP 3027 -0.157203469 0.339518832 0.247310392 0 0 0
C@CP 3028 -0.12783781 -0.0911856298 0.0770921577 0 0 0
C@CP 3029 0.266965755 0.21046715 0.267484829 0 0 0
C@CP 3030 -0.0140792115 0.0587887803 0.249798155 0 0 0
C@CP 3031 -0.287343189 -0.154578736 0.0150733214 0 0 0
C@CP 3032 0.269140308 -0.379811253 -0.0521479327 0 0 0
C@CP 3033 0.149526428 -0.264063298 0.0881537837 0 0 0
C@CP 3034 -0.0562775609 -0.246386766 -0.0485470866 0 0 0
C@CP 3035 -0.201651443 0.206916807 -0.0773077004 0 0 0
C@CP 3036 0.0432893794 -0.276715612 -0.330649809 0 0 0
C@CP 3037 0.286394482 0.0322027853 -0.129663792 0 0 0
C@CP 3038 0.00337699653 -0.323492118 -0.123695953 0 0 0
C@CP 3039 -0.0519496693 0.267998332 -0.166896632 0 0 0
C@CP 3040 0.352766545 0.0340678366 -0.109710091 0 0 0
C@CP 3041 0.0359250122 0.316059145 0.272485211 0 0 0
C@CP 3042 -0.26034755 0.131104262 -0.206918218 0 0 0
C@CP 3043 0.0931245197 0.115637081 -0.0372481344 0 0 0
C@CP 3044 -0.272654438 0.25623231 0.138109436 0 0 0
C@CP 3045 0.109864963 0.132457536 -0.0553691193 0 0 0
C@CP 3046 -0.182941006 -0.135489116 0.188184164 0 0 0
C@CP 3047 0.135104405 -0.39744396 0.178818458 0 0 0
C@CP 3048 0.326980259 0.278100496 -0.128347705 0 0 0
C@CP 3049 0.0877003111 -0.436778968 -0.0134854903 0 0 0
C@CP 3050 -0.0076072752 -0.245337076 0.259999149 0 0 0
C@CP 3051 -0.0130123404 -0.0414212396 0.108596174 0 0 0
C@CP 3052 -0.0296763004 0.390806151 -0.139911854 0 0 0
C@CP 3053 0.2934783 0.29353291 0.0616824722 0 0 0
C@CP 3054 -0.0911296944 -0.0725240401 0.229161817 0 0 0
C@CP 3055 -0.0553224105 0.0335448114 -0.153425623 0 0 0
C@CP 3056 0.144189753 0.333665789 0.288379397 0 0 0
C@CP 3057 -0.279819353 0.147665012 0.34127184 0 0 0
C@CP 3058 0.22760455 0.372376148 -0.13709437 0 0 0
C@CP 3059 -0.12358571 -0.0822089965 -0.402931084 0 0 0
C@CP 3060 0.128078733 -0.226986497 -0.229112644 0 0 0
C@CP 3061 0.173103568 -0.16098861 -0.323842154 0 0 0
C@CP 3062 -0.255931314 0.0059962197 -0.0203278757 0 0 0
C@CP 3063 0.126221298 0.300618073 -0.138466003 0 0 0
C@CP 3064 -0.223618771 0.22492499 -0.252116067 0 0 0
C@CP 3065 0.321876182 -0.0895458042 -0.334494676 0 0 0
C@CP 3066 0.149644307 -0.1702024 0.0501485929 0 0 0
C@CP 3067 -0.259516083 -0.111894937 -0.136132275 0 0 0
C@CP 3068 0.318642497 0.235656381 -0.0539965398 0 0 0
C@CP 3069 0.0136850463 -0.264975857 -0.316297969 0 0 0
C@CP 3070 -0.155062235 0.251202673 -0.29298285 0 0 0
C@CP 3071 0.0697204708 -0.410656619 -0.138939445 0 0 0
C@CP 3072 -0.182509052 0.0699462973 0.227274008 0 0 0
C@CP 3073 0.0490206438 -0.270457076 0.140164559 0 0 0
C@CP 3074 0.328181188 -0.00262369737 0.0905571477 0 0 0
C@CP 3075 0.388122767 0.18726715 0.198750783 0 0 0
C@CP 3076 -0.0158437024 0.112965195 -0.210856023 0 0 0
C@CP 3077 0.0206506065 0.407981869 0.0403437336 0 0 0
C@CP 3078 -0.0997334876 0.0324056913 0.420842173 0 0 0
C@CP 3079 0.349034897 -0.0700541362 0.289549981 0 0 0
C@CP 3080 0.0794738931 0.389772117 0.217928474 0 0 0
C@CP 3081 -0.290768685 0.223023495 -0.0191038871 0 0 0
C@CP 3082 -0.0937929574 -0.00363574623 -0.118097058 0 0 0
C@CP 3083 0.0952724309 0.422045496 -0.0768285348 0 0 0
C@CP 3084 0.199834727 0.177309847 -0.396348156 0 0 0
C@CP 3085 -0.383777243 -0.262282351 0.0641349449 0 0 0
C@CP 3086 -0.148651209 0.17552865 -0.0248665767 0 0 0
C@CP 3087 -0.353554885 -0.141765099 0.0506306907 0 0 0
C@CP 3088 -0.0442886517 0.425444841 0.0132054266 0 0 0
C@CP 3089 0.0829320343 -0.237856053 -0.00509378511 0 0 0
C@CP 3090 -0.297023816 0.229523203 -0.10926807 0 0 0
C@CP 3091 -0.0498014786 -0.362306673 0.262424381 0 0 0
C@CP 3092 0.216635238 0.196910474 -0.190057654 0 0 0
C@CP 3093 0.303239378 0.0798310772 -0.0240394083 0 0 0
C@CP 3094 0.336503573 -0.238185602 0.0858316651 0 0 0
C@CP 3095 0.124423498 0.182521446 0.252389933 0 0 0
C@CP 3096 -0.14010084 0.0441588804 -0.437782928 0 0 0
C@CP 3097 0.107600338 -0.211102897 0.0630386476 0 0 0
C@CP 3098 -0.365557911 0.141164945 -0.195940859 0 0 0
C@CP 3099 -0.353212359 0.0663555851 0.021870216 0 0 0
C@CP 3100 -0.0198459141 -0.157618053 -0.33233168 0 0 0
C@CP 3101 -0.148314396 0.0695948805 -0.420099651 0 0 0
C@CP 3102 -0.35723335 0.124965056 -0.0997140971 0 0 0
C@CP 3103 -0.183398785 0.330446999 0.246791291 0 0 0
C@CP 3104 0.155942348 -0.0343529342 -0.234910072 0 0 0
C@CP 3105 0.409492247 0.0166463843 0.201564499 0 0 0
C@CP 3106 -0.251729974 -0.0695583683 -0.272610702 0 0 0
C@CP 3107 -0.287721452 -0.190852283 0.185818871 0 0 0
C@CP 3108 -0.0555712276 0.183252029 -0.0826593791 0 0 0
C@CP 3109 0.265052966 0.0075828442 -0.0921392192 0 0 0
C@CP 3110 0.377749802 0.172019319 0.012484539 0 0 0
C@CP 3111 0.437551582 0.112263199 -0.113467812 0 0 0
C@CP 3112 0.232198681 -0.197795064 -0.345317245 0 0 0
C@CP 3113 0.0605572297 0.133175283 0.277610435 0 0 0
C@CP 3114 -0.272906653 0.12305559 -0.327813477 0 0 0
C@CP 3115 0.256662249 -0.0554429709 -0.18401769 0 0 0
C@CP 3116 -0.00854825113 0.109423042 0.155412305 0 0 0
C@CP 3117 -0.00790249309 -0.20390496 -0.252726717 0 0 0
C@CP 3118 0.0591446157 -0.0127231382 0.261952541 0 0 0
C@CP 3119 -0.0767197425 0.374056495 -0.00961679411 0 0 0
C@CP 3120 0.344852927 0.213136796 -0.118531668 0 0 0
C@CP 3121 -0.284322075 -0.264973566 -0.0816275063 0 0 0
C@CP 3122 -0.330621865 -0.0549714573 -0.00534836866 0 0 0
C@CP 3123 0.0996445217 0.129570823 0.0618209851 0 0 0
C@CP 3124 -0.153308481 0.396339573 -0.160862828 0 0 0
C@CP 3125 0.117564402 -0.115280366 -0.223624456 0 0 0
C@CP 3126 0.403663633 0.164791526 0.0119596708 0 0 0
C@CP 3127 -0.380143201 -0.0495733195 0.0323798526 0 0 0
C@CP 3128 0.0300358593 -0.114289185 -0.361359224 0 0 0
C@CP 3129 0.161045224 -0.262691546 0.211036474 0 0 0
C@CP 3130 -0.177750407 0.275409133 0.0436328077 0 0 0
C@CP 3131 -0.16720138 0.176494582 0.124621069 0 0 0
C@CP 3132 -0.1168177 -0.236243368 0.0366870548 0 0 0
C@CP 3133 0.220272252 0.00682881398 -0.124519606 0 0 0
C@CP 3134 -0.336095452 -0.0331503614 -0.0456939598 0 0 0
C@CP 3135 0.236396147 -0.110425002 0.116580442 0 0 0
C@CP 3136 -0.0553221067 0.268361153 0.327356561 0 0 0
C@CP 3137 -0.454498608 -0.0982514658 0.0467324961 0 0 0
C@CP 3138 -0.12175702 -0.0754702513 0.142136115 0 0 0
C@CP 3139 0.159528354 -0.303308595 -0.185811345 0 0 0
C@CP 3140 0.118219252 -0.07564323 -0.0417490459 0 0 0
C@CP 3141 0.0913722959 -0.25276128 0.104211907 0 0 0
C@CP 3142 -0.27956233 0.010111827 -0.175865778 0 0 0
C@CP 3143 0.160847221 -0.398881967 0.112207342 0 0 0
C@CP 3144 -0.10439357 -0.0234793335 -0.305390962 0 0 0
C@CP 3145 -0.290434973 -0.249500164 0.238415012 0 0 0
C@CP 3146 0.165480786 -0.178732161 -0.197371618 0 0 0
C@CP 3147 -0.295531884 -0.0470622892 0.288084492 0 0 0
C@CP 3148 -0.0269507496 -0.00863961209 0.168996035 0 0 0
C@CP 3149 0.121111914 0.15991543 0.302957388 0 0 0
C@CP 3150 0.410039286 -0.0870390027 0.201751647 0 0 0
C@CP 3151 0.136547123 -0.16222871 0.0597725036 0 0 0
C@CP 3152 -0.128286741 -0.171197744 -0.267975104 0 0 0
C@CP 3153 -0.309340515 -0.233520482 -0.191079703 0 0 0
C@CP 3154 0.0994069246 -0.172090017 -0.18678911 0 0 0
C@CP 3155 0.277988552 0.234211964 -0.245858167 0 0 0
C@CP 3156 0.047887852 0.270139019 0.261748117 0 0 0
C@CP 3157 -0.102781404 0.0479868138 0.0849592335 0 0 0
C@CP 3158 0.152293837 -0.021108671 -0.40310418 0 0 0
C@CP 3159 0.195897008 0.424836649 0.0263333401 0 0 0
C@CP 3160 -0.0920268459 -0.242723966 -0.112563003 0 0 0
C@CP 3161 -0.130760344 0.429870886 0.0128738523 0 0 0
C@CP 3162 0.0103571419 0.394952003 -0.13020359 0 0 0
C@CP 3163 -0.0944062302 -0.159076925 0.377564147 0 0 0
C@CP 3164 0.320519556 0.186095495 -0.0117711465 0 0 0
C@CP 3165 0.335173945 0.253667065 -0.114079926 0 0 0
C@CP 3166 0.0244657725 -0.198968275 0.346282857 0 0 0
C@CP 3167 0.250092786 -0.13007082 0.0629787057 0 0 0
C@CP 3168 -0.00263940264 -0.241437758 0.297282726 0 0 0
C@CP 3169 -0.0847385411 -0.270561069 0.283971584 0 0 0
C@CP 3170 0.168918438 0.234320551 -0.36477219 0 0 0
C@CP 3171 0.171185557 -0.155073951 -0.000718662917 0 0 0
C@CP 3172 0.155261057 0.195562562 -0.0780489841 0 0 0
C@CP 3173 0.286165806 -0.0974147111 0.345099641 0 0 0
C@CP 3174 -0.00832833507 -0.216364648 -0.161316853 0 0 0
C@CP 3175 0.14499907 0.141438129 -0.00325336298 0 0 0
C@CP 3176 0.158919013 -0.0894416071 -0.2834848 0 0 0
C@CP 3177 0.146649232 -0.121043203 -0.354207968 0 0 0
C@CP 3178 0.1933242 0.144440036 0.0126853889 0 0 0
C@CP 3179 0.243278902 0.00210076004 -0.114435696 0 0 0
C@CP 3180 0.304672915 -0.148945336 0.244777965 0 0 0
C@CP 3181 -0.205528123 -0.360239918 -0.17652239 0 0 0
C@CP 3182 0.0638107793 0.342582925 0.309094961 0 0 0
C@CP 3183 -0.179901704 -0.220646191 -0.293991467 0 0 0
C@CP 3184 0.151869869 -0.290412553 -0.102273341 0 0 0
C@CP 3185 0.146240988 -0.114338825 -0.180444239 0 0 0
C@CP 3186 0.264263555 -0.0642864198 -0.0930941564 0 0 0
C@CP 3187 0.0358981737 0.0717387464 0.0229858349 0 0 0
C@CP 3188 0.30761179 0.0832003267 -0.191146569 0 0 0
C@CP 3189 0.213004146 0.28829963 -0.0874401529 0 0 0
C@CP 3190 0.294009729 -0.203173763 -0.231865866 0 0 0
C@CP 3191 -0.0565267093 0.301518906 -0.314789978 0 0 0
C@CP 3192 -0.0377151489 -0.0412474161 0.352433965 0 0 0
C@CP 3193 -0.315241281 -0.242793695 0.156436298 0 0 0
C@CP 3194 0.258190807 0.130291636 -0.0585695241 0 0 0
C@CP 3195 -0.220477676 0.335358987 -0.162633796 0 0 0
C@CP 3196 0.365013844 0.138667906 -0.0769571484 0 0 0
C@CP 3197 0.204833317 -0.230204011 -0.136574254 0 0 0
C@CP 3198 0.310259675 0.196695476 0.105462736 0 0 0
C@CP 3199 0.0562249515 -0.0146598353 0.222755735 0 0 0
C@CP 3200 -0.130998449 0.0885785324 -0.0718294875 0 0 0
C@CP 3201 -0.0488273753 -0.0832462704 -0.420234717 0 0 0
C@CP 3202 0.0871761031 0.316992841 -0.280712007 0 0 0
C@CP 3203 0.0940165369 -0.0950541542 -0.439904267 0 0 0
C@CP 3204 -0.0524750429 -0.0969995578 0.00309765426 0 0 0
C@CP 3205 -0.32392182 -0.27202273 0.146364878 0 0 0
C@CP 3206 0.307674022 -0.0543572424 -0.0303503598 0 0 0
C@CP 3207 0.0407321089 -0.374676955 -0.125899577 0 0 0
C@CP 3208 0.249499738 -0.0430174417 0.374295865 0 0 0
C@CP 3209 -0.0783007974 0.411492313 0.0616318119 0 0 0
C@CP 3210 -0.161937703 -0.27599022 -0.0902138222 0 0 0
C@CP 3211 0.130286392 0.00731543334 0.15629868 0 0 0
C@CP 3212 -0.194393362 0.115259122 0.317650987 0 0 0
C@CP 3213 -0.042681267 -0.320744802 -0.243440981 0 0 0
C@CP 3214 -0.296023868 0.0324507277 0.134709189 0 0 0
C@CP 3215 0.00409375181 0.246944268 0.319878401 0 0 0
C@CP 3216 -0.188017249 0.318707237 0.0669546348 0 0 0
C@CP 3217 0.198355727 -0.262943068 -0.12461094 0 0 0
C@CP 3218 0.363199971 0.207561192 -0.171778339 0 0 0
C@CP 3219 0.29362486 0.225553913 0.235451978 0 0 0
C@CP 3220 -0.431362557 -0.0127427377 0.20268873 0 0 0
C@CP 3221 0.0461665352 0.0983417182 0.159568105 0 0 0
C@CP 3222 -0.151504643 0.364951578 -0.0650860297 0 0 0
C@CP 3223 0.0446016413 0.0682879812 0.410137695 0 0 0
C@CP 3224 -0.20709951 0.150910789 -0.212706482 0 0 0
C@CP 3225 0.345652457 0.101067241 0.223359335 0 0 0
C@CP 3226 -0.175434553 -0.0600120751 -0.26440624 0 0 0
C@CP 3227 -0.251009272 -0.0271695994 0.218002468 0 0 0
C@CP 3228 0.240620466 -0.0173722113 -0.0843966997 0 0 0
C@CP 3229 -0.212953796 0.134738894 -0.14333317 0 0 0
C@CP 3230 -0.130677027 0.367653872 -0.0934069652 0 0 0
C@CP 3231 -0.220677476 0.0630696912 0.0756151962 0 0 0
C@CP 3232 0.0796049886 0.450296835 -0.0520164651 0 0 0
C@CP 3233 -0.342463925 0.0883957974 0.103965238 0 0 0
C@CP 3234 -0.0809249694 -0.353544035 -0.113705991 0 0 0
C@CP 3235 0.38733655 -0.0774313295 0.036098859 0 0 0
C@CP 3236 0.0226614327 -0.156670276 0.141662703 0 0 0
C@CP 3237 0.234564706 0.28307223 0.265058027 0 0 0
C@CP 3238 -0.0775019944 0.180908454 -0.232992934 0 0 0
C@CP 3239 0.146639977 0.382555724 -0.238337299 0 0 0
C@CP 3240 -0.30945453 0.153071194 -0.0971650167 0 0 0
C@CP 3241 0.296237673 0.153548196 -0.0132374492 0 0 0
C@CP 3242 0.289138866 -0.158164058 -0.162718643 0 0 0
C@CP 3243 -0.209343216 -0.182804121 -0.382064068 0 0 0
C@CP 3244 0.134870087 0.0788850507 -0.318728457 0 0 0
C@CP 3245 0.110215025 0.336290869 -0.107480678 0 0 0
C@CP 3246 -0.236619931 -0.103326991 0.334150363 0 0 0
C@CP 3247 -0.191539106 0.180858079 -0.174052332 0 0 0
C@CP 3248 -0.263626999 0.237272843 -0.187320503 0 0 0
C@CP 3249 0.0404329913 -0.148149817 0.139605804 0 0 0
C@CP 3250 0.347134668 -0.220655021 -0.170197764 0 0 0
C@CP 3251 -0.342460433 -0.0812483258 -0.203743561 0 0 0
C@CP 3252 0.00172693959 0.17681023 0.135621912 0 0 0
C@CP 3253 0.0623489311 0.362249061 -0.00572383433 0 0 0
C@CP 3254 0.3923667 0.0361931011 -0.215211897 0 0 0
C@CP 3255 0.114482254 0.365405714 -0.182134149 0 0 0
C@CP 3256 -0.047654298 -0.205245555 0.317563135 0 0 0
C@CP 3257 -0.292688792 0.100092691 -0.352288424 0 0 0
C@CP 3258 0.0972062955 0.398893118 0.0545957719 0 0 0
C@CP 3259 0.265930263 -0.106263101 0.17634464 0 0 0
C@CP 3260 0.159651164 -0.0612726472 -0.119473107 0 0 0
C@CP 3261 0.0442482195 -0.268192938 -0.321529608 0 0 0
C@CP 3262 0.289737872 0.171516514 0.281364293 0 0 0
C@CP 3263 0.00953503713 0.459484088 -0.0606099828 0 0 0
C@CP 3264 0.0826008039 0.248520626 -0.0406667384 0 0 0
C@CP 3265 0.266877719 -0.30770567 0.172242664 0 0 0
C@CP 3266 0.0804824007 0.321643486 0.138203424 0 0 0
C@CP 3267 -0.368131411 0.0130600321 0.128375493 0 0 0
C@CP 3268 -0.0571649784 -0.213782023 -0.22454652 0 0 0
C@CP 3269 0.0736942772 0.0623467511 0.288831621 0 0 0
C@CP 3270 -0.338845421 0.172556774 0.102288475 0 0 0
C@CP 3271 -0.265331789 -0.0197162866 -0.0711304934 0 0 0
C@CP 3272 -0.277203425 -0.0281621197 0.31703808 0 0 0
C@CP 3273 0.141685444 -0.407623608 -0.148167961 0 0 0
C@CP 3274 0.277491858 -0.0701728506 -0.300078983 0 0 0
C@CP 3275 -0.253195052 -0.145299362 0.292854543 0 0 0
C@CP 3276 -0.144893789 -0.263540807 0.210317467 0 0 0
C@CP 3277 -0.0207217884 0.173612469 -0.36092415 0 0 0
C@CP 3278 -0.261203394 -0.172637542 -0.252967016 0 0 0
C@CP 3279 -0.218731548 -0.144753683 0.33794042 0 0 0
C@CP 3280 0.164791903 -0.172450975 -0.18389974 0 0 0
C@CP 3281 -0.0159781411 0.394122266 -0.120980845 0 0 0
C@CP 3282 -0.0324218633 -0.200564532 0.00723299847 0 0 0
C@CP 3283 -0.18698858 0.138348374 0.0449778593 0 0 0
C@CP 3284 0.122689819 -0.279445934 0.180130801 0 0 0
C@CP 3285 -0.316103832 -0.136822121 -0.251293651 0 0 0
C@CP 3286 0.00502757315 -0.396817495 0.203831759 0 0 0
C@CP 3287 -0.30678734 0.153772185 0.187666937 0 0 0
C@CP 3288 -0.0772033351 0.233269654 0.329861568 0 0 0
C@CP 3289 0.0358485734 0.211037445 -0.00412358964 0 0 0
C@CP 3290 -0.0117322776 0.131695496 0.064535709 0 0 0
C@CP 3291 0.203764061 0.063802501 -0.319148653 0 0 0
C@CP 3292 0.0337497902 0.154078427 0.118822698 0 0 0
C@CP 3293 0.273896988 -0.0326693548 -0.172938235 0 0 0
C@CP 3295 0.0816592867 -0.219628157 -0.0998579943 0 0 0
C@CP 3296 0.225999543 0.0209622496 -0.102033295 0 0 0
C@CP 3297 -0.355897464 0.182696219 -0.210570662 0 0 0
C@CP 3298 0.235891916 -0.387400373 0.0930630207 0 0 0
C@CP 3299 -0.305226865 -0.0706576476 0.143216708 0 0 0
C@CP 3300 -0.362844583 0.263107375 -0.0752018798 0 0 0
C@CP 3301 -0.400332375 -0.0373156418 -0.0440603804 0 0 0
C@CP 3302 0.383517873 0.188815739 0.0934371924 0 0 0
C@CP 3303 0.37731034 -0.137542716 -0.00869777995 0 0 0
C@CP 3304 0.149475233 0.0829645295 0.125897516 0 0 0
C@CP 3305 0.192633044 -0.129973355 -0.383203872 0 0 0
C@CP 3306 0.342748852 -0.0620752448 0.0829595159 0 0 0
C@CP 3307 -0.109527013 -0.231387984 -0.00416219937 0 0 0
C@CP 3308 -0.102358802 0.192129713 -0.202495651 0 0 0
C@CP 3309 0.0887115518 0.127355595 0.272404819 0 0 0
C@CP 3310 -0.245611159 -0.0138606828 0.0806151468 0 0 0
C@CP 3311 -0.43385195 -0.0697690373 0.14390939 0 0 0
C@CP 3312 -0.214765891 -0.367261139 -0.0103338064 0 0 0
C@CP 3313 -0.0941938865 -0.268829348 0.19660317 0 0 0
C@CP 3314 0.288735664 0.168943295 -0.305600831 0 0 0
C@CP 3315 0.332089153 0.0261777323 0.0885096766 0 0 0
C@CP 3316 0.0622943203 0.289438989 -0.252004861 0 0 0
C@CP 3317 -0.207728686 -0.237009169 0.0144879223 0 0 0
C@CP 3318 0.0279049395 0.158757513 0.332719543 0 0 0
C@CP 3319 0.0197146639 0.289586662 0.112637789 0 0 0
C@CP 3320 0.155131798 0.107581898 0.239584003 0 0 0
C@CP 3321 -0.0603080438 0.11818275 -0.28761551 0 0 0
C@CP 3322 -0.0946441637 0.281490851 -0.303410553 0 0 0
C@CP 3323 0.348513291 -0.255917362 -0.107930907 0 0 0
C@CP 3324 0.241541036 0.262771976 -0.0425713744 0 0 0
C@CP 3325 -0.0641663688 -0.308353792 -0.29540203 0 0 0
C@CP 3326 0.210642813 -0.0552850311 -0.144080725 0 0 0
C@CP 3327 0.218236385 -0.0583268181 -0.129674399 0 0 0
C@CP 3328 0.120360115 0.31435488 0.15123627 0 0 0
C@CP 3329 -0.193149234 -0.324383154 0.0158058432 0 0 0
C@CP 3330 -0.059392566 0.355896078 -0.297655202 0 0 0
C@CP 3331 -0.0442696793 0.0693218601 0.0134452447 0 0 0
C@CP 3332 -0.0625851832 0.235931936 0.36222268 0 0 0
C@CP 3333 -0.0805865204 0.222711918 0.0259139777 0 0 0
C@CP 3334 0.186966849 -0.00698212772 0.341493888 0 0 0
C@CP 3335 -0.11109821 -0.163857324 0.418872449 0 0 0
C@CP 3336 -0.110177311 -0.0905257389 -0.18258301 0 0 0
C@CP 3337 -0.191658034 -0.28632107 -0.246330554 0 0 0
C@CP 3338 -0.176257733 -0.140720433 -0.368827214 0 0 0
C@CP 3339 0.00744932164 0.216546516 -0.0256055215 0 0 0
C@CP 3340 -0.352473561 -0.0951077889 -0.134488905 0 0 0
C@CP 3341 0.250960797 -0.402662636 0.0523986183 0 0 0
C@CP 3342 -0.134481209 -0.0212205923 -0.430835153 0 0 0
C@CP 3343 -0.112293825 -0.202212054 0.0925730896 0 0 0
C@CP 3344 0.243054786 -0.350336775 0.0848543205 0 0 0
C@CP 3345 -0.199823647 0.279812815 -0.23825098 0 0 0
C@CP 3346 0.195923721 -0.295076614 -0.0669158721 0 0 0
C@CP 3347 0.248469511 0.297211114 0.0905813978 0 0 0
C@CP 3348 0.0466607392 0.211085325 -0.125309044 0 0 0
C@CP 3349 -0.353036658 -0.0643867412 0.0849889074 0 0 0
C@CP 3350 -0.229176063 -0.110568094 -0.393554042 0 0 0
C@CP 3351 -0.134422853 0.00663586761 -0.0286745847 0 0 0
C@CP 3352 -0.0615288232 -0.0749398312 -0.247355379 0 0 0
C@CP 3353 -0.20563809 -0.00388326117 -0.0585334858 0 0 0
C@CP 3354 -0.174947315 -0.118539024 0.119870609 0 0 0
C@CP 3355 -0.0500042884 0.0330023868 -0.28629039 0 0 0
C@CP 3356 -0.160333351 0.11049266 0.333337691 0 0 0
C@CP 3357 0.00924864453 0.214575191 -0.325547138 0 0 0
C@CP 3358 -0.0823401187 0.132169933 -0.230797846 0 0 0
C@CP 3359 -0.26989515 0.0780789992 0.105669012 0 0 0
C@CP 3360 0.0454574435 0.447810175 0.100093687 0 0 0
C@CP 3361 0.113021267 0.0571252234 0.212394883 0 0 0
C@CP 3362 0.0739556596 0.0173880378 0.0300276562 0 0 0
C@CP 3363 -0.407548958 0.160171176 -0.168919194 0 0 0
C@CP 3364 -0.177169629 -0.126845946 -0.0457058632 0 0 0
C@CP 3365 -0.0859023905 -0.222679906 -0.370940608 0 0 0
C@CP 3366 0.136023205 0.0447895575 -0.383301143 0 0 0
C@CP 3367 -0.334475868 -0.288601535 -0.0846896478 0 0 0
C@CP 3368 0.292904011 -0.0314499197 0.327485527 0 0 0
C@CP 3369 0.0870855105 0.347364072 -0.162321708 0 0 0
C@CP 3370 0.306012262 -0.001864858 0.229694466 0 0 0
C@CP 3371 -0.205071416 0.252694406 -0.236223248 0 0 0
C@CP 3372 -0.16732231 0.0175172849 -0.0458710445 0 0 0
C@CP 3373 0.214635803 -0.018187718 -0.185692962 0 0 0
C@CP 3374 -0.130723594 0.262595344 0.250966096 0 0 0
C@CP 3375 0.153117477 0.246644751 -0.0700782748 0 0 0
C@CP 3376 0.133145322 -0.295161348 0.011163556 0 0 0
C@CP 3377 -0.409521702 -0.038152412 0.00687657658 0 0 0
C@CP 3378 0.0871086357 0.203272974 0.0104264415 0 0 0
C@CP 3379 0.0929380951 -0.0989835205 -0.332828261 0 0 0
C@CP 3380 -0.0422117687 0.025024421 0.367232123 0 0 0
C@CP 3381 0.300067488 -0.2600442 0.121666559 0 0 0
C@CP 3382 -0.00763737637 -0.163520152 0.373534287 0 0 0
C@CP 3383 0.0141589851 -0.181687175 -0.104180918 0 0 0
C@CP 3384 -0.0390591708 -0.158827046 -0.394646418 0 0 0
C@CP 3385 -0.0396339032 0.245594477 0.256869409 0 0 0
C@CP 3386 0.00438264718 -0.233183203 0.377047802 0 0 0
C@CP 3387 -0.03613508 -0.272876961 0.38196654 0 0 0
C@CP 3388 0.0299854126 0.215084775 -0.425005025 0 0 0
C@CP 3389 -0.0837473129 -0.262232301 0.154362978 0 0 0
C@CP 3390 0.333626922 0.0265359496 0.113786678 0 0 0
C@CP 3391 0.311642893 0.00580291058 0.194680314 0 0 0
C@CP 3392 -0.165547485 0.268035602 -0.129121884 0 0 0
C@CP 3393 0.0615206441 -0.23527872 -0.219870733 0 0 0
C@CP 3394 -0.124316076 0.199750347 -0.316173918 0 0 0
C@CP 3395 0.25532806 0.239129266 0.249744458 0 0 0
C@CP 3396 -0.0376936766 0.0107004449 0.355885279 0 0 0
C@CP 3397 0.168051014 0.33606739 0.0497409644 0 0 0
C@CP 3398 -0.0580239194 -0.267433033 0.0925502809 0 0 0
C@CP 3399 0.172345165 0.375576885 0.21170761 0 0 0
C@CP 3400 -0.299041174 0.166099519 0.255454017 0 0 0
C@CP 3401 0.00767877268 0.188508046 -0.028486924 0 0 0
C@CP 3402 0.0856182676 -0.126191623 -0.330133642 0 0 0
C@CP 3403 -0.14993262 -0.231821097 0.176893365 0 0 0
C@CP 3404 0.17333444 -0.280911632 0.29479468 0 0 0
C@CP 3405 -0.19672294 -0.0133410569 0.104641772 0 0 0
C@CP 3406 -0.32511581 0.0804637705 0.302078032 0 0 0
C@CP 3407 0.305596633 0.225491568 -0.0118802213 0 0 0
C@CP 3408 0.0420231017 -0.131915713 -0.373098868 0 0 0
C@CP 3409 -0.177525278 -0.405954895 0.121449672 0 0 0
C@CP 3410 0.0799235053 -0.325896177 0.161118296 0 0 0
C@CP 3411 -0.290495996 0.126103566 0.235359459 0 0 0
C@CP 3412 -0.0276864675 -0.111284801 0.186596047 0 0 0
C@CP 3413 -0.0263431224 -0.0466354371 -0.156308695 0 0 0
C@CP 3414 -0.379807511 0.267828008 -0.0924760649 0 0 0
C@CP 3415 0.21975104 -0.059834432 -0.332840503 0 0 0
C@CP 3416 0.298391888 0.180276547 0.0616711216 0 0 0
C@CP 3417 -0.105237632 -0.22689562 0.243439131 0 0 0
C@CP 3418 0.168038844 0.0364577871 0.237393053 0 0 0
C@CP 3419 0.122212203 0.14742679 0.337463764 0 0 0
C@CP 3420 -0.219949924 0.203297668 0.133936608 0 0 0
C@CP 3421 -0.417176401 0.158068921 0.0430437595 0 0 0
C@CP 3422 -0.177434812 -0.114072725 -0.387025198 0 0 0
C@CP 3423 -0.251742722 0.145422367 0.131965871 0 0 0
C@CP 3424 0.270325005 -0.0418356145 -0.066980841 0 0 0
C@CP 3425 0.298206142 -0.0773395815 0.232343061 0 0 0
C@CP 3426 0.0419421975 0.00705281097 0.220747531 0 0 0
C@CP 3427 -0.386180866 -0.220912947 0.0171843845 0 0 0
C@CP 3428 0.0706515368 0.165723154 0.380631481 0 0 0
C@CP 3429 0.115284627 0.0541117377 -0.232671301 0 0 0
C@CP 3430 -0.0599656064 -0.194479571 -0.124345174 0 0 0
C@CP 3431 0.0536981924 -0.247629637 -0.303006799 0 0 0
C@CP 3432 0.240797866 -0.261846746 0.210435418 0 0 0
C@CP 3433 -0.252675014 -0.112112679 -0.377935132 0 0 0
C@CP 3434 -0.0879113266 0.191978564 -0.266008504 0 0 0
C@CP 3435 -0.178916391 -0.24111448 0.275660573 0 0 0
C@CP 3436 -0.243180944 -0.281066966 0.123403739 0 0 0
C@CP 3437 -0.0215037112 -0.154802765 -0.144491668 0 0 0
C@CP 3438 -0.308994036 0.112169488 0.292322819 0 0 0
C@CP 3439 0.158324487 -0.233875948 -0.265291309 0 0 0
C@CP 3440 -0.0990458983 -0.165805933 -0.2280879 0 0 0
C@CP 3441 0.328833562 -0.134308714 -0.246801101 0 0 0
C@CP 3442 0.0894388705 -0.0472263353 -0.109729178 0 0 0
C@CP 3443 -0.125729035 0.0454281747 0.3552217 0 0 0
C@CP 3444 -0.0292124057 -0.0202046946 0.305368258 0 0 0
C@CP 3445 0.423967479 0.132421374 0.071406093 0 0 0
C@CP 3446 0.265245516 -0.204511704 0.131714569 0 0 0
C@CP 3447 0.178963082 0.26644022 0.130261549 0 0 0
C@CP 3448 -0.147076572 0.117829115 -0.347917269 0 0 0
C@CP 3449 -0.266940111 -0.199837099 -0.187150442 0 0 0
C@CP 3450 -0.318649446 0.103341843 -0.229587323 0 0 0
C@CP 3451 0.217650745 -0.0820243029 0.0713003189 0 0 0
C@CP 3452 0.026090718 0.236043096 -0.407405903 0 0 0
C@CP 3453 -0.146379954 0.363424654 0.0679528376 0 0 0
C@CP 3454 -0.299034187 -0.199416776 0.102344175 0 0 0
C@CP 3455 0.235401479 -0.0246063527 -0.232813224 0 0 0
C@CP 3456 0.132055178 -0.150108136 0.0375094288 0 0 0
C@CP 3457 0.223438595 -0.340226139 0.00486395754 0 0 0
C@CP 3458 0.274045544 0.359660562 -0.0432130938 0 0 0
C@CP 3459 0.137070084 -0.0529392554 -0.212069485 0 0 0
C@CP 3460 -0.260243081 0.114539128 0.131613289 0 0 0
C@CP 3461 0.28798147 -0.0610739227 0.311984475 0 0 0
C@CP 3462 -0.232985541 0.119874811 0.24379023 0 0 0
C@CP 3463 0.127100043 0.357986208 -0.225419504 0 0 0
C@CP 3464 0.379473141 0.0873054968 0.140839755 0 0 0
C@CP 3465 -0.0171032363 0.0282891547 0.0528426345 0 0 0
C@CP 3466 -0.00975717738 0.167587124 0.305433865 0 0 0
C@CP 3467 0.119415907 0.416164944 0.0459500592 0 0 0
C@CP 3468 -0.102162152 0.105794796 0.211006647 0 0 0
C@CP 3469 -0.172141128 0.154805335 -0.0947623675 0 0 0
C@CP 3470 -0.0398380301 -0.299152102 0.0134324363 0 0 0
C@CP 3471 -0.145305072 -0.30254401 0.0590243705 0 0 0
C@CP 3472 0.306726955 -0.25912519 0.226541993 0 0 0
C@CP 3473 -0.178729029 -0.148116357 0.239316988 0 0 0
C@CP 3474 -0.125182085 -0.0262133651 -0.310274162 0 0 0
C@CP 3475 -0.186721868 -0.0185650293 -0.0805459655 0 0 0
C@CP 3476 0.236786669 -0.0988600615 -0.267329505 0 0 0
C@CP 3477 -0.165631042 0.0482677346 -0.132059656 0 0 0
C@CP 3478 -0.143953052 -0.388073451 0.193977558 0 0 0
C@CP 3479 0.0674688113 -0.0978731668 -0.0198194474 0 0 0
C@CP 3480 0.269438886 0.205945619 -0.00290975865 0 0 0
C@CP 3481 0.0733027805 -0.402651573 0.139463483 0 0 0
C@CP 3482 -0.378739646 -0.183120969 0.0219208201 0 0 0
C@CP 3483 -0.0624041034 0.42989603 -0.162071446 0 0 0
C@CP 3484 0.0503010888 0.195801239 0.162668246 0 0 0
C@CP 3485 -0.191843176 -0.271927184 -0.101915873 0 0 0
C@CP 3486 -0.314891492 0.272037957 -0.140024025 0 0 0
C@CP 3487 -0.00281823327 0.00147077718 0.372007794 0 0 0
C@CP 3488 0.252006005 -0.126398754 0.0985847685 0 0 0
C@CP 3489 0.076448311 0.00625782425 0.0359421263 0 0 0
C@CP 3490 0.282159293 0.283827626 -0.047608607 0 0 0
C@CP 3491 0.020962931 -0.3715686 0.215407957 0 0 0
C@CP 3492 -0.0862269139 -0.119271256 -0.0894004087 0 0 0
C@CP 3493 -0.355978422 0.010358423 0.0770374332 0 0 0
C@CP 3494 0.260243173 0.00805788683 -0.348305562 0 0 0
C@CP 3495 0.125904778 0.100964908 0.271758667 0 0 0
C@CP 3496 -0.290537057 0.311386137 0.114365975 0 0 0
C@CP 3497 -0.259836327 0.125231349 -0.176403148 0 0 0
B@CP 3499 0.255284533 0.0878397558 -0.239764512 0 0 0
C@CP 3500 0.36008743 -0.00980389142 0.197090209 0 0 0
C@CP 3501 0.239919802 -0.204825562 -0.262548047 0 0 0
C@CP 3502 -0.107885914 -0.263932716 -0.0161615048 0 0 0
B@CP 3504 -0.257414924 0.276185927 -0.135095712 0 0 0
C@CP 3505 -0.085687126 0.454571014 -0.00126856745 0 0 0
