B@CP 1004 0.294904511 -0.187230382 0.292610947 0 0 0
B@CP 1005 -0.0518544053 -0.0366870433 -0.249779942 0 0 0
B@CP 1008 -0.468596685 0.0654134484 0.00635794062 0 0 0
B@CP 1014 0.114687245 -0.0395213642 0.151188659 0 0 0
B@CP 1018 0.392283832 -0.0074393483 -0.202314763 0 0 0
B@CP 1020 -0.204770103 -0.133561521 0.356861243 0 0 0
B@CP 1025 0.141065809 -0.135084935 0.361931501 0 0 0
B@CP 1026 -0.173760298 0.0296011984 0.353203148 0 0 0
B@CP 1032 -0.170742623 0.102402205 -0.176947109 0 0 0
B@CP 1033 -0.261151518 -0.296984595 -0.0861219726 0 0 0
B@CP 1034 0.356816715 0.283693184 -0.0865709457 0 0 0
B@CP 1036 -0.420472104 0.0558011357 0.0386468231 0 0 0
B@CP 1040 -0.188824757 0.00447350794 -0.131396973 0 0 0
B@CP 1041 -0.227202951 0.292948674 -0.18929117 0 0 0
B@CP 1042 -0.311999764 -0.00121113942 0.211197371 0 0 0
B@CP 1045 -0.00713254532 -0.139180261 -0.347976991 0 0 0
B@CP 1046 -0.0634818163 0.40816193 0.0926762198 0 0 0
B@CP 1047 0.0427635165 0.0563624068 0.361088562 0 0 0
B@CP 1055 0.123392043 0.281103476 0.182335146 0 0 0
B@CP 1056 -0.247730344 -0.0926337276 0.160937618 0 0 0
B@CP 1059 0.398919001 -0.140659625 0.0957868334 0 0 0
B@CP 1063 0.403466713 -0.100357927 0.130016546 0 0 0
B@CP 1065 -0.215511896 -0.136534583 0.0821231879 0 0 0
B@CP 1066 0.207993213 -0.0535423996 -0.00726768413 0 0 0
B@CP 1068 0.206510998 0.225638272 -0.0364811523 0 0 0
B@CP 1069 -0.0355863869 0.110042785 -0.312311581 0 0 0
B@CP 1070 -0.203487407 0.0231304057 0.358011217 0 0 0
B@CP 1077 -0.0314195594 0.172787195 -0.291583889 0 0 0
B@CP 1080 0.37899919 -0.135456121 0.196736442 0 0 0
B@CP 1083 -0.196675667 -0.335483499 0.0216580363 0 0 0
B@CP 1084 0.0530183121 -0.335497847 0.116303058 0 0 0
B@CP 1085 -0.261893077 0.261363951 -0.162055593 0 0 0
B@CP 1089 -0.279711223 -0.322961146 -0.0837241972 0 0 0
B@CP 1091 -0.0864235784 0.0907791248 0.393902705 0 0 0
B@CP 1092 -0.288667153 -0.013669376 -0.101416554 0 0 0
B@CP 1093 0.135824203 -0.207458043 -0.00754983026 0 0 0
B@CP 1094 0.150420373 0.36622112 -0.266769555 0 0 0
B@CP 1099 0.306409051 -0.268051836 -0.181440394 0 0 0
B@CP 1100 0.256979478 -0.152273927 -0.225567881 0 0 0
B@CP 1104 0.283827426 0.28405761 0.0822229721 0 0 0
B@CP 1105 -0.131051427 -0.213421669 -0.392481333 0 0 0
B@CP 1106 0.149652803 -0.207731171 -0.362652237 0 0 0
B@CP 1107 -0.0183953288 -0.210061118 -0.320591986 0 0 0
B@CP 1109 -0.00182380234 0.0666163523 0.36359743 0 0 0
B@CP 1110 -0.113859596 0.0455554847 0.0121297756 0 0 0
B@CP 1117 -0.249467506 0.177638598 -0.190152836 0 0 0
B@CP 1118 0.346615343 0.21622275 0.00293033683 0 0 0
B@CP 1121 -0.40610019 -0.0659238484 0.198596069 0 0 0
B@CP 1122 0.0663315521 0.0176324253 0.293797674 0 0 0
B@CP 1123 0.410758949 -0.150245782 -0.136940216 0 0 0
B@CP 1125 0.36594769 0.086197457 0.260198693 0 0 0
B@CP 1131 -0.341345935 0.166288436 -0.0496926473 0 0 0
B@CP 1139 -0.136832198 -0.201935178 -0.235925772 0 0 0
B@CP 1143 -0.198828787 -0.401287015 0.000966271414 0 0 0
B@CP 1146 -0.197799541 0.154433249 0.258127873 0 0 0
B@CP 1147 -0.083697383 -0.07167355 0.0577212274 0 0 0
B@CP 1149 0.238841158 -0.275609146 -0.122592296 0 0 0
B@CP 1152 -0.277680715 0.222522192 0.0995206547 0 0 0
B@CP 1154 0.116169881 -0.110187619 0.173536929 0 0 0
B@CP 1155 -0.319258409 0.243321004 -0.0967098641 0 0 0
B@CP 1160 -0.13530308 -0.134293601 -0.417240407 0 0 0
B@CP 1161 -0.223744586 -0.0911342028 0.291512745 0 0 0
B@CP 1162 -0.0113403334 -0.329288443 0.171336044 0 0 0
B@CP 1163 -0.41998696 -0.0499997711 -0.104283626 0 0 0
B@CP 1166 0.122116358 -0.0366777906 0.32244412 0 0 0
B@CP 1167 0.132218617 0.363199088 -0.22727157 0 0 0
B@CP 1170 -0.23408696 0.14878431 -0.05911141 0 0 0
B@CP 1171 0.248730589 -0.250612213 0.173952393 0 0 0
B@CP 1176 0.220030618 0.299878998 0.0689378934 0 0 0
B@CP 1179 -0.185046019 0.382700179 -0.199596356 0 0 0
B@CP 1185 0.402619857 0.149342544 0.166802395 0 0 0
B@CP 1186 0.0214847345 -0.284939455 -0.347000738 0 0 0
B@CP 1187 -0.243584008 0.233491115 0.267156184 0 0 0
B@CP 1188 0.200989332 0.196918352 -0.170065757 0 0 0
B@CP 1189 -0.214068275 0.117351349 0.32076686 0 0 0
B@CP 1190 0.134567141 -0.0826272802 0.378185131 0 0 0
B@CP 1191 0.281230015 0.0403548305 -0.212857636 0 0 0
B@CP 1192 0.0151431079 0.0773013923 0.125233235 0 0 0
B@CP 1196 0.415393694 -0.189353617 -0.137840998 0 0 0
B@CP 1197 0.306386416 0.189328492 0.128263765 0 0 0
B@CP 1200 -0.00756037871 -0.399763128 -0.136541778 0 0 0
B@CP 1206 0.263272678 -0.0826398358 -0.313387275 0 0 0
B@CP 1211 0.0217518454 0.214404495 0.284684917 0 0 0
B@CP 1221 0.260021791 0.0800416355 0.231116842 0 0 0
B@CP 1222 0.0530598828 -0.209656279 -0.0171258533 0 0 0
B@CP 1225 0.239452634 0.113578225 -0.15127413 0 0 0
B@CP 1226 -0.153136738 -0.313289293 0.270888624 0 0 0
B@CP 1228 0.24317283 0.108473493 -0.252606083 0 0 0
B@CP 1229 0.195974346 -0.383676901 -0.153977566 0 0 0
B@CP 1234 0.0949470798 0.159448291 -0.32855738 0 0 0
B@CP 1237 0.331064888 -0.0749185253 0.0245073675 0 0 0
B@CP 1239 0.271141465 0.0715074058 0.0550827474 0 0 0
B@CP 1241 0.0699540633 0.104019115 -0.355713983 0 0 0
B@CP 1242 -0.165106552 0.381997618 0.174768644 0 0 0
B@CP 1245 0.2767523 0.240693961 0.0246192071 0 0 0
B@CP 1248 -0.366434376 -0.141196752 0.200443757 0 0 0
B@CP 1257 0.324087792 0.280563577 -0.0335871052 0 0 0
B@CP 1259 -0.201613036 0.343114118 -0.0691125584 0 0 0
B@CP 1262 -0.170104438 -0.338862869 0.266624048 0 0 0
B@CP 1263 0.172558641 0.28742422 0.21533324 0 0 0
B@CP 1264 0.0996886392 0.255491823 -0.0909884804 0 0 0
B@CP 1268 0.0216704243 0.28361937 0.231924316 0 0 0
B@CP 1274 0.350453835 0.300169315 0.0488774981 0 0 0
B@CP 1275 -0.198055293 0.160108187 -0.357989956 0 0 0
B@CP 1280 0.225689601 -0.1566047 0.396436187 0 0 0
B@CP 1281 0.0429114153 0.23480568 -0.310396074 0 0 0
B@CP 1284 -0.19188247 0.354921412 -0.148340891 0 0 0
B@CP 1285 -0.238450817 0.216288749 0.0662093168 0 0 0
B@CP 1291 0.0774450501 -0.0414414458 -0.162228539 0 0 0
B@CP 1293 0.430347549 0.088730251 0.13114976 0 0 0
B@CP 1299 -0.134055649 0.322815241 0.0260805265 0 0 0
B@CP 1302 -0.347410513 0.0644558402 0.211310507 0 0 0
B@CP 1305 -0.315787096 -0.111405233 -0.0519561238 0 0 0
B@CP 1306 -0.221935483 -0.208600184 -0.235612364 0 0 0
B@CP 1312 0.348701452 0.123456806 -0.00802005246 0 0 0
B@CP 1318 -0.0581085903 0.42095124 -0.116757357 0 0 0
B@CP 1320 -0.167011529 -0.076098055 -0.0195891858 0 0 0
B@CP 1323 -0.0325602187 -0.0184953082 0.199412401 0 0 0
B@CP 1324 -0.104758192 0.217556949 0.383769141 0 0 0
B@CP 1326 0.140513544 0.385023428 -0.167192637 0 0 0
B@CP 1330 -0.41660976 -0.0484031328 0.0376446943 0 0 0
B@CP 1332 0.0642756331 -0.240783799 0.291017472 0 0 0
B@CP 1335 -0.356273709 -0.289569105 -0.00917516297 0 0 0
B@CP 1342 -0.0395101717 -0.0339065365 0.0175649953 0 0 0
B@CP 1343 -0.0913636485 0.126941435 -0.413072583 0 0 0
B@CP 1345 0.214531353 0.390662447 -0.104862371 0 0 0
B@CP 1348 0.329468137 -0.0539212055 0.256307619 0 0 0
B@CP 1354 0.228214773 -0.0245682147 -0.210631129 0 0 0
B@CP 1356 0.0621516256 -0.198932278 0.255048761 0 0 0
B@CP 1362 -0.242514796 -0.365942478 0.153971241 0 0 0
B@CP 1363 -0.279031091 -0.101479825 -0.254549226 0 0 0
B@CP 1365 -0.244575521 0.139437914 0.176184592 0 0 0
B@CP 1367 0.0552261357 -0.219986305 -0.074204422 0 0 0
B@CP 1370 -0.138732928 0.275762344 -0.0163855216 0 0 0
B@CP 1371 0.011904064 0.373122718 -0.10480281 0 0 0
B@CP 1372 0.22630201 -0.254597846 -0.0775665899 0 0 0
B@CP 1373 -0.0812560321 -0.230434545 -0.319669637 0 0 0
B@CP 1375 -0.287285705 0.124184056 0.169107433 0 0 0
B@CP 1379 -0.21383494 -0.0786416929 -0.197530855 0 0 0
B@CP 1385 -0.0336391716 -0.173453303 0.0283270863 0 0 0
B@CP 1387 0.178329436 0.401944787 0.173110077 0 0 0
B@CP 1390 0.212121424 0.120024429 0.382318746 0 0 0
B@CP 1391 -0.246417361 0.0472215978 -0.337197279 0 0 0
B@CP 1393 -0.16328318 -0.288928825 0.0640586625 0 0 0
B@CP 1398 0.218199573 0.116087551 -0.226328324 0 0 0
B@CP 1406 0.0451416975 0.0883001864 0.393065011 0 0 0
B@CP 1408 -0.363956756 0.104895436 -0.270138212 0 0 0
B@CP 1410 0.10182766 -0.102744924 -0.1185744 0 0 0
B@CP 1416 -0.0751272154 -0.15919056 0.329532121 0 0 0
B@CP 1417 -0.189204638 -0.15431793 0.12692519 0 0 0
B@CP 1422 -0.15081539 -0.354116236 -0.132995805 0 0 0
B@CP 1423 0.311360577 -0.141929036 0.0278163435 0 0 0
B@CP 1424 -0.299247923 -0.0439403498 0.0675523352 0 0 0
B@CP 1428 0.247311316 0.266864989 -0.0582323878 0 0 0
B@CP 1429 -0.028280124 -0.316195335 0.201607705 0 0 0
B@CP 1433 0.24872557 0.0546577005 -0.0647951839 0 0 0
B@CP 1434 -0.0576346521 0.0704979859 0.278002325 0 0 0
B@CP 1436 -0.200639884 0.0484955144 -0.192853595 0 0 0
B@CP 1438 0.234585816 -0.127839865 0.209089536 0 0 0
B@CP 1439 0.058042424 0.116061141 0.151181042 0 0 0
B@CP 1446 0.208587467 -0.285832812 0.202269409 0 0 0
B@CP 1448 -0.104101183 -0.42187221 0.114860284 0 0 0
B@CP 1452 0.246030779 0.35159816 -0.0238395453 0 0 0
B@CP 1453 0.048659651 -0.0319169838 -0.0426480659 0 0 0
B@CP 1454 0.129959957 -0.103629045 -0.435667553 0 0 0
B@CP 1465 -0.0939939991 -0.1480771 0.382775935 0 0 0
B@CP 1466 -0.147528719 0.207127556 0.0526084502 0 0 0
B@CP 1470 0.237103266 -0.207779956 -0.0769234114 0 0 0
B@CP 1471 0.358085352 -0.129421592 0.116566595 0 0 0
B@CP 1478 -0.112253657 -0.0534912935 -0.297253661 0 0 0
B@CP 1481 -0.0486708375 0.137869579 -0.0642525789 0 0 0
B@CP 1482 0.132666421 0.120174299 -0.259398408 0 0 0
B@CP 1483 -0.266432011 -0.167381487 -0.229059968 0 0 0
B@CP 1486 0.187906581 -0.1689293 0.317416726 0 0 0
B@CP 1489 -0.144403154 -0.32000799 -0.228565621 0 0 0
B@CP 1490 0.209237848 0.0692652871 0.118784613 0 0 0
B@CP 1491 -0.180275852 0.102248938 -0.300379663 0 0 0
B@CP 1492 0.344881518 0.057451592 -0.109055887 0 0 0
B@CP 1495 0.130930543 -0.0409022954 -0.24448815 0 0 0
B@CP 1500 0.252781042 -0.241492163 0.169487244 0 0 0
B@CP 1504 0.163804031 -0.230986219 -0.0642145371 0 0 0
B@CP 1505 0.183422084 -0.0267218625 -0.0198110005 0 0 0
B@CP 1509 -0.113848805 -0.062919408 -0.228905884 0 0 0
B@CP 1515 0.054570698 -0.0347514908 0.341611578 0 0 0
B@CP 1519 -0.0806337587 0.185578475 0.0735288669 0 0 0
B@CP 1523 -0.0877464766 -0.0416347083 0.372885368 0 0 0
B@CP 1524 0.308887419 -0.0228021537 -0.251038207 0 0 0
B@CP 1526 0.246498026 0.388025804 -0.0257812061 0 0 0
B@CP 1527 0.284463637 0.0882673263 -0.115506229 0 0 0
B@CP 1530 -0.108637447 0.197470772 0.220185682 0 0 0
B@CP 1534 0.131218616 0.442342026 -0.0104479136 0 0 0
B@CP 1536 -0.110946232 0.307044754 0.233412833 0 0 0
B@CP 1551 -0.114083689 0.284668015 -0.0481224966 0 0 0
B@CP 1552 -0.281715498 -0.0419754199 0.0330450018 0 0 0
B@CP 1555 0.00588052559 0.100148764 0.263641855 0 0 0
B@CP 1561 0.37881967 0.0426708127 0.23973348 0 0 0
B@CP 1567 0.119572346 0.399004739 0.19520227 0 0 0
B@CP 1569 0.0718414303 -0.021159236 -0.0368072299 0 0 0
B@CP 1572 -0.00340452858 0.0230969383 0.0306042951 0 0 0
B@CP 1573 -0.310012799 0.166629487 0.177478318 0 0 0
B@CP 1576 -0.299306048 0.0230759813 -0.303367549 0 0 0
B@CP 1580 -0.0886409699 0.322409651 -0.00864769812 0 0 0
B@CP 1583 0.273175978 0.0095208057 0.372742473 0 0 0
B@CP 1584 0.184986602 0.125033008 -0.0822105233 0 0 0
B@CP 1586 0.178099198 -0.0508446039 -0.220925397 0 0 0
B@CP 1588 -0.295574768 0.248789913 0.114066101 0 0 0
B@CP 1589 0.0195123271 0.212731636 0.269790801 0 0 0
B@CP 1596 -0.0188881878 0.393719702 0.0454351838 0 0 0
B@CP 1600 0.253800551 -0.189326939 -0.282575321 0 0 0
B@CP 1606 -0.0511928808 0.318443865 0.045502516 0 0 0
B@CP 1609 0.304932977 -0.13967067 -0.0430556787 0 0 0
B@CP 1611 -0.437552753 0.0992071694 0.0511728699 0 0 0
B@CP 1613 -0.103487714 -0.0650006103 0.454220265 0 0 0
B@CP 1625 0.0749434673 -0.0850500477 -0.429948831 0 0 0
B@CP 1630 0.195164821 0.00686383409 0.175141216 0 0 0
B@CP 1637 -0.380993035 -0.175936394 0.156528662 0 0 0
B@CP 1638 0.0974456245 0.172187342 0.195113157 0 0 0
B@CP 1642 0.021670944 -0.110148448 0.18386594 0 0 0
B@CP 1645 -0.13790926 -0.35641636 -0.077491543 0 0 0
B@CP 1649 -0.319465835 0.17900144 -0.22702803 0 0 0
B@CP 1655 -0.0231083352 -0.325790424 0.186149423 0 0 0
B@CP 1656 -0.104434165 -0.0483762815 -0.010559655 0 0 0
B@CP 1673 0.0794138515 0.0303766936 -0.248834238 0 0 0
B@CP 1678 0.199901415 0.0732909296 0.0902588189 0 0 0
B@CP 1679 0.0668246862 -0.24606304 -0.326675534 0 0 0
B@CP 1681 -0.248070953 -0.0837423402 -0.369998864 0 0 0
B@CP 1686 0.0288289629 -0.270087034 0.20649824 0 0 0
B@CP 1690 0.0992495079 0.0526746212 -0.213713073 0 0 0
B@CP 1694 0.207236647 0.362342079 -0.154807618 0 0 0
B@CP 1696 -0.421388488 -0.0656205817 0.0838102345 0 0 0
B@CP 1697 0.230348756 0.214196034 0.085008552 0 0 0
B@CP 1701 0.13001178 -0.0276902083 -0.127392864 0 0 0
B@CP 1703 0.0810768552 0.150390265 0.0630894099 0 0 0
B@CP 1710 0.231665511 0.321535089 0.19265564 0 0 0
B@CP 1719 0.199543894 -0.308749079 0.269503347 0 0 0
B@CP 1722 -0.256442189 -0.20823975 0.168097266 0 0 0
B@CP 1727 -0.35817949 -0.138762787 -0.141350844 0 0 0
B@CP 1733 -0.255798187 0.07547949 -0.372673926 0 0 0
B@CP 1735 -0.190180375 0.267968207 -0.251576779 0 0 0
B@CP 1736 0.120316154 0.0821757588 0.37703992 0 0 0
B@CP 1739 0.070137373 -0.194487656 0.110777932 0 0 0
B@CP 1740 -0.029043031 -0.0656671144 -0.106241169 0 0 0
B@CP 1743 -0.0910514438 0.272680375 0.0382968071 0 0 0
B@CP 1745 -0.132166343 -0.119391687 0.219863799 0 0 0
B@CP 1746 0.0984484746 -0.129740399 0.267950627 0 0 0
B@CP 1747 0.307103236 0.133962538 -0.0789440984 0 0 0
B@CP 1748 0.255449557 -0.158519511 0.117399657 0 0 0
B@CP 1751 -0.0305584963 0.161981237 0.25862251 0 0 0
B@CP 1752 -0.24783581 -0.0526497406 0.152076544 0 0 0
B@CP 1755 0.236641415 0.214404214 -0.105616988 0 0 0
B@CP 1763 0.247411112 -0.165421306 0.299701536 0 0 0
B@CP 1774 0.281006857 0.169229832 0.300746898 0 0 0
B@CP 1777 0.075583792 0.209055564 -0.245446908 0 0 0
B@CP 1781 0.295388097 -0.149687834 0.329906135 0 0 0
B@CP 1789 0.331351855 0.0843110069 0.324042031 0 0 0
B@CP 1790 0.201704225 -0.00708164533 -0.323841538 0 0 0
B@CP 1793 0.244679351 -0.0649437079 -0.298128234 0 0 0
B@CP 1800 0.257461375 -0.0696581191 0.345628795 0 0 0
B@CP 1802 -0.0854522537 -0.330111096 0.137166167 0 0 0
B@CP 1803 0.124630913 0.184024328 -0.066091541 0 0 0
B@CP 1804 -0.238652614 0.167868361 0.168567791 0 0 0
B@CP 1807 -0.0323776463 -0.342064803 -0.172723558 0 0 0
B@CP 1814 -0.366049635 -0.257384075 -0.028412081 0 0 0
B@CP 1815 0.00948595506 0.220424781 0.204706116 0 0 0
B@CP 1817 -0.294121479 -0.15287851 -0.292582264 0 0 0
B@CP 1819 -0.092758515 -0.180287589 0.412840631 0 0 0
B@CP 1822 -0.182186783 0.144115197 -0.00118944672 0 0 0
B@CP 1823 -0.203700211 -0.00434850941 0.377038415 0 0 0
B@CP 1826 -0.147737699 0.364619896 -0.0699030098 0 0 0
B@CP 1828 -0.107761944 -0.00686809552 0.148406929 0 0 0
B@CP 1835 0.267996973 -0.129090065 0.0528060385 0 0 0
B@CP 1836 -0.356496947 0.137383667 -0.167881506 0 0 0
B@CP 1838 -0.299822686 0.189731294 -0.0488020576 0 0 0
B@CP 1840 0.0187566518 0.338544879 0.275148603 0 0 0
B@CP 1842 0.257504609 -0.226765947 0.0343071634 0 0 0
B@CP 1844 -0.428565758 -0.0237046065 0.0265770142 0 0 0
B@CP 1847 -0.185136927 0.31455994 0.226097673 0 0 0
B@CP 1848 0.0111533149 -0.233532888 0.0782675417 0 0 0
B@CP 1851 0.373448991 0.0940306664 0.0242517304 0 0 0
B@CP 1852 0.0365656222 0.325288275 -0.311973073 0 0 0
B@CP 1855 -0.1866931 -0.165545209 0.120817495 0 0 0
B@CP 1856 0.206004427 0.0783576369 -0.404387081 0 0 0
B@CP 1858 -0.202223515 -0.029298116 0.128914622 0 0 0
B@CP 1861 0.260917568 0.0536576991 0.128492969 0 0 0
B@CP 1862 -0.305165429 0.0939912211 0.171939752 0 0 0
B@CP 1866 -0.442960879 -0.0228892066 0.0125640213 0 0 0
B@CP 1870 0.253119858 0.387360546 -0.0612929802 0 0 0
B@CP 1872 -0.142447876 0.427648246 0.0193420786 0 0 0
B@CP 1873 -0.086838412 -0.117777505 0.340039042 0 0 0
B@CP 1877 0.207778032 -0.202676455 -0.332058845 0 0 0
B@CP 1879 -0.193830196 -0.283220674 -0.192851869 0 0 0
B@CP 1880 -0.0189430491 0.36963445 0.0936451375 0 0 0
B@CP 1881 0.0557566366 0.141498085 0.409087112 0 0 0
B@CP 1883 0.193590803 -0.101567072 -0.0994990827 0 0 0
B@CP 1887 0.365766889 -0.266054703 -0.0436677846 0 0 0
B@CP 1890 -0.0114805288 -0.133948172 -0.163937181 0 0 0
B@CP 1891 0.0834022066 -0.332193668 -0.00403391522 0 0 0
B@CP 1892 -0.0495150567 0.118052264 0.202176883 0 0 0
B@CP 1893 0.117863782 0.0102841982 0.325669589 0 0 0
B@CP 1899 0.126783758 -0.334429444 -0.09140924 0 0 0
B@CP 1901 -0.219543111 0.150116388 0.35814221 0 0 0
B@CP 1903 0.0926948559 -0.00925808087 0.3474374 0 0 0
B@CP 1906 0.14146157 -0.192039705 0.386268237 0 0 0
B@CP 1909 -0.245762071 0.304462513 0.0215697586 0 0 0
B@CP 1910 -0.1947016 0.323068185 -0.261049937 0 0 0
B@CP 1911 0.174404421 -0.0502151323 0.124187706 0 0 0
B@CP 1915 -0.310879436 0.112987579 -0.100123643 0 0 0
B@CP 1917 -0.39073235 0.00729457411 0.121415117 0 0 0
B@CP 1920 -0.209708349 -0.00061686131 -0.163195812 0 0 0
B@CP 1921 0.00887839999 -0.366493972 -0.138620629 0 0 0
B@CP 1922 0.236539626 0.18242537 0.208230252 0 0 0
B@CP 1925 -0.178116766 -0.294555707 0.10652186 0 0 0
B@CP 1935 0.0119809369 0.193648816 0.148720384 0 0 0
B@CP 1937 -0.376352772 0.10465217 -0.00426899154 0 0 0
B@CP 1939 -0.303601273 0.169550872 -0.142557406 0 0 0
B@CP 1950 0.275695729 -0.0122624474 0.302959601 0 0 0
B@CP 1955 -0.350201742 0.263820116 0.143424341 0 0 0
B@CP 1958 0.0421593013 -0.07313535 0.0505568641 0 0 0
B@CP 1967 -0.285147494 0.0759825589 0.0090052566 0 0 0
B@CP 1970 0.187281576 -0.277963995 0.0254131541 0 0 0
B@CP 1974 0.121512544 -0.259422894 -0.171579634 0 0 0
B@CP 1980 0.069556457 0.0153257302 -0.0435441473 0 0 0
B@CP 1993 0.116071812 -0.171768155 -0.0375320264 0 0 0
B@CP 1994 0.384933851 0.111725209 0.125942561 0 0 0
B@CP 1996 -0.0308927818 0.172688444 -0.361247505 0 0 0
B@CP 1999 -0.067737398 0.214778468 -0.0403922378 0 0 0
B@CP 2002 -0.202580617 0.129964259 -0.225124147 0 0 0
B@CP 2005 0.0831949628 0.0595410513 -0.349851424 0 0 0
B@CP 2013 0.338793995 -0.187761865 0.226524696 0 0 0
B@CP 2019 -0.0490136039 0.252551467 -0.275451259 0 0 0
B@CP 2021 -0.390232321 0.186516386 0.183523048 0 0 0
B@CP 2022 0.151226575 0.198394227 -0.394269167 0 0 0
B@CP 2024 0.404769907 0.139747467 0.0120981265 0 0 0
B@CP 2025 0.313451859 0.0371908915 -0.134330291 0 0 0
B@CP 2026 0.343388377 0.0120830817 0.145940766 0 0 0
B@CP 2028 -0.328676665 0.029996258 0.0791587893 0 0 0
B@CP 2029 -0.272387651 -0.121257726 -0.208331123 0 0 0
B@CP 2032 0.315456941 0.181410405 0.0496672458 0 0 0
B@CP 2033 -0.38939764 -0.014159907 -0.21998595 0 0 0
B@CP 2034 -0.112287746 -0.124618461 -0.159929183 0 0 0
B@CP 2036 -0.180728349 0.37575591 0.237901595 0 0 0
B@CP 2037 -0.193069986 0.38077774 0.0272316721 0 0 0
B@CP 2040 -0.21911163 -0.329441961 0.0164165273 0 0 0
B@CP 2042 0.0255102078 -0.198888337 -0.36512499 0 0 0
B@CP 2043 -0.0622214439 0.169495541 0.104175455 0 0 0
B@CP 2048 -0.0701662821 0.0708083692 0.210318303 0 0 0
B@CP 2050 -0.114554096 -0.129185003 0.38441087 0 0 0
B@CP 2053 -0.225491363 -0.112161858 0.407307206 0 0 0
B@CP 2057 0.228786395 -0.109721066 0.320378338 0 0 0
B@CP 2059 0.2245235 -0.145759254 0.403345832 0 0 0
B@CP 2060 -0.0552755228 -0.250603917 -0.147304781 0 0 0
B@CP 2068 0.252243199 0.266212115 -0.187397723 0 0 0
B@CP 2076 -0.188192714 0.188376662 0.269462638 0 0 0
B@CP 2077 -0.211863853 -0.0147867758 -0.37660916 0 0 0
B@CP 2078 0.000153680492 -0.249033271 -0.0347064513 0 0 0
B@CP 2079 -0.0959090977 -0.23979723 -0.209575611 0 0 0
B@CP 2081 0.106344543 -0.240080935 -0.313272282 0 0 0
B@CP 2082 0.0567540881 0.353077493 -0.210169903 0 0 0
B@CP 2083 -0.0141321364 -0.399397435 -0.247326624 0 0 0
B@CP 2086 0.19559651 0.135384293 -0.381321899 0 0 0
B@CP 2087 0.322415189 0.0719202658 -0.0554289928 0 0 0
B@CP 2091 0.0542832281 -0.467379273 0.0315334409 0 0 0
B@CP 2095 -0.100249199 0.405778263 -0.0626302804 0 0 0
B@CP 2103 0.159088947 -0.00943602241 -0.363328945 0 0 0
B@CP 2105 -0.0951598698 0.177806379 0.401337556 0 0 0
B@CP 2109 0.0681191745 -0.390568003 -0.24450263 0 0 0
B@CP 2110 0.0954648542 0.369702235 0.0728954478 0 0 0
B@CP 2111 0.293552858 -0.0191558858 0.10787563 0 0 0
B@CP 2113 -0.0105693218 -0.341920967 0.249265825 0 0 0
B@CP 2114 -0.107366972 0.0752554219 -0.439606354 0 0 0
B@CP 2115 0.187210447 -0.0271668975 0.185203385 0 0 0
B@CP 2117 0.176770331 -0.0825500378 0.364989262 0 0 0
B@CP 2118 -0.197735106 -0.339390458 0.222575742 0 0 0
B@CP 2119 0.0436656539 -0.114671269 0.324176831 0 0 0
B@CP 2125 0.0576702753 -0.0805423564 -0.10047249 0 0 0
B@CP 2127 0.0705768969 0.069726965 -0.00819667492 0 0 0
B@CP 2130 0.0672156369 -0.0679714054 0.348719386 0 0 0
B@CP 2131 -0.127948346 0.186824109 0.00328990835 0 0 0
B@CP 2133 0.14193432 -0.0845841184 -0.0139989795 0 0 0
B@CP 2134 -0.40159266 0.205848234 -0.0352585757 0 0 0
B@CP 2136 -0.0624621116 -0.104540005 -0.390363647 0 0 0
B@CP 2141 -0.332053239 0.229798958 -0.105030981 0 0 0
B@CP 2144 -0.166322198 0.285720107 -0.124422963 0 0 0
B@CP 2145 0.312297149 0.229102296 0.257975157 0 0 0
B@CP 2149 0.3201771 -0.176743004 -0.0888948967 0 0 0
B@CP 2154 0.117753963 0.310845307 0.229173972 0 0 0
B@CP 2161 0.248290264 0.299181687 -0.249650604 0 0 0
B@CP 2164 0.0285012627 0.271030373 -0.378332562 0 0 0
B@CP 2166 0.0532520807 -0.292106026 -0.311799396 0 0 0
B@CP 2168 0.233531003 0.0701944735 0.304161005 0 0 0
B@CP 2169 0.0186580386 0.309708179 0.219913504 0 0 0
B@CP 2175 -0.0319434512 0.197360003 0.134918062 0 0 0
B@CP 2177 -0.0285325833 0.0617825201 -0.242043898 0 0 0
B@CP 2182 -0.0706180834 0.0285230326 -0.219967137 0 0 0
B@CP 2186 -0.0947028345 0.358125763 -0.287994174 0 0 0
B@CP 2188 -0.109176498 0.390040278 0.145739074 0 0 0
B@CP 2203 -0.386794523 0.0792662807 0.0249346591 0 0 0
B@CP 2205 -0.0439173134 -0.28617491 0.158674954 0 0 0
B@CP 2207 0.195386275 0.12346654 0.141043668 0 0 0
B@CP 2208 -0.0768789695 0.0580275605 -0.0792655673 0 0 0
B@CP 2213 0.345975015 -0.162471815 0.160992329 0 0 0
B@CP 2215 0.211363264 -0.100936286 -0.16563247 0 0 0
B@CP 2217 0.245144353 -0.0932595204 0.159422514 0 0 0
B@CP 2220 -0.0150229466 0.180870585 -0.164828529 0 0 0
B@CP 2221 -0.00758842055 -0.267914534 -0.135504261 0 0 0
B@CP 2222 0.244520416 -0.0645294664 0.247203422 0 0 0
B@CP 2225 -0.132045716 -0.441861117 -0.0203887744 0 0 0
B@CP 2226 0.0501519185 -0.158689344 0.164617264 0 0 0
B@CP 2228 -0.110357953 -0.243078066 0.35427052 0 0 0
B@CP 2230 0.157801342 0.0242968598 0.130213186 0 0 0
B@CP 2233 0.0230588527 0.126920183 0.0980676265 0 0 0
B@CP 2234 -0.0481050395 -0.0153663929 0.252311217 0 0 0
B@CP 2248 0.317050683 -0.0520665656 0.235184153 0 0 0
B@CP 2250 0.0555146828 -0.127090001 -0.405296226 0 0 0
B@CP 2251 -0.254149314 -0.0848951686 0.338117776 0 0 0
B@CP 2252 -0.339899896 0.0863993414 -0.214944834 0 0 0
B@CP 2254 -0.123350854 -0.268840485 0.03451453 0 0 0
B@CP 2255 0.170976724 0.20247723 0.358354476 0 0 0
B@CP 2256 0.255133185 -0.0047088957 0.348605481 0 0 0
B@CP 2263 -0.272005453 -0.164889663 -0.035482614 0 0 0
B@CP 2267 -0.163394668 -0.175281901 0.0277425224 0 0 0
B@CP 2271 -0.143506007 0.11821735 0.390286783 0 0 0
B@CP 2272 -0.253411294 -0.239976246 -0.0616431781 0 0 0
B@CP 2273 0.201922043 0.231662863 0.336760189 0 0 0
B@CP 2275 -0.0336071298 0.216108315 -0.250217701 0 0 0
B@CP 2279 0.134028723 0.151387136 0.239897351 0 0 0
B@CP 2282 0.249425669 0.16931315 0.148045546 0 0 0
B@CP 2284 0.240485851 -0.042932901 0.195231706 0 0 0
B@CP 2285 0.212341215 0.0266515789 -0.14554685 0 0 0
B@CP 2293 -0.233445944 -0.21961717 -0.02564662 0 0 0
B@CP 2299 0.0525153474 -0.0042879946 0.321358639 0 0 0
B@CP 2300 -0.0226531449 -0.198219959 0.244861676 0 0 0
B@CP 2301 0.0592774572 -0.352218036 0.291181718 0 0 0
B@CP 2303 0.0758016479 0.215987716 0.154831237 0 0 0
B@CP 2305 -0.0601219727 -0.191458006 0.166060832 0 0 0
B@CP 2309 -0.298599679 -0.0424720784 -0.316482037 0 0 0
B@CP 2313 0.0289854142 -0.382651263 0.0145401713 0 0 0
B@CP 2315 0.308837397 0.0282406753 0.197902963 0 0 0
B@CP 2320 0.167796448 -0.0300080573 0.0386797042 0 0 0
B@CP 2325 0.00181536289 -0.057070734 -0.0468298947 0 0 0
B@CP 2329 -0.0412243884 -0.0223324645 0.0160053199 0 0 0
B@CP 2331 0.0742347433 -0.349966504 -0.0359232626 0 0 0
B@CP 2332 0.164021075 0.24388546 -0.31205113 0 0 0
B@CP 2333 -0.172994499 0.1571906 -0.385195205 0 0 0
B@CP 2335 -0.195019937 0.0530022639 -0.395322555 0 0 0
B@CP 2336 -0.0215583046 -0.312880947 0.241204044 0 0 0
B@CP 2340 0.238586313 -0.152047683 -0.177424131 0 0 0
B@CP 2343 0.0791235482 -0.149230992 0.331801921 0 0 0
B@CP 2346 0.0691804014 0.00498939538 -0.325258409 0 0 0
B@CP 2348 0.161344916 -0.276336119 -0.181520834 0 0 0
B@CP 2350 -0.0251554986 0.0272390018 -0.456200618 0 0 0
B@CP 2351 -0.133181877 -0.0584278065 0.43241057 0 0 0
B@CP 2356 -0.136925133 -0.12280755 -0.396758875 0 0 0
B@CP 2357 -0.198145095 0.127697069 0.0165713661 0 0 0
B@CP 2359 -0.05129004 -0.21056188 -0.0871790043 0 0 0
B@CP 2363 -0.382507059 -0.0411317091 -0.0876070752 0 0 0
B@CP 2365 0.252293137 -0.337779027 -0.120691815 0 0 0
B@CP 2368 0.0743354133 -0.261541141 -0.0896894005 0 0 0
B@CP 2369 -0.0797873199 -0.192172241 0.0139612494 0 0 0
B@CP 2370 -0.19104812 0.224076711 -0.227395358 0 0 0
B@CP 2372 -0.00653774929 0.256244371 0.356687322 0 0 0
B@CP 2373 -0.251144264 0.0991492038 0.394819409 0 0 0
B@CP 2376 -0.320407644 -0.0941575313 0.0213517824 0 0 0
B@CP 2381 -0.138674517 -0.23288421 -0.0910426459 0 0 0
B@CP 2382 -0.0626638878 -0.0596881135 0.204594673 0 0 0
B@CP 2383 0.340147426 0.0739344579 -0.195678281 0 0 0
B@CP 2386 0.208211294 0.140651032 0.379408457 0 0 0
B@CP 2388 0.272667747 -0.303819355 0.083355227 0 0 0
B@CP 2392 0.358699841 0.171566048 -0.0613184963 0 0 0
B@CP 2395 0.298632966 0.0683558683 0.176350037 0 0 0
B@CP 2397 0.191150913 -0.0279922031 0.193196917 0 0 0
B@CP 2400 0.0778403378 -0.0223432554 -0.150265057 0 0 0
B@CP 2402 -0.0213375382 -0.113284275 -0.391755819 0 0 0
B@CP 2405 0.270464888 -0.0612660762 0.32810517 0 0 0
B@CP 2411 -0.215673682 -0.295200456 0.261670513 0 0 0
B@CP 2413 0.0599717893 -0.267035436 -0.155729632 0 0 0
B@CP 2416 0.330348727 0.331652736 -0.00399641829 0 0 0
B@CP 2421 0.235129563 -0.117196138 0.348738864 0 0 0
B@CP 2437 0.314471923 -0.170461477 0.286681049 0 0 0
B@CP 2441 0.181226794 0.150120644 -0.219691993 0 0 0
B@CP 2456 -0.165648901 0.414268487 -0.021311104 0 0 0
B@CP 2457 -0.150524713 -0.247588465 -0.319827345 0 0 0
B@CP 2459 -0.141404291 0.316297804 0.0324425986 0 0 0
B@CP 2460 0.305270809 0.119667328 0.0907186265 0 0 0
B@CP 2461 0.363006001 0.182113525 0.149275123 0 0 0
B@CP 2462 0.10129412 -0.0195647848 -0.386538558 0 0 0
B@CP 2467 0.188910045 0.272548888 -0.185973331 0 0 0
B@CP 2471 0.0145857836 0.111576968 -0.0104399212 0 0 0
B@CP 2475 0.261541233 0.272828982 -0.0932776043 0 0 0
B@CP 2477 -0.271639448 -0.299605257 0.175891886 0 0 0
B@CP 2481 0.311891281 -0.136553764 -0.25787409 0 0 0
B@CP 2487 -0.198792714 0.196364892 0.150872827 0 0 0
B@CP 2492 0.282860769 -0.015641633 -0.227478862 0 0 0
C@CP 2500 -0.0411754561 -0.345472184 0.210425494 0 0 0
C@CP 2501 -0.19227561 0.148776062 -0.356426829 0 0 0
C@CP 2502 -0.0825300827 0.0363171127 -0.0555692932 0 0 0
C@CP 2503 -0.261734085 0.345336914 -0.13079456 0 0 0
C@CP 2504 -0.275517121 -0.0130969569 0.0908153782 0 0 0
C@CP 2505 0.303157424 0.13406113 0.12211596 0 0 0
C@CP 2506 0.280859757 0.343192108 -0.131722726 0 0 0
C@CP 2507 0.0816071626 -0.394021149 0.187971242 0 0 0
C@CP 2508 -0.0881410979 -0.0122236837 0.386636195 0 0 0
C@CP 2509 -0.0871916568 -0.246493056 -0.366672126 0 0 0
C@CP 2510 -0.421207329 -0.044352331 0.162132252 0 0 0
C@CP 2511 0.0799060417 -0.138490269 0.105986576 0 0 0
C@CP 2512 0.182140386 -0.0188479093 -0.325557794 0 0 0
C@CP 2513 0.0611343631 0.218182453 0.300658278 0 0 0
C@CP 2514 -0.226934809 0.196056807 0.223906494 0 0 0
C@CP 2515 0.301126045 -0.12491698 -0.0661284123 0 0 0
C@CP 2516 -0.179783598 -0.0686033747 -0.0737686276 0 0 0
C@CP 2517 0.246682768 0.107875685 0.317939408 0 0 0
C@CP 2518 -0.356811277 0.241376448 -0.146358149 0 0 0
C@CP 2519 -0.084844908 -0.309963567 -0.0696966187 0 0 0
C@CP 2520 0.399342634 -0.067484833 0.015224334 0 0 0
C@CP 2521 -0.251878557 0.220545038 0.125942965 0 0 0
C@CP 2522 0.0482125544 0.395376606 0.172632574 0 0 0
C@CP 2523 -0.369846378 -0.209688198 0.0465161279 0 0 0
C@CP 2524 -0.216212973 0.00396169223 -0.0679378243 0 0 0
C@CP 2525 0.0585549371 0.00433654191 0.0615689209 0 0 0
C@CP 2526 0.0206153451 -0.223227528 -0.0303847049 0 0 0
C@CP 2527 0.229830695 -0.298160682 0.00341590059 0 0 0
C@CP 2528 -0.118456753 0.27077142 0.272271555 0 0 0
C@CP 2529 -0.0970163841 0.0402164336 0.00373652783 0 0 0
C@CP 2530 -0.011534129 -0.0150347683 0.212984557 0 0 0
C@CP 2531 -0.23580634 0.0277047018 -0.349076668 0 0 0
C@CP 2532 -0.00883751487 0.154782094 -0.410903357 0 0 0
C@CP 2533 0.0957190221 0.00831927285 0.0304252584 0 0 0
C@CP 2534 0.0863515753 -0.361000536 0.15114009 0 0 0
C@CP 2535 -0.0773991399 0.262150447 0.0897301988 0 0 0
C@CP 2536 0.355718545 -0.0809640699 0.0429886393 0 0 0
C@CP 2537 -0.0332842001 -0.0957021662 9.43935917e-05 0 0 0
C@CP 2538 -0.134510961 -0.128093741 -0.365123146 0 0 0
C@CP 2539 -0.100005137 -0.402774864 0.103123984 0 0 0
C@CP 2540 -0.296714958 -0.120707427 -0.0651455562 0 0 0
C@CP 2541 -0.22139617 -0.00821933824 0.157761593 0 0 0
C@CP 2542 0.245333579 0.285792825 -0.059293016 0 0 0
C@CP 2543 0.032203899 -0.414681229 -0.200581502 0 0 0
C@CP 2544 0.0275013629 -0.0901046392 -0.0288227131 0 0 0
C@CP 2545 -0.221721346 0.358620894 0.00725986278 0 0 0
C@CP 2546 0.216191393 -0.148905794 -0.00192643022 0 0 0
C@CP 2547 -0.1589075 -0.219069989 0.201262729 0 0 0
C@CP 2548 -0.13503949 0.0374039157 -0.0223225382 0 0 0
C@CP 2549 0.218663011 0.170060507 -0.359507359 0 0 0
C@CP 2550 0.085895937 0.177621123 0.198541031 0 0 0
C@CP 2551 0.00351347664 -0.137567037 -0.365882744 0 0 0
C@CP 2552 0.169602584 0.0446745757 0.138611336 0 0 0
C@CP 2553 -0.121672685 0.206211481 -0.326008899 0 0 0
C@CP 2554 0.406132331 -0.0584256984 -0.122324399 0 0 0
C@CP 2555 0.119187118 0.0740409427 -0.238995447 0 0 0
C@CP 2556 -0.0631514589 0.115809241 0.0818163771 0 0 0
C@CP 2557 -0.0919235231 -0.368545297 -0.158678166 0 0 0
C@CP 2558 -0.100086269 -0.241492162 0.345072008 0 0 0
C@CP 2559 -0.220507007 0.0448260225 0.122700517 0 0 0
C@CP 2560 0.28085474 -0.0918625776 -0.0532412879 0 0 0
C@CP 2561 -0.312645336 -0.0932176724 -0.151184651 0 0 0
C@CP 2562 0.0207933078 -0.154003212 0.35648454 0 0 0
C@CP 2563 -0.240060068 0.337528841 -0.213402178 0 0 0
C@CP 2564 -0.224902008 0.00386665459 0.163134317 0 0 0
C@CP 2565 -0.126423742 0.0451233288 -0.44304172 0 0 0
C@CP 2566 -0.11770987 0.0362148484 0.39470976 0 0 0
C@CP 2567 -0.117108041 0.0263918143 0.164747151 0 0 0
C@CP 2568 0.157131494 -0.337235365 -0.227247454 0 0 0
C@CP 2569 0.233541312 0.0190493191 0.3354066 0 0 0
C@CP 2570 0.229271235 -0.0767186537 0.292600144 0 0 0
C@CP 2571 0.128203788 0.33510812 0.29451707 0 0 0
C@CP 2572 -0.0619266992 -0.0887786781 -0.347863869 0 0 0
C@CP 2573 0.318243636 0.0584442546 0.266649996 0 0 0
C@CP 2574 -0.244374567 -0.216728288 -0.0466384894 0 0 0
C@CP 2575 -0.310418561 -0.00804189672 0.340441832 0 0 0
C@CP 2576 -0.190206417 -0.279593843 -0.253902331 0 0 0
C@CP 2577 0.10994602 -0.358270644 0.0920768084 0 0 0
C@CP 2578 0.417995288 0.040348117 -0.0899888074 0 0 0
C@CP 2579 -0.316116592 -0.263982597 0.203378939 0 0 0
C@CP 2580 0.137891861 -0.00467461993 0.365735017 0 0 0
C@CP 2581 0.0275140854 0.374379858 -0.239014867 0 0 0
C@CP 2582 -0.187753637 -0.233291515 -0.254494461 0 0 0
C@CP 2583 0.0548212964 -0.156521533 0.238382862 0 0 0
C@CP 2584 -0.177392746 -0.306482489 -0.0189369733 0 0 0
C@CP 2585 0.172240155 0.0419880335 -0.0644077702 0 0 0
C@CP 2586 0.403998443 -0.0554622794 0.0170331307 0 0 0
C@CP 2587 0.20051484 -0.264318244 0.0676233703 0 0 0
C@CP 2588 -0.058205023 0.0800743084 -0.083042287 0 0 0
C@CP 2589 0.171681457 -0.0956466369 -0.314945492 0 0 0
C@CP 2590 0.367000801 -0.214717997 0.0103388157 0 0 0
C@CP 2591 -0.433372654 -0.0918398021 0.141831401 0 0 0
C@CP 2592 0.261388976 0.351943456 -0.0182108085 0 0 0
C@CP 2593 0.345436005 -0.00903910245 0.103158953 0 0 0
C@CP 2594 -0.0849946752 -0.0606196762 -0.24088198 0 0 0
C@CP 2595 -0.118032452 -0.229077308 -0.384890265 0 0 0
C@CP 2596 -0.245576214 -0.00444358311 -0.0198593733 0 0 0
C@CP 2597 -0.198229611 0.080090373 -0.161737196 0 0 0
C@CP 2598 0.0371508394 0.0803199672 -0.385755714 0 0 0
C@CP 2599 -0.306643832 -0.183131548 -0.272661919 0 0 0
C@CP 2600 -0.14105595 -0.266337525 0.0741762317 0 0 0
C@CP 2601 0.0278400098 0.157019654 0.00567100957 0 0 0
C@CP 2602 0.451461935 0.071207122 0.0126581622 0 0 0
C@CP 2603 -0.109454985 -0.0569732699 0.0412388072 0 0 0
C@CP 2604 0.31753368 0.202910831 0.200112769 0 0 0
C@CP 2605 0.148216386 -0.0607076681 -0.322570469 0 0 0
C@CP 2606 -0.249960974 0.249998227 -0.00159204723 0 0 0
C@CP 2607 0.0147136132 0.180187874 -0.00345273447 0 0 0
C@CP 2608 0.398892502 0.112125997 0.104519529 0 0 0
C@CP 2609 0.205080532 0.108749022 -0.374198887 0 0 0
C@CP 2610 -0.284465746 0.0806594934 -0.239111864 0 0 0
C@CP 2611 -0.0894412197 0.290635583 -0.0289341513 0 0 0
C@CP 2612 0.143317052 0.415278475 -0.0731202569 0 0 0
C@CP 2613 -0.354832302 -0.0223641881 0.159348993 0 0 0
C@CP 2614 0.107236723 0.212344806 0.347168398 0 0 0
C@CP 2615 -0.260929746 0.178666936 0.16893273 0 0 0
C@CP 2616 0.0721656042 -0.337772378 -0.260511042 0 0 0
C@CP 2617 -0.45689251 -0.0643345369 -0.0386524896 0 0 0
C@CP 2618 0.411271562 -0.170576673 0.133371533 0 0 0
C@CP 2619 0.0119942817 -0.338860226 0.155761501 0 0 0
C@CP 2620 -0.19356757 0.101373392 -0.0211342436 0 0 0
C@CP 2621 0.0393549082 -0.145865551 -0.372251031 0 0 0
C@CP 2622 -0.436220567 0.145314926 -0.048417169 0 0 0
C@CP 2623 -0.333637261 0.234282813 -0.0929628474 0 0 0
C@CP 2624 -0.445580729 0.113576093 -0.0520557373 0 0 0
C@CP 2625 -0.13794202 -0.0770131603 0.394768585 0 0 0
C@CP 2626 0.449526819 -0.0025170198 -0.00535319094 0 0 0
C@CP 2627 0.0481404309 0.177569109 0.165204788 0 0 0
C@CP 2628 0.299993351 -0.118130363 -0.15664523 0 0 0
C@CP 2629 0.398098651 0.165065978 0.18142802 0 0 0
C@CP 2630 0.450442863 -0.006591506 0.010276423 0 0 0
C@CP 2631 -0.00475220079 0.16794031 -0.407672376 0 0 0
C@CP 2632 -0.186086445 -0.111679245 -0.39117516 0 0 0
C@CP 2633 0.307479936 0.233389218 -0.030085553 0 0 0
C@CP 2634 -0.0305218965 0.0871478309 -0.143151879 0 0 0
C@CP 2635 -0.338069919 -0.124195914 -0.0215449092 0 0 0
C@CP 2636 -0.263124452 -0.0717365331 0.0425925441 0 0 0
C@CP 2637 -0.166549097 0.0577749995 -0.08622824 0 0 0
C@CP 2638 -0.285910442 -0.0914205591 -0.187443998 0 0 0
C@CP 2639 0.248863312 -0.309454458 -0.2399771 0 0 0
C@CP 2640 0.190382313 0.156123602 0.357750451 0 0 0
C@CP 2641 0.0306737798 0.069131809 0.458833025 0 0 0
C@CP 2642 -0.287926588 -0.000144909765 -0.261713507 0 0 0
C@CP 2643 0.125794958 0.281022807 0.257247139 0 0 0
C@CP 2644 -0.248049526 -0.00537789615 0.0210667576 0 0 0
C@CP 2645 -0.402684793 0.0859974043 0.126795037 0 0 0
C@CP 2646 0.131961332 -0.441264887 -0.0278080063 0 0 0
C@CP 2647 -0.119260984 0.282142775 -0.301651038 0 0 0
C@CP 2648 0.0240839707 0.255709527 -0.117898355 0 0 0
C@CP 2649 -0.251725211 -0.27043267 0.198702263 0 0 0
C@CP 2650 0.147077731 0.0893653129 -0.350860672 0 0 0
C@CP 2651 -0.164252775 -0.0730982388 -0.129379593 0 0 0
C@CP 2652 0.230943176 -0.224936014 0.103526059 0 0 0
C@CP 2653 -0.386483606 0.0497445091 0.057763206 0 0 0
C@CP 2654 0.312311091 -0.0211837458 0.0597848826 0 0 0
C@CP 2655 -0.226829456 0.0693075742 -0.121423166 0 0 0
C@CP 2656 0.15657108 0.192074447 -0.310211742 0 0 0
C@CP 2657 0.212889886 0.171730214 0.304629703 0 0 0
C@CP 2658 -0.283871015 0.266864399 -0.0509414897 0 0 0
C@CP 2659 0.444552064 -0.0234454671 -0.157041134 0 0 0
C@CP 2660 0.146923894 0.228469388 0.29488373 0 0 0
C@CP 2662 0.403036256 -0.115804339 0.129844647 0 0 0
C@CP 2663 -0.413055671 -0.0314272404 -0.177603848 0 0 0
C@CP 2664 -0.0912125764 -0.130983717 0.0381506771 0 0 0
C@CP 2665 -0.00378927593 0.151223247 -0.0534683939 0 0 0
C@CP 2666 0.0112571069 -0.0304226407 0.455174271 0 0 0
C@CP 2667 -0.340624497 0.178083547 -0.218682798 0 0 0
C@CP 2668 -0.114601835 0.263158547 -0.148147621 0 0 0
C@CP 2669 0.302088144 0.339192913 -0.0912548222 0 0 0
C@CP 2670 -0.180073288 -0.273748372 -0.203561248 0 0 0
C@CP 2671 -0.294585169 0.0241930754 -0.0541293936 0 0 0
C@CP 2672 0.239256986 0.347296077 -0.109425367 0 0 0
C@CP 2673 -0.368565694 -0.0362406482 0.00644521002 0 0 0
C@CP 2674 -0.211303422 0.11217646 -0.0127813519 0 0 0
C@CP 2675 0.341960137 0.104038421 0.284669267 0 0 0
C@CP 2676 0.235824816 0.09773988 -0.28234091 0 0 0
C@CP 2677 0.134833044 -0.137892581 0.16598553 0 0 0
C@CP 2678 0.0299149311 0.0801757602 0.154654136 0 0 0
C@CP 2679 -0.0621509039 0.220855614 0.0475560933 0 0 0
C@CP 2680 0.0125000691 0.21517057 -0.0800767433 0 0 0
C@CP 2681 0.0377365887 0.0396035346 0.100426048 0 0 0
C@CP 2682 0.25587761 -0.18395786 0.0456380479 0 0 0
C@CP 2683 0.0461823224 0.0355750199 -0.248478666 0 0 0
C@CP 2684 0.153171751 -0.148458921 -0.136929165 0 0 0
C@CP 2685 -0.155690749 -0.292505659 0.319469894 0 0 0
C@CP 2686 0.392986245 0.13519628 0.168418 0 0 0
C@CP 2687 -0.0657206328 0.0820392681 0.201952051 0 0 0
C@CP 2688 0.281874509 -0.0523303665 0.105938554 0 0 0
C@CP 2689 0.304514754 0.26702707 0.0978317825 0 0 0
C@CP 2690 0.255570585 0.0417350055 -0.311278008 0 0 0
C@CP 2691 -0.127594359 -0.149376639 0.233964816 0 0 0
C@CP 2692 0.0758174343 0.207982655 -0.3339673 0 0 0
C@CP 2693 -0.363074096 -0.120438804 -0.0352137262 0 0 0
C@CP 2694 -0.085769141 0.120875298 0.0697659476 0 0 0
C@CP 2695 -0.07866591 -0.259315004 0.299610477 0 0 0
C@CP 2696 0.0708793775 0.0642021002 0.0593004603 0 0 0
C@CP 2697 -0.0759158581 0.0833175969 -0.369821915 0 0 0
C@CP 2698 0.129885221 0.335620752 -0.10213156 0 0 0
C@CP 2699 0.428687932 0.0999807029 0.0889803555 0 0 0
C@CP 2700 0.139593496 -0.149938796 -0.133591503 0 0 0
C@CP 2701 0.265324577 -0.163432009 -0.126641912 0 0 0
C@CP 2702 -0.276101198 0.340029023 0.0467878254 0 0 0
C@CP 2703 0.0692733101 0.402807083 0.0961921259 0 0 0
C@CP 2704 0.39765659 -0.0556968825 0.0799030843 0 0 0
C@CP 2705 0.0884395948 -0.0624611177 0.149490719 0 0 0
C@CP 2706 0.243303808 0.345668461 0.0829457721 0 0 0
C@CP 2707 0.220106773 0.355879116 -0.0134640032 0 0 0
C@CP 2708 0.214700469 0.330674946 -0.110600507 0 0 0
C@CP 2709 0.0933466859 0.144441732 0.380392312 0 0 0
C@CP 2710 -0.301234505 0.225501969 0.146059065 0 0 0
C@CP 2711 0.15376771 -0.139664109 0.387183681 0 0 0
C@CP 2712 -0.113752173 -0.041599765 -0.273110647 0 0 0
C@CP 2713 0.0482934352 -0.31167322 -0.0041683218 0 0 0
C@CP 2714 -0.0111423379 -0.106035052 -0.072899759 0 0 0
C@CP 2715 -0.0632993061 -0.154682049 0.0240744364 0 0 0
C@CP 2716 0.158044237 0.0578453269 -0.327747907 0 0 0
C@CP 2717 -0.120265578 -0.176018948 0.322907156 0 0 0
C@CP 2718 -0.093490055 0.00401056619 0.238089246 0 0 0
C@CP 2719 0.153280374 0.169508989 -0.143095492 0 0 0
C@CP 2720 -0.116265947 0.441302059 -0.0155082636 0 0 0
C@CP 2721 -0.214519441 -0.288221695 -0.206792847 0 0 0
C@CP 2722 0.152860321 -0.331684241 0.112341558 0 0 0
C@CP 2723 0.0109705813 -0.353107083 0.141967342 0 0 0
C@CP 2724 -0.307802028 -0.122228176 0.262438235 0 0 0
C@CP 2725 0.357864866 -0.155016513 0.17823752 0 0 0
C@CP 2726 0.23073045 -0.0589505644 -0.122490708 0 0 0
C@CP 2727 -0.102934248 0.0404812031 -0.43343837 0 0 0
C@CP 2728 0.267398311 0.096401523 0.326622962 0 0 0
C@CP 2729 -0.168872417 0.0456912624 0.138897513 0 0 0
C@CP 2730 0.262470392 0.280501012 0.137519785 0 0 0
C@CP 2731 -0.327593533 -0.0316037055 -0.315786401 0 0 0
C@CP 2732 0.188871332 0.0821752418 -0.385704571 0 0 0
C@CP 2733 -0.0686435614 -0.0273877636 0.0383861494 0 0 0
C@CP 2734 -0.240869229 -0.121904343 -0.326413356 0 0 0
C@CP 2735 -0.0384733672 0.0228889761 0.00107970817 0 0 0
C@CP 2736 0.255540917 0.0374526326 0.186858092 0 0 0
C@CP 2737 0.356834362 0.258229745 -0.11976145 0 0 0
C@CP 2738 -0.271531233 0.242141357 -0.029444738 0 0 0
C@CP 2739 -0.184180267 0.27470373 0.156550729 0 0 0
C@CP 2740 0.289088165 0.231607607 0.135499915 0 0 0
C@CP 2741 0.416495199 0.158373287 0.0149346564 0 0 0
C@CP 2742 -0.0558629656 0.0212182695 0.30780833 0 0 0
C@CP 2743 -0.0398009323 -0.123362099 0.337301665 0 0 0
C@CP 2744 0.305829755 -0.30564833 0.183337931 0 0 0
C@CP 2745 -0.235870468 -0.186441861 0.329289155 0 0 0
C@CP 2746 0.305106353 -0.289226249 0.174066208 0 0 0
C@CP 2747 -0.0182893952 -0.381787977 0.044535138 0 0 0
C@CP 2748 -0.103901231 -0.311207453 0.0415743127 0 0 0
C@CP 2749 -0.0638542112 -0.219506427 0.33588117 0 0 0
C@CP 2750 -0.156321623 0.389950645 -0.0521402976 0 0 0
C@CP 2751 -0.01201159 0.0356607776 -0.0274837204 0 0 0
C@CP 2752 -0.262014627 0.124266233 0.0422899529 0 0 0
C@CP 2753 -0.234913141 0.274288047 0.105726628 0 0 0
C@CP 2754 0.24196011 0.0101816154 -0.242951256 0 0 0
C@CP 2755 0.0884733173 0.218101074 0.322165757 0 0 0
C@CP 2756 -0.101230834 -0.00118380332 0.218738915 0 0 0
C@CP 2757 -0.161516774 -0.392734992 -0.204601048 0 0 0
C@CP 2758 -0.4103078 0.0697170301 0.176618478 0 0 0
C@CP 2759 -0.0647755412 0.143331336 0.043538513 0 0 0
C@CP 2760 0.262235197 0.0947987294 -0.170989065 0 0 0
C@CP 2761 -0.38660297 -0.0664028598 -0.0442887094 0 0 0
C@CP 2762 0.0758422614 0.264462508 -0.0398348706 0 0 0
C@CP 2763 0.394191291 -0.092681731 -0.0340995127 0 0 0
C@CP 2764 0.274679671 -0.170161739 0.259082744 0 0 0
C@CP 2765 -0.349147733 -0.262326296 0.0239472456 0 0 0
C@CP 2766 0.230636923 0.183806266 0.152140394 0 0 0
C@CP 2767 -0.223308218 -0.0955477797 0.0654238498 0 0 0
C@CP 2768 0.113271028 -0.262246625 0.355356889 0 0 0
C@CP 2769 0.0685943466 0.0261724705 -0.395048062 0 0 0
C@CP 2770 0.237380437 0.0208375814 -0.207618287 0 0 0
C@CP 2771 -0.179544965 -0.198092821 0.167009204 0 0 0
C@CP 2772 -0.4540242 -0.0106704885 -0.118374241 0 0 0
C@CP 2773 -0.0221221122 -0.231966575 -0.191910767 0 0 0
C@CP 2774 0.252184764 0.260556345 -0.121248352 0 0 0
C@CP 2775 0.0322720796 0.23389371 0.361059417 0 0 0
C@CP 2776 -0.250033543 -0.38843384 -0.00195032775 0 0 0
C@CP 2777 0.0909308302 0.220642024 -0.35367722 0 0 0
C@CP 2778 -0.0205201306 -0.0747934938 0.207012499 0 0 0
C@CP 2779 -0.209749625 0.0333429261 -0.391550276 0 0 0
C@CP 2780 -0.182987265 0.120450358 0.421380867 0 0 0
C@CP 2781 -0.331130532 0.227927248 -0.235052298 0 0 0
C@CP 2782 0.162265447 0.117226645 0.38637063 0 0 0
C@CP 2783 0.294744962 -0.0719867418 0.292552816 0 0 0
C@CP 2784 -0.162714573 0.0742434522 -0.282545006 0 0 0
C@CP 2785 0.0737767737 0.0799718094 -0.309599766 0 0 0
C@CP 2786 0.193631215 0.204111031 -0.185614935 0 0 0
C@CP 2787 0.0881691352 -0.203322248 0.388807978 0 0 0
C@CP 2788 -0.323488355 0.12355049 -0.250348741 0 0 0
C@CP 2789 0.271906812 0.217046832 -0.124741403 0 0 0
C@CP 2790 -0.0743519997 -0.194757438 -0.256543623 0 0 0
C@CP 2791 -0.0439967906 0.46264004 0.008024767 0 0 0
C@CP 2792 -0.403074396 0.0149182372 -0.0939311569 0 0 0
C@CP 2793 0.18742714 -0.0567222387 0.125093545 0 0 0
C@CP 2794 -0.376661184 0.0133189011 0.159776452 0 0 0
C@CP 2795 -0.143922236 0.234265013 -0.0740031276 0 0 0
C@CP 2796 -0.0282571999 -0.36318041 -0.0209716374 0 0 0
C@CP 2797 0.0895209627 0.0889828606 0.206759916 0 0 0
C@CP 2798 -0.312848487 -0.2135839 0.149329087 0 0 0
C@CP 2799 0.22192882 0.210630768 0.263641218 0 0 0
C@CP 2800 0.0973109446 0.122659857 -0.305097117 0 0 0
C@CP 2801 -0.377929533 0.00583123327 0.242809363 0 0 0
C@CP 2802 0.400388508 -0.145140022 -0.137732377 0 0 0
C@CP 2803 -0.160896928 -0.0913025467 -0.0700340758 0 0 0
C@CP 2804 0.14385819 -0.375752107 -0.188029713 0 0 0
C@CP 2805 -0.102937433 -0.318201567 0.250293328 0 0 0
C@CP 2806 0.461888402 -0.0621934699 0.0403490373 0 0 0
C@CP 2807 0.309143699 0.0747857659 -0.248803425 0 0 0
C@CP 2808 0.0588942762 -0.166755827 -0.330421815 0 0 0
C@CP 2809 0.00696567786 -0.00282337848 -0.471969938 0 0 0
C@CP 2810 -0.221097961 0.205597616 0.257674195 0 0 0
C@CP 2811 0.162800924 -0.283974677 -0.275326094 0 0 0
C@CP 2812 -0.29225994 -0.204032992 -0.186250487 0 0 0
C@CP 2813 -0.0814467337 -0.156286714 -0.131262064 0 0 0
C@CP 2814 0.333353431 -0.121919313 -0.185228004 0 0 0
C@CP 2815 0.125463289 0.22061577 -0.279822121 0 0 0
C@CP 2816 -0.303663285 -0.0541576523 -0.224125859 0 0 0
C@CP 2817 -0.0027536233 0.410721185 -0.216884181 0 0 0
C@CP 2818 -0.281699554 -0.310090186 -0.171591216 0 0 0
C@CP 2819 -0.215312483 0.190328805 -0.370889604 0 0 0
C@CP 2820 0.188608825 -0.191476723 0.344873284 0 0 0
C@CP 2821 0.151144146 0.317442095 -0.051945091 0 0 0
C@CP 2822 0.283109894 0.0699231765 0.209695487 0 0 0
C@CP 2823 -0.135420553 0.262759338 -0.0138254044 0 0 0
C@CP 2824 0.131155675 0.265259368 0.0745947534 0 0 0
C@CP 2825 -0.0608197209 0.121673248 0.151273851 0 0 0
C@CP 2826 -0.0896998534 0.158684881 -0.279322744 0 0 0
C@CP 2827 -0.29278184 0.161771272 0.0355368986 0 0 0
C@CP 2828 -0.2044577 -0.215409058 0.157911488 0 0 0
C@CP 2829 -0.184779206 -0.147038751 -0.02613383 0 0 0
C@CP 2830 0.218126369 0.336870091 0.0420921543 0 0 0
C@CP 2831 0.056826503 -0.0977730456 -0.130465598 0 0 0
C@CP 2832 -0.0917131425 0.0989287705 0.0703794981 0 0 0
C@CP 2833 -0.0519753164 -0.154221431 0.14400526 0 0 0
C@CP 2834 -0.127822781 -0.160475309 0.0703488517 0 0 0
C@CP 2835 0.0505645804 0.225548169 -0.262906257 0 0 0
C@CP 2836 -0.117660008 -0.379900706 -0.23850743 0 0 0
C@CP 2837 -0.274619886 -0.0571610987 -0.265878056 0 0 0
C@CP 2838 -0.0401144114 -0.00679942119 0.221440033 0 0 0
C@CP 2839 -0.134313793 -0.407935644 -0.133843884 0 0 0
C@CP 2840 0.110920263 -0.0884987751 0.00120321346 0 0 0
C@CP 2841 -0.164486437 -0.332450785 -0.0518368028 0 0 0
C@CP 2842 -0.265260059 0.0311990599 0.19958708 0 0 0
C@CP 2843 0.136778824 -0.226284623 0.0909547854 0 0 0
C@CP 2844 -0.164176515 0.0727594635 -0.410782718 0 0 0
C@CP 2845 0.0116844612 -0.0295730223 -0.04428065 0 0 0
C@CP 2846 0.0541733139 -0.380343079 0.0381052158 0 0 0
C@CP 2847 -0.327179655 0.316582589 0.014040679 0 0 0
C@CP 2848 -0.368731218 -0.137828947 -0.193082729 0 0 0
C@CP 2849 0.367402844 0.0251376571 0.0263072071 0 0 0
C@CP 2850 0.322358093 0.0590248134 0.170542127 0 0 0
C@CP 2851 0.141295214 0.125325595 -0.271010333 0 0 0
C@CP 2852 0.00748477566 0.206273774 0.218109055 0 0 0
C@CP 2853 0.259469498 0.181575927 -0.250213827 0 0 0
C@CP 2854 0.1094016 -0.225869533 -0.150498644 0 0 0
C@CP 2855 -0.120167475 0.097278555 -0.141837171 0 0 0
C@CP 2856 -0.107387427 0.11993292 0.0182429778 0 0 0
C@CP 2857 -0.175483047 -0.115367265 -0.106842941 0 0 0
C@CP 2858 0.0937032689 0.355110364 0.166586534 0 0 0
C@CP 2859 -0.357468899 0.222669324 0.00860220363 0 0 0
C@CP 2860 -0.0371976874 -0.167099627 0.220976168 0 0 0
C@CP 2861 -0.26487629 0.16541282 0.112457241 0 0 0
C@CP 2862 -0.0295414775 -0.311565358 -0.346798383 0 0 0
C@CP 2863 -0.211623345 -0.386528495 0.127883708 0 0 0
C@CP 2864 0.158444874 0.0368828356 0.31488838 0 0 0
C@CP 2865 0.301687378 -0.165554523 0.267941103 0 0 0
C@CP 2866 0.270290495 -0.335470301 -0.160154743 0 0 0
C@CP 2867 0.0476496707 -0.0648885826 0.0260656171 0 0 0
C@CP 2868 0.127943553 0.15345142 -0.41447747 0 0 0
C@CP 2869 0.0869142279 -0.0172802708 0.121102726 0 0 0
C@CP 2870 0.148559465 -0.172274684 -0.0305991214 0 0 0
C@CP 2871 -0.391762463 0.104641315 -0.133989601 0 0 0
C@CP 2872 -0.100721199 -0.188201475 0.319007345 0 0 0
C@CP 2873 0.225813714 0.145074778 -0.374910071 0 0 0
C@CP 2874 0.0678317724 0.297648738 0.219430008 0 0 0
C@CP 2875 -0.0974424471 -0.154958434 -0.224088276 0 0 0
C@CP 2876 -0.0995924034 -0.40067109 -0.0152023023 0 0 0
C@CP 2877 -0.325623094 0.159573869 0.285373894 0 0 0
C@CP 2878 0.164990469 0.104436271 -0.248406876 0 0 0
C@CP 2879 -0.200058396 -0.0174840065 -0.0926079549 0 0 0
C@CP 2880 0.184639736 -0.371530754 -0.0138177387 0 0 0
C@CP 2881 -0.236925039 0.407264944 0.00112210338 0 0 0
C@CP 2882 0.00966799412 -0.205200668 -0.133776683 0 0 0
C@CP 2883 -0.120486497 -0.10491443 0.234676201 0 0 0
C@CP 2884 -0.324683808 -0.261566618 -0.159645967 0 0 0
C@CP 2885 0.133307709 -0.332241505 -0.107981944 0 0 0
C@CP 2886 -0.189118182 0.262720412 0.0371733036 0 0 0
C@CP 2887 0.0436173252 0.182116848 0.0832324152 0 0 0
C@CP 2888 0.400948554 0.179868889 0.0044142958 0 0 0
C@CP 2889 -0.294967493 0.156710235 0.305011893 0 0 0
C@CP 2890 -0.0365666661 -0.0496055469 -0.0549673442 0 0 0
C@CP 2891 0.0737922227 0.334986796 0.269583679 0 0 0
C@CP 2892 -0.140970627 -0.394344045 -0.0145203598 0 0 0
C@CP 2893 0.300797722 0.294637752 -0.135876225 0 0 0
C@CP 2894 0.303163915 0.194028864 -0.164286375 0 0 0
C@CP 2895 -0.313328584 0.00674236016 -0.0836546041 0 0 0
C@CP 2896 0.021749095 0.101301797 -0.147369656 0 0 0
C@CP 2897 0.133629535 0.296928449 0.218690533 0 0 0
C@CP 2898 -0.072417644 0.150095545 0.236833355 0 0 0
C@CP 2899 -0.171869577 0.192856739 -0.157503218 0 0 0
C@CP 2900 -0.206764825 0.191526482 0.293210398 0 0 0
C@CP 2901 0.207755982 -0.0458723686 -0.12811895 0 0 0
C@CP 2902 -0.326513055 -0.0753581097 0.0197742087 0 0 0
C@CP 2903 0.0158148704 0.0699023517 0.0591087352 0 0 0
C@CP 2904 0.264698767 -0.293154694 -0.150335938 0 0 0
C@CP 2905 -0.0975820968 -0.222602036 -0.180983355 0 0 0
C@CP 2906 0.281913879 0.286833665 0.113923189 0 0 0
C@CP 2907 -0.185314923 -0.363350511 -0.0534236736 0 0 0
C@CP 2908 -0.200466322 0.0324365869 0.183607288 0 0 0
C@CP 2909 0.142557862 -0.166848061 -0.29458345 0 0 0
C@CP 2910 0.148113905 -0.253135842 -0.0654609979 0 0 0
C@CP 2911 0.150657577 0.197103865 -0.258511556 0 0 0
C@CP 2912 0.226937958 -0.273804648 0.116841073 0 0 0
C@CP 2913 0.376172591 0.13044105 0.0579413252 0 0 0
C@CP 2914 -0.154370126 -0.323480407 -0.1326063 0 0 0
C@CP 2915 -0.31659451 0.124888326 -0.117574258 0 0 0
C@CP 2916 0.378503865 -0.0637394464 0.242698641 0 0 0
C@CP 2917 -0.339763136 -0.00781807845 -0.273245442 0 0 0
C@CP 2918 -0.0985724632 -0.162877626 -0.2290123 0 0 0
C@CP 2919 0.0810137964 -0.292326959 -0.280111733 0 0 0
C@CP 2920 -0.00616938803 0.338134901 -0.0106244302 0 0 0
C@CP 2921 -0.340506787 -0.00486907714 0.0295821084 0 0 0
C@CP 2922 0.0900478581 -0.116153847 -0.400852393 0 0 0
C@CP 2923 -0.383136385 0.154232326 -0.165259328 0 0 0
C@CP 2924 -0.269747564 0.11516003 -0.331013166 0 0 0
C@CP 2925 -0.273744988 -0.0538207763 -0.341815691 0 0 0
C@CP 2926 -0.175610454 -0.0139655747 0.154207175 0 0 0
C@CP 2927 -0.141504103 -0.221993978 -0.253710898 0 0 0
C@CP 2928 0.166060829 -0.373726433 0.111053293 0 0 0
C@CP 2929 -0.201156828 0.282828592 -0.177366169 0 0 0
C@CP 2930 -0.00910644439 -0.0108851048 -0.335302334 0 0 0
C@CP 2931 -0.258175739 0.295188101 -0.0986247625 0 0 0
C@CP 2932 -0.0660384557 -0.324381271 -0.125753595 0 0 0
C@CP 2933 -0.00161333129 0.183494349 -0.303760655 0 0 0
C@CP 2934 0.183697706 -0.0613004042 0.181398822 0 0 0
C@CP 2935 -0.188159731 -0.157949429 -0.0499313637 0 0 0
C@CP 2936 0.373928523 0.213773081 -0.0984285162 0 0 0
C@CP 2937 -0.0994999783 0.327015828 -0.0950840133 0 0 0
C@CP 2938 -0.267445445 -0.0153746492 0.269384104 0 0 0
C@CP 2939 -0.307139882 0.0753114398 -0.287882668 0 0 0
C@CP 2940 -0.27851622 0.247240273 0.265473533 0 0 0
C@CP 2941 -0.193814158 -0.171456727 0.0688718962 0 0 0
C@CP 2942 0.0239478943 -0.212089902 0.0107117786 0 0 0
C@CP 2943 0.268201617 -0.151177526 -0.127089159 0 0 0
C@CP 2944 -0.402426468 -0.00421651177 0.229727563 0 0 0
C@CP 2945 0.32056864 0.303968598 -0.158536796 0 0 0
C@CP 2946 -0.301162764 0.207000971 0.239622961 0 0 0
C@CP 2947 -0.25382987 0.1538601 0.29629858 0 0 0
C@CP 2948 -0.164061552 0.0926585096 -0.162085169 0 0 0
C@CP 2949 -0.0955743532 0.41670426 0.013691486 0 0 0
C@CP 2950 0.173863751 0.216434212 0.0317723573 0 0 0
C@CP 2951 0.2431057 -0.0579996898 0.00795583208 0 0 0
C@CP 2952 -0.0804333103 -0.00796891089 0.221622136 0 0 0
C@CP 2953 -0.0669457493 -0.161675293 0.253275191 0 0 0
C@CP 2954 0.0216491028 -0.292261645 0.194777603 0 0 0
C@CP 2955 0.232203309 0.157626519 -0.0458267595 0 0 0
C@CP 2956 -0.035587457 0.0423987916 0.118388243 0 0 0
C@CP 2957 0.131018867 -0.249568138 0.262214375 0 0 0
C@CP 2958 0.158943422 -0.0894516582 -0.186549842 0 0 0
C@CP 2959 -0.0999291145 0.148493376 -0.415639224 0 0 0
C@CP 2960 0.0359088618 -0.0393355537 -0.3833565 0 0 0
C@CP 2961 -0.348267271 0.0888608619 -0.0745358893 0 0 0
C@CP 2962 -0.202096289 -0.362988286 0.0265998306 0 0 0
C@CP 2963 0.37051047 0.170503513 -0.0569455961 0 0 0
C@CP 2964 -0.131408981 0.0720459365 0.189233478 0 0 0
C@CP 2965 -0.302678645 -0.124109683 -0.198742403 0 0 0
C@CP 2966 0.34354177 -0.0481010735 -0.260806871 0 0 0
C@CP 2967 -0.32074525 -0.178469564 -0.105737329 0 0 0
C@CP 2968 -0.300968129 -0.0575516618 0.19224177 0 0 0
C@CP 2969 -0.0521724378 -0.16358753 0.0196697789 0 0 0
C@CP 2970 -0.00932584467 0.327296661 0.160700024 0 0 0
C@CP 2971 0.0306479173 -0.12846579 0.252177622 0 0 0
C@CP 2972 -0.207614882 0.151355285 0.0467074045 0 0 0
C@CP 2973 0.272645151 -0.258209344 -0.213794501 0 0 0
C@CP 2974 -0.3166397 0.0836208342 -0.330292884 0 0 0
C@CP 2975 -0.070585206 -0.358613499 0.194721077 0 0 0
C@CP 2976 0.357951093 -0.0105803151 0.0884652681 0 0 0
C@CP 2977 0.195173851 -0.0874284115 0.181553079 0 0 0
C@CP 2978 -0.393298771 0.132193872 -0.105885439 0 0 0
C@CP 2979 0.411226712 0.00227436838 0.025007229 0 0 0
C@CP 2980 -0.0474501754 -0.0634443236 -0.0276389598 0 0 0
C@CP 2981 -0.333509013 0.176023729 -0.243373436 0 0 0
C@CP 2982 -0.0177604563 0.0530133755 0.381302376 0 0 0
C@CP 2983 0.153892327 0.041310648 -0.399618149 0 0 0
C@CP 2984 0.23274072 -0.030566047 -0.0670917558 0 0 0
C@CP 2985 -0.212479635 0.157753977 -0.274924795 0 0 0
C@CP 2986 0.0971821132 -0.0816538495 0.402260029 0 0 0
C@CP 2987 0.238437871 -0.248480466 -0.171191526 0 0 0
C@CP 2988 -0.191309211 0.23001762 -0.135125217 0 0 0
C@CP 2989 -0.217433328 0.12366425 0.0893707734 0 0 0
C@CP 2990 0.102825194 -0.120599085 0.252602507 0 0 0
C@CP 2991 -0.0292573477 -0.00255192937 0.37318674 0 0 0
C@CP 2992 0.131957489 0.18844204 -0.0515588725 0 0 0
C@CP 2993 0.254875141 -0.157197118 -0.220198268 0 0 0
C@CP 2994 0.279068734 0.0811180733 -0.328456431 0 0 0
C@CP 2995 0.0115742289 0.033048122 -0.101008571 0 0 0
C@CP 2996 0.403998111 0.0743325599 -0.0919787979 0 0 0
C@CP 2997 -0.0565660979 0.184585575 0.0879221668 0 0 0
C@CP 2998 0.360864057 -0.0397059752 0.000141969297 0 0 0
C@CP 2999 -0.165695976 0.0535341494 -0.0668130757 0 0 0
C@CP 3000 0.113394634 0.0628972279 0.121846944 0 0 0
C@CP 3001 -0.147675085 -0.0809296375 -0.334451322 0 0 0
C@CP 3002 0.29774849 0.228861594 -0.0150695857 0 0 0
C@CP 3003 0.0358759368 0.404275496 -0.164590485 0 0 0
C@CP 3004 0.120647528 0.0439149713 0.192179504 0 0 0
C@CP 3005 0.0776228376 0.326340401 0.186573725 0 0 0
C@CP 3006 -0.178458377 -0.222279416 -0.320304315 0 0 0
C@CP 3007 -0.103673349 0.321247097 -0.169832597 0 0 0
C@CP 3008 0.178636201 -0.136969156 0.0268223459 0 0 0
C@CP 3009 0.274277046 0.251878226 -0.257379994 0 0 0
C@CP 3010 -0.0405217778 -0.37070866 -0.188291169 0 0 0
C@CP 3011 0.119839172 0.0523727326 -0.420317167 0 0 0
C@CP 3012 -0.168717308 -0.0201966721 0.0609270485 0 0 0
C@CP 3013 -0.302145248 -0.0502392942 0.108275672 0 0 0
C@CP 3014 -0.358462942 0.123458946 0.0476531148 0 0 0
C@CP 3015 -0.127859918 -0.072041694 0.401378377 0 0 0
C@CP 3016 0.146325744 -0.377097856 0.260050022 0 0 0
C@CP 3017 -0.0270388861 -0.0663440092 0.382829002 0 0 0
C@CP 3018 0.123443856 -0.34655884 -0.0203723178 0 0 0
C@CP 3019 0.0910249347 -0.124550505 -0.310033352 0 0 0
C@CP 3020 -0.404413764 -0.13919989 0.134493477 0 0 0
C@CP 3021 0.0824665933 -0.451886844 0.0808702079 0 0 0
C@CP 3022 -0.121666761 -0.237940841 -0.102125121 0 0 0
C@CP 3023 -0.389592725 0.213574701 0.0116076922 0 0 0
C@CP 3024 0.0837575607 -0.00601230023 0.244702659 0 0 0
C@CP 3025 -0.34688151 0.0275770435 -0.0301974859 0 0 0
C@CP 3026 0.162236275 -0.180045268 -0.0249543817 0 0 0
C@CP 3027 0.0144202692 0.376333275 0.00511894527 0 0 0
C@CP 3028 0.13773842 -0.264125914 -0.173593447 0 0 0
C@CP 3029 -0.00338117746 -0.334807313 0.136472819 0 0 0
C@CP 3030 -0.323619825 -0.0989718687 -0.023723665 0 0 0
C@CP 3031 -0.283996937 0.0528140091 -0.238762094 0 0 0
C@CP 3032 0.316856596 -0.105638478 0.00879035662 0 0 0
C@CP 3033 -0.271343085 0.204217169 0.276789235 0 0 0
C@CP 3034 -0.372020557 0.0634523507 -0.166896637 0 0 0
C@CP 3035 0.21561021 0.0403531414 -0.285027867 0 0 0
C@CP 3036 0.0671559938 0.271106779 0.338651063 0 0 0
C@CP 3037 -0.043257819 0.03732384 -0.0693885275 0 0 0
C@CP 3038 -0.0864708419 0.0366892912 -0.218818962 0 0 0
C@CP 3039 -0.405961557 0.0940586387 0.053315687 0 0 0
C@CP 3040 -0.258727329 0.171044492 -0.153369778 0 0 0
C@CP 3041 0.0998621861 0.195023268 0.228842748 0 0 0
C@CP 3042 -0.189895105 -0.215079697 0.107886255 0 0 0
C@CP 3043 0.058003489 0.347938938 -0.0982890691 0 0 0
C@CP 3044 0.0125056383 -0.318739242 0.190076707 0 0 0
C@CP 3045 0.27759409 -0.14392931 0.100045494 0 0 0
C@CP 3046 -0.0439889318 0.0526225767 0.416324732 0 0 0
C@CP 3047 -0.0412862537 -0.0555840743 -0.220289264 0 0 0
C@CP 3048 -0.10787758 -0.0356898073 0.328088365 0 0 0
C@CP 3049 0.287058549 0.0468287115 0.155236611 0 0 0
C@CP 3050 -0.342117035 0.133386377 0.244655641 0 0 0
C@CP 3051 0.0339379815 0.215404318 -0.311591641 0 0 0
C@CP 3052 0.259778544 -0.102781079 0.113831359 0 0 0
C@CP 3053 -0.27631108 -0.0341784904 -0.29077789 0 0 0
C@CP 3054 0.247607821 -0.181212754 -0.225392712 0 0 0
C@CP 3055 -0.0928034385 0.166632813 0.352554101 0 0 0
C@CP 3056 0.1011136 0.0994758692 -0.0619268379 0 0 0
C@CP 3057 -0.128596218 -0.151690125 0.185267803 0 0 0
C@CP 3058 0.334562786 0.0745544495 0.277519941 0 0 0
C@CP 3059 -0.213400971 0.0933985466 0.00909512781 0 0 0
C@CP 3060 0.0144338381 0.203984549 0.0678495067 0 0 0
C@CP 3061 0.395655548 0.125724912 0.206953898 0 0 0
C@CP 3062 0.136322687 -0.0781982663 0.384135093 0 0 0
C@CP 3063 0.138024751 0.0455877299 -0.249767014 0 0 0
C@CP 3064 0.108342228 0.265580295 -0.0406143874 0 0 0
C@CP 3065 -0.198686938 -0.306201651 -0.100362949 0 0 0
C@CP 3066 0.201092041 0.239343815 -0.240534553 0 0 0
C@CP 3067 -0.204851172 -0.0797118481 -0.117853036 0 0 0
C@CP 3068 0.107649429 0.25247006 -0.235408913 0 0 0
C@CP 3069 -0.341965805 -0.0191103911 0.177187131 0 0 0
C@CP 3070 -0.36756487 -0.141944688 -0.18634947 0 0 0
C@CP 3071 -0.264673194 -0.0863754551 0.219946055 0 0 0
C@CP 3072 0.0380632508 0.358047753 -0.266897564 0 0 0
C@CP 3073 -0.0321064802 -0.128464536 -0.263112993 0 0 0
C@CP 3074 0.0582657093 0.0272306911 -0.0938244814 0 0 0
C@CP 3075 0.228063778 0.0328482787 0.293367484 0 0 0
C@CP 3076 0.115534015 0.354856228 0.282480561 0 0 0
C@CP 3077 0.372385249 -0.0974609611 -0.0397511962 0 0 0
C@CP 3079 0.00585591788 -0.163359894 0.142285694 0 0 0
C@CP 3080 -0.140971734 -0.129377555 -0.0218382897 0 0 0
C@CP 3081 0.101216722 0.222586521 0.23981589 0 0 0
C@CP 3082 0.25933717 0.0105388833 0.170273696 0 0 0
C@CP 3083 -0.168390025 0.362103148 0.26919935 0 0 0
C@CP 3084 0.054619973 -0.0650230947 0.301384071 0 0 0
C@CP 3085 -0.0578678726 -0.0339579055 0.14776494 0 0 0
C@CP 3086 0.413092286 0.000475528169 0.222807894 0 0 0
C@CP 3087 -0.0258164928 -0.017268213 -0.415059938 0 0 0
C@CP 3088 0.0196299061 0.235413093 -0.20050787 0 0 0
C@CP 3089 -0.0999969139 0.0930005265 -0.151519403 0 0 0
C@CP 3090 0.237944144 -0.0611544697 0.350182422 0 0 0
C@CP 3091 0.437368678 -0.0541820274 0.0437774668 0 0 0
C@CP 3092 -0.198312972 0.164230766 0.156013407 0 0 0
C@CP 3093 -0.0959475537 -0.345871746 0.279688429 0 0 0
C@CP 3094 0.0922469517 0.00785085932 0.184168429 0 0 0
C@CP 3095 0.0649912671 -0.0374192408 -0.116518611 0 0 0
C@CP 3096 -0.0466889747 -0.233659626 -0.193152836 0 0 0
C@CP 3097 -0.0450727417 0.0262417892 -0.122828398 0 0 0
C@CP 3098 -0.34453269 0.124460204 0.202113501 0 0 0
C@CP 3099 -0.286185595 -0.0749258261 -0.137309333 0 0 0
C@CP 3100 0.356161127 0.25231298 -0.0121407591 0 0 0
C@CP 3101 -0.0873105795 0.238266647 -0.0657523679 0 0 0
C@CP 3102 0.118399704 -0.0976852921 -0.324561933 0 0 0
C@CP 3103 0.0289596149 0.250768785 -0.0451415211 0 0 0
C@CP 3104 -0.179946201 0.220397348 -0.0279168357 0 0 0
C@CP 3105 0.0141592212 0.191232934 0.114814932 0 0 0
C@CP 3106 0.375119175 -0.0322135765 -0.230643477 0 0 0
C@CP 3107 -0.0787315405 -0.0147234016 0.25374471 0 0 0
C@CP 3108 -0.247679315 -0.0805393556 -0.392527221 0 0 0
C@CP 3109 -0.0382510195 0.356599049 -0.0546190169 0 0 0
C@CP 3110 -0.113249104 -0.276340065 -0.33241187 0 0 0
C@CP 3111 -0.0589957576 -0.0901382552 0.355664957 0 0 0
C@CP 3112 0.0649686128 0.00307974954 0.075442675 0 0 0
C@CP 3113 -0.287034344 -0.174817835 0.159939619 0 0 0
C@CP 3114 0.279834296 -0.0568167643 -0.0307692694 0 0 0
C@CP 3115 -0.0222306094 0.207950301 0.182905264 0 0 0
C@CP 3116 -0.199377286 -0.290361784 0.0154829088 0 0 0
C@CP 3117 0.213091666 0.416059616 -0.0368331713 0 0 0
C@CP 3118 -0.373044007 -0.273007744 -0.093973507 0 0 0
C@CP 3119 -0.303520832 0.182384562 -0.271948796 0 0 0
C@CP 3120 -0.213864957 -0.407757318 0.0607310409 0 0 0
C@CP 3121 -0.138616625 0.143464021 0.319539455 0 0 0
C@CP 3122 0.316079907 0.270623123 0.160204063 0 0 0
C@CP 3123 0.257130526 -0.162565264 -0.16721313 0 0 0
C@CP 3124 -0.00297262946 0.0600821084 0.135758805 0 0 0
C@CP 3125 0.395425068 0.193686743 -0.076868297 0 0 0
C@CP 3126 0.0792944285 -0.101424072 -0.109183875 0 0 0
C@CP 3127 0.307713321 -0.326942904 -0.102030974 0 0 0
C@CP 3128 0.285460142 -0.331531402 0.143137722 0 0 0
C@CP 3129 -0.319940279 0.0895016156 0.323102797 0 0 0
C@CP 3130 -0.0693631497 -0.265211939 0.204306279 0 0 0
C@CP 3131 0.0756001717 0.10847325 0.288178776 0 0 0
C@CP 3132 -0.202094018 0.38285222 0.0925432642 0 0 0
C@CP 3133 -0.103427409 -0.022578508 0.235550575 0 0 0
C@CP 3134 -0.011418465 -0.373305541 -0.07076032 0 0 0
C@CP 3135 -0.177949905 -0.00778584296 -0.151680446 0 0 0
C@CP 3136 0.092341409 0.201956403 -0.177012504 0 0 0
C@CP 3137 -0.0233542388 0.134147465 0.0912361032 0 0 0
C@CP 3138 0.15633383 -0.0969212987 0.331230911 0 0 0
C@CP 3139 -0.102073146 -0.169924921 0.0897616361 0 0 0
C@CP 3140 0.166324773 0.218177216 -0.124929217 0 0 0
C@CP 3141 0.372315315 -0.0737186806 -0.184076842 0 0 0
C@CP 3142 -0.199750473 0.226884282 0.054920752 0 0 0
C@CP 3143 -0.230396598 0.138832729 -0.373186343 0 0 0
C@CP 3144 0.276215224 -0.127025779 -0.0771021504 0 0 0
C@CP 3145 -0.149401164 0.412891689 -0.0396572749 0 0 0
C@CP 3146 -0.220415124 0.105757901 -0.0804195179 0 0 0
C@CP 3147 0.121207174 -0.0872746358 0.2830147 0 0 0
C@CP 3148 -0.102794451 0.129616132 -0.373968807 0 0 0
C@CP 3149 0.0659883883 -0.32959387 0.140317835 0 0 0
C@CP 3150 0.0271709972 0.409566421 -0.148525679 0 0 0
C@CP 3151 0.379136827 0.00474789281 0.235984034 0 0 0
C@CP 3152 0.133181062 -0.303702777 0.293418711 0 0 0
C@CP 3153 -0.117876216 0.234823875 0.0578533638 0 0 0
C@CP 3154 0.341556839 0.26593781 -0.106860942 0 0 0
C@CP 3155 0.0757576952 0.0760191752 0.126434012 0 0 0
C@CP 3156 0.0407946706 0.0730553083 0.0244341261 0 0 0
C@CP 3157 -0.167661602 -0.270536615 0.293334514 0 0 0
C@CP 3158 0.121290829 0.212363756 0.306467697 0 0 0
C@CP 3159 0.388830538 -0.0936269591 -0.232092227 0 0 0
C@CP 3160 -0.237863576 -0.121992072 -0.31998604 0 0 0
C@CP 3161 0.0474287269 -0.0854776464 -0.153265126 0 0 0
C@CP 3162 0.131183957 0.222693715 0.190447768 0 0 0
C@CP 3163 0.120872767 -0.21960237 0.0118001291 0 0 0
C@CP 3164 0.144546298 0.186291321 0.288546524 0 0 0
C@CP 3165 -0.247499519 -0.0873343139 0.257634844 0 0 0
C@CP 3166 -0.0635271538 0.21121381 -0.152741034 0 0 0
C@CP 3167 0.128277912 -0.0933092217 -0.388808156 0 0 0
C@CP 3168 0.0155882673 -0.403565557 -0.0968822807 0 0 0
C@CP 3169 0.108873667 -0.0228650891 0.420240958 0 0 0
C@CP 3170 0.29009621 0.243001983 0.0243660476 0 0 0
C@CP 3171 0.0651670653 -0.0231507915 0.00835556739 0 0 0
C@CP 3172 0.0479041838 0.00991204896 0.0364281887 0 0 0
C@CP 3173 0.0763671359 0.0787870569 0.44493302 0 0 0
C@CP 3174 0.148003785 0.382837715 0.0660958425 0 0 0
C@CP 3175 -0.17939879 0.173527374 0.208368482 0 0 0
C@CP 3176 0.147166866 -0.15762911 -0.300669335 0 0 0
C@CP 3177 0.0878610653 0.322242783 -0.257651347 0 0 0
C@CP 3178 0.233597143 -0.18765992 0.359000694 0 0 0
C@CP 3179 0.25175522 -0.360867911 0.0161786772 0 0 0
C@CP 3180 0.29512101 0.0405734362 0.286244073 0 0 0
C@CP 3181 0.131593326 0.0128599972 -0.26878952 0 0 0
C@CP 3182 0.291949447 -0.0888471549 0.141560101 0 0 0
C@CP 3183 -0.382510797 0.0776048604 -0.169762754 0 0 0
C@CP 3184 0.288243855 0.170949256 -0.0736563887 0 0 0
C@CP 3185 -0.171140129 0.182490958 -0.160232269 0 0 0
C@CP 3186 -0.097315153 0.102636643 0.333292539 0 0 0
C@CP 3187 0.37783582 0.232299891 -0.116012089 0 0 0
C@CP 3188 0.186380427 0.253852772 -0.0385565512 0 0 0
C@CP 3189 0.315695918 -0.275538589 -0.117562693 0 0 0
C@CP 3190 -0.13771277 -0.0219759071 -0.238387086 0 0 0
C@CP 3191 0.111292185 0.376156207 0.0224474976 0 0 0
C@CP 3192 -0.189491014 0.312383052 -0.0856370952 0 0 0
C@CP 3193 -0.0232626632 0.207461003 0.362569292 0 0 0
C@CP 3194 0.121933435 -0.129206141 0.0770286548 0 0 0
C@CP 3195 0.256829214 0.206771613 -0.191917058 0 0 0
C@CP 3196 0.0685601169 0.275824098 -0.155682522 0 0 0
C@CP 3197 -0.352763439 0.0724915199 -0.212114215 0 0 0
C@CP 3198 0.219516058 -0.321610666 0.139683802 0 0 0
C@CP 3199 -0.171893454 0.351590841 -0.243386903 0 0 0
C@CP 3200 -0.028162062 -0.301635159 0.139439954 0 0 0
C@CP 3201 0.135950765 -0.269658269 0.172894338 0 0 0
C@CP 3203 -0.275640727 -0.200521455 -0.109816309 0 0 0
C@CP 3204 0.111410768 -0.214235185 -0.0565720323 0 0 0
C@CP 3205 -0.0809577276 0.237441206 0.142858651 0 0 0
C@CP 3206 0.0254491379 0.313605675 0.104676628 0 0 0
C@CP 3207 -0.276245098 -0.229144779 -0.250753259 0 0 0
C@CP 3208 0.135677166 -0.208617797 0.360824062 0 0 0
C@CP 3209 -0.166893614 0.113073483 0.400280487 0 0 0
C@CP 3210 -0.158579068 0.160198119 0.0929254383 0 0 0
C@CP 3211 -0.191800736 -0.134914458 0.229978405 0 0 0
C@CP 3212 -0.239335757 0.274911824 -0.0303299658 0 0 0
C@CP 3213 0.0369079374 0.047077559 -0.0113861608 0 0 0
C@CP 3214 0.0898534268 0.188455328 0.112493626 0 0 0
C@CP 3215 -0.190588422 -0.02549104 0.220538445 0 0 0
C@CP 3216 -0.181476829 -0.231821528 -0.0192283675 0 0 0
C@CP 3217 0.383467369 -0.0280501514 -0.0920816859 0 0 0
C@CP 3218 0.25651754 -0.198482838 0.0297328361 0 0 0
C@CP 3219 0.200045806 0.362329324 0.0140774472 0 0 0
C@CP 3220 -0.239739446 0.380490608 0.0534691557 0 0 0
C@CP 3221 -0.0597228938 -0.0377879577 0.309347736 0 0 0
C@CP 3222 0.170141201 0.170680858 0.102295548 0 0 0
C@CP 3223 -0.107457749 -0.0968794416 0.168420452 0 0 0
C@CP 3224 0.296822047 -0.100926674 0.261064889 0 0 0
C@CP 3225 0.0633209287 -0.170671254 -0.197396109 0 0 0
C@CP 3226 -0.255185008 0.0211119678 0.201986362 0 0 0
C@CP 3227 -0.166395888 -0.364669646 -0.187203193 0 0 0
C@CP 3228 0.37270891 0.00968756416 -0.293434569 0 0 0
C@CP 3229 0.212759697 0.205743245 0.172151793 0 0 0
C@CP 3230 0.192756739 0.215714264 0.0144108262 0 0 0
C@CP 3231 0.242866052 -0.0095281783 -0.0380193216 0 0 0
C@CP 3232 -0.308879477 0.144223873 -0.147401084 0 0 0
C@CP 3233 0.270612932 -0.315530313 0.144751046 0 0 0
C@CP 3234 0.00114532876 0.224084446 0.417366227 0 0 0
C@CP 3235 -0.371349779 -0.144368975 -0.0157552447 0 0 0
C@CP 3236 -0.0347726433 -0.225191158 0.384723634 0 0 0
C@CP 3237 -0.304941613 0.166860704 -0.125660432 0 0 0
C@CP 3238 -0.0226865299 0.130417277 -0.240728273 0 0 0
C@CP 3239 0.249155422 0.273604516 0.250992452 0 0 0
C@CP 3240 -0.353801443 0.252277388 0.0224375534 0 0 0
C@CP 3241 0.345604221 -0.307421722 0.010013905 0 0 0
C@CP 3242 0.134268254 -0.252015769 0.188717145 0 0 0
C@CP 3243 -0.325069606 -0.119274225 -0.147311307 0 0 0
C@CP 3244 -0.193717588 0.0946667892 -0.15200126 0 0 0
C@CP 3245 -0.0781304499 -0.206406704 -0.034300126 0 0 0
C@CP 3246 -0.10567461 -0.388302617 0.1037897 0 0 0
C@CP 3247 0.199326825 0.109304646 0.400012004 0 0 0
C@CP 3248 -0.396858391 0.171371411 -0.0635487943 0 0 0
C@CP 3249 -0.0975834237 0.358261889 0.219694 0 0 0
C@CP 3250 -0.400296408 0.0832035545 -0.0436830606 0 0 0
C@CP 3251 -0.278611127 -0.167745212 -0.182872088 0 0 0
C@CP 3252 0.164400734 -0.105263482 0.179017137 0 0 0
C@CP 3253 0.0836328433 -0.00498452142 -0.385434644 0 0 0
C@CP 3254 -0.0480162227 0.253192922 -0.122894344 0 0 0
C@CP 3255 0.00379925382 0.403542465 0.0615059442 0 0 0
C@CP 3256 -0.086041016 0.369366059 -0.0136599971 0 0 0
C@CP 3257 0.244581392 0.22128553 0.206926182 0 0 0
C@CP 3258 -0.0129626899 0.0247869669 -0.0457448319 0 0 0
C@CP 3259 0.00250482416 -0.0888981483 -0.00326000526 0 0 0
C@CP 3260 0.271909825 0.162761966 0.347396282 0 0 0
C@CP 3261 0.0285703042 -0.15601956 -0.0561029371 0 0 0
C@CP 3262 0.112401188 -0.189367939 0.375865038 0 0 0
C@CP 3263 0.120903484 -0.370207787 -0.196756938 0 0 0
C@CP 3264 0.111838394 0.215693024 0.0669706999 0 0 0
C@CP 3265 -0.125645135 0.172851088 -0.0979624257 0 0 0
C@CP 3266 -0.0133335838 -0.344432459 0.231747711 0 0 0
C@CP 3267 0.0449957768 -0.200659229 0.349419009 0 0 0
C@CP 3268 0.23879668 -0.0492458268 -0.191421523 0 0 0
C@CP 3269 0.342558544 0.165893553 -0.128366272 0 0 0
C@CP 3270 -0.104872063 0.209236317 0.217746134 0 0 0
C@CP 3271 -0.130697636 0.284178526 0.285583556 0 0 0
C@CP 3272 0.146390219 -0.305930117 -0.28860476 0 0 0
C@CP 3273 0.013145223 -0.0215729948 0.15136097 0 0 0
C@CP 3274 0.35677609 0.134306468 0.0460543344 0 0 0
C@CP 3275 -0.330179511 -0.137721113 -0.190320691 0 0 0
C@CP 3277 0.267444493 -0.286000719 -0.0674642212 0 0 0
C@CP 3278 -0.361289959 0.207638332 0.109549666 0 0 0
C@CP 3279 0.058574612 0.470380284 -0.0255309358 0 0 0
C@CP 3280 -0.322069658 -0.103165527 -0.198549157 0 0 0
C@CP 3281 -0.383472411 0.138661742 0.215960643 0 0 0
C@CP 3282 0.201682288 -0.223842211 -0.102316836 0 0 0
C@CP 3283 -0.157854187 0.0620204495 -0.379533454 0 0 0
C@CP 3284 0.268012406 -0.0779812588 -0.0974921154 0 0 0
C@CP 3285 0.106935806 -0.227994603 0.219024767 0 0 0
C@CP 3286 -0.193976968 -0.0925647311 -0.0278481288 0 0 0
C@CP 3287 0.0485766515 -0.0735232478 0.0649119908 0 0 0
C@CP 3288 0.00279468657 0.0778069115 0.201815922 0 0 0
C@CP 3289 -0.144277981 -0.0504794991 0.404441623 0 0 0
C@CP 3290 0.0118934158 0.194994334 -0.299615609 0 0 0
C@CP 3291 0.29103841 -0.0603199603 -0.0797299228 0 0 0
C@CP 3292 -0.132746999 -0.259654429 -0.0120062727 0 0 0
C@CP 3293 -0.09259884 0.157504827 0.245667728 0 0 0
C@CP 3295 -0.118904309 -0.268993316 -0.202137263 0 0 0
C@CP 3296 -0.0773413646 -0.391621147 0.105480644 0 0 0
C@CP 3297 -0.0449134745 0.0823316471 -0.301657714 0 0 0
C@CP 3298 -0.158973694 -0.0869833723 -0.136405104 0 0 0
C@CP 3299 -0.0522724366 -0.0274075527 -0.375858016 0 0 0
C@CP 3300 0.134653806 -0.338523668 -0.182481372 0 0 0
C@CP 3301 -0.206743938 -0.264125394 0.121076042 0 0 0
C@CP 3302 0.237286239 0.345487976 0.151768 0 0 0
C@CP 3303 -0.0462432942 0.0903812829 -0.0718647564 0 0 0
C@CP 3304 0.0228134599 -0.231695449 0.13903377 0 0 0
C@CP 3305 0.11551361 0.271831627 -0.280802506 0 0 0
C@CP 3306 0.129713191 -0.392248085 0.100854978 0 0 0
C@CP 3307 0.133130793 -0.237433358 0.0460665094 0 0 0
C@CP 3308 -0.033046085 -0.109733895 -0.0860397737 0 0 0
C@CP 3309 0.150630459 0.185781682 -0.378451775 0 0 0
C@CP 3310 0.228351172 0.186948865 -0.210157407 0 0 0
C@CP 3311 -0.40308913 -0.13853199 0.140034537 0 0 0
C@CP 3312 0.19513554 0.258079941 0.0655891472 0 0 0
C@CP 3313 0.339870696 0.123468811 -0.288538387 0 0 0
C@CP 3314 0.106001741 0.345872863 -0.190154161 0 0 0
C@CP 3315 0.193024413 -0.0704318954 -0.264483705 0 0 0
C@CP 3316 0.204935343 -0.19313624 -0.327858003 0 0 0
C@CP 3317 -0.0446597871 0.0577024522 0.406134575 0 0 0
C@CP 3318 0.000222518926 -0.270981671 -0.155905325 0 0 0
C@CP 3319 0.0886471792 -0.221134404 0.18629699 0 0 0
C@CP 3320 -0.0609716953 0.415442128 0.152723894 0 0 0
C@CP 3321 0.304858998 0.318932817 -0.0706923909 0 0 0
C@CP 3322 0.194437626 0.0664452137 0.172769219 0 0 0
C@CP 3323 0.33228005 -0.0828996951 -0.323378939 0 0 0
C@CP 3324 0.132752986 0.265160798 0.0887099872 0 0 0
C@CP 3325 -0.335546379 0.208738038 0.101072871 0 0 0
C@CP 3326 0.220290746 0.280994427 0.240740162 0 0 0
C@CP 3327 0.33907979 0.00172143245 -0.0550760071 0 0 0
C@CP 3328 0.261363104 -0.149961931 0.100037101 0 0 0
C@CP 3329 -0.1797076 0.129485714 0.281184437 0 0 0
C@CP 3330 -0.0420373288 0.311737115 0.0147270426 0 0 0
C@CP 3331 -0.0504515818 0.00387669923 0.321059577 0 0 0
C@CP 3332 0.279896657 0.0173055585 -0.328176023 0 0 0
C@CP 3333 -0.357519573 -0.0731521501 -0.0678486247 0 0 0
C@CP 3334 0.056696161 -0.0248676592 0.449684354 0 0 0
C@CP 3335 -0.371505592 0.0757421059 -0.204081426 0 0 0
C@CP 3336 -0.255557219 0.267236252 -0.159860369 0 0 0
C@CP 3337 0.256187825 -0.0799677475 -0.163163701 0 0 0
C@CP 3338 0.414632393 -0.0730228254 -0.0322960248 0 0 0
C@CP 3339 -0.10512757 0.148041896 -0.119452381 0 0 0
C@CP 3340 0.275983625 -0.333598715 0.11500575 0 0 0
C@CP 3341 -0.375867551 -0.0104523099 -0.240368448 0 0 0
C@CP 3342 0.212859865 -0.248301711 -0.17429378 0 0 0
C@CP 3343 -0.249342949 -0.158779202 0.0769238894 0 0 0
C@CP 3344 -0.0385384484 -0.286736938 0.346404337 0 0 0
C@CP 3345 -0.411033266 0.0849020334 -0.0350083838 0 0 0
C@CP 3346 0.0536277119 -0.105636277 0.313312054 0 0 0
C@CP 3347 -0.051368341 0.231150957 -0.240808138 0 0 0
C@CP 3348 0.172723725 -0.328380844 -0.276311207 0 0 0
C@CP 3349 -0.322216734 0.26347391 0.127162998 0 0 0
C@CP 3350 -0.244883823 -0.317789939 -0.160137836 0 0 0
C@CP 3351 -0.0579242801 -0.420304228 -0.187555231 0 0 0
C@CP 3353 -0.223123609 -0.312144514 -0.231142717 0 0 0
C@CP 3354 0.136289174 -0.253519041 -0.238274742 0 0 0
C@CP 3355 -0.166902072 0.0815416794 -0.0268289027 0 0 0
C@CP 3356 0.0914235493 0.394095745 -0.00402573949 0 0 0
C@CP 3357 -0.25709495 -0.28752075 0.0263822486 0 0 0
C@CP 3358 0.0322466963 -0.356601738 0.201118346 0 0 0
C@CP 3359 -0.263935753 0.096473821 -0.349021519 0 0 0
C@CP 3360 0.0836596792 0.283511668 -0.269275161 0 0 0
C@CP 3361 -0.0711555399 -0.0527458072 0.399516135 0 0 0
C@CP 3362 0.0443642279 0.0363639007 0.222526312 0 0 0
C@CP 3363 -0.0334177117 0.0598534555 0.0839827771 0 0 0
C@CP 3364 0.344071978 -0.255137936 0.06748052 0 0 0
C@CP 3365 0.129531793 -0.352904338 -0.174121799 0 0 0
C@CP 3366 0.138463268 -0.113992633 0.393770449 0 0 0
C@CP 3367 0.125861019 0.126034091 0.25280666 0 0 0
C@CP 3368 0.0953286255 0.134306355 0.237290192 0 0 0
C@CP 3369 -0.0260093513 -0.225797592 -0.40489833 0 0 0
C@CP 3370 -0.298648438 -0.00111129253 0.344285321 0 0 0
C@CP 3371 -0.0280752816 -0.23527453 -0.0471307376 0 0 0
C@CP 3372 -0.136343852 -0.31036625 0.287147235 0 0 0
C@CP 3373 0.00964088097 0.224334737 -0.00783800972 0 0 0
C@CP 3374 -0.0779052642 0.0139367509 0.346577984 0 0 0
C@CP 3375 0.158063291 0.300895875 0.0532731637 0 0 0
C@CP 3376 0.152864496 -0.0455541745 -0.366764286 0 0 0
C@CP 3377 -0.110985536 0.172159491 -0.247033853 0 0 0
C@CP 3378 -0.215834599 0.0275970026 0.177662609 0 0 0
C@CP 3379 -0.144429474 -0.196093879 -0.125163752 0 0 0
C@CP 3380 -0.328234799 0.151518785 -0.0219179257 0 0 0
C@CP 3381 0.0470364326 0.129946974 0.343834094 0 0 0
C@CP 3382 -0.0506312775 -0.353622043 0.130718521 0 0 0
C@CP 3383 -0.0313798121 -0.397705916 -0.178944095 0 0 0
C@CP 3384 0.0259991984 -0.245239413 -0.270816462 0 0 0
C@CP 3385 0.134631908 0.22010445 -0.137313751 0 0 0
C@CP 3386 0.0389704803 0.335852501 -0.0507146011 0 0 0
C@CP 3387 0.227212349 -0.22790594 -0.081539244 0 0 0
C@CP 3388 -0.126312549 -0.141021655 0.405688439 0 0 0
C@CP 3389 -0.20366203 -0.33287877 -0.195397654 0 0 0
C@CP 3390 -0.116810473 0.121508602 0.299522331 0 0 0
C@CP 3391 0.237201913 -0.294457541 0.173729686 0 0 0
C@CP 3392 -0.272902789 -0.259629682 0.194633075 0 0 0
C@CP 3393 0.384335924 0.0444005274 -0.0471777389 0 0 0
C@CP 3394 -0.0101201792 -0.186202529 -0.328392771 0 0 0
C@CP 3395 -0.413149387 -0.0272810927 0.228245193 0 0 0
C@CP 3396 0.0271672491 -0.0640905734 0.125377142 0 0 0
C@CP 3397 -0.177148641 -0.0200697648 -0.239821041 0 0 0
C@CP 3398 0.210751041 -0.229938166 0.251673972 0 0 0
C@CP 3399 0.105847817 -0.267203508 0.101373941 0 0 0
C@CP 3400 -0.264570184 0.314022067 0.133459637 0 0 0
C@CP 3401 0.329529709 -0.108393644 -0.261910872 0 0 0
C@CP 3402 0.144730014 0.276876625 -0.325896476 0 0 0
C@CP 3403 -0.29982563 0.221750108 0.234764867 0 0 0
C@CP 3404 0.246018933 -0.310221957 0.12708598 0 0 0
C@CP 3405 0.356299924 -0.26969962 0.0325615634 0 0 0
C@CP 3406 0.103335061 -0.046187779 0.15814402 0 0 0
C@CP 3407 0.0800622329 0.418731868 0.174953898 0 0 0
C@CP 3408 0.259236189 0.280542278 0.112738938 0 0 0
C@CP 3409 -0.276824163 0.248039307 0.190073912 0 0 0
C@CP 3410 -0.226213306 -0.13425542 -0.354057123 0 0 0
C@CP 3411 0.0241486752 -0.282595517 -0.112200501 0 0 0
C@CP 3412 -0.167007799 -0.351529762 0.151511775 0 0 0
C@CP 3413 0.134126058 0.255753691 -0.195158857 0 0 0
C@CP 3414 -0.347742757 0.135815264 0.0365196815 0 0 0
C@CP 3415 0.438004205 -0.0618673837 -0.152750933 0 0 0
C@CP 3416 -0.178484731 -0.171619469 -0.10259717 0 0 0
C@CP 3417 0.0797301257 -0.350755654 -0.298579196 0 0 0
C@CP 3418 -0.100913503 0.411963443 -0.106889027 0 0 0
C@CP 3419 -0.0882083848 -0.120969943 -0.164221215 0 0 0
C@CP 3420 0.0566990187 0.0646899166 -0.0401128709 0 0 0
C@CP 3421 -0.343091122 -0.225539299 0.2282946 0 0 0
C@CP 3422 0.26345382 0.231007621 -0.234574361 0 0 0
C@CP 3423 -0.0567008536 -0.0851678676 0.164377962 0 0 0
C@CP 3424 -0.27185736 0.100870913 -0.102116435 0 0 0
C@CP 3425 0.32869348 0.24538269 0.0682157198 0 0 0
C@CP 3426 -0.129657074 -0.179745311 0.244134133 0 0 0
C@CP 3427 -0.00934135891 0.121918695 0.235450675 0 0 0
C@CP 3428 0.286713867 -0.0992123724 -0.0450670267 0 0 0
C@CP 3429 0.166591635 -0.177948396 -0.384419409 0 0 0
C@CP 3430 -0.111613857 -0.024667954 0.144547369 0 0 0
C@CP 3431 -0.253603157 -0.20901502 0.189384261 0 0 0
C@CP 3432 0.279495985 -0.11250842 -0.144521615 0 0 0
C@CP 3433 0.268914109 -0.27495873 -0.127491665 0 0 0
C@CP 3434 -0.0418186453 -0.253392957 0.271302757 0 0 0
C@CP 3435 0.173423889 0.0172740037 -0.076609711 0 0 0
C@CP 3436 -0.160279097 -0.281172941 0.234425934 0 0 0
C@CP 3437 0.0770104813 -0.10375583 -0.386732681 0 0 0
C@CP 3438 0.121883148 0.0898310936 -0.115746031 0 0 0
C@CP 3439 0.322911596 -0.145435932 0.153881794 0 0 0
C@CP 3440 0.156805768 -0.171876392 -0.222617814 0 0 0
C@CP 3441 -0.345776039 -0.0266881678 -0.0743167051 0 0 0
C@CP 3442 0.316187737 0.0161221996 0.172318605 0 0 0
C@CP 3443 0.228727512 0.33074407 0.124458826 0 0 0
C@CP 3444 -0.255084303 0.118099693 -0.331554152 0 0 0
C@CP 3445 0.0872734913 0.24643688 -0.0496900119 0 0 0
C@CP 3446 0.0796783336 0.0883421633 -0.111918095 0 0 0
C@CP 3447 0.118630906 -0.0635059445 0.118657246 0 0 0
C@CP 3448 -0.199353669 -0.326423464 0.262683011 0 0 0
C@CP 3449 -0.0652568825 0.0551963282 0.390884337 0 0 0
C@CP 3450 0.20956505 0.170389459 0.104797066 0 0 0
C@CP 3451 0.0622718966 0.04879127 -0.187218689 0 0 0
C@CP 3452 -0.0253230802 0.0640733828 0.113862061 0 0 0
C@CP 3454 -0.267036243 -0.171231015 -0.25264466 0 0 0
C@CP 3455 -0.146360157 0.206050137 -0.312361052 0 0 0
C@CP 3456 0.156552772 -0.39291277 -0.0384859192 0 0 0
C@CP 3457 -0.189351459 0.152565704 -0.172911262 0 0 0
C@CP 3458 0.0195797529 -0.219558913 -0.359447238 0 0 0
C@CP 3459 0.0839770613 0.11721217 0.207663415 0 0 0
C@CP 3460 -0.0422562403 -0.223046562 -0.05856164 0 0 0
C@CP 3461 0.0532428392 -0.231814282 -0.281662794 0 0 0
C@CP 3462 -0.258188339 0.0892616941 -0.0538347641 0 0 0
C@CP 3463 -0.405361951 -0.211199071 0.0215151074 0 0 0
C@CP 3464 -0.034335607 0.00193649081 0.46722949 0 0 0
C@CP 3465 0.145869054 0.15084682 -0.251915425 0 0 0
C@CP 3466 -0.110100508 0.0178602512 0.15127723 0 0 0
C@CP 3467 0.372867528 0.23871701 0.0632657842 0 0 0
C@CP 3468 -0.261518008 0.208944865 -0.277582628 0 0 0
C@CP 3469 -0.121169129 0.353488355 -0.19635452 0 0 0
C@CP 3470 0.141013774 -0.383374544 -0.11758559 0 0 0
C@CP 3471 0.0899704784 -0.119158495 0.000609008837 0 0 0
C@CP 3472 0.112256391 -0.234772936 -0.198278349 0 0 0
C@CP 3473 0.426005595 0.0855189741 -0.0362549954 0 0 0
C@CP 3474 0.247678022 -0.170229489 0.366011239 0 0 0
C@CP 3475 -0.185753943 -0.31634873 -0.255776723 0 0 0
C@CP 3476 0.121182986 -0.228222294 0.330137085 0 0 0
C@CP 3477 -0.233699266 -0.0819332097 -0.239079522 0 0 0
C@CP 3478 0.275080001 -0.0124358326 0.0848080525 0 0 0
C@CP 3479 0.341033713 0.0776545226 0.104515104 0 0 0
C@CP 3480 0.0419857579 -0.151674227 -0.334028446 0 0 0
C@CP 3481 0.115667497 -0.0902976759 -0.16119216 0 0 0
C@CP 3482 0.106760826 -0.315367576 -0.136285493 0 0 0
C@CP 3483 -0.392813932 0.044834778 -0.220645325 0 0 0
C@CP 3484 0.0219917031 -0.316473257 -0.0874300167 0 0 0
C@CP 3485 0.0734162486 -0.365132455 -0.260682152 0 0 0
C@CP 3486 -0.00378944987 -0.0826037453 0.434433685 0 0 0
C@CP 3487 -0.115196215 -0.0329135988 0.0310200398 0 0 0
C@CP 3488 0.064222338 -0.182720932 -0.408005512 0 0 0
C@CP 3489 0.0066779191 0.0887908959 -0.0713330432 0 0 0
C@CP 3490 0.325455078 -0.0375480614 -0.323294143 0 0 0
C@CP 3491 -0.0716236404 0.218289539 0.242638529 0 0 0
C@CP 3492 -0.163164139 -0.240535159 -0.256963781 0 0 0
C@CP 3493 0.325008532 -0.138761646 -0.303941329 0 0 0
C@CP 3494 -0.246958424 0.204169593 -0.213499848 0 0 0
C@CP 3495 0.130189994 -0.256081063 0.192157611 0 0 0
C@CP 3496 -0.117107417 -0.421934067 -0.0371190309 0 0 0
C@CP 3497 0.258057312 -0.158256663 -0.171270386 0 0 0
B@CP 3499 -0.0824414968 0.339768823 0.263748974 0 0 0
C@CP 3500 -0.146625909 0.347320476 0.113048039 0 0 0
C@CP 3501 0.155818296 0.273414503 -0.230156491 0 0 0
C@CP 3502 -0.234950217 0.190115139 0.0816126722 0 0 0
B@CP 3504 -0.234392946 -0.271094365 0.200354039 0 0 0
C@CP 3505 0.405613638 0.044466837 0.15985798 0 0 0
B@CP 3507 -0.211868811 0.34167315 -0.0281999628 0 0 0
C@CP 3508 0.246574346 -0.110021493 -0.297162232 0 0 0
B@CP 3510 -0.128637825 0.203468811 0.363756688 0 0 0
C@CP 3511 0.0782678472 -0.309472695 -0.0301906033 0 0 0
B@CP 3513 -0.344877878 0.0338400727 -0.294439301 0 0 0
C@CP 3514 0.16801479 0.224918265 0.303783108 0 0 0
B@CP 3516 0.308740514 0.0654430946 -0.217062284 0 0 0
C@CP 3517 -0.105317796 -0.358449654 -0.169903722 0 0 0
B@CP 3519 -0.146923888 0.121924448 0.248417008 0 0 0
C@CP 3520 0.0381445191 -0.272637546 -0.381450701 0 0 0
