B@CP 1004 -0.127515895 -0.12351204 0.398616618 0 0 0
B@CP 1005 -0.151864881 0.178163061 0.239451776 0 0 0
B@CP 1008 -0.0653580289 -0.352820685 0.0225236276 0 0 0
B@CP 1014 0.284965355 -0.273193146 0.0584027755 0 0 0
B@CP 1018 0.216654915 0.0569263043 -0.225199856 0 0 0
B@CP 1020 0.223374377 0.133690499 -0.134650281 0 0 0
B@CP 1025 0.323602937 0.233449595 -0.0692299357 0 0 0
B@CP 1026 0.0115684221 -0.107835446 -0.0661881001 0 0 0
B@CP 1032 -0.0744733582 -0.307225085 0.0233509758 0 0 0
B@CP 1033 -0.178640366 0.387775077 -0.0462417213 0 0 0
B@CP 1034 0.102669758 -0.0532834813 0.286218319 0 0 0
B@CP 1036 0.148649037 -0.317971534 0.179697817 0 0 0
B@CP 1040 0.144099677 -0.207301949 -0.207903505 0 0 0
B@CP 1041 0.333581681 -0.178216912 0.248783114 0 0 0
B@CP 1042 0.35722576 0.067399446 -0.206390014 0 0 0
B@CP 1045 0.198848748 0.33788069 -0.0863957759 0 0 0
B@CP 1046 -0.141307315 0.202359684 -0.174451322 0 0 0
B@CP 1047 0.185683485 -0.215424751 -0.124839451 0 0 0
B@CP 1055 0.0050827612 -0.151251033 0.249315731 0 0 0
B@CP 1056 0.383391961 0.0903909176 -0.000387978694 0 0 0
B@CP 1059 -0.0964779954 -0.248169148 -0.243463816 0 0 0
B@CP 1063 -0.372307062 -0.0825661169 0.0196822585 0 0 0
B@CP 1065 -0.255656696 -0.347898097 0.144984149 0 0 0
B@CP 1066 -0.29968192 0.125508131 0.041053589 0 0 0
B@CP 1068 0.147142314 -0.411712361 0.0816838788 0 0 0
B@CP 1069 0.0820098324 0.0845229256 0.0720200012 0 0 0
B@CP 1070 0.330285339 -0.178379695 -0.21993223 0 0 0
B@CP 1077 -0.228394495 -0.130082441 0.214153181 0 0 0
B@CP 1080 0.378344765 -0.122080992 -0.134915439 0 0 0
B@CP 1083 -0.0311372899 0.185115947 -0.241915836 0 0 0
B@CP 1084 0.0203930153 0.309183047 0.132283262 0 0 0
B@CP 1085 0.145843947 -0.120970008 -0.309170208 0 0 0
B@CP 1089 -0.236823342 0.384184301 -0.00291554043 0 0 0
B@CP 1091 -0.0317316703 -0.12060694 -0.254212429 0 0 0
B@CP 1092 -0.132352039 -0.383510005 -0.209763525 0 0 0
B@CP 1093 -0.220058599 -0.300013779 0.169022001 0 0 0
B@CP 1094 0.252033563 -0.139985957 0.362840246 0 0 0
B@CP 1099 0.0821411268 -0.247528744 0.193291678 0 0 0
B@CP 1100 -0.248594675 0.410509 0.00370027077 0 0 0
B@CP 1104 -0.0360272571 -0.353686574 0.111288957 0 0 0
B@CP 1105 -0.41906194 0.0341573439 0.169894063 0 0 0
B@CP 1106 -0.269587282 0.222668638 0.0138758918 0 0 0
B@CP 1107 -0.0535505605 -0.329304376 0.0667630706 0 0 0
B@CP 1109 0.281302007 -0.0663271078 0.102024253 0 0 0
B@CP 1110 -0.201460721 -0.27468516 -0.0516227422 0 0 0
B@CP 1117 -0.385696756 0.195337395 0.0192719374 0 0 0
B@CP 1118 0.124813187 -0.113760209 0.361493724 0 0 0
B@CP 1121 0.102918611 -0.0354144767 0.371252171 0 0 0
B@CP 1122 -0.0421545423 0.374859038 -0.144573119 0 0 0
B@CP 1123 -0.199126425 0.0177878535 0.125982302 0 0 0
B@CP 1125 -0.0236009057 -0.251882871 0.380015582 0 0 0
B@CP 1131 -0.277496461 0.0254923289 -0.0789668324 0 0 0
B@CP 1139 0.26235512 -0.173011319 0.00868084903 0 0 0
B@CP 1143 -0.299159181 0.354467857 -0.0466893943 0 0 0
B@CP 1146 0.0560076294 -0.475975133 0.0084238907 0 0 0
B@CP 1147 -0.0713191653 -0.208086399 -0.213439227 0 0 0
B@CP 1149 -0.405549593 0.0568570327 0.165402797 0 0 0
B@CP 1152 -0.457856435 0.0265735824 0.0764363891 0 0 0
B@CP 1154 -0.172687836 0.251261167 -0.0672178185 0 0 0
B@CP 1155 0.307529386 -0.10146554 0.264196602 0 0 0
B@CP 1160 0.0287077701 0.256154587 -0.0873048763 0 0 0
B@CP 1161 0.208408956 -0.0440403966 0.387016671 0 0 0
B@CP 1162 0.223803371 0.100772627 0.387526036 0 0 0
B@CP 1163 -0.0319489131 -0.208137895 -0.224580968 0 0 0
B@CP 1166 0.406897911 -0.0456731428 -0.0961425929 0 0 0
B@CP 1167 -0.365747041 0.0999381379 0.227984682 0 0 0
B@CP 1170 -0.0333588216 -0.157634718 -0.165079494 0 0 0
B@CP 1171 -0.161007301 -0.133393195 -0.362194752 0 0 0
B@CP 1176 0.370876811 0.0798146147 0.265519551 0 0 0
B@CP 1179 0.0291409164 -0.118749761 -0.00608027615 0 0 0
B@CP 1185 -0.0873737817 0.0286292874 -0.139992663 0 0 0
B@CP 1186 -0.42411674 -0.0826859138 -0.135138023 0 0 0
B@CP 1187 0.415700419 -0.109466014 -0.183239589 0 0 0
B@CP 1188 0.182110441 -0.0278711548 -0.0170469647 0 0 0
B@CP 1189 -0.14774744 0.30015215 0.234113334 0 0 0
B@CP 1190 0.00764730992 -0.219550797 -0.176600742 0 0 0
B@CP 1191 0.00754054378 -0.129091768 0.426062208 0 0 0
B@CP 1192 -0.15881913 0.0266473705 -0.272235323 0 0 0
B@CP 1196 -0.000649197461 -0.343048886 -0.222339625 0 0 0
B@CP 1197 0.0607989405 -0.00431019746 0.330201038 0 0 0
B@CP 1206 -0.154011794 -0.0534514631 -0.124876329 0 0 0
B@CP 1211 0.00421404994 0.257664965 -0.149209305 0 0 0
B@CP 1221 0.173728525 0.128250296 -0.247824001 0 0 0
B@CP 1222 -0.1570934 -0.373504229 0.0792783298 0 0 0
B@CP 1225 -0.117159875 -0.061424812 0.18983336 0 0 0
B@CP 1226 -0.0311801923 0.319657685 -0.276672771 0 0 0
B@CP 1228 -0.176970199 0.00434027486 -0.232459438 0 0 0
B@CP 1229 -0.0388666015 0.174860523 0.328532224 0 0 0
B@CP 1234 -0.00832642186 0.144247169 0.192593895 0 0 0
B@CP 1237 -0.184667633 -0.343619555 0.186283558 0 0 0
B@CP 1239 -0.161936525 0.308094472 0.0351927184 0 0 0
B@CP 1241 0.0227400172 0.13320243 0.164085363 0 0 0
B@CP 1242 0.158840457 0.028672812 -0.325143296 0 0 0
B@CP 1245 0.250030777 -0.219612078 -0.202923509 0 0 0
B@CP 1248 -0.200194731 -0.141495687 0.0644666625 0 0 0
B@CP 1257 0.153419379 0.0874080081 0.241689229 0 0 0
B@CP 1259 0.214293013 0.363799746 0.105870567 0 0 0
B@CP 1262 -0.21289096 -0.224532766 -0.277854195 0 0 0
B@CP 1263 -0.200735103 0.207708059 0.260034799 0 0 0
B@CP 1264 0.0204871585 -0.0286378256 0.258629573 0 0 0
B@CP 1268 0.330400067 0.028948123 -0.264462397 0 0 0
B@CP 1274 -0.0271855184 0.166778745 -0.305106616 0 0 0
B@CP 1275 0.0355667659 -0.228589564 -0.361086837 0 0 0
B@CP 1280 0.0626392981 0.219679455 -0.0208865976 0 0 0
B@CP 1281 -0.0761735665 0.254577454 -0.00191464755 0 0 0
B@CP 1284 -0.262312778 0.0587249094 0.0485656183 0 0 0
B@CP 1285 -0.197117102 -0.103848442 -0.120279601 0 0 0
B@CP 1291 -0.179834211 -0.0242197934 0.211604553 0 0 0
B@CP 1293 -0.0878291699 -0.244400018 -0.332637613 0 0 0
B@CP 1299 0.256253159 0.1124192 0.0280161375 0 0 0
B@CP 1302 -0.257290114 -0.0856751034 -0.133564057 0 0 0
B@CP 1305 0.257492867 0.344475291 -0.0980838725 0 0 0
B@CP 1306 0.117185012 0.00177184987 -0.286279544 0 0 0
B@CP 1312 0.226430207 0.279023843 0.141619622 0 0 0
B@CP 1318 -0.399967232 0.216959107 -0.0741207792 0 0 0
B@CP 1320 0.245178839 -0.169305079 -0.277015814 0 0 0
B@CP 1323 -0.0886951507 -0.351222403 0.24377024 0 0 0
B@CP 1324 -0.333426289 0.15316122 0.0452210949 0 0 0
B@CP 1326 -0.041624369 0.290870961 -0.338713161 0 0 0
B@CP 1330 -0.328327509 -0.0810434638 -0.15635138 0 0 0
B@CP 1332 0.200540214 0.302236374 0.271743014 0 0 0
B@CP 1335 -0.137090882 -0.0105071228 -0.278040787 0 0 0
B@CP 1342 -0.214545756 0.312143069 -0.0667042871 0 0 0
B@CP 1343 0.0287756726 0.161101273 -0.221971859 0 0 0
B@CP 1345 0.230939871 0.0258846927 0.330790229 0 0 0
B@CP 1348 0.347885288 -0.000649067484 0.104764292 0 0 0
B@CP 1354 0.15181452 0.224663245 0.252447348 0 0 0
B@CP 1356 -0.187902349 0.0244280343 -0.222132178 0 0 0
B@CP 1362 -0.212907127 -0.418799022 0.0532439354 0 0 0
B@CP 1363 0.0619395879 0.00552616869 0.354819857 0 0 0
B@CP 1365 -0.189821464 -0.241278491 -0.260845364 0 0 0
B@CP 1367 -0.294516052 -0.00948868844 -0.0171938762 0 0 0
B@CP 1370 0.16864492 0.0713561811 0.302823783 0 0 0
B@CP 1371 -0.0180536199 0.0380285632 0.0120279293 0 0 0
B@CP 1372 0.361220367 0.0358039011 0.154500453 0 0 0
B@CP 1373 -0.151219201 -0.244582585 0.344325774 0 0 0
B@CP 1375 -0.325190324 0.24408805 -0.205072037 0 0 0
B@CP 1379 -0.0109052895 -0.144873981 0.112881991 0 0 0
B@CP 1385 0.101915442 -0.026710522 -0.177578127 0 0 0
B@CP 1387 0.137605977 0.0732273905 0.171540103 0 0 0
B@CP 1390 0.102239416 0.283997643 0.303693333 0 0 0
B@CP 1391 -0.138343122 0.358737376 -0.243454152 0 0 0
B@CP 1393 -0.0557409514 0.0711873994 -0.437808853 0 0 0
B@CP 1398 -0.0443670582 -0.405088869 0.197633368 0 0 0
B@CP 1406 0.204761692 0.199229377 0.120364223 0 0 0
B@CP 1408 0.368678937 -0.0151829765 -0.0911860027 0 0 0
B@CP 1410 -0.126267525 -0.227373491 -0.0936006205 0 0 0
B@CP 1416 0.0301694877 0.159627593 -0.319289211 0 0 0
B@CP 1417 0.163726131 0.109527414 0.0656819439 0 0 0
B@CP 1422 -0.0196035017 -0.130286555 0.444111749 0 0 0
B@CP 1423 0.0651081111 -0.12735725 0.358364032 0 0 0
B@CP 1424 -0.318148752 0.239163204 0.0398840615 0 0 0
B@CP 1428 -0.217977259 -0.082783479 -0.23277303 0 0 0
B@CP 1429 -0.226192844 -0.169572977 -0.341547916 0 0 0
B@CP 1433 -0.0149323848 0.302188111 -0.147083209 0 0 0
B@CP 1434 0.104630357 -0.290663489 -0.127805939 0 0 0
B@CP 1436 0.0858713231 -0.0408562261 -0.283943725 0 0 0
B@CP 1438 -0.317799329 -0.0841901131 0.249596294 0 0 0
B@CP 1439 -0.204946376 -0.0025279199 -0.139115793 0 0 0
B@CP 1446 0.166966758 0.286362142 -0.183027343 0 0 0
B@CP 1448 0.0116640124 -0.289369905 -0.0784141878 0 0 0
B@CP 1452 -0.379655211 0.204168431 0.135866862 0 0 0
B@CP 1453 -0.131737756 0.418031046 0.164761325 0 0 0
B@CP 1454 0.406987309 0.0178761109 -0.123354722 0 0 0
B@CP 1465 -0.0212845693 0.0631534618 -0.0929386473 0 0 0
B@CP 1466 -0.303253785 -0.0659142771 -0.313607722 0 0 0
B@CP 1470 0.237265528 -0.0771421677 0.192612293 0 0 0
B@CP 1471 -0.156283337 0.264357298 -0.201712267 0 0 0
B@CP 1478 -0.191367453 -0.000615619598 -0.203280468 0 0 0
B@CP 1481 0.265487087 -0.322534684 -0.036001594 0 0 0
B@CP 1482 -0.14585001 -0.437711912 0.00283151232 0 0 0
B@CP 1483 -0.135780338 -0.0334267889 0.314329325 0 0 0
B@CP 1486 0.198110045 -0.0961858899 -0.157331369 0 0 0
B@CP 1489 -0.407707283 0.133313009 8.68918596e-05 0 0 0
B@CP 1490 0.138526602 -0.411702964 -0.161117683 0 0 0
B@CP 1491 -0.135155757 -0.165698206 -0.0160510355 0 0 0
B@CP 1492 -0.267133519 -0.0554777028 0.369267846 0 0 0
B@CP 1495 0.31242858 0.0368049681 -0.243344012 0 0 0
B@CP 1500 -0.0288100703 0.0299474776 -0.246698977 0 0 0
B@CP 1504 0.324793593 0.207258119 0.058627487 0 0 0
B@CP 1505 -0.154685705 0.065151139 -0.0936597997 0 0 0
B@CP 1509 -0.352773356 0.250273521 -0.106981017 0 0 0
B@CP 1515 -0.190937498 -0.232793611 -0.214303888 0 0 0
B@CP 1519 0.339030664 -0.287671022 0.103917343 0 0 0
B@CP 1523 0.245898531 0.215565026 -0.114820372 0 0 0
B@CP 1524 0.0358316219 -0.38509154 -0.00200771081 0 0 0
B@CP 1526 0.114783713 0.426102391 0.161766723 0 0 0
B@CP 1527 -0.391322552 -0.243456811 0.0773188039 0 0 0
B@CP 1530 0.0116133547 0.124887778 -0.410111355 0 0 0
B@CP 1534 -0.44189587 0.0179325024 0.0558350447 0 0 0
B@CP 1536 -0.159122835 0.209170632 0.22326112 0 0 0
B@CP 1551 -0.372400733 0.129808573 0.0269623891 0 0 0
B@CP 1552 0.0579324894 0.42941939 -0.0717079986 0 0 0
B@CP 1555 -0.19825275 0.360363603 0.104127416 0 0 0
B@CP 1561 -0.237362361 -0.134673684 -0.171212035 0 0 0
B@CP 1567 -0.285321619 0.174882833 -0.0136679567 0 0 0
B@CP 1569 -0.192267084 0.181989008 0.153343352 0 0 0
B@CP 1572 -0.217366026 -0.0851513655 -0.0218855882 0 0 0
B@CP 1573 -0.169361814 0.104919884 -0.0804019072 0 0 0
B@CP 1576 -0.351546902 -0.0690376345 0.0245172954 0 0 0
B@CP 1580 -0.0718417257 -0.289889626 -0.125163496 0 0 0
B@CP 1583 -0.141351582 0.153812787 0.0467866756 0 0 0
B@CP 1584 -0.0377525915 0.0410806004 0.269703486 0 0 0
B@CP 1586 0.201937507 -0.0486101511 -0.346053073 0 0 0
B@CP 1588 -0.278423641 0.0973841671 -0.243965642 0 0 0
B@CP 1589 -0.114742201 0.106225503 -0.304822638 0 0 0
B@CP 1596 -0.217969248 -0.0114743069 -0.203081106 0 0 0
B@CP 1600 -0.102207075 -0.291247169 0.289800193 0 0 0
B@CP 1606 0.176176747 0.0332446752 0.35001174 0 0 0
B@CP 1609 -0.00627341635 -0.257161951 -0.268045043 0 0 0
B@CP 1611 0.0972857359 0.113893531 0.260277399 0 0 0
B@CP 1613 -0.411903579 0.0894692351 -0.0800737724 0 0 0
B@CP 1625 0.300437597 0.111145851 0.293721119 0 0 0
B@CP 1630 0.147501155 -0.257317242 0.267979359 0 0 0
B@CP 1637 -0.0187323879 -0.213453524 0.347041966 0 0 0
B@CP 1638 0.0977769749 -0.169373891 -0.344248727 0 0 0
B@CP 1642 0.134137276 -0.0463227466 0.0557862922 0 0 0
B@CP 1645 0.0617374903 -0.113449618 0.328069971 0 0 0
B@CP 1649 0.180294767 -0.122666645 -0.118277425 0 0 0
B@CP 1655 -0.0552726131 0.211107382 0.230778441 0 0 0
B@CP 1656 -0.128167726 0.331866471 -0.0306417742 0 0 0
B@CP 1673 -0.419687438 0.101007525 0.0639385755 0 0 0
B@CP 1678 0.314246824 -0.170308073 0.256002603 0 0 0
B@CP 1679 0.284458444 -0.312590189 -0.190510206 0 0 0
B@CP 1681 0.162272421 0.12378636 0.377702225 0 0 0
B@CP 1686 -0.206652921 0.0252518077 0.241491401 0 0 0
B@CP 1690 0.178634824 -0.181189067 0.202645212 0 0 0
B@CP 1694 0.0639736948 0.0274727218 0.374758979 0 0 0
B@CP 1696 0.180156979 -0.00771729833 0.0785257473 0 0 0
B@CP 1697 0.175407793 -0.281291198 0.037120492 0 0 0
B@CP 1701 0.120550444 0.252112131 -0.153500167 0 0 0
B@CP 1703 -0.226534765 -0.0729507232 0.20817023 0 0 0
B@CP 1710 -0.170303795 0.412213735 -0.144224232 0 0 0
B@CP 1719 0.0527245942 0.0256660147 -0.0115235004 0 0 0
B@CP 1722 -0.168018306 0.193703895 -0.148977789 0 0 0
B@CP 1727 0.370584623 0.0463330653 0.200919358 0 0 0
B@CP 1733 0.26642998 0.31813156 -0.0892597959 0 0 0
B@CP 1735 -0.00946446801 0.151936954 -0.0789486797 0 0 0
B@CP 1736 -0.129512714 0.299274145 -0.0174625898 0 0 0
B@CP 1739 -0.337811176 -0.146172511 0.128176671 0 0 0
B@CP 1740 -0.0462774846 -0.252292617 0.165687321 0 0 0
B@CP 1743 0.133824455 0.219751394 0.156617133 0 0 0
B@CP 1745 -0.246444841 -0.00387695277 0.0308665413 0 0 0
B@CP 1746 -0.0513570048 0.353185908 -0.0509019473 0 0 0
B@CP 1747 0.197682993 0.140030591 0.23428928 0 0 0
B@CP 1748 -0.226098462 0.178345359 0.0739563528 0 0 0
B@CP 1751 -0.326953152 0.126403713 -0.158833387 0 0 0
B@CP 1752 -0.307176229 0.109823978 0.317891595 0 0 0
B@CP 1755 0.0276991459 -0.0707136299 0.434211185 0 0 0
B@CP 1763 -0.262884874 0.312524556 0.0654485655 0 0 0
B@CP 1774 0.306418112 0.136226309 -0.231721766 0 0 0
B@CP 1777 -0.108050203 0.224241365 -0.345633905 0 0 0
B@CP 1781 0.231004435 0.05189525 0.0113062213 0 0 0
B@CP 1789 -0.237673474 -0.0963837082 0.13418162 0 0 0
B@CP 1790 -0.0928821071 0.306366439 -0.119788687 0 0 0
B@CP 1793 -0.247743845 -0.154716426 0.197326283 0 0 0
B@CP 1800 -0.0326955894 0.352028601 -0.207560181 0 0 0
B@CP 1802 0.0726361964 -0.0704493432 -0.0150303699 0 0 0
B@CP 1803 0.0133672738 -0.289414455 -0.15567977 0 0 0
B@CP 1804 -0.145492328 -0.326946777 0.292288614 0 0 0
B@CP 1807 -0.287784191 0.242948204 -0.148657241 0 0 0
B@CP 1814 0.0410365721 -0.289279718 -0.326957288 0 0 0
B@CP 1815 -0.340695021 0.224509722 0.0491954153 0 0 0
B@CP 1817 -0.0943596473 -0.204076655 -0.134824081 0 0 0
B@CP 1819 0.164643008 0.249989287 -0.0131451389 0 0 0
B@CP 1822 0.372306145 0.268574837 0.0840616709 0 0 0
B@CP 1823 -0.39974913 -0.226248182 -0.0837122968 0 0 0
B@CP 1826 -0.148098296 0.0439066734 0.29179525 0 0 0
B@CP 1828 -0.188628668 0.142055247 -0.00190816149 0 0 0
B@CP 1835 0.0639904417 -0.0458923821 -0.250358228 0 0 0
B@CP 1836 0.266232693 0.0746589888 0.260086019 0 0 0
B@CP 1838 0.0761402295 -0.147112958 -0.087996067 0 0 0
B@CP 1840 0.227759853 -0.321987667 -0.219144556 0 0 0
B@CP 1842 -0.333159943 -0.2755132 0.0414257169 0 0 0
B@CP 1844 0.456644489 -0.0265512713 -0.0329238256 0 0 0
B@CP 1847 0.0755287177 0.285131705 0.0279490176 0 0 0
B@CP 1848 -0.163011737 -0.143175676 -0.113322736 0 0 0
B@CP 1851 -0.161926623 0.221088425 -0.272017365 0 0 0
B@CP 1852 -0.0196185664 0.324996104 0.051820117 0 0 0
B@CP 1855 -0.317385895 0.0463532645 0.205777178 0 0 0
B@CP 1856 -0.131172807 0.196047285 0.403370756 0 0 0
B@CP 1858 -0.123161348 -0.0815522372 0.357312742 0 0 0
B@CP 1861 0.146105086 -0.253719053 -0.131628467 0 0 0
B@CP 1862 0.129878112 -0.429398613 0.12420802 0 0 0
B@CP 1866 0.172824034 -0.133157192 0.341750685 0 0 0
B@CP 1870 -0.242261398 0.314223804 0.00636993912 0 0 0
B@CP 1872 -0.237110194 0.0688751558 0.215716908 0 0 0
B@CP 1873 -0.151733154 -0.319062498 0.285182552 0 0 0
B@CP 1877 -0.3204128 -0.0171116797 -0.31177454 0 0 0
B@CP 1879 -0.0536903199 0.356421635 0.0622549284 0 0 0
B@CP 1880 -0.305743841 -0.115339879 -0.105412674 0 0 0
B@CP 1881 -0.107187814 0.312069793 -0.00987131532 0 0 0
B@CP 1883 0.0913048387 0.107065516 0.372695502 0 0 0
B@CP 1887 -0.0300824534 -0.297483446 -0.000468184415 0 0 0
B@CP 1890 0.320402975 0.187013073 -0.0615957965 0 0 0
B@CP 1891 -0.218852334 0.000186799405 0.37643186 0 0 0
B@CP 1892 -0.138678473 0.0911958758 0.0753482517 0 0 0
B@CP 1893 0.148583355 0.188361934 0.410031985 0 0 0
B@CP 1899 0.159628586 0.361902248 0.0759787769 0 0 0
B@CP 1901 -0.135491507 -0.266506914 -0.226210434 0 0 0
B@CP 1903 -0.0717176507 -0.339079162 -0.220428635 0 0 0
B@CP 1906 -0.286742323 -0.0536014443 0.222795649 0 0 0
B@CP 1909 -0.407246921 -0.0343487271 -0.207529951 0 0 0
B@CP 1910 0.124162219 -0.367190677 0.124171519 0 0 0
B@CP 1911 -0.0406343981 -0.0539652856 -0.325762294 0 0 0
B@CP 1915 -0.278967121 -0.025049377 -0.0911808072 0 0 0
B@CP 1917 0.033891605 -0.381845568 0.173574687 0 0 0
B@CP 1920 0.00695066956 0.23553643 0.104667086 0 0 0
B@CP 1921 -0.118028664 0.335810942 -0.128186059 0 0 0
B@CP 1922 -0.166991685 -0.0640611681 -0.293026175 0 0 0
B@CP 1925 -0.015729308 -0.365788242 -0.156985274 0 0 0
B@CP 1935 -0.102483839 -0.332002773 0.0790527778 0 0 0
B@CP 1937 -0.0914841938 -0.15044839 0.194203268 0 0 0
B@CP 1939 -0.12855445 -0.032868915 -0.390479386 0 0 0
B@CP 1950 -0.131873884 0.294828286 0.107249678 0 0 0
B@CP 1955 -0.37983605 0.151320801 -0.219895315 0 0 0
B@CP 1958 0.285943144 -0.386062022 0.0233344759 0 0 0
B@CP 1967 0.0612116088 -0.153956098 0.393659673 0 0 0
B@CP 1970 0.0581048152 -0.212773644 0.180768494 0 0 0
B@CP 1974 -0.176500381 -0.10377149 -0.0873014124 0 0 0
B@CP 1980 -0.279569468 -0.273235005 0.0905521596 0 0 0
B@CP 1993 0.30620729 0.23686936 0.0288824132 0 0 0
B@CP 1994 -0.0693840879 -0.34315493 -0.241420596 0 0 0
B@CP 1996 -0.0393436813 0.261539983 -0.249461307 0 0 0
B@CP 1999 0.0159118606 -0.118107398 0.0222108187 0 0 0
B@CP 2002 -0.140534543 -0.0808424722 -0.180325003 0 0 0
B@CP 2005 -0.0597450178 -0.43560322 0.108424031 0 0 0
B@CP 2013 -0.00886176226 0.350148205 -0.0526207216 0 0 0
B@CP 2019 0.173130184 -0.0548644211 -0.382481907 0 0 0
B@CP 2021 -0.00859468676 -0.154955822 0.241336164 0 0 0
B@CP 2022 -0.265972984 0.112453598 -0.228518859 0 0 0
B@CP 2024 -0.377584295 0.111793362 -0.206211692 0 0 0
B@CP 2025 0.179299715 0.0864629258 -0.276934178 0 0 0
B@CP 2026 0.361516786 -0.106919709 -0.1636161 0 0 0
B@CP 2028 0.24459865 -0.220398209 -0.277789196 0 0 0
B@CP 2029 0.0845783322 0.323030213 -0.304435089 0 0 0
B@CP 2032 -0.296052081 0.192593511 -0.132063858 0 0 0
B@CP 2033 -0.350899233 0.0477267763 -0.15516909 0 0 0
B@CP 2034 0.129440408 0.304480415 -0.314553955 0 0 0
B@CP 2036 -0.303203198 0.116919717 0.2619338 0 0 0
B@CP 2037 0.0363712456 0.446681429 -0.101890632 0 0 0
B@CP 2040 0.237286572 -0.362559191 0.151476429 0 0 0
B@CP 2042 -0.11449417 -0.0267681853 0.418844555 0 0 0
B@CP 2043 -0.178740984 0.434239624 0.0109302204 0 0 0
B@CP 2048 -0.282895407 0.262215816 -0.16635514 0 0 0
B@CP 2050 -0.332526054 -0.0766236366 -0.166716272 0 0 0
B@CP 2053 0.247412289 -0.0685326226 -0.338111827 0 0 0
B@CP 2057 0.0923913992 0.354550008 0.0600010129 0 0 0
B@CP 2059 -0.254658088 -0.172403492 -0.237302784 0 0 0
B@CP 2060 0.0258936984 0.118360488 -0.226717268 0 0 0
B@CP 2068 0.0907472841 -0.0666414771 0.155604154 0 0 0
B@CP 2076 0.117953362 0.107304937 0.11950542 0 0 0
B@CP 2077 -0.330750822 0.278666427 0.159324391 0 0 0
B@CP 2078 -0.124851853 -0.254371947 0.206909346 0 0 0
B@CP 2079 -0.0751249646 -0.0500513774 -0.279779548 0 0 0
B@CP 2081 -0.0389764098 -0.307999208 0.307726555 0 0 0
B@CP 2082 0.193843743 0.337247608 0.0788280409 0 0 0
B@CP 2083 0.0510433127 0.208060693 -0.253994723 0 0 0
B@CP 2086 -0.351254052 0.158051258 0.257052563 0 0 0
B@CP 2087 0.168237438 -0.175069112 0.38589539 0 0 0
B@CP 2091 -0.0386674794 -0.29106834 -0.102084991 0 0 0
B@CP 2095 -0.0589143421 -0.0691481037 -0.125751532 0 0 0
B@CP 2103 -0.453005256 0.0577774386 0.087291415 0 0 0
B@CP 2105 0.373662599 0.046104018 0.260064456 0 0 0
B@CP 2109 -0.175650573 -0.0573917514 0.265147469 0 0 0
B@CP 2110 -0.142606573 0.204209336 0.0410308697 0 0 0
B@CP 2111 -0.305006644 -0.181980068 0.194806471 0 0 0
B@CP 2113 -0.141923188 -0.113789757 -0.249445063 0 0 0
B@CP 2114 -0.19373348 0.311982531 -0.0542271759 0 0 0
B@CP 2115 -0.242885322 0.302195341 0.066983888 0 0 0
B@CP 2117 -0.279225178 0.000598031062 -0.344582239 0 0 0
B@CP 2118 0.0575061425 -0.112014816 -0.196668272 0 0 0
B@CP 2119 -0.255149598 -0.0730718422 -0.142604928 0 0 0
B@CP 2125 0.0513213083 0.0163190296 -0.133258081 0 0 0
B@CP 2127 0.034031558 0.0259845555 -0.348301179 0 0 0
B@CP 2130 0.0814402475 -0.183509805 0.112347851 0 0 0
B@CP 2131 -0.0536646707 0.259356253 -0.104255206 0 0 0
B@CP 2133 0.0631217351 0.00965742898 0.416418538 0 0 0
B@CP 2134 0.273373839 -0.156350486 -0.307238824 0 0 0
B@CP 2136 -0.0907100953 -0.0881041548 0.176260367 0 0 0
B@CP 2141 0.0517346733 -0.0559187001 -0.145860092 0 0 0
B@CP 2144 0.392091658 -0.234900168 -0.0125345281 0 0 0
B@CP 2145 0.170721992 0.0590372891 -0.345456776 0 0 0
B@CP 2149 -0.2473096 -0.129334077 0.128917093 0 0 0
B@CP 2154 0.0669231226 -0.0824092701 -0.35238829 0 0 0
B@CP 2161 -0.261301984 0.22577626 0.0848560088 0 0 0
B@CP 2164 0.0594958179 -0.372612644 -0.109458018 0 0 0
B@CP 2166 0.313876833 0.156227835 0.0479128368 0 0 0
B@CP 2168 0.39830852 -0.155989456 -0.163931865 0 0 0
B@CP 2169 -0.251878447 0.124426076 0.0307284559 0 0 0
B@CP 2175 -0.272099565 0.00547011118 -0.0577459027 0 0 0
B@CP 2177 -0.0952671775 0.0934674596 -0.385776083 0 0 0
B@CP 2182 -0.109322305 0.362119205 -0.236151149 0 0 0
B@CP 2186 -0.380766868 0.10281448 -0.161938872 0 0 0
B@CP 2188 -0.276856161 -0.0935968781 0.028788059 0 0 0
B@CP 2203 -0.112618343 -0.0326536263 -0.250521173 0 0 0
B@CP 2205 0.110859911 0.218309654 -0.147411028 0 0 0
B@CP 2207 -0.124043302 0.206596347 -0.0508920905 0 0 0
B@CP 2208 0.211813055 -0.355398291 0.0932140115 0 0 0
B@CP 2213 0.192602382 -0.230926105 -0.151787369 0 0 0
B@CP 2215 -0.176844343 -0.0339982408 -0.185182409 0 0 0
B@CP 2217 -0.14782832 -0.136899327 0.285273714 0 0 0
B@CP 2220 0.124620603 -0.0880159304 0.00983390219 0 0 0
B@CP 2221 0.292357522 -0.230834257 0.0176075531 0 0 0
B@CP 2222 0.0120051125 0.416198614 -0.151051527 0 0 0
B@CP 2225 -0.0506791901 -0.16821549 0.0340910001 0 0 0
B@CP 2226 -0.108305846 0.0971222942 0.109725098 0 0 0
B@CP 2228 -0.109941277 0.0784713974 0.294775133 0 0 0
B@CP 2230 -0.270523008 -0.179968039 0.338026791 0 0 0
B@CP 2233 0.129507971 -0.143971019 0.0689885005 0 0 0
B@CP 2234 -0.23271516 -0.158615184 -0.199007652 0 0 0
B@CP 2248 -0.0692151932 0.242287827 -0.199087392 0 0 0
B@CP 2250 0.213638478 -0.0128116931 -0.381247338 0 0 0
B@CP 2251 -0.0486801398 0.142164859 -0.0444977752 0 0 0
B@CP 2252 -0.320114933 -0.314807244 0.0651190982 0 0 0
B@CP 2254 -0.0261632256 -0.100325116 -0.203479147 0 0 0
B@CP 2255 -0.189853486 0.319051476 -0.0558071517 0 0 0
B@CP 2256 -0.164185924 -0.0944388811 -0.179101455 0 0 0
B@CP 2263 -0.253337202 -0.11651571 0.160650319 0 0 0
B@CP 2267 0.327563814 0.188203822 -0.244955561 0 0 0
B@CP 2271 0.237515986 0.13169514 -0.194284853 0 0 0
B@CP 2272 -0.206258971 0.179303517 0.111343663 0 0 0
B@CP 2273 0.0205973378 0.107851447 -0.0625572965 0 0 0
B@CP 2275 -0.18140431 0.249991744 -0.255853425 0 0 0
B@CP 2279 -0.320210478 -0.270349873 -0.155451233 0 0 0
B@CP 2282 0.0328674737 0.122352884 -0.094599886 0 0 0
B@CP 2284 0.255144992 -0.125259242 -0.171396371 0 0 0
B@CP 2285 -0.313373179 -0.32393684 -0.123405813 0 0 0
B@CP 2293 0.052905797 -0.377682084 0.054722577 0 0 0
B@CP 2299 0.0652936199 0.380149585 0.0698346093 0 0 0
B@CP 2300 -0.193291387 0.311470541 -0.0681169773 0 0 0
B@CP 2301 0.139076872 0.0955517676 -0.118215346 0 0 0
B@CP 2303 0.190948969 -0.226766696 -0.0496916182 0 0 0
B@CP 2305 -0.386401416 0.253660124 0.108126317 0 0 0
B@CP 2309 0.35185915 -0.0270523476 -0.169605895 0 0 0
B@CP 2313 0.0823517748 -0.326619786 -0.0266932828 0 0 0
B@CP 2315 -0.0402547594 0.102346881 0.163171111 0 0 0
B@CP 2320 0.0644439891 -0.176974776 0.232503215 0 0 0
B@CP 2325 -0.077747652 -0.360198869 0.0443769645 0 0 0
B@CP 2329 0.187763899 0.277773894 0.111953571 0 0 0
B@CP 2331 -0.109044849 -0.226041702 0.131221085 0 0 0
B@CP 2332 0.117844707 -0.0622972304 0.00438473656 0 0 0
B@CP 2333 0.0994775714 0.16124047 0.0925492801 0 0 0
B@CP 2335 0.0115801856 -0.215481305 0.291699371 0 0 0
B@CP 2336 -0.17704685 0.101179822 -0.39768637 0 0 0
B@CP 2340 -0.287914042 0.272185122 0.0923739716 0 0 0
B@CP 2343 -0.0803807668 -0.0808004325 0.255075963 0 0 0
B@CP 2346 -0.24890014 -0.198275596 0.27019529 0 0 0
B@CP 2348 -0.382102284 0.0924040968 0.203449502 0 0 0
B@CP 2350 0.307561809 -0.131971399 -0.0780545709 0 0 0
B@CP 2351 0.0485575991 0.413454597 -0.0705743638 0 0 0
B@CP 2356 0.100662258 0.328138794 -0.112293851 0 0 0
B@CP 2357 0.261064093 0.124687065 -0.240745671 0 0 0
B@CP 2359 0.142015368 -0.0705916111 -0.276462821 0 0 0
B@CP 2363 0.412607519 0.132083806 -0.0827555258 0 0 0
B@CP 2365 -0.248687802 0.173936038 -0.33257843 0 0 0
B@CP 2368 -0.408186349 0.0410606521 -0.177224779 0 0 0
B@CP 2369 -0.142652547 -0.225802677 -0.0658462646 0 0 0
B@CP 2370 0.277096109 0.268351297 0.060066047 0 0 0
B@CP 2372 0.119927209 -0.317293043 -0.0988976715 0 0 0
B@CP 2373 -0.305731339 0.0388302823 -0.179381174 0 0 0
B@CP 2376 0.0461557208 0.278870455 0.354784697 0 0 0
B@CP 2381 -0.0076869415 -0.0914785836 0.110247683 0 0 0
B@CP 2382 -0.00394291184 -0.14867639 0.306612423 0 0 0
B@CP 2383 0.289219762 0.147055784 0.248442582 0 0 0
B@CP 2386 -0.182825798 -0.312926662 -0.00797652219 0 0 0
B@CP 2388 -0.173737378 -0.283898177 -0.273824132 0 0 0
B@CP 2392 -0.241599897 -0.150999014 0.0941170946 0 0 0
B@CP 2395 -0.10879586 0.258137968 -0.374616574 0 0 0
B@CP 2397 -0.0654917222 0.455860464 0.0679337712 0 0 0
B@CP 2400 0.00528826071 0.0594692848 0.298618178 0 0 0
B@CP 2402 0.0373958841 -0.328105136 0.0975626023 0 0 0
B@CP 2405 -0.284938855 -0.0916781681 -0.00631046408 0 0 0
B@CP 2411 0.123458377 0.263021873 0.264504153 0 0 0
B@CP 2413 0.142382969 -0.0423762912 0.352750682 0 0 0
B@CP 2416 0.215883639 -0.211571039 -0.0820195767 0 0 0
B@CP 2421 -0.155839922 0.280865742 0.228399393 0 0 0
B@CP 2437 -0.33647415 0.0941092813 -0.0436565286 0 0 0
B@CP 2441 0.282530086 0.228362108 0.123594568 0 0 0
B@CP 2456 -0.145279134 0.0537197281 0.163779117 0 0 0
B@CP 2457 0.090135542 -0.0864233158 -0.339644366 0 0 0
B@CP 2459 -0.0993875715 -0.249957232 0.0746632637 0 0 0
B@CP 2460 0.0670571132 0.00537462331 0.415266222 0 0 0
B@CP 2461 -0.0583220223 -0.360178125 0.14441894 0 0 0
B@CP 2462 0.140919393 0.215361575 -0.19971739 0 0 0
B@CP 2467 -0.240875406 0.173822844 0.0495443164 0 0 0
B@CP 2471 0.0875451009 0.0762499153 0.252896774 0 0 0
B@CP 2475 -0.224982008 0.0968332757 0.269028496 0 0 0
B@CP 2477 -0.262986549 -0.199751275 -0.0847976961 0 0 0
B@CP 2481 0.125166008 0.317642675 -0.0573567171 0 0 0
B@CP 2487 0.0362273125 -0.0790953948 -0.216147222 0 0 0
B@CP 2492 0.128474758 -0.386297052 0.018801769 0 0 0
C@CP 2500 0.204273902 0.245135533 -0.294839105 0 0 0
C@CP 2501 0.226626758 0.17131486 -0.298335052 0 0 0
C@CP 2502 -0.0494305775 -0.236664665 -0.224693931 0 0 0
C@CP 2503 0.190085529 0.341549642 -0.132381405 0 0 0
C@CP 2505 -0.261380982 0.360169796 0.0952035012 0 0 0
C@CP 2506 -0.099391652 0.346243824 -0.200497144 0 0 0
C@CP 2507 -0.01003855 0.368363467 0.0573310079 0 0 0
C@CP 2508 -0.418061722 -0.0598051608 0.0765591857 0 0 0
C@CP 2509 0.240552787 0.0365373194 0.233644739 0 0 0
C@CP 2510 -0.10395617 0.0545839896 0.249988009 0 0 0
C@CP 2511 -0.444408369 -0.060754779 -0.0683823169 0 0 0
C@CP 2512 0.323862378 -0.259489306 0.00878831819 0 0 0
C@CP 2513 -0.0521691052 0.27773294 -0.108596058 0 0 0
C@CP 2514 -0.303284885 -0.164187095 0.0908666686 0 0 0
C@CP 2515 -0.359935366 0.100676063 -0.15610787 0 0 0
C@CP 2516 -0.180473546 -0.0702911394 0.0326218251 0 0 0
C@CP 2517 0.335751443 -0.245669458 -0.0574666575 0 0 0
C@CP 2518 0.211318595 0.196928364 -0.189394428 0 0 0
C@CP 2519 0.307141995 -0.0731281292 0.0400449154 0 0 0
C@CP 2520 -0.0313717876 -0.0965854108 0.332511903 0 0 0
C@CP 2521 0.207090696 0.0882170504 -0.171038827 0 0 0
C@CP 2522 -0.283378594 0.203324916 0.0161551292 0 0 0
C@CP 2523 0.124205887 0.102966839 -0.106805431 0 0 0
C@CP 2524 0.19554121 -0.0714011792 0.0752429461 0 0 0
C@CP 2525 0.267522602 -0.149319265 -0.287621235 0 0 0
C@CP 2526 -0.0881596393 0.257355062 -0.316212797 0 0 0
C@CP 2527 -0.408474824 -0.0231074399 0.104943677 0 0 0
C@CP 2528 0.118347181 0.0193933293 -0.376743355 0 0 0
C@CP 2529 0.0536448535 -0.00356818357 -0.00429840339 0 0 0
C@CP 2530 0.259061685 -0.203246715 0.193498638 0 0 0
C@CP 2531 0.0127572893 -0.285367423 0.258251547 0 0 0
C@CP 2532 0.00191267414 -0.0209236384 0.157929334 0 0 0
C@CP 2533 0.0146795085 -0.195133185 -0.103880628 0 0 0
C@CP 2534 -0.177939371 0.355032874 0.249436561 0 0 0
C@CP 2535 -0.378195657 -0.212248126 0.180988789 0 0 0
C@CP 2536 0.19215501 -0.181241215 0.125101773 0 0 0
C@CP 2537 0.286479441 0.00579745138 -0.147104856 0 0 0
C@CP 2538 0.190803385 0.0859358613 -0.258802664 0 0 0
C@CP 2539 -0.390617041 -0.149026367 -0.151021995 0 0 0
C@CP 2540 0.379150108 -0.212550505 -0.110224664 0 0 0
C@CP 2541 -0.359382192 -0.185324657 -0.0890289428 0 0 0
C@CP 2542 -0.215563135 0.271957978 0.263751883 0 0 0
C@CP 2543 -0.171809384 0.0579308164 -0.285770612 0 0 0
C@CP 2544 0.132332675 0.22176748 -0.13852471 0 0 0
C@CP 2545 0.273903901 0.102548162 0.026179789 0 0 0
C@CP 2546 0.0019577274 -0.243748586 0.311303811 0 0 0
C@CP 2547 -0.132629838 -0.0360466937 0.328937275 0 0 0
C@CP 2548 -0.118322444 0.426388965 -0.0532035417 0 0 0
C@CP 2549 -0.340042139 0.084122822 0.151094735 0 0 0
C@CP 2550 0.219883984 -0.196099003 -0.262793453 0 0 0
C@CP 2551 -0.171612682 0.296213872 0.119933443 0 0 0
C@CP 2552 -0.15466091 -0.118046071 0.0600444361 0 0 0
C@CP 2553 -0.134438791 -0.375978788 -0.00357887198 0 0 0
C@CP 2554 0.370286459 -0.192775405 0.0964754572 0 0 0
C@CP 2555 0.350914953 -0.184996464 0.230401396 0 0 0
C@CP 2556 -0.302086365 0.0334571851 0.350626592 0 0 0
C@CP 2557 -0.0301235406 -0.2826902 -0.331818547 0 0 0
C@CP 2558 0.230113136 -0.185229044 0.129967497 0 0 0
C@CP 2559 -0.387346676 0.110549003 0.0956072386 0 0 0
C@CP 2560 0.05515415 0.267792042 -0.106427114 0 0 0
C@CP 2561 0.0178016036 0.342082224 -0.033265922 0 0 0
C@CP 2562 0.0679518909 0.384995436 0.186363803 0 0 0
C@CP 2563 0.130336505 0.118318896 0.378506236 0 0 0
C@CP 2564 0.126090787 0.258615544 -0.363007419 0 0 0
C@CP 2565 0.167611297 -0.364971424 0.24966435 0 0 0
C@CP 2566 0.199026421 0.0640058857 0.268210431 0 0 0
C@CP 2567 -0.0330637157 0.151817186 0.0566489731 0 0 0
C@CP 2568 -0.315316195 -0.197343098 0.0696987563 0 0 0
C@CP 2569 0.296761089 0.326528587 -0.0579620069 0 0 0
C@CP 2570 0.228267081 -0.143767306 -0.385844744 0 0 0
C@CP 2571 0.0438264827 -0.0716509397 0.154722084 0 0 0
C@CP 2572 -0.00178337828 -0.238609536 0.118952318 0 0 0
C@CP 2573 -0.0415349876 0.348904031 0.147332549 0 0 0
C@CP 2574 -0.17385348 -0.40804567 -0.112922498 0 0 0
C@CP 2575 0.074672921 -0.101728643 0.357343159 0 0 0
C@CP 2576 0.288269241 0.236774426 -0.113886761 0 0 0
C@CP 2577 0.137112194 -0.177667684 -0.0604751148 0 0 0
C@CP 2578 -0.0383401656 -0.380793819 0.237141559 0 0 0
C@CP 2579 0.129615948 0.17913628 0.0591615955 0 0 0
C@CP 2580 0.0645786506 -0.25625595 0.146314122 0 0 0
C@CP 2581 0.22214383 0.282661909 0.162142489 0 0 0
C@CP 2582 0.102494704 -0.0821599305 0.303509115 0 0 0
C@CP 2583 0.12655639 -0.271782229 0.10163042 0 0 0
C@CP 2584 0.188046779 0.109278195 0.0879079292 0 0 0
C@CP 2585 -0.106936956 0.391071784 -0.091045653 0 0 0
C@CP 2586 -0.0941956752 0.15480456 -0.425777442 0 0 0
C@CP 2587 -0.236221232 0.00135153369 0.190372199 0 0 0
C@CP 2588 -0.0969939953 -0.10951016 -0.2018262 0 0 0
C@CP 2589 -0.0585593747 0.26867137 -0.0917619438 0 0 0
C@CP 2590 0.338305716 -0.269014019 -0.00533612646 0 0 0
C@CP 2591 -0.200815799 0.00714208366 -0.134842295 0 0 0
C@CP 2592 0.00862291757 0.17380081 -0.255039636 0 0 0
C@CP 2593 0.308450245 -0.0491598068 -0.130649185 0 0 0
C@CP 2594 -0.217293109 -0.215761238 -0.0170161425 0 0 0
C@CP 2595 0.390301638 -0.0934452276 0.101506955 0 0 0
C@CP 2596 0.163030675 -0.108997792 0.385473795 0 0 0
C@CP 2597 0.184352609 0.2350428 -0.133643968 0 0 0
C@CP 2598 0.271766752 -0.0047301253 -0.341232579 0 0 0
C@CP 2599 0.204197222 -0.0828062478 -0.273358809 0 0 0
C@CP 2600 -0.0479441278 -0.0595642823 0.364591466 0 0 0
C@CP 2601 -0.0812816666 -0.277256833 0.0459107548 0 0 0
C@CP 2602 0.0587004882 -0.341147444 -0.252383011 0 0 0
C@CP 2603 -0.0692150597 -0.0860431784 0.330718987 0 0 0
C@CP 2604 0.34997546 -0.182417708 0.212950396 0 0 0
C@CP 2605 0.129882679 0.415404531 -0.131516136 0 0 0
C@CP 2606 0.423891363 -0.0211731302 -0.0520074554 0 0 0
C@CP 2607 0.0563726977 0.158567447 0.434900147 0 0 0
C@CP 2608 -0.164287134 -0.000367294351 -0.170251027 0 0 0
C@CP 2609 0.240794624 -0.136740358 -0.208550311 0 0 0
C@CP 2610 -0.178937275 0.0828666052 0.401160437 0 0 0
C@CP 2611 -0.00796803012 -0.110219462 -0.257937598 0 0 0
C@CP 2612 -0.113856976 -0.0325436243 -0.0957555929 0 0 0
C@CP 2613 0.32483454 -0.129696276 -0.0215551526 0 0 0
C@CP 2614 0.365481931 -0.0889228806 0.0182910803 0 0 0
C@CP 2615 -0.0344679967 -0.310828547 -0.334894276 0 0 0
C@CP 2616 -0.294625293 -0.055743001 0.0324197358 0 0 0
C@CP 2617 -0.144332917 -0.344409377 -0.12869856 0 0 0
C@CP 2618 -0.00161363271 -0.476893366 -0.0212660277 0 0 0
C@CP 2619 -0.399348432 -0.138013195 -0.163207305 0 0 0
C@CP 2620 0.310876622 0.127136037 0.152549768 0 0 0
C@CP 2621 0.0332502774 -0.166954043 0.260547237 0 0 0
C@CP 2622 0.167347565 -0.295137282 0.186941547 0 0 0
C@CP 2623 0.0289827492 0.156844458 -0.423849267 0 0 0
C@CP 2624 -0.187885906 0.0219692864 -0.0674386925 0 0 0
C@CP 2625 -0.28479745 -0.116772769 0.0283624361 0 0 0
C@CP 2626 0.454196131 -0.0792781 0.027715858 0 0 0
C@CP 2627 0.179558762 -0.197176393 -0.0702269628 0 0 0
C@CP 2628 -0.185467595 0.30939541 -0.135953039 0 0 0
C@CP 2629 -0.101300527 -0.183926837 0.0507529632 0 0 0
C@CP 2630 0.279097245 0.306390873 -0.109490842 0 0 0
C@CP 2631 -0.126373377 -0.327256376 -0.263801131 0 0 0
C@CP 2632 -0.171660987 0.168804537 -0.405447732 0 0 0
C@CP 2633 0.254016011 0.245508656 0.273209093 0 0 0
C@CP 2634 -0.222774697 0.136874723 -0.344562173 0 0 0
C@CP 2635 0.0907569666 0.138072257 -0.145810453 0 0 0
C@CP 2636 -0.217444912 -0.114308626 0.158078792 0 0 0
C@CP 2637 0.0407965939 0.324261433 -0.161426962 0 0 0
C@CP 2638 -0.423470526 0.124098515 0.084750357 0 0 0
C@CP 2639 0.0188007573 0.153733893 0.39653561 0 0 0
C@CP 2640 -0.0143242777 -0.304829383 -0.0860149036 0 0 0
C@CP 2641 -0.361731065 -0.235724269 0.13210152 0 0 0
C@CP 2642 -0.209635571 0.21646492 -0.280663034 0 0 0
C@CP 2643 0.133108142 -0.0059499919 -0.355721692 0 0 0
C@CP 2644 -0.0493681187 -0.222012833 -0.293157194 0 0 0
C@CP 2645 0.201698739 -0.156471426 0.0655638392 0 0 0
C@CP 2646 0.113272155 0.224868402 0.0382904719 0 0 0
C@CP 2647 0.0911212959 0.255541244 -0.25705001 0 0 0
C@CP 2648 -0.158910775 -0.279291879 0.102526117 0 0 0
C@CP 2649 -0.154390249 0.22333539 -0.266205333 0 0 0
C@CP 2650 0.183971839 -0.362464655 -0.240237522 0 0 0
C@CP 2651 0.0764543757 -0.352292787 -0.0422062487 0 0 0
C@CP 2652 0.0710509208 0.195088615 0.24673194 0 0 0
C@CP 2653 0.249194721 0.393055899 -0.0355731045 0 0 0
C@CP 2654 -0.156631904 0.133150725 0.305207997 0 0 0
C@CP 2655 -0.395739489 0.0013909242 -0.152918184 0 0 0
C@CP 2656 0.350994586 -0.20274533 0.217342944 0 0 0
C@CP 2657 0.29461531 0.219799798 -0.0847922824 0 0 0
C@CP 2658 -0.0976373272 0.325591836 -0.265338633 0 0 0
C@CP 2659 -0.0439798173 0.368390145 -0.186937735 0 0 0
C@CP 2660 0.27069947 0.301995755 0.083525005 0 0 0
C@CP 2662 -0.0620185474 -0.159510483 0.238785264 0 0 0
C@CP 2663 0.425330001 -0.0934716541 -0.138186945 0 0 0
C@CP 2664 0.415605186 -0.00152530996 -0.200755351 0 0 0
C@CP 2665 -0.17415569 -0.0725974146 -0.384194067 0 0 0
C@CP 2666 0.0225162145 -0.269322113 -0.362942498 0 0 0
C@CP 2667 0.195454699 0.225388672 0.321284816 0 0 0
C@CP 2668 0.0722508104 -0.296044604 -0.247792442 0 0 0
C@CP 2669 -0.112897997 -0.36374222 0.137889224 0 0 0
C@CP 2670 -0.0954007724 0.101497059 -0.0817560747 0 0 0
C@CP 2671 -0.32447092 -0.228596001 -0.117175984 0 0 0
C@CP 2672 -0.348176169 0.15885688 0.0520815437 0 0 0
C@CP 2673 -0.389469365 -0.216816273 0.0424033067 0 0 0
C@CP 2674 -0.0359689574 0.253663118 -0.237466429 0 0 0
C@CP 2675 0.38645094 0.101377277 0.221933278 0 0 0
C@CP 2676 -0.0327113895 -0.350810369 0.109151888 0 0 0
C@CP 2677 0.302613011 0.143206351 -0.118777697 0 0 0
C@CP 2678 0.120553705 0.374741007 -0.152589615 0 0 0
C@CP 2679 0.28321655 0.25655935 -0.209380843 0 0 0
C@CP 2680 -0.100270982 0.115254171 0.237322747 0 0 0
C@CP 2681 0.0245429366 -0.0864005173 0.11346576 0 0 0
C@CP 2682 0.00325535505 -0.0454231145 0.191878564 0 0 0
C@CP 2683 0.150026968 0.183527838 -0.385290881 0 0 0
C@CP 2684 0.0150062253 -0.0950372728 0.246837976 0 0 0
C@CP 2685 -0.0615805022 -0.256365777 -0.257710861 0 0 0
C@CP 2686 -0.340853262 0.0544809684 0.194672984 0 0 0
C@CP 2687 -0.126427603 -0.193283121 -0.324672651 0 0 0
C@CP 2688 0.364251933 0.0888808398 -0.115384566 0 0 0
C@CP 2689 -0.0921951771 -0.355215021 -0.0233468195 0 0 0
C@CP 2690 0.34625524 0.182240105 0.139915488 0 0 0
C@CP 2691 0.206937158 0.0365871983 0.234016361 0 0 0
C@CP 2692 -0.280162775 0.253321846 -0.258527215 0 0 0
C@CP 2693 -0.012322371 -0.114851576 0.155342045 0 0 0
C@CP 2694 0.115343852 -0.0814484645 -0.232500829 0 0 0
C@CP 2695 0.139622515 0.326910439 0.160058325 0 0 0
C@CP 2696 0.0526790933 -0.0916962122 0.270558409 0 0 0
C@CP 2697 -0.184780213 0.287743142 0.0344161257 0 0 0
C@CP 2698 0.00136314249 -0.268171342 0.119403641 0 0 0
C@CP 2699 0.0860669379 0.380945706 -0.249592039 0 0 0
C@CP 2700 -0.148005318 -0.00583667474 -0.255079759 0 0 0
C@CP 2701 -0.134137517 -0.01491811 -0.314681335 0 0 0
C@CP 2702 0.124041865 -0.245837135 0.281442209 0 0 0
C@CP 2703 0.254116426 0.213391678 -0.113240849 0 0 0
C@CP 2704 -9.68223262e-05 0.178721118 0.425144133 0 0 0
C@CP 2705 0.0848440488 -0.148103675 -0.22323051 0 0 0
C@CP 2706 -0.140139013 0.263689661 -0.0665829052 0 0 0
C@CP 2707 -0.129630344 -0.236488654 0.366950506 0 0 0
C@CP 2708 0.109549942 -0.452765133 -0.0139006262 0 0 0
C@CP 2709 -0.321101787 0.032158779 -0.0789445755 0 0 0
C@CP 2710 0.000700776067 -0.329416974 0.177047002 0 0 0
C@CP 2711 -0.133369861 0.0911754558 -0.105531836 0 0 0
C@CP 2712 -0.0914126428 -0.254026751 0.0608215047 0 0 0
C@CP 2713 -0.218148824 -0.0283100171 -0.163171347 0 0 0
C@CP 2714 -0.248924417 0.0390674215 0.373931903 0 0 0
C@CP 2715 0.160371762 0.314532201 -0.229093041 0 0 0
C@CP 2716 -0.157945375 0.067024134 -0.36229749 0 0 0
C@CP 2717 0.143661454 -0.15661585 -0.126275188 0 0 0
C@CP 2718 0.283040951 -0.0332399067 0.131247037 0 0 0
C@CP 2719 -0.184059433 0.292459035 0.288263835 0 0 0
C@CP 2720 -0.198321262 0.254427969 0.0115021757 0 0 0
C@CP 2721 -0.194277146 -0.368379641 -0.133118419 0 0 0
C@CP 2722 0.176056156 -0.348348265 -0.168750448 0 0 0
C@CP 2723 -0.212793853 0.392934564 0.069604494 0 0 0
C@CP 2724 0.149108021 0.00488118117 0.162503416 0 0 0
C@CP 2725 0.145542152 0.421278764 0.00698950522 0 0 0
C@CP 2726 -0.191837146 -0.0878358479 0.103855171 0 0 0
C@CP 2727 0.159134257 0.211113547 -0.195715743 0 0 0
C@CP 2728 -0.15357536 0.124106992 -0.16497685 0 0 0
C@CP 2729 -0.117763245 -0.399882135 -0.142375869 0 0 0
C@CP 2730 -0.225107782 0.00582132375 -0.0532943655 0 0 0
C@CP 2731 -0.219725824 0.108029803 -0.299054159 0 0 0
C@CP 2732 0.44327777 0.0860267887 0.0580445726 0 0 0
C@CP 2733 -0.0160631003 0.00708062457 0.062073644 0 0 0
C@CP 2734 -0.0309846159 0.09427269 -0.046141861 0 0 0
C@CP 2735 -0.114554381 -0.148955925 -0.286006736 0 0 0
C@CP 2736 -0.105167572 -0.332939187 -0.00792733758 0 0 0
C@CP 2737 0.0561567233 -0.269972892 0.298827772 0 0 0
C@CP 2738 0.191293865 -0.0664605021 -0.169743359 0 0 0
C@CP 2739 -0.133579357 0.3310394 0.172448032 0 0 0
C@CP 2740 -0.00856387838 0.292971079 0.299726385 0 0 0
C@CP 2741 -0.162137237 0.141078695 0.346477097 0 0 0
C@CP 2742 0.26139588 0.344105671 0.0927412942 0 0 0
C@CP 2743 0.1094066 -0.14420663 0.329450747 0 0 0
C@CP 2744 0.438973801 -0.0298756461 -0.137722012 0 0 0
C@CP 2745 0.180830791 -0.251563576 0.313485357 0 0 0
C@CP 2746 -0.0731390271 0.30551132 -0.28948004 0 0 0
C@CP 2747 0.0712148301 -0.150186065 0.251206401 0 0 0
C@CP 2748 0.0564211032 -0.187519852 -0.350769735 0 0 0
C@CP 2749 0.0656337315 -0.0492685957 -0.466626642 0 0 0
C@CP 2750 0.188120263 -0.387404979 0.0413215006 0 0 0
C@CP 2751 0.327379481 -0.123962137 -0.0888016363 0 0 0
C@CP 2752 0.198490414 -0.152450815 0.168051242 0 0 0
C@CP 2753 -0.232370586 -0.245618647 -0.00995577966 0 0 0
C@CP 2754 -0.0229588292 0.242593508 0.195817282 0 0 0
C@CP 2755 0.0418418605 0.100539722 0.438850786 0 0 0
C@CP 2756 -0.0472713494 0.329426999 0.135921089 0 0 0
C@CP 2757 0.136027928 0.174477623 0.411234247 0 0 0
C@CP 2758 0.142566687 0.14742682 0.178226592 0 0 0
C@CP 2759 -0.231135388 -0.337289275 -0.12188374 0 0 0
C@CP 2760 -0.289625208 -0.0296792669 -0.100481675 0 0 0
C@CP 2761 -0.0935691974 0.404543282 0.0314664114 0 0 0
C@CP 2762 -0.384621957 -0.0908221896 -0.0737533005 0 0 0
C@CP 2763 0.187865167 -0.124743408 -0.364682713 0 0 0
C@CP 2764 0.126654292 -0.413956619 0.108725941 0 0 0
C@CP 2765 0.0920646215 -0.378211029 -0.091099781 0 0 0
C@CP 2766 0.385481579 -0.146563667 -0.0795827798 0 0 0
C@CP 2767 -0.0608652809 -0.218423142 -0.0670257258 0 0 0
C@CP 2768 0.261808667 -0.180264634 -0.248518128 0 0 0
C@CP 2769 -0.0818553895 -0.363818802 -0.0275913006 0 0 0
C@CP 2770 -0.313369625 -0.21596067 0.0274898535 0 0 0
C@CP 2771 0.208680757 0.0654651032 -0.335472407 0 0 0
C@CP 2772 0.109999297 0.356134127 -0.104708439 0 0 0
C@CP 2773 -0.24167021 0.247130231 -0.224673643 0 0 0
C@CP 2774 -0.337478416 -0.219854568 0.12593197 0 0 0
C@CP 2775 0.173504963 -0.214913154 -0.113543134 0 0 0
C@CP 2776 -0.210808218 0.118121175 0.356723765 0 0 0
C@CP 2777 -0.209857643 0.2293379 -0.101579921 0 0 0
C@CP 2778 0.129049962 -0.166070418 -0.0540946174 0 0 0
C@CP 2779 0.0516280942 0.0510923606 -0.00501621848 0 0 0
C@CP 2780 0.0889048415 -0.311180369 -0.0616485485 0 0 0
C@CP 2781 -0.249138442 0.0899300062 -0.322381698 0 0 0
C@CP 2782 -0.290098888 -0.137144104 0.0981201883 0 0 0
C@CP 2783 -0.228687945 -0.238804144 -0.116824086 0 0 0
C@CP 2784 0.0227671272 0.38731725 0.2406793 0 0 0
C@CP 2785 -0.394504274 -0.021748519 -0.0333369168 0 0 0
C@CP 2786 -0.0130338962 0.00178303818 -0.400068111 0 0 0
C@CP 2787 0.0747396083 0.0801800702 0.241907756 0 0 0
C@CP 2788 -0.204954276 -0.129349586 0.293604158 0 0 0
C@CP 2789 -0.193181298 0.0812872528 -0.0176904005 0 0 0
C@CP 2790 -0.143760783 0.0261731288 0.129260673 0 0 0
C@CP 2791 0.121699131 -0.230994239 0.0536231859 0 0 0
C@CP 2792 0.149535524 0.370179798 -0.000998305308 0 0 0
C@CP 2793 0.310168697 -0.250182191 -0.0286916301 0 0 0
C@CP 2794 0.157953108 0.230099216 0.0447051428 0 0 0
C@CP 2795 -0.24666992 0.0385983895 -0.240165843 0 0 0
C@CP 2796 -0.126258535 -0.0641030056 0.100235549 0 0 0
C@CP 2797 0.102105011 -0.37586495 -0.148384408 0 0 0
C@CP 2798 -0.317320581 0.169376664 0.00878987077 0 0 0
C@CP 2799 0.127017285 -0.0890582487 0.0833201611 0 0 0
C@CP 2800 0.126414797 -0.0320323602 0.304291794 0 0 0
C@CP 2801 0.0358794875 0.242699516 0.0140754937 0 0 0
C@CP 2802 -0.334638913 -0.154613718 -0.0144425245 0 0 0
C@CP 2803 -0.17352362 -0.0678224769 -0.18789059 0 0 0
C@CP 2804 -0.137536245 -0.0304111231 -0.0711208443 0 0 0
C@CP 2805 0.0160522312 -0.221296014 -0.301138096 0 0 0
C@CP 2806 0.0841081629 0.232551031 -0.109453372 0 0 0
C@CP 2807 -0.141425498 0.173620461 0.140795796 0 0 0
C@CP 2808 -0.0338185431 0.380768626 0.211594577 0 0 0
C@CP 2809 -0.0151899979 0.235232859 -0.274280079 0 0 0
C@CP 2810 0.0898776777 -0.159101508 0.195061494 0 0 0
C@CP 2811 0.0473434845 -0.341254654 -0.185531894 0 0 0
C@CP 2812 0.280341873 0.156162515 0.255121711 0 0 0
C@CP 2813 0.171502136 -0.3354742 0.113966951 0 0 0
C@CP 2814 0.235121037 -0.0910925569 0.22863312 0 0 0
C@CP 2815 0.31293438 0.162381217 0.251105476 0 0 0
C@CP 2816 0.147530757 -0.119706954 0.239057031 0 0 0
C@CP 2817 -0.132205576 -0.147645895 0.319517393 0 0 0
C@CP 2818 0.16241269 0.112392971 -0.128943484 0 0 0
C@CP 2819 0.00212887196 0.166486308 0.0553329313 0 0 0
C@CP 2820 -0.091020773 0.234537069 -0.234720838 0 0 0
C@CP 2821 -0.208117341 -0.250260003 -0.225743248 0 0 0
C@CP 2822 0.187519288 -0.2982277 0.305993447 0 0 0
C@CP 2823 -0.170560512 -0.342726068 0.104877341 0 0 0
C@CP 2824 0.152475406 0.168627889 -0.160528449 0 0 0
C@CP 2825 0.22215635 -0.154498613 -0.122387158 0 0 0
C@CP 2826 0.221286256 -0.328526459 0.0835667031 0 0 0
C@CP 2827 -0.332138899 0.24717209 0.207593668 0 0 0
C@CP 2828 -0.1242624 0.197946595 -0.0834626482 0 0 0
C@CP 2829 0.0205843354 -0.0892241922 0.421586967 0 0 0
C@CP 2830 0.315103602 -0.0230698285 -0.320052226 0 0 0
C@CP 2831 0.177624112 0.318950375 -0.0545672851 0 0 0
C@CP 2832 0.107853704 0.267580778 -0.245530519 0 0 0
C@CP 2833 -0.182906696 0.232757586 -0.074587225 0 0 0
C@CP 2834 -0.123575956 0.17237183 0.102313751 0 0 0
C@CP 2835 0.100123339 0.240096798 -0.153096096 0 0 0
C@CP 2836 -0.160430626 0.0715764969 -0.145002767 0 0 0
C@CP 2837 -0.209460963 0.159036903 -0.251159632 0 0 0
C@CP 2838 0.279431669 -0.346932795 -0.0144212925 0 0 0
C@CP 2839 -0.0787692557 0.290064515 0.192466476 0 0 0
C@CP 2840 0.112854803 0.424348169 0.055760345 0 0 0
C@CP 2841 0.0427472602 -0.107631197 -0.295700385 0 0 0
C@CP 2842 0.242067986 -0.068132037 0.400971391 0 0 0
C@CP 2843 0.377456833 0.0695051772 -0.24547482 0 0 0
C@CP 2844 0.300035928 0.17799291 0.277563236 0 0 0
C@CP 2845 -0.0813986866 -0.15299581 -0.328054824 0 0 0
C@CP 2846 -0.431178417 0.0508271475 0.0221566454 0 0 0
C@CP 2847 0.0662042268 -0.299690201 0.356759308 0 0 0
C@CP 2848 -0.0681715526 0.137704365 -0.178747857 0 0 0
C@CP 2849 0.1057755 0.0672861638 -0.0362971986 0 0 0
C@CP 2850 0.146676355 -0.0218001796 0.416769743 0 0 0
C@CP 2851 -0.147524838 0.0605284242 0.365638993 0 0 0
C@CP 2852 -0.125822985 -0.0616540148 -0.431152336 0 0 0
C@CP 2853 0.143715704 0.163656552 0.0905605738 0 0 0
C@CP 2854 0.269134173 -0.0383240629 0.177954676 0 0 0
C@CP 2855 0.161224047 0.332162278 0.0686051931 0 0 0
C@CP 2856 -0.366413203 -0.252915919 -0.0526413458 0 0 0
C@CP 2857 -0.0225177186 -0.249727192 0.109125504 0 0 0
C@CP 2858 0.0366471495 0.208484113 -0.396578743 0 0 0
C@CP 2859 -0.405621452 0.0184992827 -0.0174851284 0 0 0
C@CP 2860 0.0485560268 0.0261370771 0.0216661244 0 0 0
C@CP 2861 0.181008851 0.2502868 0.263648987 0 0 0
C@CP 2862 -0.15121851 -0.276682244 0.0998463425 0 0 0
C@CP 2863 -0.0348869485 -0.187657318 0.304841015 0 0 0
C@CP 2864 -0.289268354 -0.192808494 -0.0612795141 0 0 0
C@CP 2865 -0.0248455038 0.134302521 0.350148084 0 0 0
C@CP 2866 -0.336623291 0.218510445 0.218495131 0 0 0
C@CP 2867 -0.258687998 0.332765698 -0.147328809 0 0 0
C@CP 2868 0.0350821119 0.140036983 0.220099874 0 0 0
C@CP 2869 -0.0990641349 -0.166774166 -0.402448032 0 0 0
C@CP 2870 0.344309328 0.222563308 0.0825395226 0 0 0
C@CP 2871 -0.0902542995 0.188174177 -0.119467807 0 0 0
C@CP 2872 0.0115326692 -0.02722778 -0.0282805409 0 0 0
C@CP 2873 0.0246108196 0.400364915 0.0235655975 0 0 0
C@CP 2874 -0.108527997 -0.154748722 0.17341683 0 0 0
C@CP 2875 -0.130051993 0.171823458 0.0687520941 0 0 0
C@CP 2876 -0.383633244 0.0598520405 0.259634639 0 0 0
C@CP 2877 -0.0563259684 0.0564480037 -0.334381361 0 0 0
C@CP 2878 0.259632924 0.134437975 0.0975405742 0 0 0
C@CP 2879 0.239858482 -0.173572599 -0.22502338 0 0 0
C@CP 2880 0.124459519 0.103075535 0.0673317735 0 0 0
C@CP 2881 -0.0853596934 -0.045234552 0.0976046839 0 0 0
C@CP 2882 0.28835281 -0.264299899 -0.044252754 0 0 0
C@CP 2883 -0.356010689 -0.105179378 -0.167197052 0 0 0
C@CP 2884 -0.0101504742 0.193093435 -0.232659347 0 0 0
C@CP 2885 0.197308659 0.0820694155 -0.298141238 0 0 0
C@CP 2886 0.222856704 0.0678491683 -0.000802658209 0 0 0
C@CP 2887 0.0105286461 0.21313771 0.0765380335 0 0 0
C@CP 2888 0.0048788138 0.366605791 0.0164811549 0 0 0
C@CP 2889 0.256760889 0.206643168 0.0578564653 0 0 0
C@CP 2890 -0.00283499851 0.250117223 -0.174829077 0 0 0
C@CP 2891 -0.365322443 0.0734053212 -0.165019869 0 0 0
C@CP 2892 -0.272406805 0.0652280146 -0.119428019 0 0 0
C@CP 2893 0.187058426 0.242180897 -0.133131022 0 0 0
C@CP 2894 0.211785223 -0.0593348839 -0.100400197 0 0 0
C@CP 2895 0.0965046029 -0.0370569491 -0.0431576152 0 0 0
C@CP 2896 -0.0283877871 -0.344802387 -0.197422095 0 0 0
C@CP 2897 -0.301309155 -0.0545690189 0.260447692 0 0 0
C@CP 2898 -0.0996240566 -0.182435695 -0.305949907 0 0 0
C@CP 2899 0.375734455 -0.0579173758 -0.078033505 0 0 0
C@CP 2900 -0.191848729 0.288278788 0.0455903643 0 0 0
C@CP 2901 0.0583720456 0.321418623 0.212474746 0 0 0
C@CP 2902 0.222003568 -0.0062038047 0.263455895 0 0 0
C@CP 2903 0.164204981 -0.036742523 -0.20041431 0 0 0
C@CP 2904 -0.141574194 0.108968038 0.135970614 0 0 0
C@CP 2905 0.387685082 -0.230238854 0.0160141076 0 0 0
C@CP 2906 -0.366394961 -0.263737485 0.0549066827 0 0 0
C@CP 2907 0.338506955 -0.217622846 -0.131853956 0 0 0
C@CP 2908 -0.0121528421 -0.0284983354 0.39910932 0 0 0
C@CP 2909 0.0102053565 0.215879917 -0.0672863968 0 0 0
C@CP 2910 0.0130879969 -0.295630111 -0.180277708 0 0 0
C@CP 2911 -0.0953454559 -0.251742529 0.0489696752 0 0 0
C@CP 2912 0.0653090884 0.0157160181 0.18717647 0 0 0
C@CP 2913 0.102538784 -0.0743062434 0.359987124 0 0 0
C@CP 2914 -0.00702332505 0.313672964 0.224075107 0 0 0
C@CP 2915 -0.0636444911 0.127717073 0.0718077596 0 0 0
C@CP 2916 0.29649926 0.0578115236 -0.176297962 0 0 0
C@CP 2917 -0.353015221 -0.0961290707 0.149891217 0 0 0
C@CP 2918 0.170820593 0.309660373 0.2757826 0 0 0
C@CP 2919 -0.039702266 -0.18131385 -0.249681653 0 0 0
C@CP 2920 0.320190027 0.0570130957 -0.286586693 0 0 0
C@CP 2921 0.0355205214 -0.165037677 -0.313821929 0 0 0
C@CP 2922 0.0981707013 0.40876933 -0.134707918 0 0 0
C@CP 2923 0.0270617968 -0.439522387 -0.00379906059 0 0 0
C@CP 2924 -0.246730427 -0.292172436 -0.21239004 0 0 0
C@CP 2925 0.142040989 -0.24733918 -0.0878559225 0 0 0
C@CP 2926 0.0969807769 -0.00855168191 -0.0533304946 0 0 0
C@CP 2927 0.259445405 0.0592575604 0.189934527 0 0 0
C@CP 2928 -0.246841467 0.169910903 0.150884918 0 0 0
C@CP 2929 0.411425099 0.174492624 -0.0849054106 0 0 0
C@CP 2930 0.297495541 0.371474687 -0.0319764664 0 0 0
C@CP 2931 -0.15244393 -0.198451056 0.228018471 0 0 0
C@CP 2932 0.239285323 -0.00789780071 -0.280738773 0 0 0
C@CP 2933 -0.104633884 0.136139258 0.433620334 0 0 0
C@CP 2934 -0.0913279746 0.210451742 -0.304122734 0 0 0
C@CP 2935 -0.233710944 0.263971444 0.154676938 0 0 0
C@CP 2936 -0.212830252 -0.144674822 -0.111774621 0 0 0
C@CP 2937 0.123350861 -0.359460259 0.14897465 0 0 0
C@CP 2938 0.233433003 0.133103994 0.335780553 0 0 0
C@CP 2939 0.00626515639 -0.354698057 0.0534174103 0 0 0
C@CP 2940 -0.234066093 -0.0525393582 -0.173416728 0 0 0
C@CP 2941 -0.330162967 -0.147303968 -0.165072885 0 0 0
C@CP 2942 -0.197954546 0.0685656546 -0.0381181891 0 0 0
C@CP 2943 -0.0656073865 -0.116942628 -0.236248748 0 0 0
C@CP 2944 0.272027895 -0.206721396 -0.298819834 0 0 0
C@CP 2945 -0.0254753104 -0.279986514 -0.0568048605 0 0 0
C@CP 2946 0.106474918 -0.409754953 0.210230132 0 0 0
C@CP 2947 -0.0331778364 -0.396655082 -0.129980283 0 0 0
C@CP 2948 0.370681767 0.153067511 -0.155932808 0 0 0
C@CP 2949 -0.032024005 -0.0796434716 0.291187478 0 0 0
C@CP 2950 0.268127021 -0.261240537 0.153194337 0 0 0
C@CP 2951 0.482787375 0.0262717631 0.017185995 0 0 0
C@CP 2952 0.178222229 -0.159930948 -0.108754033 0 0 0
C@CP 2953 -0.285039358 -0.306619552 0.0155515793 0 0 0
C@CP 2954 0.00453696015 0.0452693385 0.402071616 0 0 0
C@CP 2955 0.228675161 -0.201167124 0.200984575 0 0 0
C@CP 2956 -0.22728898 0.338228032 -0.0195926835 0 0 0
C@CP 2957 -0.464136785 0.0298466041 -0.0567482061 0 0 0
C@CP 2958 0.04368067 -0.198218876 0.406477942 0 0 0
C@CP 2959 0.333660475 -0.166478916 0.235948257 0 0 0
C@CP 2960 0.00316344879 -0.112216162 0.0397809749 0 0 0
C@CP 2961 0.0368062123 -0.0933631047 0.0034771327 0 0 0
C@CP 2962 0.0542400534 0.0620916849 0.0674163959 0 0 0
C@CP 2963 -0.247635259 -0.128194478 -0.12257926 0 0 0
C@CP 2964 -0.000315422533 0.395477882 -0.248810862 0 0 0
C@CP 2965 0.0677195558 -0.129229498 0.280349555 0 0 0
C@CP 2966 0.0443001384 -0.413076399 0.0193422058 0 0 0
C@CP 2967 0.0702000352 0.350955486 0.181731312 0 0 0
C@CP 2968 -0.0122089425 -0.145747399 0.252615376 0 0 0
C@CP 2969 -0.362276768 0.0445981729 0.0934195598 0 0 0
C@CP 2970 0.0681794284 0.130924364 -0.272329922 0 0 0
C@CP 2971 0.199673715 0.0682827981 -0.329550421 0 0 0
C@CP 2972 0.285719696 0.0853662012 0.19158495 0 0 0
C@CP 2973 -0.127203203 0.254652998 -0.330902546 0 0 0
C@CP 2974 -0.0641646071 0.096374785 0.406730198 0 0 0
C@CP 2975 -0.107054204 0.0447627486 -0.204100468 0 0 0
C@CP 2976 0.336005453 0.0981800922 0.0967758157 0 0 0
C@CP 2977 -0.0515700649 -0.107418989 0.229343939 0 0 0
C@CP 2978 0.205478751 0.0364119573 -0.258284603 0 0 0
C@CP 2979 0.0123900639 0.0107639806 -0.46693838 0 0 0
C@CP 2980 -0.102854887 0.0212396987 0.127242309 0 0 0
C@CP 2981 -0.392853473 0.00259897659 0.0892283359 0 0 0
C@CP 2982 -0.0515176442 -0.196367471 0.325312019 0 0 0
C@CP 2983 0.0535059093 0.385499021 -0.0375631751 0 0 0
C@CP 2984 0.0836332619 0.0718961653 0.121398356 0 0 0
C@CP 2985 0.358467519 -0.0273518622 -0.0707565505 0 0 0
C@CP 2986 -0.048262214 0.275472032 0.11838223 0 0 0
C@CP 2987 0.412717016 0.0062413615 0.262515921 0 0 0
C@CP 2988 0.338751878 -0.310183646 0.0506100391 0 0 0
C@CP 2989 0.027477507 -0.159797943 0.347073436 0 0 0
C@CP 2990 0.280485456 -0.127546548 -0.0335412014 0 0 0
C@CP 2991 0.259818677 0.0372150006 0.0564665813 0 0 0
C@CP 2992 -0.1288328 -0.292112315 -0.263063267 0 0 0
C@CP 2993 0.338451556 -0.102767724 -0.256929442 0 0 0
C@CP 2994 0.231617174 -0.313810147 -0.0561589262 0 0 0
C@CP 2995 -0.138948058 0.385873874 -0.20183724 0 0 0
C@CP 2996 0.203040145 -0.066677598 0.401196356 0 0 0
C@CP 2997 -0.14755221 -0.180926735 0.0880886693 0 0 0
C@CP 2998 -0.295831203 0.13968955 0.0867279815 0 0 0
C@CP 2999 -0.194722315 0.409872645 -0.114052166 0 0 0
C@CP 3000 -0.0669751328 0.454932654 0.0154939737 0 0 0
C@CP 3001 -0.106306025 -0.35878404 0.0828898775 0 0 0
C@CP 3002 -0.180996259 0.116470213 -0.313155072 0 0 0
C@CP 3003 -0.015578643 0.224876921 -0.113628081 0 0 0
C@CP 3004 -0.042522805 -0.243012676 -0.182700502 0 0 0
C@CP 3005 -0.389386782 0.085991594 0.160883607 0 0 0
C@CP 3006 0.280677641 0.0599922446 -0.211321498 0 0 0
C@CP 3007 -0.0594225083 -0.211549683 0.145107947 0 0 0
C@CP 3008 0.147228181 -0.278987229 0.280411584 0 0 0
C@CP 3009 -0.0795947725 0.362637457 0.135306945 0 0 0
C@CP 3010 -0.21418812 0.169382809 -0.000557107053 0 0 0
C@CP 3011 0.223722462 0.0690259703 0.255437249 0 0 0
C@CP 3012 -0.119105757 -0.410623946 0.116563205 0 0 0
C@CP 3013 0.123473652 -0.107807688 -0.179716391 0 0 0
C@CP 3014 -0.392921495 -0.135262212 0.209832489 0 0 0
C@CP 3015 -0.214163507 -0.0704176942 -0.0546347709 0 0 0
C@CP 3016 -0.0554686911 0.156487369 -0.129789896 0 0 0
C@CP 3017 0.0503141781 0.0846627429 0.340865019 0 0 0
C@CP 3018 -0.308147232 -0.205755338 -0.154968177 0 0 0
C@CP 3019 0.33611775 0.293331923 0.112849651 0 0 0
C@CP 3020 0.185725998 -0.106281157 -0.166196834 0 0 0
C@CP 3021 0.338195512 0.10444832 0.237815929 0 0 0
C@CP 3022 0.216434026 -0.197921137 -0.128849413 0 0 0
C@CP 3023 -0.171583221 0.217032532 -0.294307906 0 0 0
C@CP 3024 0.331752183 -0.203194115 -0.163814935 0 0 0
C@CP 3025 0.281070401 0.18848436 -0.0389241829 0 0 0
C@CP 3026 0.306019156 -0.313862312 0.132684338 0 0 0
C@CP 3027 0.0939397216 0.190583249 -0.270543434 0 0 0
C@CP 3028 0.297245676 -0.00837220858 -0.221735847 0 0 0
C@CP 3029 0.228222969 -0.209591042 0.0699870993 0 0 0
C@CP 3030 0.131533749 -0.230354691 -0.0255596557 0 0 0
C@CP 3031 -0.273301829 -0.380731708 0.00744842458 0 0 0
C@CP 3032 0.17538256 -0.157157238 0.271080504 0 0 0
C@CP 3033 -0.0878536186 -0.10819209 -0.146709966 0 0 0
C@CP 3034 -0.00282797649 -0.0491870354 -0.0497327402 0 0 0
C@CP 3035 -0.0511756071 -0.0112975767 -0.115688382 0 0 0
C@CP 3036 0.0937466252 0.190302909 0.198562065 0 0 0
C@CP 3037 -0.0499656153 0.352422726 -0.0702769051 0 0 0
C@CP 3038 0.128936443 -0.416839492 -0.165738188 0 0 0
C@CP 3039 0.17087217 0.318032296 0.0111806405 0 0 0
C@CP 3040 0.203032877 -0.198888476 0.318811037 0 0 0
C@CP 3041 -0.113154269 0.424197084 0.0206721962 0 0 0
C@CP 3042 -0.295299992 -0.08040754 -0.292146452 0 0 0
C@CP 3043 0.0823196261 -0.134215915 -0.33745759 0 0 0
C@CP 3044 0.205602072 0.105782985 -0.2188171 0 0 0
C@CP 3045 -0.298513539 0.0974152359 0.296333631 0 0 0
C@CP 3046 0.237077807 -0.269786095 0.219808257 0 0 0
C@CP 3047 -0.0433083725 0.0259859948 0.322454904 0 0 0
C@CP 3048 0.277031871 -0.0131681187 -0.322436757 0 0 0
C@CP 3049 0.2501605 -0.275420827 -0.145143983 0 0 0
C@CP 3050 -0.10634569 0.185267877 0.225648239 0 0 0
C@CP 3051 -0.0758040435 0.382405161 0.225104081 0 0 0
C@CP 3052 -0.053313521 -0.170245834 -0.0357728929 0 0 0
C@CP 3053 -0.176168835 0.129237617 -0.364350925 0 0 0
C@CP 3054 -0.304761138 -0.223858296 -0.19045488 0 0 0
C@CP 3055 -0.170200458 -0.205507551 -0.180024297 0 0 0
C@CP 3056 -0.0297704088 0.228553969 -0.117706145 0 0 0
C@CP 3057 -0.117632524 -0.447388074 0.029645435 0 0 0
C@CP 3058 0.274465681 -0.15430262 0.13570764 0 0 0
C@CP 3059 -0.317754525 0.160483059 0.289194101 0 0 0
C@CP 3060 0.126600417 0.151053199 -0.112247906 0 0 0
C@CP 3061 -0.0857558543 -0.0109783153 0.127643818 0 0 0
C@CP 3062 -0.295538706 -0.324288533 0.0365315693 0 0 0
C@CP 3063 -0.391306705 -0.120620628 0.155872747 0 0 0
C@CP 3064 0.122033713 -0.257206384 0.272385624 0 0 0
C@CP 3065 0.342814449 -0.0273392634 0.140688341 0 0 0
C@CP 3066 -0.374608729 0.147477014 0.122800408 0 0 0
C@CP 3067 0.372710528 0.127371497 -0.165041448 0 0 0
C@CP 3068 0.11425267 -0.316031367 -0.0950103231 0 0 0
C@CP 3069 -0.293996714 0.0950642608 0.206433109 0 0 0
C@CP 3070 0.28404801 -0.301348515 -0.100468581 0 0 0
C@CP 3071 -0.0119877467 -0.162852736 0.129622387 0 0 0
C@CP 3072 -0.0437906293 0.185777844 0.100706323 0 0 0
C@CP 3073 0.282037396 -0.0911586897 -0.0540356977 0 0 0
C@CP 3074 -0.376931457 -0.0590552301 -0.251603391 0 0 0
C@CP 3075 0.235305669 0.028278402 -0.0978394001 0 0 0
C@CP 3076 0.0988467265 0.0594330548 -0.3592184 0 0 0
C@CP 3077 -0.157818618 -0.387917938 -0.0133264143 0 0 0
C@CP 3079 0.0959462298 -0.188666841 -0.250414875 0 0 0
C@CP 3080 0.222708853 -0.216309231 -0.103629243 0 0 0
C@CP 3081 -0.226138835 -0.122604592 0.108212289 0 0 0
C@CP 3082 0.269078309 0.250670405 0.184700732 0 0 0
C@CP 3083 -0.0986657817 0.180503123 0.0480350783 0 0 0
C@CP 3084 -0.27675767 0.294861281 0.190419572 0 0 0
C@CP 3085 -0.187314094 0.116838218 -0.142258166 0 0 0
C@CP 3086 -0.311026439 0.196752121 0.0974864656 0 0 0
C@CP 3087 -0.221749484 -0.103216976 0.317072969 0 0 0
C@CP 3088 -0.0325236068 0.0312182017 0.425900078 0 0 0
C@CP 3089 0.100945167 -0.213426794 -0.387011038 0 0 0
C@CP 3090 0.110228038 -0.26900668 0.135910495 0 0 0
C@CP 3091 -0.0282695026 -0.106198089 -0.187140794 0 0 0
C@CP 3092 0.0179682049 0.36146073 -0.267259732 0 0 0
C@CP 3093 0.301485821 0.240728051 -0.10210733 0 0 0
C@CP 3094 -0.0607334865 -0.137237903 -0.305851735 0 0 0
C@CP 3095 0.274531404 0.371807597 0.00498328086 0 0 0
C@CP 3096 0.355504542 -0.180780739 0.139772394 0 0 0
C@CP 3097 -0.408442501 0.0770105767 -0.0373182843 0 0 0
C@CP 3098 -0.164629488 -0.306083326 0.0204450571 0 0 0
C@CP 3099 -0.0012530092 -0.267112709 -0.0130387188 0 0 0
C@CP 3100 -0.197022682 0.20805017 0.258015928 0 0 0
C@CP 3101 -0.263396576 0.0783897147 0.219468433 0 0 0
C@CP 3102 0.180344638 -0.141925527 0.0480895853 0 0 0
C@CP 3103 0.0030678655 0.0916963165 -0.0765104889 0 0 0
C@CP 3104 0.381464048 0.113433057 0.064719806 0 0 0
C@CP 3105 -0.369893024 0.226525163 -0.168763568 0 0 0
C@CP 3106 0.261876287 0.342590197 0.173535569 0 0 0
C@CP 3107 -0.215634335 -0.146527062 -0.0454693216 0 0 0
C@CP 3108 -0.12343229 -0.283182925 0.266773428 0 0 0
C@CP 3109 -0.128476509 0.0212086856 -0.101353002 0 0 0
C@CP 3110 0.0492200125 0.169690808 0.161942663 0 0 0
C@CP 3111 -0.00341824559 0.117020817 0.168078196 0 0 0
C@CP 3112 -0.213103763 0.195109052 0.340569084 0 0 0
C@CP 3113 -0.218117476 0.0469334114 0.377126866 0 0 0
C@CP 3114 0.382044294 -0.00385343404 -0.10669549 0 0 0
C@CP 3115 0.055723655 0.371509585 -0.12111578 0 0 0
C@CP 3116 0.331743026 0.207876794 -0.160844536 0 0 0
C@CP 3117 -0.426112431 -0.038598466 -0.103882427 0 0 0
C@CP 3118 -0.216002892 0.181414363 0.061780718 0 0 0
C@CP 3119 -0.157631389 0.3448096 0.21479037 0 0 0
C@CP 3120 -0.121427996 -0.0298657404 0.416897469 0 0 0
C@CP 3121 -0.145349208 0.241771498 0.14068503 0 0 0
C@CP 3122 0.0783186732 -0.442669258 0.0839948924 0 0 0
C@CP 3123 0.12622247 0.00849008887 -0.413041395 0 0 0
C@CP 3124 -0.162677686 -0.179519859 -0.00719096457 0 0 0
C@CP 3125 -0.296404162 0.0391533293 0.0861468836 0 0 0
C@CP 3126 -0.0740221302 -0.31384593 0.166554071 0 0 0
C@CP 3127 0.304634292 -0.0734141392 0.188316094 0 0 0
C@CP 3128 0.236655468 -0.360274071 -0.0649608824 0 0 0
C@CP 3129 0.221844098 0.0557805097 -0.386067321 0 0 0
C@CP 3130 0.265663353 -0.250337558 -0.055170096 0 0 0
C@CP 3131 0.0398111162 0.175653699 -0.196553256 0 0 0
C@CP 3132 0.242724482 -0.281429927 0.0546692013 0 0 0
C@CP 3133 0.129503975 0.23928982 0.0126338507 0 0 0
C@CP 3134 -0.371692974 -0.0831599824 0.175433262 0 0 0
C@CP 3135 0.105980481 0.0171994826 0.191179325 0 0 0
C@CP 3136 0.0680980482 0.00495616857 0.370878969 0 0 0
C@CP 3137 -0.313810824 -0.0996758962 -0.0143539496 0 0 0
C@CP 3138 0.151050976 -0.263948727 0.138589558 0 0 0
C@CP 3139 -0.0777971361 -0.262113357 -0.199182655 0 0 0
C@CP 3140 0.0228495502 -0.208648984 0.0528825589 0 0 0
C@CP 3141 -0.0947627362 -0.323220549 0.158035209 0 0 0
C@CP 3142 -0.0199915786 0.299767181 0.114996234 0 0 0
C@CP 3143 -0.128986302 0.0967189395 0.012050593 0 0 0
C@CP 3144 0.190959954 0.22640296 0.309680754 0 0 0
C@CP 3145 0.0780268345 -0.302579173 0.0015728935 0 0 0
C@CP 3146 -0.306116872 -0.00500723973 0.0437105302 0 0 0
C@CP 3147 0.372914524 0.0331557242 -0.184374463 0 0 0
C@CP 3148 0.322466311 0.13412153 0.0317015701 0 0 0
C@CP 3149 -0.283530124 -0.00942541499 0.151932612 0 0 0
C@CP 3150 -0.173846324 0.0206238633 -0.0188343712 0 0 0
C@CP 3151 -0.0700568546 -0.0620404382 0.44321091 0 0 0
C@CP 3152 -0.0960353163 -0.212051864 0.401552825 0 0 0
C@CP 3153 0.0957666611 0.17181162 0.168349417 0 0 0
C@CP 3154 0.0801510027 -0.230194523 -0.279536427 0 0 0
C@CP 3155 0.0119075615 -0.469923492 -0.0187582133 0 0 0
C@CP 3156 -0.094374933 0.111018769 -0.399919004 0 0 0
C@CP 3157 -0.0680953656 0.181615094 0.391322825 0 0 0
C@CP 3158 0.178289549 -0.176496124 -0.192329698 0 0 0
C@CP 3159 -0.14959952 -0.236889651 0.318063359 0 0 0
C@CP 3160 -0.151195996 0.14752852 -0.0737882953 0 0 0
C@CP 3161 0.321169688 0.132298122 0.020791531 0 0 0
C@CP 3162 0.20504134 -0.157718242 0.39023588 0 0 0
C@CP 3163 -0.193556068 -0.289835924 -0.0871440281 0 0 0
C@CP 3164 0.23339399 0.183783829 -0.00761773053 0 0 0
C@CP 3165 0.026519751 0.0442860775 0.0322173634 0 0 0
C@CP 3166 -0.19886572 0.100482338 -0.134383305 0 0 0
C@CP 3167 0.333452616 0.135054087 0.0222928339 0 0 0
C@CP 3168 0.330998701 -0.0218963786 -0.218326493 0 0 0
C@CP 3169 -0.283116939 0.119338012 0.301675105 0 0 0
C@CP 3170 -0.0442434962 0.139587505 -0.437506298 0 0 0
C@CP 3171 -0.025167101 -0.0143271919 -0.23108963 0 0 0
C@CP 3172 0.342414178 -0.0770908185 0.265905003 0 0 0
C@CP 3173 -0.0595857732 -0.453568756 -0.032205354 0 0 0
C@CP 3174 -0.212981847 0.233222835 0.16368168 0 0 0
C@CP 3175 -0.341089517 -0.000594821797 0.278303094 0 0 0
C@CP 3176 0.0798817805 -0.277989911 0.00811209246 0 0 0
C@CP 3177 0.175876889 -0.0282332777 0.173507321 0 0 0
C@CP 3178 -0.327196922 0.0822418317 0.227378394 0 0 0
C@CP 3179 -0.0979554702 0.213972908 0.248698682 0 0 0
C@CP 3180 -0.0934908366 0.00830050084 0.429343084 0 0 0
C@CP 3181 0.122966487 0.346303506 0.0224305416 0 0 0
C@CP 3182 -0.0254635642 0.166558183 0.0680287783 0 0 0
C@CP 3183 -0.18238973 0.13255533 0.09464059 0 0 0
C@CP 3184 -0.0414419194 0.19447231 0.153969153 0 0 0
C@CP 3185 -0.0239634206 -0.0047871122 0.279466558 0 0 0
C@CP 3186 -0.178358658 0.0140458048 0.347022268 0 0 0
C@CP 3187 0.197659958 -0.070787203 -0.241850047 0 0 0
C@CP 3188 -0.2241097 -0.224172808 -0.233855884 0 0 0
C@CP 3189 -0.0939361182 0.413057574 0.0407348782 0 0 0
C@CP 3190 -0.316906236 -0.111327052 -0.208991809 0 0 0
C@CP 3191 -0.111784057 0.186037645 0.310745308 0 0 0
C@CP 3192 -0.169147481 0.0314916654 0.381046602 0 0 0
C@CP 3193 -0.0983623575 -0.215781369 -0.360899187 0 0 0
C@CP 3194 0.0375999793 0.396400192 -0.00797435355 0 0 0
C@CP 3195 0.11639909 0.452144667 0.00670822164 0 0 0
C@CP 3196 -0.436150286 -0.0571687492 0.0397418366 0 0 0
C@CP 3197 0.109328436 0.180873427 -0.371188962 0 0 0
C@CP 3198 -0.292663225 0.189912808 0.123868338 0 0 0
C@CP 3199 0.0657362564 -0.0856614829 -0.151768876 0 0 0
C@CP 3200 0.0210147326 -0.249887372 0.257356454 0 0 0
C@CP 3201 -0.366307705 0.188294291 -0.0395835322 0 0 0
C@CP 3203 0.302460867 0.31208764 0.114432072 0 0 0
C@CP 3204 0.275896862 0.0133277119 0.178933085 0 0 0
C@CP 3205 0.189717227 0.249426248 0.213130633 0 0 0
C@CP 3206 0.191588009 -0.219536606 -0.143575874 0 0 0
C@CP 3207 -0.0975820388 -0.10076504 0.0270913396 0 0 0
C@CP 3208 0.464592086 0.0395336297 0.0395933597 0 0 0
C@CP 3209 -0.0540385538 -0.261638548 0.178096779 0 0 0
C@CP 3210 0.141045146 0.0625700135 0.0627919328 0 0 0
C@CP 3211 0.088251445 0.0252411628 0.401414194 0 0 0
C@CP 3212 -0.40420073 0.0832691476 0.0958440217 0 0 0
C@CP 3213 0.244726592 -0.180827176 0.178140681 0 0 0
C@CP 3214 -0.377170288 0.237475087 -0.179487692 0 0 0
C@CP 3215 0.30524107 0.254495871 -0.219892591 0 0 0
C@CP 3216 -0.0922862696 -0.261327003 -0.14449958 0 0 0
C@CP 3217 0.409259372 0.0341860415 -0.245531296 0 0 0
C@CP 3218 -0.165174628 -0.344012767 -0.0695403834 0 0 0
C@CP 3219 0.00222296808 -0.130043617 -0.297613171 0 0 0
C@CP 3220 0.160503563 -0.325644239 -0.25786739 0 0 0
C@CP 3221 -0.225790766 -0.330162064 -0.178972855 0 0 0
C@CP 3222 -0.220019918 0.0847095591 -0.168710301 0 0 0
C@CP 3223 0.079652345 0.184323016 0.404275871 0 0 0
C@CP 3224 -0.399348091 0.226206133 0.0594644655 0 0 0
C@CP 3225 0.130156603 0.145862547 -0.0979081398 0 0 0
C@CP 3226 0.262427485 0.02117415 0.129013576 0 0 0
C@CP 3227 -0.238807109 0.358761509 -0.123640141 0 0 0
C@CP 3228 0.0314253086 0.354541741 0.15134448 0 0 0
C@CP 3229 0.231263579 -0.345763483 0.0723766411 0 0 0
C@CP 3230 -0.266462614 0.0885967805 -0.0315638147 0 0 0
C@CP 3231 -0.112121977 0.196214412 -0.013368024 0 0 0
C@CP 3232 0.0458114244 0.108514875 -0.2180784 0 0 0
C@CP 3233 -0.139720968 0.219554981 -0.229080723 0 0 0
C@CP 3234 0.413483966 0.14691405 -0.125531453 0 0 0
C@CP 3235 -0.424634005 -0.049461832 -0.135670788 0 0 0
C@CP 3236 0.178731605 0.241388168 -0.240280345 0 0 0
C@CP 3237 0.0634333718 0.172874598 -0.0359068132 0 0 0
C@CP 3238 0.18251538 0.0201093058 -0.413833959 0 0 0
C@CP 3239 0.028817217 -0.310371755 -0.340042859 0 0 0
C@CP 3240 -0.171688652 0.0469950006 -0.0650252118 0 0 0
C@CP 3241 -0.0837064166 -0.159293135 -0.189815336 0 0 0
C@CP 3242 0.157640309 -0.107822854 -0.381616655 0 0 0
C@CP 3243 0.0451986134 0.211172671 0.205085602 0 0 0
C@CP 3244 -0.0611908969 0.0655726304 0.299212265 0 0 0
C@CP 3245 -0.281426855 -0.347038218 0.0908817718 0 0 0
C@CP 3246 -0.147343395 -0.0961486933 -0.00734770579 0 0 0
C@CP 3247 0.0585327891 -0.226926843 0.179282912 0 0 0
C@CP 3248 -0.0532136584 -0.177033303 0.0921016687 0 0 0
C@CP 3249 0.383064986 0.182269224 0.0593525488 0 0 0
C@CP 3250 0.163995096 -0.139544301 0.316763133 0 0 0
C@CP 3251 0.234560399 -0.298033029 -0.150113207 0 0 0
C@CP 3252 0.0666114961 0.0181731492 0.394340754 0 0 0
C@CP 3253 -0.201683065 0.257385327 0.0768346152 0 0 0
C@CP 3254 -0.246643086 0.14961717 -0.391589408 0 0 0
C@CP 3255 -0.152814608 -0.418277257 -0.0515489853 0 0 0
C@CP 3256 0.115678975 -0.317874109 -0.165947285 0 0 0
C@CP 3257 -0.228260507 0.217181852 -0.0909147943 0 0 0
C@CP 3258 -0.323523156 0.0597771395 0.298322236 0 0 0
C@CP 3259 0.0649886176 0.194053241 -0.249368843 0 0 0
C@CP 3260 -0.408198244 0.196323265 0.149897438 0 0 0
C@CP 3261 -0.381412445 0.215848793 -0.178025326 0 0 0
C@CP 3262 -0.168328888 -0.191777946 -0.0147542893 0 0 0
C@CP 3263 0.198717277 -0.0667469377 -0.367930663 0 0 0
C@CP 3264 -0.303801366 0.151250527 0.224455403 0 0 0
C@CP 3265 0.0844616131 0.0765844717 -0.28040308 0 0 0
C@CP 3266 -0.120634949 0.402515631 0.143548544 0 0 0
C@CP 3267 0.261163451 0.315914336 -0.108586598 0 0 0
C@CP 3268 0.35182381 -0.236291968 0.0395742918 0 0 0
C@CP 3269 0.325365217 -0.0349587421 0.0219867928 0 0 0
C@CP 3270 0.0814371469 0.050053975 -0.264690781 0 0 0
C@CP 3271 -0.0610743042 -0.203073909 -0.337153606 0 0 0
C@CP 3272 -0.101723727 0.386648207 -0.20007918 0 0 0
C@CP 3273 0.166487843 0.0902362812 -0.152524437 0 0 0
C@CP 3274 0.0961366527 0.200869228 0.137752209 0 0 0
C@CP 3275 -0.0580821761 -0.256324516 0.0902929254 0 0 0
C@CP 3277 0.269375891 -0.121917205 0.359608379 0 0 0
C@CP 3278 0.229363367 0.129444264 0.210047126 0 0 0
C@CP 3279 -0.0968305045 -0.415716291 -0.196694212 0 0 0
C@CP 3280 -0.08360616 0.0266998658 0.0317849482 0 0 0
C@CP 3281 -0.0109194364 0.143915817 0.38776416 0 0 0
C@CP 3282 0.284956022 -0.256819962 -0.120737834 0 0 0
C@CP 3283 0.210116622 0.113022123 0.407773229 0 0 0
C@CP 3284 0.105498956 -0.110178686 0.357324549 0 0 0
C@CP 3285 -0.00113880228 0.192141084 -0.272045193 0 0 0
C@CP 3286 -0.0787716649 0.22824423 -0.222319814 0 0 0
C@CP 3287 0.180409752 -0.0596760832 0.122805854 0 0 0
C@CP 3288 0.262500382 0.329565297 0.174627351 0 0 0
C@CP 3289 -0.284866427 0.0368901208 -0.107185503 0 0 0
C@CP 3290 -0.169374428 0.0115175284 0.234512364 0 0 0
C@CP 3291 0.23021663 -0.09588733 0.213381944 0 0 0
C@CP 3292 -0.247571299 0.00677169665 0.2346102 0 0 0
C@CP 3293 0.3874055 0.133543698 -0.0351364149 0 0 0
C@CP 3295 0.00567218514 0.0447550032 -0.0803074369 0 0 0
C@CP 3296 -0.0447763098 -0.354778284 0.212063662 0 0 0
C@CP 3297 0.186262092 0.156888519 -0.285578366 0 0 0
C@CP 3298 -0.0730223422 0.00556234945 0.332633165 0 0 0
C@CP 3299 -0.155840253 0.142692628 0.419038644 0 0 0
C@CP 3300 -0.176300156 0.212133754 0.00960024207 0 0 0
C@CP 3301 0.203710574 0.327348537 -0.206267431 0 0 0
C@CP 3302 0.00344160478 0.134586226 -0.00878722892 0 0 0
C@CP 3303 0.372984174 -0.165962735 0.0804342319 0 0 0
C@CP 3304 -0.388688013 0.0948398143 0.246698169 0 0 0
C@CP 3305 -0.0368051927 0.258284051 0.34727541 0 0 0
C@CP 3306 -0.195981474 0.331561248 0.0307699445 0 0 0
C@CP 3307 -0.270491292 0.202009807 -0.0594499811 0 0 0
C@CP 3308 0.399425589 -0.0147515717 -0.186817397 0 0 0
C@CP 3309 0.0350506069 -0.0239360698 0.409235083 0 0 0
C@CP 3310 -0.150530139 -0.040565877 -0.125027099 0 0 0
C@CP 3311 -0.093481577 0.136499032 0.221909897 0 0 0
C@CP 3312 -0.312388212 0.245043139 -0.011279187 0 0 0
C@CP 3313 -0.396650911 0.0823955234 0.169179116 0 0 0
C@CP 3314 -0.113432207 -0.078213187 0.19066589 0 0 0
C@CP 3315 -0.0841973766 0.425486485 -0.12300355 0 0 0
C@CP 3316 0.417716926 -0.0474106405 0.150328806 0 0 0
C@CP 3317 -0.0259250305 0.374245428 0.158530883 0 0 0
C@CP 3318 -0.255268221 -0.154683084 -0.194151095 0 0 0
C@CP 3319 0.135921712 0.241498219 0.280089577 0 0 0
C@CP 3320 0.117566775 -0.42561428 -0.061536809 0 0 0
C@CP 3321 -0.229752094 0.317161005 0.0948903476 0 0 0
C@CP 3322 0.224997561 0.316816188 0.251025514 0 0 0
C@CP 3323 0.123789841 0.0759530713 0.133188867 0 0 0
C@CP 3324 -0.16075889 0.0095993752 -0.090693887 0 0 0
C@CP 3325 -0.085420526 -0.132726074 0.00240274512 0 0 0
C@CP 3326 -0.136511466 0.351776812 0.262222992 0 0 0
C@CP 3327 -0.18128593 0.281483255 0.207502254 0 0 0
C@CP 3328 0.282440302 -0.138469504 -0.118122558 0 0 0
C@CP 3329 0.40838999 -0.212117733 -0.08555773 0 0 0
C@CP 3330 0.14776044 -0.145023826 0.00888856435 0 0 0
C@CP 3331 -0.188613848 0.389036243 0.184568742 0 0 0
C@CP 3332 0.312553696 -0.031427083 -0.162309736 0 0 0
C@CP 3333 -0.350518075 -0.222023927 -0.0040286172 0 0 0
C@CP 3334 -0.242747095 -0.164957019 0.224467629 0 0 0
C@CP 3335 -0.281585637 -0.110001231 -0.108119666 0 0 0
C@CP 3336 -0.17247013 0.299030274 -0.180689718 0 0 0
C@CP 3337 -0.290187096 0.296647047 -0.117000762 0 0 0
C@CP 3338 0.24712746 -0.20446213 -0.321625914 0 0 0
C@CP 3339 -0.136899117 0.25626361 -0.223929141 0 0 0
C@CP 3340 -0.0871536587 -0.251219935 -0.0386410198 0 0 0
C@CP 3341 -0.0235409358 -0.0740019449 -0.0127402217 0 0 0
C@CP 3342 0.132015285 0.00712299649 0.262338446 0 0 0
C@CP 3343 0.135258033 0.253795233 -0.310573747 0 0 0
C@CP 3344 0.237887143 -0.311929394 -0.175754089 0 0 0
C@CP 3345 -0.372405254 -0.191693217 0.156043594 0 0 0
C@CP 3346 -0.40396249 -0.124473088 0.204987598 0 0 0
C@CP 3347 -0.186311842 -0.388304363 -0.165158701 0 0 0
C@CP 3348 -0.0518900603 -0.162797167 0.0488995454 0 0 0
C@CP 3349 -0.0161398206 0.0412442096 -0.191092447 0 0 0
C@CP 3350 -0.111230225 0.252312345 -0.306598764 0 0 0
C@CP 3351 -0.081363613 0.451565654 -0.046514877 0 0 0
C@CP 3353 0.324518536 0.0906952476 0.257066571 0 0 0
C@CP 3354 0.238138054 0.268500441 -0.279903003 0 0 0
C@CP 3355 -0.0607374939 -0.0246315898 -0.359304981 0 0 0
C@CP 3356 -0.225238829 -0.0481314185 0.0500509934 0 0 0
C@CP 3357 -0.253222584 0.256265468 -0.115786488 0 0 0
C@CP 3358 -0.322334357 -0.308208197 0.146791104 0 0 0
C@CP 3359 0.0455517511 -0.053532009 0.284756036 0 0 0
C@CP 3360 -0.0162911702 0.247297353 -0.183819732 0 0 0
C@CP 3361 0.222167522 -0.00391347358 0.0150226713 0 0 0
C@CP 3362 0.23247807 0.186353778 0.287431234 0 0 0
C@CP 3363 0.0953569499 0.279893277 -0.308293138 0 0 0
C@CP 3364 -0.250279686 -0.0427826875 0.145997742 0 0 0
C@CP 3365 -0.0917773441 0.281800151 0.0111895208 0 0 0
C@CP 3366 -0.0499887487 0.0576965654 -0.372163827 0 0 0
C@CP 3367 -0.371060441 0.130859878 -0.0785466393 0 0 0
C@CP 3368 -0.190584485 0.307750186 0.103604994 0 0 0
C@CP 3369 0.101674949 0.171871993 -0.399296444 0 0 0
C@CP 3370 0.250370185 0.161354764 0.110416507 0 0 0
C@CP 3371 0.0620444814 0.0774637006 0.383663941 0 0 0
C@CP 3372 -0.107661618 0.065832049 -0.186797183 0 0 0
C@CP 3373 0.395003714 -0.0123426767 -0.236360596 0 0 0
C@CP 3374 0.125785475 -0.235621705 0.322801529 0 0 0
C@CP 3375 0.0648134866 0.0544715728 0.429692585 0 0 0
C@CP 3376 -0.0755271347 0.125533276 0.181636398 0 0 0
C@CP 3377 -0.298160642 0.0122667903 -0.0256187718 0 0 0
C@CP 3378 0.109653431 -0.00604742348 -0.180830995 0 0 0
C@CP 3379 -0.0943868051 0.303797034 0.120866814 0 0 0
C@CP 3380 -0.291251353 0.189408052 -0.306944631 0 0 0
C@CP 3381 0.135446325 -0.166149588 0.00179075895 0 0 0
C@CP 3382 -0.0183579265 0.154397417 -0.356267857 0 0 0
C@CP 3383 -0.301159669 0.152532071 -0.0254599282 0 0 0
C@CP 3384 0.105850207 -0.152029633 0.335460514 0 0 0
C@CP 3385 0.339866252 0.0974545474 0.065758071 0 0 0
C@CP 3386 -0.238786599 -0.323089186 -0.197821496 0 0 0
C@CP 3387 -0.288493419 -0.310663128 0.185966462 0 0 0
C@CP 3388 0.240286612 0.00403596674 -0.159505127 0 0 0
C@CP 3389 0.0413912407 -0.273341884 -0.0537628227 0 0 0
C@CP 3390 0.265750939 0.090421115 0.374164961 0 0 0
C@CP 3391 -0.219469683 -0.00214115494 -0.30445849 0 0 0
C@CP 3392 0.381619286 -0.0899599489 0.124229438 0 0 0
C@CP 3393 0.34064205 -0.116453946 0.0482116089 0 0 0
C@CP 3394 0.261496852 -0.0570810152 -0.193103876 0 0 0
C@CP 3395 0.18293353 0.170972372 -0.271618928 0 0 0
C@CP 3396 -0.086748438 0.121393406 0.334259318 0 0 0
C@CP 3397 0.35204177 0.030011485 0.0741420757 0 0 0
C@CP 3398 -0.0848312343 -0.0269640967 0.387854731 0 0 0
C@CP 3399 0.00626552675 -0.37029926 -0.24095301 0 0 0
C@CP 3400 0.00629743791 -0.0292432998 -0.448747269 0 0 0
C@CP 3401 0.164695868 0.174631121 -0.292020781 0 0 0
C@CP 3402 -0.240050976 0.0422384179 -0.0465255783 0 0 0
C@CP 3403 0.136699855 0.0988229536 -0.151915455 0 0 0
C@CP 3404 -0.263272833 0.00998694637 -0.202175656 0 0 0
C@CP 3405 0.0384510936 0.177156391 0.215168947 0 0 0
C@CP 3406 -0.201897876 0.245448271 -0.317284559 0 0 0
C@CP 3407 -0.15854924 -0.167500008 -0.258498483 0 0 0
C@CP 3408 -0.0383190377 0.00313485048 -0.1130747 0 0 0
C@CP 3409 -0.19386569 -0.185834819 0.0979528102 0 0 0
C@CP 3410 -0.0665320717 0.156273288 0.0175377551 0 0 0
C@CP 3411 -0.0933520395 -0.432684151 0.0639009421 0 0 0
C@CP 3412 -0.273896833 -0.355682797 -0.106232198 0 0 0
C@CP 3413 0.22910323 0.173174196 0.361646613 0 0 0
C@CP 3414 -0.0606450019 -0.194298525 0.179248683 0 0 0
C@CP 3415 0.161288221 -0.0320338123 0.313192168 0 0 0
C@CP 3416 0.165645074 -0.105266989 -0.296871659 0 0 0
C@CP 3417 0.153718313 0.147938003 -0.385720668 0 0 0
C@CP 3418 -0.0172908876 0.304080089 0.135675623 0 0 0
C@CP 3419 0.0395353276 -0.290451768 0.259698265 0 0 0
C@CP 3420 0.290578005 0.300322486 0.196830305 0 0 0
C@CP 3421 -0.236439295 0.278791473 0.257624708 0 0 0
C@CP 3422 -0.150317174 0.172361554 0.335321633 0 0 0
C@CP 3423 0.352566727 0.06070838 -0.0330816491 0 0 0
C@CP 3424 0.238956645 -0.266514586 0.112576532 0 0 0
C@CP 3425 -0.161720451 0.382113598 -0.22380132 0 0 0
C@CP 3426 0.418638735 -0.126577156 -0.144252807 0 0 0
C@CP 3427 -0.13822916 -0.395421039 -0.132885241 0 0 0
C@CP 3428 0.199746519 0.109811814 0.13270709 0 0 0
C@CP 3429 -0.170950211 0.105837105 -0.426983363 0 0 0
C@CP 3430 0.0689751794 0.0204225691 0.412269234 0 0 0
C@CP 3431 0.104505691 0.305376524 -0.100248647 0 0 0
C@CP 3432 -0.262287737 -0.0517093667 0.225578834 0 0 0
C@CP 3433 -0.292360419 0.151177017 -0.0749630218 0 0 0
C@CP 3434 0.344725579 0.0328436508 -0.0806983656 0 0 0
C@CP 3435 0.14050809 -0.421179645 -0.154645119 0 0 0
C@CP 3436 0.0339320169 -0.306893836 -0.232012578 0 0 0
C@CP 3437 -0.230947331 -0.0261766364 0.349382947 0 0 0
C@CP 3438 0.00986152975 -0.245774094 -0.20008226 0 0 0
C@CP 3439 -0.451811689 -0.0893858847 0.058172428 0 0 0
C@CP 3440 0.0712516365 0.24221445 -0.242182056 0 0 0
C@CP 3441 -0.268140038 -0.0360029577 -0.0760459402 0 0 0
C@CP 3442 -0.3157129 0.0505806899 0.0288216219 0 0 0
C@CP 3443 -0.0240094182 0.406432954 0.160902672 0 0 0
C@CP 3444 0.405370977 -0.0896535077 -0.0795035191 0 0 0
C@CP 3445 -0.243597655 -0.116104948 -0.0603074227 0 0 0
C@CP 3446 -0.200803723 0.22094971 0.29641454 0 0 0
C@CP 3447 0.00749288012 0.187869843 0.410897449 0 0 0
C@CP 3448 0.0379208306 -0.244646753 0.0797657782 0 0 0
C@CP 3449 0.28448582 -0.0107436408 0.0780500674 0 0 0
C@CP 3450 0.430362313 -0.0631338893 -0.0198427642 0 0 0
C@CP 3451 0.39578294 0.163405469 0.0676443771 0 0 0
C@CP 3452 0.10112026 -0.136107948 -0.154215104 0 0 0
C@CP 3454 0.35034608 0.0362738036 -0.0648897698 0 0 0
C@CP 3455 -0.0358172943 -0.289818602 0.0320873044 0 0 0
C@CP 3456 0.317271936 -0.020770633 -0.263233155 0 0 0
C@CP 3457 -0.261804131 0.0549389714 -0.0284364268 0 0 0
C@CP 3458 0.203692475 -0.110535332 0.132544624 0 0 0
C@CP 3459 -0.309432654 0.153541101 -0.142032618 0 0 0
C@CP 3460 -0.0119001943 0.170645755 0.326152488 0 0 0
C@CP 3461 0.095017591 -0.183902431 -0.0418512148 0 0 0
C@CP 3462 -0.0310737476 -0.22468363 -0.396829064 0 0 0
C@CP 3463 -0.00557667305 0.0052056574 0.191381266 0 0 0
C@CP 3464 -0.184045925 0.431392592 -0.0387632838 0 0 0
C@CP 3465 0.212110588 0.114526914 -0.294796472 0 0 0
C@CP 3466 -5.3350557e-06 -0.184582718 0.344710716 0 0 0
C@CP 3467 0.0331815198 0.32494748 -0.130159494 0 0 0
C@CP 3468 0.21410863 -0.10713494 -0.0144166073 0 0 0
C@CP 3469 0.0232535922 -0.134914855 0.424029601 0 0 0
C@CP 3470 -0.112339793 -0.316736571 0.157355401 0 0 0
C@CP 3471 -0.121892676 -0.357558167 0.262997848 0 0 0
C@CP 3472 0.304828595 0.219897373 -0.0600615755 0 0 0
C@CP 3473 -0.363335836 0.265011724 -0.0567548386 0 0 0
C@CP 3474 -0.0433785396 0.177177978 0.299634665 0 0 0
C@CP 3475 0.0156329751 0.0343516774 0.0867272584 0 0 0
C@CP 3476 0.0196917345 0.305428168 0.294622247 0 0 0
C@CP 3477 -0.22952863 -0.118063212 0.123656347 0 0 0
C@CP 3478 0.373078427 -0.234538582 0.0482052472 0 0 0
C@CP 3479 -0.349947412 -0.0475257722 0.190219877 0 0 0
C@CP 3480 -0.313217917 -0.155072068 0.145297717 0 0 0
C@CP 3481 0.136833243 0.0591557724 0.263377699 0 0 0
C@CP 3482 0.35680615 -0.193348044 0.0153364071 0 0 0
C@CP 3483 0.2412882 -0.0586271345 -0.37746226 0 0 0
C@CP 3484 -0.184084581 0.246745478 0.0116326328 0 0 0
C@CP 3485 -0.203756554 -0.0261648774 0.308190102 0 0 0
C@CP 3486 0.0524831585 -0.176123226 0.120875522 0 0 0
C@CP 3487 0.0774412278 0.273136622 0.314694781 0 0 0
C@CP 3488 -0.213994016 0.201616 0.0200078765 0 0 0
C@CP 3489 0.333008947 -0.100473657 -0.0941344838 0 0 0
C@CP 3490 -0.282915212 0.175979397 -0.0654361025 0 0 0
C@CP 3491 0.0681220008 -0.184742831 -0.143514423 0 0 0
C@CP 3492 0.0342126678 -0.213492872 -0.377792327 0 0 0
C@CP 3493 0.173554301 -0.22417773 -0.192452087 0 0 0
C@CP 3494 -0.146772897 0.29624118 0.158655171 0 0 0
C@CP 3495 -0.091147066 0.106516356 -0.278039912 0 0 0
C@CP 3496 0.105356725 0.0801961262 -0.385070062 0 0 0
C@CP 3497 -0.125946154 -0.37418489 -0.180318113 0 0 0
B@CP 3499 -0.182676798 0.0649624051 -0.0177243548 0 0 0
C@CP 3500 -0.00490749542 -0.119736157 -0.145335122 0 0 0
C@CP 3501 0.0457755789 0.0976356887 -0.364255352 0 0 0
C@CP 3502 -0.220952919 0.133712076 -0.165288344 0 0 0
B@CP 3504 0.216802722 -0.319400178 -0.118136269 0 0 0
C@CP 3505 0.0481714891 0.0838988812 0.0825498783 0 0 0
B@CP 3507 0.240337415 0.0705227423 0.0476342115 0 0 0
C@CP 3508 0.172117182 0.167028928 -0.151192888 0 0 0
B@CP 3510 0.234535643 0.0664925132 0.0769857457 0 0 0
C@CP 3511 -0.0664876627 -0.034591605 0.320834641 0 0 0
B@CP 3513 0.181690966 0.0320891175 -0.256464368 0 0 0
C@CP 3514 0.22371818 -0.0923857973 0.191369376 0 0 0
B@CP 3516 0.165590243 0.0573010706 -0.281314644 0 0 0
C@CP 3517 0.402651647 -0.0300529326 -0.044479218 0 0 0
B@CP 3519 0.0357386222 0.161402714 0.0153379626 0 0 0
C@CP 3520 -0.0981016591 -0.321528045 0.0755602287 0 0 0
B@CP 3522 -0.227792842 0.124286765 0.0461325447 0 0 0
C@CP 3523 0.191466161 -0.285449504 0.314739467 0 0 0
