B@CP 1004 0.192661381 -0.153880747 0.269556008 0 0 0
B@CP 1005 -0.167107133 -0.112059171 0.113596477 0 0 0
B@CP 1008 -0.272024533 -0.0232636001 -0.0717717353 0 0 0
B@CP 1014 -0.275365444 -0.331083045 -0.147593593 0 0 0
B@CP 1018 0.00992951955 -0.26788332 0.254593188 0 0 0
B@CP 1020 0.311411508 0.283745247 0.138676755 0 0 0
B@CP 1025 0.10173012 0.0945177048 -0.352016302 0 0 0
B@CP 1026 -0.0877594326 -0.284758756 0.30479197 0 0 0
B@CP 1032 0.143125644 0.347355966 -0.246634828 0 0 0
B@CP 1033 -0.153216719 0.0181036783 0.415253464 0 0 0
B@CP 1034 0.0226463368 0.240079347 -0.00389589121 0 0 0
B@CP 1036 0.152822014 0.409325843 -0.0511563796 0 0 0
B@CP 1040 -0.253294382 0.238863861 -0.0926012569 0 0 0
B@CP 1041 -0.226690347 0.209329737 0.339734263 0 0 0
B@CP 1042 -0.308367803 -0.197884764 -0.217271424 0 0 0
B@CP 1045 -0.381626303 -0.16197085 0.18730662 0 0 0
B@CP 1046 -0.254354317 0.008332695 -0.302460026 0 0 0
B@CP 1047 0.214573808 0.0207874875 -0.27927988 0 0 0
B@CP 1055 0.00942507477 -0.0945507475 0.337014699 0 0 0
B@CP 1056 -0.245207633 -0.0905084983 -0.0186258736 0 0 0
B@CP 1059 0.0594637731 0.221178949 0.254932278 0 0 0
B@CP 1063 0.180542462 -0.254838464 -0.280365271 0 0 0
B@CP 1065 0.0759461855 0.130731706 0.00319811741 0 0 0
B@CP 1066 0.433587109 -0.0416482507 -0.0993119653 0 0 0
B@CP 1068 0.0249024951 0.185380786 0.422405193 0 0 0
B@CP 1069 -0.0698850772 0.120767517 -0.205184898 0 0 0
B@CP 1070 -0.393609246 0.167309279 -0.0962818371 0 0 0
B@CP 1077 -0.141236945 0.377086418 0.0796162208 0 0 0
B@CP 1080 0.377383769 0.178249986 0.181031765 0 0 0
B@CP 1083 0.113258385 0.103004417 0.288057041 0 0 0
B@CP 1084 0.39562679 -0.238117118 -0.152631895 0 0 0
B@CP 1085 -0.253381819 0.119994408 -0.0386876845 0 0 0
B@CP 1089 0.285476251 0.112464818 -0.0349318586 0 0 0
B@CP 1091 0.1361917 -0.34167053 -0.05952295 0 0 0
B@CP 1092 0.242885093 -0.0762643785 0.00389026222 0 0 0
B@CP 1093 -0.206343785 0.330678024 -0.194521653 0 0 0
B@CP 1094 -0.212929063 0.0419138569 0.142498104 0 0 0
B@CP 1099 0.0168269537 -0.124599352 -0.434882949 0 0 0
B@CP 1100 -0.159625294 0.142917529 -0.132638495 0 0 0
B@CP 1104 0.0997226706 0.317919731 0.31495667 0 0 0
B@CP 1105 0.0326538761 0.346105108 -0.019507061 0 0 0
B@CP 1106 0.18611057 0.312882095 -0.232450067 0 0 0
B@CP 1107 0.311940601 -0.00629453654 0.125681727 0 0 0
B@CP 1109 0.172370046 0.350308394 0.184129844 0 0 0
B@CP 1110 0.403271913 0.0107955758 0.102333256 0 0 0
B@CP 1117 -0.216503018 0.15400919 -0.0905287203 0 0 0
B@CP 1118 0.0899443545 0.219979459 -0.134565274 0 0 0
B@CP 1121 0.234188971 -0.249552676 -0.280607088 0 0 0
B@CP 1122 0.109269603 -0.125821714 0.329112486 0 0 0
B@CP 1123 0.112413718 0.0900616275 0.28852087 0 0 0
B@CP 1125 0.22166054 -0.191481463 -0.271387544 0 0 0
B@CP 1131 -0.251283157 -0.285523491 -0.244978234 0 0 0
B@CP 1139 0.0779406962 -0.042245409 0.269654792 0 0 0
B@CP 1143 0.11385121 -0.333975713 0.0544163176 0 0 0
B@CP 1146 -0.0425380212 0.158720331 -0.235266435 0 0 0
B@CP 1147 -0.299724259 0.296506369 -0.0335387891 0 0 0
B@CP 1149 0.124820713 -0.295457502 0.141322355 0 0 0
B@CP 1152 -0.351457309 -0.0538327015 -0.276256732 0 0 0
B@CP 1154 0.0154126989 0.263532075 0.406199133 0 0 0
B@CP 1155 -0.0716286157 0.420475835 0.0749437466 0 0 0
B@CP 1160 -0.0605766443 0.176559994 0.0207311462 0 0 0
B@CP 1161 0.321706678 -0.0912562479 -0.313878785 0 0 0
B@CP 1162 -0.135783122 0.0909880423 0.381387252 0 0 0
B@CP 1163 -0.221089087 0.306233627 -0.0611447947 0 0 0
B@CP 1166 0.243407214 -0.0760399967 0.307063196 0 0 0
B@CP 1167 0.106908143 -0.342829721 -0.162571188 0 0 0
B@CP 1170 -0.0740492735 0.385040991 -0.136492488 0 0 0
B@CP 1171 -0.0327736735 -0.00932856041 0.256514664 0 0 0
B@CP 1176 0.272393317 0.294881518 0.118957698 0 0 0
B@CP 1179 -0.0481631213 0.120655924 0.428118002 0 0 0
B@CP 1185 -0.23439523 -0.249798881 0.235856107 0 0 0
B@CP 1186 -0.339680498 0.285366566 0.0481217359 0 0 0
B@CP 1187 -0.217651649 0.125151916 -0.138615511 0 0 0
B@CP 1188 0.0880549716 0.276214058 -0.286828503 0 0 0
B@CP 1189 0.177143237 0.183569062 -0.118239484 0 0 0
B@CP 1190 -0.274467033 0.0790793359 0.110695428 0 0 0
B@CP 1191 0.241478494 -0.0693232294 0.305253118 0 0 0
B@CP 1192 0.245647605 0.326790557 -0.0416458191 0 0 0
B@CP 1196 -0.163125191 0.145847061 0.285086854 0 0 0
B@CP 1197 0.263111041 0.072879693 -0.372554372 0 0 0
B@CP 1200 0.263387465 0.229828225 0.0995915677 0 0 0
B@CP 1206 0.005097208 0.29939254 -0.268119658 0 0 0
B@CP 1211 -0.180067719 -0.261936197 0.27376226 0 0 0
B@CP 1221 -0.44047207 0.0779255119 -0.114886023 0 0 0
B@CP 1222 -0.208552611 -0.0828060548 -0.267921757 0 0 0
B@CP 1225 0.216254237 -0.123380148 -0.237048534 0 0 0
B@CP 1226 0.0435833864 0.340555047 0.046817074 0 0 0
B@CP 1228 0.144954285 -0.392635399 -0.210511362 0 0 0
B@CP 1229 0.120334315 0.224116823 0.292498787 0 0 0
B@CP 1234 -0.354426923 0.0526054516 -0.258259025 0 0 0
B@CP 1237 -0.281731573 0.173516079 -0.302630175 0 0 0
B@CP 1239 -0.284133778 -0.104909511 -0.0552741996 0 0 0
B@CP 1241 -0.0934814673 -0.109064104 0.15122236 0 0 0
B@CP 1242 0.165080041 -0.259055952 -0.188143535 0 0 0
B@CP 1245 -0.237970987 0.120831978 -0.0205868529 0 0 0
B@CP 1248 0.0814523703 -0.205350978 0.262108249 0 0 0
B@CP 1257 0.0546507488 -0.0984787125 0.256815741 0 0 0
B@CP 1259 0.0582814021 0.123580619 -0.351803357 0 0 0
B@CP 1262 0.373482696 0.232977611 -0.107289163 0 0 0
B@CP 1263 0.0996859002 0.140989952 -0.159065928 0 0 0
B@CP 1264 0.195803972 0.343495739 -0.22203436 0 0 0
B@CP 1268 -0.0673119743 -0.00748725833 -0.333422327 0 0 0
B@CP 1274 0.29626559 0.327099324 -0.0162128686 0 0 0
B@CP 1275 -0.248102193 0.246139069 -0.13353675 0 0 0
B@CP 1280 -0.0165891807 -0.00120530504 0.201463053 0 0 0
B@CP 1281 -0.0721361964 -0.1243882 0.0767441559 0 0 0
B@CP 1284 -0.00660345631 -0.157302469 -0.158248803 0 0 0
B@CP 1285 -0.0603312051 0.0319591419 0.188677773 0 0 0
B@CP 1291 -0.140844129 -0.114473759 0.142216084 0 0 0
B@CP 1293 -0.259702059 -0.140287021 -0.120658144 0 0 0
B@CP 1299 0.256654792 0.0331336688 -0.0914273765 0 0 0
B@CP 1302 -0.257659977 0.396354318 -0.0248944802 0 0 0
B@CP 1305 0.018701285 0.0789605574 0.342378884 0 0 0
B@CP 1306 -0.0948183519 0.425614638 0.0818975119 0 0 0
B@CP 1312 -0.0290451067 -0.172081375 0.109162776 0 0 0
B@CP 1318 -0.279706046 0.0373579613 0.187917941 0 0 0
B@CP 1320 0.324641584 -0.229412155 -0.147771921 0 0 0
B@CP 1323 0.0180161293 0.257848354 -0.384040256 0 0 0
B@CP 1324 -0.0872472571 -0.349667253 0.0128016713 0 0 0
B@CP 1326 0.320228414 0.215526877 -0.190801264 0 0 0
B@CP 1330 -0.147221396 0.389430251 0.0158365894 0 0 0
B@CP 1332 -0.0668587435 0.0993534464 0.170989808 0 0 0
B@CP 1335 -0.0284998455 0.204409607 -0.413756796 0 0 0
B@CP 1342 0.438900031 0.00598522472 0.0309336853 0 0 0
B@CP 1343 0.332929804 -0.205574897 -0.228477929 0 0 0
B@CP 1345 -0.357210827 -0.0600855809 0.18455614 0 0 0
B@CP 1348 0.281215899 0.177711638 0.337785927 0 0 0
B@CP 1354 0.342417199 0.0615016686 0.152395501 0 0 0
B@CP 1356 0.312838029 -0.114709647 -0.169309017 0 0 0
B@CP 1362 0.0835862393 0.272866805 -0.0898663451 0 0 0
B@CP 1363 -0.182809473 0.250920902 -0.246227056 0 0 0
B@CP 1365 -0.322689345 0.156865059 -0.0242999582 0 0 0
B@CP 1367 -0.106056578 -0.390268112 -0.0565851094 0 0 0
B@CP 1370 0.358325059 0.0149262764 -0.216280951 0 0 0
B@CP 1371 -0.183811455 -0.106294762 0.163379924 0 0 0
B@CP 1372 -0.207357399 -0.0507297335 0.023909072 0 0 0
B@CP 1373 0.410355639 -0.113934507 -0.198093382 0 0 0
B@CP 1375 0.120717579 0.181859041 -0.394659141 0 0 0
B@CP 1379 0.0517688603 0.275625068 0.0328526819 0 0 0
B@CP 1385 -0.357516933 -0.0929728357 -0.250331575 0 0 0
B@CP 1387 -0.336585383 -0.15301924 0.174007924 0 0 0
B@CP 1390 0.159007873 -0.155074787 -0.254963514 0 0 0
B@CP 1391 0.278625772 -0.31218375 0.185101173 0 0 0
B@CP 1393 -0.358593798 -0.176420389 0.215780405 0 0 0
B@CP 1398 0.123516125 -0.226092174 0.187717919 0 0 0
B@CP 1406 0.038277445 0.252363538 -0.273734645 0 0 0
B@CP 1408 -0.345865119 0.0718479621 0.161602132 0 0 0
B@CP 1410 0.276415895 -0.304725859 0.153445674 0 0 0
B@CP 1416 0.209048133 -0.189067944 0.341145231 0 0 0
B@CP 1417 -0.00819175714 0.246678103 0.409567841 0 0 0
B@CP 1422 -0.190258578 -0.0892006105 -0.0544220591 0 0 0
B@CP 1423 0.176131273 -0.207390846 0.0374994037 0 0 0
B@CP 1424 0.373098183 -0.101636258 0.130369265 0 0 0
B@CP 1428 -0.393355209 0.0226895247 -0.198006149 0 0 0
B@CP 1429 -0.0625890416 -0.339297094 -0.300328716 0 0 0
B@CP 1433 -0.297933254 0.159747675 -0.0887328105 0 0 0
B@CP 1434 -0.320060621 -0.0464184973 -0.109315313 0 0 0
B@CP 1436 -0.305214775 -0.0308761658 -0.194726646 0 0 0
B@CP 1438 -0.222802357 -0.124944699 -0.380440064 0 0 0
B@CP 1439 0.276144743 0.143480845 -0.0218571515 0 0 0
B@CP 1446 0.0550720038 -0.344737411 0.270765614 0 0 0
B@CP 1448 -0.220569447 -0.141091913 0.180126627 0 0 0
B@CP 1452 -0.161351676 0.0292355834 -0.265167806 0 0 0
B@CP 1453 -0.315914267 0.0521164561 0.251409226 0 0 0
B@CP 1454 -0.188736341 0.231462093 0.28668586 0 0 0
B@CP 1465 -0.258195822 -0.234929008 -0.252673109 0 0 0
B@CP 1466 0.155567567 -0.354133727 -0.0518924534 0 0 0
B@CP 1470 0.195936063 -0.0777368855 0.173538143 0 0 0
B@CP 1471 -0.115157361 -0.117086457 -0.167977062 0 0 0
B@CP 1478 0.369448209 0.0613729146 -0.179728438 0 0 0
B@CP 1481 -0.191702925 -0.3969689 0.0829437305 0 0 0
B@CP 1482 0.453048288 -0.0986897751 -0.027957953 0 0 0
B@CP 1483 0.125467763 0.20671803 -0.317043553 0 0 0
B@CP 1486 0.0973861703 0.0150866682 -0.0733555686 0 0 0
B@CP 1489 -0.285166743 0.211526077 -0.222594584 0 0 0
B@CP 1490 -0.342827478 -0.0790061752 -0.190534303 0 0 0
B@CP 1491 -0.00471352766 -0.203254748 -0.157539378 0 0 0
B@CP 1492 -0.00840298285 0.212838642 0.00644594621 0 0 0
B@CP 1495 -0.0674034086 0.229185703 0.0980131449 0 0 0
B@CP 1500 0.278015451 -0.273153706 -0.182611944 0 0 0
B@CP 1504 0.195295937 0.316285283 -0.040375483 0 0 0
B@CP 1505 -0.0266070161 0.0901077661 -0.362508756 0 0 0
B@CP 1509 0.307667746 -0.228075197 0.221138652 0 0 0
B@CP 1515 0.0677474922 -0.0285289105 0.206736016 0 0 0
B@CP 1519 -0.0546043334 0.0818447365 0.438521295 0 0 0
B@CP 1523 -0.0549670071 0.187715998 0.17367602 0 0 0
B@CP 1524 0.158108779 0.198901961 -0.3437949 0 0 0
B@CP 1526 -0.0921353167 -0.0928593717 0.235377561 0 0 0
B@CP 1527 -0.288922798 0.115747016 -0.277417218 0 0 0
B@CP 1530 0.189424471 0.12195386 0.259235366 0 0 0
B@CP 1534 0.158880285 -0.239803328 -0.314778225 0 0 0
B@CP 1536 -0.215655772 0.0523920668 -0.393348524 0 0 0
B@CP 1551 0.438992891 0.0669846733 -0.10468089 0 0 0
B@CP 1552 0.367744696 -0.231011461 -0.0838156881 0 0 0
B@CP 1555 -0.265007183 0.172747634 0.337961056 0 0 0
B@CP 1561 0.156387177 -0.0598420624 -0.274740611 0 0 0
B@CP 1567 -0.279965329 0.0318788361 -0.0623502898 0 0 0
B@CP 1569 -0.00216717723 0.0479165914 -0.462254471 0 0 0
B@CP 1572 0.324706274 0.163847015 0.156274076 0 0 0
B@CP 1573 -0.124116433 -0.393847216 0.0839245956 0 0 0
B@CP 1576 -0.238249325 -0.226356136 -0.0525203013 0 0 0
B@CP 1580 -0.00771670982 0.213181933 0.21861078 0 0 0
B@CP 1583 0.134165225 0.0398429015 0.101161078 0 0 0
B@CP 1584 0.388168445 -0.210146511 0.088692699 0 0 0
B@CP 1586 -0.0637024088 -0.0962541796 0.310912698 0 0 0
B@CP 1588 -0.167069634 0.0495240325 0.30917043 0 0 0
B@CP 1589 0.172417191 0.0225328044 -0.298888875 0 0 0
B@CP 1596 0.279217685 -0.217953055 0.226405079 0 0 0
B@CP 1600 -0.0377068006 0.101804477 -0.347778256 0 0 0
B@CP 1606 0.1605882 -0.279985592 -0.166068545 0 0 0
B@CP 1609 -0.00578299833 -0.139568693 -0.229374396 0 0 0
B@CP 1611 -0.390694338 0.0460500231 -0.0369242078 0 0 0
B@CP 1613 0.259202112 0.00124995277 -0.0339923945 0 0 0
B@CP 1625 0.298184497 0.26319942 -0.101092747 0 0 0
B@CP 1630 -0.137748069 -0.0799608325 -0.149811128 0 0 0
B@CP 1637 -0.0617441686 0.272244319 0.179088072 0 0 0
B@CP 1638 0.359567466 0.245087006 0.181007928 0 0 0
B@CP 1642 -0.338215013 -0.0236066115 0.312446079 0 0 0
B@CP 1645 0.108914813 0.154396572 0.0704629297 0 0 0
B@CP 1649 0.214179978 -0.116762013 -0.113056221 0 0 0
B@CP 1655 -0.0583361079 0.284795857 0.237776364 0 0 0
B@CP 1656 0.277365973 0.254582628 -0.00310401889 0 0 0
B@CP 1673 -0.378858324 -0.140989891 0.10341848 0 0 0
B@CP 1678 -0.235984756 0.139952494 0.371180052 0 0 0
B@CP 1679 -0.066508438 -0.11280336 0.26231962 0 0 0
B@CP 1681 0.378705623 0.0676586167 0.16834057 0 0 0
B@CP 1686 -0.00952374145 0.0140423658 0.483167639 0 0 0
B@CP 1690 0.0454706604 -0.273319327 -0.221211332 0 0 0
B@CP 1694 -0.121221754 0.179591186 0.177431997 0 0 0
B@CP 1696 -0.310267097 -0.263451576 0.00692179477 0 0 0
B@CP 1697 -0.116667545 -0.267467099 0.211356074 0 0 0
B@CP 1701 -0.206165357 -0.278258578 0.066721831 0 0 0
B@CP 1703 -0.208202955 -0.0106761601 0.0352448084 0 0 0
B@CP 1710 -0.175646477 -0.285514532 -0.0902120555 0 0 0
B@CP 1719 0.0700845798 -0.306364644 -0.162865551 0 0 0
B@CP 1722 0.320158059 -0.138936116 0.156603252 0 0 0
B@CP 1727 -0.103428989 0.0292633362 0.0679995324 0 0 0
B@CP 1733 0.0128288138 -0.3079487 -0.250650743 0 0 0
B@CP 1735 0.222956251 0.286003034 -0.276453483 0 0 0
B@CP 1736 -0.119234064 0.415823635 0.0847647581 0 0 0
B@CP 1739 -0.240305807 0.261931594 0.255434824 0 0 0
B@CP 1740 0.459046951 -0.000689565466 0.0906810392 0 0 0
B@CP 1743 -0.0637377654 0.152069898 0.376750278 0 0 0
B@CP 1745 -0.180135527 0.369308129 -0.0991989881 0 0 0
B@CP 1746 0.237479372 0.259397162 0.263873957 0 0 0
B@CP 1747 0.216923502 0.367979063 -0.0316408773 0 0 0
B@CP 1748 0.178812797 0.389555558 0.029558629 0 0 0
B@CP 1751 -0.0815413278 -0.0970233961 0.260193412 0 0 0
B@CP 1752 0.396573421 -0.0711503389 0.234080929 0 0 0
B@CP 1755 0.309214355 -0.0714891957 -0.132107659 0 0 0
B@CP 1763 -0.352447235 -0.117850256 0.0600335948 0 0 0
B@CP 1774 0.309828231 -0.233073423 0.196635289 0 0 0
B@CP 1777 -0.354802721 0.136564236 -0.136407306 0 0 0
B@CP 1781 -0.0870288273 0.253645463 -0.0358077568 0 0 0
B@CP 1789 -0.164327055 0.109433101 0.232674048 0 0 0
B@CP 1790 -0.201494638 0.0527713919 0.294732184 0 0 0
B@CP 1793 -0.10958167 0.314563107 -0.295291239 0 0 0
B@CP 1800 -0.124720631 -0.257611727 -0.289085277 0 0 0
B@CP 1802 0.0654213714 -0.140235628 0.310961709 0 0 0
B@CP 1803 -0.132532358 -0.421314757 0.126601808 0 0 0
B@CP 1804 -0.134895223 -0.290998891 0.263360181 0 0 0
B@CP 1807 0.304039331 0.100705254 -0.0958669219 0 0 0
B@CP 1814 -0.175737207 0.0147530034 -0.311974214 0 0 0
B@CP 1815 0.42277711 0.0728636016 0.0871147169 0 0 0
B@CP 1817 -0.287149501 -0.225441879 0.171342446 0 0 0
B@CP 1819 0.264456677 0.181978565 0.0775558239 0 0 0
B@CP 1822 -0.356634653 0.177283838 0.0450419289 0 0 0
B@CP 1823 0.229192753 -0.286814826 -0.241520349 0 0 0
B@CP 1826 0.34240755 0.143243001 -0.115796029 0 0 0
B@CP 1828 0.372846074 -0.0902947298 -0.238558336 0 0 0
B@CP 1835 -0.110358215 -0.00613568126 -0.128704252 0 0 0
B@CP 1836 -0.130366669 -0.0835648917 0.407301873 0 0 0
B@CP 1838 -0.199662721 0.0343948583 -0.309654562 0 0 0
B@CP 1840 0.21492979 -0.0901816477 -0.0328456667 0 0 0
B@CP 1842 0.15325718 0.375049388 0.223262008 0 0 0
B@CP 1844 0.311683248 -0.0102447788 -0.0349760399 0 0 0
B@CP 1847 0.0841260661 -0.227794097 -0.347426161 0 0 0
B@CP 1848 0.0117853153 0.000216620531 -0.329966199 0 0 0
B@CP 1851 0.204231154 -0.128309285 0.274104816 0 0 0
B@CP 1852 0.0921548846 0.289368296 -0.244549059 0 0 0
B@CP 1855 0.106991921 0.223326031 -0.356530689 0 0 0
B@CP 1856 -0.370938278 0.00880668015 -0.0679990281 0 0 0
B@CP 1858 0.0234189955 -0.10254434 0.0653681625 0 0 0
B@CP 1861 0.133881742 0.334086345 -0.252278601 0 0 0
B@CP 1862 0.113145401 -0.0586568685 -0.218301685 0 0 0
B@CP 1866 0.178659351 0.224925818 0.121729448 0 0 0
B@CP 1870 0.317019728 0.337689739 -0.0581020079 0 0 0
B@CP 1872 -0.141333382 0.0445636357 -0.177514435 0 0 0
B@CP 1873 0.00508182278 -0.164907458 -0.164783975 0 0 0
B@CP 1877 -0.0853549975 -0.308265363 -0.326919441 0 0 0
B@CP 1879 0.0145466238 0.114805349 -0.338513288 0 0 0
B@CP 1880 -0.218526466 0.245598229 -0.169741498 0 0 0
B@CP 1881 -0.435903349 0.0810252564 0.0954659468 0 0 0
B@CP 1883 0.214439478 0.109732425 0.0942589058 0 0 0
B@CP 1887 -0.00957891575 -0.429248196 0.115465974 0 0 0
B@CP 1890 0.219286494 -0.0875469361 -0.149516024 0 0 0
B@CP 1891 -0.18328689 -0.120812749 -0.0912110364 0 0 0
B@CP 1892 0.383435507 0.160799945 0.162541054 0 0 0
B@CP 1893 0.116752685 0.220460464 -0.137690133 0 0 0
B@CP 1899 -0.331732535 -0.143527937 -0.251314474 0 0 0
B@CP 1901 -0.139416076 -0.114869621 0.150831017 0 0 0
B@CP 1903 -0.314230566 -0.0644092615 0.206759824 0 0 0
B@CP 1906 -0.41608599 -0.127190028 0.148728379 0 0 0
B@CP 1909 -0.147783504 -0.319315794 -0.209895337 0 0 0
B@CP 1910 -0.338920275 -0.179350608 -0.16193199 0 0 0
B@CP 1911 0.397553707 -0.115366057 0.103061324 0 0 0
B@CP 1915 -0.379957374 -0.236139346 -0.0794689438 0 0 0
B@CP 1917 0.102103194 0.204239601 0.268065337 0 0 0
B@CP 1920 -0.00701291594 -0.215822655 -0.367754642 0 0 0
B@CP 1921 -0.00419298771 0.40851064 0.125472794 0 0 0
B@CP 1922 0.219697605 -0.38029748 -0.134522956 0 0 0
B@CP 1925 -0.34485548 -0.123658599 0.0325102172 0 0 0
B@CP 1935 0.0830996731 0.0237682767 0.0760975568 0 0 0
B@CP 1937 -0.397111439 0.0841789553 0.16831218 0 0 0
B@CP 1939 0.0779020837 0.29731111 0.134178062 0 0 0
B@CP 1950 0.128022954 0.441298997 0.0237829038 0 0 0
B@CP 1955 0.179867989 0.0273668742 -0.0966154703 0 0 0
B@CP 1958 -0.153636048 0.0366892881 -0.244629295 0 0 0
B@CP 1967 -0.00386491077 0.222043773 -0.368158915 0 0 0
B@CP 1970 -0.000496624082 0.161107472 -0.378110457 0 0 0
B@CP 1974 -0.21865118 -0.278281797 0.237994501 0 0 0
B@CP 1980 -0.0715865875 0.051897866 0.247454714 0 0 0
B@CP 1993 -0.221766129 0.351540946 -0.0760307832 0 0 0
B@CP 1994 -0.156298546 0.403357459 0.110364318 0 0 0
B@CP 1996 0.0498256824 0.0624382942 0.176302334 0 0 0
B@CP 1999 -0.036145752 0.39318411 0.145395733 0 0 0
B@CP 2002 -0.296559411 -0.0584688828 0.155047917 0 0 0
B@CP 2005 -0.125502289 0.181318017 0.248224985 0 0 0
B@CP 2013 -0.0815119418 -0.081259591 -0.203461593 0 0 0
B@CP 2019 -0.193443888 -0.228593312 0.17559487 0 0 0
B@CP 2021 -0.339819358 -0.0776317206 -0.0140091425 0 0 0
B@CP 2022 0.0200728171 0.0192533962 0.0133807765 0 0 0
B@CP 2024 0.440247422 -0.125456255 -0.00441714016 0 0 0
B@CP 2025 -0.137248413 -0.208809998 -0.29714699 0 0 0
B@CP 2026 0.0734331626 -0.138442363 -0.435280026 0 0 0
B@CP 2028 -0.21847531 -0.384907595 0.0225343427 0 0 0
B@CP 2029 0.166709252 -0.15626672 -0.240033622 0 0 0
B@CP 2032 0.0669238116 -0.0179037267 -0.0427548145 0 0 0
B@CP 2033 0.0136214626 0.0656024119 0.0565322406 0 0 0
B@CP 2034 0.0424226162 0.133508707 0.446075608 0 0 0
B@CP 2036 -0.263784695 0.187770503 -0.332820891 0 0 0
B@CP 2037 0.15923618 -0.148172076 0.0564149572 0 0 0
B@CP 2040 -0.134647498 -0.247233035 0.296383413 0 0 0
B@CP 2042 -0.108919797 -0.396982551 -0.0657088589 0 0 0
B@CP 2043 -0.206919755 -0.275352044 0.178219043 0 0 0
B@CP 2048 -0.1262016 0.155301289 -0.397938625 0 0 0
B@CP 2050 0.0286573213 0.276733933 -0.0519823 0 0 0
B@CP 2053 0.268313485 0.0382857724 -0.320927607 0 0 0
B@CP 2057 -0.327406787 -0.283061258 0.123308628 0 0 0
B@CP 2059 0.0299413558 0.165942522 -0.12905177 0 0 0
B@CP 2060 -0.221034837 -0.265276837 0.226524887 0 0 0
B@CP 2068 0.121606955 0.103890373 -0.416006234 0 0 0
B@CP 2076 0.201689064 0.161314067 -0.0775980033 0 0 0
B@CP 2077 -0.0370921338 -0.0577646149 -0.0429918562 0 0 0
B@CP 2078 0.214964547 0.119703032 0.131997534 0 0 0
B@CP 2079 -0.119779113 -0.282500029 0.0611447388 0 0 0
B@CP 2081 -0.29069558 -0.344349867 -0.0504668971 0 0 0
B@CP 2082 -0.0680976156 0.207895346 0.265551557 0 0 0
B@CP 2083 -0.274290452 0.0130578291 0.196572253 0 0 0
B@CP 2086 0.0603390999 -0.201428041 0.422463427 0 0 0
B@CP 2087 0.0421487543 0.169507319 -0.176848382 0 0 0
B@CP 2091 -0.170935459 0.0334150235 -0.38793102 0 0 0
B@CP 2095 0.125531238 -0.161607285 0.392238733 0 0 0
B@CP 2103 0.08963201 0.0373198199 -0.336732138 0 0 0
B@CP 2105 -0.0204374135 0.28511754 0.0651456125 0 0 0
B@CP 2109 0.0516086694 0.262802174 0.0879106684 0 0 0
B@CP 2110 0.330253449 -0.128005582 0.269766007 0 0 0
B@CP 2111 -0.00680419423 0.117019996 0.182650178 0 0 0
B@CP 2113 -0.21778312 -0.235492341 -0.277741358 0 0 0
B@CP 2114 0.0700573225 0.148333217 -0.125339762 0 0 0
B@CP 2115 0.172127283 0.252040573 0.11865909 0 0 0
B@CP 2117 0.0853266006 0.00682051459 -0.107897945 0 0 0
B@CP 2118 0.152755552 -0.252655043 0.154842862 0 0 0
B@CP 2119 -0.367109281 -0.247453383 -0.109171306 0 0 0
B@CP 2125 0.0236505741 0.117220778 -0.370559332 0 0 0
B@CP 2127 0.106455294 -0.243202395 -0.269505401 0 0 0
B@CP 2130 0.171926801 -0.384355541 0.00877029608 0 0 0
B@CP 2131 -0.261761689 0.0548582642 0.0762535445 0 0 0
B@CP 2133 0.289823386 -0.0840057064 0.271913443 0 0 0
B@CP 2134 -0.075343713 0.382427836 0.203005693 0 0 0
B@CP 2136 -0.306496513 0.208587028 0.0795566568 0 0 0
B@CP 2141 -0.264858606 -0.257412235 -0.118343804 0 0 0
B@CP 2144 0.0300132992 0.190787302 0.345564896 0 0 0
B@CP 2145 0.0710412421 -0.206807131 -0.262381041 0 0 0
B@CP 2149 0.279241217 -0.183222525 -0.062103505 0 0 0
B@CP 2154 -0.232797348 0.162808224 0.272949926 0 0 0
B@CP 2161 -0.140305461 -0.393429767 -0.182870881 0 0 0
B@CP 2164 0.197215158 0.287330667 0.181524311 0 0 0
B@CP 2166 0.211329237 0.32817612 -0.157393862 0 0 0
B@CP 2168 -0.406328818 0.144812267 -0.0756873183 0 0 0
B@CP 2169 -0.0965589679 0.225353822 0.241176567 0 0 0
B@CP 2175 -0.0696154894 -0.0975278107 0.204948292 0 0 0
B@CP 2177 -0.0856728901 0.362853266 0.0561126567 0 0 0
B@CP 2182 -0.329560805 -0.116719016 0.179361739 0 0 0
B@CP 2186 0.0115478645 0.326046955 0.0813529379 0 0 0
B@CP 2188 0.188065892 0.235748388 0.238291381 0 0 0
B@CP 2203 -0.281799415 -0.0121518897 -0.0572615854 0 0 0
B@CP 2205 -0.0996102546 0.438808593 0.0948541074 0 0 0
B@CP 2207 0.359381258 -0.149644524 -0.191750208 0 0 0
B@CP 2208 0.330418871 0.0662415119 -0.136248542 0 0 0
B@CP 2213 -0.36226291 0.065531419 -0.291358203 0 0 0
B@CP 2215 0.0414241985 0.0418433222 0.312994651 0 0 0
B@CP 2217 0.248519166 -0.190117149 -0.125488268 0 0 0
B@CP 2220 -0.148029681 -0.109848371 0.262138356 0 0 0
B@CP 2221 0.377775191 -0.11382148 -0.0745318297 0 0 0
B@CP 2222 0.0407506602 -0.12309765 -0.0710277968 0 0 0
B@CP 2225 -0.159234159 -0.0171393604 0.249871381 0 0 0
B@CP 2226 -0.0123330896 0.281991016 -0.391515105 0 0 0
B@CP 2228 0.090007728 -0.358440906 0.20744582 0 0 0
B@CP 2230 -0.282008386 0.0333974288 0.333341764 0 0 0
B@CP 2233 0.417323546 0.185622909 0.103002905 0 0 0
B@CP 2234 0.189770975 -0.378830534 0.0737552023 0 0 0
B@CP 2248 -0.122452757 -0.291449177 -0.15255417 0 0 0
B@CP 2250 -0.141813334 0.278170485 0.290680348 0 0 0
B@CP 2251 0.0408597241 0.450114708 0.0034267256 0 0 0
B@CP 2252 -0.0815391799 -0.11184264 -0.181686606 0 0 0
B@CP 2254 -0.261541361 -0.0946558153 0.0239797821 0 0 0
B@CP 2255 -0.271642259 0.354081136 0.0199834474 0 0 0
B@CP 2256 -0.174319404 -0.351165397 0.237749654 0 0 0
B@CP 2263 -0.00832649781 0.231152784 0.185659891 0 0 0
B@CP 2267 0.143700281 -0.288340201 -0.258207407 0 0 0
B@CP 2271 0.0637824526 -0.21517622 -0.276590264 0 0 0
B@CP 2272 0.0992415732 -0.190035841 -0.17491113 0 0 0
B@CP 2273 0.265709519 0.147841868 -0.21847973 0 0 0
B@CP 2275 0.0246157068 -0.239278934 -0.354011522 0 0 0
B@CP 2279 0.250179451 0.253012141 -0.157099953 0 0 0
B@CP 2282 0.266947037 0.0575760856 0.302939625 0 0 0
B@CP 2284 -0.0251817293 -0.258569896 0.185253644 0 0 0
B@CP 2285 0.400347101 0.23466542 -0.079282474 0 0 0
B@CP 2293 0.0568805842 -0.0360117642 0.447877489 0 0 0
B@CP 2299 -0.0569246994 0.187548144 0.303292837 0 0 0
B@CP 2300 -0.313279419 -0.170697584 0.104286264 0 0 0
B@CP 2301 -0.00188096729 -0.0340436917 0.252975327 0 0 0
B@CP 2303 0.0437176929 0.055417535 -0.178225056 0 0 0
B@CP 2305 0.16796619 0.177895839 -0.403877677 0 0 0
B@CP 2309 0.33114037 0.239339016 -0.208618037 0 0 0
B@CP 2313 0.157814012 -0.168852313 0.0808978219 0 0 0
B@CP 2315 0.0667373238 0.20784991 0.156949625 0 0 0
B@CP 2320 -0.321449826 -0.255223573 0.108431044 0 0 0
B@CP 2325 -0.0587552793 -0.0783789027 -0.0551408553 0 0 0
B@CP 2329 -0.147333661 -0.00215195727 -0.043467355 0 0 0
B@CP 2331 0.139704241 -0.373179181 -0.00693721583 0 0 0
B@CP 2332 -0.369759276 0.166643384 -0.221267142 0 0 0
B@CP 2333 -0.246416982 -0.103653791 -0.0534686066 0 0 0
B@CP 2335 0.335631272 0.00608429529 -0.193832956 0 0 0
B@CP 2336 0.378321823 -0.0807545328 0.139725681 0 0 0
B@CP 2340 -0.237464996 -0.379568382 -0.0219084391 0 0 0
B@CP 2343 -0.102570805 -0.280016731 -0.2918001 0 0 0
B@CP 2346 0.0911863381 -0.182849664 0.230763039 0 0 0
B@CP 2348 -0.24546141 -0.107537888 -0.153675288 0 0 0
B@CP 2350 -0.347676766 -0.173907086 -0.247823701 0 0 0
B@CP 2351 -0.163701192 0.00742160416 -0.170574133 0 0 0
B@CP 2356 0.244156295 0.360891228 -0.0474053647 0 0 0
B@CP 2357 -0.0881126029 0.158852473 -0.0966760829 0 0 0
B@CP 2359 -0.176676748 -0.065067055 0.208129528 0 0 0
B@CP 2363 0.144370051 -0.0728336041 -0.00239323275 0 0 0
B@CP 2365 0.38941843 -0.0527098546 -0.0152756869 0 0 0
B@CP 2368 0.0172743245 -0.221630178 0.340513479 0 0 0
B@CP 2369 -0.0676113455 -0.0260778301 0.382358693 0 0 0
B@CP 2370 -0.128781183 0.397261207 0.123343901 0 0 0
B@CP 2372 0.0164276454 -0.398988094 0.104188402 0 0 0
B@CP 2373 0.178774037 -0.204507623 0.381950268 0 0 0
B@CP 2376 -0.353499236 -0.163481617 0.0641731858 0 0 0
B@CP 2381 -0.100289357 -0.0492416034 -0.258988991 0 0 0
B@CP 2382 0.118187386 0.179255873 -0.204791651 0 0 0
B@CP 2383 0.213135024 -0.397834044 -0.048463868 0 0 0
B@CP 2386 0.0608397357 0.32846639 0.30944419 0 0 0
B@CP 2388 0.345162832 0.0838735301 0.0742129678 0 0 0
B@CP 2392 0.422991912 -0.144484616 0.133385405 0 0 0
B@CP 2395 -0.148939783 -0.163760848 -0.240716333 0 0 0
B@CP 2397 -0.304432182 -0.314335542 -0.0893431457 0 0 0
B@CP 2400 -0.376725633 0.12922395 0.159223543 0 0 0
B@CP 2402 0.221024645 0.156442506 0.349673856 0 0 0
B@CP 2405 0.0874019041 -0.292214619 0.347649721 0 0 0
B@CP 2411 -0.0596668015 -0.344610775 -0.305833741 0 0 0
B@CP 2413 -0.178873995 0.0886789924 -0.297167048 0 0 0
B@CP 2416 -0.316391103 0.0796830514 -0.0897239534 0 0 0
B@CP 2421 -0.0279581511 0.299304401 -0.335805476 0 0 0
B@CP 2437 0.303147488 -0.168869605 -0.0274128356 0 0 0
B@CP 2441 0.168363666 -0.270589378 -0.148030957 0 0 0
B@CP 2456 0.225563056 -0.269449815 0.045221531 0 0 0
B@CP 2457 0.263994234 -0.24667265 -0.207575865 0 0 0
B@CP 2459 -0.0317893967 -0.0927020119 -0.0917856217 0 0 0
B@CP 2460 0.0080830746 -0.206364603 0.182039304 0 0 0
B@CP 2461 -0.205454571 0.0861941136 0.398128298 0 0 0
B@CP 2462 0.0879064646 -0.219468066 -0.359877188 0 0 0
B@CP 2467 0.222466209 -0.0945740465 -0.255476793 0 0 0
B@CP 2471 -0.101771531 -0.00441603889 -0.117433475 0 0 0
B@CP 2475 0.2236791 -0.2759994 -0.121461963 0 0 0
B@CP 2477 0.0931451832 -0.196187705 0.315868593 0 0 0
B@CP 2481 -0.226816486 0.17399109 -0.154402636 0 0 0
B@CP 2487 0.288981804 0.345480154 0.0289965775 0 0 0
B@CP 2492 -0.24815287 -0.168466567 -0.31642982 0 0 0
C@CP 2500 0.0884481926 -0.141941541 0.222192881 0 0 0
C@CP 2501 -0.0603881532 0.1617227 -0.32493323 0 0 0
C@CP 2502 -0.0432442535 -0.293322889 -0.303758522 0 0 0
C@CP 2503 -0.0772089981 -0.266241061 -0.00888001658 0 0 0
C@CP 2504 -0.238027892 0.052057772 0.210347908 0 0 0
C@CP 2505 -0.2364958 0.107184382 0.319294278 0 0 0
C@CP 2506 0.277105508 -0.203432306 0.047155195 0 0 0
C@CP 2507 0.148073402 0.370808271 0.235662222 0 0 0
C@CP 2508 0.268258613 -0.159774181 -0.0622106588 0 0 0
C@CP 2509 0.15685783 0.283894661 0.276866312 0 0 0
C@CP 2510 -0.101927706 -0.122182148 -0.0728662174 0 0 0
C@CP 2511 0.0381121341 0.288052691 0.309626469 0 0 0
C@CP 2512 -0.0836638193 0.21624173 -0.383984812 0 0 0
C@CP 2513 -0.240580144 0.246812839 0.148848313 0 0 0
C@CP 2514 -0.0133422486 -0.106221376 0.370293156 0 0 0
C@CP 2515 -0.332855591 0.248110541 0.0388926946 0 0 0
C@CP 2516 0.0632585509 -0.407780045 0.100687557 0 0 0
C@CP 2517 -0.417743785 0.0132974995 -0.11289645 0 0 0
C@CP 2518 -0.12234459 0.320391782 -0.196618218 0 0 0
C@CP 2519 0.0925850501 -0.0844818165 -0.0785269618 0 0 0
C@CP 2520 0.0199078444 -0.289219299 0.228708332 0 0 0
C@CP 2521 0.167839428 -0.249705583 -0.255154908 0 0 0
C@CP 2522 0.237804289 -0.215462695 -0.123826276 0 0 0
C@CP 2523 0.0296573861 -0.0193649505 -0.439157378 0 0 0
C@CP 2524 0.0602400428 -0.275107152 -0.0347290732 0 0 0
C@CP 2525 0.330929495 0.290868313 -0.168316965 0 0 0
C@CP 2526 -0.0666286116 -0.0808373046 0.0869050468 0 0 0
C@CP 2527 0.115319284 -0.307612513 -0.123189558 0 0 0
C@CP 2528 -0.328106347 0.0496865531 -0.298963279 0 0 0
C@CP 2529 0.153363066 0.218460403 0.300367103 0 0 0
C@CP 2530 0.166565807 -0.0431172689 -0.129817714 0 0 0
C@CP 2531 -0.195722541 -0.253093431 0.0377848319 0 0 0
C@CP 2532 0.390172362 -0.144728641 0.125765649 0 0 0
C@CP 2533 0.210144282 0.231848308 0.00230812674 0 0 0
C@CP 2534 0.0183457387 0.0422566056 0.427050158 0 0 0
C@CP 2535 -0.166288798 0.301092789 0.0475076538 0 0 0
C@CP 2536 0.154287765 -0.091180216 0.384737706 0 0 0
C@CP 2537 -0.258393527 0.309059921 0.066683798 0 0 0
C@CP 2538 0.301121068 0.0975118197 0.33370553 0 0 0
C@CP 2539 0.240626096 -0.0222445623 -0.0362171478 0 0 0
C@CP 2540 0.374993102 -0.114557098 0.212053178 0 0 0
C@CP 2541 0.234150402 0.291190397 0.167402128 0 0 0
C@CP 2542 -0.334500058 0.128640742 -0.15646761 0 0 0
C@CP 2543 0.103810821 -0.36574681 0.124518676 0 0 0
C@CP 2544 0.13068398 0.404428819 0.234341472 0 0 0
C@CP 2545 -0.229714723 0.0691035297 0.351980378 0 0 0
C@CP 2546 -0.0454382315 -0.0306894685 0.28615556 0 0 0
C@CP 2547 0.202341757 -0.233774526 0.168116105 0 0 0
C@CP 2548 0.0218824316 0.14891692 0.0909935364 0 0 0
C@CP 2549 0.0778136465 0.0828979941 -0.110694866 0 0 0
C@CP 2550 -0.207634014 -0.0339731431 0.0806399958 0 0 0
C@CP 2551 0.0493827683 0.251873039 0.372397466 0 0 0
C@CP 2552 -0.00188864126 -0.0755916504 0.000751844447 0 0 0
C@CP 2553 -0.16623355 0.271652878 0.213225644 0 0 0
C@CP 2554 0.277602778 0.174702984 -0.277408387 0 0 0
C@CP 2555 0.00318504057 -0.217636922 -0.134564292 0 0 0
C@CP 2556 -0.0644452088 -0.0672558465 -0.348486585 0 0 0
C@CP 2557 -0.18750484 -0.294513137 -0.103066873 0 0 0
C@CP 2558 0.176454958 0.0674019986 -0.411250056 0 0 0
C@CP 2559 0.347856885 -0.222500217 -0.191328332 0 0 0
C@CP 2560 -0.357738946 0.0349186524 -0.0227098894 0 0 0
C@CP 2561 0.283729358 0.0651376219 0.330676593 0 0 0
C@CP 2562 0.0684603938 0.0545311216 0.014202895 0 0 0
C@CP 2563 0.354421316 -0.0862754657 -0.27147956 0 0 0
C@CP 2564 0.0656680533 0.0946561848 -0.180060019 0 0 0
C@CP 2565 -0.166024398 0.369973066 0.125348212 0 0 0
C@CP 2566 -0.0273935025 0.339878228 0.158394493 0 0 0
C@CP 2567 -0.0483067275 0.288209373 -0.265219921 0 0 0
C@CP 2568 0.0476151732 -0.294864545 -0.278718964 0 0 0
C@CP 2569 0.223534481 -0.0809829562 -0.0121436154 0 0 0
C@CP 2570 -0.288463508 -0.00679766523 0.11408311 0 0 0
C@CP 2571 0.0234923641 0.154379338 -0.301833508 0 0 0
C@CP 2572 -0.369795516 -6.25283174e-05 -0.187165527 0 0 0
C@CP 2573 -0.262689284 0.157900332 -0.0176648043 0 0 0
C@CP 2574 -0.389226049 -0.201603498 -0.106102727 0 0 0
C@CP 2575 0.00526220078 -0.263940392 -0.06019257 0 0 0
C@CP 2576 0.385763737 0.113308406 0.103690595 0 0 0
C@CP 2577 0.240818035 -0.0056209183 0.207799989 0 0 0
C@CP 2578 0.00897037311 -0.0282752944 -0.307158261 0 0 0
C@CP 2579 -0.109698899 -0.322864182 -0.320363951 0 0 0
C@CP 2580 0.0262987441 0.106754844 -0.0968518386 0 0 0
C@CP 2581 0.203130926 0.314722087 -0.213262336 0 0 0
C@CP 2582 -0.147171467 -0.0396172821 0.237092873 0 0 0
C@CP 2583 0.102741995 0.112862648 0.171459676 0 0 0
C@CP 2584 0.2555823 0.0219856626 0.0862002541 0 0 0
C@CP 2585 -0.0375763922 -0.172000666 0.299685123 0 0 0
C@CP 2586 -0.195001054 0.0865103695 -0.226110493 0 0 0
C@CP 2587 0.383167938 -0.211889646 -0.0782600533 0 0 0
C@CP 2588 -0.385268072 -0.0666344072 0.23668295 0 0 0
C@CP 2589 -0.121849937 0.402402672 0.119940081 0 0 0
C@CP 2590 -0.218102594 0.0729325917 0.234208073 0 0 0
C@CP 2591 0.127725105 -0.141777737 0.276571389 0 0 0
C@CP 2592 -0.0139891671 -0.254472755 0.25330957 0 0 0
C@CP 2593 -0.121915743 -0.0627725377 -0.318413552 0 0 0
C@CP 2594 0.00340076034 0.29821029 0.14565987 0 0 0
C@CP 2595 0.0905936571 -0.419240817 -0.125738734 0 0 0
C@CP 2596 0.272866343 -0.172765443 -0.241665739 0 0 0
C@CP 2597 0.0701481904 0.0550077671 0.254269095 0 0 0
C@CP 2598 -0.417548363 -0.0282000091 -0.0927180504 0 0 0
C@CP 2599 -0.290406675 0.185917027 -0.0636060049 0 0 0
C@CP 2600 0.38369706 -0.0294532487 0.073022604 0 0 0
C@CP 2601 -0.130948042 -0.383236508 -0.0192361296 0 0 0
C@CP 2602 -0.0397242697 -0.0903116624 0.0330043806 0 0 0
C@CP 2603 0.136392814 0.0271884292 -0.0156901686 0 0 0
C@CP 2604 -0.0320654709 -0.0786422303 -0.296769191 0 0 0
C@CP 2605 -0.157139915 0.221085613 0.27051898 0 0 0
C@CP 2606 0.0787043168 0.164785527 0.242433021 0 0 0
C@CP 2607 -0.380855948 0.00583580474 0.0865045335 0 0 0
C@CP 2608 -0.107083063 0.182552763 0.243095951 0 0 0
C@CP 2609 0.0647403996 0.284149738 -0.0616788962 0 0 0
C@CP 2610 0.125026156 -0.281227848 -0.0495573037 0 0 0
C@CP 2611 -0.0400007791 -0.424670898 -0.108176176 0 0 0
C@CP 2612 -0.24488778 -0.234554199 0.111562747 0 0 0
C@CP 2613 -0.407631019 -0.136305382 -0.13621711 0 0 0
C@CP 2614 0.144527027 0.302247734 -0.283414584 0 0 0
C@CP 2615 0.220689809 -0.11649774 -0.276500977 0 0 0
C@CP 2616 0.44166142 0.103675724 -0.047026635 0 0 0
C@CP 2617 0.116387376 -0.0470601183 -0.432330308 0 0 0
C@CP 2618 -0.128910943 -0.405709203 0.168897364 0 0 0
C@CP 2619 0.262073886 -0.173730616 -0.167689222 0 0 0
C@CP 2620 -0.0312195816 0.162037371 0.254761191 0 0 0
C@CP 2621 0.250800534 -0.077994641 -0.163369927 0 0 0
C@CP 2622 0.0641951064 -0.0782318233 -0.317746395 0 0 0
C@CP 2623 0.177340488 -0.372281295 0.215850683 0 0 0
C@CP 2624 0.0395194603 -0.0087805544 0.309439439 0 0 0
C@CP 2625 0.192296266 0.270278756 -0.0693448483 0 0 0
C@CP 2626 0.0511837699 -0.271316486 -0.164344031 0 0 0
C@CP 2627 -0.129684135 0.31002232 0.163619806 0 0 0
C@CP 2628 0.0453323153 -0.182617608 -0.224325512 0 0 0
C@CP 2629 0.324288709 -0.225062863 0.200179834 0 0 0
C@CP 2630 -0.18547688 -0.163206153 -0.334685915 0 0 0
C@CP 2631 0.0237266031 0.0161574902 0.380854429 0 0 0
C@CP 2632 0.208105871 -0.285235012 -0.296499961 0 0 0
C@CP 2633 0.0869367587 -0.110416843 0.146926505 0 0 0
C@CP 2634 -0.191246168 0.0614928688 -0.236243162 0 0 0
C@CP 2635 0.00842290989 0.0959052899 -0.136728023 0 0 0
C@CP 2636 0.182105347 0.216737762 -0.179168177 0 0 0
C@CP 2637 -0.252339989 0.35682437 -0.0506906194 0 0 0
C@CP 2638 -0.0888344189 -0.129290679 -0.294895371 0 0 0
C@CP 2639 -0.0217757918 -0.393033646 0.0466985636 0 0 0
C@CP 2640 -0.257775883 -0.30800374 -0.21584095 0 0 0
C@CP 2641 0.0385814417 0.148026111 -0.406667838 0 0 0
C@CP 2642 -0.229859285 0.267554113 0.116706674 0 0 0
C@CP 2643 0.0565542051 0.115780312 0.447762881 0 0 0
C@CP 2644 0.234283631 -0.242189277 -0.0177870956 0 0 0
C@CP 2645 -0.11830945 0.163207075 -0.144492625 0 0 0
C@CP 2646 0.0339159503 -0.194187324 0.318370744 0 0 0
C@CP 2647 0.303376275 -0.0341016964 0.0770270554 0 0 0
C@CP 2648 0.0868587389 -0.294868919 0.04983111 0 0 0
C@CP 2649 -0.288953519 0.148289609 0.305849809 0 0 0
C@CP 2650 0.113681258 -0.168362133 -0.359035256 0 0 0
C@CP 2651 -0.151128898 0.121376113 0.00241700107 0 0 0
C@CP 2652 0.138994634 -0.108233488 -0.390921807 0 0 0
C@CP 2653 0.0673223925 0.206065676 0.214064733 0 0 0
C@CP 2654 -0.303943504 0.0677707179 -0.177435238 0 0 0
C@CP 2655 -0.049675245 -0.0431823067 -0.0177334794 0 0 0
C@CP 2656 -0.260525996 0.203953436 0.109669167 0 0 0
C@CP 2657 -0.0422872861 -0.199230797 0.146015997 0 0 0
C@CP 2658 0.28217588 -0.1293804 -0.275634863 0 0 0
C@CP 2659 0.0988381314 -0.00921759883 -0.199287511 0 0 0
C@CP 2660 0.296422619 -0.107239251 -0.306000614 0 0 0
C@CP 2662 0.224298858 -0.0356841596 -0.0401174605 0 0 0
C@CP 2663 -0.268566462 0.0166017266 0.172525834 0 0 0
C@CP 2664 -0.115685711 -0.38378599 0.251305656 0 0 0
C@CP 2665 -0.288307241 0.0549041116 0.158449586 0 0 0
C@CP 2666 0.307726847 0.308517849 0.0273712262 0 0 0
C@CP 2667 -0.0630570359 -0.360233298 0.0659192629 0 0 0
C@CP 2668 0.191654901 -0.0947963934 0.186556379 0 0 0
C@CP 2669 0.21287385 0.334939658 -0.145209716 0 0 0
C@CP 2670 0.0422013328 -0.0179302541 0.370255044 0 0 0
C@CP 2671 -0.181823631 -0.128774588 -0.282322091 0 0 0
C@CP 2672 -0.31835149 0.196664972 -0.251810635 0 0 0
C@CP 2673 0.0745436097 -0.029758456 -0.256708532 0 0 0
C@CP 2674 -0.0270624216 -0.214383745 0.279733717 0 0 0
C@CP 2675 -0.0550233678 -0.416584627 0.0832972156 0 0 0
C@CP 2676 0.116686541 0.239196837 -0.272206998 0 0 0
C@CP 2677 0.0726367863 -0.291042484 0.174226846 0 0 0
C@CP 2678 0.00182291869 -0.408376823 -0.1856602 0 0 0
C@CP 2679 -0.0859706217 0.166617006 0.199652633 0 0 0
C@CP 2680 -0.0675959725 -0.142351185 -0.271275192 0 0 0
C@CP 2681 -0.0309401295 -0.273294326 0.273792756 0 0 0
C@CP 2682 -0.418122115 -0.102496238 0.09262305 0 0 0
C@CP 2683 -0.353660233 -0.104687416 0.0473716956 0 0 0
C@CP 2684 -0.174625364 -0.12990283 0.277194605 0 0 0
C@CP 2685 -0.0487104791 -0.0533311529 -0.169516864 0 0 0
C@CP 2686 -0.236905969 -0.0416218351 0.148012233 0 0 0
C@CP 2687 0.00967871458 -0.20547499 -0.382954048 0 0 0
C@CP 2688 -0.0675746269 0.00188694634 0.429368456 0 0 0
C@CP 2689 -0.141939074 0.0646261803 -0.219104978 0 0 0
C@CP 2690 0.10484965 -0.0376102072 -0.288420631 0 0 0
C@CP 2691 -0.0456636703 -0.302240618 0.327008977 0 0 0
C@CP 2692 0.155511528 0.377715334 0.122060732 0 0 0
C@CP 2693 0.317023734 -0.211059275 0.0346866713 0 0 0
C@CP 2694 0.189472336 0.24712306 -0.16743521 0 0 0
C@CP 2695 -0.310408144 -0.0978864695 -0.0297564984 0 0 0
C@CP 2696 -0.046644662 -0.280579847 -0.170354011 0 0 0
C@CP 2697 0.118948 -0.0314816922 0.17342354 0 0 0
C@CP 2698 -0.281565571 -0.304000204 0.207614074 0 0 0
C@CP 2699 -0.180943258 0.0580746006 0.334827225 0 0 0
C@CP 2700 0.229479302 0.220338424 0.133956155 0 0 0
C@CP 2701 0.3551232 0.0662322419 0.247394961 0 0 0
C@CP 2702 0.0732373036 -0.291225555 -0.328978877 0 0 0
C@CP 2703 -0.0444661888 0.311486627 0.276151169 0 0 0
C@CP 2704 0.116163954 -0.359817054 0.231040743 0 0 0
C@CP 2705 -0.143255871 0.0503365008 0.255529129 0 0 0
C@CP 2706 0.0536172534 -0.0584374366 -0.15563031 0 0 0
C@CP 2707 0.224316205 -0.235874512 -0.0631361926 0 0 0
C@CP 2708 0.2949687 -0.152620687 -0.305348601 0 0 0
C@CP 2709 0.030271882 -0.377619166 0.111903104 0 0 0
C@CP 2710 0.194034786 -0.0525601539 -0.120507444 0 0 0
C@CP 2711 -0.310679932 -0.322283269 -0.0481167499 0 0 0
C@CP 2712 0.323846347 0.265735957 0.101795872 0 0 0
C@CP 2713 -0.00666795463 0.0184098075 -0.102123658 0 0 0
C@CP 2714 0.151035094 0.209585906 -0.0266423622 0 0 0
C@CP 2715 0.191952232 0.355936932 0.176202839 0 0 0
C@CP 2716 0.170884305 -0.0328677891 0.328064387 0 0 0
C@CP 2717 -0.0519842372 -0.439896717 -0.117210419 0 0 0
C@CP 2718 -0.184615814 -0.342722169 0.190771131 0 0 0
C@CP 2719 0.314795266 -0.113816224 0.300601618 0 0 0
C@CP 2720 -0.280009233 0.357392327 -0.0524095042 0 0 0
C@CP 2721 0.0563782733 -0.155506682 -0.172656016 0 0 0
C@CP 2722 -0.0380087466 -0.0868226959 0.217272304 0 0 0
C@CP 2723 -0.0924306733 -0.0798657187 0.391974646 0 0 0
C@CP 2724 -0.205244743 -0.408656052 0.107114754 0 0 0
C@CP 2725 -0.2932694 0.32000601 -0.14406954 0 0 0
C@CP 2726 -0.229365096 -0.207563263 -0.358315461 0 0 0
C@CP 2727 0.330374958 0.158086389 -0.0592486147 0 0 0
C@CP 2728 0.0792247431 -0.288008919 -0.210147506 0 0 0
C@CP 2729 -0.0268126766 0.0774052046 0.31391501 0 0 0
C@CP 2730 -0.219836659 -0.0618260383 0.120922556 0 0 0
C@CP 2731 -0.18228691 -0.312185227 -0.0361329509 0 0 0
C@CP 2732 -0.298278521 0.26979807 0.145312069 0 0 0
C@CP 2733 0.218933336 -0.161861745 0.402533145 0 0 0
C@CP 2734 0.203212427 -0.167238519 -0.183861625 0 0 0
C@CP 2735 0.0079793191 0.208992197 0.072837625 0 0 0
C@CP 2736 0.104522884 -0.22671313 -0.0291163268 0 0 0
C@CP 2737 0.22089201 -0.157685693 -0.0183229135 0 0 0
C@CP 2738 0.293572727 -0.194691996 0.27012606 0 0 0
C@CP 2739 -0.419066592 -0.118136188 0.107503159 0 0 0
C@CP 2740 -0.0905977999 -0.175431571 0.345640415 0 0 0
C@CP 2741 -0.0630833935 0.317983555 0.235308723 0 0 0
C@CP 2742 -0.231828571 0.0409721965 -0.169884425 0 0 0
C@CP 2743 0.214130706 0.0796745262 -0.043895497 0 0 0
C@CP 2744 -0.0616793977 -0.149339798 0.00493837196 0 0 0
C@CP 2745 0.0454619924 0.3524133 0.193295207 0 0 0
C@CP 2746 -0.11801757 0.223273197 -0.277151793 0 0 0
C@CP 2747 0.158912249 0.0142511014 -0.152601701 0 0 0
C@CP 2748 -0.146466653 0.315676367 0.226224665 0 0 0
C@CP 2749 0.391354912 0.0124860156 0.0137922866 0 0 0
C@CP 2750 -0.0517969327 0.0466905981 -0.30562274 0 0 0
C@CP 2751 -0.183401933 -0.334423766 0.108867052 0 0 0
C@CP 2752 0.237185408 -0.068489895 0.261485172 0 0 0
C@CP 2753 0.036013502 -0.122252064 0.0592454883 0 0 0
C@CP 2754 -0.254929237 -0.30315087 0.209363746 0 0 0
C@CP 2755 0.289752227 -0.0929460559 -0.359455183 0 0 0
C@CP 2756 -0.292872778 0.150460715 0.296500846 0 0 0
C@CP 2757 0.0204865636 -0.439044111 0.13705768 0 0 0
C@CP 2758 -0.253796715 -0.116091763 0.211191233 0 0 0
C@CP 2759 -0.21949337 0.169944518 0.312197807 0 0 0
C@CP 2760 -0.0612377634 0.271763064 -0.246096553 0 0 0
C@CP 2761 -0.0368338999 0.274943498 -0.00950267813 0 0 0
C@CP 2762 0.0583871896 0.0375253488 0.329172854 0 0 0
C@CP 2763 0.267424607 -0.0065886541 0.138365086 0 0 0
C@CP 2764 -0.266117176 0.0885049365 0.300163092 0 0 0
C@CP 2765 -0.216116168 -0.292821509 -0.0926134094 0 0 0
C@CP 2766 0.338879524 -0.128287922 0.284847713 0 0 0
C@CP 2767 0.135915102 -0.308360183 0.176958466 0 0 0
C@CP 2768 0.0716154081 0.0541666214 -0.39204729 0 0 0
C@CP 2769 -0.423744169 0.173481925 -0.110884218 0 0 0
C@CP 2770 -0.113538022 0.189697718 0.279780614 0 0 0
C@CP 2771 0.122218549 -0.144031255 -0.0617419461 0 0 0
C@CP 2772 -0.0890513847 0.300871726 0.306359938 0 0 0
C@CP 2773 0.265963861 0.0809478204 -0.320854545 0 0 0
C@CP 2774 0.0488698877 -0.419269107 0.144455567 0 0 0
C@CP 2775 0.0892391444 0.234370444 -0.224943607 0 0 0
C@CP 2776 0.135040606 -0.141399373 -0.0943035385 0 0 0
C@CP 2777 0.135177737 0.0464750257 0.074578159 0 0 0
C@CP 2778 -0.107464989 0.282104126 0.112248618 0 0 0
C@CP 2779 -0.0248379081 0.218681308 0.264825924 0 0 0
C@CP 2780 -0.0138977678 -0.160445185 -0.429172729 0 0 0
C@CP 2781 0.386546963 0.0397271795 -0.0908112095 0 0 0
C@CP 2782 0.307970569 -0.0923285545 0.33137135 0 0 0
C@CP 2783 0.174726536 0.0489316068 -0.237712839 0 0 0
C@CP 2784 -0.134271492 -0.22514365 0.169621858 0 0 0
C@CP 2785 0.421663671 -0.027703756 0.14890256 0 0 0
C@CP 2786 -0.0265841191 -0.220011085 -0.0915839851 0 0 0
C@CP 2787 -0.439559936 0.0662248279 -0.125404556 0 0 0
C@CP 2788 -0.419347035 0.160250694 0.0573943411 0 0 0
C@CP 2789 -0.239255456 0.13802128 0.0892992724 0 0 0
C@CP 2790 -0.000691164369 0.307175693 0.0742098417 0 0 0
C@CP 2791 0.093863491 -0.0421584851 -0.206682801 0 0 0
C@CP 2792 -0.261718227 0.0751227373 -0.115490096 0 0 0
C@CP 2793 0.30131873 -0.157129559 0.145550803 0 0 0
C@CP 2794 -0.0426291586 0.150201708 -0.0982065664 0 0 0
C@CP 2795 -0.338633488 0.128218004 -0.228413197 0 0 0
C@CP 2796 -0.298178285 0.228761888 0.199190537 0 0 0
C@CP 2797 -0.127687118 -0.0933743361 0.434307739 0 0 0
C@CP 2798 -0.38447416 -0.107931689 0.147693183 0 0 0
C@CP 2799 0.276148569 0.0945731305 0.177745152 0 0 0
C@CP 2800 0.0467655619 -0.302749019 0.272068289 0 0 0
C@CP 2801 -0.359180052 -0.0700670346 0.146022309 0 0 0
C@CP 2802 0.0563415673 0.158733696 0.149423436 0 0 0
C@CP 2803 -0.102553791 0.194218966 -0.328210578 0 0 0
C@CP 2804 0.140998738 -0.0295381626 -0.0087744732 0 0 0
C@CP 2805 -0.159297387 0.0485979102 0.322932701 0 0 0
C@CP 2806 -0.167922831 -0.00180022755 -0.423846129 0 0 0
C@CP 2807 -0.192519791 -0.00233373375 -0.235136391 0 0 0
C@CP 2808 0.289476282 -0.219543142 -0.142167055 0 0 0
C@CP 2809 -0.31248263 0.0422552142 0.177110952 0 0 0
C@CP 2810 0.0580419125 -0.325436111 0.198980693 0 0 0
C@CP 2811 -0.106210008 0.287858949 -0.277956128 0 0 0
C@CP 2812 -0.153971078 -0.271215556 0.0958877419 0 0 0
C@CP 2813 0.202604138 0.146883629 -0.273902489 0 0 0
C@CP 2814 0.0548782324 0.237836679 -0.350980304 0 0 0
C@CP 2815 0.0894737076 -0.0814724251 0.138504961 0 0 0
C@CP 2816 -0.0942796671 -0.00984280129 0.356889836 0 0 0
C@CP 2817 -0.361414081 -0.125324681 0.253325801 0 0 0
C@CP 2818 -0.313100425 0.123057774 -0.210020772 0 0 0
C@CP 2819 -0.031303318 0.0302368586 -0.0385431716 0 0 0
C@CP 2820 -0.0279639316 0.314433084 -0.0619225142 0 0 0
C@CP 2821 -0.187644072 -0.140499197 -0.219759808 0 0 0
C@CP 2822 0.164286909 0.151961305 -0.251978594 0 0 0
C@CP 2823 -0.128160465 0.00896153737 -0.0744771121 0 0 0
C@CP 2824 0.244692932 -0.0797325577 -0.270403264 0 0 0
C@CP 2825 0.347588188 -0.26031761 0.153021145 0 0 0
C@CP 2826 0.237738517 -0.163363982 -0.381145685 0 0 0
C@CP 2827 -0.212137111 0.349349245 0.129861074 0 0 0
C@CP 2828 0.133944186 0.424955093 0.134533985 0 0 0
C@CP 2829 -0.410833853 0.0210443373 0.249808001 0 0 0
C@CP 2830 -0.238911767 -0.183833931 -0.230467214 0 0 0
C@CP 2831 0.0980896565 -0.170580319 -0.0613956899 0 0 0
C@CP 2832 -0.252811134 0.0237686894 -0.106911964 0 0 0
C@CP 2833 -0.0859427434 -0.238622024 -0.0821582586 0 0 0
C@CP 2834 -0.133749598 -0.38931101 0.17296736 0 0 0
C@CP 2835 -0.0955852508 -0.292376961 -0.245868273 0 0 0
C@CP 2836 -0.0153316168 -0.000333806485 0.349592181 0 0 0
C@CP 2837 0.309312535 -0.150221518 -0.0296413078 0 0 0
C@CP 2838 0.444192493 0.0526127794 0.0465809475 0 0 0
C@CP 2839 0.17486291 -0.360309432 0.135532794 0 0 0
C@CP 2840 -0.319063583 0.0283789277 0.305571136 0 0 0
C@CP 2841 -0.0879352659 0.309404149 0.0943564173 0 0 0
C@CP 2842 -0.0567382358 0.141426253 0.147688287 0 0 0
C@CP 2843 -0.0677794344 0.0885970207 0.223779536 0 0 0
C@CP 2844 -0.00157873318 -0.364839488 0.199281834 0 0 0
C@CP 2845 -0.177937945 0.222262363 0.3388346 0 0 0
C@CP 2846 -0.352581089 -0.248659217 -0.140850139 0 0 0
C@CP 2847 -0.0982589455 0.326411861 0.0820402747 0 0 0
C@CP 2848 -0.131363049 0.221111595 -0.058759049 0 0 0
C@CP 2849 -0.0899994215 0.107657158 -0.0143212189 0 0 0
C@CP 2850 0.154629846 0.0768368183 0.22482518 0 0 0
C@CP 2851 -0.437501744 -0.030134866 -0.154118486 0 0 0
C@CP 2852 -0.203313075 0.279080411 -0.277594726 0 0 0
C@CP 2853 -0.0649662051 0.23561387 -0.173149331 0 0 0
C@CP 2854 -0.351370894 -0.239191519 -0.126665288 0 0 0
C@CP 2855 0.0157552843 0.146760296 0.0520547226 0 0 0
C@CP 2856 0.264665512 0.11379561 0.111405681 0 0 0
C@CP 2857 -0.0734372826 0.0715289204 0.10448789 0 0 0
C@CP 2858 0.3151829 0.152294053 -0.0688038405 0 0 0
C@CP 2859 -0.0132444998 -0.190732904 -0.301334002 0 0 0
C@CP 2860 -0.102068024 -0.397537857 0.0435399994 0 0 0
C@CP 2861 -0.0781587514 -0.229044222 -0.393558704 0 0 0
C@CP 2862 0.00563487539 -0.337131213 -0.1610699 0 0 0
C@CP 2863 0.0803924231 -0.0996268558 -0.436792987 0 0 0
C@CP 2864 0.208766901 -0.134013216 -0.366789067 0 0 0
C@CP 2865 -0.080041775 -0.0804792598 0.417776275 0 0 0
C@CP 2866 -0.345221183 -0.285609955 0.160448186 0 0 0
C@CP 2867 -0.277669208 -0.00488976077 -0.0295669804 0 0 0
C@CP 2868 0.0561529878 -0.354181094 -0.111460312 0 0 0
C@CP 2869 0.0233394918 0.0367829227 -0.183537462 0 0 0
C@CP 2870 0.212366072 -0.0854119749 0.112386018 0 0 0
C@CP 2871 -0.00325192999 0.121714534 -0.0399067989 0 0 0
C@CP 2872 0.306675475 -0.17205296 0.170216093 0 0 0
C@CP 2873 0.286759652 -0.00392427673 -0.0983726666 0 0 0
C@CP 2874 0.195737231 -0.0972987741 -0.028886775 0 0 0
C@CP 2875 0.185013791 0.0631362135 -0.0649275049 0 0 0
C@CP 2876 -0.150000082 0.0083027443 -0.210157625 0 0 0
C@CP 2877 0.113162526 -0.0650955093 -0.435890343 0 0 0
C@CP 2878 0.0858094662 0.131622299 0.110506103 0 0 0
C@CP 2879 0.319861422 0.0122337668 0.0325847276 0 0 0
C@CP 2880 0.193285264 -0.0762539023 -0.171344581 0 0 0
C@CP 2881 0.122772124 -0.137121938 0.0432972916 0 0 0
C@CP 2882 -0.285652168 0.124638954 -0.116299927 0 0 0
C@CP 2883 -0.0530026946 0.189273368 0.0338847119 0 0 0
C@CP 2884 0.400788241 0.114573584 -0.0503384792 0 0 0
C@CP 2885 0.260304387 0.218722964 0.00826507128 0 0 0
C@CP 2886 -0.288755039 0.2596532 0.0547661605 0 0 0
C@CP 2887 -0.275410917 0.165986062 -0.157505219 0 0 0
C@CP 2888 -0.121717711 -0.0386424877 -0.437224228 0 0 0
C@CP 2889 -0.23980955 0.0225512245 -0.146795008 0 0 0
C@CP 2890 -0.25143521 0.214673737 -0.28635774 0 0 0
C@CP 2891 -0.368953106 -0.0300658789 0.190462756 0 0 0
C@CP 2892 0.0842869232 -0.192675481 0.286883104 0 0 0
C@CP 2893 0.0422288403 -0.38279394 0.197140607 0 0 0
C@CP 2894 0.190321714 -0.176725048 -0.333601082 0 0 0
C@CP 2895 0.273975074 -0.116719316 0.0541607345 0 0 0
C@CP 2896 0.372837583 -0.145238735 0.088665208 0 0 0
C@CP 2897 -0.37189095 0.0384990319 -0.112311078 0 0 0
C@CP 2898 0.120644435 -0.210129212 -0.206542781 0 0 0
C@CP 2899 -0.380744706 0.236895613 -0.140711432 0 0 0
C@CP 2900 -0.175917155 0.126893034 -0.115032957 0 0 0
C@CP 2901 -0.0690450955 -0.310657708 -0.235109921 0 0 0
C@CP 2902 -0.0647993182 -0.174452869 0.270886021 0 0 0
C@CP 2903 -0.154073813 -0.195066998 0.288763531 0 0 0
C@CP 2904 -0.383136043 0.194418132 -0.0354085781 0 0 0
C@CP 2905 0.195985076 -0.0865537114 -0.318534719 0 0 0
C@CP 2906 0.304931421 0.0125430341 -0.0335870872 0 0 0
C@CP 2907 0.00022843523 -0.241122342 0.245875369 0 0 0
C@CP 2908 -0.27111803 0.12376992 -0.26816948 0 0 0
C@CP 2909 0.265133871 -0.341143536 0.160805163 0 0 0
C@CP 2910 0.210139935 0.0154986622 -0.246782097 0 0 0
C@CP 2911 -0.0499122783 0.102055134 -0.206492225 0 0 0
C@CP 2912 -0.186667676 0.284605078 -0.261556058 0 0 0
C@CP 2913 0.26425651 0.145026406 -0.304147606 0 0 0
C@CP 2914 -0.0124015433 0.127536682 0.407890497 0 0 0
C@CP 2915 0.458222096 0.0231493826 -0.0606690663 0 0 0
C@CP 2916 0.277740186 -0.269780243 0.1350197 0 0 0
C@CP 2917 0.289435796 -0.0116601678 -0.1477035 0 0 0
C@CP 2918 0.403158139 -0.0726090285 -0.01065105 0 0 0
C@CP 2919 0.00868480796 -0.331418578 -0.0079848894 0 0 0
C@CP 2920 0.248370881 -0.187461527 -0.18104154 0 0 0
C@CP 2921 -0.182481345 0.0202658801 0.17796467 0 0 0
C@CP 2922 0.0656297351 0.0170291048 -0.0372883095 0 0 0
C@CP 2923 0.411627835 -0.0273313593 -0.116906838 0 0 0
C@CP 2924 0.0601698123 -0.0729098323 0.0722834207 0 0 0
C@CP 2925 0.217183985 -0.0822486367 0.225433687 0 0 0
C@CP 2926 -0.191683152 0.154262275 -0.379263622 0 0 0
C@CP 2927 0.08145434 -0.0477676082 -0.194749848 0 0 0
C@CP 2928 -0.051280264 0.428902163 0.150435884 0 0 0
C@CP 2929 0.13997363 0.137026748 0.284246714 0 0 0
C@CP 2930 0.0677163431 0.0286961639 0.0590041658 0 0 0
C@CP 2931 0.167264051 0.0141086313 0.117063965 0 0 0
C@CP 2932 0.384799386 -0.203903685 0.0821367718 0 0 0
C@CP 2933 0.24071416 0.265526075 0.111346374 0 0 0
C@CP 2934 -0.368747588 0.0815457951 -0.0830297425 0 0 0
C@CP 2935 0.183244724 0.270607299 -0.0341283378 0 0 0
C@CP 2936 0.0756556131 0.216328932 0.394339877 0 0 0
C@CP 2937 -0.432699031 -0.0689648746 -0.119095675 0 0 0
C@CP 2938 0.233469174 0.163136083 -0.334711634 0 0 0
C@CP 2939 -0.117973648 -0.319655718 0.0168471126 0 0 0
C@CP 2940 -0.137568637 -0.292923765 -0.114950439 0 0 0
C@CP 2941 0.142208678 0.380856807 -0.115529745 0 0 0
C@CP 2942 0.252330088 -0.0918939078 0.303231282 0 0 0
C@CP 2943 0.147379994 -0.284407624 0.0653058084 0 0 0
C@CP 2944 -0.385451849 -0.211542472 -0.0698554223 0 0 0
C@CP 2945 -0.187929638 0.20816522 -0.233777387 0 0 0
C@CP 2946 0.0397109267 -0.21560714 -0.163459267 0 0 0
C@CP 2947 0.0998942547 -0.344206529 -0.264638198 0 0 0
C@CP 2948 0.126457433 0.15221602 -0.252882821 0 0 0
C@CP 2949 -0.177483902 -0.0712086374 -0.336383767 0 0 0
C@CP 2950 -0.323632679 0.0998830833 0.233402572 0 0 0
C@CP 2951 -0.266008938 0.126892578 0.240526722 0 0 0
C@CP 2952 0.258099253 0.0733893033 -0.273200381 0 0 0
C@CP 2953 0.00827838918 0.0464116285 0.450157006 0 0 0
C@CP 2954 -0.129055949 0.0325590702 0.25843279 0 0 0
C@CP 2955 0.0147577241 -0.156560928 -0.100252942 0 0 0
C@CP 2956 -0.204657219 -0.370158945 0.206265375 0 0 0
C@CP 2957 0.195918051 0.256861356 0.309637978 0 0 0
C@CP 2958 0.0721481537 -0.359184992 -0.162408007 0 0 0
C@CP 2959 0.143948093 0.0803295533 -0.16482474 0 0 0
C@CP 2960 0.163331047 -0.156733133 0.103539244 0 0 0
C@CP 2961 -0.0627614299 -0.376891115 -0.123725515 0 0 0
C@CP 2962 -0.46946123 0.0126034401 -0.025790878 0 0 0
C@CP 2963 -0.185181847 -0.259450987 0.237470409 0 0 0
C@CP 2964 -0.112806143 0.232862211 0.0409729617 0 0 0
C@CP 2965 -0.214245449 -0.190033981 -0.325723429 0 0 0
C@CP 2966 -0.342384596 0.158809186 0.0935683432 0 0 0
C@CP 2967 -0.112126112 -0.146025968 -0.111848659 0 0 0
C@CP 2968 -0.170547643 0.072293613 0.134461359 0 0 0
C@CP 2969 0.294995723 -0.0479912737 -0.0690243877 0 0 0
C@CP 2970 0.363845726 -0.108939014 -0.271436877 0 0 0
C@CP 2971 0.249089497 -0.225761406 -0.00707282828 0 0 0
C@CP 2972 0.281953163 0.106090513 0.186469768 0 0 0
C@CP 2973 0.0533026329 -0.0943007236 0.418284695 0 0 0
C@CP 2974 0.396834671 -0.208764312 0.0561507221 0 0 0
C@CP 2975 -0.132127256 0.130426848 0.328109245 0 0 0
C@CP 2976 0.0305516564 0.394211456 -0.227949954 0 0 0
C@CP 2977 0.0252105698 0.0712505458 -0.030614657 0 0 0
C@CP 2978 0.131604782 0.38035049 -0.244035228 0 0 0
C@CP 2979 0.277920144 -0.18586466 -0.313454163 0 0 0
C@CP 2980 -0.125276493 -0.314672341 0.213050786 0 0 0
C@CP 2981 -0.105005804 0.173818563 0.00576184129 0 0 0
C@CP 2982 -0.120674284 0.0342437438 -0.344227593 0 0 0
C@CP 2983 0.289888089 0.0973793638 -0.273782758 0 0 0
C@CP 2984 0.220148398 0.294242029 0.146071962 0 0 0
C@CP 2985 -0.376595066 -0.09699518 -0.145876662 0 0 0
C@CP 2986 -0.149436274 -0.341717286 0.271275112 0 0 0
C@CP 2987 -0.0644980545 -0.0186154645 -0.274013944 0 0 0
C@CP 2988 0.164680757 -0.372497883 -0.171041372 0 0 0
C@CP 2989 -0.316655347 0.276969885 0.204386469 0 0 0
C@CP 2990 0.132563145 0.159984573 -0.0686259479 0 0 0
C@CP 2991 -0.0827304639 0.0944670857 0.173830492 0 0 0
C@CP 2992 -0.319926453 -0.0303961357 -0.281127279 0 0 0
C@CP 2993 0.263361959 -0.1900462 -0.225877408 0 0 0
C@CP 2994 -0.0652260363 -0.23303684 -0.0874773218 0 0 0
C@CP 2995 0.264539807 -0.0202143809 -0.112592453 0 0 0
C@CP 2996 0.00843733389 -0.454574027 -0.0156524646 0 0 0
C@CP 2997 0.267628373 -0.043722785 0.37813278 0 0 0
C@CP 2998 0.103644115 0.0727106251 0.280154854 0 0 0
C@CP 2999 0.218211041 0.00924611914 0.410298801 0 0 0
C@CP 3000 0.238844851 0.260304124 0.25270388 0 0 0
C@CP 3001 -0.2265071 -0.287074389 0.0514563314 0 0 0
C@CP 3002 -0.159548575 -0.360660421 0.15498612 0 0 0
C@CP 3003 -0.380750336 0.0847326308 -0.168495961 0 0 0
C@CP 3004 -0.421464959 -0.171455344 0.059080756 0 0 0
C@CP 3005 -0.30881825 0.0933215443 0.318355697 0 0 0
C@CP 3006 -0.144173764 -0.252668498 -0.0151172768 0 0 0
C@CP 3007 -0.42109022 0.120025221 -0.163435118 0 0 0
C@CP 3008 0.219470242 -0.229999865 0.159161126 0 0 0
C@CP 3009 -0.294565576 -0.287943618 -0.0630613334 0 0 0
C@CP 3010 0.0167647681 -0.0919655975 0.276464366 0 0 0
C@CP 3011 -0.124082813 0.156586601 0.114154229 0 0 0
C@CP 3012 -0.185023042 -0.0179622668 0.377931144 0 0 0
C@CP 3013 -0.231981657 0.215967577 -0.0143266363 0 0 0
C@CP 3014 -0.154190583 -0.203369655 0.0518219511 0 0 0
C@CP 3015 0.202661139 0.026263355 0.190658419 0 0 0
C@CP 3016 -0.0732700317 -0.373999394 0.0703251151 0 0 0
C@CP 3017 0.0197872865 0.0413101515 -0.402609718 0 0 0
C@CP 3018 -0.066188868 -0.025366799 0.0258544877 0 0 0
C@CP 3019 0.0405897947 0.233461622 -0.0852072844 0 0 0
C@CP 3020 0.0292244996 0.204483013 -0.0847500472 0 0 0
C@CP 3021 0.052461425 0.0231587839 0.346754903 0 0 0
C@CP 3022 0.0537379335 0.300883794 -0.299972551 0 0 0
C@CP 3023 -0.120707289 0.242385841 0.113099566 0 0 0
C@CP 3024 -0.3241596 -0.224543559 0.224687199 0 0 0
C@CP 3025 0.157178378 0.356526513 -0.0884671941 0 0 0
C@CP 3026 0.106163388 -0.281164423 0.326654782 0 0 0
C@CP 3027 -0.31275948 0.182358687 -0.103607707 0 0 0
C@CP 3028 -0.113057777 -0.0125561342 0.341823333 0 0 0
C@CP 3029 0.0717718176 0.0129286512 0.0528396959 0 0 0
C@CP 3030 0.0387281504 -0.130702219 0.196684369 0 0 0
C@CP 3031 0.285880641 0.13383204 0.146228435 0 0 0
C@CP 3032 -0.127734807 0.427176605 -0.13591268 0 0 0
C@CP 3033 -0.237910167 0.24333959 0.119338749 0 0 0
C@CP 3034 -0.0263307874 -0.0425093638 0.283778145 0 0 0
C@CP 3035 -0.220520067 0.0581682224 -0.0753236248 0 0 0
C@CP 3036 -0.150331508 -0.236392559 0.169749904 0 0 0
C@CP 3037 -0.241525747 0.0137511519 -0.0883264345 0 0 0
C@CP 3038 -0.183464182 0.392997542 -0.155946051 0 0 0
C@CP 3039 -0.0345946244 0.0332957505 0.395961914 0 0 0
C@CP 3040 0.0882745427 -0.227371565 -0.0735796951 0 0 0
C@CP 3041 -0.0194276515 0.057399366 -0.251232069 0 0 0
C@CP 3042 0.277984931 -0.121614167 0.0499105219 0 0 0
C@CP 3043 -0.122665153 -0.209856726 -0.0857473961 0 0 0
C@CP 3044 -0.260738052 -0.292653236 -0.234069507 0 0 0
C@CP 3045 -0.153707015 -0.212641246 -0.311585201 0 0 0
C@CP 3046 0.0565114508 0.179668554 -0.193202236 0 0 0
C@CP 3047 -0.0512215512 -0.00863452422 -0.328398386 0 0 0
C@CP 3048 0.172691831 -0.0199899648 0.0299231694 0 0 0
C@CP 3049 -0.019132592 0.249657811 -0.291348943 0 0 0
C@CP 3050 -0.184092218 -0.203894717 0.36008994 0 0 0
C@CP 3051 0.277957464 -0.0784606446 0.0531191002 0 0 0
C@CP 3052 -0.0615561679 -0.166928802 0.0723748287 0 0 0
C@CP 3053 -0.31618722 0.11482599 0.330520866 0 0 0
C@CP 3054 0.147797725 -0.382621123 -0.164288065 0 0 0
C@CP 3055 -0.00387102657 -0.230821864 0.409137993 0 0 0
C@CP 3056 -0.293653246 -0.303665508 -0.0709491575 0 0 0
C@CP 3057 -0.216510119 -0.35740385 0.197088718 0 0 0
C@CP 3058 -0.05484143 0.197257732 0.317862339 0 0 0
C@CP 3059 0.111100106 -0.240219704 -0.191904594 0 0 0
C@CP 3060 0.0153297037 0.0826677039 0.0137120325 0 0 0
C@CP 3061 0.24790713 0.00791807738 -0.142123984 0 0 0
C@CP 3062 -0.10029951 0.0107225926 -0.105420281 0 0 0
C@CP 3063 0.134801626 0.12556549 0.288828538 0 0 0
C@CP 3064 -0.0631952768 0.0820640821 0.318860727 0 0 0
C@CP 3065 0.180578825 -0.382279216 -0.16900153 0 0 0
C@CP 3066 0.259985337 0.119864775 -0.106880982 0 0 0
C@CP 3067 -0.203825922 0.113195604 0.076297551 0 0 0
C@CP 3068 0.0201221059 -0.225368603 0.28334011 0 0 0
C@CP 3069 0.0607922983 -0.173069108 -0.127183594 0 0 0
C@CP 3070 0.161893892 0.0766729283 -0.388507422 0 0 0
C@CP 3071 0.26952393 0.406377025 -0.0106600395 0 0 0
C@CP 3072 -0.390367131 0.0864241852 0.179214912 0 0 0
C@CP 3073 -0.0351040456 0.269918202 -0.183374288 0 0 0
C@CP 3074 -0.213278932 -0.0428764101 -0.131178572 0 0 0
C@CP 3075 0.0535828376 0.103941332 -0.173391839 0 0 0
C@CP 3076 -0.155022516 0.314134229 -0.0378099999 0 0 0
C@CP 3077 0.0939505126 -0.00722275757 0.0223609272 0 0 0
C@CP 3079 -0.21350757 -0.334818124 0.219520829 0 0 0
C@CP 3080 0.225059179 -0.0788353557 -0.147752589 0 0 0
C@CP 3081 0.1970673 0.0845409647 -0.160517969 0 0 0
C@CP 3082 -0.155123637 0.103923832 -0.299539081 0 0 0
C@CP 3083 -0.023286253 0.160074073 -0.257165633 0 0 0
C@CP 3084 -0.152538957 -0.0619478508 0.202951685 0 0 0
C@CP 3085 0.118443469 0.242303715 0.00768748354 0 0 0
C@CP 3086 -0.024821229 -0.266667383 0.355309708 0 0 0
C@CP 3087 -0.0868449499 0.366729995 -0.139165058 0 0 0
C@CP 3088 -0.17852842 -0.0921607156 0.177272644 0 0 0
C@CP 3089 -0.151765323 -0.355354055 -0.138242945 0 0 0
C@CP 3090 0.1078746 -0.183250678 0.3508422 0 0 0
C@CP 3091 -0.343791583 0.0928431569 0.245942072 0 0 0
C@CP 3092 -0.0666651353 0.123522324 0.196189706 0 0 0
C@CP 3093 0.00601373498 -0.0359213392 0.461349371 0 0 0
C@CP 3094 0.035593936 0.162839299 0.0140575884 0 0 0
C@CP 3095 0.000888483835 0.138325777 -0.302475753 0 0 0
C@CP 3096 0.0129843023 0.259953483 0.0377532201 0 0 0
C@CP 3097 0.0812893748 0.0951338403 0.386388311 0 0 0
C@CP 3098 0.150980621 -0.00890033836 -0.137756268 0 0 0
C@CP 3099 0.141736556 -0.098131587 -0.0307784508 0 0 0
C@CP 3100 0.0136764497 -0.124544949 -0.219358775 0 0 0
C@CP 3101 0.111299963 -0.0604322887 0.24654754 0 0 0
C@CP 3102 0.0418480681 -0.20332428 0.193511996 0 0 0
C@CP 3103 -0.160235301 0.00872123974 0.347036601 0 0 0
C@CP 3104 -0.154352333 -0.127741958 0.0235411865 0 0 0
C@CP 3105 0.143480465 0.0758971233 -0.194055359 0 0 0
C@CP 3106 0.245980022 -0.362453623 -0.106481225 0 0 0
C@CP 3107 -0.304072505 -0.174386306 -0.165607767 0 0 0
C@CP 3108 0.131149845 -0.29864244 0.227231659 0 0 0
C@CP 3109 -0.196920297 0.0884977835 -0.267419014 0 0 0
C@CP 3110 -0.0645516095 0.339999045 -0.257459941 0 0 0
C@CP 3111 -0.421735654 0.124491094 0.144960272 0 0 0
C@CP 3112 -0.0452404383 0.0718921448 0.170882051 0 0 0
C@CP 3113 -0.0585124965 -0.298503738 0.117436346 0 0 0
C@CP 3114 0.348324628 -0.289153289 -0.122769202 0 0 0
C@CP 3115 -0.293151719 -0.0700704737 0.188024528 0 0 0
C@CP 3116 -0.275149179 0.109777146 -0.157481764 0 0 0
C@CP 3117 -0.160974411 -0.257199842 0.259639979 0 0 0
C@CP 3118 -0.00694081689 0.357471245 -0.190150478 0 0 0
C@CP 3119 0.185735447 0.22557637 -0.00379883741 0 0 0
C@CP 3120 0.14083642 0.243199499 0.017580267 0 0 0
C@CP 3121 -0.144005392 -0.101031385 -0.311046727 0 0 0
C@CP 3122 0.232620794 -0.0508468969 -0.161450811 0 0 0
C@CP 3123 0.0538232981 0.395745654 -0.0477411338 0 0 0
C@CP 3124 0.299390181 -0.210952083 -0.138292623 0 0 0
C@CP 3125 0.26079125 -0.149166339 -0.0565405371 0 0 0
C@CP 3126 -0.0917806813 -0.169009184 -0.288798318 0 0 0
C@CP 3127 -0.176475046 -0.360838414 0.0952826962 0 0 0
C@CP 3128 -0.0218338133 -0.30315778 -0.289207673 0 0 0
C@CP 3129 0.0334343532 0.412731377 0.0520051776 0 0 0
C@CP 3130 0.0978693752 0.0121515106 0.295266745 0 0 0
C@CP 3131 -0.389740824 0.185949131 0.115664052 0 0 0
C@CP 3132 -0.110932245 0.0420145115 -0.358717384 0 0 0
C@CP 3133 0.0396076558 -0.394375997 -0.206179314 0 0 0
C@CP 3134 -0.259613213 0.309760382 0.0380500848 0 0 0
C@CP 3135 -0.230111938 0.372980084 -0.150267005 0 0 0
C@CP 3136 0.05386303 -0.469095968 -0.025884218 0 0 0
C@CP 3137 0.00542838599 -0.140386198 0.348677729 0 0 0
C@CP 3138 0.0649953831 0.128414822 -0.377747434 0 0 0
C@CP 3139 0.112807149 -0.042201568 0.147683145 0 0 0
C@CP 3140 -0.15723207 0.0615493031 -0.395541119 0 0 0
C@CP 3141 0.23399352 0.264248266 0.141127226 0 0 0
C@CP 3142 -0.178777949 -0.292220708 0.274995725 0 0 0
C@CP 3143 0.125887258 -0.16294074 0.229661322 0 0 0
C@CP 3144 -0.249051394 0.164021661 0.0902108963 0 0 0
C@CP 3145 0.19445912 -0.321976938 -0.089644631 0 0 0
C@CP 3146 -0.0333428371 -0.425079143 0.0886314947 0 0 0
C@CP 3147 -0.0766347429 -0.340750988 -0.0975399369 0 0 0
C@CP 3148 0.309019846 -0.152318402 -0.0386472492 0 0 0
C@CP 3149 0.106156065 0.00511151378 0.0189673235 0 0 0
C@CP 3150 0.0545572505 0.315944641 -0.0608399072 0 0 0
C@CP 3151 0.243601236 -0.160567942 -0.0287801521 0 0 0
C@CP 3152 0.328056807 -0.128360431 -0.216720395 0 0 0
C@CP 3153 -0.295614771 0.275899273 0.101595998 0 0 0
C@CP 3154 0.338837252 -0.173372674 0.131620479 0 0 0
C@CP 3155 -0.135849483 -0.177111983 -0.103946805 0 0 0
C@CP 3156 -0.0758438655 -0.372440664 0.237695354 0 0 0
C@CP 3157 0.065924747 -0.324643391 0.150456514 0 0 0
C@CP 3158 -0.123161633 -0.0830600017 0.172706976 0 0 0
C@CP 3159 -0.37082986 0.215762305 0.108424344 0 0 0
C@CP 3160 0.309051592 0.138547184 -0.156057086 0 0 0
C@CP 3161 -0.306978511 -0.0377655669 -0.269560958 0 0 0
C@CP 3162 -0.203719855 0.126711019 0.233586329 0 0 0
C@CP 3163 -0.0726647318 -0.0417727187 -0.291628867 0 0 0
C@CP 3164 -0.0636370678 0.192989541 0.0636727103 0 0 0
C@CP 3165 0.110884438 0.280834281 -0.00912772737 0 0 0
C@CP 3166 0.211564 -0.360501026 0.0693513947 0 0 0
C@CP 3167 -0.278583592 -0.0103905885 0.0297023405 0 0 0
C@CP 3168 -0.0911053685 -0.235996635 0.375344956 0 0 0
C@CP 3169 0.10522359 -0.291576331 -0.24821386 0 0 0
C@CP 3170 0.156386092 0.0838090498 -0.00987242047 0 0 0
C@CP 3171 -0.144864913 0.325630152 -0.0989053929 0 0 0
C@CP 3172 0.0798835117 -0.0338731893 0.222186371 0 0 0
C@CP 3173 0.183303349 0.135411017 -0.179881879 0 0 0
C@CP 3174 -0.44613724 0.0595163342 -0.0355267187 0 0 0
C@CP 3175 -0.436223727 0.106903648 -0.0936258649 0 0 0
C@CP 3176 -0.371561094 -0.220412059 0.000780388253 0 0 0
C@CP 3177 0.0956303769 0.0606214807 -0.366897136 0 0 0
C@CP 3178 0.220850528 0.110782871 -0.245781894 0 0 0
C@CP 3179 -0.35083938 0.125429231 0.13172144 0 0 0
C@CP 3180 -0.178498514 -0.281910019 -0.033773032 0 0 0
C@CP 3181 0.0394646621 -0.031316602 -0.105528546 0 0 0
C@CP 3182 0.321038225 -0.229241364 0.092278585 0 0 0
C@CP 3183 0.0247995433 0.0011710603 -0.281729079 0 0 0
C@CP 3184 0.155981089 0.144842219 -0.000260396505 0 0 0
C@CP 3185 0.283264795 0.301081235 -0.0823905459 0 0 0
C@CP 3186 -0.186167508 -0.0914404952 0.346709905 0 0 0
C@CP 3187 -0.179067049 0.230297059 0.0537875588 0 0 0
C@CP 3188 -0.0676013126 0.223726942 0.143694976 0 0 0
C@CP 3189 0.0559951359 0.122540992 -0.362839827 0 0 0
C@CP 3190 -0.0766576732 -0.250299478 0.200320015 0 0 0
C@CP 3191 -0.0101848303 -0.113492751 -0.0186453519 0 0 0
C@CP 3192 0.172506279 -0.15923311 0.262721945 0 0 0
C@CP 3193 0.304233775 0.024705717 -0.132570301 0 0 0
C@CP 3194 0.375530832 0.124981563 0.0540550901 0 0 0
C@CP 3195 0.0243433607 -0.31133511 -0.156511255 0 0 0
C@CP 3196 -0.0881624467 0.112643601 -0.400641958 0 0 0
C@CP 3197 0.034869597 -0.0895394225 0.200193944 0 0 0
C@CP 3198 0.241133195 0.180215887 -0.293275244 0 0 0
C@CP 3199 0.184632298 0.0915818358 0.169655908 0 0 0
C@CP 3200 -0.106316992 0.0236842197 -0.0909278839 0 0 0
C@CP 3201 -0.380494732 0.0111164249 0.228185905 0 0 0
C@CP 3203 -0.175551484 -0.26422291 -0.286063436 0 0 0
C@CP 3204 -0.116307711 0.231061695 0.353411559 0 0 0
C@CP 3205 0.178205265 -0.055322306 -0.0636779195 0 0 0
C@CP 3206 0.318766979 0.140313854 0.266833999 0 0 0
C@CP 3207 0.2014417 0.0987502769 -0.18528405 0 0 0
C@CP 3208 0.0427398372 0.186780237 -0.106219189 0 0 0
C@CP 3209 -0.252982336 0.155284261 -0.230960324 0 0 0
C@CP 3210 -0.460816696 -0.00732301392 -0.106401772 0 0 0
C@CP 3211 -0.0476154993 -0.0522111576 -0.0687628354 0 0 0
C@CP 3212 -0.0118133738 -0.0873134513 0.295728524 0 0 0
C@CP 3213 0.0574147589 0.338339503 0.188570466 0 0 0
C@CP 3214 -0.283680251 0.244572916 -0.178928141 0 0 0
C@CP 3215 0.0385608775 -0.0289766606 0.183977048 0 0 0
C@CP 3216 -0.175888231 0.334155652 -0.21635628 0 0 0
C@CP 3217 -0.212865039 -0.153537472 -0.157925365 0 0 0
C@CP 3218 -0.0134261948 -0.248155806 -0.402350444 0 0 0
C@CP 3219 0.0623277511 -0.159481422 -0.427941777 0 0 0
C@CP 3220 -0.0912489437 -0.323294441 -0.222788985 0 0 0
C@CP 3221 0.392217117 0.097994714 0.000714748768 0 0 0
C@CP 3222 -0.00824956174 0.120445638 0.367639351 0 0 0
C@CP 3223 0.258361815 -0.0614198098 -0.00655429855 0 0 0
C@CP 3224 -0.0637812973 0.332931685 -0.17883512 0 0 0
C@CP 3225 -0.253593023 0.32786204 -0.114960408 0 0 0
C@CP 3226 -0.239426786 0.0679866075 -0.0217079982 0 0 0
C@CP 3227 -0.00332115385 0.31546104 -0.188476869 0 0 0
C@CP 3228 0.178342404 -0.131472875 -0.319688315 0 0 0
C@CP 3229 0.082548368 0.158433973 0.403761791 0 0 0
C@CP 3230 -0.327682725 -0.0219266966 -0.0432863865 0 0 0
C@CP 3231 -0.242140075 -0.222953073 0.0863473532 0 0 0
C@CP 3232 -0.236135439 -0.127011061 0.35609775 0 0 0
C@CP 3233 0.237454328 -0.357989958 0.108348056 0 0 0
C@CP 3234 -0.02537538 -0.0571729051 -0.297725824 0 0 0
C@CP 3235 0.0733328912 0.227898818 0.317266647 0 0 0
C@CP 3236 0.382459597 0.22461764 0.176670569 0 0 0
C@CP 3237 0.0356972846 -0.314689206 -0.0144624293 0 0 0
C@CP 3238 -0.0720200168 -0.0587263601 0.379197501 0 0 0
C@CP 3239 0.0667281613 0.438917809 0.00380603327 0 0 0
C@CP 3240 0.0482904117 -0.309312516 -0.0518955944 0 0 0
C@CP 3241 -0.124634353 -0.333901121 0.0293422494 0 0 0
C@CP 3242 0.228443021 -0.0307762767 0.39193072 0 0 0
C@CP 3243 -0.0695208877 -0.303103208 -0.287429659 0 0 0
C@CP 3244 -0.0504808015 -0.156117282 -0.195210889 0 0 0
C@CP 3245 0.14067133 0.151413963 0.36091726 0 0 0
C@CP 3246 -0.257226648 -0.0777686213 0.0110339856 0 0 0
C@CP 3247 0.00771347516 -0.0977423199 0.378458013 0 0 0
C@CP 3248 -0.291642325 -0.136323718 -0.0893883456 0 0 0
C@CP 3249 -0.142696259 0.0299549203 -0.0861797959 0 0 0
C@CP 3250 0.158795965 0.0995398922 -0.279723562 0 0 0
C@CP 3251 -0.194382726 0.0515667778 -0.297250262 0 0 0
C@CP 3252 -0.284995131 -0.0650495499 -0.033711809 0 0 0
C@CP 3253 -0.143692727 0.165040577 -0.416500178 0 0 0
C@CP 3254 0.28942178 -0.0198406991 -0.118576722 0 0 0
C@CP 3255 0.286102993 -0.330733781 -0.0156451784 0 0 0
C@CP 3256 -0.15454136 0.115340002 -0.0130657446 0 0 0
C@CP 3257 0.00876330175 0.330969443 -0.0852651709 0 0 0
C@CP 3258 -0.0182483401 0.0214433113 -0.165017028 0 0 0
C@CP 3259 0.0890919628 0.0227313199 -0.146577526 0 0 0
C@CP 3260 -0.391655459 0.11762686 0.0965372451 0 0 0
C@CP 3261 0.184618437 0.199111785 -0.20677524 0 0 0
C@CP 3262 0.0471485374 -0.0919636227 0.263253167 0 0 0
C@CP 3263 0.154933771 -0.0144422022 -0.334115029 0 0 0
C@CP 3264 0.0634547013 -0.124163321 0.156877436 0 0 0
C@CP 3265 0.19947418 0.121959648 -0.222477955 0 0 0
C@CP 3266 0.102471934 -0.32476779 -0.0657607185 0 0 0
C@CP 3267 0.225214458 0.237289419 0.0124161872 0 0 0
C@CP 3268 -0.0193114196 0.177526591 -0.168843638 0 0 0
C@CP 3269 -0.377932557 0.213056262 -0.190438165 0 0 0
C@CP 3270 0.3892967 0.113205605 0.204148371 0 0 0
C@CP 3271 0.078921772 -0.0814119521 -0.0803648536 0 0 0
C@CP 3272 0.0625387833 -0.24828456 -0.331021444 0 0 0
C@CP 3273 0.274468325 -0.0135712322 -0.362287137 0 0 0
C@CP 3274 0.0541449667 -0.165979097 0.194082601 0 0 0
C@CP 3275 -0.113544672 0.275801741 -0.0385519443 0 0 0
C@CP 3277 -0.227171485 -0.147947113 -0.328774507 0 0 0
C@CP 3278 -0.0244937643 0.262035951 0.309113747 0 0 0
C@CP 3279 0.344321728 0.0400604824 -0.214286763 0 0 0
C@CP 3280 0.00894066442 -0.346014929 0.0292622362 0 0 0
C@CP 3281 -0.095372359 -0.0631459624 0.263380978 0 0 0
C@CP 3282 -0.384035615 -0.0296630877 0.133420576 0 0 0
C@CP 3283 0.368290851 -0.047806126 0.10765205 0 0 0
C@CP 3284 0.0111691265 0.037979918 0.0557784485 0 0 0
C@CP 3285 0.260189813 -0.0871333767 -0.287964414 0 0 0
C@CP 3286 0.298272144 0.161355728 0.151012589 0 0 0
C@CP 3287 -0.0796140836 0.0894171521 -0.230725341 0 0 0
C@CP 3288 0.0680249309 -0.049480882 -0.0928005732 0 0 0
C@CP 3289 0.123983664 0.226674677 0.204562929 0 0 0
C@CP 3290 0.148337082 0.282765618 -0.319037528 0 0 0
C@CP 3291 0.203440036 0.121050638 -0.33051338 0 0 0
C@CP 3292 0.368899129 0.226650794 0.13432712 0 0 0
C@CP 3293 0.215275138 0.372718684 0.0972226021 0 0 0
C@CP 3295 -0.251256888 -0.0299467431 0.314734119 0 0 0
C@CP 3296 -0.0113177827 0.368692963 0.232450051 0 0 0
C@CP 3297 0.0142925602 0.223878859 0.28267346 0 0 0
C@CP 3298 -0.108359257 0.399834667 -0.126857455 0 0 0
C@CP 3299 0.202611956 -0.0871268176 0.365953526 0 0 0
C@CP 3300 0.0421170952 0.24842435 -0.144775747 0 0 0
C@CP 3301 0.445517409 0.00193339332 0.0728300154 0 0 0
C@CP 3302 0.100667232 0.261651365 -0.313145284 0 0 0
C@CP 3303 -0.241555161 0.284897488 -0.015848268 0 0 0
C@CP 3304 -0.205636566 -0.0707613557 0.057346764 0 0 0
C@CP 3305 -0.0286438684 0.0242944128 0.181819707 0 0 0
C@CP 3306 0.120570693 -0.395891584 0.0455147684 0 0 0
C@CP 3307 0.166166907 0.107383908 0.426732169 0 0 0
C@CP 3308 -0.104731219 0.056860271 0.0401047447 0 0 0
C@CP 3309 -0.207989204 -0.206783582 0.33015944 0 0 0
C@CP 3310 0.232338141 0.0924427534 0.0515421075 0 0 0
C@CP 3311 0.0944341872 -0.434380326 -0.124165486 0 0 0
C@CP 3312 0.0956303897 0.195326243 -0.0614450482 0 0 0
C@CP 3313 0.202279908 0.302133039 0.238315724 0 0 0
C@CP 3314 -0.205896051 0.161279241 -0.145453673 0 0 0
C@CP 3315 0.0774508981 0.17908941 0.389262575 0 0 0
C@CP 3316 -0.243553195 -0.0477774404 -0.0404770243 0 0 0
C@CP 3317 -0.36715063 0.0239032068 -0.289262656 0 0 0
C@CP 3318 0.164011342 -0.400873662 -0.148298472 0 0 0
C@CP 3319 -0.0974267113 -0.354238593 0.140946377 0 0 0
C@CP 3320 -0.10742941 0.167864173 0.19329035 0 0 0
C@CP 3321 0.125209582 0.0566344383 0.126275218 0 0 0
C@CP 3322 -0.110006971 -0.12388159 -0.0723215244 0 0 0
C@CP 3323 0.155376309 -0.369733643 -0.149156883 0 0 0
C@CP 3324 -0.146521963 -0.190777689 -0.364647831 0 0 0
C@CP 3325 0.279366561 0.21662266 0.0650055512 0 0 0
C@CP 3326 0.329136048 0.111747988 -0.203738631 0 0 0
C@CP 3327 0.126655212 -0.0267815482 -0.328477461 0 0 0
C@CP 3328 0.169002022 0.304301752 -0.0153065529 0 0 0
C@CP 3329 -0.194692159 0.0320233896 -0.317972328 0 0 0
C@CP 3330 0.178106976 0.183323741 0.384984159 0 0 0
C@CP 3331 -0.240881174 -0.224386068 -0.221428551 0 0 0
C@CP 3332 0.16312117 0.0400404489 -0.0547099472 0 0 0
C@CP 3333 -0.055024465 -0.395298664 -0.227653021 0 0 0
C@CP 3334 -0.0657671206 -0.258817838 -0.0244582211 0 0 0
C@CP 3335 -0.14455628 -0.0782766889 -0.00629701675 0 0 0
C@CP 3336 0.386714508 -0.17895999 -0.0849093807 0 0 0
C@CP 3337 -0.408156847 -0.0952563948 0.0732021932 0 0 0
C@CP 3338 -0.174470306 -0.100987322 0.381471112 0 0 0
C@CP 3339 -0.151096177 -0.116233731 0.0345396572 0 0 0
C@CP 3340 0.330210909 -0.26471808 0.173427052 0 0 0
C@CP 3341 0.23429357 0.259552768 -0.24305788 0 0 0
C@CP 3342 -0.0205555458 0.133694834 -0.298568651 0 0 0
C@CP 3343 -0.237763819 -0.137080555 0.0523312732 0 0 0
C@CP 3344 -0.375490056 0.187532957 -0.12435349 0 0 0
C@CP 3345 -0.123236551 -0.246181585 -0.311775702 0 0 0
C@CP 3346 0.0177410525 -0.176412595 0.340171779 0 0 0
C@CP 3347 -0.0390656094 0.361052346 -0.173510298 0 0 0
C@CP 3348 -0.0407129716 -0.0117322052 0.103741022 0 0 0
C@CP 3349 0.0581698734 -0.349002121 -0.212127339 0 0 0
C@CP 3350 0.217951012 0.211986381 -0.0158463759 0 0 0
C@CP 3351 0.314818181 0.342838405 0.0636318633 0 0 0
C@CP 3353 0.123641202 -0.157727463 0.305609799 0 0 0
C@CP 3354 -0.121234698 -0.0355600739 -0.287150729 0 0 0
C@CP 3355 0.283261657 0.124629476 -0.212651066 0 0 0
C@CP 3356 0.0207096586 -0.275559002 -0.138722495 0 0 0
C@CP 3357 -0.1258709 -0.336797742 -0.0640941167 0 0 0
C@CP 3358 0.245390416 0.0852149194 0.354689137 0 0 0
C@CP 3359 0.101527942 0.145044955 -0.110500524 0 0 0
C@CP 3360 0.318959901 0.0168700492 -0.05547817 0 0 0
C@CP 3361 0.0919012665 0.0947275606 -0.39813062 0 0 0
C@CP 3362 0.0160632695 0.471360676 0.0169120855 0 0 0
C@CP 3363 -0.242884744 0.116076546 0.259758331 0 0 0
C@CP 3364 -0.125534348 0.180448933 -0.0245655048 0 0 0
C@CP 3365 0.0679382334 0.0267444878 0.375457959 0 0 0
C@CP 3366 -0.0178563925 -0.119004317 -0.129078379 0 0 0
C@CP 3367 -0.231380208 0.250541882 0.0757361749 0 0 0
C@CP 3368 0.116290927 -0.268471705 -0.169170117 0 0 0
C@CP 3369 -0.280659708 -0.25018384 -0.0338020793 0 0 0
C@CP 3370 0.150711525 0.367864561 0.246454788 0 0 0
C@CP 3371 0.159525695 0.146179673 0.309485328 0 0 0
C@CP 3372 -0.390140202 -0.180316247 0.0921312289 0 0 0
C@CP 3373 -0.1301852 -0.382983157 0.0544922767 0 0 0
C@CP 3374 0.171686934 0.388435908 -0.192336469 0 0 0
C@CP 3375 0.0227234091 0.245498168 -0.226251899 0 0 0
C@CP 3376 -0.0202091782 -0.0563975907 -0.293057318 0 0 0
C@CP 3377 -0.395231816 0.106171147 0.0721403103 0 0 0
C@CP 3378 0.439123505 -0.144127838 0.0147859186 0 0 0
C@CP 3379 0.0215791463 -0.210932076 0.280668922 0 0 0
C@CP 3380 -0.0102044294 -0.328402048 0.170557198 0 0 0
C@CP 3381 0.0844703416 -0.0301170436 0.283009883 0 0 0
C@CP 3382 0.0757932173 0.371163633 0.146626132 0 0 0
C@CP 3383 -0.158362424 -0.0367305464 0.0474003016 0 0 0
C@CP 3384 -0.33615082 -0.293226215 -0.0891766197 0 0 0
C@CP 3385 0.292388233 0.0133867718 -0.342128703 0 0 0
C@CP 3386 -0.404146219 0.00302148307 0.169734674 0 0 0
C@CP 3387 0.271233094 -0.137182469 0.053000648 0 0 0
C@CP 3388 -0.376857977 -0.00110182432 0.0319811586 0 0 0
C@CP 3389 0.241233922 0.15324136 -0.221561899 0 0 0
C@CP 3390 -0.45689503 -0.0482357348 0.0317409415 0 0 0
C@CP 3391 0.106257686 -0.293612737 0.3293862 0 0 0
C@CP 3392 -0.171944771 -0.154846319 -0.375262596 0 0 0
C@CP 3393 0.133507776 0.203358034 0.389344099 0 0 0
C@CP 3394 -0.30030908 0.264377507 0.137503937 0 0 0
C@CP 3395 0.123505822 -0.360878162 0.170556692 0 0 0
C@CP 3396 -0.214467772 -0.0965985619 0.301289114 0 0 0
C@CP 3397 0.184187568 -0.289863394 -0.251998758 0 0 0
C@CP 3398 0.393717111 0.0128503335 -0.144628562 0 0 0
C@CP 3399 0.0281608167 -0.256710718 0.24226141 0 0 0
C@CP 3400 -0.0446289646 0.00847391277 -0.0857834114 0 0 0
C@CP 3401 0.28291982 -0.235801265 0.0499537564 0 0 0
C@CP 3402 0.222589213 0.190433532 -0.0143453801 0 0 0
C@CP 3403 -0.017491696 -0.146984483 0.340085062 0 0 0
C@CP 3404 0.17810776 -0.353603829 0.175190782 0 0 0
C@CP 3405 0.145631027 -0.166390851 0.184894769 0 0 0
C@CP 3406 0.28977955 0.118403459 -0.130058745 0 0 0
C@CP 3407 -0.0851402246 -0.11206646 -0.400776006 0 0 0
C@CP 3408 0.0842568748 0.0238405837 -0.230649306 0 0 0
C@CP 3409 -0.0193517917 0.177583953 -0.333964196 0 0 0
C@CP 3410 0.263567336 0.0885933465 -0.13583234 0 0 0
C@CP 3411 -0.30721617 -0.0342837906 -0.122735012 0 0 0
C@CP 3412 0.226250486 0.220584701 -0.170656688 0 0 0
C@CP 3413 0.276369254 -0.136894372 -0.097778121 0 0 0
C@CP 3414 -0.39203763 -0.130102809 0.0583486366 0 0 0
C@CP 3415 0.0329891551 0.384138104 -0.154942321 0 0 0
C@CP 3416 -0.153456476 0.221133056 0.0239093066 0 0 0
C@CP 3417 0.162214455 0.0592209256 -0.246733952 0 0 0
C@CP 3418 -0.182394685 -0.248963801 0.262986096 0 0 0
C@CP 3419 0.411435555 -0.0894854536 -0.0876619094 0 0 0
C@CP 3420 0.263461829 -0.255460029 -0.0901896187 0 0 0
C@CP 3421 0.121336332 -0.404681845 0.106552917 0 0 0
C@CP 3422 0.393926342 -0.152921233 -0.106299997 0 0 0
C@CP 3423 0.0295374399 0.217607683 -0.0452515111 0 0 0
C@CP 3424 -0.174236218 -0.263053769 -0.0194562606 0 0 0
C@CP 3425 -0.0299621086 0.195510392 -0.386852706 0 0 0
C@CP 3426 0.040813699 0.0657854908 -0.284484506 0 0 0
C@CP 3427 -0.126867978 -0.00040125211 -0.0464758152 0 0 0
C@CP 3428 0.384059308 0.129409836 0.0872241152 0 0 0
C@CP 3429 -0.443480926 -0.0221730241 0.127830178 0 0 0
C@CP 3430 -0.0506228905 0.43372216 -0.00625469738 0 0 0
C@CP 3431 -0.250244893 0.110589614 0.157628463 0 0 0
C@CP 3432 -0.223724453 0.172323107 -0.141402343 0 0 0
C@CP 3433 -0.335891789 -0.0752201838 0.20206885 0 0 0
C@CP 3434 0.124809555 0.175574611 0.41585673 0 0 0
C@CP 3435 0.0738723794 0.0178386172 0.162178316 0 0 0
C@CP 3436 -0.199866255 0.16069935 -0.37325398 0 0 0
C@CP 3437 0.219513803 -0.00211981533 -0.153147976 0 0 0
C@CP 3438 0.0539319214 -0.209339517 -0.238001616 0 0 0
C@CP 3439 0.0429732032 -0.29785689 -0.291849309 0 0 0
C@CP 3440 0.096738425 0.0155385516 -0.335432729 0 0 0
C@CP 3441 0.0596525134 -0.21077359 0.301359628 0 0 0
C@CP 3442 -0.0970421217 -0.0482220372 0.25219431 0 0 0
C@CP 3443 0.176135675 -0.0878788545 0.116825192 0 0 0
C@CP 3444 -0.0126253651 -0.212831208 -0.221857552 0 0 0
C@CP 3445 0.191572893 0.30656722 -0.134872954 0 0 0
C@CP 3446 -0.230374279 -0.0811903486 -0.25515164 0 0 0
C@CP 3447 -0.118048114 -0.0784477679 -0.124472397 0 0 0
C@CP 3448 0.311809986 -0.118312544 -0.116609952 0 0 0
C@CP 3449 0.00773385964 -0.297560446 -0.135211963 0 0 0
C@CP 3450 -0.285336422 -0.105256365 0.175537807 0 0 0
C@CP 3451 -0.363816952 -0.256190059 -0.148501466 0 0 0
C@CP 3452 0.334429166 0.0777721642 -0.0268652619 0 0 0
C@CP 3454 0.065910354 0.0589263495 0.199251551 0 0 0
C@CP 3455 0.0824300778 0.246118254 0.336554641 0 0 0
C@CP 3456 -0.00132138746 0.125864172 0.226333835 0 0 0
C@CP 3457 -0.0626741399 -0.388310018 0.22406629 0 0 0
C@CP 3458 -0.219234728 -0.211166396 0.100092947 0 0 0
C@CP 3459 -0.241322574 -0.0516926749 0.208968949 0 0 0
C@CP 3460 -0.0269988623 0.161807526 -0.103731874 0 0 0
C@CP 3461 0.0362769187 0.0721403156 0.262831391 0 0 0
C@CP 3462 0.0295405498 0.0106121774 0.295797249 0 0 0
C@CP 3463 0.399327167 0.0170792219 0.108923437 0 0 0
C@CP 3464 -0.134855831 -0.334316705 0.142196271 0 0 0
C@CP 3465 -0.00657310901 0.18436048 0.401080117 0 0 0
C@CP 3466 0.0169480784 0.205437349 -0.187693982 0 0 0
C@CP 3467 0.127094739 -0.325012741 -0.147795045 0 0 0
C@CP 3468 -0.0959614651 0.150929696 0.188696729 0 0 0
C@CP 3469 0.343771055 -0.232956344 0.0990609393 0 0 0
C@CP 3470 -0.17853241 -0.396411485 0.133539944 0 0 0
C@CP 3471 -0.00897452848 -0.0279112532 0.455576948 0 0 0
C@CP 3472 0.0188585921 -0.320242666 -0.343212645 0 0 0
C@CP 3473 0.211407632 -0.317228288 0.0829533225 0 0 0
C@CP 3474 0.153293601 -0.0439906499 -0.10914976 0 0 0
C@CP 3475 0.132654976 0.019703079 -0.0973458033 0 0 0
C@CP 3476 -0.118378394 -0.255939703 -0.214671294 0 0 0
C@CP 3477 0.069809092 -0.119410946 0.439834884 0 0 0
C@CP 3478 -0.136743107 0.0824487369 -0.310391536 0 0 0
C@CP 3479 0.208835526 -0.26003621 0.016315404 0 0 0
C@CP 3480 -0.102557552 -0.387620243 -0.17066535 0 0 0
C@CP 3481 -0.21363473 -0.0658482086 0.410143316 0 0 0
C@CP 3482 -0.0834017083 0.258260781 -0.136366821 0 0 0
C@CP 3483 -0.17075702 -0.227815894 0.0839502165 0 0 0
C@CP 3484 0.0411777423 -0.181071749 -0.0149836183 0 0 0
C@CP 3485 -0.0166309391 0.203691474 -0.130448774 0 0 0
C@CP 3486 0.0784641882 -0.202556839 -0.282483178 0 0 0
C@CP 3487 0.354626953 -0.13163997 -0.20616344 0 0 0
C@CP 3488 0.188714626 -0.0709569177 0.279058255 0 0 0
C@CP 3489 0.0919753394 -0.106415439 -0.433580554 0 0 0
C@CP 3490 -0.173675546 -0.254670308 -0.21732221 0 0 0
C@CP 3491 0.220281739 0.1457668 -0.322646411 0 0 0
C@CP 3492 -0.227261061 -0.146457117 0.0313661267 0 0 0
C@CP 3493 0.0206958331 0.324352417 -0.332275692 0 0 0
C@CP 3494 -0.27442132 -0.184352384 -0.317200688 0 0 0
C@CP 3495 -0.198132375 0.265688878 0.0289494306 0 0 0
C@CP 3496 -0.0354411417 0.00701737984 -0.257946661 0 0 0
C@CP 3497 -0.136799358 -0.187810713 0.0794092057 0 0 0
B@CP 3499 0.253821498 0.148875504 0.272200193 0 0 0
C@CP 3500 0.0406089746 -0.116057323 0.0213008028 0 0 0
C@CP 3501 0.199085161 -0.203506904 -0.0812299405 0 0 0
C@CP 3502 0.0490757014 -0.350294287 -0.276788629 0 0 0
B@CP 3504 0.103817891 -0.0310218569 -0.337119716 0 0 0
C@CP 3505 0.169433923 -0.285289512 0.240298635 0 0 0
B@CP 3507 0.271336352 0.0683297896 -0.302905409 0 0 0
C@CP 3508 0.00406811458 0.117603061 -0.173653463 0 0 0
B@CP 3510 -0.324980909 -0.0689988586 -0.0477969442 0 0 0
C@CP 3511 -0.0777202463 -0.303492016 0.186920492 0 0 0
B@CP 3513 -0.236387427 -0.335529023 0.199659027 0 0 0
C@CP 3514 0.246722801 -0.147344864 -0.381813258 0 0 0
B@CP 3516 0.0487290743 0.0692170407 -0.316787732 0 0 0
C@CP 3517 -0.264166462 0.0998752012 -0.0930181766 0 0 0
B@CP 3519 0.169087999 0.396314353 -0.175253604 0 0 0
C@CP 3520 -0.0270948309 -0.299769966 0.321617118 0 0 0
