B@CP 1004 -0.176149228 -0.227550896 0.176121256 0 0 0
B@CP 1005 -0.105283919 -0.148529526 0.181430443 0 0 0
B@CP 1008 0.311820373 -0.0159881926 0.0100369809 0 0 0
B@CP 1014 -0.171604491 0.272177314 0.174434812 0 0 0
B@CP 1018 -0.0409976187 -0.042507493 -0.0468272317 0 0 0
B@CP 1020 0.150250096 0.257785211 -0.341262367 0 0 0
B@CP 1025 0.0269058475 -0.256381884 -0.11422745 0 0 0
B@CP 1026 0.30644501 0.113702777 -0.084819487 0 0 0
B@CP 1032 0.233980846 0.0557052863 -0.26749927 0 0 0
B@CP 1033 -0.372342412 0.133974939 0.0765831456 0 0 0
B@CP 1034 -0.0295596472 0.166431324 -0.379402089 0 0 0
B@CP 1036 -0.0068001864 0.203101949 -0.209283298 0 0 0
B@CP 1040 0.311226839 -0.189751922 -0.172039269 0 0 0
B@CP 1041 0.0471320409 -0.324947145 -0.280433641 0 0 0
B@CP 1042 -0.178460347 0.271924468 0.00659866837 0 0 0
B@CP 1045 0.0309286915 0.33128894 -0.0205831329 0 0 0
B@CP 1046 0.117449486 -0.237676572 0.305064553 0 0 0
B@CP 1047 -0.0297633355 0.192130537 3.07142698e-06 0 0 0
B@CP 1055 0.336014488 0.248004996 0.15572202 0 0 0
B@CP 1056 0.0476481566 -0.0113434713 0.0446408977 0 0 0
B@CP 1059 0.0563742204 -0.0204658578 -0.316367185 0 0 0
B@CP 1063 0.396038847 -0.0402240965 -0.198985041 0 0 0
B@CP 1065 0.174866851 -0.319512952 0.172339838 0 0 0
B@CP 1066 -0.0975980003 -0.0252382667 0.424962489 0 0 0
B@CP 1068 0.355820475 -0.105033261 0.121326951 0 0 0
B@CP 1069 -0.127621828 -0.21933899 0.100335643 0 0 0
B@CP 1070 -0.182906996 0.0368307272 0.0591315037 0 0 0
B@CP 1077 -0.267109986 0.139036863 -0.174891854 0 0 0
B@CP 1080 -0.364215926 -0.0643065177 0.044812579 0 0 0
B@CP 1083 -0.167727539 -0.0486272298 0.179873598 0 0 0
B@CP 1084 -0.184550632 0.368072808 0.239236532 0 0 0
B@CP 1085 0.126791816 0.216612985 -0.0320757303 0 0 0
B@CP 1089 0.141578524 0.145569342 0.27079079 0 0 0
B@CP 1091 0.339554848 -0.107661971 0.0686113333 0 0 0
B@CP 1092 0.276396623 -0.171030433 0.23483038 0 0 0
B@CP 1093 -0.23875194 -0.286943315 -0.118605486 0 0 0
B@CP 1094 -0.0610172857 -0.0135630536 -0.418556705 0 0 0
B@CP 1099 -0.0771081329 0.00893650323 -0.458289254 0 0 0
B@CP 1100 -0.0697100107 0.148938328 -0.0671839761 0 0 0
B@CP 1104 0.155065663 -0.263299244 0.144852605 0 0 0
B@CP 1105 -0.124751958 -0.255666138 0.00345219752 0 0 0
B@CP 1106 0.18520727 0.16021242 0.10872246 0 0 0
B@CP 1107 -0.0985291158 -0.269190205 -0.345497017 0 0 0
B@CP 1109 0.159703132 0.339410037 0.0659818895 0 0 0
B@CP 1110 -0.170617031 0.327076994 0.0330786124 0 0 0
B@CP 1117 -0.0175358886 -0.339923312 0.239150924 0 0 0
B@CP 1118 -0.160714407 -0.0493908051 -0.0401112138 0 0 0
B@CP 1121 -0.395854025 0.104547477 0.0567383205 0 0 0
B@CP 1122 0.216567919 0.0108020744 -0.0858830948 0 0 0
B@CP 1123 -0.161390664 0.011898097 -0.313263017 0 0 0
B@CP 1125 0.0969324681 -0.389914931 -0.0179246854 0 0 0
B@CP 1131 0.0185421224 0.263383259 -0.324694767 0 0 0
B@CP 1139 0.042203798 0.14250395 -0.00170415798 0 0 0
B@CP 1143 0.00661461016 -0.123915696 0.0806746193 0 0 0
B@CP 1146 0.0889551635 -0.229455273 0.312462196 0 0 0
B@CP 1147 0.0828927153 0.0789461369 -0.392910314 0 0 0
B@CP 1149 0.0192194319 -0.192040353 -0.208666617 0 0 0
B@CP 1152 -0.110715441 0.184063844 -0.402135863 0 0 0
B@CP 1154 -0.207411917 0.336590026 -0.246642909 0 0 0
B@CP 1155 -0.284418402 -0.246228999 0.127798853 0 0 0
B@CP 1160 -0.0296953578 -0.410003396 0.17700809 0 0 0
B@CP 1161 0.13807587 0.0074479076 -0.000924867052 0 0 0
B@CP 1162 -0.150075199 0.423594287 -0.0655926602 0 0 0
B@CP 1163 -0.175446574 0.146016848 -0.367484816 0 0 0
B@CP 1166 -0.0959532374 -0.211957295 0.0500818329 0 0 0
B@CP 1167 -0.303937947 0.242769275 0.0338036523 0 0 0
B@CP 1170 -0.123282937 -0.369363848 -0.219835501 0 0 0
B@CP 1171 -0.394937667 -0.146442735 -0.0167589399 0 0 0
B@CP 1176 0.00983054108 -0.144596527 -0.410970571 0 0 0
B@CP 1179 0.166837066 0.371430707 -0.0522813631 0 0 0
B@CP 1185 0.0643139135 0.0577415887 0.042920975 0 0 0
B@CP 1186 -0.0859545337 0.330135372 0.314398848 0 0 0
B@CP 1187 -0.04486574 -0.43644525 0.0512449573 0 0 0
B@CP 1188 -0.044865735 -0.121886084 -0.152364903 0 0 0
B@CP 1189 -0.125441752 0.270402546 0.07490237 0 0 0
B@CP 1190 0.19148864 -0.00702544363 -0.405963008 0 0 0
B@CP 1191 0.169352295 0.109684815 0.33466021 0 0 0
B@CP 1192 0.178109161 0.144426012 0.351982334 0 0 0
B@CP 1196 0.263084923 -0.308469375 -0.203784719 0 0 0
B@CP 1197 0.284359474 0.0322337102 -0.215121872 0 0 0
B@CP 1206 -0.2886935 0.211684702 -0.265389424 0 0 0
B@CP 1211 0.00131326395 -0.266051597 -0.249160349 0 0 0
B@CP 1221 0.0533678449 0.113760022 0.425282637 0 0 0
B@CP 1222 -0.239917492 -0.227493743 -0.235699881 0 0 0
B@CP 1225 -0.25262534 -0.216882767 0.287549869 0 0 0
B@CP 1226 0.0849520431 -0.0904722435 -0.391481492 0 0 0
B@CP 1228 -0.180277636 0.186966253 0.334738051 0 0 0
B@CP 1229 0.0817479415 -0.173749871 -0.301442257 0 0 0
B@CP 1234 0.221015723 0.360413734 0.0407468673 0 0 0
B@CP 1237 -0.361977954 -0.195281079 0.102187339 0 0 0
B@CP 1239 -0.0974449409 0.0565541362 -0.429966153 0 0 0
B@CP 1241 -0.00717310549 0.371048854 -0.166872561 0 0 0
B@CP 1242 0.0176477501 0.216802121 0.0802893397 0 0 0
B@CP 1245 -0.182597184 -0.26748309 0.304301683 0 0 0
B@CP 1248 -0.140434124 0.28919938 -0.0950939222 0 0 0
B@CP 1257 0.103484769 0.398763246 -0.132146279 0 0 0
B@CP 1259 0.241135498 0.203364675 -0.0744597269 0 0 0
B@CP 1262 0.185701838 -0.115452128 0.301519717 0 0 0
B@CP 1263 0.365226652 0.189953158 0.104573854 0 0 0
B@CP 1264 -0.338967699 -0.314827011 -0.0887186613 0 0 0
B@CP 1268 0.314385074 0.0386840853 -0.0602437758 0 0 0
B@CP 1274 0.2239873 0.149379652 0.193545922 0 0 0
B@CP 1275 0.229101535 0.24245081 -0.00617027576 0 0 0
B@CP 1280 -0.0984284645 0.353901321 -0.260133076 0 0 0
B@CP 1281 0.125851533 0.32052577 0.0297244498 0 0 0
B@CP 1284 0.09443983 0.336822279 0.0718716567 0 0 0
B@CP 1285 -0.125625737 -0.0368701369 0.406648977 0 0 0
B@CP 1291 0.100201456 -0.0177061245 -0.020652259 0 0 0
B@CP 1293 0.197442341 0.0241126185 0.192395253 0 0 0
B@CP 1299 0.00108550306 -0.372487403 0.0503922896 0 0 0
B@CP 1302 -0.157766574 -0.208658609 0.263385205 0 0 0
B@CP 1305 -0.074639781 -0.160312774 0.30334022 0 0 0
B@CP 1306 -0.145424282 -0.0752123479 -0.0653789866 0 0 0
B@CP 1312 0.341555206 -0.237272554 -0.0232808042 0 0 0
B@CP 1318 0.22113372 -0.0069486426 -0.000553101225 0 0 0
B@CP 1320 0.0548565905 0.322804166 0.061835498 0 0 0
B@CP 1323 0.169433954 -0.0767414393 0.202894796 0 0 0
B@CP 1324 0.415428244 0.0274210812 0.0907766368 0 0 0
B@CP 1326 -0.0593985354 -0.244018681 -0.207701223 0 0 0
B@CP 1330 0.269409538 -0.358508315 -0.00176623421 0 0 0
B@CP 1332 0.309940592 -0.0910875707 0.313552753 0 0 0
B@CP 1335 0.0477974643 -0.323656849 -0.334224964 0 0 0
B@CP 1342 -0.321725293 0.265237385 -0.19293928 0 0 0
B@CP 1343 0.124410432 0.207003532 0.406158025 0 0 0
B@CP 1345 -0.12062067 -0.112924799 -0.252443966 0 0 0
B@CP 1348 -0.0208273266 0.307203494 0.245921547 0 0 0
B@CP 1354 -0.418196427 0.121670106 0.152470362 0 0 0
B@CP 1356 -0.14424473 0.0629000146 -0.257054013 0 0 0
B@CP 1362 -0.177128569 -0.351091337 0.118777626 0 0 0
B@CP 1363 -0.0285631149 0.481931991 -0.00729037927 0 0 0
B@CP 1365 0.282150005 -0.122334253 0.0781357793 0 0 0
B@CP 1367 -0.0416772854 0.170007874 -0.118661088 0 0 0
B@CP 1370 -0.0950296949 0.320088452 -0.0243796109 0 0 0
B@CP 1371 -0.0151122438 -0.0295061134 -0.0296148567 0 0 0
B@CP 1372 0.037675227 -0.241731402 0.192043485 0 0 0
B@CP 1373 -0.0174860449 -0.238189573 -0.0559860098 0 0 0
B@CP 1375 -0.105809322 -0.116476598 -0.325612498 0 0 0
B@CP 1379 0.311815806 0.281625023 0.0653165833 0 0 0
B@CP 1385 -0.111620525 -0.167195131 0.156107656 0 0 0
B@CP 1387 0.11172404 -0.0801685219 0.142116049 0 0 0
B@CP 1390 0.347942047 0.0368480917 -0.150839492 0 0 0
B@CP 1391 0.140514766 0.396671938 -0.22105792 0 0 0
B@CP 1393 -0.0305170735 0.118510765 -0.0321168897 0 0 0
B@CP 1398 -0.261345634 0.378169698 -0.0758071678 0 0 0
B@CP 1406 0.158301607 0.284361379 0.32142059 0 0 0
B@CP 1408 0.0974960249 -0.336202569 -0.187587763 0 0 0
B@CP 1410 -0.0342815087 0.0550846102 0.0897066753 0 0 0
B@CP 1416 -0.111521001 0.106769037 -0.0663144581 0 0 0
B@CP 1417 -0.108304094 0.25521992 -0.219226569 0 0 0
B@CP 1422 -0.3154878 -0.151338983 0.0481808444 0 0 0
B@CP 1423 0.27695486 0.135393376 -0.334215492 0 0 0
B@CP 1424 -0.114410085 0.0427153208 -0.220757873 0 0 0
B@CP 1428 -0.0737067346 0.218896172 0.248727247 0 0 0
B@CP 1429 -0.235570264 -0.144870476 0.0542848165 0 0 0
B@CP 1433 0.165612067 0.00386026927 -0.22696285 0 0 0
B@CP 1434 0.249140262 0.14676112 0.0761007701 0 0 0
B@CP 1436 -0.261666139 0.337123534 -0.153783195 0 0 0
B@CP 1438 -0.415885238 0.133920473 0.0239250912 0 0 0
B@CP 1439 -0.288209617 0.185146246 0.200489331 0 0 0
B@CP 1446 0.301883173 -0.0714498454 -0.17041442 0 0 0
B@CP 1448 0.197802613 -0.0942289949 -0.232518854 0 0 0
B@CP 1452 -0.1150179 0.0110956267 -0.111353128 0 0 0
B@CP 1453 0.439069233 -0.058277851 0.0564950605 0 0 0
B@CP 1454 -0.0204402566 0.338023092 0.0683391139 0 0 0
B@CP 1465 -0.239436083 -0.319641549 -0.0669253203 0 0 0
B@CP 1466 -0.352474087 0.284251891 -0.0116724086 0 0 0
B@CP 1470 -0.044781298 0.19054463 -0.261384666 0 0 0
B@CP 1471 0.0357742702 0.198300614 -0.124520181 0 0 0
B@CP 1478 0.381783185 0.0260814059 -0.100485375 0 0 0
B@CP 1481 -0.171017957 0.157309571 -0.137678429 0 0 0
B@CP 1482 0.3465874 0.0142968486 -0.0619339903 0 0 0
B@CP 1483 -0.0168646862 -0.0356899174 -0.332939237 0 0 0
B@CP 1486 0.148378766 0.0551039119 -0.384280633 0 0 0
B@CP 1489 -0.0378300205 0.128969924 -0.0932681302 0 0 0
B@CP 1490 -0.189235582 0.366335208 -0.035992008 0 0 0
B@CP 1491 0.139887165 -0.241487349 0.035685424 0 0 0
B@CP 1492 -0.0932547276 0.283670671 0.294317827 0 0 0
B@CP 1495 -0.16004554 0.0949982458 0.215605555 0 0 0
B@CP 1500 0.249842254 0.165746864 -0.189175429 0 0 0
B@CP 1504 0.042792146 -0.140835399 0.0090149618 0 0 0
B@CP 1505 0.0522391874 0.411967484 0.0321302723 0 0 0
B@CP 1509 0.0209327614 0.0152472999 -0.172883338 0 0 0
B@CP 1515 0.246263245 -0.0936451815 0.178537841 0 0 0
B@CP 1519 -0.219187619 0.38940613 0.116718897 0 0 0
B@CP 1523 -0.0393502145 0.226182087 0.100060984 0 0 0
B@CP 1524 -0.115619752 -0.292539998 0.153860695 0 0 0
B@CP 1526 -0.259377684 -0.270570417 0.194873544 0 0 0
B@CP 1527 -0.0300179281 0.242202437 -0.168628214 0 0 0
B@CP 1530 0.338924462 0.270250049 0.0278729545 0 0 0
B@CP 1534 -0.208270937 0.00760336298 -0.0802213908 0 0 0
B@CP 1536 -0.264980566 0.236023096 0.0918409073 0 0 0
B@CP 1551 -0.177801534 -0.322598027 -0.188198599 0 0 0
B@CP 1552 -0.0887940764 0.173933423 -0.107349707 0 0 0
B@CP 1555 -0.28846714 0.0308243384 -0.0462282338 0 0 0
B@CP 1561 -0.307431409 -0.111690952 0.100474877 0 0 0
B@CP 1567 0.308135252 -0.0025392433 0.174764861 0 0 0
B@CP 1569 0.0151506117 0.21878485 -0.046601744 0 0 0
B@CP 1572 0.318463617 0.0114748601 0.341219596 0 0 0
B@CP 1573 -0.16059893 -0.137312629 0.23908136 0 0 0
B@CP 1576 0.0589922051 -0.456442559 -0.0139623678 0 0 0
B@CP 1580 -0.0939298741 -0.383752522 0.135369939 0 0 0
B@CP 1583 0.306231725 -0.0640952209 -0.00491259621 0 0 0
B@CP 1584 -0.221854626 0.0313364099 0.200807767 0 0 0
B@CP 1586 0.303105666 -0.00243396219 -0.342407742 0 0 0
B@CP 1588 0.310246778 -0.0928515832 -0.187474236 0 0 0
B@CP 1589 0.261891906 0.150885568 -0.286522019 0 0 0
B@CP 1596 0.317988809 0.112699854 -0.0213275122 0 0 0
B@CP 1600 0.0851187913 0.242753908 -0.210619108 0 0 0
B@CP 1606 -0.132716364 0.230953593 0.0174556471 0 0 0
B@CP 1609 0.119724043 -0.285775132 0.241759347 0 0 0
B@CP 1611 0.230049654 -0.174119507 -0.246673891 0 0 0
B@CP 1613 -0.370402119 0.0939877082 0.0968627808 0 0 0
B@CP 1625 -0.0757628536 0.0899713179 -0.0427189853 0 0 0
B@CP 1630 -0.134820241 0.150162104 0.355070913 0 0 0
B@CP 1637 -0.323106939 -0.170203348 -0.13694891 0 0 0
B@CP 1638 0.144825442 -0.364742388 -0.129604243 0 0 0
B@CP 1642 0.236402771 -0.0886137007 -0.012800842 0 0 0
B@CP 1645 0.304953166 -0.305583337 -0.0907255212 0 0 0
B@CP 1649 0.295679117 -0.29287678 -0.192347541 0 0 0
B@CP 1655 -0.200812252 -0.133331063 0.135560613 0 0 0
B@CP 1656 0.115699646 0.060246449 -0.443407014 0 0 0
B@CP 1673 0.234447496 0.256697113 -0.270229071 0 0 0
B@CP 1678 -0.352896126 0.0575766896 -0.296043563 0 0 0
B@CP 1679 -0.211027661 0.41176818 -0.00944336973 0 0 0
B@CP 1681 -0.425238021 -0.0264475205 0.108727629 0 0 0
B@CP 1686 -0.336986754 0.130035577 -0.194626893 0 0 0
B@CP 1690 0.0113940436 -0.148447107 0.0904404127 0 0 0
B@CP 1694 0.106801137 0.380118896 -0.0522847809 0 0 0
B@CP 1696 -0.133430568 -0.388906752 -0.247513311 0 0 0
B@CP 1697 -0.0128941507 -0.125174031 -0.447999295 0 0 0
B@CP 1701 0.307989621 0.360324458 0.0410805031 0 0 0
B@CP 1703 -0.11371407 0.21336302 -0.205373866 0 0 0
B@CP 1710 0.129741499 -0.367860988 0.156253924 0 0 0
B@CP 1719 0.0174740247 0.160524667 -0.353794962 0 0 0
B@CP 1722 0.296034752 0.307973735 -0.132639352 0 0 0
B@CP 1727 0.0762131661 -0.391362822 0.156428181 0 0 0
B@CP 1733 -0.0162606054 0.450948927 -0.104409039 0 0 0
B@CP 1735 0.304103805 -0.303719392 0.00114381565 0 0 0
B@CP 1736 -0.198139936 0.050964829 -0.155795254 0 0 0
B@CP 1739 -0.0786794846 -0.121072864 0.0503551525 0 0 0
B@CP 1740 0.276757008 0.319549731 0.0058950284 0 0 0
B@CP 1743 -0.14280576 0.190182901 0.369545155 0 0 0
B@CP 1745 -0.395296731 0.0309424119 -0.151790458 0 0 0
B@CP 1746 -0.028211746 0.347786945 -0.289574788 0 0 0
B@CP 1747 0.131737357 -0.0051938503 0.37963855 0 0 0
B@CP 1748 -0.0781060214 -0.0864339834 0.105700488 0 0 0
B@CP 1751 0.116793077 0.329846381 -0.222505945 0 0 0
B@CP 1752 -0.388873407 0.0916573143 0.168866461 0 0 0
B@CP 1755 0.196062869 0.0132134271 0.254297833 0 0 0
B@CP 1763 -0.0129837147 -0.0488683857 -0.303295062 0 0 0
B@CP 1774 -0.0251152211 0.0686906399 0.434053967 0 0 0
B@CP 1777 0.276160678 -0.0298173694 0.0906503664 0 0 0
B@CP 1781 -0.35060403 -0.117333378 0.259221352 0 0 0
B@CP 1789 0.0371786778 -0.27108623 0.0399447171 0 0 0
B@CP 1790 0.196805726 -0.0547221275 -0.331990167 0 0 0
B@CP 1793 0.0763386809 -0.342212135 0.214094799 0 0 0
B@CP 1800 -0.0471433148 0.235890974 -0.367877801 0 0 0
B@CP 1802 -0.245902505 0.188064419 0.246592267 0 0 0
B@CP 1803 -0.0553263515 0.334176895 0.187337806 0 0 0
B@CP 1804 0.405352329 0.0501681908 -0.162162398 0 0 0
B@CP 1807 -0.268526788 -0.153792812 0.109559436 0 0 0
B@CP 1814 0.33735907 0.129216605 -0.212274871 0 0 0
B@CP 1815 0.108608715 0.225743803 -0.135647107 0 0 0
B@CP 1817 0.250919575 0.0369926857 -0.211133766 0 0 0
B@CP 1819 -0.343053556 -0.127422213 0.147105782 0 0 0
B@CP 1822 0.284879354 0.254237361 -0.187731478 0 0 0
B@CP 1823 0.232539109 -0.326523984 0.0256776957 0 0 0
B@CP 1826 0.274838482 -0.322019168 -0.06264077 0 0 0
B@CP 1828 -0.0405312762 0.102219789 -0.250043748 0 0 0
B@CP 1835 -0.363096877 -0.0859454136 -0.0177070063 0 0 0
B@CP 1836 -0.0605235175 0.0959166673 0.364477872 0 0 0
B@CP 1838 0.202684027 0.295046192 -0.110845857 0 0 0
B@CP 1840 0.155080331 0.00775978745 0.230344215 0 0 0
B@CP 1842 -0.0739362825 -0.204054979 0.0106210391 0 0 0
B@CP 1844 0.0481925785 -0.276878303 -0.00403181395 0 0 0
B@CP 1847 -0.0553974499 -0.226216464 0.10489639 0 0 0
B@CP 1848 0.00499468993 -0.0981363233 0.381910067 0 0 0
B@CP 1851 -0.15672355 -0.183491842 0.00359609328 0 0 0
B@CP 1852 -0.171448137 0.0080102297 0.273644052 0 0 0
B@CP 1855 -0.368940388 0.0625711811 -0.179200462 0 0 0
B@CP 1856 -0.146322216 0.15825645 -0.0168963903 0 0 0
B@CP 1858 -0.240487278 0.094872303 -0.257033391 0 0 0
B@CP 1861 -0.00972509678 0.117228349 -0.287056582 0 0 0
B@CP 1862 0.0983462241 0.2963917 0.276746245 0 0 0
B@CP 1866 -0.210917206 0.314444719 0.0649572739 0 0 0
B@CP 1870 0.26183309 0.246147608 -0.186442572 0 0 0
B@CP 1872 -0.0300343421 0.306268323 0.155782819 0 0 0
B@CP 1873 0.346381318 0.024841343 0.0888945265 0 0 0
B@CP 1877 0.163238435 -0.152000917 0.258858095 0 0 0
B@CP 1879 -0.218914526 -0.1509182 -0.0115523552 0 0 0
B@CP 1880 -0.199062662 0.145422343 -0.0579518789 0 0 0
B@CP 1881 -0.240564496 0.195566505 0.176412386 0 0 0
B@CP 1883 0.167148561 -0.323975231 -0.0744397793 0 0 0
B@CP 1887 0.00532217362 0.311852981 0.28552571 0 0 0
B@CP 1890 -0.251931677 0.331881186 0.0509452949 0 0 0
B@CP 1891 -0.173437019 -0.107795682 0.160871839 0 0 0
B@CP 1892 -0.187229284 0.262299411 0.128512792 0 0 0
B@CP 1893 -0.296236842 -0.251908031 0.138433316 0 0 0
B@CP 1899 0.3660681 0.275150155 0.121735115 0 0 0
B@CP 1901 0.0158717061 0.27906324 -0.0793881217 0 0 0
B@CP 1903 -0.251780322 0.3492864 0.179683631 0 0 0
B@CP 1906 -0.227222746 -0.124308696 0.0984308465 0 0 0
B@CP 1909 -0.294970606 0.153102078 0.0669432241 0 0 0
B@CP 1910 0.16025542 -0.41610951 0.0664532763 0 0 0
B@CP 1911 -0.280325577 -0.0912320576 -0.116253691 0 0 0
B@CP 1915 -0.170141351 0.336374352 -0.156228119 0 0 0
B@CP 1917 -0.323922768 -0.236945489 -0.214862013 0 0 0
B@CP 1920 -0.0276401447 0.120411698 0.43953798 0 0 0
B@CP 1921 0.170608518 0.00246346296 -0.0750865567 0 0 0
B@CP 1922 -0.030443237 0.182834144 -0.0553986589 0 0 0
B@CP 1925 0.208422425 -0.0865928121 -0.126538487 0 0 0
B@CP 1935 0.0744310339 0.113302238 0.0171039009 0 0 0
B@CP 1937 0.017956983 -0.302197254 -0.323432304 0 0 0
B@CP 1939 -0.173433329 -0.308815852 0.177721669 0 0 0
B@CP 1950 -0.100882922 0.0712618574 0.211052391 0 0 0
B@CP 1955 0.00946438782 0.196524598 -0.368401817 0 0 0
B@CP 1958 0.326817063 0.223722618 -0.100994148 0 0 0
B@CP 1967 0.0822448687 0.077995558 -0.0157088952 0 0 0
B@CP 1970 -0.453838113 -0.0303681151 -0.0132813759 0 0 0
B@CP 1974 -0.0146094667 -0.304584876 0.0733830448 0 0 0
B@CP 1980 0.136682328 0.313903416 -0.194324529 0 0 0
B@CP 1993 -0.0715043952 -0.246003708 -0.0386513079 0 0 0
B@CP 1994 0.182649239 0.167805874 -0.198184017 0 0 0
B@CP 1996 0.0791105943 -0.196176565 -0.36343761 0 0 0
B@CP 1999 -0.081729523 -0.431324063 0.034699136 0 0 0
B@CP 2002 0.206457373 -0.299832147 0.104403777 0 0 0
B@CP 2005 -0.331919931 0.0526012809 -0.0652126681 0 0 0
B@CP 2013 -0.111123621 0.11818107 0.15944775 0 0 0
B@CP 2019 -0.251147213 -0.104672986 0.321511507 0 0 0
B@CP 2021 -0.138717208 -0.334173161 -0.293239126 0 0 0
B@CP 2022 -0.381171182 0.229775345 -0.0711541973 0 0 0
B@CP 2024 -0.321345512 -0.0840841465 -0.200238714 0 0 0
B@CP 2025 0.135149931 0.342715519 0.262772251 0 0 0
B@CP 2026 0.244347713 0.0165261904 -0.260128113 0 0 0
B@CP 2028 -0.360875141 -0.175159217 -0.0968463068 0 0 0
B@CP 2029 0.322976372 -0.166023287 0.0598528925 0 0 0
B@CP 2032 -0.255278807 0.225185344 -0.0822885155 0 0 0
B@CP 2033 0.0208782872 0.0497946198 -0.287723576 0 0 0
B@CP 2034 0.0438666506 -0.178207396 -0.154523541 0 0 0
B@CP 2036 -0.0919392853 -0.196196523 -0.117071409 0 0 0
B@CP 2037 0.0531895099 -0.288201932 -0.319784148 0 0 0
B@CP 2040 -0.383985971 -0.194963323 0.180247919 0 0 0
B@CP 2042 0.236671777 0.179147211 0.312457197 0 0 0
B@CP 2043 -0.258875402 0.035111005 -0.148812061 0 0 0
B@CP 2048 -0.0361184499 -0.194661103 -0.348846017 0 0 0
B@CP 2050 0.02073381 -0.125100506 -0.202276421 0 0 0
B@CP 2053 0.119111371 -0.0379134592 -0.289409265 0 0 0
B@CP 2057 -0.062136669 0.147395653 0.0656549378 0 0 0
B@CP 2059 -0.289430746 -0.113884053 0.298834612 0 0 0
B@CP 2060 -0.183777151 0.3839193 -0.211360898 0 0 0
B@CP 2068 0.171914575 0.21091681 0.191502689 0 0 0
B@CP 2076 0.385304866 -0.111975742 -0.177912378 0 0 0
B@CP 2077 0.196200747 0.176378714 -0.130523313 0 0 0
B@CP 2078 0.209482884 -0.298428625 0.26459587 0 0 0
B@CP 2079 0.196060892 -0.0356484675 -0.00965280103 0 0 0
B@CP 2081 0.00850256663 0.16681172 0.104308534 0 0 0
B@CP 2082 0.0197321124 -0.359566531 0.0935028395 0 0 0
B@CP 2083 0.274169058 0.249694322 -0.218841451 0 0 0
B@CP 2086 -0.0038253185 0.259452035 -0.379552334 0 0 0
B@CP 2087 0.094763967 0.208924662 0.40425325 0 0 0
B@CP 2091 -0.331003401 0.0119190917 -0.281513077 0 0 0
B@CP 2095 -0.162141269 -0.403290457 -0.164922271 0 0 0
B@CP 2103 0.135848045 0.0740629102 -0.0726328302 0 0 0
B@CP 2105 0.414650285 0.199707887 -0.0108165047 0 0 0
B@CP 2109 0.0832230992 -0.189321222 0.396036321 0 0 0
B@CP 2110 -0.288601395 -0.2156152 0.155007654 0 0 0
B@CP 2111 0.0945776841 0.100758389 0.20883894 0 0 0
B@CP 2113 -0.166207237 -0.0394554742 0.0138494627 0 0 0
B@CP 2114 -0.101901462 -0.221589002 -0.34695061 0 0 0
B@CP 2115 -0.205029924 -0.0207258159 -0.293426901 0 0 0
B@CP 2117 -0.306005604 -0.0841039162 -0.12672341 0 0 0
B@CP 2118 -0.142054983 0.273967409 -0.229204365 0 0 0
B@CP 2119 -0.194412588 0.254250757 0.0662641086 0 0 0
B@CP 2125 0.227413035 0.0329774404 0.166553512 0 0 0
B@CP 2127 -0.0879203454 -0.377565585 0.223110172 0 0 0
B@CP 2130 -0.25145617 0.130422139 0.107769203 0 0 0
B@CP 2131 0.137748128 0.402539712 -0.00540718493 0 0 0
B@CP 2133 -0.0393930225 -0.255874244 -0.257570319 0 0 0
B@CP 2134 0.0532618438 -0.296415737 -0.0561631895 0 0 0
B@CP 2136 -0.223594815 0.171215215 0.1512916 0 0 0
B@CP 2141 0.148470682 0.139494212 0.309184228 0 0 0
B@CP 2144 0.118393017 0.226354313 0.00280965422 0 0 0
B@CP 2145 -0.0996832614 -0.0106357096 0.101136916 0 0 0
B@CP 2149 -0.171917565 0.0982731282 0.0664592748 0 0 0
B@CP 2154 -0.188537698 -0.194326216 -0.269566531 0 0 0
B@CP 2161 -0.0668028679 0.0652232182 -0.335792008 0 0 0
B@CP 2164 -0.105376115 -0.00813894128 0.422224969 0 0 0
B@CP 2166 0.102853565 -0.026802051 0.399093997 0 0 0
B@CP 2168 0.435859101 0.140519546 -0.0133643415 0 0 0
B@CP 2169 -0.365657169 0.016101985 0.132235801 0 0 0
B@CP 2175 0.236974447 0.101037829 0.28341929 0 0 0
B@CP 2177 0.0720222679 -0.379542673 -0.158314845 0 0 0
B@CP 2182 -0.361981382 -0.202168367 -0.132162881 0 0 0
B@CP 2186 0.225704566 0.142354278 -0.156647602 0 0 0
B@CP 2188 0.111065525 0.194367569 -0.278892552 0 0 0
B@CP 2203 0.296881889 0.173702326 -0.0194319058 0 0 0
B@CP 2205 -0.175574644 0.167931428 -0.262769869 0 0 0
B@CP 2207 -0.156648435 -0.339458552 -0.0228819295 0 0 0
B@CP 2208 -0.131664985 -0.279548363 0.224799996 0 0 0
B@CP 2213 -0.204401118 0.0390187582 0.395003191 0 0 0
B@CP 2215 0.148681506 0.086824196 -0.284939865 0 0 0
B@CP 2217 -0.289495906 -0.131465589 -0.0814473674 0 0 0
B@CP 2220 0.325864424 0.292776846 -0.033288627 0 0 0
B@CP 2221 -0.206176676 0.178873382 0.250507301 0 0 0
B@CP 2222 0.0555600083 -0.198465343 -0.270208422 0 0 0
B@CP 2225 -0.177878342 -0.232706604 0.144457612 0 0 0
B@CP 2226 -0.0617806897 -0.0113900912 -0.434739095 0 0 0
B@CP 2228 -0.136596754 -0.285505933 -0.19860069 0 0 0
B@CP 2230 -0.0685991724 -0.0826220387 0.00169914614 0 0 0
B@CP 2233 0.0894834388 0.215906655 -0.351844286 0 0 0
B@CP 2234 -0.0507926985 -0.1192273 0.200452058 0 0 0
B@CP 2248 -0.219312526 0.234611225 -0.116756208 0 0 0
B@CP 2250 -0.13330672 0.133228235 0.416387148 0 0 0
B@CP 2251 -0.0530265511 0.261244033 -0.230029683 0 0 0
B@CP 2252 -0.0867576197 -0.0151107106 -0.0242351244 0 0 0
B@CP 2254 0.0114806489 -0.27698387 0.275092086 0 0 0
B@CP 2255 0.190940016 0.16116134 -0.0769060375 0 0 0
B@CP 2256 -0.105921958 -0.0721076046 0.0361162911 0 0 0
B@CP 2263 0.145462514 -0.37952757 0.093262702 0 0 0
B@CP 2267 -0.0361563533 0.321650567 0.183944745 0 0 0
B@CP 2271 0.139381264 0.227839007 0.267064324 0 0 0
B@CP 2272 0.0208384553 -0.315817432 0.328227578 0 0 0
B@CP 2273 0.159896967 -0.406621131 0.151186012 0 0 0
B@CP 2275 0.274777672 0.100079385 0.126375673 0 0 0
B@CP 2279 0.225945075 0.124074147 0.180566134 0 0 0
B@CP 2282 0.330472357 -0.137074859 -0.254416903 0 0 0
B@CP 2284 0.0872006559 -0.186029868 0.137365164 0 0 0
B@CP 2285 -0.0125949853 0.181610894 -0.265381816 0 0 0
B@CP 2293 0.36192797 0.208865867 0.0255948449 0 0 0
B@CP 2299 0.0901776791 -0.186182114 0.317328914 0 0 0
B@CP 2300 -0.0337289605 -0.430283023 0.0305412997 0 0 0
B@CP 2301 0.220405112 0.323801303 0.0660663882 0 0 0
B@CP 2303 -0.269278339 -0.269538788 0.00140102539 0 0 0
B@CP 2305 0.161999564 0.0619092828 0.170116711 0 0 0
B@CP 2309 -0.0722882811 -0.126657385 0.335324583 0 0 0
B@CP 2313 0.0923435885 -0.230750326 -0.403372763 0 0 0
B@CP 2315 0.204986737 0.127292101 0.364815817 0 0 0
B@CP 2320 0.0511964028 -0.220423382 -0.255571805 0 0 0
B@CP 2325 0.0919348677 0.108345302 -0.118628167 0 0 0
B@CP 2329 -0.191461574 0.389049679 0.0576170707 0 0 0
B@CP 2331 -0.0201180355 -0.191347449 -0.303506022 0 0 0
B@CP 2332 0.0989939832 -0.159138509 0.0774427329 0 0 0
B@CP 2333 0.201220229 0.0140560302 -0.312074708 0 0 0
B@CP 2335 -0.165395005 0.0163884985 -0.110348004 0 0 0
B@CP 2336 -0.163470335 -0.0627973652 -0.15538629 0 0 0
B@CP 2340 -0.425460588 -0.114866729 0.0461116923 0 0 0
B@CP 2343 -0.343551054 0.247148095 -0.104583697 0 0 0
B@CP 2346 0.0351301358 -0.213052822 -0.0353696272 0 0 0
B@CP 2348 0.153948106 -0.396330306 0.162457929 0 0 0
B@CP 2350 -0.076765143 0.299472063 0.29503533 0 0 0
B@CP 2351 -0.264153308 0.175944048 -0.15340506 0 0 0
B@CP 2356 -0.0581132135 -0.0413840221 0.336062656 0 0 0
B@CP 2357 0.165717142 0.196904895 0.0676310927 0 0 0
B@CP 2359 -0.222359702 0.230344361 -0.293453405 0 0 0
B@CP 2363 -0.0696634753 0.118802075 -0.292866237 0 0 0
B@CP 2365 -0.0708658481 -0.402598175 0.177614092 0 0 0
B@CP 2368 0.101195364 0.399026364 0.0748645212 0 0 0
B@CP 2369 -0.198121125 -0.309010616 0.201671646 0 0 0
B@CP 2370 0.191904536 -0.24815165 -0.0746375785 0 0 0
B@CP 2372 -0.29106087 0.122734416 -0.206766674 0 0 0
B@CP 2373 -0.0446661568 0.111810525 -0.012897208 0 0 0
B@CP 2376 0.195427432 0.262535763 -0.0517703492 0 0 0
B@CP 2381 0.111802878 -0.196160529 -0.283194686 0 0 0
B@CP 2382 -0.00409792769 0.411678667 0.05784825 0 0 0
B@CP 2383 0.0695669868 0.0954748881 0.159800162 0 0 0
B@CP 2386 0.200685054 -0.0861853359 0.0587432683 0 0 0
B@CP 2388 0.134726297 0.134922564 -0.0783406591 0 0 0
B@CP 2392 -0.235008455 -0.107844943 -0.103079185 0 0 0
B@CP 2395 0.257767446 -0.185496908 0.312007227 0 0 0
B@CP 2397 -0.0581402233 -0.0431063336 0.332014621 0 0 0
B@CP 2400 0.186792656 -0.122762291 -0.364980981 0 0 0
B@CP 2402 0.375172573 0.259917169 -0.143933553 0 0 0
B@CP 2405 -0.127912039 -0.0846519294 0.381865509 0 0 0
B@CP 2411 -0.201773497 0.0157461242 0.350621983 0 0 0
B@CP 2413 0.0942607166 -0.34540605 -0.229444528 0 0 0
B@CP 2416 0.285275974 0.052883573 0.18506354 0 0 0
B@CP 2421 0.0530745688 -0.0731076609 0.337576082 0 0 0
B@CP 2437 -0.141441507 0.360545249 0.259757855 0 0 0
B@CP 2441 0.126159691 0.111188274 0.174233296 0 0 0
B@CP 2456 0.392980964 0.00894932902 -0.0807352777 0 0 0
B@CP 2457 -0.21888674 0.00186923632 0.0439294136 0 0 0
B@CP 2459 -0.193433537 0.126514029 -0.137799299 0 0 0
B@CP 2460 0.101394452 0.289990661 -0.354218971 0 0 0
B@CP 2461 0.268586134 0.0232439123 0.0768302885 0 0 0
B@CP 2462 -0.134612846 -0.0296284863 -0.182102621 0 0 0
B@CP 2467 -0.195984935 0.0722516108 0.308456981 0 0 0
B@CP 2471 -0.0995025047 -0.0976492538 0.217199818 0 0 0
B@CP 2475 0.287761742 -0.159939503 -0.311064364 0 0 0
B@CP 2477 -0.0734588857 0.309224939 0.0229958409 0 0 0
B@CP 2481 -0.0566418581 0.281941412 0.124803009 0 0 0
B@CP 2487 -0.289423355 0.0878918541 0.24191386 0 0 0
B@CP 2492 0.272954858 0.0876201396 -0.115133313 0 0 0
C@CP 2500 0.0767199406 -0.249529014 -0.161952124 0 0 0
C@CP 2501 -0.267660993 0.250480755 0.128214347 0 0 0
C@CP 2502 0.153502709 -0.0627458149 -0.326094714 0 0 0
C@CP 2503 -0.0238698488 -0.120895857 -0.0436535518 0 0 0
C@CP 2505 0.189508883 -0.352752662 0.23441425 0 0 0
C@CP 2506 0.139686618 0.100615307 0.12540025 0 0 0
C@CP 2507 -0.141119621 -0.0406161773 0.211964797 0 0 0
C@CP 2508 0.0482563213 -0.21870258 -0.280841533 0 0 0
C@CP 2509 -0.267076326 -0.127215207 -0.160798748 0 0 0
C@CP 2510 -0.115658963 0.0940532951 0.203453495 0 0 0
C@CP 2511 0.350718354 0.115097864 0.162487933 0 0 0
C@CP 2512 -0.238218611 0.264620134 -0.0747358664 0 0 0
C@CP 2513 -0.0135055176 0.20630383 -0.131594905 0 0 0
C@CP 2514 0.145731395 -0.0369259322 -0.138402485 0 0 0
C@CP 2515 0.0109266358 0.30919128 0.249032644 0 0 0
C@CP 2516 -0.228353578 0.0417726366 0.224001193 0 0 0
C@CP 2517 0.26023847 0.00204452118 -0.124622568 0 0 0
C@CP 2518 -0.145943754 0.0368741728 -0.319902254 0 0 0
C@CP 2519 0.357061844 0.245994606 -0.00484311075 0 0 0
C@CP 2520 0.35573491 0.241729167 0.0037748925 0 0 0
C@CP 2521 -0.124848407 0.199493534 0.103276723 0 0 0
C@CP 2522 -0.345489072 -0.136429984 0.236885063 0 0 0
C@CP 2523 0.0104202902 -0.0465987626 -0.221162413 0 0 0
C@CP 2524 -0.113724724 0.0567903028 -0.124146727 0 0 0
C@CP 2525 -0.176514265 0.017930533 -0.26391998 0 0 0
C@CP 2526 0.348908509 0.108329155 0.291776966 0 0 0
C@CP 2527 0.0266994319 -0.238342742 -0.000158501252 0 0 0
C@CP 2528 0.329881396 0.128125356 -0.0503899636 0 0 0
C@CP 2529 -0.371115378 -0.158466414 -0.145055145 0 0 0
C@CP 2530 -0.225584901 -0.225886492 -0.331250341 0 0 0
C@CP 2531 -0.36383533 0.139363601 0.209768161 0 0 0
C@CP 2532 0.187109202 -0.0805122118 -0.317307122 0 0 0
C@CP 2533 -0.0173497033 0.15827714 0.313790991 0 0 0
C@CP 2534 0.348816716 -0.275309336 -0.169424254 0 0 0
C@CP 2535 -0.0110277347 0.310459304 -0.199850213 0 0 0
C@CP 2536 -0.00494180894 -0.444046195 0.0523616428 0 0 0
C@CP 2537 0.0381224152 0.242686705 0.105812492 0 0 0
C@CP 2538 0.0530463186 0.344295727 0.160553532 0 0 0
C@CP 2539 -0.400154025 0.109425065 0.193030533 0 0 0
C@CP 2540 -0.393846855 0.15659699 -0.0991188738 0 0 0
C@CP 2541 0.428228309 0.0691493029 -0.0144799326 0 0 0
C@CP 2542 -0.247302279 -0.297758046 -0.235917843 0 0 0
C@CP 2543 0.112728211 -0.274503128 -0.194424049 0 0 0
C@CP 2544 -0.0178789137 0.0212629193 -0.0773123006 0 0 0
C@CP 2545 -0.0724586701 -0.348034112 -0.0616338206 0 0 0
C@CP 2546 -0.108819043 -0.34428578 0.287323301 0 0 0
C@CP 2547 -0.0687303028 0.251008261 -0.388004229 0 0 0
C@CP 2548 0.0948273727 0.271829847 -0.255596727 0 0 0
C@CP 2549 0.0193788019 0.0427944402 0.0601249052 0 0 0
C@CP 2550 -0.253613061 0.105060381 0.0591505342 0 0 0
C@CP 2551 0.139463882 -0.354797337 -0.242212982 0 0 0
C@CP 2552 0.152762719 -0.1519832 -0.218515878 0 0 0
C@CP 2553 -0.0503164582 0.241272253 0.120217252 0 0 0
C@CP 2554 -0.321281157 -0.117267615 -0.261449394 0 0 0
C@CP 2555 -0.195170579 -0.302690297 -0.0306756423 0 0 0
C@CP 2556 0.105805819 -0.343027759 0.295714216 0 0 0
C@CP 2557 -0.149991699 -0.0239478373 -0.202195051 0 0 0
C@CP 2558 0.0530820762 -0.0700494968 0.24931235 0 0 0
C@CP 2559 0.228293045 -0.212087878 -0.195816104 0 0 0
C@CP 2560 -0.361249888 0.00962954511 0.183171344 0 0 0
C@CP 2561 0.036287521 -0.215017381 -0.224249199 0 0 0
C@CP 2562 0.179681394 -0.326596764 0.238270997 0 0 0
C@CP 2563 0.139219226 0.0911152598 -0.0866815355 0 0 0
C@CP 2564 -0.32842296 0.0662305241 -0.232343095 0 0 0
C@CP 2565 -0.0439313607 0.0355894401 -0.31102218 0 0 0
C@CP 2566 0.22100657 0.161435412 0.0315935289 0 0 0
C@CP 2567 -0.0101981303 0.166757374 0.0964146407 0 0 0
C@CP 2568 -0.149766652 -0.233348485 -0.231875794 0 0 0
C@CP 2569 -0.248300742 -0.209650902 -0.0628076301 0 0 0
C@CP 2570 -0.146688913 0.403480864 0.180058098 0 0 0
C@CP 2571 0.280750429 0.0451180507 0.15357111 0 0 0
C@CP 2572 0.267848604 0.139283741 0.27556738 0 0 0
C@CP 2573 -0.166610686 0.166512852 0.277088831 0 0 0
C@CP 2574 -0.132664789 -0.00337886069 -0.371007731 0 0 0
C@CP 2575 0.27391858 0.134862365 0.0361929832 0 0 0
C@CP 2576 0.125029455 0.337089006 0.0714154487 0 0 0
C@CP 2577 -0.11216464 -0.320676868 0.286436124 0 0 0
C@CP 2578 -0.220100691 0.147825019 0.0540413398 0 0 0
C@CP 2579 -0.420794042 0.0417172174 -0.0949379787 0 0 0
C@CP 2580 -0.169321298 -0.358724328 -0.118839568 0 0 0
C@CP 2581 0.220211037 -0.0301362894 -0.375982405 0 0 0
C@CP 2582 0.0447128038 0.0377647272 -0.372631521 0 0 0
C@CP 2583 -0.167187221 0.00569526204 -0.194580426 0 0 0
C@CP 2584 0.0127337254 -0.348898898 -0.0421857357 0 0 0
C@CP 2585 0.170514008 0.322957372 0.111580308 0 0 0
C@CP 2586 -0.165990854 0.0660184459 0.315450914 0 0 0
C@CP 2587 -0.396520293 0.145092311 -0.144945184 0 0 0
C@CP 2588 -0.323155763 0.29937666 0.0836071409 0 0 0
C@CP 2589 -0.14752134 -0.252869148 -0.0476274096 0 0 0
C@CP 2590 0.177800491 0.022747329 0.101326054 0 0 0
C@CP 2591 0.255622128 -0.066467981 -0.28652496 0 0 0
C@CP 2592 0.425600377 0.0296441264 -0.111665101 0 0 0
C@CP 2593 -0.0174948854 -0.384717502 0.0628943225 0 0 0
C@CP 2594 -0.0346331671 -0.160411723 -0.383415387 0 0 0
C@CP 2595 -0.120564107 -0.0561870233 -0.143477763 0 0 0
C@CP 2596 -0.247785348 0.114634225 0.327485012 0 0 0
C@CP 2597 0.114816249 0.319662012 -0.227817855 0 0 0
C@CP 2598 0.144986622 0.196962349 0.278989455 0 0 0
C@CP 2599 0.180027117 0.140022729 0.342177168 0 0 0
C@CP 2600 -0.141827864 -0.00964367677 -0.155450823 0 0 0
C@CP 2601 0.0851991046 0.182251398 0.0800676351 0 0 0
C@CP 2602 -0.2112107 -0.0297440069 0.297478211 0 0 0
C@CP 2603 0.108466268 0.395591197 0.162240145 0 0 0
C@CP 2604 0.0844798991 -0.00549727649 0.274842737 0 0 0
C@CP 2605 0.245887455 -0.0626208602 -0.195855598 0 0 0
C@CP 2606 0.014576289 0.270319157 0.0963288048 0 0 0
C@CP 2607 -0.398937599 -0.036842933 -0.112144051 0 0 0
C@CP 2608 0.189925806 -0.0470347363 0.402503688 0 0 0
C@CP 2609 -0.127909372 -0.0229347681 0.0866304049 0 0 0
C@CP 2610 0.221251808 0.306055137 0.246956189 0 0 0
C@CP 2611 -0.0718621932 0.257762407 -0.15374547 0 0 0
C@CP 2612 0.0214363279 0.00717645788 0.270633877 0 0 0
C@CP 2613 -0.264955283 0.0622626203 -0.0781626815 0 0 0
C@CP 2614 0.173916056 0.0876853585 -0.114323563 0 0 0
C@CP 2615 -0.127129792 0.0742887693 -0.371860688 0 0 0
C@CP 2616 0.0843241467 0.23926382 -0.0432530406 0 0 0
C@CP 2617 0.328351288 0.00263467979 -0.0722168986 0 0 0
C@CP 2618 0.223113814 -0.217193539 0.130994794 0 0 0
C@CP 2619 0.203610054 0.0475483292 0.0882930174 0 0 0
C@CP 2620 -0.388629306 -0.149044516 0.0932486095 0 0 0
C@CP 2621 0.0705674632 -0.0610299978 0.043172845 0 0 0
C@CP 2622 -0.123077127 -0.0842822385 0.019801755 0 0 0
C@CP 2623 -0.201194619 0.321671134 0.132251295 0 0 0
C@CP 2624 -0.184385814 0.22734382 0.10069213 0 0 0
C@CP 2625 -0.0260435448 0.415074505 -0.0114788615 0 0 0
C@CP 2626 0.199432261 -0.0307838301 0.0778738784 0 0 0
C@CP 2627 0.0456714223 0.255941338 0.0911537367 0 0 0
C@CP 2628 0.344843703 0.116022229 -0.123657685 0 0 0
C@CP 2629 -0.177421957 -0.291439848 -0.0428252068 0 0 0
C@CP 2630 -0.132182889 0.114757268 0.0883406182 0 0 0
C@CP 2631 -0.278354802 0.0707272146 -0.104372337 0 0 0
C@CP 2632 0.157387038 -0.335029417 -0.255495021 0 0 0
C@CP 2633 -0.199952824 0.0149300381 -0.141934133 0 0 0
C@CP 2634 -0.293641682 -0.162087324 0.240962164 0 0 0
C@CP 2635 0.216735455 0.0440394398 0.0320785287 0 0 0
C@CP 2636 -0.218292406 -0.000190409958 0.0409153117 0 0 0
C@CP 2637 0.39315077 -0.192153939 -0.104811703 0 0 0
C@CP 2638 -0.194536805 0.083200822 0.24971957 0 0 0
C@CP 2639 -0.00185190739 -0.35920924 0.14867237 0 0 0
C@CP 2640 0.177782685 -0.421352108 0.0876454219 0 0 0
C@CP 2641 0.263181482 0.0931709824 -0.266313355 0 0 0
C@CP 2642 -0.186159806 -0.0187015293 -0.00479010117 0 0 0
C@CP 2643 -0.146322603 -0.289499733 -0.0818589504 0 0 0
C@CP 2644 0.351546943 -0.112153897 -0.106761861 0 0 0
C@CP 2645 -0.100880174 0.129997576 0.25798313 0 0 0
C@CP 2646 -0.159431059 0.184729864 -0.15277334 0 0 0
C@CP 2647 0.33862756 0.0455408095 -0.113206763 0 0 0
C@CP 2648 0.332939948 -0.185971093 -0.192240897 0 0 0
C@CP 2649 -0.149664894 -0.0664728348 0.0225617221 0 0 0
C@CP 2650 -0.375488831 -0.0238220391 0.00338618431 0 0 0
C@CP 2651 -0.0288936762 0.189229008 0.246001976 0 0 0
C@CP 2652 0.0914720475 -0.389529632 0.113305746 0 0 0
C@CP 2653 0.329417801 0.177783116 0.127633347 0 0 0
C@CP 2654 0.0775889082 0.0410566894 0.0963951442 0 0 0
C@CP 2655 0.438429932 0.135609024 0.0375729823 0 0 0
C@CP 2656 -0.222880272 0.129533573 -0.246911455 0 0 0
C@CP 2657 -0.00510222061 -0.036737677 0.143087139 0 0 0
C@CP 2658 -0.176006237 -0.15764869 -0.0792415153 0 0 0
C@CP 2659 -0.293756171 0.280164897 -0.184673962 0 0 0
C@CP 2660 -0.168380959 0.283760114 -0.201537478 0 0 0
C@CP 2662 -0.0474430539 -0.0821258592 0.0607058299 0 0 0
C@CP 2663 0.0618001825 -0.0954307093 -0.419522055 0 0 0
C@CP 2664 0.0955170733 -0.0112754787 -0.00288787858 0 0 0
C@CP 2665 0.139474057 0.232457537 0.287510884 0 0 0
C@CP 2666 -0.0804222212 0.383496284 0.0493176518 0 0 0
C@CP 2667 -0.107564643 0.157353101 0.249036564 0 0 0
C@CP 2668 0.0785118998 0.180544951 0.00207477169 0 0 0
C@CP 2669 0.0407799063 0.443506562 -0.0581600782 0 0 0
C@CP 2670 0.3564046 -0.135329419 0.190216443 0 0 0
C@CP 2671 0.00040167982 0.242735544 -0.358874104 0 0 0
C@CP 2672 -0.308500148 -0.120972103 -0.249186295 0 0 0
C@CP 2673 -0.0763334836 0.220377717 -0.219486918 0 0 0
C@CP 2674 -0.145987741 0.349576165 0.267175545 0 0 0
C@CP 2675 0.238656412 -0.0842589203 -0.265536014 0 0 0
C@CP 2676 0.154443213 -0.0926448714 -0.272364222 0 0 0
C@CP 2677 -0.0445177329 0.0651020306 0.392894807 0 0 0
C@CP 2678 0.0774567884 -0.396688166 -0.11444656 0 0 0
C@CP 2679 0.364631415 0.149955587 -0.174576911 0 0 0
C@CP 2680 0.217749231 0.240748016 0.159302438 0 0 0
C@CP 2681 -0.240419514 0.347249965 -0.0413567437 0 0 0
C@CP 2682 0.309312746 -0.0892226307 0.259659974 0 0 0
C@CP 2683 -0.0973149306 0.0832829244 0.181308741 0 0 0
C@CP 2684 0.366933779 0.0391618187 -0.203707712 0 0 0
C@CP 2685 -0.242435629 -0.242221311 -0.0221949169 0 0 0
C@CP 2686 0.147098952 0.302614174 -0.0559053377 0 0 0
C@CP 2687 0.251376083 0.307527895 0.196066008 0 0 0
C@CP 2688 0.252022104 0.270814112 -0.227517952 0 0 0
C@CP 2689 -0.074030131 -0.0585992337 0.38485566 0 0 0
C@CP 2690 0.0757847234 0.10745962 -0.398621653 0 0 0
C@CP 2691 0.15726849 0.0667246286 -0.278875606 0 0 0
C@CP 2692 0.195096675 0.210468099 -0.154598375 0 0 0
C@CP 2693 -0.0509931269 0.307782198 -0.344464623 0 0 0
C@CP 2694 -0.109565879 -0.0825485316 0.296450667 0 0 0
C@CP 2695 -0.27307265 0.188860243 -0.232901573 0 0 0
C@CP 2696 0.360384201 -0.203792412 0.215014958 0 0 0
C@CP 2697 -0.389062456 0.103039147 0.0920186368 0 0 0
C@CP 2698 0.159173047 0.142661129 -0.34492416 0 0 0
C@CP 2699 -0.0867170894 0.0704640681 0.025897355 0 0 0
C@CP 2700 -0.413977707 0.0122867862 -0.0426393858 0 0 0
C@CP 2701 0.294110601 -0.201498542 0.116455217 0 0 0
C@CP 2702 0.116830488 -0.260280017 -0.268099279 0 0 0
C@CP 2703 0.216999311 -0.373707786 -0.100366512 0 0 0
C@CP 2704 0.0546005833 -0.066490238 -0.0526035793 0 0 0
C@CP 2705 0.0795040428 0.413637547 0.0291725764 0 0 0
C@CP 2706 -0.000699461012 -0.252684185 0.217942297 0 0 0
C@CP 2707 -0.104389625 0.0658381811 -0.392435799 0 0 0
C@CP 2708 0.221802455 -0.181476608 -0.156901627 0 0 0
C@CP 2709 -0.281941359 0.16549506 0.275485826 0 0 0
C@CP 2710 0.131660945 -0.183575707 -0.175904773 0 0 0
C@CP 2711 0.0169671968 0.10608233 0.23514136 0 0 0
C@CP 2712 0.196797105 -0.297980852 0.0749776933 0 0 0
C@CP 2713 -0.0492885069 0.426242483 0.167179012 0 0 0
C@CP 2714 0.163282799 0.186709172 0.396501704 0 0 0
C@CP 2715 -0.281212207 0.0770672913 0.105046166 0 0 0
C@CP 2716 0.0285858723 0.253563584 -0.27601272 0 0 0
C@CP 2717 -0.424599364 0.124160707 -0.123704988 0 0 0
C@CP 2718 -0.0340200469 0.344205252 -0.181579743 0 0 0
C@CP 2719 0.364796509 -0.0738763232 -0.225010531 0 0 0
C@CP 2720 0.248330589 -0.090812443 0.385986699 0 0 0
C@CP 2721 -0.047829353 0.229652109 -0.216337105 0 0 0
C@CP 2722 -0.171015869 -0.309453754 -0.163794091 0 0 0
C@CP 2723 -0.0801685981 -0.0933517078 0.065344636 0 0 0
C@CP 2724 0.0711921794 0.0697415861 0.319111827 0 0 0
C@CP 2725 0.320504855 0.263588824 -0.183996637 0 0 0
C@CP 2726 0.0549322237 0.230622858 -0.1276232 0 0 0
C@CP 2727 -0.219368482 0.399225894 0.0122079432 0 0 0
C@CP 2728 0.153558748 -0.198890574 -0.168296712 0 0 0
C@CP 2729 0.213284873 -0.254275626 -0.170222993 0 0 0
C@CP 2730 0.0673140117 0.330529493 -0.0610559882 0 0 0
C@CP 2731 0.428551696 0.0746001315 -0.0854264267 0 0 0
C@CP 2732 -0.202074906 -0.254402909 -0.0839100223 0 0 0
C@CP 2733 -0.267109529 0.161318229 -0.236450526 0 0 0
C@CP 2734 -0.151835022 0.128031962 0.310491195 0 0 0
C@CP 2735 0.336629542 0.154937925 -0.0891379156 0 0 0
C@CP 2736 0.0895609265 0.286277273 -0.286639241 0 0 0
C@CP 2737 -0.433982073 0.084871074 -0.116367454 0 0 0
C@CP 2738 0.266724957 0.0164421381 0.330789633 0 0 0
C@CP 2739 -0.0449153453 0.314533474 0.201202435 0 0 0
C@CP 2740 -0.105041415 0.0720616518 0.0656403119 0 0 0
C@CP 2741 0.362125424 -0.00785668428 0.0681718906 0 0 0
C@CP 2742 0.478091486 0.0260260067 -0.0254693576 0 0 0
C@CP 2743 0.195171346 0.116859233 0.290677991 0 0 0
C@CP 2744 -0.296978075 0.045794656 -0.0530115334 0 0 0
C@CP 2745 0.218927101 -0.174648116 0.110973276 0 0 0
C@CP 2746 -0.107935296 0.34736835 -0.0194693838 0 0 0
C@CP 2747 0.388095709 -0.151942002 -0.11618826 0 0 0
C@CP 2748 -0.144126796 0.0102137081 0.277197465 0 0 0
C@CP 2749 -0.16256305 0.134403395 -0.42151123 0 0 0
C@CP 2750 -0.0595173329 -0.0911869853 -0.0140145254 0 0 0
C@CP 2751 0.00688110732 -0.0675632923 0.450398837 0 0 0
C@CP 2752 -0.178400821 0.239927352 -0.0877746607 0 0 0
C@CP 2753 0.207851411 -0.00886882846 0.318158831 0 0 0
C@CP 2754 0.00671935527 -0.133241242 -0.349641864 0 0 0
C@CP 2755 -0.00204849135 0.244183611 -0.388007087 0 0 0
C@CP 2756 -0.329469801 0.228245489 -0.212111735 0 0 0
C@CP 2757 -0.0752329845 0.0437661213 -0.412680182 0 0 0
C@CP 2758 -0.22710563 -0.0427638051 0.301391087 0 0 0
C@CP 2759 0.301548813 0.0798438743 -0.107331785 0 0 0
C@CP 2760 -0.122238385 0.43410354 0.118833814 0 0 0
C@CP 2761 0.196020935 -0.0790859153 -0.20192163 0 0 0
C@CP 2762 0.193817341 -0.316275813 0.215272346 0 0 0
C@CP 2763 -0.167560441 0.171537763 0.404294911 0 0 0
C@CP 2764 -0.21224763 0.206395412 0.0509342379 0 0 0
C@CP 2765 0.0012420273 0.386142901 0.152645064 0 0 0
C@CP 2766 -0.105207906 0.171178848 -0.316227489 0 0 0
C@CP 2767 0.15508598 -0.309135764 -0.279171585 0 0 0
C@CP 2768 0.17636358 -0.369557275 0.0184613819 0 0 0
C@CP 2769 -0.0222732328 -0.16976125 0.437782341 0 0 0
C@CP 2770 0.150823361 0.331506279 -0.163288317 0 0 0
C@CP 2771 0.259785742 -0.22417647 0.0581740699 0 0 0
C@CP 2772 -0.257356833 0.0413978963 0.246325681 0 0 0
C@CP 2773 -0.300265697 -0.146400754 0.330861447 0 0 0
C@CP 2774 -0.360221782 -0.226263785 0.12150804 0 0 0
C@CP 2775 -0.116088143 0.342797765 -0.0950901052 0 0 0
C@CP 2776 -0.27615667 -0.171432718 0.300960619 0 0 0
C@CP 2777 -0.161200101 0.103221888 -0.171781862 0 0 0
C@CP 2778 -0.0669374576 -0.222253902 -0.222972427 0 0 0
C@CP 2779 -0.201905637 -0.177038074 -0.00807053885 0 0 0
C@CP 2780 -0.0640819229 -0.0572524342 0.222785421 0 0 0
C@CP 2781 0.371315156 0.0892027606 -0.00647565606 0 0 0
C@CP 2782 -0.177696499 -0.179851017 -0.269168318 0 0 0
C@CP 2783 0.210566266 0.333348786 0.176830468 0 0 0
C@CP 2784 -0.199193077 0.130847302 -0.382987243 0 0 0
C@CP 2785 -0.274328284 0.0345463199 0.0802476902 0 0 0
C@CP 2786 0.212660283 0.196239791 -0.108214717 0 0 0
C@CP 2787 -0.32242851 -0.256808841 0.0722372383 0 0 0
C@CP 2788 0.0149742108 0.00581747615 0.408191508 0 0 0
C@CP 2789 -0.153162137 -0.39865673 0.125626404 0 0 0
C@CP 2790 -0.241059836 0.168967647 0.355325946 0 0 0
C@CP 2791 0.375447352 0.12438148 0.00162853618 0 0 0
C@CP 2792 -0.0328124645 0.147821459 0.42526837 0 0 0
C@CP 2793 0.239705574 -0.232802551 0.206313461 0 0 0
C@CP 2794 -0.190356121 0.19221468 0.307076346 0 0 0
C@CP 2795 -0.389999548 -0.113549143 0.0141661107 0 0 0
C@CP 2796 0.165359324 0.333436299 0.256692784 0 0 0
C@CP 2797 0.193970115 0.0341325049 0.0183505855 0 0 0
C@CP 2798 -0.344339922 0.11514146 -0.213343974 0 0 0
C@CP 2799 -0.0678062325 0.233265129 -0.411234236 0 0 0
C@CP 2800 -0.112323242 -0.266138236 -0.166378194 0 0 0
C@CP 2801 0.348243443 -0.069623492 -0.124709274 0 0 0
C@CP 2802 -0.246904646 0.0640245481 -0.0628255743 0 0 0
C@CP 2803 0.0180129306 0.274061727 0.279477654 0 0 0
C@CP 2804 -0.0721317539 0.184262418 -0.343063039 0 0 0
C@CP 2805 0.382777114 -0.242993577 -0.12545593 0 0 0
C@CP 2806 -0.253718759 -0.193476206 0.0899124231 0 0 0
C@CP 2807 -0.366672386 -0.0164039852 -0.0352740068 0 0 0
C@CP 2808 -0.137085469 0.322547451 -0.270453771 0 0 0
C@CP 2809 -0.00313079067 0.199248761 0.427336512 0 0 0
C@CP 2810 -0.203378234 -0.176621237 -0.13944756 0 0 0
C@CP 2811 0.149921951 -0.210005277 -0.170142471 0 0 0
C@CP 2812 -0.21836129 -0.0841549108 0.35985319 0 0 0
C@CP 2813 -0.0139004733 0.144218916 -0.119628542 0 0 0
C@CP 2814 -0.370194477 0.0312212168 0.0020984516 0 0 0
C@CP 2815 0.0442476475 -0.234915512 0.00272957381 0 0 0
C@CP 2816 -0.033277534 -0.0247805191 -0.341778317 0 0 0
C@CP 2817 0.369327047 -0.171722321 0.10702568 0 0 0
C@CP 2818 0.0962860767 -0.352648024 -0.298798051 0 0 0
C@CP 2819 -0.361109313 -0.145833675 -0.150076458 0 0 0
C@CP 2820 -0.388677476 -0.161469222 0.0286415336 0 0 0
C@CP 2821 0.0522301221 0.0744595039 0.0842818291 0 0 0
C@CP 2822 0.289396285 -0.0916928226 -0.147713779 0 0 0
C@CP 2823 0.182358279 0.12623287 -0.164548771 0 0 0
C@CP 2824 0.338564996 -0.0763580301 -0.307072546 0 0 0
C@CP 2825 0.140516726 0.269390223 0.200257781 0 0 0
C@CP 2826 -0.1045028 -0.236347465 -0.293561997 0 0 0
C@CP 2827 -0.346312852 0.281805006 -0.0223660502 0 0 0
C@CP 2828 0.0397300849 0.0185887366 0.10818096 0 0 0
C@CP 2829 -0.227207375 0.0567621029 -0.273585284 0 0 0
C@CP 2830 -0.111827931 -0.306736061 -0.314808818 0 0 0
C@CP 2831 0.062878996 -0.368888814 0.0902114824 0 0 0
C@CP 2832 0.353255185 -0.0165198162 -0.247409605 0 0 0
C@CP 2833 0.304235998 -0.0933027812 0.136227711 0 0 0
C@CP 2834 -0.257955732 -0.0142544895 -0.018534112 0 0 0
C@CP 2835 0.334188662 0.0663060504 -0.271287044 0 0 0
C@CP 2836 -0.37355487 -0.222719364 0.00413593923 0 0 0
C@CP 2837 0.248400727 -0.131241596 0.378259242 0 0 0
C@CP 2838 -0.0859506322 -0.364564648 0.140230883 0 0 0
C@CP 2839 0.172742548 0.234496063 0.0775142515 0 0 0
C@CP 2840 0.127495138 0.161497592 0.286811925 0 0 0
C@CP 2841 -0.0612493351 0.228545049 -0.20406557 0 0 0
C@CP 2842 0.0871669491 0.259304246 0.138867919 0 0 0
C@CP 2843 -0.12935886 0.161179143 -0.0175375178 0 0 0
C@CP 2844 -0.19008839 -0.310043322 -0.0035527377 0 0 0
C@CP 2845 0.0607882795 0.0501942086 0.167200449 0 0 0
C@CP 2846 0.00351745205 -0.259595697 -0.172723913 0 0 0
C@CP 2847 -0.347404357 -0.215779795 -0.157894963 0 0 0
C@CP 2848 0.0909877094 0.0345525266 0.166976467 0 0 0
C@CP 2849 -0.342549888 0.0557525723 0.0271769519 0 0 0
C@CP 2850 0.298761049 0.134237532 0.0992963372 0 0 0
C@CP 2851 0.222633691 -0.100040649 -0.198176311 0 0 0
C@CP 2852 0.0871577963 0.0756522745 0.188037356 0 0 0
C@CP 2853 0.300645782 0.0938966057 0.182677873 0 0 0
C@CP 2854 -0.178290612 -0.287781235 -0.110526889 0 0 0
C@CP 2855 -0.282823593 -0.252351864 0.0808344728 0 0 0
C@CP 2856 -0.057853323 -0.407243489 -0.0391062387 0 0 0
C@CP 2857 -0.0417988537 0.0814582024 0.0136161646 0 0 0
C@CP 2858 0.228184983 -0.124581586 -0.321120984 0 0 0
C@CP 2859 -0.105634785 0.00621413109 -0.270587912 0 0 0
C@CP 2860 0.106962783 -0.0594417591 -0.202362048 0 0 0
C@CP 2861 0.136485856 -0.0139236711 -0.233751352 0 0 0
C@CP 2862 0.0548093291 0.0574390153 -0.312055841 0 0 0
C@CP 2863 -0.0568673871 0.142856392 -0.402978757 0 0 0
C@CP 2864 -0.0826604073 0.266007246 -0.356237345 0 0 0
C@CP 2865 -0.200869977 0.378541711 -0.111450416 0 0 0
C@CP 2866 -0.0986004397 -0.122324356 0.260523407 0 0 0
C@CP 2867 0.141594579 0.18611805 0.296698988 0 0 0
C@CP 2868 0.219781971 0.329698613 0.211615986 0 0 0
C@CP 2869 0.164611832 0.0589690728 0.06593719 0 0 0
C@CP 2870 0.397668483 0.233241264 0.118146662 0 0 0
C@CP 2871 0.0219615811 0.143168392 0.0257159602 0 0 0
C@CP 2872 -0.17478415 -0.0307431078 0.294096859 0 0 0
C@CP 2873 -0.00249342769 -0.110452594 -0.018063791 0 0 0
C@CP 2874 0.212494754 0.323525983 -0.122272599 0 0 0
C@CP 2875 0.132199283 0.245678108 -0.1060561 0 0 0
C@CP 2876 -0.109342669 -0.115277806 0.421879674 0 0 0
C@CP 2877 -0.344910111 0.0203113187 -0.313494914 0 0 0
C@CP 2878 -0.0606476625 0.296980263 -0.364422414 0 0 0
C@CP 2879 0.116658738 0.0715467288 0.263831029 0 0 0
C@CP 2880 0.122965174 -0.448088112 0.0361135361 0 0 0
C@CP 2881 0.294302284 -0.0480456602 -0.0171752897 0 0 0
C@CP 2882 -0.181476958 -0.348521881 0.0866844365 0 0 0
C@CP 2883 -0.170417726 0.127060056 0.133391403 0 0 0
C@CP 2884 0.145616695 0.327875282 0.0337959715 0 0 0
C@CP 2885 0.172194647 -0.0478565586 0.377900775 0 0 0
C@CP 2886 -0.309298707 0.285528245 -0.0227636802 0 0 0
C@CP 2887 0.0519230134 0.184003364 -0.422375206 0 0 0
C@CP 2888 0.0117712658 -0.276466206 0.0696028843 0 0 0
C@CP 2889 -0.0292067707 -0.172471865 -0.122765591 0 0 0
C@CP 2890 0.18341245 -0.202274178 -0.3695506 0 0 0
C@CP 2891 0.282296002 -0.0278785511 0.032706847 0 0 0
C@CP 2892 0.217605978 0.32906372 -0.220884401 0 0 0
C@CP 2893 0.193450836 0.302863479 0.0447064067 0 0 0
C@CP 2894 0.0202229234 -0.0155622009 -0.244389529 0 0 0
C@CP 2895 -0.235563746 0.0542467589 -0.169226221 0 0 0
C@CP 2896 0.194668961 0.0471866653 -0.306638756 0 0 0
C@CP 2897 -0.0150690292 0.0104331501 0.0142553872 0 0 0
C@CP 2898 0.0244212894 -0.031364896 0.117632147 0 0 0
C@CP 2899 0.0072332917 -0.141598943 0.165887039 0 0 0
C@CP 2900 -0.301920093 0.138790471 0.0795499186 0 0 0
C@CP 2901 0.207737413 0.046467455 -0.0597065998 0 0 0
C@CP 2902 -0.257143498 -0.352979663 0.0441494915 0 0 0
C@CP 2903 0.35784113 0.253333939 0.188111808 0 0 0
C@CP 2904 0.208855483 0.202116016 0.272755213 0 0 0
C@CP 2905 0.328603661 0.135472054 0.121220096 0 0 0
C@CP 2906 -0.205767006 -0.103618653 -0.0699255072 0 0 0
C@CP 2907 -0.177377482 0.222448752 -0.219674237 0 0 0
C@CP 2908 0.173472172 0.358546502 0.228957935 0 0 0
C@CP 2909 -0.233923356 0.338478994 0.0515026424 0 0 0
C@CP 2910 -0.162765312 0.0919632195 -0.203290616 0 0 0
C@CP 2911 -0.282519664 0.239228984 0.0559060212 0 0 0
C@CP 2912 -0.239646978 -0.160269186 -0.050678968 0 0 0
C@CP 2913 0.220502602 -0.197705813 0.281838653 0 0 0
C@CP 2914 -0.108623626 -0.224857318 0.387568905 0 0 0
C@CP 2915 0.122651351 0.0996260548 0.230119819 0 0 0
C@CP 2916 -0.246320422 -0.327966171 -0.114456541 0 0 0
C@CP 2917 0.0598911418 0.142761985 -0.371727448 0 0 0
C@CP 2918 0.0059933203 -0.277213198 -0.0296244039 0 0 0
C@CP 2919 -0.374891795 -0.0146675329 0.154146135 0 0 0
C@CP 2920 -0.186920556 0.0839703977 0.41776208 0 0 0
C@CP 2921 0.261348821 -0.149560451 0.243513985 0 0 0
C@CP 2922 0.342525035 -0.150311783 -0.0172063374 0 0 0
C@CP 2923 -0.026778111 -0.0272101 0.471372429 0 0 0
C@CP 2924 -0.109430291 0.178961538 -0.188284507 0 0 0
C@CP 2925 0.159870767 -0.371354881 0.0872350216 0 0 0
C@CP 2926 -0.296025242 -0.00391752942 -0.00378457295 0 0 0
C@CP 2927 0.196231106 -0.377332913 0.166692631 0 0 0
C@CP 2928 0.290186408 -0.0923152214 0.285036106 0 0 0
C@CP 2929 -0.33168691 -0.309301574 -0.0356120043 0 0 0
C@CP 2930 0.062620406 0.0617901186 0.0353551725 0 0 0
C@CP 2931 -0.203130166 0.177530468 0.0550459572 0 0 0
C@CP 2932 0.0165393251 -0.144158509 0.0776823651 0 0 0
C@CP 2933 -0.0993462959 0.262260023 0.298772467 0 0 0
C@CP 2934 0.188841865 0.388067593 -0.197218158 0 0 0
C@CP 2935 0.260501821 -0.14127588 0.0318742599 0 0 0
C@CP 2936 0.286847258 -0.175963424 -0.0373303585 0 0 0
C@CP 2937 -0.216855282 -0.174315937 0.328822178 0 0 0
C@CP 2938 -0.291069797 0.069104186 -0.0747653463 0 0 0
C@CP 2939 -0.0829573891 0.000561780025 0.239408113 0 0 0
C@CP 2940 -0.278925338 -0.278504052 0.155931202 0 0 0
C@CP 2941 0.379150648 -0.174468744 0.0552752954 0 0 0
C@CP 2942 -0.373089258 0.246959575 0.119833187 0 0 0
C@CP 2943 -0.0987781908 -0.0278156456 0.0225121318 0 0 0
C@CP 2944 -0.166420766 0.293877971 0.219478354 0 0 0
C@CP 2945 -0.00507136451 0.246168731 0.360680124 0 0 0
C@CP 2946 -0.042330588 0.0354664145 0.12856783 0 0 0
C@CP 2947 -0.371315514 -0.0569304307 0.221960815 0 0 0
C@CP 2948 0.33031644 0.135506221 0.00223014052 0 0 0
C@CP 2949 0.0163243249 0.265698103 -0.317989481 0 0 0
C@CP 2950 -0.0783051795 0.0052692315 -0.381908254 0 0 0
C@CP 2951 0.0885821916 0.21706286 0.137779863 0 0 0
C@CP 2952 -0.313486147 -0.108799639 0.0736719554 0 0 0
C@CP 2953 -0.218352933 0.114953587 -0.0447880924 0 0 0
C@CP 2954 -0.0234887221 -0.365940261 -0.283762309 0 0 0
C@CP 2955 0.148423003 0.344183626 -0.10256259 0 0 0
C@CP 2956 0.201225396 0.168519995 0.178564542 0 0 0
C@CP 2957 -0.0555135474 -0.115503529 -0.438678751 0 0 0
C@CP 2958 -0.221464743 -0.190555028 0.112344456 0 0 0
C@CP 2959 0.234827896 -0.0402253547 -0.38203679 0 0 0
C@CP 2960 0.101819528 0.185212224 -0.0874107126 0 0 0
C@CP 2961 -0.113309955 -0.30476588 -0.14410634 0 0 0
C@CP 2962 -0.08528192 0.159026169 0.0187813487 0 0 0
C@CP 2963 0.235441359 -0.272239638 -0.0513703146 0 0 0
C@CP 2964 0.34344508 -0.219048799 0.122396546 0 0 0
C@CP 2965 -0.406500341 0.00495392805 -0.108029492 0 0 0
C@CP 2966 0.20293436 0.00841873508 0.327327935 0 0 0
C@CP 2967 0.152304496 -0.361906406 -0.122996079 0 0 0
C@CP 2968 0.364527215 -0.0417467952 0.045268978 0 0 0
C@CP 2969 -0.192774966 0.411402948 -0.0668772872 0 0 0
C@CP 2970 -0.076680466 -0.384563811 0.186479789 0 0 0
C@CP 2971 0.0905921986 0.0686136581 0.0522593871 0 0 0
C@CP 2972 0.214422246 0.208773663 0.081022073 0 0 0
C@CP 2973 -0.0395918597 0.145867853 -0.122614848 0 0 0
C@CP 2974 -0.298851555 -0.0864088726 -0.164961704 0 0 0
C@CP 2975 -0.115276196 0.282275826 0.315365575 0 0 0
C@CP 2976 -0.0393500402 0.35510851 -0.244734217 0 0 0
C@CP 2977 -0.0596856805 0.0304851766 -0.447985048 0 0 0
C@CP 2978 -0.00598008718 -0.0828422386 -0.297967752 0 0 0
C@CP 2979 -0.00379462482 -0.212495618 0.335608645 0 0 0
C@CP 2980 0.352861925 0.137223561 -0.201067748 0 0 0
C@CP 2981 -0.349294369 -0.225319854 0.159040368 0 0 0
C@CP 2982 -0.093495186 -0.127278409 -0.149903588 0 0 0
C@CP 2983 -0.294747504 0.337712664 0.042586471 0 0 0
C@CP 2984 -0.0238989493 0.284651096 -0.0821215599 0 0 0
C@CP 2985 -0.135684295 0.257411855 -0.163449072 0 0 0
C@CP 2986 0.114825353 -0.272559278 -0.0325989511 0 0 0
C@CP 2987 -0.0403596307 -0.0150536547 -0.346067897 0 0 0
C@CP 2988 0.0165885177 -0.291380331 0.0961773727 0 0 0
C@CP 2989 -0.411229163 -0.0551913359 -0.0410687214 0 0 0
C@CP 2990 0.237748639 0.151111326 0.220034457 0 0 0
C@CP 2991 0.178878999 -0.304482302 0.105479917 0 0 0
C@CP 2992 0.0590237519 -0.434464072 -0.105953763 0 0 0
C@CP 2993 -0.24207067 0.0862151772 0.287456136 0 0 0
C@CP 2994 -0.0800573194 -0.0542645556 0.223036604 0 0 0
C@CP 2995 -0.204187561 -0.0184968827 -0.194733979 0 0 0
C@CP 2996 -0.221916851 0.115753604 0.107069974 0 0 0
C@CP 2997 0.245473769 -0.300725283 0.10172517 0 0 0
C@CP 2998 -0.243873154 0.233296748 -0.0369473949 0 0 0
C@CP 2999 -0.280784071 0.143280198 0.0679348384 0 0 0
C@CP 3000 0.257010867 0.234152357 0.0336893016 0 0 0
C@CP 3001 -0.216851198 0.119354287 -0.150952287 0 0 0
C@CP 3002 0.0874947265 0.347595482 0.06887126 0 0 0
C@CP 3003 0.469403302 0.0387294012 -0.00268561354 0 0 0
C@CP 3004 0.228817209 0.0510377746 -0.175706444 0 0 0
C@CP 3005 0.145412934 0.0862797983 -0.435816841 0 0 0
C@CP 3006 -0.345661934 0.200918315 -0.238746133 0 0 0
C@CP 3007 0.121168319 -0.181800915 0.412491026 0 0 0
C@CP 3008 0.0331946048 -0.225678133 0.194221221 0 0 0
C@CP 3009 0.139928252 -0.139543774 0.140856016 0 0 0
C@CP 3010 0.352849547 -0.254789763 0.0835087134 0 0 0
C@CP 3011 -0.0944888738 0.0729583866 0.200492997 0 0 0
C@CP 3012 0.00791931087 0.010166063 -0.0538967638 0 0 0
C@CP 3013 0.155913001 -0.0610709269 0.274665071 0 0 0
C@CP 3014 0.0565729847 0.0147160771 -0.214284843 0 0 0
C@CP 3015 0.158705612 -0.138609225 0.181909418 0 0 0
C@CP 3016 -0.117297086 -0.206843913 -0.151565308 0 0 0
C@CP 3017 -0.298943482 0.178642961 -0.0945214508 0 0 0
C@CP 3018 0.172039874 -0.208158258 -0.314346991 0 0 0
C@CP 3019 -0.208038786 -0.39159056 0.0812976692 0 0 0
C@CP 3020 -0.0243022114 0.0276589297 -0.411390717 0 0 0
C@CP 3021 -0.298067186 0.238556216 0.125389919 0 0 0
C@CP 3022 0.137597662 0.180800335 -0.29866468 0 0 0
C@CP 3023 -0.259769401 -0.0311349254 -0.190239928 0 0 0
C@CP 3024 -0.0652727419 -0.24330223 0.257383183 0 0 0
C@CP 3025 -0.00166684948 -0.0136598542 -0.406449926 0 0 0
C@CP 3026 -0.0442574636 -0.334133254 -0.310654996 0 0 0
C@CP 3027 -0.132176999 -0.0351955407 -0.332969573 0 0 0
C@CP 3028 0.0454648996 -0.177576905 -0.161929189 0 0 0
C@CP 3029 -0.172678235 -0.333241021 -0.275574406 0 0 0
C@CP 3030 0.241676829 -0.0915998293 -0.192955306 0 0 0
C@CP 3031 -0.283777124 0.340981674 0.0247413356 0 0 0
C@CP 3032 -0.384457545 -0.181842149 0.0563597441 0 0 0
C@CP 3033 0.331145394 0.144578912 0.145569054 0 0 0
C@CP 3034 -0.402764529 0.232366204 -0.106936211 0 0 0
C@CP 3035 0.216839228 -0.195853517 0.0601353166 0 0 0
C@CP 3036 0.00898516106 -0.389171369 -0.138873714 0 0 0
C@CP 3037 -0.197694909 -0.102478868 0.130681981 0 0 0
C@CP 3038 0.320562798 0.223417102 -0.0694908381 0 0 0
C@CP 3039 0.0754011652 0.0528615897 0.236115686 0 0 0
C@CP 3040 -0.357784547 -0.173029667 -0.132429949 0 0 0
C@CP 3041 -0.209181825 -0.191540815 -0.0903290452 0 0 0
C@CP 3042 -0.259307689 0.119444847 0.0915359054 0 0 0
C@CP 3043 -0.284237856 -0.0200102425 0.169636796 0 0 0
C@CP 3044 0.0597676313 -0.363894857 0.0177132023 0 0 0
C@CP 3045 0.243537396 0.253486767 -0.0604016426 0 0 0
C@CP 3046 -0.0121167844 -0.208198932 0.373617244 0 0 0
C@CP 3047 0.115385709 0.36797597 0.27323433 0 0 0
C@CP 3048 0.44503959 -0.0383303731 -0.0743049876 0 0 0
C@CP 3049 -0.190947838 0.138913541 -0.139760551 0 0 0
C@CP 3050 -0.235453525 -0.0987534888 0.206857733 0 0 0
C@CP 3051 -0.245892609 -0.069977134 -0.344351461 0 0 0
C@CP 3052 -0.0091964486 0.0445151021 0.178671395 0 0 0
C@CP 3053 0.127477902 -0.319883288 -0.178283165 0 0 0
C@CP 3054 -0.0942524451 0.197412137 -0.235405108 0 0 0
C@CP 3055 -0.013266604 0.350219792 -0.0103182101 0 0 0
C@CP 3056 -0.321649115 0.0827210524 0.315030675 0 0 0
C@CP 3057 0.301616226 0.172412829 -0.106152474 0 0 0
C@CP 3058 0.126824801 -0.324908252 0.298433534 0 0 0
C@CP 3059 0.241006612 0.180752903 -0.19952535 0 0 0
C@CP 3060 -0.0180647583 0.223461392 -0.353570169 0 0 0
C@CP 3061 -0.382356374 0.160656881 -0.0117664739 0 0 0
C@CP 3062 -0.192838177 0.331552011 0.106270024 0 0 0
C@CP 3063 0.214600912 0.263217837 0.195798028 0 0 0
C@CP 3064 -0.0236800799 0.00542605183 -0.160972649 0 0 0
C@CP 3065 0.0427090001 -0.0464098998 0.27583423 0 0 0
C@CP 3066 0.0542560882 0.0570329756 0.288050113 0 0 0
C@CP 3067 -0.0837891292 0.017082145 0.2106253 0 0 0
C@CP 3068 0.0361327635 -0.0463753787 -0.00332606852 0 0 0
C@CP 3069 0.0367105935 0.0348710358 -0.040142263 0 0 0
C@CP 3070 0.111146926 0.0185759604 0.240572979 0 0 0
C@CP 3071 -0.262166306 -0.00627179703 0.334572335 0 0 0
C@CP 3072 0.21933747 0.124600598 0.144828303 0 0 0
C@CP 3073 -0.0371805848 0.302367226 0.351715631 0 0 0
C@CP 3074 0.37190094 -0.125195531 0.0262096998 0 0 0
C@CP 3075 0.210838214 -0.357129528 -0.11085748 0 0 0
C@CP 3076 -0.251242676 0.414322411 -0.0137377052 0 0 0
C@CP 3077 0.148535017 0.263230658 0.280707425 0 0 0
C@CP 3079 -0.0420253436 0.00167353209 0.181229097 0 0 0
C@CP 3080 0.274809435 0.212398212 -0.0954183731 0 0 0
C@CP 3081 0.369343884 0.12890604 0.145813664 0 0 0
C@CP 3082 -0.0482949412 0.027846947 0.285740788 0 0 0
C@CP 3083 0.151172703 0.158713812 0.24914851 0 0 0
C@CP 3084 0.306451689 -0.236548746 -0.207393002 0 0 0
C@CP 3085 0.0940751268 0.00365992738 -0.167651058 0 0 0
C@CP 3086 0.0322435668 -0.311409009 -0.240472702 0 0 0
C@CP 3087 -0.294763899 -0.208268955 -0.126889203 0 0 0
C@CP 3088 0.335394969 -0.00961114028 0.11658246 0 0 0
C@CP 3089 0.348238924 -0.100210896 -0.188121543 0 0 0
C@CP 3090 -0.0548206702 0.0750810658 0.405329777 0 0 0
C@CP 3091 -0.436160563 -0.106562644 -0.0595258019 0 0 0
C@CP 3092 0.256767389 -0.131160911 0.388181333 0 0 0
C@CP 3093 -0.21634762 0.208252136 -0.282491275 0 0 0
C@CP 3094 -0.0774826907 -0.330961885 -0.21603907 0 0 0
C@CP 3095 0.152653646 0.0325632756 0.111815775 0 0 0
C@CP 3096 -0.142806826 0.0248439398 -0.0426024332 0 0 0
C@CP 3097 -0.168546176 0.219021601 0.319711756 0 0 0
C@CP 3098 0.136660435 0.201071859 -0.25847653 0 0 0
C@CP 3099 0.252065034 -0.0294019547 -0.333873076 0 0 0
C@CP 3100 0.00924990703 -0.392098351 -0.0123877055 0 0 0
C@CP 3101 -0.129177986 0.015972894 0.0855468719 0 0 0
C@CP 3102 -0.363385768 -0.0448425782 -0.0737667596 0 0 0
C@CP 3103 -0.130419673 -0.32911927 -0.220488807 0 0 0
C@CP 3104 -0.257041559 -0.124414417 0.194068032 0 0 0
C@CP 3105 0.157039926 0.274500861 0.205768105 0 0 0
C@CP 3106 -0.0263617148 0.186000238 -0.330759912 0 0 0
C@CP 3107 -0.426395737 0.0707460896 0.18053955 0 0 0
C@CP 3108 0.0910027396 -0.0956941587 -0.366981214 0 0 0
C@CP 3109 -0.0725874103 -0.332657887 -0.187462567 0 0 0
C@CP 3110 0.00649251052 0.00653600178 -0.266382262 0 0 0
C@CP 3111 0.0390894903 -0.191399705 0.133951806 0 0 0
C@CP 3112 -0.140578888 -0.329079437 -0.240169147 0 0 0
C@CP 3113 -0.189793874 0.275735362 -0.15001408 0 0 0
C@CP 3114 -0.216609394 0.303963065 -0.0295884411 0 0 0
C@CP 3115 -0.239316711 -0.130795242 -0.0301479205 0 0 0
C@CP 3116 -0.248933648 -0.294728735 -0.15397718 0 0 0
C@CP 3117 -0.158803077 -0.124132925 -0.370565368 0 0 0
C@CP 3118 0.223344689 0.0447310471 -0.0337344164 0 0 0
C@CP 3119 0.433536602 0.0026689969 -0.176436354 0 0 0
C@CP 3120 -0.444915326 0.0110746665 -0.165680111 0 0 0
C@CP 3121 0.166795505 -0.133697922 -0.366119944 0 0 0
C@CP 3122 -0.0127197077 0.105772207 -0.455451661 0 0 0
C@CP 3123 0.118329587 0.0665491316 -0.2759747 0 0 0
C@CP 3124 -0.164687633 -0.175057739 -0.194113448 0 0 0
C@CP 3125 0.190368233 -0.241900021 0.242869888 0 0 0
C@CP 3126 0.397853207 0.0988479656 -0.00101913793 0 0 0
C@CP 3127 -0.297694401 0.0212006704 -0.252927854 0 0 0
C@CP 3128 0.282912389 -0.380378446 -0.0323774066 0 0 0
C@CP 3129 -0.216033832 0.145165265 -0.148093343 0 0 0
C@CP 3130 0.0783237232 0.0141211889 -0.0712856111 0 0 0
C@CP 3131 -0.374751644 -0.137824556 -0.158751063 0 0 0
C@CP 3132 0.372215621 -0.127941188 0.234809143 0 0 0
C@CP 3133 0.111984037 -0.0979715892 0.0338917119 0 0 0
C@CP 3134 -0.0116678192 0.144535467 -0.417543088 0 0 0
C@CP 3135 -0.101638858 0.0636408543 -0.110627733 0 0 0
C@CP 3136 0.282533913 -0.0331715926 0.258272231 0 0 0
C@CP 3137 0.0614895523 -0.00982905601 -0.460726833 0 0 0
C@CP 3138 0.0142758591 -0.162720166 0.333100567 0 0 0
C@CP 3139 0.121085865 0.362108758 -0.0428071222 0 0 0
C@CP 3140 0.104129725 -0.078237316 -0.431291511 0 0 0
C@CP 3141 0.140820059 -0.111911499 -0.246647741 0 0 0
C@CP 3142 -0.154149195 0.138553165 0.0705598846 0 0 0
C@CP 3143 0.28964925 0.30446468 -0.101968244 0 0 0
C@CP 3144 0.0296339027 -0.252537969 -0.17944088 0 0 0
C@CP 3145 0.177061908 -0.272032016 0.331480882 0 0 0
C@CP 3146 -0.020425794 0.291890534 -0.261596207 0 0 0
C@CP 3147 -0.040128112 -0.32185257 -0.283484113 0 0 0
C@CP 3148 0.213560892 -0.103255486 0.0393682528 0 0 0
C@CP 3149 0.0227866869 -0.205271433 0.406869141 0 0 0
C@CP 3150 0.0928709017 -0.37837092 0.0455260078 0 0 0
C@CP 3151 -0.121852773 0.144101936 -0.353755054 0 0 0
C@CP 3152 0.0878174536 -0.0712628175 -0.218569275 0 0 0
C@CP 3153 -0.00884275247 -0.283663256 -0.291566938 0 0 0
C@CP 3154 -0.122668367 0.197354994 0.3903647 0 0 0
C@CP 3155 -0.0926890564 0.287690525 0.160934384 0 0 0
C@CP 3156 -0.242675795 -0.0979437351 0.210714879 0 0 0
C@CP 3157 -0.211025496 0.239714206 0.286141226 0 0 0
C@CP 3158 0.158433357 0.385665345 0.156339767 0 0 0
C@CP 3159 -0.115684929 -0.02738391 -0.297022017 0 0 0
C@CP 3160 0.221916139 -0.0396469371 -0.272026393 0 0 0
C@CP 3161 0.30589949 -0.0680793283 -0.255054776 0 0 0
C@CP 3162 -0.116606998 0.119311868 0.0770922104 0 0 0
C@CP 3163 0.222166027 0.0340441062 -0.177945719 0 0 0
C@CP 3164 0.0115065508 -0.353494333 -0.262157851 0 0 0
C@CP 3165 -0.291759999 0.0700252178 -0.313891867 0 0 0
C@CP 3166 -0.269538527 0.176158725 0.198916589 0 0 0
C@CP 3167 -0.0319651997 -0.00312737902 0.055700818 0 0 0
C@CP 3168 0.00443952023 -0.125395838 -0.139257048 0 0 0
C@CP 3169 -0.113564587 0.379556661 0.0889065751 0 0 0
C@CP 3170 0.355078511 -0.0363893941 0.177243499 0 0 0
C@CP 3171 -0.00938374373 -0.301453031 -0.314548727 0 0 0
C@CP 3172 -0.0668419007 -0.172958115 0.352024146 0 0 0
C@CP 3173 -0.0148649424 0.0447108139 0.39967307 0 0 0
C@CP 3174 0.246991457 -0.0295911214 0.0127760118 0 0 0
C@CP 3175 0.0656960189 0.103575376 0.0161831653 0 0 0
C@CP 3176 -0.453426419 -0.0283211883 -0.0768574363 0 0 0
C@CP 3177 -0.273353436 -0.285936525 -0.164580562 0 0 0
C@CP 3178 -0.309050219 0.0711261835 0.182741317 0 0 0
C@CP 3179 -0.23275867 -0.209259964 -0.119777938 0 0 0
C@CP 3180 0.054952803 0.292511145 0.0145896421 0 0 0
C@CP 3181 -0.20988709 -0.188889386 -0.333266485 0 0 0
C@CP 3182 0.293776966 -0.220055289 0.145387283 0 0 0
C@CP 3183 -0.0277984581 0.228185066 -0.389928963 0 0 0
C@CP 3184 0.0606250109 -0.231493364 -0.058401416 0 0 0
C@CP 3185 -0.0235270915 0.0143225805 0.281335474 0 0 0
C@CP 3186 0.179438936 0.357040922 0.15361501 0 0 0
C@CP 3187 -0.232161982 -0.0266480416 -0.113572073 0 0 0
C@CP 3188 0.308238454 -0.168190351 0.0397940108 0 0 0
C@CP 3189 -0.291549399 0.0991395179 0.0234065938 0 0 0
C@CP 3190 -0.237197613 -0.137924935 0.00279433934 0 0 0
C@CP 3191 0.00730603302 0.156245729 -0.161869347 0 0 0
C@CP 3192 0.00707222625 0.330152381 0.251955663 0 0 0
C@CP 3193 0.374843536 0.192676898 0.0907782825 0 0 0
C@CP 3194 0.257808927 0.088704948 -0.132500485 0 0 0
C@CP 3195 -0.140228878 0.143144956 -0.40374586 0 0 0
C@CP 3196 -0.158572244 -0.0866971881 0.408997874 0 0 0
C@CP 3197 0.145932713 -0.118180188 -0.342888278 0 0 0
C@CP 3198 0.0367180359 0.0569045428 -0.0965136161 0 0 0
C@CP 3199 -0.12388082 -0.211070275 -0.238448512 0 0 0
C@CP 3200 -0.147066065 -0.358110613 -0.237316051 0 0 0
C@CP 3201 0.201464639 0.299239938 0.205879689 0 0 0
C@CP 3203 0.115047922 -0.259725995 0.329516 0 0 0
C@CP 3204 -0.296823872 -0.0454473432 0.109664047 0 0 0
C@CP 3205 -0.412503181 -0.022639816 0.112916491 0 0 0
C@CP 3206 -0.0722279506 0.39671177 0.0885500515 0 0 0
C@CP 3207 0.352228178 -0.126760421 0.202334568 0 0 0
C@CP 3208 -0.210298505 0.285308452 0.196669574 0 0 0
C@CP 3209 -0.178523955 -0.219396707 -0.0689878737 0 0 0
C@CP 3210 -0.11617622 -0.433603558 -0.0143939313 0 0 0
C@CP 3211 0.288657066 -0.202330967 0.260161452 0 0 0
C@CP 3212 0.407259568 0.187342851 0.0275715369 0 0 0
C@CP 3213 0.312490871 0.124611355 0.217283954 0 0 0
C@CP 3214 -0.0756712978 0.367620616 -0.225089208 0 0 0
C@CP 3215 -0.330684029 -0.12081737 0.0880815429 0 0 0
C@CP 3216 -0.067173964 -0.216946786 -0.350788799 0 0 0
C@CP 3217 -0.0321934922 0.176471632 0.230576154 0 0 0
C@CP 3218 -0.0704587861 0.366029175 -0.261432004 0 0 0
C@CP 3219 0.0256366901 -0.0146824173 -0.455842669 0 0 0
C@CP 3220 -0.0733506942 0.161068889 0.284860967 0 0 0
C@CP 3221 0.205912098 -0.191305908 0.0981967586 0 0 0
C@CP 3222 0.243261163 0.120128096 0.322891405 0 0 0
C@CP 3223 -0.253808213 0.340153032 -0.157630529 0 0 0
C@CP 3224 0.281346801 -0.289159302 -0.012611822 0 0 0
C@CP 3225 -0.00176321385 -0.109456567 0.12407299 0 0 0
C@CP 3226 -0.379793476 0.191611955 -0.187762181 0 0 0
C@CP 3227 0.0312899048 -0.28554085 -0.325189387 0 0 0
C@CP 3228 -0.0599378487 -0.0681682118 -0.0941580231 0 0 0
C@CP 3229 0.103739509 0.388312273 0.0540121668 0 0 0
C@CP 3230 -0.0941006808 -0.144724387 -0.281974653 0 0 0
C@CP 3231 0.368816619 -0.0733566888 -0.123967501 0 0 0
C@CP 3232 -0.191715365 -0.22786262 -0.203712133 0 0 0
C@CP 3233 -0.295179859 -0.14084023 -0.00808375507 0 0 0
C@CP 3234 -0.113023274 -0.379024415 0.259185737 0 0 0
C@CP 3235 0.270839162 -0.205273205 -0.285000256 0 0 0
C@CP 3236 -0.0774089544 -0.232205034 0.28463339 0 0 0
C@CP 3237 0.0790639649 -0.00229680515 0.213513888 0 0 0
C@CP 3238 -0.11272894 0.0191066406 0.296326527 0 0 0
C@CP 3239 -0.118100594 -0.176347223 0.416714004 0 0 0
C@CP 3240 0.134862393 -0.363671594 0.246378274 0 0 0
C@CP 3241 -0.189504871 -0.160024681 -0.302738846 0 0 0
C@CP 3242 0.0214210745 0.358292426 0.0896320975 0 0 0
C@CP 3243 0.242685816 0.172136898 -0.246305153 0 0 0
C@CP 3244 0.211247278 0.194922388 0.150045263 0 0 0
C@CP 3245 -0.35710848 0.199559324 -0.194807715 0 0 0
C@CP 3246 0.0703812668 0.198968596 -0.248083446 0 0 0
C@CP 3247 -0.192700235 -0.141100538 -0.276291593 0 0 0
C@CP 3248 0.254401881 0.176081885 0.304342668 0 0 0
C@CP 3249 0.366770152 0.150018762 -0.139694164 0 0 0
C@CP 3250 0.219308562 -0.0676973576 -0.215802023 0 0 0
C@CP 3251 -0.00769104743 -0.225486366 0.0234938973 0 0 0
C@CP 3252 -0.00213336814 0.235529237 0.362898423 0 0 0
C@CP 3253 -0.300440169 -0.0969468677 -0.131093706 0 0 0
C@CP 3254 0.166481543 0.195045803 -0.137613286 0 0 0
C@CP 3255 0.0305590251 0.279707109 -0.163615086 0 0 0
C@CP 3256 -0.241556834 0.151669993 -0.245104379 0 0 0
C@CP 3257 -0.208561613 -0.123646216 -0.323956094 0 0 0
C@CP 3258 -0.258275653 -0.3731183 -0.0200995555 0 0 0
C@CP 3259 -0.148529884 -0.329080926 0.235404063 0 0 0
C@CP 3260 -0.00172991524 -0.294285469 -0.339527632 0 0 0
C@CP 3261 0.0160724323 -0.341595224 -0.225054962 0 0 0
C@CP 3262 0.132344208 -0.393970267 -0.239423808 0 0 0
C@CP 3263 0.329863851 -0.0991734331 0.0415353904 0 0 0
C@CP 3264 0.00212413287 -0.0329260897 -0.457227176 0 0 0
C@CP 3265 -0.226269587 0.104027776 -0.0908466863 0 0 0
C@CP 3266 -0.184286258 0.190976139 0.256863184 0 0 0
C@CP 3267 -0.344379618 0.0568199079 0.034861468 0 0 0
C@CP 3268 -0.171044742 -0.0931702447 0.249767241 0 0 0
C@CP 3269 -0.131125122 0.226819455 -0.218806309 0 0 0
C@CP 3270 -0.187318214 -0.0983793189 -0.378918831 0 0 0
C@CP 3271 -0.0849981107 0.0186761136 -0.270194748 0 0 0
C@CP 3272 0.0490887078 0.107542757 -0.328128805 0 0 0
C@CP 3273 0.222964759 0.0919972734 -0.159867895 0 0 0
C@CP 3274 0.111531873 -0.336327313 -0.311930783 0 0 0
C@CP 3275 0.3231607 -0.191974182 -0.264216252 0 0 0
C@CP 3277 -0.34537936 0.00950345626 -0.174919461 0 0 0
C@CP 3278 -0.100182669 0.169928734 0.304672894 0 0 0
C@CP 3279 -0.0586685726 0.374951719 -0.0635425382 0 0 0
C@CP 3280 0.111141051 0.0504139688 -0.168683397 0 0 0
C@CP 3281 -0.294848826 0.220497439 0.0167650796 0 0 0
C@CP 3282 0.112630408 0.207007575 0.152711539 0 0 0
C@CP 3283 0.086430443 0.104377347 0.377950411 0 0 0
C@CP 3284 -0.001849512 -0.176290294 -0.324427607 0 0 0
C@CP 3285 0.0588563861 -0.190151978 0.150573912 0 0 0
C@CP 3286 -0.11133796 -0.222324776 -0.152058725 0 0 0
C@CP 3287 0.190094691 0.00502286537 -0.284060819 0 0 0
C@CP 3288 0.0942102369 -0.125274023 0.0422709079 0 0 0
C@CP 3289 0.33824068 -0.10551055 0.107578349 0 0 0
C@CP 3290 -0.110353827 0.396431348 -0.0113004432 0 0 0
C@CP 3291 0.188563064 -0.313794033 0.163641314 0 0 0
C@CP 3292 -0.0993064852 -0.12905193 0.20515877 0 0 0
C@CP 3293 -0.122063017 0.254213629 0.182478608 0 0 0
C@CP 3295 -0.118354572 0.214116052 -0.0497512179 0 0 0
C@CP 3296 0.113034948 0.418983554 0.135824815 0 0 0
C@CP 3297 -0.106499603 -0.0679646981 -0.189864864 0 0 0
C@CP 3298 -0.32182493 0.135226198 -0.294886249 0 0 0
C@CP 3299 -0.151165858 0.209416067 -0.108214223 0 0 0
C@CP 3300 -0.148127543 -0.183396271 -0.180458093 0 0 0
C@CP 3301 0.391097809 -0.173592864 -0.142664604 0 0 0
C@CP 3302 0.082463623 -0.212446615 0.107081533 0 0 0
C@CP 3303 0.217024433 -0.352431915 -0.220506588 0 0 0
C@CP 3304 -0.238203558 0.0537997753 0.0919606803 0 0 0
C@CP 3305 -0.389763186 0.113018528 -0.109251776 0 0 0
C@CP 3306 0.0767783733 -0.425689505 -0.116332502 0 0 0
C@CP 3307 -0.185027185 -0.286277281 -0.190555096 0 0 0
C@CP 3308 0.247887314 0.0273944833 0.281229801 0 0 0
C@CP 3309 -0.34263371 -0.120322638 0.0267635371 0 0 0
C@CP 3310 -0.200700589 -0.233852349 0.118867687 0 0 0
C@CP 3311 0.0245642995 0.254783663 0.174881929 0 0 0
C@CP 3312 -0.176034504 -0.166686923 -0.025067644 0 0 0
C@CP 3313 -0.333056251 -0.095823155 -0.00182990392 0 0 0
C@CP 3314 0.251612102 -0.0288311762 0.298300761 0 0 0
C@CP 3315 0.22796612 -0.182161447 -0.223870889 0 0 0
C@CP 3316 -0.146101214 -0.1173057 0.207716468 0 0 0
C@CP 3317 0.027106843 -0.123609928 -0.0577749206 0 0 0
C@CP 3318 0.281048296 -0.242290164 -0.0829630707 0 0 0
C@CP 3319 0.113686249 -0.188954079 0.169927717 0 0 0
C@CP 3320 0.0901327512 -0.280355105 0.295176506 0 0 0
C@CP 3321 -0.0822933917 0.362646056 -0.24315189 0 0 0
C@CP 3322 0.197629416 0.131925055 -0.374682723 0 0 0
C@CP 3323 -0.356746971 -0.082832106 -0.0598147315 0 0 0
C@CP 3324 0.280327746 0.154721632 -0.0760585227 0 0 0
C@CP 3325 -0.0907286104 -0.111072464 -0.341857046 0 0 0
C@CP 3326 0.183788396 -0.262153878 -0.0266989114 0 0 0
C@CP 3327 0.0979466874 -0.42722655 -0.114203178 0 0 0
C@CP 3328 0.360217376 0.266957337 0.163187783 0 0 0
C@CP 3329 -0.0158759893 -0.145590764 0.389323374 0 0 0
C@CP 3330 -0.24021511 0.0474377395 0.162024034 0 0 0
C@CP 3331 0.341048706 -0.0305393938 0.193355217 0 0 0
C@CP 3332 -0.171288577 -0.0436133116 0.0691848489 0 0 0
C@CP 3333 0.364595906 -0.223202458 0.149431624 0 0 0
C@CP 3334 -0.0551021147 -0.0330854339 -0.0590290679 0 0 0
C@CP 3335 -0.406045257 -0.0222339056 0.220424683 0 0 0
C@CP 3336 -0.110375754 0.441142511 0.0647282859 0 0 0
C@CP 3337 0.053192154 0.105275035 0.0557074745 0 0 0
C@CP 3338 0.0745370556 0.30370154 0.343486366 0 0 0
C@CP 3339 0.21829481 -0.307655256 0.202747796 0 0 0
C@CP 3340 -0.0767475757 -0.267811248 -0.125498078 0 0 0
C@CP 3341 -0.0844243256 -0.198616752 0.263942009 0 0 0
C@CP 3342 -0.260726592 0.127079242 -0.377932861 0 0 0
C@CP 3343 -0.112439504 0.345667609 -0.139648319 0 0 0
C@CP 3344 -0.260724439 -0.228207668 0.214626639 0 0 0
C@CP 3345 -0.0618560286 0.0784909138 0.350054809 0 0 0
C@CP 3346 0.155052509 -0.332375582 0.093453864 0 0 0
C@CP 3347 -0.0244529062 -0.21797472 -0.370112645 0 0 0
C@CP 3348 -0.126279366 0.190926919 -0.392258101 0 0 0
C@CP 3349 -0.232388194 0.0906406659 0.302747902 0 0 0
C@CP 3350 -0.0434523336 -0.379431571 -0.0714774371 0 0 0
C@CP 3351 0.231205519 -0.0481065035 -0.401119476 0 0 0
C@CP 3353 -0.311050272 0.274821612 -0.00854594286 0 0 0
C@CP 3354 -0.294964606 -0.059627703 -0.272361369 0 0 0
C@CP 3355 -0.128507022 0.240610179 0.202233524 0 0 0
C@CP 3356 0.0272602658 0.411174866 0.139950663 0 0 0
C@CP 3357 -0.283003837 -0.0172607563 -0.268925183 0 0 0
C@CP 3358 -0.236771332 0.105625159 0.216038559 0 0 0
C@CP 3359 0.0203606808 -0.0730710788 -0.0288003661 0 0 0
C@CP 3360 -0.11736823 0.132304134 -0.0455386449 0 0 0
C@CP 3361 -0.269731349 -0.225379078 -0.255115518 0 0 0
C@CP 3362 -0.314583095 0.343193069 0.0434520464 0 0 0
C@CP 3363 -0.23635174 -0.258557573 -0.192051625 0 0 0
C@CP 3364 -0.00517720042 0.177548825 0.406998964 0 0 0
C@CP 3365 -0.056750827 0.232339403 -0.0867653246 0 0 0
C@CP 3366 -0.0430320335 -0.146455317 -0.0958651209 0 0 0
C@CP 3367 0.00135193576 -0.0972654791 -0.0726660666 0 0 0
C@CP 3368 0.0144650849 0.408633146 0.136569634 0 0 0
C@CP 3369 0.164384571 -0.147767575 0.219520707 0 0 0
C@CP 3370 0.389291954 -0.00803413871 -0.27762688 0 0 0
C@CP 3371 -0.0197820446 0.174907053 0.3501376 0 0 0
C@CP 3372 0.232768716 0.232878193 -0.222566635 0 0 0
C@CP 3373 0.115905387 -0.361919923 -0.0608777998 0 0 0
C@CP 3374 0.342097394 0.115489435 -0.28748155 0 0 0
C@CP 3375 -0.360681601 -0.0684414223 -0.149028259 0 0 0
C@CP 3376 -0.19684225 0.149107073 -0.302087425 0 0 0
C@CP 3377 0.147361872 0.188458449 0.0297575141 0 0 0
C@CP 3378 0.00936772186 -0.181247463 -0.136909938 0 0 0
C@CP 3379 0.0144089146 0.0830315595 0.0477005726 0 0 0
C@CP 3380 -0.23077894 -0.0439302302 -0.017153656 0 0 0
C@CP 3381 -0.0226930846 -0.200481427 0.0693752052 0 0 0
C@CP 3382 -0.268093896 0.291553627 0.00753639886 0 0 0
C@CP 3383 -0.244844526 -0.284147806 0.237969615 0 0 0
C@CP 3384 0.047690263 0.42858006 0.00745387307 0 0 0
C@CP 3385 -0.10053968 0.260520131 -0.178427443 0 0 0
C@CP 3386 0.13370256 0.023114198 -0.107598534 0 0 0
C@CP 3387 0.024934874 -0.170449375 0.0602948227 0 0 0
C@CP 3388 -0.327008182 0.0493191025 0.335057021 0 0 0
C@CP 3389 -0.0353580251 -0.0450186414 0.461062409 0 0 0
C@CP 3390 0.232033188 -0.359687849 0.169446834 0 0 0
C@CP 3391 -0.0337683944 0.064224838 -0.33299775 0 0 0
C@CP 3392 0.0469652465 0.338785708 -0.123317048 0 0 0
C@CP 3393 -0.0257055223 0.414179289 -0.139216745 0 0 0
C@CP 3394 0.16365831 0.20884652 0.353466181 0 0 0
C@CP 3395 0.415252457 -0.149272225 -0.135541363 0 0 0
C@CP 3396 -0.103672493 -0.415737078 -0.0591834603 0 0 0
C@CP 3397 -0.243451651 -0.140185496 0.373392815 0 0 0
C@CP 3398 0.395896731 -0.0187590252 0.109433047 0 0 0
C@CP 3399 -0.0866928064 -0.146534816 0.104562419 0 0 0
C@CP 3400 0.317795413 0.0627820464 -0.243748662 0 0 0
C@CP 3401 0.285409246 -0.170508794 -0.316854401 0 0 0
C@CP 3402 0.356769668 0.0540399704 -0.150193247 0 0 0
C@CP 3403 -0.0653992815 -0.207984043 -0.172662893 0 0 0
C@CP 3404 0.0164127144 0.341151433 0.0282833128 0 0 0
C@CP 3405 -0.170701169 -0.101887886 0.0172431231 0 0 0
C@CP 3406 -0.227342075 0.240953785 -0.294668431 0 0 0
C@CP 3407 -0.0557534275 -0.405854192 -0.185033132 0 0 0
C@CP 3408 -0.0148846104 0.0518683637 -0.134647948 0 0 0
C@CP 3409 0.360352469 -0.0105247743 0.211373341 0 0 0
C@CP 3410 -0.0909251418 -0.0161854888 -0.420925509 0 0 0
C@CP 3411 -0.212088967 0.313680775 -0.198417648 0 0 0
C@CP 3412 0.0770238971 0.297290412 -0.17410152 0 0 0
C@CP 3413 -0.189774213 -0.0753368482 0.319404632 0 0 0
C@CP 3414 0.317316601 -0.00150277239 0.19823037 0 0 0
C@CP 3415 -0.125958117 0.167932179 0.357048829 0 0 0
C@CP 3416 -0.198681477 -0.238124089 -0.324183319 0 0 0
C@CP 3417 -0.234690245 -0.362738898 0.0892685066 0 0 0
C@CP 3418 -0.284587751 0.115760361 -0.320263198 0 0 0
C@CP 3419 -0.110330725 0.010595169 -0.33522358 0 0 0
C@CP 3420 0.140718806 0.156080529 -0.277460045 0 0 0
C@CP 3421 -0.240314096 0.221745554 0.312454914 0 0 0
C@CP 3422 -0.109618391 -0.275490302 -0.0666795252 0 0 0
C@CP 3423 -0.137813773 0.366247753 0.231190778 0 0 0
C@CP 3424 0.196267122 0.123469886 0.0915642898 0 0 0
C@CP 3425 0.114223772 0.392449729 -0.0709646841 0 0 0
C@CP 3426 -0.317526992 -0.122933973 0.0257361065 0 0 0
C@CP 3427 0.042197603 -0.12068298 -0.396633657 0 0 0
C@CP 3428 0.322228728 0.163630476 0.225636979 0 0 0
C@CP 3429 -0.252124939 0.12828788 0.24615193 0 0 0
C@CP 3430 0.0421022707 -0.0156370819 0.198875338 0 0 0
C@CP 3431 0.251507152 0.159372561 -0.00682795989 0 0 0
C@CP 3432 0.398395715 -0.00999170535 0.0232423355 0 0 0
C@CP 3433 -0.245919383 0.2601052 0.121196628 0 0 0
C@CP 3434 -0.17961021 0.145056585 0.411281051 0 0 0
C@CP 3435 -0.0303458463 0.322685645 0.14206037 0 0 0
C@CP 3436 -0.269413591 -0.245941106 -0.198262731 0 0 0
C@CP 3437 0.0697720809 0.0270273405 -0.139420915 0 0 0
C@CP 3438 -0.086103171 0.0411701477 0.151427557 0 0 0
C@CP 3439 -0.0793611824 -0.0441889272 0.148179831 0 0 0
C@CP 3440 -0.10687094 0.0136154575 0.374473801 0 0 0
C@CP 3441 0.067991918 0.0323851373 -0.24411479 0 0 0
C@CP 3442 -0.227029071 0.191530029 0.0454484417 0 0 0
C@CP 3443 0.097803825 0.281588732 0.199627997 0 0 0
C@CP 3444 0.0689348267 -0.116834179 0.0873513956 0 0 0
C@CP 3445 -0.258608709 0.131707575 -0.152670962 0 0 0
C@CP 3446 0.0169304319 -0.190157539 -0.0757035564 0 0 0
C@CP 3447 -0.0444564806 0.0983975076 0.440543394 0 0 0
C@CP 3448 -0.365104433 -0.171957774 0.182757992 0 0 0
C@CP 3449 0.346403601 -0.29609537 0.0129393154 0 0 0
C@CP 3450 -0.225709507 0.0556575469 0.319685708 0 0 0
C@CP 3451 0.111185505 0.136735791 -0.190015734 0 0 0
C@CP 3452 0.0672762452 -0.336280154 0.192891498 0 0 0
C@CP 3454 0.253723726 -0.0262907376 -0.0724164939 0 0 0
C@CP 3455 0.0886411838 -0.364027065 0.283161092 0 0 0
C@CP 3456 -0.346833519 -0.214616725 -0.143882754 0 0 0
C@CP 3457 0.341742203 -0.0372040158 -0.130267376 0 0 0
C@CP 3458 -0.139523995 0.374361693 0.0836854686 0 0 0
C@CP 3459 -0.149219461 0.156223569 0.237774133 0 0 0
C@CP 3460 0.26638057 -0.221563268 -0.308154226 0 0 0
C@CP 3461 0.0773623938 0.334098446 0.272402033 0 0 0
C@CP 3462 -0.192751574 0.412208236 -0.0168643339 0 0 0
C@CP 3463 0.289456575 0.26592161 0.242606632 0 0 0
C@CP 3464 0.139411175 0.0794792352 -0.111030217 0 0 0
C@CP 3465 -0.0460121699 0.120899505 0.0165061999 0 0 0
C@CP 3466 0.0603095629 0.022203753 0.434747711 0 0 0
C@CP 3467 -0.0722487594 0.0886849238 0.444528017 0 0 0
C@CP 3468 0.318872107 -0.181073214 0.0452925634 0 0 0
C@CP 3469 -0.37534166 0.15313503 0.0391539754 0 0 0
C@CP 3470 -0.16709028 -0.199979937 0.214150967 0 0 0
C@CP 3471 -0.119254759 0.248905089 0.311988788 0 0 0
C@CP 3472 -0.252499146 -0.123297201 0.235412942 0 0 0
C@CP 3473 0.237718349 0.227039068 -0.26088018 0 0 0
C@CP 3474 0.156719956 0.00547642572 -0.285007288 0 0 0
C@CP 3475 0.0293994815 0.262784703 0.368343381 0 0 0
C@CP 3476 0.284862494 -0.377473608 0.0480345738 0 0 0
C@CP 3477 0.155558976 -0.0120803514 -0.150789237 0 0 0
C@CP 3478 0.0919756637 0.130671599 0.23924519 0 0 0
C@CP 3479 0.272164549 0.0856693428 -0.0207700753 0 0 0
C@CP 3480 -0.366042359 -0.003011746 -0.205825078 0 0 0
C@CP 3481 -0.215380261 -0.0442312451 -0.211962025 0 0 0
C@CP 3482 0.118126978 0.199633804 -0.312251452 0 0 0
C@CP 3483 -0.207733729 0.274864775 0.0338076597 0 0 0
C@CP 3484 -0.00233259398 -0.0588426302 0.223203819 0 0 0
C@CP 3485 -0.176528828 0.0665870464 0.158722158 0 0 0
C@CP 3486 -0.312137564 0.011140309 -0.214203741 0 0 0
C@CP 3487 0.134811624 -0.0441655008 -0.0143227381 0 0 0
C@CP 3488 0.0432813984 0.209597272 0.203510897 0 0 0
C@CP 3489 -0.0503471007 0.0553101585 0.440638815 0 0 0
C@CP 3490 -0.431897863 0.154928523 0.0273558903 0 0 0
C@CP 3491 -0.223677264 0.267986676 -0.0299028945 0 0 0
C@CP 3492 -0.100123863 -0.142790132 0.0850593719 0 0 0
C@CP 3493 -0.325760933 -0.23898989 -0.0254577686 0 0 0
C@CP 3494 0.0162031981 -0.382055065 0.0955648732 0 0 0
C@CP 3495 -0.265773609 0.0290168617 0.107653233 0 0 0
C@CP 3496 -0.352229887 0.0892800645 -0.0909729412 0 0 0
C@CP 3497 0.291109785 0.154494484 0.268017752 0 0 0
B@CP 3499 -0.274305634 0.0309581284 -0.325768869 0 0 0
C@CP 3500 0.154425157 0.0632002965 0.213744097 0 0 0
C@CP 3501 -0.372984464 0.0579935082 0.00623622008 0 0 0
C@CP 3502 0.27151482 -0.119855855 0.183116486 0 0 0
B@CP 3504 0.271348736 -0.361354889 -0.061967329 0 0 0
C@CP 3505 -0.179381822 -0.322629083 -0.229478073 0 0 0
B@CP 3507 -0.129254013 -0.193394636 0.126519775 0 0 0
C@CP 3508 0.229745245 0.184486342 0.211060446 0 0 0
B@CP 3510 0.0579438557 -0.273037786 0.373617738 0 0 0
C@CP 3511 -0.103469331 -0.136674448 -0.289947786 0 0 0
B@CP 3513 0.218720919 -0.0258613487 0.266187672 0 0 0
C@CP 3514 -0.0101898345 -0.13206103 0.365874951 0 0 0
B@CP 3516 0.121278279 -0.301427733 -0.199614036 0 0 0
C@CP 3517 -0.0917929509 -0.408105614 0.0754485255 0 0 0
B@CP 3519 0.097982572 0.173154949 0.0731447843 0 0 0
C@CP 3520 -0.181302376 0.25604653 -0.189959722 0 0 0
B@CP 3522 -0.024025012 -0.321597889 -0.254120993 0 0 0
C@CP 3523 0.117406524 0.204349422 -0.233005567 0 0 0
