B@CP 1004 0.169685447 -0.0560290925 0.0357365044 0 0 0
B@CP 1005 0.338648144 -0.162258866 -0.276826774 0 0 0
B@CP 1008 -0.339745563 0.274994554 0.0203719033 0 0 0
B@CP 1014 0.00413962195 -0.222753606 0.279725016 0 0 0
B@CP 1018 -0.21189806 0.104607455 0.389896509 0 0 0
B@CP 1020 -0.0350258126 -0.093578568 0.125832198 0 0 0
B@CP 1025 0.432651363 0.0964852665 -0.0421528445 0 0 0
B@CP 1026 -0.169591019 -0.316348352 0.128982654 0 0 0
B@CP 1032 0.311465036 0.0645350504 -0.0887525783 0 0 0
B@CP 1033 0.320550117 0.230259571 0.189633631 0 0 0
B@CP 1034 0.0741961658 0.163673765 -0.349171944 0 0 0
B@CP 1036 -0.0851157449 -0.0453210209 -0.159051454 0 0 0
B@CP 1040 0.0916365037 0.0697587877 -0.102784001 0 0 0
B@CP 1041 0.0526547938 -0.130712876 0.173264569 0 0 0
B@CP 1042 0.162214215 -0.13940719 -0.389791176 0 0 0
B@CP 1045 0.137045434 -0.188385189 0.0816211322 0 0 0
B@CP 1046 -0.0446218471 -0.0151076642 -0.225679451 0 0 0
B@CP 1047 0.124129207 -0.037213743 -0.207801077 0 0 0
B@CP 1055 0.0103433219 -0.330307766 -0.166318671 0 0 0
B@CP 1056 -0.149026848 -0.0229980551 -0.338362927 0 0 0
B@CP 1059 0.355019798 -0.200187024 0.213042762 0 0 0
B@CP 1063 0.285874442 -0.264030539 -0.181464186 0 0 0
B@CP 1065 -0.139144859 0.235108526 -0.012965119 0 0 0
B@CP 1066 0.155414511 0.134686235 0.0346560205 0 0 0
B@CP 1068 -0.0824513105 0.165330169 -0.172323512 0 0 0
B@CP 1069 0.127145828 -0.167060002 -0.315693249 0 0 0
B@CP 1070 0.114206832 -0.0479304659 0.26114406 0 0 0
B@CP 1077 -0.0044290746 0.274707848 -0.358273903 0 0 0
B@CP 1080 0.0151874069 0.401723642 -0.136333643 0 0 0
B@CP 1083 0.239032825 -0.116421651 0.0355358304 0 0 0
B@CP 1084 -0.306544583 -0.200719794 -0.258680104 0 0 0
B@CP 1085 0.0971215865 0.32664365 -0.157690306 0 0 0
B@CP 1089 -0.0073071979 -0.147640681 -0.0101502283 0 0 0
B@CP 1091 -0.14398011 0.294893229 -0.020269129 0 0 0
B@CP 1092 0.382508111 0.0303313267 -0.218530191 0 0 0
B@CP 1093 0.310130603 0.0392504202 0.243299045 0 0 0
B@CP 1094 0.286250697 -0.170418937 -0.243181335 0 0 0
B@CP 1099 -0.0324110747 -0.37896193 0.18729483 0 0 0
B@CP 1100 -0.264487059 0.160692353 -0.280444353 0 0 0
B@CP 1104 0.0493956501 -0.285770937 -0.0720787482 0 0 0
B@CP 1105 0.0347488013 0.0140659264 -0.204686331 0 0 0
B@CP 1106 0.0299324962 -0.277462078 -0.231597446 0 0 0
B@CP 1107 -0.199612625 0.158755217 -0.201548801 0 0 0
B@CP 1109 -0.071993112 0.00233302764 -0.356417455 0 0 0
B@CP 1110 0.148017959 0.00517155221 -0.195978385 0 0 0
B@CP 1117 0.116701634 -0.350223052 -0.271134472 0 0 0
B@CP 1118 -0.374023371 -0.0437344955 -0.123640544 0 0 0
B@CP 1121 0.0661942207 -0.0346785151 0.323735986 0 0 0
B@CP 1122 -0.0799418101 -0.012180331 0.0306907086 0 0 0
B@CP 1123 -0.184264705 0.367803344 -0.2225058 0 0 0
B@CP 1125 0.0264622814 0.103324471 0.135800036 0 0 0
B@CP 1131 0.230253902 -0.0542975023 -0.185990843 0 0 0
B@CP 1139 -0.144225537 0.173043867 0.343147518 0 0 0
B@CP 1143 0.128291531 -0.405524585 -0.140121945 0 0 0
B@CP 1146 0.0228096586 0.103936901 0.446647766 0 0 0
B@CP 1147 0.344685798 0.166871535 0.160426813 0 0 0
B@CP 1149 0.167339085 0.192700645 0.137451116 0 0 0
B@CP 1152 0.37892386 -0.177350254 0.21307941 0 0 0
B@CP 1154 0.382622663 -0.154039914 -0.160707159 0 0 0
B@CP 1155 0.365921085 -0.186219214 -0.0603390254 0 0 0
B@CP 1160 0.136378186 -0.302067425 0.289268509 0 0 0
B@CP 1161 0.0134480243 -0.226307954 0.0455653517 0 0 0
B@CP 1162 -0.19572917 -0.305080974 -0.296557139 0 0 0
B@CP 1163 -0.0490057034 -0.0423684598 0.213484675 0 0 0
B@CP 1166 -0.123962298 -0.317005423 -0.220769522 0 0 0
B@CP 1167 -0.201510453 -0.0521136751 -0.063522873 0 0 0
B@CP 1170 -0.0835471729 -0.027751964 -0.0130859834 0 0 0
B@CP 1171 0.239973288 -0.23137757 -0.262797722 0 0 0
B@CP 1176 -0.349813947 -2.1704799e-05 -0.304937471 0 0 0
B@CP 1179 0.195849653 0.122452218 0.152940503 0 0 0
B@CP 1185 0.18274273 0.106552028 0.124939107 0 0 0
B@CP 1186 -0.296716037 0.113410629 0.264375379 0 0 0
B@CP 1187 -0.164192784 0.165517727 0.0619483454 0 0 0
B@CP 1188 0.0636290732 0.199693109 0.100613606 0 0 0
B@CP 1189 -0.130720611 0.0733621839 0.240036025 0 0 0
B@CP 1190 -0.0314334052 0.082664838 -0.43646843 0 0 0
B@CP 1191 0.227043108 -0.278125856 0.112811642 0 0 0
B@CP 1192 0.020789127 0.465911687 0.0521289516 0 0 0
B@CP 1196 -0.294537889 -0.318513396 -0.162996465 0 0 0
B@CP 1197 -0.335158409 -0.261598272 -0.0965462735 0 0 0
B@CP 1200 -0.0506247369 -0.277224148 0.277828276 0 0 0
B@CP 1206 0.242218881 0.180569141 -0.347364372 0 0 0
B@CP 1211 0.162809478 -0.0668319936 0.0927966581 0 0 0
B@CP 1221 0.430642298 0.0216695916 0.0845464978 0 0 0
B@CP 1222 0.211034737 -0.353760709 -0.207132123 0 0 0
B@CP 1225 0.304084461 -0.35347913 0.0128672115 0 0 0
B@CP 1226 -0.00123010502 -0.351912774 -0.105583017 0 0 0
B@CP 1228 -0.331093254 0.146003717 0.135230784 0 0 0
B@CP 1229 -0.0164690224 0.083108314 -0.346627069 0 0 0
B@CP 1234 0.227541162 0.0409970708 0.324332761 0 0 0
B@CP 1237 0.00631043216 0.352025575 -0.0450284273 0 0 0
B@CP 1239 0.134931645 0.385028723 -0.0600712983 0 0 0
B@CP 1241 0.124386258 0.0325938745 0.264614827 0 0 0
B@CP 1242 -0.174600465 0.432252951 -0.0447878214 0 0 0
B@CP 1245 -0.0478245798 0.0369789024 0.336859695 0 0 0
B@CP 1248 0.172243213 -0.253668848 0.11551844 0 0 0
B@CP 1257 0.168299817 -0.387737554 -0.205243866 0 0 0
B@CP 1259 0.00989866488 0.193350626 0.336912896 0 0 0
B@CP 1262 0.212736143 0.401552409 -0.0037402036 0 0 0
B@CP 1263 -0.046187126 -0.115320341 0.163781542 0 0 0
B@CP 1264 -0.247723727 -0.0837640739 0.259846448 0 0 0
B@CP 1268 0.116455074 -0.112571834 0.126972276 0 0 0
B@CP 1274 -0.09697227 -0.225674301 0.315036017 0 0 0
B@CP 1275 -0.27940096 -0.107540841 -0.223782499 0 0 0
B@CP 1280 0.0488628971 0.194400057 0.377390666 0 0 0
B@CP 1281 -0.245935758 0.0224165838 -0.033621891 0 0 0
B@CP 1284 0.246613653 -0.215780815 -0.231359042 0 0 0
B@CP 1285 -0.356829293 -0.0392674585 0.154727714 0 0 0
B@CP 1291 0.130563295 -0.325479442 -0.0481971376 0 0 0
B@CP 1293 0.111256307 0.162228595 -0.0754967707 0 0 0
B@CP 1299 0.42727952 0.0204245096 -0.131026581 0 0 0
B@CP 1302 0.213913648 0.414718455 0.0147504491 0 0 0
B@CP 1305 0.281997672 0.116303946 0.284066053 0 0 0
B@CP 1306 0.297438212 -0.0196564134 -0.226586436 0 0 0
B@CP 1312 -0.0994447037 0.138053177 0.388910227 0 0 0
B@CP 1318 -0.0626701412 0.0192163626 -0.423084763 0 0 0
B@CP 1320 0.2568289 0.168839349 -0.142891695 0 0 0
B@CP 1323 -0.00173988021 -0.0622444999 -0.111660419 0 0 0
B@CP 1324 0.0629915061 0.188180279 0.288221046 0 0 0
B@CP 1326 -0.199981937 0.191066523 -0.121430889 0 0 0
B@CP 1330 0.0891360037 0.00593779786 -0.134850184 0 0 0
B@CP 1332 -0.0284601638 0.00540213463 -0.192979621 0 0 0
B@CP 1335 -0.341928771 0.0966296249 0.124506599 0 0 0
B@CP 1342 -0.305564754 -0.0333598058 -0.269314385 0 0 0
B@CP 1343 0.416711227 -0.0553686107 -0.116752073 0 0 0
B@CP 1345 0.0273920762 -0.275160323 0.227024254 0 0 0
B@CP 1348 0.0550475352 0.0842431631 -0.164709205 0 0 0
B@CP 1354 -0.324829793 -0.204190374 0.232868255 0 0 0
B@CP 1356 0.29549675 0.0217379148 0.313468329 0 0 0
B@CP 1362 -0.439367354 -0.0306173878 0.0625533525 0 0 0
B@CP 1363 0.00865937075 -0.0809131675 -0.153701419 0 0 0
B@CP 1365 -0.1022204 -0.179194951 -0.267157922 0 0 0
B@CP 1367 0.134700265 0.101670881 -0.414329328 0 0 0
B@CP 1370 0.225045421 -0.320239442 -0.175041175 0 0 0
B@CP 1371 -0.0572884585 -0.271511709 0.381931789 0 0 0
B@CP 1372 -0.138868981 -0.337529105 -0.0900298987 0 0 0
B@CP 1373 -0.12483882 0.0696662854 0.401051565 0 0 0
B@CP 1375 -0.253976059 0.132223512 -0.0728541047 0 0 0
B@CP 1379 -0.262354053 0.088603871 -0.0598046906 0 0 0
B@CP 1385 -0.23259015 0.167597826 0.0419299111 0 0 0
B@CP 1387 -0.21530526 -0.184397727 -0.108443884 0 0 0
B@CP 1390 -0.382825318 -0.000404586803 0.257124468 0 0 0
B@CP 1391 -0.2082164 0.208153591 0.017282056 0 0 0
B@CP 1393 0.0857344259 0.1328736 -0.400593222 0 0 0
B@CP 1398 -0.231874999 -0.179688047 -0.0664876982 0 0 0
B@CP 1406 -0.00370675776 -0.358513379 0.283993524 0 0 0
B@CP 1408 0.35929691 0.114517236 0.242802829 0 0 0
B@CP 1410 -0.241826223 -0.282803601 -0.0610530903 0 0 0
B@CP 1416 0.0627227226 0.0155326957 -0.433776817 0 0 0
B@CP 1417 0.320915092 -0.0923599305 -0.301017955 0 0 0
B@CP 1422 0.13749938 -0.31893795 -0.227122022 0 0 0
B@CP 1423 0.270332212 -0.220054151 0.016676989 0 0 0
B@CP 1424 -0.187687896 -0.214996485 -0.217034406 0 0 0
B@CP 1428 0.394966469 -0.00676410364 -0.071846056 0 0 0
B@CP 1429 -0.0741088439 -0.310753732 -0.278125792 0 0 0
B@CP 1433 -0.114416375 -0.299152536 0.139872112 0 0 0
B@CP 1434 -0.278675998 0.146457552 -0.0619159579 0 0 0
B@CP 1436 -0.00526886172 0.272509493 -0.36590267 0 0 0
B@CP 1438 0.174968711 0.31490625 -0.22783703 0 0 0
B@CP 1439 -0.147708553 0.412353082 0.142359401 0 0 0
B@CP 1446 -0.0838390526 0.0980943118 -0.139281632 0 0 0
B@CP 1448 0.149247478 0.383684868 -0.217402491 0 0 0
B@CP 1452 0.210916838 -0.142766862 -0.262241306 0 0 0
B@CP 1453 -0.201143159 -0.114175842 -0.151465206 0 0 0
B@CP 1454 0.242068058 -0.2419109 0.0520679488 0 0 0
B@CP 1465 0.0520743071 0.260978916 0.251497826 0 0 0
B@CP 1466 0.023659852 0.0277844942 -0.0604654977 0 0 0
B@CP 1470 -0.0727163634 -0.0595057796 0.0257976334 0 0 0
B@CP 1471 -0.297129273 -0.248192662 0.0298529018 0 0 0
B@CP 1478 0.00149951761 0.120109307 0.0139010574 0 0 0
B@CP 1481 0.0932474644 -0.0995340599 0.287629721 0 0 0
B@CP 1482 -0.136401725 -0.157671279 0.382310718 0 0 0
B@CP 1483 0.0389325874 0.0639974811 -0.450436995 0 0 0
B@CP 1486 -0.0462517058 0.447761375 0.0900058774 0 0 0
B@CP 1489 0.344555077 -0.215134038 0.0319499007 0 0 0
B@CP 1490 -0.118565092 -0.162063758 0.17268623 0 0 0
B@CP 1491 0.0763284165 -0.354106185 -0.1605634 0 0 0
B@CP 1492 -0.155257384 0.281962794 -0.157753703 0 0 0
B@CP 1495 0.205075623 -0.257400312 -0.178166466 0 0 0
B@CP 1500 -0.169671603 -0.30589379 -0.00337660166 0 0 0
B@CP 1504 -0.214059677 -0.278414782 0.289024236 0 0 0
B@CP 1505 0.405626739 -0.0970077453 -0.119837814 0 0 0
B@CP 1509 0.307865079 -0.232050788 -0.112082505 0 0 0
B@CP 1515 0.128336599 0.0424873768 -0.0352773361 0 0 0
B@CP 1519 -0.302294127 -0.121024281 -0.2378962 0 0 0
B@CP 1523 0.304427151 0.0123173242 0.0698995435 0 0 0
B@CP 1524 -0.138269289 -0.417746422 -0.0561940103 0 0 0
B@CP 1526 0.04902048 -0.0330382671 0.386061177 0 0 0
B@CP 1527 0.393466623 0.0958354975 0.0449627825 0 0 0
B@CP 1530 -0.296257329 0.163239662 0.0745989212 0 0 0
B@CP 1534 0.202364283 -0.043961998 0.213456649 0 0 0
B@CP 1536 -0.0817101321 0.421877763 -0.13938971 0 0 0
B@CP 1551 -0.225392655 0.119982176 -0.363037915 0 0 0
B@CP 1552 0.191388908 0.141862461 0.088493278 0 0 0
B@CP 1555 0.125751647 -0.123587903 -0.33869957 0 0 0
B@CP 1561 -0.128933328 0.320265481 0.260516237 0 0 0
B@CP 1567 0.125324027 -0.0335413653 0.335351608 0 0 0
B@CP 1569 -0.0765206515 -0.425728543 -0.11244761 0 0 0
B@CP 1572 -0.120128175 0.0478494075 0.106106742 0 0 0
B@CP 1573 -0.040891586 0.0874658629 -0.386015271 0 0 0
B@CP 1576 -0.0917894024 -0.193983809 -0.389114505 0 0 0
B@CP 1580 -0.0223350672 -0.0474697055 -0.195810611 0 0 0
B@CP 1583 -0.219945093 0.00837519364 0.274500344 0 0 0
B@CP 1584 -0.186026109 -0.0980430202 -0.30196847 0 0 0
B@CP 1586 -0.0541705482 -0.289413845 -0.124207593 0 0 0
B@CP 1588 0.0706391727 0.167923612 -0.244538365 0 0 0
B@CP 1589 0.106735007 -0.290236696 -0.0100354069 0 0 0
B@CP 1596 0.104228514 0.232957867 -0.181994731 0 0 0
B@CP 1600 -0.103203005 -0.288445047 0.351719293 0 0 0
B@CP 1606 -0.226799252 -0.121075295 0.371718456 0 0 0
B@CP 1609 0.012301216 0.144887188 -0.37989937 0 0 0
B@CP 1611 -0.0460467642 0.288782356 -0.123882379 0 0 0
B@CP 1613 -0.0804794368 0.206892805 -0.125037215 0 0 0
B@CP 1625 0.0293352234 0.257962245 -0.0975799213 0 0 0
B@CP 1630 -0.124144291 0.172955677 -0.340425711 0 0 0
B@CP 1637 0.376336759 -0.11611995 -0.197503765 0 0 0
B@CP 1638 0.206692675 -0.108039815 0.143583187 0 0 0
B@CP 1642 -0.155063648 -0.237023276 -0.344336326 0 0 0
B@CP 1645 -0.141964499 -0.106944397 -0.349619982 0 0 0
B@CP 1649 -0.108236359 -0.140084929 0.161214204 0 0 0
B@CP 1655 -0.307389745 0.123389775 -0.287634377 0 0 0
B@CP 1656 -0.0529205942 0.0412488888 0.119777413 0 0 0
B@CP 1673 -0.237820403 -0.0728815047 0.265820077 0 0 0
B@CP 1678 0.159442673 0.20178147 -0.209084062 0 0 0
B@CP 1679 -0.0858017559 0.426371862 0.0332889386 0 0 0
B@CP 1681 0.134539573 -0.0503560093 -0.216651347 0 0 0
B@CP 1686 0.410905624 -0.0708903616 0.204334741 0 0 0
B@CP 1690 0.349285072 -0.303140225 -0.0492013109 0 0 0
B@CP 1694 0.0628449475 0.124485887 -0.196821912 0 0 0
B@CP 1696 0.265166308 -0.0868599999 0.120153347 0 0 0
B@CP 1697 0.161321455 -0.0557743632 -0.238392602 0 0 0
B@CP 1701 0.141561464 0.031055868 -0.418563752 0 0 0
B@CP 1703 -0.0489167755 0.0648754062 -0.000457318666 0 0 0
B@CP 1710 -0.112228965 0.158010947 0.347938294 0 0 0
B@CP 1719 0.166317398 -0.122466647 -0.316620877 0 0 0
B@CP 1722 0.34078349 -0.0586084262 -0.248347513 0 0 0
B@CP 1727 0.174334957 0.177844002 0.0137985367 0 0 0
B@CP 1733 0.151203247 0.361163419 -0.00256572804 0 0 0
B@CP 1735 -0.0596299283 0.0523803492 -0.353219662 0 0 0
B@CP 1736 0.28466539 0.0693886249 -0.139780689 0 0 0
B@CP 1739 -0.168981308 -0.34603351 0.176931997 0 0 0
B@CP 1740 0.251109207 -0.0260576192 0.0797199201 0 0 0
B@CP 1743 0.1214227 -0.0808939538 0.431628179 0 0 0
B@CP 1745 -0.00828522115 -0.0460104992 0.470017853 0 0 0
B@CP 1746 0.162593678 -0.0823176076 0.134857909 0 0 0
B@CP 1747 0.0331755803 -0.0119810186 -0.354026611 0 0 0
B@CP 1748 -0.23221733 0.0498192377 -0.339688214 0 0 0
B@CP 1751 -0.159003987 0.00382791212 -0.0105263485 0 0 0
B@CP 1752 0.346282623 -0.210965001 -0.15554792 0 0 0
B@CP 1755 0.0989038935 -0.327623982 0.0296843924 0 0 0
B@CP 1763 -0.236188917 0.0651770718 0.147813776 0 0 0
B@CP 1774 0.0241427116 0.0253778041 -0.127621043 0 0 0
B@CP 1777 -0.115169362 -0.143210438 -0.184234837 0 0 0
B@CP 1781 0.159102319 -0.252789372 -0.106490696 0 0 0
B@CP 1789 -0.223432704 -0.150701905 -0.353411969 0 0 0
B@CP 1790 0.166009692 0.0586975707 0.101501475 0 0 0
B@CP 1793 0.0765226256 -0.139368355 0.189873316 0 0 0
B@CP 1800 0.290461612 0.0173982711 0.155908652 0 0 0
B@CP 1802 0.138340551 -0.0329731564 -0.155744103 0 0 0
B@CP 1803 -0.351345353 0.0704554952 -0.0458764369 0 0 0
B@CP 1804 0.334964315 -0.139201737 -0.118365123 0 0 0
B@CP 1807 0.245381629 -0.084491376 0.158008676 0 0 0
B@CP 1814 0.0752925079 0.11272062 -0.319178761 0 0 0
B@CP 1815 0.115767383 0.389328961 -0.0677925975 0 0 0
B@CP 1817 -0.167711924 0.294268942 0.131282719 0 0 0
B@CP 1819 -0.00812653018 0.181629142 -0.40605993 0 0 0
B@CP 1822 -0.0988652311 -0.315255298 -0.201407806 0 0 0
B@CP 1823 -0.272463183 -0.0320100505 -0.373970943 0 0 0
B@CP 1826 0.0950796049 -0.329442903 -0.297213752 0 0 0
B@CP 1828 0.273433225 -0.0287860042 -0.3145389 0 0 0
B@CP 1835 0.0597363715 -0.167178699 0.342374739 0 0 0
B@CP 1836 -0.0624958401 -0.135119481 0.205302019 0 0 0
B@CP 1838 -0.0346002724 0.0786301889 -0.0201842752 0 0 0
B@CP 1840 0.183678693 -0.021327756 0.0292731974 0 0 0
B@CP 1842 0.160361161 -0.110317873 0.0343380001 0 0 0
B@CP 1844 0.254360022 -0.0832278019 0.148417654 0 0 0
B@CP 1847 0.213509876 0.338653476 -0.211202038 0 0 0
B@CP 1848 0.0406220697 0.0934762927 -0.152024609 0 0 0
B@CP 1851 -0.106298616 0.117264136 0.429721617 0 0 0
B@CP 1852 0.150550466 -0.374763766 0.119914118 0 0 0
B@CP 1855 0.114274014 -0.00788733406 0.260472022 0 0 0
B@CP 1856 0.229009761 0.131534973 0.0583528676 0 0 0
B@CP 1858 0.0159340369 0.0642233554 0.294743684 0 0 0
B@CP 1861 0.304933591 0.136010618 0.264717684 0 0 0
B@CP 1862 -0.0645578842 -0.271889585 0.219750562 0 0 0
B@CP 1866 -0.0421513203 -0.0928354233 -0.314994149 0 0 0
B@CP 1870 -0.330210614 -0.0462719847 -0.0284429109 0 0 0
B@CP 1872 0.286564123 0.303395743 -0.039443832 0 0 0
B@CP 1873 -0.0270904821 -0.0815273304 -0.0525841057 0 0 0
B@CP 1877 -0.353005359 0.162301641 0.159042563 0 0 0
B@CP 1879 -0.121458923 -0.370620279 0.138071974 0 0 0
B@CP 1880 0.152875825 -0.125229962 -0.199249384 0 0 0
B@CP 1881 -0.14396511 0.125419849 0.07945155 0 0 0
B@CP 1883 -0.264153685 -0.353855361 -0.073937054 0 0 0
B@CP 1887 -0.130146843 0.0197815043 -0.19024617 0 0 0
B@CP 1890 -0.253731893 -0.0669867628 -0.239378454 0 0 0
B@CP 1891 0.20594719 -0.059935483 0.250016329 0 0 0
B@CP 1892 0.116123532 -0.221020419 -0.0825285651 0 0 0
B@CP 1893 0.0382997018 0.106710571 -0.143269212 0 0 0
B@CP 1899 0.118903041 -0.422520728 0.096476061 0 0 0
B@CP 1901 0.0291801675 0.459104183 -0.0370787106 0 0 0
B@CP 1903 0.110542979 -0.430381862 -0.0221034204 0 0 0
B@CP 1906 0.255922103 -0.205241853 0.0488971633 0 0 0
B@CP 1909 0.217557745 0.408568179 0.0658210473 0 0 0
B@CP 1910 -0.171484489 0.0745512675 0.242737711 0 0 0
B@CP 1911 -0.415534692 0.00139453566 -0.0979973672 0 0 0
B@CP 1915 -0.0335787167 -0.114066335 0.159082519 0 0 0
B@CP 1917 0.130180931 0.204055257 0.151657929 0 0 0
B@CP 1920 0.321200514 0.158923756 -0.194310687 0 0 0
B@CP 1921 -0.225620228 -0.159150764 -0.139639285 0 0 0
B@CP 1922 0.191195176 0.0524558615 -0.22161325 0 0 0
B@CP 1925 -0.0741642098 0.316322117 -0.0792911134 0 0 0
B@CP 1935 -0.00844680818 0.40914458 -0.0630667036 0 0 0
B@CP 1937 0.032162838 0.259065519 0.0793345609 0 0 0
B@CP 1939 -0.31873927 0.20424422 -0.233367278 0 0 0
B@CP 1950 0.193956873 -0.325383151 -0.145436413 0 0 0
B@CP 1955 -0.0424100459 0.0239894871 0.3027818 0 0 0
B@CP 1958 -0.118185004 -0.345258734 0.00803945756 0 0 0
B@CP 1967 0.112303018 -0.282837545 0.23375065 0 0 0
B@CP 1970 -0.0317159104 0.223941436 -0.142859578 0 0 0
B@CP 1974 -0.124012072 0.269122755 -0.106035792 0 0 0
B@CP 1980 -0.200247333 -0.400020626 0.0840861454 0 0 0
B@CP 1993 -0.0841562347 -0.0840727301 -0.164471171 0 0 0
B@CP 1994 -0.167421596 -0.183170533 -0.00982869552 0 0 0
B@CP 1996 -0.185838568 0.216330163 -0.135732447 0 0 0
B@CP 1999 -0.207997875 0.305809732 -0.281870371 0 0 0
B@CP 2002 -0.0515542043 0.0272121782 0.200660594 0 0 0
B@CP 2005 -0.226758293 0.16129632 0.364153742 0 0 0
B@CP 2013 0.17879334 -0.182982549 -0.137411138 0 0 0
B@CP 2019 -0.407791596 0.0109254205 0.25192203 0 0 0
B@CP 2021 0.321686049 -0.189800921 -0.145567272 0 0 0
B@CP 2022 0.16077848 -0.110943024 0.243836276 0 0 0
B@CP 2024 -0.027981307 0.20861553 0.0751675221 0 0 0
B@CP 2025 -0.3875559 -0.0590483716 0.177936347 0 0 0
B@CP 2026 -0.361363155 0.00560873968 0.00476275645 0 0 0
B@CP 2028 -0.123822135 0.257771534 0.0988063161 0 0 0
B@CP 2029 -0.355116916 -0.123638414 0.197950378 0 0 0
B@CP 2032 0.167074343 0.0291720312 -0.380076546 0 0 0
B@CP 2033 0.115498384 -0.159438058 0.0127909172 0 0 0
B@CP 2034 -0.304173364 0.158199237 0.279164284 0 0 0
B@CP 2036 -0.0156103889 0.0220113036 -0.107788035 0 0 0
B@CP 2037 -0.161559536 -0.223288837 0.265899933 0 0 0
B@CP 2040 0.282439038 -0.00777666832 -0.0579638255 0 0 0
B@CP 2042 0.0197161586 0.049185725 0.0167950998 0 0 0
B@CP 2043 -0.0729483492 0.396104667 0.14904578 0 0 0
B@CP 2048 0.231821626 0.00328803071 -0.396723652 0 0 0
B@CP 2050 0.234119328 0.371191793 0.132200235 0 0 0
B@CP 2053 -0.369019305 0.236889866 0.138907062 0 0 0
B@CP 2057 0.1441531 0.138757768 0.36184261 0 0 0
B@CP 2059 0.207757402 0.117453123 -0.0369181902 0 0 0
B@CP 2060 -0.139892314 -0.408758118 -0.217724611 0 0 0
B@CP 2068 0.0641997234 0.264435223 0.374302072 0 0 0
B@CP 2076 0.386177409 0.0425672576 -0.278098804 0 0 0
B@CP 2077 0.194109293 0.0472502384 -0.109596427 0 0 0
B@CP 2078 0.051078837 -0.390293629 -0.0323551501 0 0 0
B@CP 2079 -0.122048819 -0.260503454 0.363344055 0 0 0
B@CP 2081 -0.0587922752 0.176679865 0.0197774223 0 0 0
B@CP 2082 0.0950375448 0.105648495 -0.235310187 0 0 0
B@CP 2083 -0.0824793475 -0.204305682 0.0543604385 0 0 0
B@CP 2086 0.176382668 -0.0105394556 0.305498277 0 0 0
B@CP 2087 0.231393394 -0.278836214 0.0103177585 0 0 0
B@CP 2091 -0.155310909 0.0633502216 0.174483052 0 0 0
B@CP 2095 -0.0596729246 0.166572724 -0.0495305066 0 0 0
B@CP 2103 0.115310455 0.313248294 -0.273002628 0 0 0
B@CP 2105 0.121718572 0.207270397 0.398649184 0 0 0
B@CP 2109 0.452720967 -0.0644797037 0.00952653687 0 0 0
B@CP 2110 -0.0136577257 0.160899479 0.155950107 0 0 0
B@CP 2111 0.0725773758 0.408920241 -0.0431030024 0 0 0
B@CP 2113 0.16489144 0.233933718 -0.0520541112 0 0 0
B@CP 2114 0.168737934 0.115687917 0.0973813026 0 0 0
B@CP 2115 -0.14827631 -0.0478272557 0.328944774 0 0 0
B@CP 2117 -0.204315349 0.310400989 -0.00467719898 0 0 0
B@CP 2118 -0.244565347 -0.168245914 -0.0226487173 0 0 0
B@CP 2119 0.110054952 -0.0189099405 0.310053196 0 0 0
B@CP 2125 -0.302821522 0.0397156216 0.301893742 0 0 0
B@CP 2127 -0.0290631502 -0.137998225 -0.160316871 0 0 0
B@CP 2130 -0.0339743494 0.146304966 -0.314426402 0 0 0
B@CP 2131 0.2671138 0.0859857631 -0.0831457477 0 0 0
B@CP 2133 -0.42226384 -0.111501334 -0.133729315 0 0 0
B@CP 2134 0.198391578 0.257628307 -0.267238444 0 0 0
B@CP 2136 0.246486421 -0.116935904 0.0458194914 0 0 0
B@CP 2141 0.222133595 0.172101306 -0.135414616 0 0 0
B@CP 2144 -0.350608942 0.150083524 -0.12743263 0 0 0
B@CP 2145 0.137032179 -0.0437573967 0.342970826 0 0 0
B@CP 2149 0.125308516 0.0548212601 0.158084339 0 0 0
B@CP 2154 -0.310878016 0.0233331478 0.109343897 0 0 0
B@CP 2161 0.0803519325 0.116892095 -0.364745082 0 0 0
B@CP 2164 0.226916184 0.263620979 -0.00223824528 0 0 0
B@CP 2166 -0.232549161 -0.345597272 -0.0411702906 0 0 0
B@CP 2168 -0.222837887 0.085092286 -0.171668062 0 0 0
B@CP 2169 0.313658283 -0.236716806 -0.209558205 0 0 0
B@CP 2175 0.0488291135 -0.231365557 -0.33716686 0 0 0
B@CP 2177 0.452320804 0.0442635958 0.0472146535 0 0 0
B@CP 2182 -0.191560505 -0.0529833502 -0.297595785 0 0 0
B@CP 2186 0.023574592 0.163924024 0.138022725 0 0 0
B@CP 2188 0.178446405 0.307415448 -0.269736022 0 0 0
B@CP 2203 -0.0720740105 -0.207973398 -0.291378413 0 0 0
B@CP 2205 0.130917601 -0.35764539 0.105327266 0 0 0
B@CP 2207 -0.0644310036 0.0148211449 -0.460007998 0 0 0
B@CP 2208 -0.08298756 -0.0641512355 0.258551623 0 0 0
B@CP 2213 0.277839283 -0.309578575 -0.084266743 0 0 0
B@CP 2215 -0.218382172 0.139909801 -0.0102467218 0 0 0
B@CP 2217 0.157834497 0.295583077 -0.152123342 0 0 0
B@CP 2220 0.0402785239 0.00949872595 -0.0167066878 0 0 0
B@CP 2221 -0.00037332409 -0.0756154222 -0.19424266 0 0 0
B@CP 2222 0.430385107 0.0612665589 -0.133146175 0 0 0
B@CP 2225 -0.271783058 -0.24376785 0.163127047 0 0 0
B@CP 2226 -0.122929093 0.0375189089 0.00851938509 0 0 0
B@CP 2228 -0.401517282 0.188915218 0.0726694527 0 0 0
B@CP 2230 -0.151326634 0.332945597 -0.0288147904 0 0 0
B@CP 2233 0.0548269008 0.310683618 -0.00499903977 0 0 0
B@CP 2234 -0.351007949 -0.209728606 0.0991364483 0 0 0
B@CP 2248 -0.0638424824 -0.225845605 0.290012981 0 0 0
B@CP 2250 0.291117276 -0.0323645887 -0.114816744 0 0 0
B@CP 2251 0.219654482 0.40053678 0.111003067 0 0 0
B@CP 2252 0.235120803 0.141128609 -0.342945898 0 0 0
B@CP 2254 -0.237426674 0.0699142976 -0.351523194 0 0 0
B@CP 2255 0.235300763 -0.0676476698 0.302348708 0 0 0
B@CP 2256 0.276558056 0.202264337 0.234624391 0 0 0
B@CP 2263 -0.194928996 0.00913466653 0.311839352 0 0 0
B@CP 2267 0.126149741 0.0426560819 0.223966172 0 0 0
B@CP 2271 0.00769200992 -0.0159600998 0.123696759 0 0 0
B@CP 2272 0.255359199 -0.240588277 0.165655019 0 0 0
B@CP 2273 -0.0216677925 -0.116896745 -0.163466385 0 0 0
B@CP 2275 -0.112177294 0.279895416 0.118882024 0 0 0
B@CP 2279 0.169186141 0.000787794016 -0.199268592 0 0 0
B@CP 2282 -0.000663899833 0.146845803 -0.379084775 0 0 0
B@CP 2284 0.184760642 0.217941081 0.1593727 0 0 0
B@CP 2285 -0.0970258205 0.362745577 0.0925741187 0 0 0
B@CP 2293 0.129254436 0.0638289814 -0.125775979 0 0 0
B@CP 2299 0.0496673669 0.0414493563 -0.341581912 0 0 0
B@CP 2300 0.0617899125 -0.201584013 -0.059130425 0 0 0
B@CP 2301 -0.0159782313 -0.0178665555 0.0198375829 0 0 0
B@CP 2303 -0.174391114 -0.278692186 0.132612922 0 0 0
B@CP 2305 -0.171818918 -0.387202028 0.0221661725 0 0 0
B@CP 2309 -0.0184189862 -0.346732299 0.155161382 0 0 0
B@CP 2313 -0.0216800798 0.254998495 -0.291466097 0 0 0
B@CP 2315 0.0584385939 0.19512829 0.325711531 0 0 0
B@CP 2320 -0.0215935297 0.274497029 0.00460761503 0 0 0
B@CP 2325 -0.0398064854 0.401947236 0.195528639 0 0 0
B@CP 2329 0.082695556 -0.253231005 -0.309192166 0 0 0
B@CP 2331 -0.0278177836 -0.0176174011 0.176405935 0 0 0
B@CP 2332 -0.271493027 0.0851353607 -0.108266999 0 0 0
B@CP 2333 -0.436329693 0.0639995755 0.13312848 0 0 0
B@CP 2335 0.234313081 -0.0708561959 -0.349064619 0 0 0
B@CP 2336 0.0821684964 -0.0708818067 -0.426797515 0 0 0
B@CP 2340 0.186774498 -0.276178538 -0.166059158 0 0 0
B@CP 2343 0.289474691 -0.216186532 -0.204703472 0 0 0
B@CP 2346 -0.0840495341 0.102895294 -0.319693955 0 0 0
B@CP 2348 -0.199863107 0.169346794 -0.157560875 0 0 0
B@CP 2350 0.161665869 0.268134459 -0.322391712 0 0 0
B@CP 2351 -0.0390558501 -0.16218565 0.0517422621 0 0 0
B@CP 2356 -0.0642704692 -0.117661402 -0.0623983179 0 0 0
B@CP 2357 -0.284462418 -0.0077649507 -0.118397541 0 0 0
B@CP 2359 -0.0623446141 -0.3348115 -0.136810778 0 0 0
B@CP 2363 0.205760016 0.225475044 -0.211274948 0 0 0
B@CP 2365 0.0281386805 0.18974652 -0.324068952 0 0 0
B@CP 2368 -0.227230857 0.273417061 0.201875063 0 0 0
B@CP 2369 0.143654299 -0.109464206 -0.415384069 0 0 0
B@CP 2370 -0.0843484059 0.151134257 0.341033249 0 0 0
B@CP 2372 0.178552943 -0.0487826121 -0.403543627 0 0 0
B@CP 2373 -0.182991658 0.197143158 -0.128490538 0 0 0
B@CP 2376 0.0501206161 -0.0876124786 0.343504599 0 0 0
B@CP 2381 0.0391266955 0.3030057 -0.141248668 0 0 0
B@CP 2382 0.156198644 -0.319284224 0.305959262 0 0 0
B@CP 2383 0.0180021888 -0.0705807772 0.0775524575 0 0 0
B@CP 2386 0.0514555424 0.376575228 0.133146281 0 0 0
B@CP 2388 0.3864474 -0.0960382149 -0.0633111597 0 0 0
B@CP 2392 0.257285267 -0.162574405 0.236842763 0 0 0
B@CP 2395 -0.304446676 0.00845185004 0.323460141 0 0 0
B@CP 2397 -0.0459001439 0.391041998 -0.149478567 0 0 0
B@CP 2400 -0.190940543 -0.255147186 0.312966813 0 0 0
B@CP 2402 -0.0775794643 -0.023482247 0.241159713 0 0 0
B@CP 2405 -0.14975714 -0.15514775 0.252987145 0 0 0
B@CP 2411 0.103404597 0.0198142111 0.044405608 0 0 0
B@CP 2413 -0.197976508 -0.277994159 0.168276748 0 0 0
B@CP 2416 0.197723692 -0.0790028684 0.171928378 0 0 0
B@CP 2421 -0.0231461822 -0.0786849921 -0.103026476 0 0 0
B@CP 2437 0.228362554 -0.0346073087 0.0211211506 0 0 0
B@CP 2441 0.150634137 -0.169743643 -0.00410851614 0 0 0
B@CP 2456 0.0236177636 0.135349214 0.0195718517 0 0 0
B@CP 2457 -0.273229468 0.313502506 0.106528101 0 0 0
B@CP 2459 0.0119631726 0.393105631 0.028643305 0 0 0
B@CP 2460 0.101126126 0.104510952 0.0687804857 0 0 0
B@CP 2461 0.106958143 0.324015351 0.135627886 0 0 0
B@CP 2462 0.0587186305 -0.0753696739 0.0620125509 0 0 0
B@CP 2467 0.209920694 0.205300086 -0.269946453 0 0 0
B@CP 2471 0.0250795491 -0.069608178 0.34459477 0 0 0
B@CP 2475 0.0905847662 -0.0481268778 0.405886984 0 0 0
B@CP 2477 0.0299150987 0.441920648 -0.0987518554 0 0 0
B@CP 2481 0.22576746 -0.212049074 0.234841738 0 0 0
B@CP 2487 -0.249268937 0.114185021 -0.122880656 0 0 0
B@CP 2492 0.262698309 0.337059854 0.0159284839 0 0 0
C@CP 2500 -0.0322941789 -0.0278507972 -0.0420341086 0 0 0
C@CP 2501 0.0372455696 0.252884816 -0.311153836 0 0 0
C@CP 2502 -0.158478371 -0.401431986 0.215166129 0 0 0
C@CP 2503 0.0945815447 0.135101102 -0.0213476636 0 0 0
C@CP 2504 0.411234208 0.00609343885 -0.0324291401 0 0 0
C@CP 2505 -0.000843992462 0.223870538 0.410256259 0 0 0
C@CP 2506 -0.268805873 0.0272362299 -0.226997231 0 0 0
C@CP 2507 0.263060421 -0.322526362 0.146799728 0 0 0
C@CP 2508 0.218321903 -0.293037593 0.0868239815 0 0 0
C@CP 2509 -0.0747667566 0.078021135 0.177731724 0 0 0
C@CP 2510 -0.230842359 0.210735444 -0.248018152 0 0 0
C@CP 2511 -0.00974834206 -0.102535519 -0.00675913028 0 0 0
C@CP 2512 0.134346215 -0.320135172 0.248998831 0 0 0
C@CP 2513 0.234295279 0.217345604 -0.136399188 0 0 0
C@CP 2514 -0.0605004183 -0.0587023557 0.00440532106 0 0 0
C@CP 2515 -0.0907452148 -0.0460906361 0.44940876 0 0 0
C@CP 2516 -0.0524066496 -0.113375413 -0.107891179 0 0 0
C@CP 2517 -0.0183426784 0.204268252 0.251571757 0 0 0
C@CP 2518 0.0995585235 0.0334962305 0.230851092 0 0 0
C@CP 2519 0.00862193895 0.192705721 0.110527801 0 0 0
C@CP 2520 -0.0723705576 -0.408665052 -0.201259635 0 0 0
C@CP 2521 0.410476708 0.0133555663 0.125585806 0 0 0
C@CP 2522 -0.105849805 0.281765181 0.0269691635 0 0 0
C@CP 2523 0.0437546487 0.154483617 -0.199943289 0 0 0
C@CP 2524 0.111540156 -0.400138914 -0.240002092 0 0 0
C@CP 2525 0.0373738354 -0.350039743 0.0833166615 0 0 0
C@CP 2526 0.118123137 -0.400336448 -0.230080153 0 0 0
C@CP 2527 0.161031635 0.140718742 0.133716463 0 0 0
C@CP 2528 -0.1990328 0.207941541 -0.0800476515 0 0 0
C@CP 2529 -0.00804430485 -0.0086481894 -0.0881096242 0 0 0
C@CP 2530 0.111984591 -0.229155821 0.160584149 0 0 0
C@CP 2531 0.190374096 0.347212879 -0.119742962 0 0 0
C@CP 2532 -0.213637584 -0.0711381915 -0.151747223 0 0 0
C@CP 2533 -0.098093015 -0.0202159624 -0.341795795 0 0 0
C@CP 2534 0.0132861909 -0.0524303655 0.074129219 0 0 0
C@CP 2535 0.311705166 -0.0871973889 0.284550853 0 0 0
C@CP 2536 -0.0919827097 -0.168933688 0.426628716 0 0 0
C@CP 2537 0.0387172659 -0.225041276 0.352016808 0 0 0
C@CP 2538 -0.264552344 0.267531188 0.143541609 0 0 0
C@CP 2539 -0.112058728 0.0810642818 0.120449919 0 0 0
C@CP 2540 0.179511143 -0.166789071 0.0531883739 0 0 0
C@CP 2541 0.406780375 0.0913732972 -0.0130026443 0 0 0
C@CP 2542 -0.102515138 0.22462444 -0.293913956 0 0 0
C@CP 2543 0.127496438 0.186598648 -0.35593637 0 0 0
C@CP 2544 0.116059761 -0.00739317759 -0.0375333692 0 0 0
C@CP 2545 -0.398917579 0.00308522516 0.103325273 0 0 0
C@CP 2546 0.138533659 -0.21809274 -0.267097632 0 0 0
C@CP 2547 0.104134006 0.267612982 -0.216135255 0 0 0
C@CP 2548 -0.332805867 -0.248472304 -0.198011433 0 0 0
C@CP 2549 0.00336210425 -0.0462968188 -0.0483131081 0 0 0
C@CP 2550 -0.0834746364 0.0644281793 -0.0886590421 0 0 0
C@CP 2551 -0.271754409 -0.023298597 0.00395927606 0 0 0
C@CP 2552 0.130263739 0.171836816 0.0148992964 0 0 0
C@CP 2553 -0.106532863 0.102566042 0.0893737409 0 0 0
C@CP 2554 0.241754209 -0.379553742 0.0852192885 0 0 0
C@CP 2555 0.358624402 -0.0961356216 0.25938268 0 0 0
C@CP 2556 -0.18804782 -0.349109162 0.0525665335 0 0 0
C@CP 2557 -0.424045169 0.152338716 0.126212283 0 0 0
C@CP 2558 0.233740094 0.0860214778 -0.156790528 0 0 0
C@CP 2559 0.157423088 -0.236342275 -0.314798475 0 0 0
C@CP 2560 -0.0796008049 -0.389497702 -0.0471135055 0 0 0
C@CP 2561 -0.0284000546 0.352245602 -0.0187260412 0 0 0
C@CP 2562 0.349275199 -0.0336149584 -0.0543144796 0 0 0
C@CP 2563 -0.146398406 0.00416396994 0.016364595 0 0 0
C@CP 2564 0.0743197109 -0.181140499 -0.240398259 0 0 0
C@CP 2565 -0.106493038 -0.101601501 0.326259146 0 0 0
C@CP 2566 0.263644361 -0.232349746 -0.188216157 0 0 0
C@CP 2567 0.111113547 0.312098343 -0.310299494 0 0 0
C@CP 2568 0.191306285 0.256492333 0.13907178 0 0 0
C@CP 2569 -0.0458310732 -0.268123936 0.18004836 0 0 0
C@CP 2570 0.437043218 -0.0870060752 0.00101055754 0 0 0
C@CP 2571 -0.157057156 0.0458951455 0.39930891 0 0 0
C@CP 2572 0.231298303 0.226705811 0.182594368 0 0 0
C@CP 2573 -0.118546002 0.322861291 0.10444816 0 0 0
C@CP 2574 0.184345773 -0.240844556 -0.275757926 0 0 0
C@CP 2575 0.00968622204 0.347233809 -0.303095422 0 0 0
C@CP 2576 0.0483417559 -0.0883853245 0.441545116 0 0 0
C@CP 2577 -0.257115269 0.120890587 0.0339343662 0 0 0
C@CP 2578 0.0540295149 -0.0716603264 0.0467397191 0 0 0
C@CP 2579 0.203644844 -0.168522299 -0.100012973 0 0 0
C@CP 2580 -0.032571186 0.288556696 0.143276816 0 0 0
C@CP 2581 -0.0163057013 0.323441704 -0.263154468 0 0 0
C@CP 2582 0.0272277847 -0.039860826 0.375491449 0 0 0
C@CP 2583 0.228689243 -0.290242703 -0.211664245 0 0 0
C@CP 2584 -0.0813070057 0.244178153 0.0554426522 0 0 0
C@CP 2585 -0.347286282 -0.0163039174 0.091495925 0 0 0
C@CP 2586 0.0594128266 0.0516024753 -0.0247408295 0 0 0
C@CP 2587 0.0172168868 -0.117433678 -0.00789574447 0 0 0
C@CP 2588 0.229239204 0.0749494405 0.0688947777 0 0 0
C@CP 2589 -0.1391634 0.0884690743 -0.236225824 0 0 0
C@CP 2590 0.335403974 0.205881277 -0.102329318 0 0 0
C@CP 2591 -0.013616685 -0.227638934 -0.390428336 0 0 0
C@CP 2592 -0.226094836 0.347567647 -0.080498681 0 0 0
C@CP 2593 0.094657219 -0.0133969224 -0.193072664 0 0 0
C@CP 2594 0.061311443 -0.187217758 0.345653051 0 0 0
C@CP 2595 0.0365243988 -0.074580844 -0.243808491 0 0 0
C@CP 2596 0.0586431891 -0.31136573 0.137182459 0 0 0
C@CP 2597 0.254432954 -0.19900176 -0.024919669 0 0 0
C@CP 2598 -0.019132971 -0.320233124 -0.0599447656 0 0 0
C@CP 2599 0.324639546 0.199790056 -0.00168956771 0 0 0
C@CP 2600 0.310324187 0.260000079 0.226396082 0 0 0
C@CP 2601 0.434403594 -0.0327777603 -0.139026283 0 0 0
C@CP 2602 0.18477938 -0.313308938 0.192969699 0 0 0
C@CP 2603 -0.00349120582 0.262543074 0.0908465366 0 0 0
C@CP 2604 0.156936286 0.0906766261 -0.0519611952 0 0 0
C@CP 2605 -0.203287467 0.041446688 -0.3555535 0 0 0
C@CP 2606 0.138359141 -0.348125337 -0.254604183 0 0 0
C@CP 2607 0.00737549883 0.18549026 0.427029013 0 0 0
C@CP 2608 -0.210010009 -0.300084507 -0.246545589 0 0 0
C@CP 2609 0.318644128 0.0224643258 0.0310812106 0 0 0
C@CP 2610 0.219122569 0.067545281 -0.0303058667 0 0 0
C@CP 2611 -0.0920905658 -0.305712168 0.345910014 0 0 0
C@CP 2612 0.106662787 -0.386825478 -0.182995461 0 0 0
C@CP 2613 -0.226291647 -0.240163369 0.323290009 0 0 0
C@CP 2614 -0.00131711631 0.0407888894 0.303727525 0 0 0
C@CP 2615 -0.223556077 0.0647252312 0.0773348928 0 0 0
C@CP 2616 -0.137563726 -0.129049102 -0.280629906 0 0 0
C@CP 2617 0.407547486 -0.0919678122 -0.186958191 0 0 0
C@CP 2618 -0.102925772 0.187695587 -0.028655224 0 0 0
C@CP 2619 -0.0704963821 0.105831273 0.199402122 0 0 0
C@CP 2620 0.216759628 0.129500536 0.00804643753 0 0 0
C@CP 2621 -0.222224871 -0.130099963 0.403185425 0 0 0
C@CP 2622 -0.213295696 -0.252902679 0.162113189 0 0 0
C@CP 2623 0.00841057911 0.433692266 -0.152741769 0 0 0
C@CP 2624 0.0945293721 -0.0728055262 -0.209662174 0 0 0
C@CP 2625 -0.395035179 0.0832054318 -0.0506800455 0 0 0
C@CP 2626 -0.220520309 0.0799887918 0.236668012 0 0 0
C@CP 2627 -0.131693378 -0.107916158 0.0420892909 0 0 0
C@CP 2628 -0.0265365868 -0.285288491 0.237219307 0 0 0
C@CP 2629 0.382151113 -0.115653249 0.179726558 0 0 0
C@CP 2630 -0.253212015 -0.319835746 0.00645712573 0 0 0
C@CP 2631 -0.071019314 -0.157253433 0.125770562 0 0 0
C@CP 2632 0.20699618 -0.265981048 0.136099579 0 0 0
C@CP 2633 0.0913653711 0.0297036181 0.296761376 0 0 0
C@CP 2634 -0.295066562 0.0404738121 -0.354582788 0 0 0
C@CP 2635 -0.288755966 -0.162282324 -0.194419417 0 0 0
C@CP 2636 -0.219581676 -0.162525515 -0.0730356683 0 0 0
C@CP 2637 -0.0885542893 -0.339674228 0.11638522 0 0 0
C@CP 2638 0.0255044954 0.00980631145 0.0352620635 0 0 0
C@CP 2639 -0.302467709 0.0526798199 -0.176834628 0 0 0
C@CP 2640 -0.223377137 -0.23043916 0.126961568 0 0 0
C@CP 2641 0.276384174 -0.190463919 0.192427957 0 0 0
C@CP 2642 0.313878552 0.211366809 -0.101488893 0 0 0
C@CP 2643 0.288229727 0.0773353506 0.33896793 0 0 0
C@CP 2644 -0.044966941 -0.195524486 0.137368177 0 0 0
C@CP 2645 -0.306819447 0.328699085 0.0756321497 0 0 0
C@CP 2646 0.167583267 0.214628418 -0.14010995 0 0 0
C@CP 2647 0.21877669 -0.0880216985 -0.020722366 0 0 0
C@CP 2648 0.246073154 0.176626774 -0.206373999 0 0 0
C@CP 2649 -0.321317013 0.0243715162 -0.185196209 0 0 0
C@CP 2650 -0.0847575351 0.370989608 -0.139974868 0 0 0
C@CP 2651 -0.23050381 0.265479332 -0.205048369 0 0 0
C@CP 2652 -0.340373986 0.225613299 0.0468678981 0 0 0
C@CP 2653 -0.355813901 0.1378139 0.11554587 0 0 0
C@CP 2654 -0.1014889 0.190366872 0.283323266 0 0 0
C@CP 2655 -0.0321668631 -0.0145665049 -0.285611106 0 0 0
C@CP 2656 -0.311557854 -0.176989168 0.0479589717 0 0 0
C@CP 2657 -0.131957073 0.328169797 -0.121507369 0 0 0
C@CP 2658 0.0597348097 0.335140841 -0.0258314497 0 0 0
C@CP 2659 -0.364743745 0.249897832 -0.113306756 0 0 0
C@CP 2660 -0.200855082 -0.182562913 -0.342282011 0 0 0
C@CP 2662 -0.00562890565 0.0979673209 0.321911357 0 0 0
C@CP 2663 0.0770985715 -0.101092375 0.0522087144 0 0 0
C@CP 2664 0.154054274 -0.0728790721 -0.0400768056 0 0 0
C@CP 2665 -0.104887339 -0.360617174 0.267934963 0 0 0
C@CP 2666 0.116254212 0.126172417 -0.311001515 0 0 0
C@CP 2667 0.127059459 0.127665921 -0.14052756 0 0 0
C@CP 2668 -0.0827784139 0.0570414868 0.422748546 0 0 0
C@CP 2669 0.214195139 -0.119227816 0.284202754 0 0 0
C@CP 2670 -0.105395071 0.0247207883 0.278261404 0 0 0
C@CP 2671 -0.257011029 -0.0937391535 0.211663667 0 0 0
C@CP 2672 0.298730938 0.165185231 0.305866845 0 0 0
C@CP 2673 0.16754661 -0.287413901 -0.0164984148 0 0 0
C@CP 2674 0.154578444 -0.227693789 0.197522127 0 0 0
C@CP 2675 0.0293564651 -0.228864735 -0.330334985 0 0 0
C@CP 2676 0.414845387 0.148846559 -0.00668699354 0 0 0
C@CP 2677 -0.0113355817 0.224389194 0.0094463093 0 0 0
C@CP 2678 0.0952581341 -0.0246975489 0.411491064 0 0 0
C@CP 2679 -0.00707452444 -0.261539207 0.367007796 0 0 0
C@CP 2680 -0.203639919 -0.157030441 -0.0174124935 0 0 0
C@CP 2681 -0.315195432 -0.0130872612 -0.0779463766 0 0 0
C@CP 2682 -0.0914349534 0.274975407 0.164814617 0 0 0
C@CP 2683 0.143925814 0.253880237 -0.244299639 0 0 0
C@CP 2684 -0.0930024906 0.106727821 -0.439948731 0 0 0
C@CP 2685 -0.0705374876 0.0778076129 0.227564536 0 0 0
C@CP 2686 -0.0989297983 0.120832978 0.433729867 0 0 0
C@CP 2687 0.110262182 -0.00213416861 -0.152502231 0 0 0
C@CP 2688 0.118445714 -0.0679906364 0.0901494649 0 0 0
C@CP 2689 -0.32318211 0.172983103 -0.204960476 0 0 0
C@CP 2690 0.31218553 0.0319913934 -0.110239646 0 0 0
C@CP 2691 -0.0406261288 -0.102206893 -0.404760234 0 0 0
C@CP 2692 -0.0698583045 -0.00947825463 0.114224636 0 0 0
C@CP 2693 0.019639985 0.296723581 0.189301508 0 0 0
C@CP 2694 -0.0380769999 -0.33428298 0.0254731808 0 0 0
C@CP 2695 -0.238997452 0.0365798394 -0.174725146 0 0 0
C@CP 2696 -0.0538229023 -0.0778394007 -0.305670244 0 0 0
C@CP 2697 0.309046507 0.142306019 -0.00665857323 0 0 0
C@CP 2698 -0.0564091895 0.0495571686 0.437139744 0 0 0
C@CP 2699 -0.167504688 0.23983595 -0.0827873875 0 0 0
C@CP 2700 -0.298178284 0.332147804 -0.0700105998 0 0 0
C@CP 2701 0.228769843 -0.0844644266 -0.00558783436 0 0 0
C@CP 2702 -0.244968985 0.0303030529 -0.38795135 0 0 0
C@CP 2703 0.11246298 0.0791477614 -0.0451888256 0 0 0
C@CP 2704 0.369957278 -0.142441887 0.186545629 0 0 0
C@CP 2705 0.0366444928 0.271557475 -0.0839374767 0 0 0
C@CP 2706 0.250788231 0.0199092941 -0.303497182 0 0 0
C@CP 2707 0.255634831 0.017478397 -0.1823803 0 0 0
C@CP 2708 -0.349439723 0.275851028 0.0467420816 0 0 0
C@CP 2709 0.259185537 0.183879254 0.221908656 0 0 0
C@CP 2710 0.0124447197 0.223980373 0.105756577 0 0 0
C@CP 2711 0.0774778069 0.111565748 -0.106270503 0 0 0
C@CP 2712 0.217843062 0.144911856 -0.112572185 0 0 0
C@CP 2713 -0.222600308 -0.39202752 0.0257644175 0 0 0
C@CP 2714 -0.385359789 0.12194592 -0.0089856836 0 0 0
C@CP 2715 -0.158672725 -0.042761909 -0.22687572 0 0 0
C@CP 2716 0.386304414 -0.165806397 0.116711135 0 0 0
C@CP 2717 -0.106598583 -0.116475921 0.334455306 0 0 0
C@CP 2718 -0.222013485 -0.189788584 0.0363657829 0 0 0
C@CP 2719 -0.00895746587 -0.139649931 -0.285168791 0 0 0
C@CP 2720 -0.151443259 0.433859049 -0.0677594002 0 0 0
C@CP 2721 -0.0777672148 -0.0910197285 -0.250453878 0 0 0
C@CP 2722 0.138260942 0.230934733 -0.340089621 0 0 0
C@CP 2723 0.126442194 -0.280632482 0.189819561 0 0 0
C@CP 2724 -0.101640068 -0.157842587 0.0273379451 0 0 0
C@CP 2725 -0.0950886716 -0.301633977 0.297814735 0 0 0
C@CP 2726 -0.339935514 -0.224338862 -0.0321813546 0 0 0
C@CP 2727 -0.164857746 0.164052836 -0.176806394 0 0 0
C@CP 2728 -0.272315871 -0.208860697 0.0909712838 0 0 0
C@CP 2729 0.0982162821 0.237428516 0.107588316 0 0 0
C@CP 2730 0.337305225 0.265886346 0.168850409 0 0 0
C@CP 2731 0.216503953 -0.159351891 -0.0594840601 0 0 0
C@CP 2732 0.117549998 -0.314394136 -0.264603137 0 0 0
C@CP 2733 0.251063444 -0.0613263874 -0.35179708 0 0 0
C@CP 2734 -0.0491160827 0.213229314 -0.380216267 0 0 0
C@CP 2735 0.0800106551 -0.285981698 0.280529775 0 0 0
C@CP 2736 -0.300678808 -0.2665068 -0.0318452749 0 0 0
C@CP 2737 -0.185589544 -0.180266465 -0.357073501 0 0 0
C@CP 2738 0.155855505 0.345784483 -0.254898072 0 0 0
C@CP 2739 0.191434481 0.0750603641 -0.16644585 0 0 0
C@CP 2740 0.0602145061 0.45377575 0.0249069814 0 0 0
C@CP 2741 0.280492757 0.0655350143 -0.347688047 0 0 0
C@CP 2742 -0.13938945 0.204625529 0.130003857 0 0 0
C@CP 2743 0.391167491 0.0619080797 -0.191674498 0 0 0
C@CP 2744 0.125471914 0.234984119 0.323472819 0 0 0
C@CP 2745 0.150406761 0.135670435 -0.161033594 0 0 0
C@CP 2746 0.204544802 -0.251541123 0.239466835 0 0 0
C@CP 2747 0.00339822625 0.179866187 0.154282823 0 0 0
C@CP 2748 -0.0451312399 0.187096275 -0.0217023695 0 0 0
C@CP 2749 0.198409835 0.155495646 -0.236297494 0 0 0
C@CP 2750 0.18745284 0.11077897 -0.212047292 0 0 0
C@CP 2751 -0.0730593153 -0.162099687 0.0242993704 0 0 0
C@CP 2752 -0.106400776 0.318101131 -0.292547973 0 0 0
C@CP 2753 0.243968627 0.222506384 0.286886881 0 0 0
C@CP 2754 -0.257486822 0.207345505 -0.197179512 0 0 0
C@CP 2755 -0.211606478 -0.128167544 -0.125718269 0 0 0
C@CP 2756 -0.131227233 -0.214851691 0.263054786 0 0 0
C@CP 2757 -0.000405662051 0.312435827 -0.256288184 0 0 0
C@CP 2758 -0.0133648872 0.279779262 0.208335253 0 0 0
C@CP 2759 -0.253288836 -0.0943151918 -0.070186373 0 0 0
C@CP 2760 0.0168345108 0.0697699436 0.264415648 0 0 0
C@CP 2761 -0.143979263 0.278900409 0.175672299 0 0 0
C@CP 2762 -0.158239551 0.209240064 0.172369095 0 0 0
C@CP 2763 -0.161333984 0.340094586 -0.193534625 0 0 0
C@CP 2764 0.101079368 -0.279051619 -0.201892875 0 0 0
C@CP 2765 -0.00350027377 -0.0594299488 -0.39449268 0 0 0
C@CP 2766 -0.294284805 0.138529674 0.189097083 0 0 0
C@CP 2767 0.015750571 -0.114895463 0.205794947 0 0 0
C@CP 2768 0.196779961 0.0620915798 0.187692333 0 0 0
C@CP 2769 -0.256130033 0.22744472 0.120604111 0 0 0
C@CP 2770 0.136036507 -0.30591548 -0.106571647 0 0 0
C@CP 2771 0.186838552 -0.213447521 0.334359579 0 0 0
C@CP 2772 -0.0236294207 -0.181250938 0.0547696285 0 0 0
C@CP 2773 0.122408411 -0.0192245262 -0.0799787689 0 0 0
C@CP 2774 0.0986168147 -0.393995943 -0.197700524 0 0 0
C@CP 2775 -0.301012662 0.267732334 -0.217555486 0 0 0
C@CP 2776 -0.158125791 -0.00761050125 0.150157885 0 0 0
C@CP 2777 0.310779002 0.284598083 -0.0791050879 0 0 0
C@CP 2778 -0.0632005764 -0.216580819 -0.179679969 0 0 0
C@CP 2779 -0.00891179522 -0.154982231 0.0751571305 0 0 0
C@CP 2780 -0.106046976 0.134283726 0.123920101 0 0 0
C@CP 2781 0.257395 0.149830549 -0.113989641 0 0 0
C@CP 2782 -0.0741902832 -0.174525242 -0.41334594 0 0 0
C@CP 2783 0.35402898 -0.113977462 -0.121410693 0 0 0
C@CP 2784 0.121617527 -0.321996218 0.269259325 0 0 0
C@CP 2785 0.293118734 0.13340966 0.23244262 0 0 0
C@CP 2786 -0.308206295 0.234217435 0.143223677 0 0 0
C@CP 2787 0.0317781668 0.0259723865 -0.16779166 0 0 0
C@CP 2788 -0.290610902 0.294024818 -0.163510858 0 0 0
C@CP 2789 -0.170057644 -0.106185918 -0.177622189 0 0 0
C@CP 2790 -0.220974109 0.182541547 0.153634031 0 0 0
C@CP 2791 -0.273017493 -0.205277883 0.0695593612 0 0 0
C@CP 2792 0.268346882 0.292726222 0.175132611 0 0 0
C@CP 2793 -0.0281540026 -0.115989324 0.199325882 0 0 0
C@CP 2794 0.314948729 -0.169732832 -0.125694807 0 0 0
C@CP 2795 0.00954031243 -0.0028480322 -0.0615219435 0 0 0
C@CP 2796 -0.102217539 0.0841858871 -0.118491402 0 0 0
C@CP 2797 0.062421593 0.0911880047 -0.432457767 0 0 0
C@CP 2798 0.0288618154 0.168474174 0.425171851 0 0 0
C@CP 2799 -0.208816101 -0.160889749 -0.281276959 0 0 0
C@CP 2800 0.232991148 -0.0922445403 0.245458944 0 0 0
C@CP 2801 0.206409109 -0.252647199 -0.0603661063 0 0 0
C@CP 2802 0.40290098 -0.0555439647 0.0637493872 0 0 0
C@CP 2803 -0.362223462 0.0434495554 0.0993046812 0 0 0
C@CP 2804 -0.163033826 -0.257260949 -0.0478760616 0 0 0
C@CP 2805 0.391453235 -0.189448476 -0.0222306508 0 0 0
C@CP 2806 -0.352593601 -0.0891357239 0.20357989 0 0 0
C@CP 2807 -0.126883452 0.0511693921 -0.094598099 0 0 0
C@CP 2808 -0.124440018 -0.0571648409 -0.433586199 0 0 0
C@CP 2809 0.0361000271 0.0595507255 0.371101563 0 0 0
C@CP 2810 -0.388661349 -0.0592005716 0.155824336 0 0 0
C@CP 2811 0.381594633 -0.0186252281 -0.25005826 0 0 0
C@CP 2812 -0.0977915335 -0.400373639 -0.150052542 0 0 0
C@CP 2813 -0.110143852 0.379307538 -0.0523233269 0 0 0
C@CP 2814 -0.244124795 0.184366357 0.344373477 0 0 0
C@CP 2815 -0.367543283 0.0297311476 -0.109874522 0 0 0
C@CP 2816 -0.222928004 -0.026155822 0.312610312 0 0 0
C@CP 2817 -0.0521581265 -0.0690680524 0.11076743 0 0 0
C@CP 2818 0.186478005 0.0565027305 -0.139440927 0 0 0
C@CP 2819 -0.0448638044 -0.267153224 -0.386051955 0 0 0
C@CP 2820 -0.398139229 0.0458737598 -0.197522796 0 0 0
C@CP 2821 0.244416439 0.00419680844 -0.356079331 0 0 0
C@CP 2822 -0.235797057 0.0163143462 0.108406403 0 0 0
C@CP 2823 0.144046565 -0.225313202 0.0147785636 0 0 0
C@CP 2824 -0.134412763 -0.187894774 -0.377886102 0 0 0
C@CP 2825 0.0902288539 -0.303117226 -0.244404699 0 0 0
C@CP 2826 -0.105325773 0.15632065 0.25850133 0 0 0
C@CP 2827 -0.416348182 -0.0905037191 -0.0417748672 0 0 0
C@CP 2828 -0.0555975937 0.0514375132 0.197992 0 0 0
C@CP 2829 -0.0886096206 -0.261040322 -0.37935998 0 0 0
C@CP 2830 0.0818938852 0.22702291 -0.140093984 0 0 0
C@CP 2831 0.18894147 -0.111321438 -0.306954479 0 0 0
C@CP 2832 -0.177077659 0.186384011 -0.230535051 0 0 0
C@CP 2833 -0.201358584 0.00724189281 -0.364797853 0 0 0
C@CP 2834 0.203900011 -0.362519628 -0.160745014 0 0 0
C@CP 2835 -0.116676291 -0.234261036 0.1356954 0 0 0
C@CP 2836 0.234800297 0.371836584 -0.150908666 0 0 0
C@CP 2837 -0.140242625 -0.0211301822 0.390851697 0 0 0
C@CP 2838 0.163451341 -0.312944581 -0.221090481 0 0 0
C@CP 2839 0.340822486 0.0513488096 -0.209700901 0 0 0
C@CP 2840 -0.326227617 -0.00440621416 -0.17980268 0 0 0
C@CP 2841 -0.0805115424 0.258200661 -0.232291045 0 0 0
C@CP 2842 0.208334102 0.0698731041 -0.287867122 0 0 0
C@CP 2843 -0.0305308146 0.328030006 -0.0273897432 0 0 0
C@CP 2844 -0.363527051 -0.0577016417 0.209763062 0 0 0
C@CP 2845 -0.042070403 0.0244707407 0.184561235 0 0 0
C@CP 2846 -0.152022617 0.0424315773 0.351076261 0 0 0
C@CP 2847 0.0827985129 0.108537919 -0.0453850512 0 0 0
C@CP 2848 -0.383904288 0.217878473 0.0819746463 0 0 0
C@CP 2849 0.208949987 0.0806761388 0.156938614 0 0 0
C@CP 2850 0.301765739 -0.350722113 0.00258427123 0 0 0
C@CP 2851 0.244020883 -0.0283972278 0.297324725 0 0 0
C@CP 2852 0.334371865 0.184333399 -0.260615956 0 0 0
C@CP 2853 -0.250783803 -0.299458683 -0.0148190451 0 0 0
C@CP 2854 0.0978210707 0.294982094 -0.311930262 0 0 0
C@CP 2855 -0.134171929 -0.402705188 0.129699324 0 0 0
C@CP 2856 -0.0690425542 -0.0489063232 -0.308637394 0 0 0
C@CP 2857 -0.0887609921 -0.306939197 -0.315885867 0 0 0
C@CP 2858 -0.301251732 -0.174528312 0.266629584 0 0 0
C@CP 2859 0.18949711 0.309798768 -0.0275056404 0 0 0
C@CP 2860 0.288106902 0.157281423 0.0942099489 0 0 0
C@CP 2861 0.065533701 0.232849641 0.103060297 0 0 0
C@CP 2862 0.0765978153 -0.408328618 0.0688691342 0 0 0
C@CP 2863 0.463188353 -0.0505140805 0.0233842437 0 0 0
C@CP 2864 0.0791737844 -0.0812696151 0.118845632 0 0 0
C@CP 2865 0.236806035 0.0494241973 0.383372746 0 0 0
C@CP 2866 0.0327073199 -0.18197106 0.266968418 0 0 0
C@CP 2867 0.136105301 0.220778477 0.0530679175 0 0 0
C@CP 2868 -0.363612934 0.217548585 0.20057261 0 0 0
C@CP 2869 0.166748482 0.140646445 0.309182172 0 0 0
C@CP 2870 0.0503635399 0.0193610204 -0.178529803 0 0 0
C@CP 2871 0.0153351557 -0.0318741326 -0.163501578 0 0 0
C@CP 2872 -0.122994477 0.238620439 -0.317971553 0 0 0
C@CP 2873 -0.151008308 0.0159344691 0.307581717 0 0 0
C@CP 2874 -0.0483809694 0.222520105 0.381931489 0 0 0
C@CP 2875 -0.0232333671 0.275273941 -0.0797018481 0 0 0
C@CP 2876 0.0918714838 -0.182730392 -0.025096312 0 0 0
C@CP 2877 -0.0060116784 0.239276189 0.383502417 0 0 0
C@CP 2878 -0.0737559916 0.19217403 0.251828019 0 0 0
C@CP 2879 0.117458958 -0.144354377 0.320154553 0 0 0
C@CP 2880 0.42230221 -0.155515188 0.075963178 0 0 0
C@CP 2881 -0.176761304 0.336206954 0.00551818636 0 0 0
C@CP 2882 0.254680613 0.233846994 -0.037507633 0 0 0
C@CP 2883 0.0545735664 0.400963418 -0.234841908 0 0 0
C@CP 2884 0.238025985 0.238988539 -0.0612753792 0 0 0
C@CP 2885 0.35849865 -0.241034675 -0.0994084442 0 0 0
C@CP 2886 0.0614605817 0.00987725906 -0.461195486 0 0 0
C@CP 2887 0.0227115137 -0.106177341 0.196023012 0 0 0
C@CP 2888 -0.139200868 0.200805852 0.220275003 0 0 0
C@CP 2889 -0.152041684 0.0542423106 0.419303769 0 0 0
C@CP 2890 -0.0965369203 -0.256941003 0.339652781 0 0 0
C@CP 2891 0.0971333368 0.13324624 0.206258393 0 0 0
C@CP 2892 -0.324779421 0.12223053 0.120784364 0 0 0
C@CP 2893 -0.307224747 0.133902741 -0.0751196387 0 0 0
C@CP 2894 0.0990558572 -0.03748761 -0.289904979 0 0 0
C@CP 2895 0.176449988 -0.336983789 -0.0836839077 0 0 0
C@CP 2896 -0.2089447 0.266789443 -0.24042377 0 0 0
C@CP 2897 -0.0867475525 -0.0672198239 -0.12220779 0 0 0
C@CP 2898 -0.243135888 -0.0182295265 0.144558921 0 0 0
C@CP 2899 -0.391290186 -0.0881710015 -0.243995421 0 0 0
C@CP 2900 -0.189795682 0.0431155218 0.190048072 0 0 0
C@CP 2901 -0.0178243079 -0.0178543559 -0.208222766 0 0 0
C@CP 2902 -0.0201330486 -0.292994127 0.322115629 0 0 0
C@CP 2903 -0.384437891 0.233868658 0.00537405884 0 0 0
C@CP 2904 -0.00623256167 0.0483231395 -0.36985477 0 0 0
C@CP 2905 0.0865504858 -0.407687143 -0.200630861 0 0 0
C@CP 2906 -0.184818663 0.127647252 0.294002785 0 0 0
C@CP 2907 -0.344602756 0.0179818848 -0.0797482643 0 0 0
C@CP 2908 -0.204783871 0.399021696 -0.141023067 0 0 0
C@CP 2909 0.0676326777 -0.153245254 0.177486774 0 0 0
C@CP 2910 0.256169095 -0.0832954943 0.273703486 0 0 0
C@CP 2911 -0.0603074548 0.29215974 -0.175927774 0 0 0
C@CP 2912 0.345744365 -0.276482059 0.172606814 0 0 0
C@CP 2913 0.169891536 -0.0900182095 -0.135031548 0 0 0
C@CP 2914 -0.0872965111 0.383737396 0.10057858 0 0 0
C@CP 2915 -0.10853891 -0.412857221 0.114615363 0 0 0
C@CP 2916 0.172845466 0.400691377 -0.042908242 0 0 0
C@CP 2917 0.228975877 0.112130963 0.0480238579 0 0 0
C@CP 2918 -0.215754086 0.0921873638 -0.0509491898 0 0 0
C@CP 2919 0.105781435 -0.00809729373 0.422210372 0 0 0
C@CP 2920 0.0159200117 -0.0173482644 0.123056795 0 0 0
C@CP 2921 -0.255114094 -0.309953823 0.202492124 0 0 0
C@CP 2922 0.339236379 -0.0841858315 0.251263335 0 0 0
C@CP 2923 0.036292919 -0.162208798 0.0373076051 0 0 0
C@CP 2924 -0.110970675 0.182562835 -0.189649531 0 0 0
C@CP 2925 0.0961162357 -0.424023746 0.00341237954 0 0 0
C@CP 2926 0.0904209488 -0.389012598 0.0192121607 0 0 0
C@CP 2927 -0.117933479 -0.332016032 -0.166013975 0 0 0
C@CP 2928 0.0634019004 -0.243597488 0.0676590735 0 0 0
C@CP 2929 0.408274945 0.197848915 -0.119295401 0 0 0
C@CP 2930 0.0100566625 0.241294187 -0.348732869 0 0 0
C@CP 2931 -0.0770967983 0.270099757 0.190704272 0 0 0
C@CP 2932 0.0506637704 0.286186196 -0.330674838 0 0 0
C@CP 2933 -0.0180152722 -0.30896134 -0.242532105 0 0 0
C@CP 2934 -0.231762413 -0.164694507 0.034762299 0 0 0
C@CP 2935 0.102509851 -0.17268056 0.0982551811 0 0 0
C@CP 2936 -0.203501236 0.214866972 0.195804497 0 0 0
C@CP 2937 -0.138292437 0.00463901847 0.202478836 0 0 0
C@CP 2938 -0.124701558 0.0154271401 -0.372590856 0 0 0
C@CP 2939 0.0878841158 -0.283402778 -0.259069377 0 0 0
C@CP 2940 0.0843624593 -0.291163146 0.154625376 0 0 0
C@CP 2941 0.194351056 0.366486936 -0.116592373 0 0 0
C@CP 2942 -0.129577741 -0.255384137 0.107201467 0 0 0
C@CP 2943 -0.0208618299 0.0561527118 -0.0421849661 0 0 0
C@CP 2944 -0.0518767614 0.0413314098 -0.0117272512 0 0 0
C@CP 2945 0.265394657 0.333972462 -0.194475991 0 0 0
C@CP 2946 0.398498141 -0.107188978 0.0812931805 0 0 0
C@CP 2947 0.0620984258 0.0876942877 -0.0817381987 0 0 0
C@CP 2948 -0.128777183 -0.0360679312 0.0738037184 0 0 0
C@CP 2949 -0.372221181 0.268443258 0.092083491 0 0 0
C@CP 2950 0.0930068562 0.11436611 0.274384304 0 0 0
C@CP 2951 -0.274912513 -0.0914179625 0.338553764 0 0 0
C@CP 2952 0.427939503 0.162768752 0.107257959 0 0 0
C@CP 2953 0.0109928699 0.385552286 -0.113622286 0 0 0
C@CP 2954 -0.380250967 0.251678492 -0.155602846 0 0 0
C@CP 2955 0.0157723449 -0.123441933 0.420827349 0 0 0
C@CP 2956 -0.271287123 0.215520525 0.24117776 0 0 0
C@CP 2957 -0.0446097542 0.0955302534 -0.0280505325 0 0 0
C@CP 2958 -0.127731327 -0.100441722 0.400238704 0 0 0
C@CP 2959 0.0354764235 -0.24629579 0.128321641 0 0 0
C@CP 2960 0.422303768 -0.088486691 -0.0438678702 0 0 0
C@CP 2961 0.148264893 0.423008411 -0.00895531344 0 0 0
C@CP 2962 0.373613476 -0.0853067686 0.213740792 0 0 0
C@CP 2963 0.172312159 -0.417520273 0.123657538 0 0 0
C@CP 2964 -0.0409512378 0.130417303 -0.322481214 0 0 0
C@CP 2965 -0.254934235 0.0536691516 0.0232619626 0 0 0
C@CP 2966 -0.0390423479 0.349538964 0.156893445 0 0 0
C@CP 2967 0.200520336 -0.207067586 0.0288201672 0 0 0
C@CP 2968 -0.125230376 -0.160587689 -0.0255068041 0 0 0
C@CP 2969 0.192189346 0.272574653 -0.208233466 0 0 0
C@CP 2970 -0.199180194 0.278396675 0.153020651 0 0 0
C@CP 2971 0.0297592306 -0.302532042 0.0172107039 0 0 0
C@CP 2972 -0.0868480112 0.134017851 0.118619051 0 0 0
C@CP 2973 0.115204296 -0.119004017 -0.249249335 0 0 0
C@CP 2974 0.085602563 -0.0432558328 0.0236538431 0 0 0
C@CP 2975 0.0746498751 0.021641552 -0.388504638 0 0 0
C@CP 2976 -0.16485516 -0.132647242 -0.162184286 0 0 0
C@CP 2977 -0.218139099 0.206146958 0.00966068941 0 0 0
C@CP 2978 0.17564161 0.0335150713 0.0184568183 0 0 0
C@CP 2979 0.0684020285 0.196224948 0.179817609 0 0 0
C@CP 2980 0.276658422 0.1698252 -0.263793931 0 0 0
C@CP 2981 0.155662695 -0.0928084816 0.0707969961 0 0 0
C@CP 2982 -0.025524677 -0.0167585575 0.404187585 0 0 0
C@CP 2983 0.212049428 -0.153573993 0.271059967 0 0 0
C@CP 2984 -0.0382146845 0.0405860009 -0.0843073664 0 0 0
C@CP 2985 -0.297629109 -0.109419735 0.00522909104 0 0 0
C@CP 2986 0.00988579468 -0.0977574335 -0.168167469 0 0 0
C@CP 2987 0.0164518188 -0.366405443 -0.272010353 0 0 0
C@CP 2988 0.0835850117 -0.0997408009 0.114329829 0 0 0
C@CP 2989 -0.0868668676 -0.169457972 0.311497352 0 0 0
C@CP 2990 0.0640729996 -0.176837144 0.412391857 0 0 0
C@CP 2991 -0.19388698 0.296438629 0.0560999423 0 0 0
C@CP 2992 -0.228195337 0.0978172133 0.0823266932 0 0 0
C@CP 2993 -0.339443859 -0.0994488913 -0.149584691 0 0 0
C@CP 2994 0.400694838 0.18299061 -0.139203926 0 0 0
C@CP 2995 -0.185207799 -0.0708433715 -0.170720366 0 0 0
C@CP 2996 -0.204570436 0.192951362 -0.236879878 0 0 0
C@CP 2997 0.00966059388 0.345477061 0.114132291 0 0 0
C@CP 2998 0.121818896 0.18773834 0.317332913 0 0 0
C@CP 2999 0.168359114 -0.32682887 -0.181131869 0 0 0
C@CP 3000 0.0440386489 0.158629821 0.303643486 0 0 0
C@CP 3001 -0.0447330181 -0.423978822 0.139825724 0 0 0
C@CP 3002 -0.134024381 -0.231446494 -0.163671193 0 0 0
C@CP 3003 -0.202234284 0.277619978 -0.218078494 0 0 0
C@CP 3004 -0.0913942197 0.133114755 0.387601741 0 0 0
C@CP 3005 -0.00726718451 0.0322775671 0.173104715 0 0 0
C@CP 3006 0.227100437 0.412051246 -0.0804175024 0 0 0
C@CP 3007 -0.294472255 -0.2603408 0.140543526 0 0 0
C@CP 3008 -0.124919758 0.329841403 0.0134146189 0 0 0
C@CP 3009 0.0890426306 -0.277404025 0.281706032 0 0 0
C@CP 3010 0.126693425 -0.0135544662 -0.141896792 0 0 0
C@CP 3011 0.398391074 -0.0779985265 0.107101526 0 0 0
C@CP 3012 -0.131253101 -0.0119974444 -0.359575285 0 0 0
C@CP 3013 -0.0396746635 0.14951596 0.330100995 0 0 0
C@CP 3014 0.0585479105 -0.119963579 0.161122892 0 0 0
C@CP 3015 0.266563766 0.016541618 -0.15001159 0 0 0
C@CP 3016 -0.214146988 -0.111075866 0.362812822 0 0 0
C@CP 3017 -0.3884129 0.212099075 -0.0590223644 0 0 0
C@CP 3018 -0.143930486 -0.0969340278 0.00349159934 0 0 0
C@CP 3019 0.156066489 -0.329189664 -0.0690376705 0 0 0
C@CP 3020 0.0602957584 -0.450694997 0.0796240223 0 0 0
C@CP 3021 -0.0391630409 0.135002893 0.293219154 0 0 0
C@CP 3022 -0.164532162 -0.244250558 -0.146933412 0 0 0
C@CP 3023 0.0443554947 -0.186640655 -0.0098966877 0 0 0
C@CP 3024 0.13270865 -0.346839742 0.0481622387 0 0 0
C@CP 3025 3.11119322e-05 -0.211588833 0.299044519 0 0 0
C@CP 3026 0.147982854 -0.259951877 -0.302285416 0 0 0
C@CP 3027 -0.0270143335 -0.386774396 0.244434717 0 0 0
C@CP 3028 -0.283437045 -0.202639953 0.0520647684 0 0 0
C@CP 3029 -0.372229511 0.093960063 0.056081229 0 0 0
C@CP 3030 -0.183613971 0.00951433419 0.0791687591 0 0 0
C@CP 3031 0.159482757 0.101846642 0.357437921 0 0 0
C@CP 3032 0.261234531 0.279141854 0.0990136439 0 0 0
C@CP 3033 -0.0426825321 -0.24778648 -0.326319207 0 0 0
C@CP 3034 -0.244391649 -0.278500422 -0.161398568 0 0 0
C@CP 3035 0.193252353 0.181710075 -0.180773377 0 0 0
C@CP 3036 0.386961265 -0.190165982 0.166619458 0 0 0
C@CP 3037 0.0693174816 0.0164232385 0.00122300954 0 0 0
C@CP 3038 -0.325947434 0.131492774 0.146604622 0 0 0
C@CP 3039 -0.0554402769 -0.0221809681 -0.137436532 0 0 0
C@CP 3040 0.106301196 -0.325313986 0.141800391 0 0 0
C@CP 3041 0.111983259 0.110070284 0.353532303 0 0 0
C@CP 3042 -0.0905873524 0.0819653198 -0.259013038 0 0 0
C@CP 3043 0.318684475 -0.253214904 0.00360421814 0 0 0
C@CP 3044 -0.134059069 -0.212483801 -0.0389131501 0 0 0
C@CP 3045 0.0387647378 0.118961413 -0.183534133 0 0 0
C@CP 3046 -0.261981878 -0.112409046 0.267278393 0 0 0
C@CP 3047 0.0893098683 -0.118837537 -0.244746814 0 0 0
C@CP 3048 -0.136673771 -0.397285847 -0.104266981 0 0 0
C@CP 3049 0.00876445213 0.229761328 -0.209478169 0 0 0
C@CP 3050 -0.19541406 0.137523073 -0.071627648 0 0 0
C@CP 3051 -0.349801002 0.00808700362 0.261569564 0 0 0
C@CP 3052 -0.00246740486 0.0521904916 0.0315476844 0 0 0
C@CP 3053 -0.417190873 -0.0214749195 -0.0845840066 0 0 0
C@CP 3054 0.261261227 -0.271356004 -0.00446842656 0 0 0
C@CP 3055 0.236016429 0.267213752 0.118775542 0 0 0
C@CP 3056 -0.31946545 0.0602887602 -0.125803762 0 0 0
C@CP 3057 -0.176338704 -0.168895644 -0.309179345 0 0 0
C@CP 3058 -0.1838129 -0.0268147561 0.285076494 0 0 0
C@CP 3059 -0.0938242492 0.224627124 0.0268856445 0 0 0
C@CP 3060 -0.28363093 -0.295377908 -0.103363021 0 0 0
C@CP 3061 0.223581402 -0.157811772 0.057922428 0 0 0
C@CP 3062 0.260810263 -0.136207223 0.240437827 0 0 0
C@CP 3063 -0.356119932 -0.0353918684 -0.128875773 0 0 0
C@CP 3064 0.176439901 -0.0840602859 0.133282538 0 0 0
C@CP 3065 0.112913851 -0.0988210481 -0.333761968 0 0 0
C@CP 3066 -0.0611596424 0.048465516 0.233966836 0 0 0
C@CP 3067 0.175115305 0.29596795 0.271545306 0 0 0
C@CP 3068 -0.24943193 0.246825607 0.192044588 0 0 0
C@CP 3069 -0.00996996506 0.268538382 -0.300373974 0 0 0
C@CP 3070 0.0614279598 -0.12424767 0.0435440264 0 0 0
C@CP 3071 -0.0810206516 0.040363548 0.377448053 0 0 0
C@CP 3072 0.220035461 0.119292621 -0.170451403 0 0 0
C@CP 3073 0.0842148515 -0.0558949631 -0.294459906 0 0 0
C@CP 3074 -0.109611445 -0.138177268 -0.405402096 0 0 0
C@CP 3075 -0.0193884435 0.418903193 0.190691465 0 0 0
C@CP 3076 -0.30044093 0.107492458 -0.186395979 0 0 0
C@CP 3077 -0.143232243 -0.00594549804 -0.0501666233 0 0 0
C@CP 3079 0.0916287914 0.170236749 0.238684751 0 0 0
C@CP 3080 0.0177603846 -0.179449591 0.36310288 0 0 0
C@CP 3081 0.27264605 0.148502775 0.125734961 0 0 0
C@CP 3082 -0.0715186401 -0.224216939 -0.0859710562 0 0 0
C@CP 3083 -0.142758819 -0.232583973 -0.288005741 0 0 0
C@CP 3084 -0.428626237 0.0694719055 -0.170640668 0 0 0
C@CP 3085 -0.0468956342 -0.42908899 -0.0341540759 0 0 0
C@CP 3086 -0.21258778 0.0922477807 -0.175589801 0 0 0
C@CP 3087 0.0482793375 -0.384178627 -0.0110691189 0 0 0
C@CP 3088 0.0638903458 0.159719347 -0.2685256 0 0 0
C@CP 3089 -0.0886503402 0.0992474909 -0.395246351 0 0 0
C@CP 3090 -0.0747253599 0.144217573 -0.185889335 0 0 0
C@CP 3091 0.327078601 0.0338748726 0.25985226 0 0 0
C@CP 3092 -0.324928982 0.0833686964 0.226678614 0 0 0
C@CP 3093 -0.0363025317 -0.231126677 -0.0694013194 0 0 0
C@CP 3094 -0.0446213419 0.165353458 0.265396633 0 0 0
C@CP 3095 0.205983234 -0.134904082 -0.240565163 0 0 0
C@CP 3096 0.126040879 0.362502297 0.204854229 0 0 0
C@CP 3097 0.320534817 0.0670202239 -0.0622949492 0 0 0
C@CP 3098 0.306454137 0.229356596 -0.0926733569 0 0 0
C@CP 3099 -0.0603299703 -0.33367769 0.0769284509 0 0 0
C@CP 3100 0.414874762 0.0371206195 -0.143447497 0 0 0
C@CP 3101 -0.353951735 -0.155373709 0.091130258 0 0 0
C@CP 3102 0.0873601658 -0.278207162 0.302500478 0 0 0
C@CP 3103 0.35376901 -0.155737564 0.254550013 0 0 0
C@CP 3104 0.0599171886 -0.183313628 0.179750252 0 0 0
C@CP 3105 -0.212723492 -0.181644562 0.297293481 0 0 0
C@CP 3106 0.153333298 -0.026060278 -0.00530863782 0 0 0
C@CP 3107 -0.215163322 -0.303210983 0.0800984941 0 0 0
C@CP 3108 -0.243510424 -0.207034654 0.203097419 0 0 0
C@CP 3109 0.25907213 0.118841875 0.197626623 0 0 0
C@CP 3110 -0.0931841763 -0.237901106 0.0691803497 0 0 0
C@CP 3111 -0.0437179332 -0.0438462244 0.375858289 0 0 0
C@CP 3112 -0.306886582 0.08159598 0.332540812 0 0 0
C@CP 3113 0.164008486 0.281852176 -0.241248512 0 0 0
C@CP 3114 0.198055937 0.00659343292 0.217278044 0 0 0
C@CP 3115 0.265321142 -0.0633667657 0.338961798 0 0 0
C@CP 3116 -0.153970358 0.0511951519 -0.201018069 0 0 0
C@CP 3117 0.361171231 -0.0839319926 0.0905223303 0 0 0
C@CP 3118 -0.0556952859 0.034733679 0.457263735 0 0 0
C@CP 3119 -0.199039269 -0.324814388 0.145396977 0 0 0
C@CP 3120 0.301259395 -0.234667852 -0.0957909853 0 0 0
C@CP 3121 -0.0227977083 -0.237438944 0.206239092 0 0 0
C@CP 3122 0.140953508 -0.392075567 0.179465154 0 0 0
C@CP 3123 0.201106113 0.164497891 0.240017303 0 0 0
C@CP 3124 0.108227407 -0.166690236 -0.240460461 0 0 0
C@CP 3125 0.172022417 0.171759316 -0.34958541 0 0 0
C@CP 3126 0.314305689 -0.248970968 -0.032463404 0 0 0
C@CP 3127 0.162517571 0.319695043 -0.300439678 0 0 0
C@CP 3128 0.0534898496 0.388607384 0.229715421 0 0 0
C@CP 3129 -0.276728303 -0.330862338 -0.148307201 0 0 0
C@CP 3130 0.0744868041 -0.386807571 -0.0783571525 0 0 0
C@CP 3131 0.192359605 -0.0608894981 -0.405519913 0 0 0
C@CP 3132 0.311814824 0.0885445457 -0.153190008 0 0 0
C@CP 3133 -0.0859164538 0.0395034708 -0.16426495 0 0 0
C@CP 3134 0.0238637346 0.0302651427 0.0157905175 0 0 0
C@CP 3135 0.410968873 -0.138230081 0.0634630764 0 0 0
C@CP 3136 -0.157854712 -0.246404025 0.145412543 0 0 0
C@CP 3137 0.375541521 -0.236266819 -0.151614233 0 0 0
C@CP 3138 -0.331060884 -0.316747893 -0.0308320475 0 0 0
C@CP 3139 0.180271685 -0.274795299 -0.276050793 0 0 0
C@CP 3140 0.0934486539 -0.0217565682 -0.437808578 0 0 0
C@CP 3141 -0.0733392221 0.193723477 0.156062686 0 0 0
C@CP 3142 -0.214448322 -0.238533567 0.317463213 0 0 0
C@CP 3143 -0.0599653183 0.0128283316 -0.240921403 0 0 0
C@CP 3144 0.0634448722 0.136158085 0.208059602 0 0 0
C@CP 3145 -0.0178777104 0.0772252807 -0.225641869 0 0 0
C@CP 3146 0.105639537 0.319622585 -0.119991463 0 0 0
C@CP 3147 -0.21226864 0.131144361 -0.406647309 0 0 0
C@CP 3148 -0.00104235928 0.132799723 0.296301035 0 0 0
C@CP 3149 0.150078919 -0.0692752921 0.350816645 0 0 0
C@CP 3150 0.327216371 0.196149636 0.157711907 0 0 0
C@CP 3151 0.256622215 0.359162053 -0.150431159 0 0 0
C@CP 3152 0.0721570017 0.0333953642 0.150668339 0 0 0
C@CP 3153 -0.260335027 0.359448771 -0.10462497 0 0 0
C@CP 3154 0.339296158 0.118634773 -0.290306632 0 0 0
C@CP 3155 0.214403104 0.0730436266 -0.0548501677 0 0 0
C@CP 3156 0.143734832 -0.326533417 -0.30657291 0 0 0
C@CP 3157 -0.0910209053 0.372499374 -0.240952667 0 0 0
C@CP 3158 0.223680949 -0.256999727 0.144082751 0 0 0
C@CP 3159 0.114651775 -0.1558247 0.194350142 0 0 0
C@CP 3160 0.0938875744 -0.204342794 0.00419957073 0 0 0
C@CP 3161 0.138930567 0.0644998007 -0.369655155 0 0 0
C@CP 3162 0.0978260532 -0.267428468 -0.272014382 0 0 0
C@CP 3163 0.00508530337 0.104785249 -0.381178138 0 0 0
C@CP 3164 0.00647703026 0.21282533 0.000368767033 0 0 0
C@CP 3165 0.187094975 0.0244812943 -0.266204935 0 0 0
C@CP 3166 0.296177567 0.0489538632 -0.224711336 0 0 0
C@CP 3167 0.000788628814 -0.00108167303 0.414991738 0 0 0
C@CP 3168 0.241479271 -0.18946199 -0.0894215809 0 0 0
C@CP 3169 -0.209707608 -0.195654803 -0.110833803 0 0 0
C@CP 3170 -0.214857491 0.136513144 -0.125311753 0 0 0
C@CP 3171 0.0317919685 0.42743666 0.133019989 0 0 0
C@CP 3172 -0.0646847282 -0.181934523 -0.368123735 0 0 0
C@CP 3173 0.1932742 -0.367982012 -0.182800434 0 0 0
C@CP 3174 -0.243641098 0.0728624657 0.110774562 0 0 0
C@CP 3175 -0.167479906 -0.0363388493 -0.242221304 0 0 0
C@CP 3176 -0.0431930907 -0.335238807 -0.0475411195 0 0 0
C@CP 3177 0.244029786 0.0779194022 0.191110045 0 0 0
C@CP 3178 0.183084318 -0.127216433 0.196738206 0 0 0
C@CP 3179 0.0908876495 0.256968616 -0.015739025 0 0 0
C@CP 3180 -0.119774779 0.0550316079 -0.118110933 0 0 0
C@CP 3181 -0.0844744877 -0.22648631 -0.30016506 0 0 0
C@CP 3182 -0.0624493721 0.0830966228 -0.453723297 0 0 0
C@CP 3183 0.119344754 -0.285447307 0.143687151 0 0 0
C@CP 3184 0.441256958 -0.106583673 -0.0683668809 0 0 0
C@CP 3185 -0.284374072 0.0166560265 0.109523605 0 0 0
C@CP 3186 0.277454759 0.0979999245 0.169760522 0 0 0
C@CP 3187 0.157045329 -0.148195698 0.0766234518 0 0 0
C@CP 3188 -0.146437993 0.191695412 0.0800784531 0 0 0
C@CP 3189 0.0496883458 -0.344439489 -0.191558534 0 0 0
C@CP 3190 0.193434397 0.183816764 0.0193503693 0 0 0
C@CP 3191 -0.216307347 -0.128764047 0.12750791 0 0 0
C@CP 3192 -0.164627104 -0.0392179629 0.0470230708 0 0 0
C@CP 3193 -0.268360259 -0.121447098 0.0428004233 0 0 0
C@CP 3194 -0.0581788846 -0.0688591549 -0.355716663 0 0 0
C@CP 3195 0.236018883 -0.188826535 -0.307248597 0 0 0
C@CP 3196 0.215060628 -0.302980431 0.00894887207 0 0 0
C@CP 3197 0.0982687388 0.0721766196 -0.191270001 0 0 0
C@CP 3198 0.410364145 -0.157316892 0.0446579095 0 0 0
C@CP 3199 -0.211459133 0.059715588 -0.372702328 0 0 0
C@CP 3200 -0.0885974621 -0.211071396 -0.38527669 0 0 0
C@CP 3201 0.349471567 -0.0252541183 0.00795138051 0 0 0
C@CP 3203 -0.216826111 0.30335837 -0.208345196 0 0 0
C@CP 3204 0.31271283 -0.0946744608 -0.15347222 0 0 0
C@CP 3205 -0.143793352 -0.299657242 -0.177850974 0 0 0
C@CP 3206 -0.205657675 0.358707745 0.0911603333 0 0 0
C@CP 3207 0.155314592 -0.247848094 -0.263008745 0 0 0
C@CP 3208 0.00318102169 -0.253314483 -0.110656157 0 0 0
C@CP 3209 -0.270014916 -0.0738118343 -0.0560553439 0 0 0
C@CP 3210 -0.00946525191 0.114058654 0.0110696331 0 0 0
C@CP 3211 -0.10761463 -0.0941464079 -0.240277059 0 0 0
C@CP 3212 -0.159906426 -0.352205677 -0.0201513467 0 0 0
C@CP 3213 0.354426091 -0.162166512 0.147696213 0 0 0
C@CP 3214 0.000339200633 -0.0595174618 0.269436041 0 0 0
C@CP 3215 0.069292862 0.0867325258 0.0895856833 0 0 0
C@CP 3216 -0.354498057 -0.268675483 -0.101811315 0 0 0
C@CP 3217 0.402767939 -0.227169059 0.0754015362 0 0 0
C@CP 3218 0.279604118 0.199809255 -0.281368372 0 0 0
C@CP 3219 -0.16540559 0.0102359099 -0.154944659 0 0 0
C@CP 3220 0.0353202628 -0.217464211 -0.353469568 0 0 0
C@CP 3221 0.0571379767 -0.229439974 0.282525959 0 0 0
C@CP 3222 -0.0933224921 -0.322875946 -0.21427684 0 0 0
C@CP 3223 -0.337353867 0.0340349168 0.1703684 0 0 0
C@CP 3224 0.0572040667 -0.384553387 -0.0683146486 0 0 0
C@CP 3225 0.163700296 -0.23719517 -0.299960704 0 0 0
C@CP 3226 -0.0824491058 -0.389791347 -0.129640776 0 0 0
C@CP 3227 0.113091541 0.305703957 -0.055745074 0 0 0
C@CP 3228 -0.000987190591 -0.329958637 0.0277047444 0 0 0
C@CP 3229 -0.181987756 0.101924228 -0.219674188 0 0 0
C@CP 3230 0.265338491 -0.00975642645 -0.100508657 0 0 0
C@CP 3231 -0.0451354 0.222286826 0.0253682163 0 0 0
C@CP 3232 -0.0476263705 -0.219766986 -0.353734123 0 0 0
C@CP 3233 0.321700291 -0.201935596 -0.076765683 0 0 0
C@CP 3234 0.36868635 0.222818692 0.0670018426 0 0 0
C@CP 3235 0.00261624023 -0.445684723 0.121756705 0 0 0
C@CP 3236 -0.0836177894 -0.378507594 -0.10105217 0 0 0
C@CP 3237 0.347993838 -0.155885106 0.051280128 0 0 0
C@CP 3238 0.349039217 0.0633373007 0.256972999 0 0 0
C@CP 3239 -0.311144233 0.131381139 0.3227874 0 0 0
C@CP 3240 -0.328125537 0.139705606 -0.0545144048 0 0 0
C@CP 3241 -0.34347928 -0.0634653707 -0.294237458 0 0 0
C@CP 3242 0.120958535 0.264141766 0.314954091 0 0 0
C@CP 3243 0.28592338 -0.00918712914 0.124741093 0 0 0
C@CP 3244 0.00375261646 0.372770291 -0.223819397 0 0 0
C@CP 3245 0.233411824 0.0853386506 -0.0391833139 0 0 0
C@CP 3246 0.211589145 0.415673977 -0.00732714258 0 0 0
C@CP 3247 -0.0535307314 0.0364143803 0.124782468 0 0 0
C@CP 3248 0.0231553601 -0.360511557 0.20697347 0 0 0
C@CP 3249 0.259996382 0.0727765655 -0.0773298087 0 0 0
C@CP 3250 -0.115915894 0.242161906 -0.214871186 0 0 0
C@CP 3251 -0.216498977 0.117636419 -0.286783991 0 0 0
C@CP 3252 -0.0769349326 -0.216823664 0.0998778359 0 0 0
C@CP 3253 -0.135924157 0.125394107 0.0285094047 0 0 0
C@CP 3254 0.123939434 0.238767154 -0.291398205 0 0 0
C@CP 3255 0.0217976194 0.413683989 -0.0553103116 0 0 0
C@CP 3256 0.110000898 0.266437141 -0.242338423 0 0 0
C@CP 3257 0.0925223912 0.253338615 0.229722969 0 0 0
C@CP 3258 0.0734356429 0.108064203 0.171203489 0 0 0
C@CP 3259 0.120075539 -0.228417126 -0.0826907521 0 0 0
C@CP 3260 0.324160985 -0.113109068 -0.318300062 0 0 0
C@CP 3261 -0.123364035 0.314649 -0.104382204 0 0 0
C@CP 3262 0.215543507 0.357361308 0.00441312172 0 0 0
C@CP 3263 0.40908727 0.0175994218 -0.250184222 0 0 0
C@CP 3264 -0.221645324 -0.0719258554 -0.0675532461 0 0 0
C@CP 3265 0.035184596 -0.107664921 0.407268083 0 0 0
C@CP 3266 -0.220703929 0.288786715 -0.17718723 0 0 0
C@CP 3267 -0.406600259 -0.196061323 -0.0192955522 0 0 0
C@CP 3268 -0.156854051 -0.124721016 0.254791426 0 0 0
C@CP 3269 0.0396093696 0.197070188 0.259903809 0 0 0
C@CP 3270 -0.203957654 -0.195698216 0.314151956 0 0 0
C@CP 3271 -0.221106981 -0.256397325 0.119592655 0 0 0
C@CP 3272 -0.0753087946 -0.238611734 0.0267194632 0 0 0
C@CP 3273 0.299432905 -0.22531201 -0.233094215 0 0 0
C@CP 3274 -0.420981942 0.145559129 -0.00588851196 0 0 0
C@CP 3275 0.0945825589 -0.0201449254 0.179195766 0 0 0
C@CP 3277 -0.358682656 0.151787297 0.136830264 0 0 0
C@CP 3278 0.336315802 0.00230785001 0.0731717507 0 0 0
C@CP 3279 0.0938295949 -0.176786769 0.226684565 0 0 0
C@CP 3280 -0.241706621 -0.0979382697 0.395586007 0 0 0
C@CP 3281 0.032221921 0.150495252 -0.185575416 0 0 0
C@CP 3282 -0.233008807 -0.107323501 0.192667437 0 0 0
C@CP 3283 -0.0204019374 0.0836456033 0.446517302 0 0 0
C@CP 3284 -0.203188617 0.419017018 -0.0513118101 0 0 0
C@CP 3285 -0.347561229 -0.0113894174 0.189145933 0 0 0
C@CP 3286 -0.185502241 0.0772675076 0.0220660927 0 0 0
C@CP 3287 0.183128452 -0.0559043656 -0.186251271 0 0 0
C@CP 3288 0.451822425 -0.0781801963 -0.0703351626 0 0 0
C@CP 3289 -0.190517752 -0.091799186 0.412434283 0 0 0
C@CP 3290 -0.276687208 0.0188041449 -0.08346762 0 0 0
C@CP 3291 0.387842749 0.192700028 0.147745908 0 0 0
C@CP 3292 0.358554729 -0.0780844957 -0.101392872 0 0 0
C@CP 3293 -0.0942371393 -0.00136943564 -0.406237349 0 0 0
C@CP 3295 -0.0536179999 0.335042486 -0.0950065263 0 0 0
C@CP 3296 0.0251802539 -0.0362746404 0.0989014313 0 0 0
C@CP 3297 -0.106320342 -0.00440890879 0.0090737665 0 0 0
C@CP 3298 -0.00546737431 -0.111262244 -0.0781794101 0 0 0
C@CP 3299 -0.0521541656 -0.0893055075 0.3589275 0 0 0
C@CP 3300 0.130176094 0.367502612 0.200991087 0 0 0
C@CP 3301 -0.254858421 0.261887835 0.130406218 0 0 0
C@CP 3302 0.145310615 -0.344062751 -0.226092671 0 0 0
C@CP 3303 -0.30870888 0.0308966336 -0.209068246 0 0 0
C@CP 3304 0.0422008474 0.319665466 -0.0834088834 0 0 0
C@CP 3305 -0.189539473 -0.0427740868 -0.417272458 0 0 0
C@CP 3306 -0.218028682 -0.171069185 0.2315527 0 0 0
C@CP 3307 0.1876481 0.281552022 0.0249297016 0 0 0
C@CP 3308 -0.201445529 -0.0332452496 -0.255071189 0 0 0
C@CP 3309 0.248854478 -0.0176501903 -0.0517720399 0 0 0
C@CP 3310 -0.125079363 0.238009027 0.166470595 0 0 0
C@CP 3311 -0.102203511 0.337191472 -0.0667415942 0 0 0
C@CP 3312 0.313703646 0.146946979 -0.225290821 0 0 0
C@CP 3313 0.222929435 0.0990796826 0.305987396 0 0 0
C@CP 3314 0.0980291795 -0.24521329 0.280912554 0 0 0
C@CP 3315 -0.0560114115 -0.291396577 0.221497345 0 0 0
C@CP 3316 0.129831857 0.00294835332 -0.121958964 0 0 0
C@CP 3317 0.0198275643 0.176061278 -0.382842353 0 0 0
C@CP 3318 -0.359019479 -0.249681016 -0.0423941088 0 0 0
C@CP 3319 -0.291138467 0.257886435 -0.135974272 0 0 0
C@CP 3320 -0.0409866119 0.379942873 -0.22438729 0 0 0
C@CP 3321 0.00105267015 0.38541353 -0.147531197 0 0 0
C@CP 3322 -0.204567207 0.22817383 0.341100515 0 0 0
C@CP 3323 0.220866511 -0.151504877 -0.0661445135 0 0 0
C@CP 3324 -0.265100662 0.142966152 -0.205732139 0 0 0
C@CP 3325 0.0876223348 -0.333451849 0.100278062 0 0 0
C@CP 3326 -0.372991923 -0.126118832 0.155323147 0 0 0
C@CP 3327 -0.132900425 0.367346404 0.0304034925 0 0 0
C@CP 3328 -0.0214623176 -0.208633096 0.357563831 0 0 0
C@CP 3329 0.141463194 -0.023837993 -0.106350956 0 0 0
C@CP 3330 -0.113797356 0.364658739 -0.0514027928 0 0 0
C@CP 3331 0.187242693 0.239555247 -0.33036989 0 0 0
C@CP 3332 -0.144174337 0.187229087 0.0961930598 0 0 0
C@CP 3333 0.112954035 -0.279611874 -0.22313304 0 0 0
C@CP 3334 -0.0759528847 -0.00676075504 0.251901661 0 0 0
C@CP 3335 0.0699103541 -0.0884297962 0.434504879 0 0 0
C@CP 3336 0.214156809 -0.0128003787 0.221338302 0 0 0
C@CP 3337 0.155761359 -0.138652023 -0.324741035 0 0 0
C@CP 3338 0.175541924 0.0675843924 0.0416411088 0 0 0
C@CP 3339 0.127169342 0.00609694092 0.0342391041 0 0 0
C@CP 3340 -0.199661853 0.396824554 -0.118040302 0 0 0
C@CP 3341 -0.0216570321 -0.150745935 -0.173881279 0 0 0
C@CP 3342 -0.0654023819 -0.0295046497 -0.387344387 0 0 0
C@CP 3343 0.10587052 -0.303308965 -0.0499442026 0 0 0
C@CP 3344 0.337879476 -0.23137724 -0.191779318 0 0 0
C@CP 3345 0.099311246 -0.16160971 0.162897233 0 0 0
C@CP 3346 0.168487964 0.261102044 -0.0406620471 0 0 0
C@CP 3347 -0.340237786 0.26755289 -0.156914274 0 0 0
C@CP 3348 0.116737647 -0.324195648 -0.237620159 0 0 0
C@CP 3349 0.240383283 -0.284428264 0.0725820187 0 0 0
C@CP 3350 0.18069185 -0.391193864 -0.191045357 0 0 0
C@CP 3351 -0.217170259 0.0985559018 0.30968241 0 0 0
C@CP 3353 -0.0877306086 -0.0862215085 -0.00440654879 0 0 0
C@CP 3354 0.1809257 0.064471013 -0.413224965 0 0 0
C@CP 3355 -0.116367005 -0.218057706 0.0928585482 0 0 0
C@CP 3356 0.384026885 -0.154772642 0.213001042 0 0 0
C@CP 3357 -0.210568161 -0.185116119 -0.360843458 0 0 0
C@CP 3358 0.0972393657 -0.415835755 0.193828435 0 0 0
C@CP 3359 -0.246947228 0.0537343334 0.36130153 0 0 0
C@CP 3360 -0.2112509 -0.199538814 -0.228113659 0 0 0
C@CP 3361 0.42436371 -0.0826303113 -0.132546225 0 0 0
C@CP 3362 -0.278654353 -0.0363438279 0.0837101043 0 0 0
C@CP 3363 -0.0142679584 0.0400744165 -0.476028171 0 0 0
C@CP 3364 -0.26885047 0.359284335 -0.0025458196 0 0 0
C@CP 3365 -0.191522432 0.167104748 0.289491209 0 0 0
C@CP 3366 0.0607494329 0.426346809 -0.122592291 0 0 0
C@CP 3367 -0.346984082 -0.0260575858 -0.268722961 0 0 0
C@CP 3368 -0.0536261136 -0.158478169 0.138564971 0 0 0
C@CP 3369 0.143665586 -0.359797531 -0.0994136028 0 0 0
C@CP 3370 0.403459329 -0.0158937858 -0.046394092 0 0 0
C@CP 3371 -0.318278067 0.0835067151 0.0389042353 0 0 0
C@CP 3372 -0.248825365 0.149729522 0.282737304 0 0 0
C@CP 3373 -0.235915837 -0.176273826 -0.262393578 0 0 0
C@CP 3374 0.0571499488 -0.323460575 -0.0486300925 0 0 0
C@CP 3375 -0.330159602 -0.0192391078 0.225729598 0 0 0
C@CP 3376 0.260546502 -0.311191106 0.182485113 0 0 0
C@CP 3377 -0.0420181346 -0.0210847859 0.46237555 0 0 0
C@CP 3378 -0.0328270379 0.273272102 -0.238261055 0 0 0
C@CP 3379 0.061537599 0.330661221 -0.255330189 0 0 0
C@CP 3380 -0.278799823 0.0347856788 -0.220092152 0 0 0
C@CP 3381 0.265826112 -0.0442145827 -0.243020025 0 0 0
C@CP 3382 0.0973481944 -0.150910974 -0.367351475 0 0 0
C@CP 3383 0.243565847 -0.378514546 0.0899229518 0 0 0
C@CP 3384 -0.171653217 -0.288312967 -0.110141361 0 0 0
C@CP 3385 0.0793466481 -0.393048955 -0.0845226922 0 0 0
C@CP 3386 0.240882211 -0.237651122 0.0838927453 0 0 0
C@CP 3387 -0.217689631 0.215444231 0.0302561289 0 0 0
C@CP 3388 0.0116369526 0.243143016 -0.0131596334 0 0 0
C@CP 3389 0.171222528 -0.0600792622 -0.381551983 0 0 0
C@CP 3390 -0.34754484 -0.00515789584 0.127180343 0 0 0
C@CP 3391 0.125343896 0.404857663 -0.0591159886 0 0 0
C@CP 3392 -0.106124501 0.324957276 0.195216331 0 0 0
C@CP 3393 0.0190570385 -0.13802609 0.0982163649 0 0 0
C@CP 3394 0.0610713445 0.312082854 0.146830707 0 0 0
C@CP 3395 -0.331741733 -0.0010954074 -0.175609356 0 0 0
C@CP 3396 0.0357462586 0.195093951 0.295511997 0 0 0
C@CP 3397 0.234441033 0.0655388196 0.130786987 0 0 0
C@CP 3398 0.0764967583 -0.0349768229 -0.0588261326 0 0 0
C@CP 3399 0.12061499 -0.208782206 -0.268482832 0 0 0
C@CP 3400 -0.157264865 0.0458668613 0.279686914 0 0 0
C@CP 3401 -0.238520944 0.0793692851 -0.0615316328 0 0 0
C@CP 3402 -0.203865795 0.166273721 0.171397759 0 0 0
C@CP 3403 0.091426155 -0.0176746348 -0.225296944 0 0 0
C@CP 3404 -0.0318874812 0.397949281 -0.0627414808 0 0 0
C@CP 3405 0.296226679 -0.31466046 0.0664084927 0 0 0
C@CP 3406 -0.0751175887 -0.0343421776 0.373054894 0 0 0
C@CP 3407 -0.182696209 -0.145742594 -0.22393025 0 0 0
C@CP 3408 -0.391868955 0.0661351675 0.199303685 0 0 0
C@CP 3409 -0.119393262 0.152985502 -0.25220146 0 0 0
C@CP 3410 0.112811084 0.183387882 -0.000992972074 0 0 0
C@CP 3411 -0.230402856 0.182277633 -0.0372263976 0 0 0
C@CP 3412 0.0437379772 0.271627078 -0.0868670162 0 0 0
C@CP 3413 -0.356184956 -0.224604833 0.0444382154 0 0 0
C@CP 3414 -0.130233457 0.0112195552 -0.419104692 0 0 0
C@CP 3415 0.194953413 -0.168303966 -0.086822069 0 0 0
C@CP 3416 0.121475531 0.125227724 0.12606636 0 0 0
C@CP 3417 0.0368258501 0.187194792 0.00331075834 0 0 0
C@CP 3418 0.160417325 0.303261003 0.194722385 0 0 0
C@CP 3419 0.138157354 0.116959606 -0.417813697 0 0 0
C@CP 3420 0.217448834 0.136383964 0.00560567216 0 0 0
C@CP 3421 0.393655548 0.0311310877 0.229307086 0 0 0
C@CP 3422 0.0337541764 -0.152695805 -0.271896045 0 0 0
C@CP 3423 -0.292255935 0.120009432 -0.0215999064 0 0 0
C@CP 3424 0.22334776 0.29611503 -0.250283191 0 0 0
C@CP 3425 -0.191921195 -0.227673917 -0.197894487 0 0 0
C@CP 3426 0.0149930936 -0.100789088 -0.316369079 0 0 0
C@CP 3427 -0.442248601 0.0270357738 0.0865306644 0 0 0
C@CP 3428 -0.0832072094 0.321072732 -0.0935672434 0 0 0
C@CP 3429 0.173812801 -0.101892401 -0.020158639 0 0 0
C@CP 3430 -0.0870406189 -0.316930234 -0.0247796996 0 0 0
C@CP 3431 0.121913478 -0.410790792 -0.14581459 0 0 0
C@CP 3432 -0.226253676 -0.0118070848 -0.238176866 0 0 0
C@CP 3433 0.258515553 -0.0108676628 0.211008841 0 0 0
C@CP 3434 0.297220248 -0.0878521826 0.223763248 0 0 0
C@CP 3435 0.312044963 -0.0767480915 -0.0261358198 0 0 0
C@CP 3436 -0.343634205 0.0328998238 -0.22714782 0 0 0
C@CP 3437 0.0653867283 0.108794616 -0.225026133 0 0 0
C@CP 3438 -0.426413417 -0.0431936485 -0.196436345 0 0 0
C@CP 3439 0.00723828288 -0.458584191 -0.0413139959 0 0 0
C@CP 3440 0.364981609 -0.131039095 -0.0959879367 0 0 0
C@CP 3441 0.159568283 0.181547548 -0.286306689 0 0 0
C@CP 3442 -0.379845406 -0.0910214373 -0.0474967144 0 0 0
C@CP 3443 -0.276600067 -0.201516661 -0.162683266 0 0 0
C@CP 3444 -0.237574812 0.256170746 -0.177589879 0 0 0
C@CP 3445 0.000272068215 -0.391245029 -0.152579734 0 0 0
C@CP 3446 -0.205365238 -0.216641294 -0.259370607 0 0 0
C@CP 3447 0.217073674 0.233679524 0.20151643 0 0 0
C@CP 3448 -0.246448087 0.213147752 -0.169736609 0 0 0
C@CP 3449 0.304921826 -0.19980385 -0.166069156 0 0 0
C@CP 3450 -0.282433542 -0.172464099 -0.0974859738 0 0 0
C@CP 3451 -0.0174669388 -0.029000358 0.438195575 0 0 0
C@CP 3452 -0.276882926 0.146696972 0.105885258 0 0 0
C@CP 3454 0.196007621 0.300126882 -0.231773783 0 0 0
C@CP 3455 -0.372714338 -0.0943552602 0.0040530194 0 0 0
C@CP 3456 -0.0636229818 -0.23520024 0.247132887 0 0 0
C@CP 3457 -0.0662078268 -0.398225655 -0.0548316136 0 0 0
C@CP 3458 -0.0748024061 -0.302791045 -0.259463831 0 0 0
C@CP 3459 -0.33534716 0.0294254474 -0.323354674 0 0 0
C@CP 3460 -0.0320676223 0.121744816 -0.401132442 0 0 0
C@CP 3461 -0.024630549 0.305591803 0.0624129672 0 0 0
C@CP 3462 0.119073763 0.324375483 0.192134217 0 0 0
C@CP 3463 0.119409514 0.4347305 0.0846277497 0 0 0
C@CP 3464 0.264145868 0.308054467 0.0390247494 0 0 0
C@CP 3465 0.0657571647 -0.0371594155 0.124333291 0 0 0
C@CP 3466 0.364281897 -0.109513673 -0.110253991 0 0 0
C@CP 3467 0.0189605645 0.135705489 0.185359225 0 0 0
C@CP 3468 0.198499184 0.406145417 0.0119459172 0 0 0
C@CP 3469 -0.0534203368 -0.0289693181 0.151545695 0 0 0
C@CP 3470 -0.156482229 0.219472573 0.310955238 0 0 0
C@CP 3471 0.254058574 0.122793207 -0.272335203 0 0 0
C@CP 3472 0.445447917 0.102949685 -0.00677201358 0 0 0
C@CP 3473 -0.00967960079 0.0859237339 -0.423289307 0 0 0
C@CP 3474 0.056178076 0.251153186 -0.351035309 0 0 0
C@CP 3475 0.122907456 -0.347332438 0.117414422 0 0 0
C@CP 3476 0.121716121 0.247364312 0.298881519 0 0 0
C@CP 3477 -0.180935316 0.350553964 -0.145105602 0 0 0
C@CP 3478 0.457625331 -0.0453700609 -0.0671473072 0 0 0
C@CP 3479 -0.0994149854 0.310692479 -0.306625854 0 0 0
C@CP 3480 -0.383174117 0.0437235373 -0.016134166 0 0 0
C@CP 3481 0.446062689 -0.0119849163 -0.0862618999 0 0 0
C@CP 3482 -0.0566285129 -0.268531476 0.0632107884 0 0 0
C@CP 3483 -0.413061656 0.0226874132 -0.120700217 0 0 0
C@CP 3484 0.186567635 -0.10367008 0.422742476 0 0 0
C@CP 3485 -0.231800182 -0.379478684 -0.0663037318 0 0 0
C@CP 3486 -0.291686476 -0.357096107 -0.0829054063 0 0 0
C@CP 3487 -0.0463731054 -0.072589997 0.245897849 0 0 0
C@CP 3488 -0.215998038 0.153461176 0.000162564641 0 0 0
C@CP 3489 0.0984849475 -0.249755364 0.0786315064 0 0 0
C@CP 3490 0.229032348 0.378246638 -0.118022693 0 0 0
C@CP 3491 0.128316285 -0.42036095 0.0860418665 0 0 0
C@CP 3492 0.0559155665 0.142508991 0.405734908 0 0 0
C@CP 3493 -0.427850969 0.138921105 -0.125488886 0 0 0
C@CP 3494 -0.12643653 -0.262259249 0.234940434 0 0 0
C@CP 3495 0.0500752847 -0.223674403 -0.122342667 0 0 0
C@CP 3496 0.158283174 0.273146552 0.197512246 0 0 0
C@CP 3497 0.1323997 -0.0406854206 -0.329038906 0 0 0
B@CP 3499 0.0546825289 0.200600131 0.216394479 0 0 0
C@CP 3500 0.0603336788 0.284285072 0.122621119 0 0 0
C@CP 3501 0.320787197 -0.0802259884 -0.282186588 0 0 0
C@CP 3502 0.397780338 0.00554769299 0.262106752 0 0 0
B@CP 3504 0.0228406162 -0.238078122 -0.333293853 0 0 0
C@CP 3505 0.129180736 0.250332624 0.294541941 0 0 0
B@CP 3507 -0.167420578 -0.0818944106 0.0317806057 0 0 0
C@CP 3508 -0.206522309 -0.347557932 -0.207138225 0 0 0
B@CP 3510 -0.0288597415 -0.388228601 -0.130471481 0 0 0
C@CP 3511 -0.104750551 -0.411582797 0.0349195202 0 0 0
B@CP 3513 0.385796746 -0.239057812 0.101588305 0 0 0
C@CP 3514 0.158542708 0.369725685 -0.219737408 0 0 0
B@CP 3516 0.364122883 -0.271605594 0.0409716815 0 0 0
C@CP 3517 -0.121718316 0.264828813 0.274991986 0 0 0
B@CP 3519 -0.233738781 0.404483111 -0.0565599527 0 0 0
C@CP 3520 -0.0349498382 -0.395893455 0.139235017 0 0 0
