B@CP 1004 0.189649673 0.103056013 -0.109300575 0 0 0
B@CP 1005 -0.123783517 -0.271090497 0.144356894 0 0 0
B@CP 1008 0.0704532088 -0.264404379 0.343164331 0 0 0
B@CP 1014 -0.0148905953 -0.220469046 -0.147762403 0 0 0
B@CP 1018 0.250510024 0.119297946 0.086202553 0 0 0
B@CP 1020 0.123671195 -0.0370054602 0.0660279287 0 0 0
B@CP 1025 0.330937878 0.00697407564 -0.0347262819 0 0 0
B@CP 1026 0.160155503 -0.364300432 0.0751128227 0 0 0
B@CP 1032 0.214118343 0.0107148215 -0.0185504398 0 0 0
B@CP 1033 -0.135955144 -0.119852716 0.0061066876 0 0 0
B@CP 1034 -0.130197867 -0.0635046376 0.176649487 0 0 0
B@CP 1036 0.0422789917 0.180886441 0.143690529 0 0 0
B@CP 1040 -0.256368951 0.189198135 0.0107172605 0 0 0
B@CP 1041 0.0302949707 -0.209689926 0.359151831 0 0 0
B@CP 1042 -0.430169817 0.15697219 -0.0715841467 0 0 0
B@CP 1045 -0.309997285 -0.0707051479 0.0471334498 0 0 0
B@CP 1046 0.333376989 -0.0996179335 0.0240699572 0 0 0
B@CP 1047 0.264035259 0.0963559167 -0.330490186 0 0 0
B@CP 1055 0.0629495776 -0.413613863 -0.202067343 0 0 0
B@CP 1056 0.164024863 0.0101213479 0.29530795 0 0 0
B@CP 1059 0.116527331 0.397400458 0.038053137 0 0 0
B@CP 1063 -0.150440152 0.151476718 -0.363985403 0 0 0
B@CP 1065 0.179363592 0.00235706742 -0.080869731 0 0 0
B@CP 1066 0.110486076 -0.228719015 -0.137008631 0 0 0
B@CP 1068 -0.330305119 -0.168368674 -0.0426205758 0 0 0
B@CP 1069 -0.141946359 -0.212882584 0.00712344504 0 0 0
B@CP 1070 0.0457587934 -0.111472771 -0.31016214 0 0 0
B@CP 1077 0.0194253713 -0.28830097 -0.120244272 0 0 0
B@CP 1080 0.092425569 -0.256161074 0.170053325 0 0 0
B@CP 1083 -0.263986139 -0.133811161 0.111223697 0 0 0
B@CP 1084 0.446729234 0.0270084921 -0.0934614917 0 0 0
B@CP 1085 0.00419436447 0.0879098821 0.0201401269 0 0 0
B@CP 1089 0.0887322717 -0.0137517625 -0.0515090095 0 0 0
B@CP 1091 -0.07454425 -0.374603601 0.206746553 0 0 0
B@CP 1092 0.219713137 -0.0334527188 -0.244583557 0 0 0
B@CP 1093 0.0632213513 -0.0612464927 -0.0794562783 0 0 0
B@CP 1094 -0.285906293 -0.249446068 8.10195111e-05 0 0 0
B@CP 1099 -0.377181921 -0.193341272 -0.00738244149 0 0 0
B@CP 1100 0.0839396499 -0.147638656 0.0800836073 0 0 0
B@CP 1104 0.077401058 -0.246794088 -0.0295990494 0 0 0
B@CP 1105 -0.279536742 -0.0245951958 0.00425198249 0 0 0
B@CP 1106 -0.245507846 0.155710883 0.172260985 0 0 0
B@CP 1107 0.319534472 -0.207650889 0.135359028 0 0 0
B@CP 1109 -0.157489019 0.097418448 0.423588128 0 0 0
B@CP 1110 0.0306760293 -0.0618418595 -0.126191836 0 0 0
B@CP 1117 -0.274850398 0.27724967 -0.0795153616 0 0 0
B@CP 1118 -0.0413906608 0.0178428368 0.166132592 0 0 0
B@CP 1121 0.0353920167 -0.0220227732 0.479175342 0 0 0
B@CP 1122 0.301968511 -0.0356701876 -0.142204884 0 0 0
B@CP 1123 -0.320738963 0.306755235 -0.136386408 0 0 0
B@CP 1125 -0.282874571 -0.0462144122 0.183548924 0 0 0
B@CP 1131 0.150430465 -0.187964729 0.158830389 0 0 0
B@CP 1139 -0.122496695 0.199044438 -0.354167863 0 0 0
B@CP 1143 0.143740107 0.254740669 0.112210733 0 0 0
B@CP 1146 -0.143507296 0.358484311 -0.0311451126 0 0 0
B@CP 1147 0.0131092693 0.094148745 -0.254649912 0 0 0
B@CP 1149 -0.0604796922 -0.322934734 0.267661554 0 0 0
B@CP 1152 0.369827311 -0.105337971 0.266400842 0 0 0
B@CP 1153 -0.361399673 -0.151129046 0.204297565 0 0 0
B@CP 1154 0.281670495 0.201429928 -0.0673448657 0 0 0
B@CP 1155 0.298250274 0.146901539 0.094786713 0 0 0
B@CP 1160 -0.310288269 0.0772574957 -0.14662518 0 0 0
B@CP 1161 0.125929744 0.339716809 -0.155901676 0 0 0
B@CP 1162 -0.000526415357 0.107935095 -0.451872061 0 0 0
B@CP 1163 -0.377799567 -0.192245008 0.195441645 0 0 0
B@CP 1166 -0.0217810715 0.154007332 0.440317964 0 0 0
B@CP 1167 -0.143829666 0.0886302487 0.130091912 0 0 0
B@CP 1170 0.0984987804 -0.0171550245 0.0257404375 0 0 0
B@CP 1171 -0.166142217 0.137224986 0.336820968 0 0 0
B@CP 1176 -0.24522392 -0.0565836122 0.0259555361 0 0 0
B@CP 1179 -0.0260502133 -0.292236537 0.300558314 0 0 0
B@CP 1185 0.247365702 0.0588500322 0.256035011 0 0 0
B@CP 1186 -0.32183434 -0.0231910462 -0.20644581 0 0 0
B@CP 1187 0.213756947 -0.256889071 0.1145616 0 0 0
B@CP 1188 0.0993239883 -0.05452779 -0.330663865 0 0 0
B@CP 1189 -0.207490367 -0.336755448 -0.113353105 0 0 0
B@CP 1190 -0.141440588 -0.419326688 0.000680729969 0 0 0
B@CP 1191 0.0370835835 -0.240292736 0.080148401 0 0 0
B@CP 1192 -0.120228859 0.269743094 -0.199542844 0 0 0
B@CP 1196 0.0787278012 0.248559957 0.0280375123 0 0 0
B@CP 1197 0.338086977 -0.0413715169 -0.0173057026 0 0 0
B@CP 1200 -0.142715045 0.0851797499 0.392740674 0 0 0
B@CP 1206 0.159923793 -0.365135726 0.0640670933 0 0 0
B@CP 1211 0.123880608 0.310879139 -0.196578529 0 0 0
B@CP 1221 0.0803655458 -0.211154703 -0.00409847555 0 0 0
B@CP 1222 0.267380339 -0.00134510903 -0.116148279 0 0 0
B@CP 1225 -0.428504273 -0.0449777582 -0.0232915457 0 0 0
B@CP 1226 -0.0674767139 -0.225833706 -0.386072987 0 0 0
B@CP 1228 -0.223539601 -0.109583722 -0.0168755888 0 0 0
B@CP 1229 -0.375672446 -0.248306378 -0.15901537 0 0 0
B@CP 1234 -0.11032414 -0.32087092 -0.266730988 0 0 0
B@CP 1237 0.00714954095 -0.113650556 0.172046189 0 0 0
B@CP 1239 -0.0768519157 0.246640529 0.0552772087 0 0 0
B@CP 1241 0.0165091686 -0.233836255 0.406444398 0 0 0
B@CP 1242 -0.215143296 -0.270612833 0.285205922 0 0 0
B@CP 1245 0.274196589 -0.27801953 0.226599909 0 0 0
B@CP 1248 -0.0614247211 -0.395745518 -0.16936336 0 0 0
B@CP 1257 -0.225440285 0.00757129415 0.325305549 0 0 0
B@CP 1259 -0.31845361 0.133075097 -0.0420609183 0 0 0
B@CP 1262 -0.274383601 -0.141762046 0.287781831 0 0 0
B@CP 1263 0.180167931 -0.283232766 0.01893676 0 0 0
B@CP 1264 0.131914847 -0.131810221 0.117814386 0 0 0
B@CP 1268 -0.197263261 0.221586108 0.0645320399 0 0 0
B@CP 1274 -0.00394319588 -0.254269549 0.115472726 0 0 0
B@CP 1275 0.295230006 0.0725103505 0.354559485 0 0 0
B@CP 1280 0.212140721 0.171152418 -0.231952559 0 0 0
B@CP 1281 0.37902228 0.110436812 0.18208109 0 0 0
B@CP 1284 -0.069483255 0.369427997 0.0136133301 0 0 0
B@CP 1285 0.318828757 -0.00785459152 -0.324692367 0 0 0
B@CP 1291 0.199002245 -0.411294896 -0.0401626969 0 0 0
B@CP 1293 -0.0387486869 0.345626597 0.308457954 0 0 0
B@CP 1299 0.0741340709 0.252319492 -0.0754679867 0 0 0
B@CP 1302 -0.111747525 0.137416974 0.155967497 0 0 0
B@CP 1305 -0.269137903 0.371276097 0.0537913425 0 0 0
B@CP 1306 0.0401929726 0.124762464 0.148663013 0 0 0
B@CP 1312 -0.101526466 0.214064005 0.407317299 0 0 0
B@CP 1318 0.00907479298 0.0229692473 0.461556908 0 0 0
B@CP 1320 -0.156097149 0.0995729399 0.149625707 0 0 0
B@CP 1323 0.25331362 0.120988827 0.331202631 0 0 0
B@CP 1324 0.0710373569 0.295556413 0.238460024 0 0 0
B@CP 1326 -0.22509936 0.258123951 -0.251625509 0 0 0
B@CP 1330 -0.0148033421 0.261698588 -0.162807461 0 0 0
B@CP 1332 -0.163557416 0.0450463474 -0.206635723 0 0 0
B@CP 1335 -0.202593678 -0.0582527285 -0.0730657639 0 0 0
B@CP 1342 0.363852035 -0.0486566011 -0.287045462 0 0 0
B@CP 1343 0.155089972 -0.0594138932 -0.32586805 0 0 0
B@CP 1345 0.105875355 -0.333580385 -0.223190193 0 0 0
B@CP 1348 -0.321335001 -0.212699353 0.175255512 0 0 0
B@CP 1354 0.222396436 -0.331026805 -0.0538328966 0 0 0
B@CP 1356 -0.138033353 -0.048202687 -0.170671912 0 0 0
B@CP 1362 0.169290454 0.114210391 0.0862610997 0 0 0
B@CP 1363 -0.171061602 0.118128221 -0.25649108 0 0 0
B@CP 1365 0.0773787586 0.0302899477 -0.0742605116 0 0 0
B@CP 1367 0.13551589 -0.142760993 0.0447331611 0 0 0
B@CP 1370 0.18881484 -0.0827837494 0.0731828902 0 0 0
B@CP 1371 -0.0152969599 0.409338756 -0.13985301 0 0 0
B@CP 1372 -0.0961582239 0.153264293 0.270688361 0 0 0
B@CP 1373 -0.262075447 -0.141125613 0.203304496 0 0 0
B@CP 1375 0.0944015497 0.287231036 0.326097856 0 0 0
B@CP 1379 -0.114018248 -0.287281484 -0.177487393 0 0 0
B@CP 1385 0.211009321 -0.239399119 0.119073411 0 0 0
B@CP 1387 -0.0394980216 0.447344872 0.0649984996 0 0 0
B@CP 1390 -0.153739174 0.194356082 -0.283066005 0 0 0
B@CP 1391 -0.032702572 0.369224518 0.263887225 0 0 0
B@CP 1393 0.170947976 -0.298015838 0.271972002 0 0 0
B@CP 1398 -0.160495467 -0.317932689 0.0833661511 0 0 0
B@CP 1406 0.336508351 0.281184823 0.0241424433 0 0 0
B@CP 1408 0.16406703 -0.381809189 -0.0537560408 0 0 0
B@CP 1410 0.169269322 -0.354975262 0.0164505436 0 0 0
B@CP 1416 -0.106850081 0.311731352 -0.241604776 0 0 0
B@CP 1417 0.0970445497 0.250491268 0.30800671 0 0 0
B@CP 1422 -0.0206352486 0.170409242 -0.00950320717 0 0 0
B@CP 1423 0.296482471 -0.147939813 -0.328360603 0 0 0
B@CP 1424 -0.404991062 0.0816276366 0.13918397 0 0 0
B@CP 1428 -0.212530333 -0.298733083 0.156545873 0 0 0
B@CP 1429 0.186600307 -0.373425776 0.0655588087 0 0 0
B@CP 1433 0.235638737 -0.00907008154 0.0381904775 0 0 0
B@CP 1434 0.255832967 -0.342495846 -0.111906279 0 0 0
B@CP 1436 -0.294873091 0.166597227 0.0155744326 0 0 0
B@CP 1438 0.272174627 -0.019319154 -0.00767185872 0 0 0
B@CP 1439 0.162562558 0.082514052 0.188786542 0 0 0
B@CP 1446 0.0268202923 -0.158947056 0.401271076 0 0 0
B@CP 1448 0.070620353 0.225209162 0.254795658 0 0 0
B@CP 1452 0.350537208 -0.269244534 0.174706975 0 0 0
B@CP 1453 0.183566576 -0.0391344714 0.0350559316 0 0 0
B@CP 1454 -0.0876090855 -0.34298504 0.0269279669 0 0 0
B@CP 1465 -0.0798631253 -0.452860405 -0.0195357546 0 0 0
B@CP 1466 0.106125738 -0.0318822797 0.164415086 0 0 0
B@CP 1470 0.112339633 0.240299631 0.365591832 0 0 0
B@CP 1471 -0.111837284 -0.0701786659 -0.256453615 0 0 0
B@CP 1472 0.0686610592 0.13715452 -0.143052073 0 0 0
B@CP 1478 0.0227814942 0.118938353 -0.170509306 0 0 0
B@CP 1481 0.245168816 0.319180418 -0.049848084 0 0 0
B@CP 1482 0.193817022 0.10628681 0.0531862918 0 0 0
B@CP 1483 0.189538477 -0.189063727 0.047186432 0 0 0
B@CP 1486 -0.160885487 -0.395132905 -0.114935831 0 0 0
B@CP 1489 -0.273669891 -0.25203353 0.0989138778 0 0 0
B@CP 1490 0.281616731 0.161276 0.335420453 0 0 0
B@CP 1491 0.0347997537 0.264540348 0.0751538442 0 0 0
B@CP 1492 -0.275624109 0.0983619753 0.32587462 0 0 0
B@CP 1495 0.296085072 -0.136395375 -0.229609356 0 0 0
B@CP 1500 0.370114332 -0.0566869314 0.198311204 0 0 0
B@CP 1504 0.130548459 -0.292047755 -0.320006532 0 0 0
B@CP 1505 -0.267087794 -0.101464531 -0.131692726 0 0 0
B@CP 1509 0.224086764 -0.318719377 0.187231375 0 0 0
B@CP 1515 -0.012689735 -0.068660879 0.340896718 0 0 0
B@CP 1519 -0.0737062299 0.423540695 -0.0490224862 0 0 0
B@CP 1523 0.31639226 -0.185027353 0.244957301 0 0 0
B@CP 1524 0.103625232 0.108330638 0.0601832715 0 0 0
B@CP 1526 -0.295562331 -0.287320792 0.0104499752 0 0 0
B@CP 1527 0.0309029458 -0.166507567 0.139775534 0 0 0
B@CP 1530 -0.335237345 0.229351812 0.0866702893 0 0 0
B@CP 1534 0.256085934 0.174869422 -0.242507145 0 0 0
B@CP 1536 -0.338674826 0.0882118618 0.160072069 0 0 0
B@CP 1551 0.0545170121 -0.342888186 0.13898745 0 0 0
B@CP 1552 0.0631898331 -0.44275471 -0.103946722 0 0 0
B@CP 1555 -0.200896994 -0.336056491 0.217198522 0 0 0
B@CP 1561 -0.169992382 0.0870876123 -0.312267547 0 0 0
B@CP 1567 -0.116783882 0.0848295328 -0.334997279 0 0 0
B@CP 1569 -0.0845743502 -0.328050179 0.176947827 0 0 0
B@CP 1572 0.178524514 -0.339384486 0.119562822 0 0 0
B@CP 1573 -0.0337047028 -0.0873189118 0.389039034 0 0 0
B@CP 1576 -0.216295231 0.376106021 0.046664788 0 0 0
B@CP 1580 -0.0316485678 0.0232616682 -0.142829643 0 0 0
B@CP 1583 -0.00522804983 0.363509793 0.270134923 0 0 0
B@CP 1584 -0.378202765 -0.0712913262 0.1024972 0 0 0
B@CP 1586 0.253846062 0.0752104804 -0.284347245 0 0 0
B@CP 1588 0.0430128424 0.189527015 -0.104248269 0 0 0
B@CP 1589 -0.246529765 -0.339078301 0.00996442858 0 0 0
B@CP 1596 0.299883597 -0.307113008 -0.00365331119 0 0 0
B@CP 1600 0.337766163 -0.133331358 -0.250829147 0 0 0
B@CP 1606 -0.266447955 -0.231755764 -0.0317977427 0 0 0
B@CP 1609 -0.359503873 0.15918798 0.0688374145 0 0 0
B@CP 1611 0.347824131 0.19281667 -0.189239674 0 0 0
B@CP 1613 0.286613313 -0.150955818 -0.00750704378 0 0 0
B@CP 1625 0.0351269557 -0.198744208 -0.204282942 0 0 0
B@CP 1630 0.202131823 0.154292519 0.220612637 0 0 0
B@CP 1637 -0.104489267 -0.230783767 -0.0758016472 0 0 0
B@CP 1638 0.314304621 -0.00326130993 0.14621111 0 0 0
B@CP 1642 0.324102209 0.062194083 -0.296181012 0 0 0
B@CP 1645 -0.328832561 -0.0235418702 -0.11883528 0 0 0
B@CP 1649 0.3154297 0.0310897268 -0.277088636 0 0 0
B@CP 1655 -0.0375954753 0.166599498 -0.38553034 0 0 0
B@CP 1656 0.053524504 0.457559511 0.0012204256 0 0 0
B@CP 1673 0.0456109042 -0.184799885 0.27727113 0 0 0
B@CP 1678 -0.273922221 -0.0708717451 0.301502465 0 0 0
B@CP 1679 -0.183151997 -0.0119926577 -0.164170358 0 0 0
B@CP 1681 0.0613589396 -0.21629589 -0.143801013 0 0 0
B@CP 1686 0.0122443783 -0.0819516543 -0.217754444 0 0 0
B@CP 1690 -0.146902502 -0.253527761 0.26158465 0 0 0
B@CP 1694 0.31056408 -0.00381865302 -0.105871313 0 0 0
B@CP 1696 0.128311025 0.0809056894 0.00515602907 0 0 0
B@CP 1697 0.0882127472 0.300680813 0.086196154 0 0 0
B@CP 1701 -0.28576915 -0.290651383 -0.0448927733 0 0 0
B@CP 1703 0.0334186182 -0.39899827 0.103550726 0 0 0
B@CP 1710 0.000726045516 -0.169115898 -0.370757442 0 0 0
B@CP 1719 -0.00304127559 -0.0313731069 -0.167733227 0 0 0
B@CP 1722 -0.137128999 -0.222354346 0.148665861 0 0 0
B@CP 1727 -0.195357694 -0.260577284 -0.170747042 0 0 0
B@CP 1733 -0.388634991 -0.166422922 0.0563213898 0 0 0
B@CP 1735 0.11553682 0.116333577 -0.264513885 0 0 0
B@CP 1736 -0.157012588 -0.0639695722 -0.374144783 0 0 0
B@CP 1739 0.100216936 -0.201902285 0.200507583 0 0 0
B@CP 1740 -0.432169746 0.0950573936 -0.0242851488 0 0 0
B@CP 1743 0.20707869 0.127770206 -0.412479858 0 0 0
B@CP 1745 -0.0191040269 0.103831132 0.101777948 0 0 0
B@CP 1746 -0.0565026711 -0.295163663 -0.237103775 0 0 0
B@CP 1747 0.153473437 0.0867319909 0.0673757928 0 0 0
B@CP 1748 0.109214684 0.101060959 0.270320548 0 0 0
B@CP 1751 0.335810875 0.133483751 -0.130073003 0 0 0
B@CP 1752 0.139556936 -0.0510950249 0.128554282 0 0 0
B@CP 1755 0.0274967914 -0.35810786 0.0329195654 0 0 0
B@CP 1763 0.33573612 -0.188891453 0.0882526001 0 0 0
B@CP 1774 -0.132808374 0.0931578779 -0.298918625 0 0 0
B@CP 1777 -0.18215782 -0.206040593 0.12526945 0 0 0
B@CP 1781 0.334632649 -0.039347717 0.0641663189 0 0 0
B@CP 1789 0.399573769 -0.142453487 0.0874620859 0 0 0
B@CP 1790 0.357682759 -0.202425385 0.0398752667 0 0 0
B@CP 1793 0.221236959 0.271173918 -0.123451039 0 0 0
B@CP 1800 0.0219652834 0.215132679 -0.175597088 0 0 0
B@CP 1802 -0.185001585 0.101231638 0.250357892 0 0 0
B@CP 1803 0.192600454 -0.0454920672 -0.207815971 0 0 0
B@CP 1804 -0.212597199 0.181373801 -0.0675743122 0 0 0
B@CP 1807 -0.0979221798 0.136752588 -0.407706645 0 0 0
B@CP 1814 -0.136208188 0.0829964696 -0.210830845 0 0 0
B@CP 1815 0.0760200682 0.179057456 -0.0396366576 0 0 0
B@CP 1817 0.297764488 0.0340236143 0.0682862407 0 0 0
B@CP 1819 0.048039902 0.417526356 -0.0772729111 0 0 0
B@CP 1822 0.258944024 -0.0835008279 0.282149037 0 0 0
B@CP 1823 -0.0286643408 -0.1506416 -0.420067891 0 0 0
B@CP 1826 -0.312695793 -0.0844854844 0.323539476 0 0 0
B@CP 1828 -0.21649149 -0.0866497882 0.377034432 0 0 0
B@CP 1835 0.283456739 0.0203870689 -0.168546213 0 0 0
B@CP 1836 -0.0813445983 -0.250069439 -0.0169434141 0 0 0
B@CP 1838 0.0829491158 0.335733377 -0.246973607 0 0 0
B@CP 1840 0.349878537 -0.113472429 0.101556781 0 0 0
B@CP 1842 0.0583654543 -0.00102156482 0.426599395 0 0 0
B@CP 1844 0.136043496 0.0112830864 0.00941926972 0 0 0
B@CP 1847 -0.276717783 0.102901072 -0.352282407 0 0 0
B@CP 1848 -0.0119645762 -0.000602557741 -0.17338574 0 0 0
B@CP 1851 0.319949319 0.127311377 -0.221509306 0 0 0
B@CP 1852 -0.142844424 0.22798187 -0.193386166 0 0 0
B@CP 1855 -0.200658292 0.0692268531 -0.242983928 0 0 0
B@CP 1856 -0.199870039 0.211048738 -0.168742502 0 0 0
B@CP 1858 -0.413367176 -0.162064527 -0.136010172 0 0 0
B@CP 1861 -0.119879102 0.350603624 0.208755083 0 0 0
B@CP 1862 -0.229183321 -0.233746657 -0.0652117526 0 0 0
B@CP 1866 0.101371015 0.211013751 0.323264216 0 0 0
B@CP 1870 0.412061253 0.178589437 -0.0233333981 0 0 0
B@CP 1872 -0.0575432019 0.0728275792 -0.415648732 0 0 0
B@CP 1873 0.0778038081 -0.249824808 -0.127262051 0 0 0
B@CP 1877 0.32354349 0.0389636073 -0.306404406 0 0 0
B@CP 1879 0.414892753 0.156939243 0.0630155319 0 0 0
B@CP 1880 0.265757781 -0.107630096 -0.00115205804 0 0 0
B@CP 1881 0.450122473 -0.102312865 -0.0143910079 0 0 0
B@CP 1883 -0.0182491589 -0.12029038 0.258228984 0 0 0
B@CP 1887 0.00757257356 0.255891476 -0.405642607 0 0 0
B@CP 1890 0.410398238 0.128591173 -0.0137296803 0 0 0
B@CP 1891 0.146568725 -0.310835352 -0.00600167772 0 0 0
B@CP 1892 -0.318229782 0.146968681 -0.0722162757 0 0 0
B@CP 1893 -0.17179264 -0.20095899 -0.155590734 0 0 0
B@CP 1899 0.101724584 0.0266896387 0.164004935 0 0 0
B@CP 1901 0.243052459 -0.192915677 -0.125069652 0 0 0
B@CP 1903 -0.211988538 -0.278041775 0.17093286 0 0 0
B@CP 1906 -0.203319677 -0.192973174 0.0593022534 0 0 0
B@CP 1909 0.0414226008 -0.391493714 -0.212849034 0 0 0
B@CP 1910 -0.128182312 0.163814496 -0.0249875369 0 0 0
B@CP 1911 0.167856777 -0.138615099 0.360167189 0 0 0
B@CP 1915 -0.098174299 -0.165358573 -0.0285940231 0 0 0
B@CP 1917 -0.046350438 0.0102571858 -0.0575351697 0 0 0
B@CP 1920 -0.0989635718 0.14184457 0.343790297 0 0 0
B@CP 1921 0.21608326 0.0568845193 -0.359172311 0 0 0
B@CP 1922 0.365392252 0.0695432456 0.153047475 0 0 0
B@CP 1925 0.152116367 0.0453931107 -0.388437472 0 0 0
B@CP 1935 0.146796442 -0.179843314 0.303258689 0 0 0
B@CP 1937 0.211387294 -0.0719618062 0.378050137 0 0 0
B@CP 1939 0.428959054 0.0320485889 0.164633756 0 0 0
B@CP 1950 -0.23772503 0.293785715 -0.16390135 0 0 0
B@CP 1955 0.352691256 -0.13359843 -0.0991538745 0 0 0
B@CP 1958 0.385612656 0.135024834 -0.0964941685 0 0 0
B@CP 1967 -0.235058841 -0.072500509 -0.25080009 0 0 0
B@CP 1970 0.0249759279 -0.104691385 -0.209970311 0 0 0
B@CP 1974 -0.118520185 0.148858972 0.345185249 0 0 0
B@CP 1980 -0.0566678604 -0.403521112 -0.0299585626 0 0 0
B@CP 1993 0.367296296 -0.177877467 0.170073626 0 0 0
B@CP 1994 -0.0991968475 0.267552326 -0.181721024 0 0 0
B@CP 1996 0.0561280883 -0.334051144 0.0468776546 0 0 0
B@CP 1999 -0.259551949 -0.249599173 -0.129949459 0 0 0
B@CP 2002 -0.309711774 0.194570484 0.258141984 0 0 0
B@CP 2005 0.219979348 0.074835124 0.0510456881 0 0 0
B@CP 2013 -0.203356589 0.0124929811 0.383891317 0 0 0
B@CP 2019 0.211694309 0.32297071 -0.139641976 0 0 0
B@CP 2021 -0.0802903555 -0.388189872 -0.20171685 0 0 0
B@CP 2022 -0.19265084 0.115118177 -0.339418688 0 0 0
B@CP 2024 -0.0235979795 -0.0419815749 -0.338310698 0 0 0
B@CP 2025 -0.256023367 0.127392487 0.061877524 0 0 0
B@CP 2026 0.0296617226 0.195041513 -0.104857926 0 0 0
B@CP 2028 0.135302488 0.277426334 0.0776488893 0 0 0
B@CP 2029 -0.034786218 -0.385769723 -0.112527914 0 0 0
B@CP 2032 0.00282538509 0.42400699 0.126263547 0 0 0
B@CP 2033 -0.0868771523 0.0677594769 -0.105999434 0 0 0
B@CP 2034 -0.0505105225 0.225570405 -0.295381671 0 0 0
B@CP 2036 0.247660899 0.0833539848 0.381814329 0 0 0
B@CP 2037 -0.0782809814 0.320739368 0.0397883585 0 0 0
B@CP 2040 -0.115227419 -0.390169279 -0.0339621571 0 0 0
B@CP 2042 0.186425356 -0.165745785 -0.276520788 0 0 0
B@CP 2043 -0.10601535 -0.0323912559 0.32469214 0 0 0
B@CP 2048 -0.15197185 -0.00366663526 0.23076072 0 0 0
B@CP 2050 0.104979691 -0.130255106 0.288978153 0 0 0
B@CP 2053 0.275736972 0.294761555 0.0701586777 0 0 0
B@CP 2057 0.119357913 0.172729842 0.29239019 0 0 0
B@CP 2059 -0.21952217 -0.0648428487 -0.264709049 0 0 0
B@CP 2060 0.155220265 0.236598739 0.0869326401 0 0 0
B@CP 2068 -0.0814255387 0.387507783 0.0429589417 0 0 0
B@CP 2076 0.0846509736 -0.338219678 -0.194876055 0 0 0
B@CP 2077 0.0997703223 0.324665017 -0.13789139 0 0 0
B@CP 2078 -0.126538881 0.147868156 -0.00628123667 0 0 0
B@CP 2079 -0.197690994 0.272280176 -0.248498238 0 0 0
B@CP 2081 0.260928054 0.0330066819 0.135053187 0 0 0
B@CP 2082 0.00771397784 -0.00446143629 -0.390673412 0 0 0
B@CP 2083 -0.246167241 -0.325441049 0.220858984 0 0 0
B@CP 2086 -0.0310029985 -0.0422352561 0.0554556968 0 0 0
B@CP 2087 0.0915158146 -0.119466634 0.256486836 0 0 0
B@CP 2091 0.374168161 0.251857778 0.0532651682 0 0 0
B@CP 2095 0.0841227707 -0.282994372 -0.323974572 0 0 0
B@CP 2103 0.22482073 -0.391170094 -0.0880182212 0 0 0
B@CP 2105 0.275017722 -0.24490933 -0.226341083 0 0 0
B@CP 2109 0.132159892 0.201060742 0.294564087 0 0 0
B@CP 2110 0.0453705674 -0.406710882 -0.191260848 0 0 0
B@CP 2111 -0.206722377 -0.384648924 -0.0983232205 0 0 0
B@CP 2113 -0.291745846 -0.273499874 -0.0789149855 0 0 0
B@CP 2114 0.059503584 -0.312369489 -0.335246803 0 0 0
B@CP 2115 0.226447862 0.200371521 -0.00171148006 0 0 0
B@CP 2117 -0.431020461 0.144920979 0.0858014653 0 0 0
B@CP 2118 0.248775033 0.316243302 0.17849822 0 0 0
B@CP 2119 0.0273405951 -0.15662575 -0.408439056 0 0 0
B@CP 2125 0.0751639832 -0.357514666 0.0137733305 0 0 0
B@CP 2127 -0.178159637 -0.00350098001 0.145730679 0 0 0
B@CP 2130 -0.301061784 0.14893975 0.326895134 0 0 0
B@CP 2131 -0.213039564 -0.156270953 -0.3023392 0 0 0
B@CP 2133 0.356596489 0.143973262 0.223204177 0 0 0
B@CP 2134 -0.132097052 0.250323925 0.0376419851 0 0 0
B@CP 2136 -0.121421186 -0.34362787 -0.152180521 0 0 0
B@CP 2141 0.176974368 -0.321259708 -0.0245202245 0 0 0
B@CP 2144 0.201884944 -0.307330049 -0.0129851942 0 0 0
B@CP 2145 -0.24320362 -0.139321027 0.278913467 0 0 0
B@CP 2149 -0.13406553 -0.267608684 -0.0131290023 0 0 0
B@CP 2154 0.058124226 -0.153314753 0.147161165 0 0 0
B@CP 2161 -0.399773164 -0.176416171 -0.09395213 0 0 0
B@CP 2164 -0.0109896491 0.44060417 0.117392587 0 0 0
B@CP 2166 -0.06264167 0.324184302 -0.0517940307 0 0 0
B@CP 2168 0.15728828 -0.278723511 -0.302112963 0 0 0
B@CP 2169 0.17991547 -0.246354301 -0.00744614466 0 0 0
B@CP 2175 -0.198025405 -0.119934834 0.30861713 0 0 0
B@CP 2177 0.220629712 -0.366157743 0.0294935401 0 0 0
B@CP 2182 -0.201345957 -0.0993242429 -0.366094938 0 0 0
B@CP 2186 0.304523595 -0.227632788 -0.0807770497 0 0 0
B@CP 2188 -0.291049245 0.26206951 0.119259843 0 0 0
B@CP 2203 -0.220510018 0.29688821 -0.156545711 0 0 0
B@CP 2205 -0.153578369 -0.150681447 0.00564302674 0 0 0
B@CP 2207 -0.227609473 0.278277907 -0.116721891 0 0 0
B@CP 2208 0.426075978 0.153234772 -0.0213742743 0 0 0
B@CP 2213 -0.120076572 -0.0710568091 0.0783953759 0 0 0
B@CP 2215 -0.0883606031 0.351531754 0.102999238 0 0 0
B@CP 2217 -0.0726244251 -0.295905694 -0.258026619 0 0 0
B@CP 2220 0.277393611 0.128343701 0.194241489 0 0 0
B@CP 2221 0.198296128 -0.290787037 -0.30447872 0 0 0
B@CP 2222 -0.0927409083 -0.0928521706 0.361426136 0 0 0
B@CP 2225 0.0533515232 0.0431821183 -0.107716403 0 0 0
B@CP 2226 0.319018485 0.118080114 0.096059401 0 0 0
B@CP 2228 -0.026527458 -0.0289573495 0.294360937 0 0 0
B@CP 2230 0.209659948 -0.360905503 -0.226813361 0 0 0
B@CP 2233 0.00784254903 -0.419671324 0.00425794497 0 0 0
B@CP 2234 0.288318929 0.166325909 -0.332640296 0 0 0
B@CP 2248 -0.423925959 -0.00868584858 0.137501465 0 0 0
B@CP 2250 -0.174825074 0.227240776 -0.134199625 0 0 0
B@CP 2251 -0.181551317 0.0621207897 -0.0621428411 0 0 0
B@CP 2252 -0.33682666 -0.296973085 0.0260143013 0 0 0
B@CP 2254 0.266089944 0.0149625642 -0.00767126167 0 0 0
B@CP 2255 0.0131847908 0.367703039 0.0694428962 0 0 0
B@CP 2256 0.226255919 -0.266423394 0.0410129827 0 0 0
B@CP 2263 -0.185384805 0.401216286 0.14747511 0 0 0
B@CP 2267 -0.0592490556 0.0978648183 0.403784282 0 0 0
B@CP 2271 -0.143146507 -0.0464539225 0.212316853 0 0 0
B@CP 2272 0.219126273 0.154996407 0.0733401421 0 0 0
B@CP 2273 0.427959935 -0.0141007706 0.0404364821 0 0 0
B@CP 2275 0.0744347018 0.376944347 0.082636269 0 0 0
B@CP 2279 -0.264366383 0.200889258 -0.193761872 0 0 0
B@CP 2282 -0.221142472 -0.2460992 -0.150656373 0 0 0
B@CP 2284 0.0628891827 -0.396627327 -0.168482985 0 0 0
B@CP 2285 -0.29084159 0.13091994 -0.347529977 0 0 0
B@CP 2293 0.0758326051 -0.232115156 -0.319732441 0 0 0
B@CP 2299 0.297013374 -0.00217945888 -0.111254226 0 0 0
B@CP 2300 0.256128115 0.31506209 -0.127739052 0 0 0
B@CP 2301 -0.0204390153 -0.28023684 -0.356726481 0 0 0
B@CP 2303 -0.262247651 0.0184777502 -0.128687745 0 0 0
B@CP 2305 0.127789955 0.181034996 0.356756429 0 0 0
B@CP 2309 -0.00429502525 -0.0977574832 -0.213879926 0 0 0
B@CP 2313 0.0587230665 0.0453088459 -0.304042124 0 0 0
B@CP 2315 -0.0307605915 -0.00812405444 -0.126089135 0 0 0
B@CP 2320 0.317635206 0.267724734 0.0774953621 0 0 0
B@CP 2325 0.223200699 0.422598878 -0.0286451998 0 0 0
B@CP 2329 0.0595354393 -0.324760178 0.148908492 0 0 0
B@CP 2331 -0.211391517 0.220500149 -0.268749739 0 0 0
B@CP 2332 -0.407181175 -0.167991335 0.163454467 0 0 0
B@CP 2333 0.106123966 0.195962253 0.239132537 0 0 0
B@CP 2335 -0.0682102483 -0.0371364011 0.282424338 0 0 0
B@CP 2336 0.147536238 -0.185217816 -0.224294218 0 0 0
B@CP 2340 0.135323456 -0.198026122 -0.135939632 0 0 0
B@CP 2343 -0.29541776 0.0483595309 -0.0334590665 0 0 0
B@CP 2346 -0.388921413 -0.118286121 -0.216571107 0 0 0
B@CP 2348 0.0287047438 0.031838054 0.359241777 0 0 0
B@CP 2350 -0.299419671 -0.284147175 0.0532748981 0 0 0
B@CP 2351 0.229063812 -0.39051766 0.0362343661 0 0 0
B@CP 2356 0.0437921742 -0.384487173 0.148306708 0 0 0
B@CP 2357 0.00323584968 0.114936424 -0.376596201 0 0 0
B@CP 2359 0.0749853604 -0.14740669 -0.148781086 0 0 0
B@CP 2363 0.178154888 0.139482744 -0.274271788 0 0 0
B@CP 2365 -0.24234284 0.310393548 -0.101246344 0 0 0
B@CP 2368 -0.0847665263 -0.070978256 0.17897209 0 0 0
B@CP 2369 0.0585986558 -0.230637344 0.334211289 0 0 0
B@CP 2370 0.00731873299 -0.0369465794 0.257315388 0 0 0
B@CP 2372 0.219513913 -0.131064903 -0.279245451 0 0 0
B@CP 2373 -0.374028148 -0.0232419873 0.109878975 0 0 0
B@CP 2376 0.141773323 -0.0765575572 -0.203208867 0 0 0
B@CP 2381 -0.0906193204 -0.0641392805 0.210096968 0 0 0
B@CP 2382 -0.0634960435 0.284258762 -0.277583305 0 0 0
B@CP 2383 -0.13737374 -0.278785932 -0.124658174 0 0 0
B@CP 2386 -0.1315345 -0.119018846 0.132174372 0 0 0
B@CP 2388 -0.0128745003 0.102408671 0.356480385 0 0 0
B@CP 2392 -0.0634703652 -0.0193236059 0.110011016 0 0 0
B@CP 2395 -0.218868767 -0.278304023 0.167370249 0 0 0
B@CP 2397 -0.0530780262 -0.186224328 -0.277093451 0 0 0
B@CP 2400 -0.0719605044 0.1073376 0.271951604 0 0 0
B@CP 2402 -0.22374671 0.275460288 0.208197948 0 0 0
B@CP 2405 -0.276335255 -0.0646973726 0.153708482 0 0 0
B@CP 2411 -0.0468869665 -0.314061294 0.174945717 0 0 0
B@CP 2413 -0.0822553645 -0.313171624 -0.285619074 0 0 0
B@CP 2416 -0.16125425 0.276068403 0.0623929091 0 0 0
B@CP 2421 -0.158186822 -0.131046967 0.178624466 0 0 0
B@CP 2437 -0.180970822 -0.147696845 0.0559758765 0 0 0
B@CP 2441 -0.0851711484 -0.042541376 -0.0637894045 0 0 0
B@CP 2456 0.0235495088 -0.174216287 0.232054897 0 0 0
B@CP 2457 -0.226774382 -0.271240342 -0.0252700691 0 0 0
B@CP 2459 -0.0976364931 0.040125054 0.162925252 0 0 0
B@CP 2460 -0.16278858 -0.105180166 -0.183391123 0 0 0
B@CP 2461 -0.247593099 -0.218742245 0.053054929 0 0 0
B@CP 2462 0.0851200386 -0.161639588 0.428397667 0 0 0
B@CP 2467 0.00179127976 -0.164789588 0.17016837 0 0 0
B@CP 2471 -0.0849837978 0.32494496 0.308546746 0 0 0
B@CP 2475 -0.055822834 0.295612536 0.0881601137 0 0 0
B@CP 2477 -0.279867353 0.0818217798 0.0532503642 0 0 0
B@CP 2481 0.14138648 0.00994993205 -0.374044796 0 0 0
B@CP 2487 0.0225357424 0.237611757 0.0590182438 0 0 0
B@CP 2492 -0.108145941 -0.178261678 -0.258634021 0 0 0
C@CP 2500 -0.162529577 -0.11719198 -0.0414881109 0 0 0
C@CP 2501 0.357700827 -0.226701861 -0.0285205266 0 0 0
C@CP 2502 0.120183822 -0.410715503 -0.161907364 0 0 0
C@CP 2503 0.00140847148 0.121026563 0.324504848 0 0 0
C@CP 2504 -0.0238136703 -0.339038582 -0.0830289574 0 0 0
C@CP 2505 -0.0842105669 0.103939961 -0.0618848141 0 0 0
C@CP 2506 0.124016898 0.142882836 0.135858792 0 0 0
C@CP 2507 -0.413755541 0.161536217 -0.0479510676 0 0 0
C@CP 2508 0.312029171 -0.0377989383 -0.193436985 0 0 0
C@CP 2509 0.00731991479 0.192248966 0.14742618 0 0 0
C@CP 2510 -0.349099808 -0.0853625586 -0.169041896 0 0 0
C@CP 2511 -0.0358454122 -0.0477424261 0.113653941 0 0 0
C@CP 2512 0.341816703 0.143803214 0.114741957 0 0 0
C@CP 2513 -0.471175806 -0.0037261002 0.057424752 0 0 0
C@CP 2514 0.419701708 0.0746840143 -0.0316545921 0 0 0
C@CP 2515 -0.225389375 -0.00530290572 -0.0427448634 0 0 0
C@CP 2516 -0.0590001357 -0.100853529 -0.306163649 0 0 0
C@CP 2517 0.131113962 -0.274583059 -0.274629619 0 0 0
C@CP 2518 0.291294807 2.64721685e-05 -0.23550481 0 0 0
C@CP 2519 -0.230796482 -0.11132633 -0.334001777 0 0 0
C@CP 2520 -0.369820737 0.150087319 -0.176940416 0 0 0
C@CP 2521 0.267236615 -0.0498172618 0.301472908 0 0 0
C@CP 2522 0.0252287172 -0.176974934 -0.244304768 0 0 0
C@CP 2523 -0.169386985 0.0403613754 0.18437529 0 0 0
C@CP 2524 0.381221206 0.0187552253 0.0311739741 0 0 0
C@CP 2525 0.120072246 -0.280127588 -0.143218085 0 0 0
C@CP 2526 -0.405417836 -0.170115602 -0.0807576821 0 0 0
C@CP 2527 -0.07144587 -0.251713862 0.240577892 0 0 0
C@CP 2528 0.316510063 -0.110980873 -0.274447466 0 0 0
C@CP 2529 0.146198113 -0.0676653094 0.267308854 0 0 0
C@CP 2530 -0.186395015 -0.374496504 -0.189216707 0 0 0
C@CP 2531 -0.03132797 -0.0841111949 -0.204944611 0 0 0
C@CP 2532 0.11081714 -0.309389515 -0.014754882 0 0 0
C@CP 2533 0.230708808 0.133650599 -0.211817525 0 0 0
C@CP 2534 0.340842573 0.210951381 0.182565378 0 0 0
C@CP 2535 0.327429172 0.201876954 -0.163534921 0 0 0
C@CP 2536 -0.0967110245 -0.0435222782 0.392403204 0 0 0
C@CP 2537 -0.406750415 0.0452290405 -0.238419623 0 0 0
C@CP 2538 0.179607663 -0.113157111 0.276445967 0 0 0
C@CP 2539 0.233030425 -0.40462935 0.0597489959 0 0 0
C@CP 2540 -0.0277829032 -0.0198139265 0.170150566 0 0 0
C@CP 2541 -0.194841464 0.315562159 0.0298989475 0 0 0
C@CP 2542 0.13769783 0.202941082 0.013261788 0 0 0
C@CP 2543 -0.166443957 0.337799007 -0.107385054 0 0 0
C@CP 2544 -0.216460381 -0.0228769578 0.0911874009 0 0 0
C@CP 2545 -0.16663293 0.232091178 0.32852213 0 0 0
C@CP 2546 -0.208338761 -0.116274212 0.235877295 0 0 0
C@CP 2547 0.0908565412 -0.0210627047 0.137348604 0 0 0
C@CP 2548 0.262525444 0.0801870885 -0.0629288051 0 0 0
C@CP 2549 -0.029559663 0.0358523401 -0.223117662 0 0 0
C@CP 2550 -0.309038343 0.271197623 -0.0772786257 0 0 0
C@CP 2551 -0.156231345 0.125279939 -0.218455845 0 0 0
C@CP 2552 -0.258954749 -0.040874426 -0.157769377 0 0 0
C@CP 2553 -0.301746477 -0.000738739799 0.221896746 0 0 0
C@CP 2554 0.137445322 0.0442131144 -0.289794102 0 0 0
C@CP 2555 0.291393379 -0.173978127 -0.0704727139 0 0 0
C@CP 2556 0.145842784 0.0825514983 0.132917005 0 0 0
C@CP 2557 0.0869421451 0.155512832 -0.131945295 0 0 0
C@CP 2558 -0.333934017 -0.0569923034 -0.178137737 0 0 0
C@CP 2559 0.166615415 -0.0777939278 0.197093192 0 0 0
C@CP 2560 0.176161413 -0.00335636496 0.023414455 0 0 0
C@CP 2561 -0.221298824 -0.0244389261 0.383576829 0 0 0
C@CP 2562 0.329592303 -0.269138193 0.0120954966 0 0 0
C@CP 2563 0.129187544 -0.167751706 0.149236794 0 0 0
C@CP 2564 0.188769252 0.327731524 0.0191868387 0 0 0
C@CP 2565 -0.225687225 0.184695169 -0.0208868032 0 0 0
C@CP 2566 0.243296911 -0.200249625 -0.340059761 0 0 0
C@CP 2567 -0.107574478 0.0817455347 0.0502581046 0 0 0
C@CP 2568 0.112697385 0.291588536 0.0271921269 0 0 0
C@CP 2569 -0.0751863425 0.254346868 0.163541707 0 0 0
C@CP 2570 0.044392176 -0.251014202 -0.0247255972 0 0 0
C@CP 2571 -0.0560609383 -0.0819727451 0.401254742 0 0 0
C@CP 2572 0.0838296548 0.191899697 -0.326943698 0 0 0
C@CP 2573 0.0176188207 -0.18191949 0.19583718 0 0 0
C@CP 2574 0.143681742 0.102426549 -0.0573336321 0 0 0
C@CP 2575 0.186951298 0.126096755 -0.341739701 0 0 0
C@CP 2576 0.0382506495 0.126511659 -0.216950562 0 0 0
C@CP 2577 0.211774563 0.0944633135 0.137625422 0 0 0
C@CP 2578 0.293884137 -0.143673082 0.120911511 0 0 0
C@CP 2579 -0.417418025 0.103140833 0.185329027 0 0 0
C@CP 2580 -0.370623712 -0.00926206546 -0.157598162 0 0 0
C@CP 2581 0.276458746 0.282633929 0.0404846249 0 0 0
C@CP 2582 -0.106840129 0.0113206995 0.0534996123 0 0 0
C@CP 2583 0.35554783 -0.162071184 0.0793586572 0 0 0
C@CP 2584 -0.252767473 0.282836355 -0.112928644 0 0 0
C@CP 2585 0.289745074 -0.105954351 0.24465347 0 0 0
C@CP 2586 0.17092165 -0.0312615549 0.27347191 0 0 0
C@CP 2587 0.385625568 -0.0311828028 0.204838794 0 0 0
C@CP 2588 -0.391345005 -0.0201186836 0.101371673 0 0 0
C@CP 2589 -0.330197493 -0.0451638818 0.280254565 0 0 0
C@CP 2590 -0.0204395917 0.418830035 -0.184567411 0 0 0
C@CP 2591 0.019343274 -0.072348726 -0.134951544 0 0 0
C@CP 2592 -0.186069544 0.181043328 0.267316015 0 0 0
C@CP 2593 0.331051473 -0.132508692 -0.228109995 0 0 0
C@CP 2594 0.359065281 -0.0186396797 0.24874238 0 0 0
C@CP 2595 0.28310027 0.0469120511 -0.325575257 0 0 0
C@CP 2596 0.0851281623 -0.272613548 -0.272914911 0 0 0
C@CP 2597 -0.351765067 0.0183137202 -0.0280241546 0 0 0
C@CP 2598 0.0116849377 -0.387500435 -0.00582168557 0 0 0
C@CP 2599 -0.311374647 -0.11191653 -0.14316369 0 0 0
C@CP 2600 0.229004422 0.0159838664 -0.308072559 0 0 0
C@CP 2601 0.27698958 0.185763287 -0.170294057 0 0 0
C@CP 2602 0.0998860615 0.176390329 -0.0746546587 0 0 0
C@CP 2603 -0.014946999 0.0237128905 0.0627143386 0 0 0
C@CP 2604 -0.26306095 0.171020441 0.000915166277 0 0 0
C@CP 2605 0.361448496 0.0482839524 -0.275467978 0 0 0
C@CP 2606 -0.437302219 -0.0747940539 0.10459117 0 0 0
C@CP 2607 0.0775235499 -0.0276805035 -0.203136444 0 0 0
C@CP 2608 -0.354044277 -0.0688891384 -0.00687339572 0 0 0
C@CP 2609 -0.0457323274 -0.173794091 -0.234809648 0 0 0
C@CP 2610 0.190116645 0.0898686499 -0.225872796 0 0 0
C@CP 2611 -0.373429683 0.243681091 0.0347165406 0 0 0
C@CP 2612 0.0363670578 0.472963189 0.0277410303 0 0 0
C@CP 2613 -0.278241429 0.0470893538 0.241799757 0 0 0
C@CP 2614 0.113061365 -0.42133056 0.108069571 0 0 0
C@CP 2615 0.360038173 -0.150282638 -0.2399656 0 0 0
C@CP 2616 0.18681634 -0.0207365707 0.300674993 0 0 0
C@CP 2617 -0.0181747534 0.0866052461 0.224707176 0 0 0
C@CP 2618 0.273484906 -0.207620871 0.293800107 0 0 0
C@CP 2619 0.218531635 -0.360098408 -0.0297854904 0 0 0
C@CP 2620 -0.284018534 -0.248621035 -0.245100643 0 0 0
C@CP 2621 0.0171584909 0.112381047 0.0807952972 0 0 0
C@CP 2622 -0.0262000185 -0.00210315375 0.385356949 0 0 0
C@CP 2623 0.0563700431 0.41125247 0.0694994935 0 0 0
C@CP 2624 0.355060106 0.0277160264 -0.0120541011 0 0 0
C@CP 2625 0.163152767 0.366897444 -0.192680274 0 0 0
C@CP 2626 -0.108237838 0.424135805 -0.105582436 0 0 0
C@CP 2627 0.324248518 -0.0395753615 -0.0733913816 0 0 0
C@CP 2628 0.0970936896 -0.378826821 -0.184874283 0 0 0
C@CP 2629 -0.217685414 -0.225519397 -0.250465041 0 0 0
C@CP 2630 -0.137877877 -0.310592007 -0.203851709 0 0 0
C@CP 2631 -0.419930196 0.137966427 0.10639186 0 0 0
C@CP 2632 0.102089712 -0.226158369 -0.119426898 0 0 0
C@CP 2633 0.348165159 0.24798171 0.100136954 0 0 0
C@CP 2634 -0.137245542 0.101712749 0.202991937 0 0 0
C@CP 2635 -0.199940643 0.244794624 -0.082325652 0 0 0
C@CP 2636 -0.175894725 -0.0485998648 -0.0397010701 0 0 0
C@CP 2637 -0.218587902 0.0612279125 0.11026052 0 0 0
C@CP 2638 -0.269203057 -0.400610874 -0.00525771487 0 0 0
C@CP 2639 -0.0276087139 -0.0218990499 0.376815811 0 0 0
C@CP 2640 0.195604432 -0.121856002 -0.200162836 0 0 0
C@CP 2641 -0.0652286481 -0.108209999 0.354867327 0 0 0
C@CP 2642 0.0892916964 -0.0632475777 -0.114198759 0 0 0
C@CP 2643 -0.164454406 0.0436033356 -0.10911574 0 0 0
C@CP 2644 -0.0474934761 0.0668490677 -0.145937335 0 0 0
C@CP 2645 0.198079146 0.0931181932 0.0944849211 0 0 0
C@CP 2646 0.302507857 0.207929608 0.150330009 0 0 0
C@CP 2647 0.0368760179 -0.120743038 0.396663667 0 0 0
C@CP 2648 -0.138235658 0.162366718 0.288105371 0 0 0
C@CP 2649 -0.285689587 0.119348087 0.340914349 0 0 0
C@CP 2650 0.203320714 0.149062736 -0.355917431 0 0 0
C@CP 2651 -0.239884584 0.127249556 0.236268298 0 0 0
C@CP 2652 -0.134711718 0.0873528685 0.379160416 0 0 0
C@CP 2653 -0.217570294 -0.206559427 -0.191277198 0 0 0
C@CP 2654 0.227376258 -0.347548776 -0.124086475 0 0 0
C@CP 2655 0.131833263 -0.192645218 0.384877895 0 0 0
C@CP 2656 -0.000195764885 -0.126035061 -0.110420922 0 0 0
C@CP 2657 0.0314114045 -0.191579946 -0.338982206 0 0 0
C@CP 2658 -0.214325847 -0.17243698 0.39075338 0 0 0
C@CP 2659 0.174978203 -0.323737621 0.244412758 0 0 0
C@CP 2660 0.0632602758 -0.200369228 0.367423302 0 0 0
C@CP 2662 -0.230735642 0.242231537 -0.195665523 0 0 0
C@CP 2663 -0.217246608 0.214114885 -0.139224555 0 0 0
C@CP 2664 0.0559610959 0.0857387877 0.0054653122 0 0 0
C@CP 2665 -0.213837444 0.171101321 0.0636122756 0 0 0
C@CP 2666 0.131360977 0.313842493 -0.161156326 0 0 0
C@CP 2667 -0.0382301351 -0.170583399 0.0151121455 0 0 0
C@CP 2668 -0.0323008521 -0.287247199 -0.183083752 0 0 0
C@CP 2669 -0.0451464227 -0.169274854 -0.23552255 0 0 0
C@CP 2670 0.0190182452 0.0825456388 -0.329550818 0 0 0
C@CP 2671 -0.388751532 -0.00338989953 0.0133211208 0 0 0
C@CP 2672 -0.220096451 0.00773067228 0.380072273 0 0 0
C@CP 2673 -0.0444702994 0.0876878285 0.127967952 0 0 0
C@CP 2674 0.137483481 0.361975828 0.279002376 0 0 0
C@CP 2675 -0.0625138681 0.149035551 -0.0429990203 0 0 0
C@CP 2676 -0.191424451 -0.0677394843 -0.218341714 0 0 0
C@CP 2677 -0.31718013 0.275762165 -0.150516718 0 0 0
C@CP 2678 0.367259631 -0.0226756741 -0.157678546 0 0 0
C@CP 2679 0.0223933329 0.178426975 0.164707768 0 0 0
C@CP 2680 0.311859581 -0.0294204107 0.0991733213 0 0 0
C@CP 2681 -0.143870294 0.271798789 0.332093507 0 0 0
C@CP 2682 0.245756819 0.271957953 -0.239729187 0 0 0
C@CP 2683 -0.102571266 0.236956623 -0.143675223 0 0 0
C@CP 2684 -0.088238469 -0.164582569 -0.0262198505 0 0 0
C@CP 2685 0.09212769 0.143086716 0.115864246 0 0 0
C@CP 2686 -0.245177097 -0.147381155 -0.283222438 0 0 0
C@CP 2687 0.323740132 -0.133730071 -0.210004112 0 0 0
C@CP 2688 0.339003394 0.257106359 -0.0739940821 0 0 0
C@CP 2689 -0.20992545 -0.168844572 -0.0190567678 0 0 0
C@CP 2690 0.169547473 0.114565607 -0.350909385 0 0 0
C@CP 2691 0.202803595 -0.280124869 -0.0501708523 0 0 0
C@CP 2692 0.205997871 -0.0527618213 -0.187689824 0 0 0
C@CP 2693 -0.0524102989 0.035468938 0.133265028 0 0 0
C@CP 2694 -0.263530664 0.0490606322 0.285087585 0 0 0
C@CP 2695 0.183997738 -0.0939039113 -0.344971872 0 0 0
C@CP 2696 0.223819118 0.406549804 0.0346246727 0 0 0
C@CP 2697 0.204309626 -0.0651141043 0.369109174 0 0 0
C@CP 2698 0.173430965 -0.0559581073 0.00436204615 0 0 0
C@CP 2699 0.100236726 -0.156557143 -0.0375407728 0 0 0
C@CP 2700 -0.0545211849 0.379000522 -0.231306268 0 0 0
C@CP 2701 -0.312459436 0.0996755863 0.31903562 0 0 0
C@CP 2702 0.318926246 0.0862401622 0.178801284 0 0 0
C@CP 2703 -0.00896755643 -0.171716232 -0.185550888 0 0 0
C@CP 2704 0.306251344 -0.169581702 -0.194930113 0 0 0
C@CP 2705 0.295950825 -0.242627923 0.0942776965 0 0 0
C@CP 2706 0.0508717424 -0.309404907 -0.051491932 0 0 0
C@CP 2707 -0.169841162 -0.0119694594 0.138624063 0 0 0
C@CP 2708 -0.325859844 -0.17588396 0.173712464 0 0 0
C@CP 2709 0.198861879 0.244009634 0.0623614609 0 0 0
C@CP 2710 -0.265272552 -0.256763601 0.267113063 0 0 0
C@CP 2711 0.132006434 -0.380198534 -0.0429341365 0 0 0
C@CP 2712 0.0688444474 -0.101034511 -0.177465678 0 0 0
C@CP 2713 -0.113809616 0.0327149394 0.177946496 0 0 0
C@CP 2714 0.416299156 -0.0728042602 -0.0440185017 0 0 0
C@CP 2715 -0.341084355 -0.0988580044 0.153640543 0 0 0
C@CP 2716 0.163883615 0.164276731 -0.224918358 0 0 0
C@CP 2717 -0.0245639931 -0.143596855 -0.172573318 0 0 0
C@CP 2718 -0.410836647 0.0789718693 0.184585654 0 0 0
C@CP 2719 0.126015019 0.207898754 -0.388381868 0 0 0
C@CP 2720 0.234718544 -0.0323959379 0.394527656 0 0 0
C@CP 2721 0.00620494953 0.100983322 0.016564076 0 0 0
C@CP 2722 -0.123244413 0.35256245 -0.174195969 0 0 0
C@CP 2723 0.285920652 -0.366828963 -0.0693859824 0 0 0
C@CP 2724 -0.365313976 -0.0181554313 0.139212443 0 0 0
C@CP 2725 -0.0477291119 -0.421168289 -0.0214440319 0 0 0
C@CP 2726 -0.0911214463 -0.179764744 -0.323923416 0 0 0
C@CP 2727 0.289826748 -0.159882883 0.0894916751 0 0 0
C@CP 2728 -0.183671277 -0.353085711 0.0424844774 0 0 0
C@CP 2729 0.147821295 -0.0912325285 0.220592488 0 0 0
C@CP 2730 0.202926903 0.0420701154 0.25165575 0 0 0
C@CP 2731 -0.283367133 0.340701515 0.0746447039 0 0 0
C@CP 2732 0.0128484765 0.0357607 0.324117726 0 0 0
C@CP 2733 -0.289692354 -0.158092317 -0.151175301 0 0 0
C@CP 2734 -0.0323627408 -0.406206936 -0.00215618583 0 0 0
C@CP 2735 0.327372507 0.182783124 0.110485626 0 0 0
C@CP 2736 -0.229558952 -0.0867887386 0.0923621507 0 0 0
C@CP 2737 0.0953643055 -0.244268158 -0.373586077 0 0 0
C@CP 2738 0.216731622 -0.381127159 0.0399712674 0 0 0
C@CP 2739 0.0145404711 -0.146659941 -0.225242621 0 0 0
C@CP 2740 -0.0931629992 0.0161665831 0.277758624 0 0 0
C@CP 2741 -0.242264595 -0.279863771 0.0642476483 0 0 0
C@CP 2742 0.210408803 0.189001683 -0.0751053217 0 0 0
C@CP 2743 0.412423085 -0.105588311 0.148328052 0 0 0
C@CP 2744 0.29111201 -0.0158268648 0.291287358 0 0 0
C@CP 2745 0.26978695 -0.12533691 0.232523999 0 0 0
C@CP 2746 0.238760746 0.165243471 -0.339423653 0 0 0
C@CP 2747 0.0968310607 0.0774663487 0.071413834 0 0 0
C@CP 2748 -0.233914099 -0.108065674 -0.0568962542 0 0 0
C@CP 2749 0.10567329 0.22538869 -0.153903969 0 0 0
C@CP 2750 -0.0907041062 -0.0326138801 -0.398645019 0 0 0
C@CP 2751 0.092081789 0.022513712 -0.290684465 0 0 0
C@CP 2752 -0.0789578098 0.284486975 0.188295823 0 0 0
C@CP 2753 0.369502224 0.11814678 0.113137536 0 0 0
C@CP 2754 -0.180261273 -0.152967058 0.0622379702 0 0 0
C@CP 2755 0.332414387 0.259656346 -0.09959461 0 0 0
C@CP 2756 -0.379285259 -0.146118184 0.098064266 0 0 0
C@CP 2757 -0.0711482916 0.338539244 -0.228248635 0 0 0
C@CP 2758 0.251317981 -0.0812223554 0.144257137 0 0 0
C@CP 2759 -0.363964852 0.00914002 0.00725148981 0 0 0
C@CP 2760 -0.263804205 0.106573886 0.206834107 0 0 0
C@CP 2761 0.290386121 0.162324578 0.198240073 0 0 0
C@CP 2762 0.0791990205 0.340148233 -0.0969575563 0 0 0
C@CP 2763 -0.322117455 -0.196974498 -0.239496151 0 0 0
C@CP 2764 -0.15026991 0.0418887772 0.166878556 0 0 0
C@CP 2765 0.12878642 -0.318887132 -0.0182971239 0 0 0
C@CP 2766 0.269607742 0.265568787 0.152374062 0 0 0
C@CP 2767 0.3782758 -0.087261699 -0.0250307681 0 0 0
C@CP 2768 -0.0940911902 0.11716007 -0.340004098 0 0 0
C@CP 2769 -0.023378772 -0.258530428 -0.268273213 0 0 0
C@CP 2770 0.0825714574 -0.385015073 0.211703347 0 0 0
C@CP 2771 -0.0954611932 -0.105556273 0.326205746 0 0 0
C@CP 2772 -0.254949621 -0.119018327 -0.361438512 0 0 0
C@CP 2773 0.101998203 0.21681538 -0.00338530054 0 0 0
C@CP 2774 -0.0361199256 -0.0779350842 -0.0537530978 0 0 0
C@CP 2775 0.241271774 -0.230951568 0.261622806 0 0 0
C@CP 2776 -0.0482132502 -0.421154087 0.01534162 0 0 0
C@CP 2777 -0.38325838 0.234184501 -0.035849617 0 0 0
C@CP 2778 0.284500758 0.251697248 0.0875587489 0 0 0
C@CP 2779 0.3016267 -0.288170585 -0.189980685 0 0 0
C@CP 2780 0.208736953 -0.096359631 0.00603955141 0 0 0
C@CP 2781 0.342593395 0.0436130351 -0.317118475 0 0 0
C@CP 2782 0.219281795 -0.190864206 -0.219721313 0 0 0
C@CP 2783 -0.205697321 0.373626313 0.114635458 0 0 0
C@CP 2784 0.353153426 -0.206965391 0.13477345 0 0 0
C@CP 2785 0.0652310792 0.163916747 -0.0381686424 0 0 0
C@CP 2786 0.0924229388 -0.00165055817 -0.365807817 0 0 0
C@CP 2787 0.0173822023 0.327328043 0.124403229 0 0 0
C@CP 2788 0.00298985772 -0.102392008 0.0840692179 0 0 0
C@CP 2789 -0.0248259742 0.407427844 -0.0579796052 0 0 0
C@CP 2790 0.0588557175 -0.164891208 0.0981635922 0 0 0
C@CP 2791 -0.380111309 -0.214056945 0.0273451079 0 0 0
C@CP 2792 0.265001622 -0.33910499 0.000724425603 0 0 0
C@CP 2793 -0.187013743 -0.102997492 0.111159739 0 0 0
C@CP 2794 0.251407156 -0.126010445 -0.0768466595 0 0 0
C@CP 2795 -0.278885192 0.334293609 0.0534441206 0 0 0
C@CP 2796 -0.157656383 0.0546382239 -0.312149722 0 0 0
C@CP 2797 -0.0807970748 -0.405651553 0.168532761 0 0 0
C@CP 2798 0.0907441363 0.192600876 -0.151272012 0 0 0
C@CP 2799 0.187444071 0.235596451 0.0943050523 0 0 0
C@CP 2800 0.110293836 -0.194703298 -0.367117161 0 0 0
C@CP 2801 0.22786486 -0.282722918 -0.243072058 0 0 0
C@CP 2802 -0.13982925 0.130904072 -0.375435586 0 0 0
C@CP 2803 0.0889520201 -0.287487483 0.204353424 0 0 0
C@CP 2804 -0.41533045 0.0264326075 0.21773608 0 0 0
C@CP 2805 -0.0396194676 -0.159641787 0.132196719 0 0 0
C@CP 2806 0.146473266 -0.0643968547 0.28068733 0 0 0
C@CP 2807 0.4314148 0.0237311674 -0.0792671092 0 0 0
C@CP 2808 0.0448486712 0.095166345 -0.110292169 0 0 0
C@CP 2809 0.108954333 0.142430659 0.354358785 0 0 0
C@CP 2810 -0.2721983 0.32908402 0.0778798968 0 0 0
C@CP 2811 -0.0371029608 0.353187714 0.203847834 0 0 0
C@CP 2812 -0.273528833 -0.099914224 0.261482735 0 0 0
C@CP 2813 -0.158660625 -0.234784176 0.0840440658 0 0 0
C@CP 2814 0.303475483 -0.0325931855 0.177520083 0 0 0
C@CP 2815 -0.463304201 -0.0150955124 0.0392955025 0 0 0
C@CP 2816 -0.0663771057 -0.336567028 -0.219924869 0 0 0
C@CP 2817 0.0457065718 0.274401211 0.126836997 0 0 0
C@CP 2818 -0.0577343682 0.097743029 -0.120251254 0 0 0
C@CP 2819 -0.236674801 -0.147080477 0.33598576 0 0 0
C@CP 2820 0.0355356932 -0.373905223 0.126071559 0 0 0
C@CP 2821 -0.0455111265 -0.307205278 -0.259893663 0 0 0
C@CP 2822 -0.304595804 0.0567932594 -0.236343491 0 0 0
C@CP 2823 0.341387393 -0.00133958478 -0.319269362 0 0 0
C@CP 2824 0.127709628 0.0200273368 -0.00317296316 0 0 0
C@CP 2825 0.247270642 0.226508215 0.190539017 0 0 0
C@CP 2826 -0.103717299 0.228584958 -0.177822812 0 0 0
C@CP 2827 0.303800686 0.16185458 0.240492862 0 0 0
C@CP 2828 0.308972757 -0.117255564 0.0898155221 0 0 0
C@CP 2829 0.154203868 -0.277863442 -0.0297434174 0 0 0
C@CP 2830 0.394967753 -0.0354015524 0.0658919637 0 0 0
C@CP 2831 -0.415859757 -0.174066288 -0.106361311 0 0 0
C@CP 2832 -0.125944865 -0.417490154 0.110429186 0 0 0
C@CP 2833 0.0151780949 -0.215442715 -0.131028986 0 0 0
C@CP 2834 0.211122172 0.0286831845 -0.274772862 0 0 0
C@CP 2835 -0.3237884 0.134166244 -0.0924488229 0 0 0
C@CP 2836 -0.0493695236 -0.00736923499 0.439150112 0 0 0
C@CP 2837 -0.0949623139 0.323299676 0.194591914 0 0 0
C@CP 2838 0.111900692 -0.0959690219 -0.102029734 0 0 0
C@CP 2839 0.00466754884 -0.0982086434 -0.0638411294 0 0 0
C@CP 2840 -0.387520582 -0.258579756 0.0480131871 0 0 0
C@CP 2841 -0.0625135944 -0.307954448 -0.215133771 0 0 0
C@CP 2842 0.0604736263 0.238541228 0.182115457 0 0 0
C@CP 2843 0.0950026116 -0.0918915164 0.271268713 0 0 0
C@CP 2844 0.0590913848 0.309839983 0.201298726 0 0 0
C@CP 2845 0.0550687852 -0.275179802 -0.252297522 0 0 0
C@CP 2846 -0.102416984 -0.240334622 -0.383666177 0 0 0
C@CP 2847 -0.366502027 0.208257749 -0.196283957 0 0 0
C@CP 2848 -0.110235307 0.183888397 -0.231243306 0 0 0
C@CP 2849 0.145886421 -0.170591554 0.0322281964 0 0 0
C@CP 2850 0.0870976872 0.120368946 0.0845962715 0 0 0
C@CP 2851 0.269296984 0.324350682 0.0676103776 0 0 0
C@CP 2852 -0.00145253149 -0.221262048 -0.213751855 0 0 0
C@CP 2853 0.160245775 -0.148014718 -0.138951324 0 0 0
C@CP 2854 0.383823319 0.013338718 0.225773725 0 0 0
C@CP 2855 0.024070244 -0.0846714755 0.46520746 0 0 0
C@CP 2856 0.253153369 -0.0356995865 -0.123885222 0 0 0
C@CP 2857 -0.0724054027 0.0381622997 -0.15582678 0 0 0
C@CP 2858 0.172546995 0.0958110091 -0.192546636 0 0 0
C@CP 2859 -0.211595235 0.0652328826 0.387790495 0 0 0
C@CP 2860 0.334739412 -0.12061874 -0.0330498617 0 0 0
C@CP 2861 -0.137541702 0.237656767 -0.04254 0 0 0
C@CP 2862 -0.225206355 -0.199592241 -0.353076135 0 0 0
C@CP 2863 0.127318101 0.145092942 0.0950923104 0 0 0
C@CP 2864 0.107474917 0.414622122 0.184577738 0 0 0
C@CP 2865 0.235775499 0.236388438 0.19456056 0 0 0
C@CP 2866 -0.228044152 -0.0854557095 -0.125183402 0 0 0
C@CP 2867 -0.38477472 0.0908377499 0.0448376064 0 0 0
C@CP 2868 -0.0362735053 0.29008357 0.352460211 0 0 0
C@CP 2869 -0.0658345431 0.113928318 -0.187844326 0 0 0
C@CP 2870 -0.255262549 -0.356264779 0.0652467378 0 0 0
C@CP 2871 0.232237809 -0.177323347 -0.106982083 0 0 0
C@CP 2872 -0.0425304375 0.0464123416 0.233913579 0 0 0
C@CP 2873 -0.148791656 0.0686887718 0.167338834 0 0 0
C@CP 2874 -0.0362764236 0.272050037 -0.389051519 0 0 0
C@CP 2875 -0.20434369 -0.120316429 0.0460084227 0 0 0
C@CP 2876 0.324665136 -0.211960503 -0.113413211 0 0 0
C@CP 2877 -0.159693305 -0.233268306 0.105605278 0 0 0
C@CP 2878 -0.401253142 0.013992159 0.0536917922 0 0 0
C@CP 2879 0.421504925 -0.0398495709 -0.0321035087 0 0 0
C@CP 2880 -0.0166798565 0.343970998 -0.09130341 0 0 0
C@CP 2881 0.0327410116 -0.231420724 -0.421378807 0 0 0
C@CP 2882 -0.346987539 -0.149771444 -0.205731536 0 0 0
C@CP 2883 0.273232052 -0.10366112 0.280872858 0 0 0
C@CP 2884 0.142539452 0.0750504916 0.104688622 0 0 0
C@CP 2885 0.072304841 -0.32432273 0.00696218743 0 0 0
C@CP 2886 -0.210474117 0.3917291 -0.0516577272 0 0 0
C@CP 2887 0.162624218 0.20245529 -0.085450774 0 0 0
C@CP 2888 0.405163724 0.200676913 -0.00421703418 0 0 0
C@CP 2889 -0.0994276629 -0.129619485 0.297446849 0 0 0
C@CP 2890 -0.0650162735 -0.0111945001 0.120378609 0 0 0
C@CP 2891 -0.0164484702 0.201093928 0.130389749 0 0 0
C@CP 2892 -0.123888929 -0.25493871 -0.246407831 0 0 0
C@CP 2893 0.0647623528 0.0970008895 0.0910648008 0 0 0
C@CP 2894 -0.0624667822 0.30139724 -0.103431415 0 0 0
C@CP 2895 0.151519793 -0.407770088 -0.035850247 0 0 0
C@CP 2896 -0.0722379183 0.0201673587 -0.0508680311 0 0 0
C@CP 2897 0.137480227 -0.0537895161 0.308799208 0 0 0
C@CP 2898 0.172843573 0.0589405415 0.169722401 0 0 0
C@CP 2899 0.224754541 0.35206508 0.0972849793 0 0 0
C@CP 2900 0.0828308171 -0.333198155 -0.0864717086 0 0 0
C@CP 2901 0.0564615337 -0.115856445 0.42140002 0 0 0
C@CP 2902 0.328845505 -0.159450405 0.0303872511 0 0 0
C@CP 2903 0.235025688 0.294510121 -0.0509952952 0 0 0
C@CP 2904 -0.0621100559 0.213476632 0.121243916 0 0 0
C@CP 2905 -0.000727044956 -0.0595815633 -0.245846323 0 0 0
C@CP 2906 -0.0608800343 0.179520547 -0.189102691 0 0 0
C@CP 2907 -0.159488922 -0.0688593784 -0.333131 0 0 0
C@CP 2908 0.24285428 0.168439278 -0.140470304 0 0 0
C@CP 2909 -0.19820259 -0.314383253 0.227803927 0 0 0
C@CP 2910 -0.0916302014 -0.284161533 0.0505180738 0 0 0
C@CP 2911 0.290068858 -0.091292196 -0.238659918 0 0 0
C@CP 2912 -0.232982762 -0.142223068 -0.404729104 0 0 0
C@CP 2913 0.110243365 -0.266824254 -0.310901355 0 0 0
C@CP 2914 0.168639284 -0.375849201 -0.175742389 0 0 0
C@CP 2915 0.110770662 0.0124199991 0.44640092 0 0 0
C@CP 2916 0.121235742 -0.0522738703 -0.320555861 0 0 0
C@CP 2917 0.0324087744 0.155142326 -0.30204391 0 0 0
C@CP 2918 0.0550241184 -0.219589225 0.294232958 0 0 0
C@CP 2919 -0.0408455136 -0.0894983493 -0.171826428 0 0 0
C@CP 2920 -0.00973333093 -0.0102267624 -0.3857791 0 0 0
C@CP 2921 0.3070193 -0.0844833969 0.130544275 0 0 0
C@CP 2922 0.432133144 -0.117161074 -0.0177095407 0 0 0
C@CP 2923 -0.245569345 -0.343174534 -0.146288158 0 0 0
C@CP 2924 0.0625787649 0.116138638 -0.342579975 0 0 0
C@CP 2925 -0.126349933 -0.325158642 0.0989277494 0 0 0
C@CP 2926 -0.404511316 0.132442526 -0.0382954728 0 0 0
C@CP 2927 0.00354008615 0.135618798 0.138617133 0 0 0
C@CP 2928 0.377857516 -0.0920521327 -0.137451839 0 0 0
C@CP 2929 0.0968341557 0.378479433 0.153477607 0 0 0
C@CP 2930 -0.349780112 0.267031039 -0.132652772 0 0 0
C@CP 2931 0.0376840241 0.381592012 0.172315784 0 0 0
C@CP 2932 0.369704856 0.143755355 -0.0832551823 0 0 0
C@CP 2933 0.179371926 -0.196231966 -0.194574937 0 0 0
C@CP 2934 0.205095864 0.0181030477 -0.350219444 0 0 0
C@CP 2935 0.0580984003 -0.0679597819 -0.00163709412 0 0 0
C@CP 2936 -0.0835253367 0.0254020208 0.0216694915 0 0 0
C@CP 2937 -0.243893667 0.151383536 0.341665727 0 0 0
C@CP 2938 0.0425239516 -0.053049087 0.422260935 0 0 0
C@CP 2939 -0.074088688 -0.0258654715 0.210621899 0 0 0
C@CP 2940 0.0319771544 -0.0398165503 0.0105643574 0 0 0
C@CP 2941 -0.0952584327 -0.0599425117 0.333266122 0 0 0
C@CP 2942 0.00566042086 0.156724764 -0.0379039779 0 0 0
C@CP 2943 0.39716486 -0.204343265 -0.0118867675 0 0 0
C@CP 2944 -0.180901442 0.345103482 0.0337231058 0 0 0
C@CP 2945 -0.369997994 -0.0695125138 -0.273259571 0 0 0
C@CP 2946 -0.195199646 -0.216519199 -0.0352832231 0 0 0
C@CP 2947 -0.0712160775 -0.280382953 0.00754798158 0 0 0
C@CP 2948 -0.206056045 -0.109748726 0.283498228 0 0 0
C@CP 2949 -0.224257074 0.177135294 0.236734706 0 0 0
C@CP 2950 0.0956915649 -0.0251294951 -0.310855485 0 0 0
C@CP 2951 -0.254825789 -0.00524566429 -0.268901017 0 0 0
C@CP 2952 -0.241139842 0.182598653 -0.268651728 0 0 0
C@CP 2953 -0.0179997963 -0.0812002579 0.207415915 0 0 0
C@CP 2954 -0.128424922 -0.031287051 -0.437988451 0 0 0
C@CP 2955 0.163522778 0.00103436643 -0.228136616 0 0 0
C@CP 2956 -0.198058042 -0.0126001709 -0.0606149098 0 0 0
C@CP 2957 0.400677149 0.016178466 -0.24201125 0 0 0
C@CP 2958 0.285209332 0.0666982033 -0.324985869 0 0 0
C@CP 2959 -0.225994312 -0.00918088114 -0.266774585 0 0 0
C@CP 2960 -0.429047861 0.130873486 0.131375693 0 0 0
C@CP 2961 0.379547393 0.11191983 -0.206154028 0 0 0
C@CP 2962 0.0781511403 -0.353874867 0.162204772 0 0 0
C@CP 2963 -0.0361751332 0.140347773 0.0327279295 0 0 0
C@CP 2964 0.0496948875 -0.00977686136 -0.466988921 0 0 0
C@CP 2965 0.15219179 -0.00103067307 -0.134689164 0 0 0
C@CP 2966 -0.153407816 -0.114186808 -0.421750813 0 0 0
C@CP 2967 0.101135873 0.0583835801 -0.40609052 0 0 0
C@CP 2968 0.188731919 -0.172546043 0.0444325054 0 0 0
C@CP 2969 -0.101279682 -0.138467402 -0.0935661105 0 0 0
C@CP 2970 -0.0183199893 0.0336684242 0.221970954 0 0 0
C@CP 2971 -0.0472072207 0.010352375 -0.303155371 0 0 0
C@CP 2972 -0.347228516 0.0645382767 -0.188240774 0 0 0
C@CP 2973 0.288043256 0.172404368 -0.247799631 0 0 0
C@CP 2974 0.0286512795 0.160164171 0.344346611 0 0 0
C@CP 2975 0.00616744821 0.0382141882 0.314119478 0 0 0
C@CP 2976 -0.425367749 -0.0281834121 -0.0030449419 0 0 0
C@CP 2977 -0.104776513 -0.262929286 0.312520104 0 0 0
C@CP 2978 -0.147113689 0.0429981074 0.200228459 0 0 0
C@CP 2979 -0.0519592378 -0.223504648 0.323317185 0 0 0
C@CP 2980 -0.324712165 0.327557414 -0.0899308502 0 0 0
C@CP 2981 0.185301041 0.183581607 0.119625931 0 0 0
C@CP 2982 -0.275463102 -0.0377017529 -0.0446899603 0 0 0
C@CP 2983 -0.00319367661 -0.103174264 0.216536992 0 0 0
C@CP 2984 -0.1214533 0.254712546 -0.315713837 0 0 0
C@CP 2985 0.239220363 0.298472538 0.0993311496 0 0 0
C@CP 2986 0.106184257 -0.26069681 -0.148587063 0 0 0
C@CP 2987 -0.0392024552 0.358565203 -0.133262115 0 0 0
C@CP 2988 0.0269696806 0.142429674 -0.378391747 0 0 0
C@CP 2989 0.3380902 -0.218917384 -0.018298141 0 0 0
C@CP 2990 -0.0854380465 -0.171420961 -0.231456801 0 0 0
C@CP 2991 0.209306481 0.150560707 -0.0166651955 0 0 0
C@CP 2992 0.190092972 0.208855076 0.0610109548 0 0 0
C@CP 2993 0.113565717 0.0271278635 0.0489841296 0 0 0
C@CP 2994 -0.0184322191 -0.0752273394 -0.360568732 0 0 0
C@CP 2995 -0.0199075191 -0.130922016 -0.116157988 0 0 0
C@CP 2996 0.157075017 -0.350089024 -0.0285325478 0 0 0
C@CP 2997 0.144104656 -0.296518991 0.279671344 0 0 0
C@CP 2998 0.0592050069 -0.00948758179 0.334325298 0 0 0
C@CP 2999 -0.0223471227 0.0559572893 0.358317539 0 0 0
C@CP 3000 -0.483223144 0.00171506628 0.017567672 0 0 0
C@CP 3001 -0.0933216142 -0.0266519214 -0.35608912 0 0 0
C@CP 3002 -0.30020659 0.324127788 -0.0893062602 0 0 0
C@CP 3003 -0.0400979209 0.178567259 0.00979113326 0 0 0
C@CP 3004 0.36088111 0.16310751 -0.0544012897 0 0 0
C@CP 3005 0.168476423 0.322572533 0.296788619 0 0 0
C@CP 3006 0.0616446107 -0.410316677 -0.210200067 0 0 0
C@CP 3007 -0.142613953 -0.372019478 0.142694573 0 0 0
C@CP 3008 0.209402397 -0.336859065 -0.0826409418 0 0 0
C@CP 3009 0.185280739 0.187526721 0.0625177823 0 0 0
C@CP 3010 -0.181748375 0.0775057743 -0.232569553 0 0 0
C@CP 3011 0.341503171 0.0655840246 -0.284531073 0 0 0
C@CP 3012 0.236404967 0.193299122 -0.330389935 0 0 0
C@CP 3013 0.260953411 0.331058701 -0.0126621542 0 0 0
C@CP 3014 0.461621617 -0.0149331652 0.0140962052 0 0 0
C@CP 3015 0.129468352 0.185500729 -0.18662362 0 0 0
C@CP 3016 -0.0384742869 -0.406613266 0.0798199587 0 0 0
C@CP 3017 0.421133974 -0.160827286 -0.0764176271 0 0 0
C@CP 3018 0.124441929 -0.193654985 0.14953204 0 0 0
C@CP 3019 -0.29154185 0.0210317046 -0.0207807109 0 0 0
C@CP 3020 0.267065272 0.067624444 -0.18459969 0 0 0
C@CP 3021 -0.444861324 0.0480219241 0.0296674138 0 0 0
C@CP 3022 0.267510202 0.239569069 -0.129680073 0 0 0
C@CP 3023 0.221540054 0.163618254 -0.255510874 0 0 0
C@CP 3024 -0.395423153 0.029781403 0.257386671 0 0 0
C@CP 3025 0.310099917 -0.0719559615 -0.313014022 0 0 0
C@CP 3026 0.167573705 -0.297951525 -0.194652105 0 0 0
C@CP 3027 -0.0305761103 0.030175197 0.259654636 0 0 0
C@CP 3028 -0.0603982953 0.089863413 0.180917395 0 0 0
C@CP 3029 -0.256655481 0.00814929211 0.261469443 0 0 0
C@CP 3030 -0.167060816 0.320820069 -0.0708495678 0 0 0
C@CP 3031 0.188149092 0.35731462 0.224479749 0 0 0
C@CP 3032 0.125429299 0.427143147 0.0428029711 0 0 0
C@CP 3033 0.169478484 0.267379185 -0.167211608 0 0 0
C@CP 3034 0.0559879711 -0.107611997 -0.341147561 0 0 0
C@CP 3035 -0.0423010959 -0.389293912 0.022287317 0 0 0
C@CP 3036 0.0341008924 0.103428836 -0.232128094 0 0 0
C@CP 3037 0.0231394643 -0.0429729579 0.406826164 0 0 0
C@CP 3038 0.105639575 -0.155587288 -0.265561536 0 0 0
C@CP 3039 -0.00617943121 -0.298532575 0.289965676 0 0 0
C@CP 3040 -0.0660185679 -0.373377596 0.0310846566 0 0 0
C@CP 3041 0.0988732165 -0.0576960614 -0.106121418 0 0 0
C@CP 3042 0.108288362 -0.16765843 -0.0548310222 0 0 0
C@CP 3043 -0.142778632 0.398362199 -0.100730315 0 0 0
C@CP 3044 0.351360541 0.265997392 -0.0798110084 0 0 0
C@CP 3045 -0.111063314 -0.135207466 0.285777528 0 0 0
C@CP 3046 -0.109729309 -0.0377874307 0.347209658 0 0 0
C@CP 3047 -0.00489670685 -0.378722113 -0.0856058151 0 0 0
C@CP 3048 -0.148277057 -0.0918963828 -0.346806866 0 0 0
C@CP 3049 0.314945577 -0.192098605 -0.143455436 0 0 0
C@CP 3050 0.0260363493 -0.228941527 -0.294091377 0 0 0
C@CP 3051 -0.325905043 -0.109562363 0.247168628 0 0 0
C@CP 3052 -0.0956361109 0.318208411 0.181377474 0 0 0
C@CP 3053 0.287850153 0.0693515328 -0.242795767 0 0 0
C@CP 3054 0.330606704 0.102166876 -0.210472226 0 0 0
C@CP 3055 -0.223946069 -0.141533618 0.177681367 0 0 0
C@CP 3056 -0.482170459 0.00523952508 -0.0365478977 0 0 0
C@CP 3057 -0.196284072 0.0906624066 -0.111507703 0 0 0
C@CP 3058 0.0746011572 0.108238383 0.0235080406 0 0 0
C@CP 3059 -0.329188335 -0.313972264 0.018193862 0 0 0
C@CP 3060 0.272153812 0.0813893796 0.221628374 0 0 0
C@CP 3061 -0.367729021 -0.173795525 0.215909137 0 0 0
C@CP 3062 -0.177973364 0.248562446 0.0668949963 0 0 0
C@CP 3063 0.0581693158 0.101692465 -0.0240470294 0 0 0
C@CP 3064 -0.337909941 -0.0599371431 0.0966746831 0 0 0
C@CP 3065 0.205945519 0.150521009 0.103222512 0 0 0
C@CP 3066 -0.13237796 -0.369226514 -0.158018855 0 0 0
C@CP 3067 -0.0693202706 0.269454908 0.313556066 0 0 0
C@CP 3068 0.0765478172 -0.0947792495 0.258431512 0 0 0
C@CP 3069 0.382171562 -0.099143317 -0.0806992731 0 0 0
C@CP 3070 -0.0412692147 -0.401526685 -0.110651794 0 0 0
C@CP 3071 0.244175218 -0.291759499 0.0363065938 0 0 0
C@CP 3072 -0.252915759 -0.061329195 0.176243665 0 0 0
C@CP 3073 0.00302277559 -0.274329311 -0.194107874 0 0 0
C@CP 3074 0.00441505331 0.211305233 0.0479440657 0 0 0
C@CP 3075 -0.264824742 0.108327389 -0.0518142549 0 0 0
C@CP 3076 0.0538389109 -0.270694197 -0.00632463978 0 0 0
C@CP 3077 -0.202846032 -0.404000657 0.0463223726 0 0 0
C@CP 3079 -0.15611418 -0.273123777 0.0635647073 0 0 0
C@CP 3080 -0.0813837091 -0.299241893 -0.0894193534 0 0 0
C@CP 3081 -0.249388076 0.291243177 0.225447072 0 0 0
C@CP 3082 0.0429320856 0.104391202 -0.436570576 0 0 0
C@CP 3083 -0.114836698 0.149000716 -0.382828891 0 0 0
C@CP 3084 -0.385002127 0.154977982 -0.170715336 0 0 0
C@CP 3085 -0.195051007 0.246122826 0.146266492 0 0 0
C@CP 3086 0.229775672 -0.0465476648 -0.113804878 0 0 0
C@CP 3087 0.102732918 0.035979413 0.0324157233 0 0 0
C@CP 3088 -0.0537420406 -0.260065549 0.343326875 0 0 0
C@CP 3089 -0.300971839 0.149494897 0.331698205 0 0 0
C@CP 3090 0.0314226153 -0.359633657 0.193185619 0 0 0
C@CP 3091 0.0143641316 -0.0881306108 -0.458432992 0 0 0
C@CP 3092 -0.354330604 -0.0448960519 0.0244441484 0 0 0
C@CP 3093 -0.280781825 0.00085556523 -0.271040805 0 0 0
C@CP 3094 0.0408928592 0.373261432 -0.270027225 0 0 0
C@CP 3095 -0.0761214719 -0.00552594192 -0.188905347 0 0 0
C@CP 3096 -0.225143341 0.0892480103 0.0114004094 0 0 0
C@CP 3097 0.0227113882 0.0159742235 0.402761689 0 0 0
C@CP 3098 -0.34081416 0.00863056865 -0.0587276157 0 0 0
C@CP 3099 0.198681582 -0.349038602 0.218129046 0 0 0
C@CP 3100 -0.24717778 -0.01845321 0.0800628772 0 0 0
C@CP 3101 0.0421187094 -0.143889587 -0.360889391 0 0 0
C@CP 3102 -0.220959529 -0.137899066 -0.0387050191 0 0 0
C@CP 3103 -0.14338299 -0.0244239554 0.0398993888 0 0 0
C@CP 3104 0.248048262 0.178144371 -0.00223938581 0 0 0
C@CP 3105 -0.109244135 0.207769289 -0.067451172 0 0 0
C@CP 3106 0.262800285 0.0347591451 -0.307883694 0 0 0
C@CP 3107 -0.310446835 0.00563040616 0.284878028 0 0 0
C@CP 3108 -0.237640257 0.0172226582 0.367152577 0 0 0
C@CP 3109 -0.128458511 -0.445509489 -0.0148708955 0 0 0
C@CP 3110 -0.321279578 0.0353673093 0.133836182 0 0 0
C@CP 3111 -0.256312646 0.0914813242 0.145774182 0 0 0
C@CP 3112 0.0789623033 0.0499525834 0.157535248 0 0 0
C@CP 3113 0.183182722 0.230913334 0.277807535 0 0 0
C@CP 3114 0.0181297286 0.0617146125 -0.0497035185 0 0 0
C@CP 3115 0.207786089 0.22677787 -0.226790465 0 0 0
C@CP 3116 0.0539879567 0.270372096 0.115490611 0 0 0
C@CP 3117 -0.0989332713 -0.102208754 -0.312059031 0 0 0
C@CP 3118 -0.112894232 -0.258336545 -0.149887751 0 0 0
C@CP 3119 0.0619972963 -0.393099986 -0.206865731 0 0 0
C@CP 3120 -0.367138933 -0.0483210917 0.00305550146 0 0 0
C@CP 3121 -0.217212344 0.120342565 -0.0406226581 0 0 0
C@CP 3122 -0.163279329 -0.111262111 0.222447926 0 0 0
C@CP 3123 -0.0926720846 0.395013995 -0.0560741893 0 0 0
C@CP 3124 -0.244872293 -0.294417852 0.100570781 0 0 0
C@CP 3125 0.250445748 -0.0326786238 -0.0569611368 0 0 0
C@CP 3126 0.234470617 -0.220215284 0.211453819 0 0 0
C@CP 3127 -0.162068293 -0.0948602897 -0.00726540469 0 0 0
C@CP 3128 0.361185875 0.157539369 0.011993407 0 0 0
C@CP 3129 -0.196431883 0.427106204 -1.91712909e-05 0 0 0
C@CP 3130 -0.314091047 0.0126490746 0.337092626 0 0 0
C@CP 3131 -0.140217649 0.000526507506 0.116430261 0 0 0
C@CP 3132 -0.169277352 0.00698775699 0.411228129 0 0 0
C@CP 3133 0.196084136 0.106527206 0.277526834 0 0 0
C@CP 3134 -0.0273232639 -0.197247537 0.19574655 0 0 0
C@CP 3135 0.100153237 0.391092696 0.171297944 0 0 0
C@CP 3136 -0.26671734 -0.139908274 -0.220570504 0 0 0
C@CP 3137 0.0425972726 0.358239202 0.100308171 0 0 0
C@CP 3138 0.23603996 -0.103483085 0.327046198 0 0 0
C@CP 3139 0.286276052 0.306888572 -0.157391129 0 0 0
C@CP 3140 0.0292030235 -0.218588873 -0.243835133 0 0 0
C@CP 3141 -0.0225195015 -0.177119655 -0.246769136 0 0 0
C@CP 3142 0.306976224 0.0400277743 0.0467055679 0 0 0
C@CP 3143 -0.304230249 -0.0885779721 0.0692123726 0 0 0
C@CP 3144 0.215756062 0.219846378 0.00441299855 0 0 0
C@CP 3145 0.133976766 -0.100324884 -0.0315749258 0 0 0
C@CP 3146 0.139734045 0.308518595 0.0972467536 0 0 0
C@CP 3147 -0.143245182 -0.0957544939 0.0131942171 0 0 0
C@CP 3148 -0.224053009 -0.157333796 -0.277504806 0 0 0
C@CP 3149 0.0630168747 -0.117775547 -0.375353512 0 0 0
C@CP 3150 0.0282811124 -0.340981089 0.0516096982 0 0 0
C@CP 3151 0.0145195968 -0.394934054 -0.0745060596 0 0 0
C@CP 3152 -0.226248186 0.111377156 0.285458763 0 0 0
C@CP 3153 -0.0395241038 0.181671979 -0.384735304 0 0 0
C@CP 3154 -0.177214893 0.2094572 -0.18875537 0 0 0
C@CP 3155 0.159016952 -0.0169057849 -0.415407903 0 0 0
C@CP 3156 0.114358949 -0.32064595 0.0017441746 0 0 0
C@CP 3157 0.108423414 0.108592072 0.0321316168 0 0 0
C@CP 3158 -0.243268553 -0.396220281 -0.00310872131 0 0 0
C@CP 3159 0.253183436 0.0553634936 -0.22796006 0 0 0
C@CP 3160 -0.329903858 -0.290772206 0.0596572662 0 0 0
C@CP 3161 0.331257418 -0.0773704789 0.30559747 0 0 0
C@CP 3162 0.0262355224 0.285771571 -0.313977436 0 0 0
C@CP 3163 0.0624542356 0.233715975 0.109094284 0 0 0
C@CP 3164 0.367460332 -0.155664531 0.0869815063 0 0 0
C@CP 3165 -0.227038914 -0.152111778 0.292667185 0 0 0
C@CP 3166 -0.0159928015 0.223555893 0.28446878 0 0 0
C@CP 3167 0.012457415 -0.246385613 -0.416571179 0 0 0
C@CP 3168 0.20144186 -0.177164921 -0.317608642 0 0 0
C@CP 3169 0.0128909983 0.331807514 -0.32280039 0 0 0
C@CP 3170 0.0428706245 -0.0756528812 0.0686616126 0 0 0
C@CP 3171 -0.200235686 0.205246659 0.193460173 0 0 0
C@CP 3172 0.307263199 0.0513137881 -0.209490411 0 0 0
C@CP 3173 0.390930011 -0.0266836384 0.248677545 0 0 0
C@CP 3174 0.316092334 0.314217506 0.0424645779 0 0 0
C@CP 3175 -0.126140839 0.156224707 0.238451185 0 0 0
C@CP 3176 0.00494382869 0.337290055 0.134091285 0 0 0
C@CP 3177 0.00388870614 0.0836473947 0.193637081 0 0 0
C@CP 3178 0.390109501 0.0894679973 -0.00266243472 0 0 0
C@CP 3179 0.239569173 0.0555532033 -0.368425161 0 0 0
C@CP 3180 -0.0594738986 0.228142946 -0.0195536178 0 0 0
C@CP 3181 0.151110742 -0.135221622 0.244326347 0 0 0
C@CP 3182 0.200443322 0.0850946763 0.267723903 0 0 0
C@CP 3183 -0.358397974 -0.210097528 -0.0913671316 0 0 0
C@CP 3184 0.0530935655 -0.253525091 -0.157478517 0 0 0
C@CP 3185 0.133177301 -0.0106492318 0.281353146 0 0 0
C@CP 3186 -0.28439024 0.0388118737 -0.34278743 0 0 0
C@CP 3187 0.0360104829 -0.396439877 -0.0979498126 0 0 0
C@CP 3188 0.0635844227 -0.0333172971 -0.0773805331 0 0 0
C@CP 3189 -0.205203677 0.209758188 -0.327826111 0 0 0
C@CP 3190 0.149850835 0.384512889 0.0304133391 0 0 0
C@CP 3191 -0.262457244 -0.372174419 0.0653097527 0 0 0
C@CP 3192 -0.24785511 -0.139995407 0.388560947 0 0 0
C@CP 3193 -0.16156884 0.152916548 -0.401486429 0 0 0
C@CP 3194 -0.324517996 0.210875027 0.0233855814 0 0 0
C@CP 3195 0.116288461 -0.00522488852 0.32598681 0 0 0
C@CP 3196 0.0983016115 -0.408130542 -0.096234557 0 0 0
C@CP 3197 0.196776588 0.193315729 -0.0738559711 0 0 0
C@CP 3198 0.255148711 0.0655073052 0.237151631 0 0 0
C@CP 3199 0.143464484 -0.237805503 -0.0343507731 0 0 0
C@CP 3200 -0.089005796 -0.419803975 -0.0329782181 0 0 0
C@CP 3201 0.11015421 0.402635396 0.222245987 0 0 0
C@CP 3202 0.285217861 -0.352311665 0.0899185195 0 0 0
C@CP 3203 -0.338448377 -0.161874066 0.23998845 0 0 0
C@CP 3204 0.123606005 0.352413242 -0.189211444 0 0 0
C@CP 3205 0.13569384 0.210931579 -0.234290567 0 0 0
C@CP 3206 0.186972598 -0.149070129 -0.258545829 0 0 0
C@CP 3207 0.205830453 0.205729455 0.0487917931 0 0 0
C@CP 3208 -0.0890894487 0.41604785 -0.099785364 0 0 0
C@CP 3209 0.102349181 0.255767652 0.01753287 0 0 0
C@CP 3210 -0.139648311 -0.0406615521 0.0386372985 0 0 0
C@CP 3211 0.142403644 -0.0860873477 -0.0571412424 0 0 0
C@CP 3212 -0.0474067546 -0.0446536369 0.128412358 0 0 0
C@CP 3213 0.201164733 -0.343863476 -0.18678356 0 0 0
C@CP 3214 0.165636143 -0.00750354762 -0.0127529485 0 0 0
C@CP 3215 0.0587031937 -0.151914498 -0.0754802322 0 0 0
C@CP 3216 -0.375691616 0.02575211 0.206482335 0 0 0
C@CP 3217 0.100900585 0.0820221407 -0.117091926 0 0 0
C@CP 3218 -0.1828986 0.0153352633 0.0251199227 0 0 0
C@CP 3219 0.0240936711 -0.167865469 0.210060359 0 0 0
C@CP 3220 0.185289364 0.158484397 0.190573433 0 0 0
C@CP 3221 -0.287909784 0.125393963 0.0991865539 0 0 0
C@CP 3222 -0.216502458 -0.182688852 0.0460540413 0 0 0
C@CP 3223 0.363565272 -0.00174417671 -0.0771578348 0 0 0
C@CP 3224 0.254486362 -0.0906228248 0.221994015 0 0 0
C@CP 3225 0.194561545 -0.161849202 0.251364095 0 0 0
C@CP 3226 0.368662855 -0.166530424 -0.168275763 0 0 0
C@CP 3227 0.347639537 -0.0455630679 0.214349253 0 0 0
C@CP 3228 0.047526305 -0.0873274702 -0.311411696 0 0 0
C@CP 3229 -0.421990788 -0.0168354102 -0.0185867828 0 0 0
C@CP 3230 0.0869771866 -0.217996811 0.176657651 0 0 0
C@CP 3231 0.0845759059 -0.21203085 -0.396104693 0 0 0
C@CP 3232 0.242871518 -0.0486043914 -0.226619697 0 0 0
C@CP 3233 0.137466351 0.38588358 0.154874392 0 0 0
C@CP 3234 -0.376125661 -0.123205793 -0.0745113876 0 0 0
C@CP 3235 -0.0591971164 0.277815019 -0.307341473 0 0 0
C@CP 3236 -0.234695437 0.276334944 -0.150250023 0 0 0
C@CP 3237 0.175591339 -0.359880042 -0.247437022 0 0 0
C@CP 3238 -0.0608649726 -0.18902587 0.122959707 0 0 0
C@CP 3239 0.264826469 -0.0908361984 -0.299905159 0 0 0
C@CP 3240 -0.346125111 0.289959753 -0.104194922 0 0 0
C@CP 3241 0.172392913 -0.33414643 -0.0884111635 0 0 0
C@CP 3242 0.00699387264 0.379560794 -0.26948228 0 0 0
C@CP 3243 -0.379267268 0.208780479 0.142751093 0 0 0
C@CP 3244 0.221103359 0.0753245927 -0.173812692 0 0 0
C@CP 3245 0.04613414 -0.135488201 -0.38618278 0 0 0
C@CP 3246 -0.242586312 0.0389725753 0.112591312 0 0 0
C@CP 3247 0.125366553 0.396814864 -0.204794527 0 0 0
C@CP 3248 0.319005157 -0.251125462 -0.196460087 0 0 0
C@CP 3249 0.0493017964 0.29364712 -0.140086567 0 0 0
C@CP 3250 0.0647856109 0.0185266093 0.22151892 0 0 0
C@CP 3251 0.105545258 -0.057299919 0.452841918 0 0 0
C@CP 3252 0.0419684797 0.356365692 -0.0462055688 0 0 0
C@CP 3253 0.0854630676 0.226641565 -0.108773127 0 0 0
C@CP 3254 0.126348666 0.137618629 -0.121844813 0 0 0
C@CP 3255 -0.277093799 0.118439927 -0.24506986 0 0 0
C@CP 3256 -0.164450359 0.165607318 0.0358771754 0 0 0
C@CP 3257 0.114814148 0.229046831 -0.333658926 0 0 0
C@CP 3258 0.237890633 0.0552010305 -0.243597103 0 0 0
C@CP 3259 0.270667715 -0.220528455 0.102336494 0 0 0
C@CP 3260 -0.0419567621 0.119978827 0.422046999 0 0 0
C@CP 3261 -0.116047497 -0.26424402 0.0545934842 0 0 0
C@CP 3262 0.0458207733 0.32301913 0.10977539 0 0 0
C@CP 3263 0.257335956 -0.185328603 0.158069408 0 0 0
C@CP 3264 0.337154382 -0.304787231 0.0268014228 0 0 0
C@CP 3265 0.373783773 -0.117479223 0.177925951 0 0 0
C@CP 3266 0.192250437 0.0203586456 0.211824826 0 0 0
C@CP 3267 0.110347454 -0.241086377 0.349299762 0 0 0
C@CP 3268 0.237489131 -0.297310618 0.178848849 0 0 0
C@CP 3269 0.217579493 0.10440464 0.0281835793 0 0 0
C@CP 3270 -0.459289979 -0.0427352818 -0.00458699005 0 0 0
C@CP 3271 0.296870989 -0.27752519 -0.208470535 0 0 0
C@CP 3272 -0.0446093319 0.0277736356 0.115625559 0 0 0
C@CP 3273 0.251492897 -0.277627427 0.242325573 0 0 0
C@CP 3274 0.213052319 -0.247331349 -0.201787161 0 0 0
C@CP 3275 -0.408283336 0.113690214 0.123353311 0 0 0
C@CP 3277 0.0127871836 -0.335751913 0.00865768919 0 0 0
C@CP 3278 -0.0918082946 -0.132747252 0.318957483 0 0 0
C@CP 3279 0.0332595678 -0.3606926 -0.032156104 0 0 0
C@CP 3280 -0.151050666 -0.0834026592 0.418312832 0 0 0
C@CP 3281 0.134403796 0.269812625 -0.158967383 0 0 0
C@CP 3282 -0.287881623 -0.281917157 -0.0823106425 0 0 0
C@CP 3283 0.11293432 0.0876504967 -0.310319134 0 0 0
C@CP 3284 -0.247444059 -0.260192731 -0.115994093 0 0 0
C@CP 3285 -0.306082713 -0.0371895419 -0.0276475411 0 0 0
C@CP 3286 0.0610906004 -0.370232236 0.173231175 0 0 0
C@CP 3287 -0.249629953 -0.234019811 -0.0986032736 0 0 0
C@CP 3288 0.0887717926 -0.0613107918 -0.338470092 0 0 0
C@CP 3289 0.0848702339 0.105349351 0.104261774 0 0 0
C@CP 3290 0.013323199 -0.0912234694 0.124651099 0 0 0
C@CP 3291 0.145409461 -0.224376203 0.3699972 0 0 0
C@CP 3292 0.037886487 0.215744138 -0.145252507 0 0 0
C@CP 3293 -0.116550105 -0.21655492 -0.29400317 0 0 0
C@CP 3295 0.0434618162 -0.0810567091 0.00966964825 0 0 0
C@CP 3296 0.0492379447 0.12097207 0.190437907 0 0 0
C@CP 3297 -0.150978055 -0.176689802 0.236143755 0 0 0
C@CP 3298 -0.040080807 -0.18282527 -0.422296799 0 0 0
C@CP 3299 0.234211979 0.129891462 -0.141123686 0 0 0
C@CP 3300 0.0482697675 -0.122880916 -0.44601797 0 0 0
C@CP 3301 0.430748523 -0.0468071694 -0.164871372 0 0 0
C@CP 3302 0.110663721 0.00921886089 -0.0842448766 0 0 0
C@CP 3303 0.362836084 0.0104344504 -0.0744662047 0 0 0
C@CP 3304 -0.0410883046 0.390482815 -0.140432762 0 0 0
C@CP 3305 -0.193439198 0.303912284 -0.062058267 0 0 0
C@CP 3306 0.0812551885 0.253307237 -0.0882038341 0 0 0
C@CP 3307 -0.177877262 -0.121391223 -0.299008628 0 0 0
C@CP 3308 0.341459099 0.0377430574 -0.15399628 0 0 0
C@CP 3309 0.106912223 -0.257870088 -0.298883599 0 0 0
C@CP 3310 0.330491907 0.120730143 -0.183872986 0 0 0
C@CP 3311 -0.156902854 -0.100438659 0.323716442 0 0 0
C@CP 3312 0.0712791618 -0.209999075 -0.140099487 0 0 0
C@CP 3313 0.0244430892 -0.0242762952 0.0952490072 0 0 0
C@CP 3314 -0.0733454531 -0.196758556 0.326712296 0 0 0
C@CP 3315 -0.188337517 0.207647436 -0.0687141727 0 0 0
C@CP 3316 -0.114573095 -0.110422179 0.14509625 0 0 0
C@CP 3317 -0.220150381 -0.103385973 -0.264246733 0 0 0
C@CP 3318 -0.210510161 0.369158856 -0.161645372 0 0 0
C@CP 3319 0.143752629 0.377332518 0.00582347635 0 0 0
C@CP 3320 -0.100456691 -0.404532267 -0.20782144 0 0 0
C@CP 3321 0.3021194 0.0999355574 0.0433721899 0 0 0
C@CP 3322 -0.0812668389 -0.346005184 -0.214088591 0 0 0
C@CP 3323 0.186480143 -0.077446029 -0.340644197 0 0 0
C@CP 3324 0.170471178 -0.119162053 -0.0278951787 0 0 0
C@CP 3325 0.320822682 -0.217228075 0.021115751 0 0 0
C@CP 3326 0.0643427875 -0.27615775 0.339629955 0 0 0
C@CP 3327 0.175171189 -0.414665554 -0.0435359744 0 0 0
C@CP 3328 0.353447558 -0.208115301 -0.0968943835 0 0 0
C@CP 3329 -0.0381412421 0.25913424 0.315641784 0 0 0
C@CP 3330 -0.123625291 0.0549199575 -0.34135807 0 0 0
C@CP 3331 0.0241960755 0.0105438388 -0.410887825 0 0 0
C@CP 3332 0.124760599 -0.134970051 -0.197216823 0 0 0
C@CP 3333 -0.302648929 0.286125473 -0.0795862064 0 0 0
C@CP 3334 -0.287840308 -0.14332381 -0.206827287 0 0 0
C@CP 3335 -0.00706060549 -0.0461811443 0.386604373 0 0 0
C@CP 3336 0.452655677 -0.0284899082 0.0856259659 0 0 0
C@CP 3337 -0.0337130125 0.201651207 0.396011714 0 0 0
C@CP 3338 0.22012519 0.15258544 0.0283372477 0 0 0
C@CP 3339 0.130696614 -0.167838961 -0.362895497 0 0 0
C@CP 3340 0.118690293 -0.280346208 -0.0852070626 0 0 0
C@CP 3341 -0.154169695 -0.315306358 0.15789227 0 0 0
C@CP 3342 0.145553138 0.257041712 0.134402135 0 0 0
C@CP 3343 -0.330942116 0.0246712911 -0.272954644 0 0 0
C@CP 3344 -0.154891908 0.117323587 0.181152617 0 0 0
C@CP 3345 0.226608147 -0.0648184211 -0.197060155 0 0 0
C@CP 3346 -0.32478421 -0.0686267732 -0.206536183 0 0 0
C@CP 3347 -0.216865956 -0.00915401195 -0.300824255 0 0 0
C@CP 3348 0.256203993 -0.00960059629 0.111774076 0 0 0
C@CP 3349 -0.207643673 -0.181179986 -0.389898629 0 0 0
C@CP 3350 0.120334421 0.0315132789 -0.0261122982 0 0 0
C@CP 3351 0.0324476858 0.266738758 0.143831668 0 0 0
C@CP 3353 0.208924755 0.219782583 0.218534863 0 0 0
C@CP 3354 -0.138105468 -0.351799889 0.290348427 0 0 0
C@CP 3355 -0.291615228 0.336258494 0.126477635 0 0 0
C@CP 3356 -0.0719307162 0.339331148 0.0410208156 0 0 0
C@CP 3357 0.0581732001 0.414711041 -0.0292082064 0 0 0
C@CP 3358 0.211014766 -0.263569267 0.185225983 0 0 0
C@CP 3359 -0.0903505572 0.161742603 0.404165597 0 0 0
C@CP 3360 0.399425701 -0.0452826733 0.137264533 0 0 0
C@CP 3361 -0.107097874 -0.0640806974 -0.286983743 0 0 0
C@CP 3362 -0.0768170986 -0.0396118242 -0.418676365 0 0 0
C@CP 3363 0.115340125 0.0460945987 0.232286452 0 0 0
C@CP 3364 -0.155890534 -0.372916914 0.160648955 0 0 0
C@CP 3365 0.330854714 0.126280766 0.237532685 0 0 0
C@CP 3366 0.132391005 -0.0447162435 0.336999409 0 0 0
C@CP 3367 0.344663117 0.186423646 -0.0585897153 0 0 0
C@CP 3368 -0.0324149093 -0.281063821 0.346816995 0 0 0
C@CP 3369 0.216055826 -0.01273184 0.178650442 0 0 0
C@CP 3370 -0.131389845 -0.130238225 -0.0214501243 0 0 0
C@CP 3371 -0.41428626 0.0309446608 0.232688919 0 0 0
C@CP 3372 -0.376319439 -0.0819906183 0.0314896241 0 0 0
C@CP 3373 0.136056589 -0.0611764411 -0.367861453 0 0 0
C@CP 3374 -0.21394264 0.250186967 -0.185869803 0 0 0
C@CP 3375 -0.148397179 0.176541586 0.0579695283 0 0 0
C@CP 3376 0.235729045 -0.150013051 -0.334631995 0 0 0
C@CP 3377 0.0984568599 -0.384829549 0.130006476 0 0 0
C@CP 3378 -0.34732754 0.0236216014 -0.17082524 0 0 0
C@CP 3379 -0.149241975 0.0961537197 0.213331671 0 0 0
C@CP 3380 0.0464440908 0.0779536039 0.291490766 0 0 0
C@CP 3381 -0.145227125 -0.347865924 -0.149422974 0 0 0
C@CP 3382 -0.440810222 -0.0112870248 0.0668068269 0 0 0
C@CP 3383 -0.0630331312 0.247195263 0.327016723 0 0 0
C@CP 3384 -0.370584948 -0.148717104 0.0977086761 0 0 0
C@CP 3385 -0.26285462 -0.370155122 -0.0994107581 0 0 0
C@CP 3386 -0.260461315 0.115710423 -0.329889048 0 0 0
C@CP 3387 -0.220496369 0.249725175 -0.117554853 0 0 0
C@CP 3388 -0.0836691998 0.461272304 -0.032762357 0 0 0
C@CP 3389 0.0852438126 -0.376171634 0.240401581 0 0 0
C@CP 3390 -0.381772742 -0.0856341974 0.25007527 0 0 0
C@CP 3391 0.173544156 0.402276003 -0.0519293284 0 0 0
C@CP 3392 -0.145659183 0.0166664781 -0.0146351216 0 0 0
C@CP 3393 -0.297777039 0.152345859 -0.107576434 0 0 0
C@CP 3394 0.161430727 0.134949823 -0.340449975 0 0 0
C@CP 3395 0.0725205628 -0.234678239 0.280838476 0 0 0
C@CP 3396 -0.10103639 -0.0187389452 0.29971949 0 0 0
C@CP 3397 -0.0853776015 0.262372139 0.325512007 0 0 0
C@CP 3398 0.00798638278 0.161122231 0.195013662 0 0 0
C@CP 3399 -0.279545943 0.108397952 0.055517983 0 0 0
C@CP 3400 0.10232826 -0.276600249 -0.351664196 0 0 0
C@CP 3401 0.0923800451 0.188502172 0.300425164 0 0 0
C@CP 3402 0.213125934 -0.338045751 0.103739815 0 0 0
C@CP 3403 -0.151753682 -0.399434386 -0.125858649 0 0 0
C@CP 3404 -0.134973908 0.306406708 -0.107025306 0 0 0
C@CP 3405 0.0766755444 0.0241194955 -0.300771755 0 0 0
C@CP 3406 -0.156278156 -0.141968305 0.146838563 0 0 0
C@CP 3407 -0.321194854 -0.281365682 -0.108608632 0 0 0
C@CP 3408 -0.179444047 -0.288814219 -0.109265069 0 0 0
C@CP 3409 0.0976976924 0.295241027 0.350415967 0 0 0
C@CP 3410 0.392947234 -0.208287439 0.181084186 0 0 0
C@CP 3411 0.0641056581 -0.298383994 0.193307381 0 0 0
C@CP 3412 -0.251159222 -0.0904903574 -0.00285367006 0 0 0
C@CP 3413 0.0673886999 -0.131100874 0.260532356 0 0 0
C@CP 3414 -0.225118738 0.0200242761 -0.152332547 0 0 0
C@CP 3415 0.291682789 0.00342757179 0.00491112199 0 0 0
C@CP 3416 0.0341524905 -0.255132097 -0.113889644 0 0 0
C@CP 3417 -0.157898717 0.108935656 0.0392369813 0 0 0
C@CP 3418 0.158433646 0.0369573874 -0.342554223 0 0 0
C@CP 3419 0.0941261058 0.243192332 -0.198166039 0 0 0
C@CP 3420 0.264462697 0.230023434 0.150533661 0 0 0
C@CP 3421 -0.0230013415 0.374826474 0.101981997 0 0 0
C@CP 3422 -0.211118832 0.272370278 0.1729867 0 0 0
C@CP 3423 0.11876662 0.385784383 0.243731735 0 0 0
C@CP 3424 0.119656935 0.311532166 -0.283258491 0 0 0
C@CP 3425 -0.328807372 -0.332694197 0.0258123476 0 0 0
C@CP 3426 -0.095339549 0.198529246 0.283371843 0 0 0
C@CP 3427 -0.0709089388 0.0499264735 0.323290165 0 0 0
C@CP 3428 0.16489427 0.045322237 -0.426456075 0 0 0
C@CP 3429 -0.350150421 -0.22194743 0.207959735 0 0 0
C@CP 3430 0.298209598 0.248944015 0.0256986532 0 0 0
C@CP 3431 -0.193605622 -0.0875513227 -0.220166643 0 0 0
C@CP 3432 0.237403434 -0.297287976 0.158042908 0 0 0
C@CP 3433 0.136778712 -0.0582134753 0.370351635 0 0 0
C@CP 3434 0.09068296 0.399463109 0.118848577 0 0 0
C@CP 3435 -0.143273641 -0.0535391684 -0.116388609 0 0 0
C@CP 3436 -0.108200151 0.0274915634 -0.195830664 0 0 0
C@CP 3437 0.0154333 0.140934136 0.220583483 0 0 0
C@CP 3438 -0.223285489 -0.231843536 -0.158238663 0 0 0
C@CP 3439 -0.167227266 0.269923565 -0.0547366589 0 0 0
C@CP 3440 0.0505742666 -0.305219748 0.266083272 0 0 0
C@CP 3441 -0.262515506 -0.115312564 0.127337201 0 0 0
C@CP 3442 -0.172155683 0.15702439 0.228619254 0 0 0
C@CP 3443 0.00937613615 0.380578683 0.232583667 0 0 0
C@CP 3444 -0.245862455 -0.337611781 -0.0343622617 0 0 0
C@CP 3445 -0.025093836 -0.070210387 0.186105851 0 0 0
C@CP 3446 -0.17886669 -0.391847062 -0.00716433716 0 0 0
C@CP 3447 -0.235542624 0.0425713485 -0.191415938 0 0 0
C@CP 3448 0.190866923 0.112244468 0.09455207 0 0 0
C@CP 3449 -0.268404705 -0.0158126056 -0.0395167322 0 0 0
C@CP 3450 -0.246565157 0.278640881 0.0650764349 0 0 0
C@CP 3451 0.203333915 0.176358428 0.254994075 0 0 0
C@CP 3452 0.409629182 0.101786202 0.0405648959 0 0 0
C@CP 3454 0.0849944301 0.224358176 0.109346807 0 0 0
C@CP 3455 0.390206093 0.0670079652 -0.162308029 0 0 0
C@CP 3456 -0.22028205 0.011321107 0.0784984317 0 0 0
C@CP 3457 -0.0902149805 0.397507721 -0.0799628385 0 0 0
C@CP 3458 -0.083100163 0.225089185 -0.124688399 0 0 0
C@CP 3459 0.119538338 0.203849613 0.198459781 0 0 0
C@CP 3460 -0.0412602487 0.127993834 -0.108547703 0 0 0
C@CP 3461 0.137957979 0.0919774092 -0.329544677 0 0 0
C@CP 3462 0.188737064 0.379026196 -0.170998974 0 0 0
C@CP 3463 -0.182503098 -0.178504099 0.377575718 0 0 0
C@CP 3464 -0.222582622 -0.309145907 0.141733697 0 0 0
C@CP 3465 0.0145398116 -0.0481647199 -0.295846276 0 0 0
C@CP 3466 0.131507912 -0.397364982 0.249119303 0 0 0
C@CP 3467 -0.133692161 0.187452624 0.207594136 0 0 0
C@CP 3468 -0.0760820101 0.0700842047 0.422639479 0 0 0
C@CP 3469 0.285916195 0.0790008169 0.0815660478 0 0 0
C@CP 3470 0.397962962 -0.0392252972 -0.0596872192 0 0 0
C@CP 3471 0.285836259 0.155351268 0.244410679 0 0 0
C@CP 3472 -0.00974515414 0.0456015048 0.408489628 0 0 0
C@CP 3473 0.140415502 -0.242906372 0.055814854 0 0 0
C@CP 3474 -0.151829952 0.138382817 -0.376567986 0 0 0
C@CP 3475 0.19365611 0.350052842 0.144153324 0 0 0
C@CP 3476 0.223912138 -0.189105694 -0.0634812066 0 0 0
C@CP 3477 -0.100971343 -0.162221869 0.362495623 0 0 0
C@CP 3478 0.0317671364 -0.329133601 -0.289475649 0 0 0
C@CP 3479 0.248949826 -0.25634199 -0.227486911 0 0 0
C@CP 3480 -0.264899142 -0.199823193 -0.117195292 0 0 0
C@CP 3481 -0.10753872 -0.0741435202 -0.416387027 0 0 0
C@CP 3482 -0.204700799 0.201146008 -0.0383820807 0 0 0
C@CP 3483 -0.425639173 0.0260527725 0.179811029 0 0 0
C@CP 3484 0.133632825 0.332375503 0.224007019 0 0 0
C@CP 3485 0.0413039936 0.0799486089 -0.0898506157 0 0 0
C@CP 3486 0.191149092 0.0412826886 0.110353919 0 0 0
C@CP 3487 0.124774741 -0.142725849 -0.136220997 0 0 0
C@CP 3488 -0.000905922149 -0.0690260462 0.397007253 0 0 0
C@CP 3489 0.194816433 -0.124887162 -0.361323851 0 0 0
C@CP 3490 0.286212344 0.0576492688 -0.36395286 0 0 0
C@CP 3491 0.212115745 -0.414423883 -0.00124304521 0 0 0
C@CP 3492 -0.0844627228 0.0269144813 -0.00444088062 0 0 0
C@CP 3493 0.0580569567 0.161832431 -0.0219454175 0 0 0
C@CP 3494 0.0785364332 -0.293045111 -0.148360288 0 0 0
C@CP 3495 -0.0800326114 0.29163278 0.329383237 0 0 0
C@CP 3496 -0.358338932 0.288550851 -0.00335118385 0 0 0
C@CP 3497 -0.245154382 0.0522976355 -0.0727795918 0 0 0
B@CP 3499 0.258570767 -0.266663263 0.189780705 0 0 0
C@CP 3500 -0.0837130293 0.00260689062 -0.199862651 0 0 0
C@CP 3501 -0.210850439 -0.14217717 0.0493040148 0 0 0
C@CP 3502 0.146840383 -0.272356743 -0.121014883 0 0 0
B@CP 3504 -0.0315703884 0.119048947 -0.305440006 0 0 0
C@CP 3505 0.0881731419 -0.0648561885 -0.364511298 0 0 0
B@CP 3507 0.142589409 0.12920474 -0.126675708 0 0 0
C@CP 3508 -0.13872937 0.0578036477 -0.360615417 0 0 0
B@CP 3510 0.120134188 0.0918324091 -0.126386338 0 0 0
C@CP 3511 -0.0999234399 -0.0830780458 -0.258028049 0 0 0
B@CP 3513 0.137971415 0.317687078 -0.101278863 0 0 0
C@CP 3514 0.148693708 -0.0405061386 0.0562685798 0 0 0
A@CP 3515 -0.187883569 -0.0533433481 -0.397385536 0 0 0
B@CP 3516 0.0361019656 0.160709563 0.204728249 0 0 0
