B@CP 1004 -0.183954821 -0.0192952595 -0.368923386 0 0 0
B@CP 1005 -0.133608698 -0.149908013 0.305155614 0 0 0
B@CP 1008 -0.0979551782 -0.4266122 0.0720301812 0 0 0
B@CP 1014 0.326042611 0.225810239 -0.104445991 0 0 0
B@CP 1018 -0.332085267 0.213619549 0.0959637134 0 0 0
B@CP 1020 0.202211853 0.222716637 0.235350647 0 0 0
B@CP 1025 -0.188277413 0.0888567778 0.0859141834 0 0 0
B@CP 1026 -0.181689959 0.141946381 -0.275419557 0 0 0
B@CP 1032 0.00540861973 0.381041247 -0.21151794 0 0 0
B@CP 1033 0.0969199377 0.0655942982 0.174995602 0 0 0
B@CP 1034 -0.0996073393 0.0785143638 0.0990949158 0 0 0
B@CP 1036 0.105846407 -0.0741212584 -0.283985247 0 0 0
B@CP 1040 0.288105392 0.257176543 -0.103168016 0 0 0
B@CP 1041 -0.100292915 -0.178082675 0.160010494 0 0 0
B@CP 1042 0.362023446 -0.0896199281 -0.11737898 0 0 0
B@CP 1045 -0.267823532 0.139749013 -0.202598134 0 0 0
B@CP 1046 0.180326104 -0.102085648 -0.215664138 0 0 0
B@CP 1047 0.257081318 -0.236032599 -0.0342250626 0 0 0
B@CP 1055 0.309131945 0.0651984605 -0.173467113 0 0 0
B@CP 1056 0.307434219 0.316556915 -0.0958075426 0 0 0
B@CP 1059 -0.400064267 0.104038117 -0.0345519321 0 0 0
B@CP 1063 0.00318268294 0.252511511 0.287458824 0 0 0
B@CP 1065 0.366169179 0.0949177806 -0.0180111013 0 0 0
B@CP 1066 0.141779867 0.361004417 0.249276677 0 0 0
B@CP 1068 0.141955241 -0.147027734 0.211058448 0 0 0
B@CP 1069 -0.0651407595 0.0745746696 -0.229416815 0 0 0
B@CP 1070 0.145075067 -0.172156612 -0.328406891 0 0 0
B@CP 1077 0.162144192 0.263918052 0.237956565 0 0 0
B@CP 1080 -0.155188339 -0.199749672 0.329906683 0 0 0
B@CP 1083 -0.285496484 -0.0340894626 -0.273428574 0 0 0
B@CP 1084 0.173168985 -0.187486992 -0.385486987 0 0 0
B@CP 1085 0.0189079149 -0.255030944 0.3612193 0 0 0
B@CP 1089 0.0892220798 0.258584458 0.0103173911 0 0 0
B@CP 1091 0.149241367 -0.0913292685 0.028583275 0 0 0
B@CP 1092 0.105955785 -0.167527304 0.102735403 0 0 0
B@CP 1093 0.0628006055 0.250789326 -0.160606452 0 0 0
B@CP 1094 -0.334770227 -0.0427498758 -0.177006691 0 0 0
B@CP 1099 0.025359252 0.0594860377 -0.245156414 0 0 0
B@CP 1100 0.0747434141 0.280282978 0.134785959 0 0 0
B@CP 1104 -0.249806924 0.0290392087 0.176203781 0 0 0
B@CP 1105 -0.120308245 -0.25365107 -0.235315899 0 0 0
B@CP 1106 0.0685890571 0.2334829 -0.282738953 0 0 0
B@CP 1107 -0.0666523681 -0.237327818 0.341863751 0 0 0
B@CP 1109 0.115181054 -0.243434142 -0.218398059 0 0 0
B@CP 1110 -0.00498214625 -0.36241923 0.15021728 0 0 0
B@CP 1117 -0.390397273 0.0177864031 0.0739999723 0 0 0
B@CP 1118 -0.0625779863 -0.430904719 0.156788833 0 0 0
B@CP 1121 -0.294446222 0.0713819967 -0.0236800428 0 0 0
B@CP 1122 0.177901322 0.0333056949 0.247518918 0 0 0
B@CP 1123 0.367791669 -0.155287623 -0.156321116 0 0 0
B@CP 1125 -0.285348006 -0.174792368 0.273551825 0 0 0
B@CP 1131 -0.34665452 0.102078848 0.0720845267 0 0 0
B@CP 1139 0.132361308 -0.224089966 0.32661843 0 0 0
B@CP 1143 -0.161923483 -0.0515516201 -0.158297437 0 0 0
B@CP 1146 -0.0332723546 0.126010697 0.343313923 0 0 0
B@CP 1147 -0.352414491 0.100812282 0.18665128 0 0 0
B@CP 1149 -0.191589384 -0.0698213925 0.178042803 0 0 0
B@CP 1152 -0.339453666 0.0984282084 0.164233166 0 0 0
B@CP 1153 0.0106735038 -0.101553431 -0.105381671 0 0 0
B@CP 1154 -0.164274229 0.0415931421 0.301925758 0 0 0
B@CP 1155 0.44923804 -0.0950753799 -0.0544714739 0 0 0
B@CP 1160 0.0101914218 0.0184598452 -0.137524934 0 0 0
B@CP 1161 -0.157429341 0.0372725054 0.298573474 0 0 0
B@CP 1162 -0.0392030007 0.0844037471 -0.139771433 0 0 0
B@CP 1163 -0.000663720549 -0.171570527 0.242462456 0 0 0
B@CP 1166 0.343425824 -0.0579955497 -0.119731224 0 0 0
B@CP 1167 -0.335291778 -0.262074271 -0.0446020755 0 0 0
B@CP 1170 0.179141686 0.313240648 0.286819913 0 0 0
B@CP 1171 -0.32943024 0.148278621 0.136434947 0 0 0
B@CP 1176 0.138779252 -0.0419056936 -0.250339878 0 0 0
B@CP 1179 0.226806671 -0.297235511 0.0702308303 0 0 0
B@CP 1185 0.048344743 -0.0211083173 -0.29259036 0 0 0
B@CP 1186 -0.350998864 -0.115876356 0.0710110761 0 0 0
B@CP 1187 -0.187464616 0.216833782 -0.244484896 0 0 0
B@CP 1188 0.0983388683 0.230623977 -0.115168673 0 0 0
B@CP 1189 0.21205258 -0.226467693 -0.334146143 0 0 0
B@CP 1190 0.167836414 -0.294580693 -0.15999017 0 0 0
B@CP 1191 0.293261703 -0.0982986117 -0.109138211 0 0 0
B@CP 1192 0.0747063498 0.116427163 0.313311987 0 0 0
B@CP 1196 -0.304859237 -0.0644266939 -0.0513879627 0 0 0
B@CP 1197 0.412378371 0.00971256666 -0.254874666 0 0 0
B@CP 1200 -0.0442851156 -0.0044518734 -0.251867462 0 0 0
B@CP 1206 0.356297902 -0.194468792 -0.0607762008 0 0 0
B@CP 1211 0.0676395139 -0.356389799 0.066074833 0 0 0
B@CP 1221 -0.395107992 -0.124569551 0.153946469 0 0 0
B@CP 1222 -0.281046636 -0.302927542 -0.00567097909 0 0 0
B@CP 1225 -0.0933232283 0.144406006 -0.156933488 0 0 0
B@CP 1226 -0.361504046 -0.058951495 0.298502614 0 0 0
B@CP 1228 -0.0326522453 0.0517707442 -0.132542573 0 0 0
B@CP 1229 -0.107674541 -0.160938526 -0.263560116 0 0 0
B@CP 1234 0.0122605952 0.166483349 -0.17995583 0 0 0
B@CP 1237 0.377283436 0.166313318 0.00716848209 0 0 0
B@CP 1239 -0.13363314 -0.234687151 0.162353228 0 0 0
B@CP 1241 -0.233208084 -0.346554134 -0.104330445 0 0 0
B@CP 1242 0.204632939 -0.161120272 0.0411868203 0 0 0
B@CP 1245 0.128769164 -0.377961875 -0.209632223 0 0 0
B@CP 1248 -0.270751153 0.336202357 0.0296406144 0 0 0
B@CP 1257 0.0593870338 -0.173586402 -0.0509702633 0 0 0
B@CP 1259 -0.223225586 0.262891008 0.00101951296 0 0 0
B@CP 1262 0.0803239651 0.00287755581 0.383886976 0 0 0
B@CP 1263 0.13362498 0.00728999055 -0.0967373688 0 0 0
B@CP 1264 0.121795831 0.290724992 0.104017772 0 0 0
B@CP 1268 0.0953619325 0.148720786 0.275455075 0 0 0
B@CP 1274 -0.19590978 -0.183836288 -0.139055353 0 0 0
B@CP 1275 0.187136656 -0.275628785 0.185543505 0 0 0
B@CP 1280 -0.349870517 0.0130073859 -0.248935276 0 0 0
B@CP 1281 -0.23961616 0.0113891545 -0.227446772 0 0 0
B@CP 1284 -0.0137958736 0.223134027 0.1907353 0 0 0
B@CP 1285 0.290556617 0.115077203 0.293414183 0 0 0
B@CP 1291 0.165030505 -0.379073404 -0.122565038 0 0 0
B@CP 1293 -0.225784863 -0.0803634776 -0.274272423 0 0 0
B@CP 1299 0.166040738 -0.141547292 -0.0658290203 0 0 0
B@CP 1302 0.0446671596 -0.457256205 -0.0817907368 0 0 0
B@CP 1305 0.343381242 -0.00911102539 -0.305986919 0 0 0
B@CP 1306 0.164367839 -0.428871502 0.0440201173 0 0 0
B@CP 1312 -0.36794679 0.105205735 -0.243036181 0 0 0
B@CP 1318 0.050348457 -0.313683065 0.328760985 0 0 0
B@CP 1320 0.103607944 0.0231221647 0.0396433262 0 0 0
B@CP 1323 -0.144891931 -0.0211958053 0.296047612 0 0 0
B@CP 1324 0.0474870349 0.000162467992 -0.426457218 0 0 0
B@CP 1326 0.0779030898 -0.0285066611 0.0181515865 0 0 0
B@CP 1330 -0.11985088 0.230407692 0.165030724 0 0 0
B@CP 1332 0.0528070275 0.0308040329 -0.3565938 0 0 0
B@CP 1335 0.029793383 -0.04156817 0.408646115 0 0 0
B@CP 1342 -0.0220922406 0.199945789 0.0641873619 0 0 0
B@CP 1343 -0.273836977 -0.141804986 -0.0211009964 0 0 0
B@CP 1345 -0.236124234 0.0478526296 -0.284861826 0 0 0
B@CP 1348 -0.0170421553 -0.06368342 -0.108981851 0 0 0
B@CP 1354 0.0523519487 0.1409251 0.00446435774 0 0 0
B@CP 1356 0.0043420943 0.369923992 0.219116998 0 0 0
B@CP 1362 0.0669915666 0.284981946 -0.110703485 0 0 0
B@CP 1363 -0.260316279 -0.149892067 -0.111918467 0 0 0
B@CP 1365 -0.321981684 0.28461006 -0.0768322524 0 0 0
B@CP 1367 0.259089788 -0.0175526638 0.228066351 0 0 0
B@CP 1370 -0.119459048 -0.228340369 0.318911805 0 0 0
B@CP 1371 -0.278462868 0.265463084 -0.210216959 0 0 0
B@CP 1372 0.0484010714 0.148821846 0.382621964 0 0 0
B@CP 1373 0.346002185 -0.084779814 -0.269095935 0 0 0
B@CP 1375 -0.354998384 -0.0975969801 0.216224082 0 0 0
B@CP 1379 0.133448584 -0.0994671131 0.126164823 0 0 0
B@CP 1385 -0.196161217 -0.0276648146 0.00107538215 0 0 0
B@CP 1387 0.107799388 0.184703514 0.230587969 0 0 0
B@CP 1390 -0.231956704 -0.263669111 -0.115066783 0 0 0
B@CP 1391 -0.321652365 0.0528957719 0.0961898597 0 0 0
B@CP 1393 0.00500466693 0.277598417 -0.0709719617 0 0 0
B@CP 1398 -0.252293711 -0.0302659149 -0.30878378 0 0 0
B@CP 1406 0.386077488 -0.0849855267 0.0835462591 0 0 0
B@CP 1408 0.0449576319 0.208007277 0.115585457 0 0 0
B@CP 1410 -0.107291947 -0.0290635385 -0.364298596 0 0 0
B@CP 1416 0.259092048 0.147286041 -0.195781915 0 0 0
B@CP 1417 -0.105912874 -0.123513442 -0.1373315 0 0 0
B@CP 1422 -0.00422254479 0.108713765 -0.35387997 0 0 0
B@CP 1423 0.186674184 -0.312751088 0.253448042 0 0 0
B@CP 1424 -0.245528944 0.276992806 0.221574367 0 0 0
B@CP 1428 0.0363904117 0.445781247 -0.0605895822 0 0 0
B@CP 1429 0.110814248 0.145517087 -0.294244081 0 0 0
B@CP 1433 -0.159893363 -0.0770179186 -0.164047089 0 0 0
B@CP 1434 -0.359387893 0.269068468 -0.10672544 0 0 0
B@CP 1436 0.109051714 0.165316739 0.0874879249 0 0 0
B@CP 1438 -0.0148559265 -0.0278925428 0.354259803 0 0 0
B@CP 1439 0.176985744 -0.0625162266 -0.376322502 0 0 0
B@CP 1446 0.462847924 0.00139231834 -0.10309381 0 0 0
B@CP 1448 0.275249144 0.131898951 0.146738917 0 0 0
B@CP 1452 0.0370434198 -0.0825375754 -0.38215647 0 0 0
B@CP 1453 0.179035767 -0.115347833 0.177649107 0 0 0
B@CP 1454 0.351720055 0.204872756 -0.116807366 0 0 0
B@CP 1465 0.412830955 0.036288082 -0.240853584 0 0 0
B@CP 1466 -0.111626257 0.39798227 -0.0717011947 0 0 0
B@CP 1470 -0.0371159483 -0.020262118 0.239743842 0 0 0
B@CP 1471 0.0451299776 -0.372071497 0.270270582 0 0 0
B@CP 1472 -0.158786861 0.0837018772 -0.174947029 0 0 0
B@CP 1478 0.235600717 0.222388196 -0.149127668 0 0 0
B@CP 1481 -0.35019599 0.171673398 0.176802099 0 0 0
B@CP 1482 -0.210572984 0.0196472121 -0.39163472 0 0 0
B@CP 1483 -0.168587915 -0.132746102 -0.418629428 0 0 0
B@CP 1486 -0.153686203 0.158456631 0.103066637 0 0 0
B@CP 1489 -0.00543987652 -0.346964911 -0.139471958 0 0 0
B@CP 1490 0.0824856061 -0.088770438 0.241996195 0 0 0
B@CP 1491 -0.15036991 0.0679408385 -0.153761365 0 0 0
B@CP 1492 -0.135140447 0.20608251 0.334148988 0 0 0
B@CP 1495 -0.159787077 0.087489239 -0.246364486 0 0 0
B@CP 1500 -0.124210272 -0.126157324 -0.0116265262 0 0 0
B@CP 1504 0.430538469 0.0221506585 0.0849130116 0 0 0
B@CP 1505 0.0950823485 -0.00746233322 -0.45581451 0 0 0
B@CP 1509 0.418154226 0.114729681 0.00961986757 0 0 0
B@CP 1515 0.163726039 0.0174151806 0.389732366 0 0 0
B@CP 1519 -0.369125862 -0.0575153829 0.209099893 0 0 0
B@CP 1523 0.248087228 -0.0714729932 0.369744422 0 0 0
B@CP 1524 -0.0943430728 0.105751564 0.259247254 0 0 0
B@CP 1526 0.298931664 0.0471036176 0.248097462 0 0 0
B@CP 1527 -0.219389282 -0.0702366742 -0.251451288 0 0 0
B@CP 1530 0.056154989 0.403990224 -0.14293076 0 0 0
B@CP 1534 -0.0530174269 -0.404414441 0.215164562 0 0 0
B@CP 1536 0.25199244 0.380147689 0.105098133 0 0 0
B@CP 1551 0.202569558 0.175986618 -0.311461618 0 0 0
B@CP 1552 -0.121705425 0.424772081 0.0914762674 0 0 0
B@CP 1555 -0.350755706 -0.0398982399 -0.0917515341 0 0 0
B@CP 1561 0.124274555 0.24977683 -0.00667331698 0 0 0
B@CP 1567 -0.206953083 -0.318034702 0.147097911 0 0 0
B@CP 1569 0.110825585 -0.233328488 -0.164774467 0 0 0
B@CP 1572 0.325697344 0.230367439 0.17233022 0 0 0
B@CP 1573 -0.204307172 0.233562079 -0.354034505 0 0 0
B@CP 1576 -0.0993694875 0.011836808 -0.289053093 0 0 0
B@CP 1580 0.254269295 -0.249525301 -0.185575832 0 0 0
B@CP 1583 -0.250303018 0.316050552 0.151047069 0 0 0
B@CP 1584 -0.0284782082 -0.416052831 -0.169252709 0 0 0
B@CP 1586 0.317999831 0.293305012 0.147165653 0 0 0
B@CP 1588 -0.0576400604 0.156891204 0.328738095 0 0 0
B@CP 1589 -0.220141472 -0.0521679024 0.116242148 0 0 0
B@CP 1596 0.283637301 0.101271942 0.235476738 0 0 0
B@CP 1600 0.183965165 -0.226741032 -0.0346387892 0 0 0
B@CP 1606 0.31299857 -0.103019497 -0.250909608 0 0 0
B@CP 1609 -0.0942328536 -0.124159189 -0.250624185 0 0 0
B@CP 1611 0.140788057 0.0444932827 -0.272653716 0 0 0
B@CP 1613 -0.11014284 -0.32721485 0.0924958418 0 0 0
B@CP 1625 -0.377914955 0.0381540754 0.0177183416 0 0 0
B@CP 1630 0.140892433 -0.168231613 0.311811107 0 0 0
B@CP 1637 -0.0210503212 0.398518299 0.193142559 0 0 0
B@CP 1638 0.0197710137 -0.349700343 -0.114326753 0 0 0
B@CP 1642 -0.188989439 -0.222391209 0.32485798 0 0 0
B@CP 1645 -0.182970568 0.336933036 -0.119704589 0 0 0
B@CP 1649 0.00332877484 -0.0282036023 0.320763057 0 0 0
B@CP 1655 0.144278321 0.23864707 -0.323222926 0 0 0
B@CP 1656 0.334998179 -0.146481695 -0.211094547 0 0 0
B@CP 1673 0.145588684 0.296483292 0.0990978612 0 0 0
B@CP 1678 -0.0021504352 -0.0667971802 -0.333633927 0 0 0
B@CP 1679 0.256449143 0.00989103265 -0.151923003 0 0 0
B@CP 1681 0.01595432 -0.217434093 0.202101694 0 0 0
B@CP 1686 0.15189176 -0.29036287 0.12056317 0 0 0
B@CP 1690 0.0798659365 -0.0460991014 0.150739087 0 0 0
B@CP 1694 0.235809483 0.228498265 0.0848400245 0 0 0
B@CP 1696 -0.191726024 -0.300526589 -0.0525589518 0 0 0
B@CP 1697 0.122086165 0.197594319 0.268027865 0 0 0
B@CP 1701 -0.335759417 0.214206417 0.236144596 0 0 0
B@CP 1703 0.0430163754 -0.110631385 0.315918519 0 0 0
B@CP 1705 0.152100021 0.081854974 -0.263013611 0 0 0
B@CP 1710 -0.0897623851 -0.200602456 -0.107964576 0 0 0
B@CP 1719 -0.0793026376 -0.394272964 -0.109304545 0 0 0
B@CP 1722 -0.15239561 -0.197103046 -0.149699642 0 0 0
B@CP 1727 -0.129502086 -0.108352614 0.285926229 0 0 0
B@CP 1733 0.380132614 -0.0313923047 -0.155049863 0 0 0
B@CP 1735 -0.119786501 0.168387282 0.139328128 0 0 0
B@CP 1736 0.121797518 -0.179217142 -0.0142885469 0 0 0
B@CP 1739 0.131854425 0.275639624 -0.309145297 0 0 0
B@CP 1740 -0.267052749 0.05722561 -0.32812592 0 0 0
B@CP 1743 0.0148039165 -0.29284122 -0.103477042 0 0 0
B@CP 1745 -0.244706276 -0.0665850129 0.310431386 0 0 0
B@CP 1746 0.333467072 -0.119142146 0.284416163 0 0 0
B@CP 1747 -0.227457575 0.0605543802 0.242393024 0 0 0
B@CP 1748 -0.189366143 -0.196550029 0.0455605546 0 0 0
B@CP 1751 -0.121462205 -0.406113593 -0.132058188 0 0 0
B@CP 1752 -0.0398282552 0.285844446 0.121528482 0 0 0
B@CP 1755 -0.273039309 0.0393872981 0.129933688 0 0 0
B@CP 1763 0.132577848 -0.0730319274 0.231804076 0 0 0
B@CP 1774 0.126982968 -0.353204629 0.0510711092 0 0 0
B@CP 1777 -0.151974888 -0.396190239 -0.215769711 0 0 0
B@CP 1781 -0.00505710874 -0.0329477284 0.205368509 0 0 0
B@CP 1789 -0.444558778 0.0465350262 -0.00426964589 0 0 0
B@CP 1790 0.0220747083 0.355958726 -0.277921771 0 0 0
B@CP 1793 -0.00699251863 0.179730394 -0.266901905 0 0 0
B@CP 1800 -0.0417816848 -0.147683987 0.0476434228 0 0 0
B@CP 1802 0.040963681 0.136258954 0.366705166 0 0 0
B@CP 1803 -0.0321730501 -0.233198641 -0.229281622 0 0 0
B@CP 1804 -0.406661305 -0.0865646688 -0.0127950623 0 0 0
B@CP 1807 -0.207104572 -0.31605297 -0.239285835 0 0 0
B@CP 1814 -0.402346404 -0.00276794743 0.011296834 0 0 0
B@CP 1815 0.0826912685 0.149205304 -0.0403119772 0 0 0
B@CP 1817 0.00697188901 0.170028047 -0.203030574 0 0 0
B@CP 1819 0.141849657 0.0579837605 0.12566154 0 0 0
B@CP 1822 0.147208494 0.331259487 -0.234111614 0 0 0
B@CP 1823 -0.211625817 0.0231074162 -0.344394115 0 0 0
B@CP 1826 0.148876315 0.04114306 -0.202448061 0 0 0
B@CP 1828 0.117474557 0.0942533575 -0.0204780645 0 0 0
B@CP 1835 0.367191729 0.147782543 0.22356654 0 0 0
B@CP 1836 0.104012839 0.250151609 0.341263386 0 0 0
B@CP 1838 0.228765818 -0.117467391 -0.0964113968 0 0 0
B@CP 1840 -0.211871874 0.305335383 -0.148929782 0 0 0
B@CP 1842 0.328402517 -0.169321479 -0.169700258 0 0 0
B@CP 1844 -0.317237589 0.206606698 0.218854027 0 0 0
B@CP 1847 0.100051166 -0.209726932 0.3119202 0 0 0
B@CP 1848 -0.178917706 0.175017991 -0.355859951 0 0 0
B@CP 1851 0.402208468 -0.196561059 0.0789716418 0 0 0
B@CP 1852 0.0586721938 0.130045462 -0.34297122 0 0 0
B@CP 1855 -0.285796865 -0.311377569 -0.191432129 0 0 0
B@CP 1856 0.063918093 0.226589355 0.108932594 0 0 0
B@CP 1858 0.0376588884 -0.0904511473 0.181131188 0 0 0
B@CP 1861 -0.119258787 -0.255751632 0.271191248 0 0 0
B@CP 1862 0.299812477 -0.067816613 -0.0279974172 0 0 0
B@CP 1866 -0.222103336 0.103418305 0.113600487 0 0 0
B@CP 1870 -0.1019862 0.0248501713 0.0985168347 0 0 0
B@CP 1872 0.0992303146 0.143043039 -0.385136872 0 0 0
B@CP 1873 0.189552658 0.159515041 0.388514641 0 0 0
B@CP 1877 0.206513983 -0.265459146 -0.15334777 0 0 0
B@CP 1879 0.0701242714 -0.266830885 0.303971822 0 0 0
B@CP 1880 -0.00593379549 0.112578787 0.456311401 0 0 0
B@CP 1881 -0.0509043123 -0.0308913389 -0.310466936 0 0 0
B@CP 1883 -0.0218593806 0.00777771575 -0.0105896235 0 0 0
B@CP 1887 -0.192263235 -0.35079794 0.133385596 0 0 0
B@CP 1890 0.37637286 0.0358443531 0.229282199 0 0 0
B@CP 1891 -0.145011153 -0.385416899 0.137798437 0 0 0
B@CP 1892 0.231129676 -0.0743827689 -0.0208430625 0 0 0
B@CP 1893 -0.185485469 -0.375405391 -0.0255801242 0 0 0
B@CP 1899 -0.307980521 0.0507469715 0.0307165502 0 0 0
B@CP 1901 -0.170748178 0.352025683 -0.20478235 0 0 0
B@CP 1903 0.0103491441 -0.229690304 -0.0908293611 0 0 0
B@CP 1906 -0.322875829 0.0721787423 0.0354838777 0 0 0
B@CP 1909 -0.032597435 -0.146104069 0.108520515 0 0 0
B@CP 1910 0.349242204 0.104165299 -0.14642473 0 0 0
B@CP 1911 -0.109716283 0.0556910753 0.422185132 0 0 0
B@CP 1915 0.0778998164 -0.20723589 -0.412108095 0 0 0
B@CP 1917 -0.0457456028 -0.155234973 -0.0986977757 0 0 0
B@CP 1920 0.241114989 0.237420614 0.0436660662 0 0 0
B@CP 1921 -0.394161185 -0.174045676 -0.0961964277 0 0 0
B@CP 1922 -0.222273524 0.00922434887 0.285321112 0 0 0
B@CP 1925 0.115142872 0.103765937 0.298469108 0 0 0
B@CP 1935 0.287496303 0.0583114109 -0.35974206 0 0 0
B@CP 1937 -0.217226166 0.28838575 -0.125436801 0 0 0
B@CP 1939 0.212408459 0.183701464 0.232410988 0 0 0
B@CP 1950 -0.0228196735 0.223505772 0.31916098 0 0 0
B@CP 1955 -0.253932672 -0.00391908948 -0.248720253 0 0 0
B@CP 1958 0.398166389 -0.199612389 -0.122852051 0 0 0
B@CP 1960 -0.404585704 -0.119824144 0.128018653 0 0 0
B@CP 1967 0.0224052281 -0.00792487571 0.18395881 0 0 0
B@CP 1970 -0.320932105 -0.0710181625 -0.0980247145 0 0 0
B@CP 1974 0.19834867 0.028626165 -0.139606692 0 0 0
B@CP 1980 -0.246576289 0.293935776 -0.0135343364 0 0 0
B@CP 1993 0.0192003822 0.347160304 -0.17292818 0 0 0
B@CP 1994 0.327635013 0.122405902 0.133916384 0 0 0
B@CP 1996 -0.0557983188 -0.0369869741 -0.219357277 0 0 0
B@CP 1999 0.118549135 -0.330395048 0.0267529309 0 0 0
B@CP 2002 0.153742677 0.0341679389 0.239531294 0 0 0
B@CP 2005 0.195982763 -0.0954873423 0.346847316 0 0 0
B@CP 2013 0.288837676 0.048660724 -0.0838237383 0 0 0
B@CP 2019 -0.0344252161 0.217444426 0.140434236 0 0 0
B@CP 2021 -0.206875526 0.287025642 -0.14897498 0 0 0
B@CP 2022 -0.046609883 -0.0740623675 0.383870219 0 0 0
B@CP 2024 0.049348605 -0.060374918 -0.0820489473 0 0 0
B@CP 2025 -0.331235715 0.0331822235 0.0224789394 0 0 0
B@CP 2026 -0.157715124 -0.245996134 -0.208536005 0 0 0
B@CP 2028 0.161664928 0.0216443815 0.293438137 0 0 0
B@CP 2029 0.374952761 0.25456402 0.0220547572 0 0 0
B@CP 2032 -0.133949903 -0.254684519 0.208745482 0 0 0
B@CP 2033 0.169768648 0.177523462 -0.0968730374 0 0 0
B@CP 2034 -0.27414199 -0.115734331 0.180262689 0 0 0
B@CP 2036 -0.311193618 0.0248546784 -0.0287146788 0 0 0
B@CP 2037 0.0558863683 0.0873832931 -0.0239664229 0 0 0
B@CP 2040 0.232949021 0.10808214 -0.253213404 0 0 0
B@CP 2042 0.166137406 0.106022425 -0.0151672253 0 0 0
B@CP 2043 0.0380041009 0.0290512615 0.353266356 0 0 0
B@CP 2048 -0.231073435 0.194012477 0.240416306 0 0 0
B@CP 2050 0.0922359518 0.0242402493 0.42991248 0 0 0
B@CP 2053 0.0384772864 -0.384093669 -0.255954106 0 0 0
B@CP 2057 0.258693695 0.2167007 -0.13492629 0 0 0
B@CP 2059 -0.0993552953 -0.209523616 -0.297517463 0 0 0
B@CP 2060 -0.341260009 -0.0842356487 0.266781465 0 0 0
B@CP 2068 0.0738539614 0.0641634825 -0.334565975 0 0 0
B@CP 2076 -0.0887999655 -0.333499422 0.150167715 0 0 0
B@CP 2077 0.306889803 -0.325488776 0.0667968907 0 0 0
B@CP 2078 0.0755196368 0.430060114 0.140882149 0 0 0
B@CP 2079 -0.315575946 0.279409892 -0.063687147 0 0 0
B@CP 2081 0.2593829 0.297252835 0.175522114 0 0 0
B@CP 2082 0.0418755372 -0.225650388 0.0704222301 0 0 0
B@CP 2083 -0.331862722 0.272520032 0.159771896 0 0 0
B@CP 2086 -0.0510808089 -0.086029968 -0.0817822601 0 0 0
B@CP 2087 0.159200975 0.404165816 -0.209728015 0 0 0
B@CP 2091 0.140012758 -0.195472941 0.388456344 0 0 0
B@CP 2095 -0.140737944 0.168379092 0.360591161 0 0 0
B@CP 2103 0.167467493 0.412417708 0.0245975942 0 0 0
B@CP 2105 0.0143167234 0.128485507 -0.0771464173 0 0 0
B@CP 2109 -0.193389149 -0.101044471 0.0403648397 0 0 0
B@CP 2110 0.251404687 0.0230333516 0.0561538395 0 0 0
B@CP 2111 -0.0216845036 0.460656344 -0.0572408875 0 0 0
B@CP 2113 -0.315747136 -0.0513014986 0.0590821088 0 0 0
B@CP 2114 -0.201954045 -0.0288022152 -0.0675878241 0 0 0
B@CP 2115 0.0285394149 -0.0517452078 -0.302117475 0 0 0
B@CP 2117 0.249899973 0.11371038 0.331360875 0 0 0
B@CP 2118 0.00808558077 -0.264836143 0.288514973 0 0 0
B@CP 2119 0.101142673 0.411727173 0.0465632107 0 0 0
B@CP 2125 -0.252900971 -0.0962575084 -0.363476535 0 0 0
B@CP 2127 0.120668456 -0.409491542 -0.199752884 0 0 0
B@CP 2130 0.112187903 0.177007351 0.136430277 0 0 0
B@CP 2131 0.273600624 -0.0177074765 -0.377112286 0 0 0
B@CP 2133 0.144520113 0.064489379 -0.377961955 0 0 0
B@CP 2134 0.45260399 0.10784862 0.00493790248 0 0 0
B@CP 2136 0.047154297 -0.0297129745 0.474496999 0 0 0
B@CP 2141 0.0674952477 0.0281744964 0.306530329 0 0 0
B@CP 2144 0.0682602644 -0.322579634 0.110801813 0 0 0
B@CP 2145 -0.285250397 -0.218692641 -0.273773233 0 0 0
B@CP 2149 0.0271534403 0.12577852 -0.0619415154 0 0 0
B@CP 2154 -0.0770589147 0.254406884 0.169965937 0 0 0
B@CP 2161 0.13877819 0.248160347 0.235318576 0 0 0
B@CP 2164 -0.186945439 -0.0627033068 0.304147617 0 0 0
B@CP 2166 -0.276792363 0.104808405 0.107819179 0 0 0
B@CP 2168 -0.0659116867 0.216904472 -0.149937337 0 0 0
B@CP 2169 -0.0473217853 -0.0410936688 -0.296101013 0 0 0
B@CP 2175 -0.165259518 0.0469610658 -0.276226543 0 0 0
B@CP 2177 0.0339813245 -0.0997432318 0.276854794 0 0 0
B@CP 2182 0.307994293 -0.251247806 0.144587611 0 0 0
B@CP 2186 0.0512137161 -0.158062 -0.124245346 0 0 0
B@CP 2188 -0.148866636 0.384631713 -0.206886652 0 0 0
B@CP 2203 0.379875513 0.0731686427 -0.163495321 0 0 0
B@CP 2205 -0.0983057338 -0.21478051 0.256536284 0 0 0
B@CP 2207 -0.204216842 -0.13784019 -0.221796775 0 0 0
B@CP 2208 -0.101452574 -0.20756127 0.209312719 0 0 0
B@CP 2213 0.133029222 0.137298455 0.0847586735 0 0 0
B@CP 2215 -0.122822342 -0.277127598 -0.0074950626 0 0 0
B@CP 2217 -0.168075852 -0.388232969 0.108118498 0 0 0
B@CP 2220 0.0120540188 -0.325507916 0.223167371 0 0 0
B@CP 2221 -0.158822921 0.329496593 -0.121075475 0 0 0
B@CP 2222 0.293300112 -0.28800339 0.105812881 0 0 0
B@CP 2225 0.165611885 0.285052015 0.0483278518 0 0 0
B@CP 2226 0.0289237155 0.0895585066 0.285350428 0 0 0
B@CP 2228 -0.209354317 0.247580093 0.157189314 0 0 0
B@CP 2230 0.0577018862 -0.0359464127 -0.100342205 0 0 0
B@CP 2233 -0.23839884 -0.155992096 -0.212753961 0 0 0
B@CP 2234 0.118503102 0.14967491 -0.141262076 0 0 0
B@CP 2248 -0.142071621 -0.00395475246 -0.334664484 0 0 0
B@CP 2250 0.334632372 -0.265614656 -0.0580850445 0 0 0
B@CP 2251 -0.124955844 -0.308205171 0.328369795 0 0 0
B@CP 2252 -0.20100506 0.218636101 0.136064053 0 0 0
B@CP 2254 0.124962048 -0.3063185 0.119063297 0 0 0
B@CP 2255 -0.315548569 0.239752503 -0.236875412 0 0 0
B@CP 2256 0.15190394 0.0757314049 0.21637308 0 0 0
B@CP 2263 0.121522447 0.31523233 -0.224812281 0 0 0
B@CP 2267 0.120965996 0.1891863 0.223348709 0 0 0
B@CP 2271 -0.0956478459 -0.113161387 -0.35106368 0 0 0
B@CP 2272 -0.0698230246 0.0468613344 0.263871269 0 0 0
B@CP 2273 0.0858773366 -0.177976031 -0.0411756208 0 0 0
B@CP 2275 -0.14653007 0.190095444 0.296194504 0 0 0
B@CP 2279 0.0578695649 -0.0789112729 -0.0803909408 0 0 0
B@CP 2282 -0.437811279 -0.111309787 -0.0125134272 0 0 0
B@CP 2284 0.372960954 0.0575356078 -0.133848002 0 0 0
B@CP 2285 0.0150848045 0.389397945 -0.0365102747 0 0 0
B@CP 2293 0.198976991 -0.0398272246 -0.229982758 0 0 0
B@CP 2299 -0.147289196 0.132048107 -0.123715165 0 0 0
B@CP 2300 -0.284354332 0.33029409 0.15203758 0 0 0
B@CP 2301 0.0242286671 0.318721587 -0.179165868 0 0 0
B@CP 2303 0.346397243 -0.14911459 -0.236995527 0 0 0
B@CP 2305 -0.327537678 -0.0636802062 0.0896417304 0 0 0
B@CP 2309 -0.198498953 -0.0810888035 -0.30420227 0 0 0
B@CP 2313 -0.131855739 -0.177309542 0.033465669 0 0 0
B@CP 2315 0.153215052 -0.263584646 0.349673341 0 0 0
B@CP 2320 -0.119332913 0.25780305 0.298047265 0 0 0
B@CP 2325 0.198650916 0.153619615 -0.4046878 0 0 0
B@CP 2329 0.200345261 -0.258461097 0.152246451 0 0 0
B@CP 2331 0.272203373 0.160167118 0.0148902931 0 0 0
B@CP 2332 -0.195236349 0.020155532 0.0156882426 0 0 0
B@CP 2333 0.161145925 0.0521000762 0.308888035 0 0 0
B@CP 2335 0.23651122 0.198991997 0.258965048 0 0 0
B@CP 2336 -0.066009548 -0.00962336459 0.353643446 0 0 0
B@CP 2340 -0.177684319 0.281013762 -0.275746352 0 0 0
B@CP 2343 0.00246657327 0.213442841 0.273367066 0 0 0
B@CP 2346 -0.139923108 0.261686232 -0.0424630307 0 0 0
B@CP 2348 -0.187864325 0.171320177 -0.0396918088 0 0 0
B@CP 2350 -0.235667577 0.0420176063 -0.121563115 0 0 0
B@CP 2351 -0.0120404629 -0.140721705 0.380691191 0 0 0
B@CP 2352 0.375226269 -0.0109709513 0.152207516 0 0 0
B@CP 2356 -0.168752843 0.0978602777 -0.264247098 0 0 0
B@CP 2357 -0.178148328 -0.15310636 -0.199180856 0 0 0
B@CP 2359 0.403669853 -0.0922227357 -0.209805124 0 0 0
B@CP 2363 -0.0334984262 -0.184496333 0.0388033204 0 0 0
B@CP 2365 0.104847298 -0.292688904 -0.124832348 0 0 0
B@CP 2368 -0.19815081 -0.0670060628 -0.14671452 0 0 0
B@CP 2369 0.0733095263 0.105636466 0.304598418 0 0 0
B@CP 2370 -0.0280118447 -0.133922095 -0.0858689735 0 0 0
B@CP 2372 0.188591452 -0.294055912 0.0255968058 0 0 0
B@CP 2373 0.115297254 -0.0827086682 -0.135812158 0 0 0
B@CP 2376 0.30629702 0.148263278 -0.189233752 0 0 0
B@CP 2381 0.192628215 0.341410864 0.195025023 0 0 0
B@CP 2382 -0.0291284379 0.327792251 -0.167319688 0 0 0
B@CP 2383 0.0132984879 0.0924096077 0.148726248 0 0 0
B@CP 2386 0.0746545118 -0.153134519 0.230409403 0 0 0
B@CP 2388 0.265304496 -0.226808385 0.0652762526 0 0 0
B@CP 2392 0.0618835925 -0.140493065 -0.377136797 0 0 0
B@CP 2395 0.164891849 -0.101402989 0.114370209 0 0 0
B@CP 2397 -0.0917266008 0.27878135 -0.0496096058 0 0 0
B@CP 2400 -0.0991765755 0.320588812 -0.263236526 0 0 0
B@CP 2402 -0.145465059 0.0685101308 -0.429849659 0 0 0
B@CP 2405 -0.0618105225 0.227862034 -0.129427011 0 0 0
B@CP 2411 0.0204882828 0.316656314 0.227722133 0 0 0
B@CP 2413 0.174811316 0.1928975 -0.0342986361 0 0 0
B@CP 2416 0.264196633 0.188073187 0.172404219 0 0 0
B@CP 2421 0.0969158725 -0.210694705 -0.154960046 0 0 0
B@CP 2437 0.199295212 -0.14760486 0.389753185 0 0 0
B@CP 2441 0.276288152 0.217603835 -0.193262411 0 0 0
B@CP 2456 0.0953497803 -0.0283594285 0.0634754897 0 0 0
B@CP 2457 -0.0283128567 -0.342543888 0.215176231 0 0 0
B@CP 2459 0.108755008 -0.393920611 -0.0421351146 0 0 0
B@CP 2460 0.206557663 0.10195951 0.0173634774 0 0 0
B@CP 2461 0.190057681 -0.273494048 -0.0364201369 0 0 0
B@CP 2462 -0.15273918 -0.0583620134 -0.0474667551 0 0 0
B@CP 2467 -0.323017011 0.301355357 -0.153367888 0 0 0
B@CP 2471 -0.429721325 -0.0928511489 0.154640059 0 0 0
B@CP 2475 -0.120835661 -0.0264826685 -0.114850526 0 0 0
B@CP 2477 -0.0843119645 0.279783975 -0.108488136 0 0 0
B@CP 2481 -0.0733699184 0.065711195 -0.0335052043 0 0 0
B@CP 2487 0.149701578 0.380076314 0.0342950252 0 0 0
B@CP 2492 0.151686512 0.196741981 -0.0499986171 0 0 0
C@CP 2500 -0.0829551619 0.438447896 0.0702655595 0 0 0
C@CP 2501 -0.419164506 0.0133742954 -0.132084195 0 0 0
C@CP 2502 0.0784875993 -0.184674422 0.235920975 0 0 0
C@CP 2503 -0.212076339 0.239830685 0.0852674318 0 0 0
C@CP 2504 -0.329143312 -0.230606842 -0.232014613 0 0 0
C@CP 2505 -0.346540661 -0.188150644 -0.0157579475 0 0 0
C@CP 2506 0.139527035 0.215601885 -0.346850611 0 0 0
C@CP 2507 -0.237775174 0.131709232 -0.163582698 0 0 0
C@CP 2508 0.279732259 0.374524064 -0.0257762468 0 0 0
C@CP 2509 -0.030635666 0.0672926731 0.443472799 0 0 0
C@CP 2510 -0.441000607 -0.0547653052 0.126698581 0 0 0
C@CP 2511 -0.286876603 -0.0182690399 -0.0271314655 0 0 0
C@CP 2512 0.342570228 0.0405558755 -0.30407467 0 0 0
C@CP 2513 -0.312547146 0.0504255322 0.322947225 0 0 0
C@CP 2514 -0.25260556 0.177922097 0.0519939541 0 0 0
C@CP 2515 -0.249010032 0.153441308 0.126932764 0 0 0
C@CP 2516 0.106734843 0.00337745126 -0.118093948 0 0 0
C@CP 2517 -0.11186521 0.289186971 -0.059833005 0 0 0
C@CP 2518 -0.346760823 -0.0778078368 -0.25724878 0 0 0
C@CP 2519 0.186573338 0.0403396931 0.224779304 0 0 0
C@CP 2520 -0.149523919 -0.310517951 0.02357867 0 0 0
C@CP 2521 -0.419864078 -0.0509033103 0.135317671 0 0 0
C@CP 2522 -0.124951198 -0.16481217 0.136073769 0 0 0
C@CP 2523 0.0174037638 0.223880315 -0.0757615857 0 0 0
C@CP 2524 -0.464205159 -0.0555182163 0.0646505828 0 0 0
C@CP 2525 0.0839064468 -0.269654063 -0.0914610371 0 0 0
C@CP 2526 -0.189330947 0.125311565 0.128811613 0 0 0
C@CP 2527 -0.243595657 -0.139813763 -0.259907925 0 0 0
C@CP 2528 -0.0816682055 -0.235973497 0.169141242 0 0 0
C@CP 2529 0.175011482 -0.0774704042 0.237636159 0 0 0
C@CP 2530 0.0276577229 0.0885114707 0.0425748749 0 0 0
C@CP 2531 -0.0675387609 -0.394881678 -0.208024043 0 0 0
C@CP 2532 -0.0832533064 0.146931069 0.14582031 0 0 0
C@CP 2533 -0.0563010947 -0.189038414 0.36412944 0 0 0
C@CP 2534 -0.0472295758 -0.0592334425 0.0988057347 0 0 0
C@CP 2535 0.105252136 -0.140518219 0.0228205053 0 0 0
C@CP 2536 -0.0874379372 0.154169263 -0.353667838 0 0 0
C@CP 2537 -0.360782708 0.0873846414 -0.102026198 0 0 0
C@CP 2538 0.317200849 0.229080166 -0.19522525 0 0 0
C@CP 2539 -0.136542879 0.197225977 -0.0106628673 0 0 0
C@CP 2540 0.30055626 -0.183974733 -0.260903199 0 0 0
C@CP 2541 -0.132409892 0.115188127 -0.274904157 0 0 0
C@CP 2542 -0.379684962 0.0782249849 -0.249413006 0 0 0
C@CP 2543 0.30461046 -0.237240969 -0.255487999 0 0 0
C@CP 2544 0.386978979 -0.206163228 0.174498715 0 0 0
C@CP 2545 -0.130483448 0.121563899 0.304621689 0 0 0
C@CP 2546 0.439747428 -0.0363270784 -0.157402976 0 0 0
C@CP 2547 0.224752652 0.18778126 -0.157061527 0 0 0
C@CP 2548 -0.0110569975 -0.311983999 0.127201676 0 0 0
C@CP 2549 -0.0308584362 -0.135362699 -0.371527005 0 0 0
C@CP 2550 -0.0329246088 -0.203750206 -0.30491716 0 0 0
C@CP 2551 0.140349005 -0.227381727 0.113533957 0 0 0
C@CP 2552 0.012420318 -0.235399308 0.35637967 0 0 0
C@CP 2553 -0.268098497 -0.379240932 -0.038063518 0 0 0
C@CP 2554 -0.318446601 -0.27607827 0.0537457169 0 0 0
C@CP 2555 -0.0128995934 -0.00433532786 -0.166762728 0 0 0
C@CP 2556 -0.384809965 0.190449219 -0.134715492 0 0 0
C@CP 2557 -0.0530638816 0.22611678 0.393242483 0 0 0
C@CP 2558 -0.0907696441 -0.216233584 -0.0778784161 0 0 0
C@CP 2559 0.113750817 -0.249965863 0.270698519 0 0 0
C@CP 2560 0.185597883 0.0348068876 -0.361805903 0 0 0
C@CP 2561 0.144494808 -0.226036223 -0.244061994 0 0 0
C@CP 2562 0.19020612 0.41243836 0.0356709337 0 0 0
C@CP 2563 0.037107598 -0.398648939 -0.091047789 0 0 0
C@CP 2564 -0.00103744176 -0.380621559 0.181452976 0 0 0
C@CP 2565 0.252759313 -0.120149892 0.285437805 0 0 0
C@CP 2566 -0.17073211 -0.0178249597 0.265577014 0 0 0
C@CP 2567 -0.0032163897 0.146168668 0.406184546 0 0 0
C@CP 2568 0.0950345072 -0.114090239 0.15365039 0 0 0
C@CP 2569 -0.299939771 -0.281629365 -0.167240559 0 0 0
C@CP 2570 -0.28373555 -0.162425548 -0.0993302819 0 0 0
C@CP 2571 -0.0455620685 -0.334717172 -0.211183362 0 0 0
C@CP 2572 -0.215772015 0.0396072046 0.297452497 0 0 0
C@CP 2573 -0.0587606154 0.197180757 0.068339642 0 0 0
C@CP 2574 0.0165825786 -0.15716266 0.335598533 0 0 0
C@CP 2575 -0.0951138067 -0.369734285 -0.273860612 0 0 0
C@CP 2576 -0.203634272 -0.144643942 -0.08058767 0 0 0
C@CP 2577 0.315349678 -0.0660914282 0.290219992 0 0 0
C@CP 2578 -0.0273251305 0.22186538 -0.168783414 0 0 0
C@CP 2579 0.11435331 0.0222189871 0.314965268 0 0 0
C@CP 2580 -0.230463099 0.00290626507 -0.170113977 0 0 0
C@CP 2581 -0.139024435 0.0665383347 0.302849855 0 0 0
C@CP 2582 0.117681403 0.0461291404 0.378993707 0 0 0
C@CP 2583 0.191251121 0.220070823 0.00585702139 0 0 0
C@CP 2584 -0.071627774 0.317017759 -0.344436811 0 0 0
C@CP 2585 -0.223054657 0.243382511 0.165542102 0 0 0
C@CP 2586 0.0465384217 0.0734035265 0.371825085 0 0 0
C@CP 2587 0.136705351 0.148638275 0.00061350724 0 0 0
C@CP 2588 0.358368957 0.169593128 -0.10387424 0 0 0
C@CP 2589 0.0210058744 0.234006135 -0.243308727 0 0 0
C@CP 2590 -0.062915478 -0.3560776 0.265050001 0 0 0
C@CP 2591 0.196257544 0.0861394492 -0.306024343 0 0 0
C@CP 2592 0.357272761 -0.0875894108 -0.0054693069 0 0 0
C@CP 2593 0.0320697183 -0.129613307 0.40403569 0 0 0
C@CP 2594 0.309408648 -0.232022583 -0.0637369277 0 0 0
C@CP 2595 0.129089895 -0.17330311 0.284689224 0 0 0
C@CP 2596 -0.254425205 0.0300247492 0.247592606 0 0 0
C@CP 2597 0.0528130052 0.321339073 -0.325575609 0 0 0
C@CP 2598 0.305659215 0.0668348046 -0.21235498 0 0 0
C@CP 2599 -0.255764228 0.228892588 -0.290405285 0 0 0
C@CP 2600 0.155648645 0.0634739527 -0.2130338 0 0 0
C@CP 2601 -0.123890609 -0.0207409288 0.390837675 0 0 0
C@CP 2602 -0.17808077 0.335012972 0.169708264 0 0 0
C@CP 2603 -0.413000723 -0.106274654 0.152171127 0 0 0
C@CP 2604 0.011860804 -0.217311169 -0.232814317 0 0 0
C@CP 2605 -0.085525945 -0.338769816 0.308255559 0 0 0
C@CP 2606 0.322351568 0.162773446 -0.280566492 0 0 0
C@CP 2607 0.422224755 0.0743328854 0.00373470234 0 0 0
C@CP 2608 0.068624592 -0.262806876 0.251776011 0 0 0
C@CP 2609 -0.194665904 0.0384772059 0.199625487 0 0 0
C@CP 2610 0.0947131344 0.0854908164 0.0774315585 0 0 0
C@CP 2611 -0.218170209 -0.120991034 0.337159144 0 0 0
C@CP 2612 0.236886061 -0.280109411 0.131457239 0 0 0
C@CP 2613 -0.00535957244 -0.0266290111 -0.282149217 0 0 0
C@CP 2614 0.0468859764 0.129813482 -0.159980836 0 0 0
C@CP 2615 -0.0200647123 0.143395335 0.230337719 0 0 0
C@CP 2616 0.0265963673 -0.438922897 0.0840766832 0 0 0
C@CP 2617 -0.0978580228 0.0578682089 0.373420426 0 0 0
C@CP 2618 0.0253657445 -0.445211203 0.0795565306 0 0 0
C@CP 2619 0.125925166 0.286141637 0.341428227 0 0 0
C@CP 2620 0.00920765056 0.25486598 -0.145253197 0 0 0
C@CP 2621 0.145587274 -0.236869807 0.340624314 0 0 0
C@CP 2622 -0.15048809 0.290358099 -0.258562013 0 0 0
C@CP 2623 0.0444799499 0.0432908289 -0.150389638 0 0 0
C@CP 2624 -0.182851898 0.167933168 0.197513199 0 0 0
C@CP 2625 -0.120197302 -0.0293962048 0.198855425 0 0 0
C@CP 2626 0.00506575912 0.0538827041 0.395126681 0 0 0
C@CP 2627 0.0462377692 0.118351614 0.134920243 0 0 0
C@CP 2628 -0.276661545 0.0258702466 0.0102266994 0 0 0
C@CP 2629 0.346129389 0.0526443434 0.246684051 0 0 0
C@CP 2630 0.103899639 -0.213943176 0.261103357 0 0 0
C@CP 2631 0.0803248518 0.218277368 -0.381831814 0 0 0
C@CP 2632 -0.129620664 0.20077724 -0.303120564 0 0 0
C@CP 2633 0.374564549 -0.0703158039 0.0821072834 0 0 0
C@CP 2634 0.43652718 -0.0513561844 0.100771512 0 0 0
C@CP 2635 0.0777927308 -0.338655156 -0.293831516 0 0 0
C@CP 2636 -0.0674287611 0.338483039 -0.267563471 0 0 0
C@CP 2637 0.125602442 0.284732923 0.298588137 0 0 0
C@CP 2638 0.142601848 -0.0379298271 0.327347898 0 0 0
C@CP 2639 0.0746412079 -0.208538641 -0.292802874 0 0 0
C@CP 2640 -0.133309814 0.321349409 0.120566327 0 0 0
C@CP 2641 0.0653007288 -0.118864211 -0.195659186 0 0 0
C@CP 2642 0.249922683 0.0757483311 0.116204479 0 0 0
C@CP 2643 0.177792064 -0.29963966 0.204002785 0 0 0
C@CP 2644 0.124510173 0.155285306 0.310666224 0 0 0
C@CP 2645 0.0445489215 -0.218813154 -0.0112442616 0 0 0
C@CP 2646 0.223463339 -0.285081207 -0.198300744 0 0 0
C@CP 2647 -0.0919208403 -0.230013053 -0.199618362 0 0 0
C@CP 2648 0.153422508 -0.0352391498 0.105192691 0 0 0
C@CP 2649 -0.0519704074 0.352526925 0.273768767 0 0 0
C@CP 2650 0.246986118 0.0742934843 -0.0750053277 0 0 0
C@CP 2651 -0.0168296581 0.325708175 0.278725925 0 0 0
C@CP 2652 0.0531334217 -0.0406317722 -0.233075468 0 0 0
C@CP 2653 -0.031583301 -0.116987665 -0.188188715 0 0 0
C@CP 2654 0.0495716859 0.0109348739 0.0614739138 0 0 0
C@CP 2655 0.142112898 0.029986436 0.0706957839 0 0 0
C@CP 2656 -0.0694124894 -0.330003768 0.278236647 0 0 0
C@CP 2657 -0.194770359 0.234868652 -0.204657807 0 0 0
C@CP 2658 -0.0820926601 -0.0539450513 0.252086435 0 0 0
C@CP 2659 0.214693722 0.192040106 -0.229521124 0 0 0
C@CP 2660 -0.316909253 -0.0297184631 0.334876977 0 0 0
C@CP 2662 -0.0647126047 -0.182422145 0.260908651 0 0 0
C@CP 2663 0.150838056 0.196213035 -0.103504509 0 0 0
C@CP 2664 0.268119366 0.206447907 0.12696066 0 0 0
C@CP 2665 0.231960631 -0.374921294 0.0273272429 0 0 0
C@CP 2666 -0.216597763 0.334950795 0.175896149 0 0 0
C@CP 2667 -0.0725493373 -0.00171928856 -0.285970598 0 0 0
C@CP 2668 0.1191952 -0.321872687 0.0455107385 0 0 0
C@CP 2669 0.270057353 0.020857486 -0.0429001254 0 0 0
C@CP 2670 -0.211770944 0.0141335401 0.226147832 0 0 0
C@CP 2671 -0.424506112 -0.0189662294 0.0608643116 0 0 0
C@CP 2672 0.143180678 -0.135495184 -0.166732363 0 0 0
C@CP 2673 -0.18440427 -0.189844462 -0.150547738 0 0 0
C@CP 2674 0.0659255805 0.269499056 0.285192033 0 0 0
C@CP 2675 -0.304311839 -0.14639195 0.144193869 0 0 0
C@CP 2676 0.0675433915 0.355562381 -0.110257017 0 0 0
C@CP 2677 0.344758269 0.0374477719 0.108813621 0 0 0
C@CP 2678 -0.341171685 0.084801576 0.181273399 0 0 0
C@CP 2679 -0.0670055392 -0.0768726449 0.370896096 0 0 0
C@CP 2680 -0.0680847619 -0.079279184 0.358330845 0 0 0
C@CP 2681 -0.281484761 0.208451115 -0.259916636 0 0 0
C@CP 2682 0.272111872 0.190108894 -0.261117854 0 0 0
C@CP 2683 0.243874045 0.165272504 0.33086265 0 0 0
C@CP 2684 0.0887724318 0.0455039073 0.304474828 0 0 0
C@CP 2685 0.296240074 0.0996798785 -0.143873639 0 0 0
C@CP 2686 0.0772357197 0.0786451415 -0.146456742 0 0 0
C@CP 2687 -0.118029278 -0.10176517 0.308264847 0 0 0
C@CP 2688 0.0447244299 -0.0394758648 -0.0347090574 0 0 0
C@CP 2689 -0.0904651718 0.176102987 0.312986746 0 0 0
C@CP 2690 0.0138383918 0.134224337 -0.424010426 0 0 0
C@CP 2691 -0.274089691 -0.0245272911 -0.0467246836 0 0 0
C@CP 2692 0.0217571232 0.160803994 0.203728687 0 0 0
C@CP 2693 -0.371262381 0.235339366 -0.00676705781 0 0 0
C@CP 2694 0.0544272344 -0.0193862335 0.412977093 0 0 0
C@CP 2695 -0.419953638 -0.00651763535 0.11783617 0 0 0
C@CP 2696 -0.399275111 -0.130778398 0.00883096012 0 0 0
C@CP 2697 -0.133457326 -0.0368684332 0.147801254 0 0 0
C@CP 2698 -0.231673001 -0.25066955 -0.116251218 0 0 0
C@CP 2699 0.254084148 0.176556567 -0.300305329 0 0 0
C@CP 2700 0.0105052259 0.148672306 -0.251862884 0 0 0
C@CP 2701 0.0548790106 0.364444382 0.000234975804 0 0 0
C@CP 2702 0.180161553 -0.114791027 0.185464436 0 0 0
C@CP 2703 -0.329569938 -0.035280301 0.143749888 0 0 0
C@CP 2704 0.2873775 0.00147509209 0.0570085058 0 0 0
C@CP 2705 0.207592985 0.119156054 0.378004088 0 0 0
C@CP 2706 0.275663604 0.122509858 0.0165926047 0 0 0
C@CP 2707 0.292407831 0.127166152 0.120134058 0 0 0
C@CP 2708 0.207697066 -0.0526455142 -0.366565472 0 0 0
C@CP 2709 0.397217558 -0.050772252 0.0656775703 0 0 0
C@CP 2710 0.410076181 0.125329055 0.0294821017 0 0 0
C@CP 2711 -0.181619472 -0.062512153 -0.278992429 0 0 0
C@CP 2712 0.113555282 -0.299562624 -0.0975565118 0 0 0
C@CP 2713 -0.143661056 -0.180012115 0.243359688 0 0 0
C@CP 2714 0.00891594275 0.293598066 0.134494646 0 0 0
C@CP 2715 0.0962495619 -0.129487718 0.062816077 0 0 0
C@CP 2716 -0.237793014 -0.0745019533 -0.186807542 0 0 0
C@CP 2717 0.168389525 -0.322575729 -0.105960608 0 0 0
C@CP 2718 0.109966888 -0.29111269 -0.325010955 0 0 0
C@CP 2719 -0.0713385179 -0.240057434 0.226449735 0 0 0
C@CP 2720 0.0817508594 0.31514024 0.101043706 0 0 0
C@CP 2721 -0.123614193 -0.0152304646 -0.158641462 0 0 0
C@CP 2722 0.062002632 0.339690703 0.23859179 0 0 0
C@CP 2723 0.437710939 0.00711719438 0.189410941 0 0 0
C@CP 2724 0.375862073 -0.242811373 0.0785368823 0 0 0
C@CP 2725 -0.00281969893 -0.277397649 -0.0888957223 0 0 0
C@CP 2726 0.120767065 0.344858494 0.297549118 0 0 0
C@CP 2727 0.188948658 0.108452154 0.267683884 0 0 0
C@CP 2728 0.303129645 0.0320809067 0.124760088 0 0 0
C@CP 2729 0.0653678761 -0.0683725358 0.274337036 0 0 0
C@CP 2730 0.314446827 -0.158339164 -0.111191582 0 0 0
C@CP 2731 -0.0818334726 -0.00721971266 0.0882460561 0 0 0
C@CP 2732 0.171942832 -0.226468757 0.097336687 0 0 0
C@CP 2733 -0.0700772512 -0.275627108 -0.172363775 0 0 0
C@CP 2734 -0.00462872783 0.18886725 0.32778114 0 0 0
C@CP 2735 0.27054921 0.0640007267 0.145974589 0 0 0
C@CP 2736 -0.376225353 -0.15134595 0.0411658727 0 0 0
C@CP 2737 -0.406762295 0.119175743 -0.0152837479 0 0 0
C@CP 2738 0.11757286 0.0291942314 0.414976335 0 0 0
C@CP 2739 0.383770613 0.0669678213 -0.261989843 0 0 0
C@CP 2740 -0.0204662282 -0.277044896 0.0525017839 0 0 0
C@CP 2741 0.406484363 -0.0804412719 0.0345604754 0 0 0
C@CP 2742 0.255840718 0.0689419389 -0.228665339 0 0 0
C@CP 2743 -0.00554776113 -0.237695898 -0.401694867 0 0 0
C@CP 2744 -0.11725482 -0.209814967 0.221225769 0 0 0
C@CP 2745 -0.0926780836 0.171722534 0.176432297 0 0 0
C@CP 2746 -0.0350186793 0.239363299 -0.110043703 0 0 0
C@CP 2747 -0.221048257 -0.150708756 0.107755751 0 0 0
C@CP 2748 0.0275587739 0.321591681 0.00747380541 0 0 0
C@CP 2749 0.100597539 0.239829409 -0.267927817 0 0 0
C@CP 2750 0.345942348 -0.269871427 0.0273375304 0 0 0
C@CP 2751 -0.176965556 -0.0423804861 0.121470342 0 0 0
C@CP 2752 0.10096651 0.277537219 0.0416743572 0 0 0
C@CP 2753 -0.220138064 -0.182148986 -0.296370277 0 0 0
C@CP 2754 0.164096586 0.400922417 -0.168353449 0 0 0
C@CP 2755 0.324764836 -0.141639058 -0.200085803 0 0 0
C@CP 2756 -0.110220793 0.110695683 -0.171655281 0 0 0
C@CP 2757 -0.00880722384 -0.051129079 0.0404793544 0 0 0
C@CP 2758 0.0387305532 -0.0158788684 -0.0695963911 0 0 0
C@CP 2759 -0.0559829307 0.00180785523 0.210427119 0 0 0
C@CP 2760 -0.144780936 -0.158990979 -0.382838535 0 0 0
C@CP 2761 0.416540207 -0.0381673608 0.19272591 0 0 0
C@CP 2762 0.0764605567 0.259845746 0.204332633 0 0 0
C@CP 2763 0.171375548 0.243103655 0.0876836261 0 0 0
C@CP 2764 -0.264869336 0.101353763 0.207235939 0 0 0
C@CP 2765 0.0101332676 0.15878699 0.0664571694 0 0 0
C@CP 2766 -0.390576294 -0.00691268307 0.0272165484 0 0 0
C@CP 2767 -0.133271144 -0.030022922 -0.396074375 0 0 0
C@CP 2768 0.0558000846 -0.390468132 0.247288726 0 0 0
C@CP 2769 0.171366772 0.367061724 -0.144595738 0 0 0
C@CP 2770 -0.135001203 -0.00190313002 0.0282467628 0 0 0
C@CP 2771 -0.0381612787 -0.261688776 0.00366965403 0 0 0
C@CP 2772 -0.208305805 -0.307226246 -0.149733419 0 0 0
C@CP 2773 -0.274660375 -0.0643264804 -0.350540885 0 0 0
C@CP 2774 0.076770938 0.0774353112 -0.212564522 0 0 0
C@CP 2775 0.154219183 -0.328532919 -0.160205621 0 0 0
C@CP 2776 -0.225223625 0.107770985 -0.038792231 0 0 0
C@CP 2777 0.0788734648 0.199943644 -0.0297403164 0 0 0
C@CP 2778 -0.423128228 0.0133359446 0.0961261432 0 0 0
C@CP 2779 -0.0328888921 -0.232130638 -0.192184051 0 0 0
C@CP 2780 -0.177671999 0.184034258 -0.259134334 0 0 0
C@CP 2781 -0.131200818 -0.313037907 0.322570862 0 0 0
C@CP 2782 0.333588643 0.195568596 -0.0127972084 0 0 0
C@CP 2783 0.148149885 0.233245337 0.0113284841 0 0 0
C@CP 2784 -0.315377564 0.284252982 -0.0183006151 0 0 0
C@CP 2785 -0.343801747 -0.0899519931 0.0611011398 0 0 0
C@CP 2786 -0.0793395874 -0.445899421 0.0964514272 0 0 0
C@CP 2787 -0.169397892 0.14770786 -0.158108133 0 0 0
C@CP 2788 -0.36783653 0.202316393 0.12993805 0 0 0
C@CP 2789 -0.0738152521 0.0853164044 0.0133502108 0 0 0
C@CP 2790 0.368341661 -0.170644408 -0.0614998069 0 0 0
C@CP 2791 -0.0817473561 -0.0270274655 -0.316184582 0 0 0
C@CP 2792 -0.170381322 -0.0244652119 0.135977563 0 0 0
C@CP 2793 -0.0506204473 -0.261815959 -0.23463777 0 0 0
C@CP 2794 0.101393103 -0.155986822 -0.138531173 0 0 0
C@CP 2795 0.193759316 0.226442798 0.0296504786 0 0 0
C@CP 2796 0.223010677 -0.244537346 -0.054302969 0 0 0
C@CP 2797 0.0965269761 0.435922774 -0.0135110448 0 0 0
C@CP 2798 0.207106089 -0.266751442 0.199691068 0 0 0
C@CP 2799 0.358208723 -0.160513988 0.209262746 0 0 0
C@CP 2800 -0.339273179 0.312498596 -0.0779854699 0 0 0
C@CP 2801 0.398809524 0.0730535647 -0.0845549525 0 0 0
C@CP 2802 0.218154582 -0.128350626 0.361890112 0 0 0
C@CP 2803 0.323078511 0.277725498 0.10837901 0 0 0
C@CP 2804 -0.151320588 -0.385153114 0.0815890331 0 0 0
C@CP 2805 0.204946201 -0.058797929 -0.0833715376 0 0 0
C@CP 2806 0.226059788 0.155347908 0.360638277 0 0 0
C@CP 2807 0.259590284 -0.290231817 -0.077060899 0 0 0
C@CP 2808 0.346688523 0.0173972681 0.126171579 0 0 0
C@CP 2809 -0.0140790439 0.138627671 0.188090184 0 0 0
C@CP 2810 -0.156947222 -0.137157308 0.260244284 0 0 0
C@CP 2811 0.176626345 0.112355509 0.385719287 0 0 0
C@CP 2812 0.0795302293 0.13149938 0.398648588 0 0 0
C@CP 2813 0.323910619 -0.174571619 -0.225837153 0 0 0
C@CP 2814 0.0362249622 -0.150833594 -0.0538697189 0 0 0
C@CP 2815 -0.160491342 -0.177060369 0.155971756 0 0 0
C@CP 2816 -0.0193655754 0.277078155 -0.2701377 0 0 0
C@CP 2817 0.313708698 0.181562099 -0.257299284 0 0 0
C@CP 2818 0.349100152 0.0340073074 0.172462188 0 0 0
C@CP 2819 0.26415333 0.0935391662 -0.0329061585 0 0 0
C@CP 2820 -0.198090833 -0.062161722 -0.317094749 0 0 0
C@CP 2821 0.0930677475 0.143832603 0.313232977 0 0 0
C@CP 2822 0.102194954 0.0220248953 0.345034775 0 0 0
C@CP 2823 0.31689881 0.057716341 -0.33680864 0 0 0
C@CP 2824 -0.232888556 -0.198069212 0.309227108 0 0 0
C@CP 2825 0.205975536 0.0424756888 0.240644372 0 0 0
C@CP 2826 0.238751211 -0.106364965 0.149642037 0 0 0
C@CP 2827 0.194913976 -0.0855427287 -0.166824466 0 0 0
C@CP 2828 0.00104775686 -0.386545048 0.0745562642 0 0 0
C@CP 2829 -0.0532430256 -0.204610787 -0.206865315 0 0 0
C@CP 2830 0.317066451 -0.219382595 -0.0177691737 0 0 0
C@CP 2831 0.330453613 -0.174883252 0.0565358581 0 0 0
C@CP 2832 -0.206237281 0.0809848367 0.282363158 0 0 0
C@CP 2833 0.127184839 0.111259291 -0.357001806 0 0 0
C@CP 2834 0.139501753 -0.270755676 0.269831974 0 0 0
C@CP 2835 -0.169831103 0.108873646 0.0996131727 0 0 0
C@CP 2836 0.230959198 0.328005342 -0.137455964 0 0 0
C@CP 2837 -0.137550736 -0.0166017975 0.0375205618 0 0 0
C@CP 2838 0.420244555 0.11026054 -0.0565986206 0 0 0
C@CP 2839 -0.0439385348 0.0899173077 -0.390069354 0 0 0
C@CP 2840 -0.109813735 0.443878879 0.0389488903 0 0 0
C@CP 2841 0.0481616738 0.275427106 0.101196941 0 0 0
C@CP 2842 0.0939741092 -0.420900876 -0.152657593 0 0 0
C@CP 2843 -0.15268951 -0.0764687078 0.081407911 0 0 0
C@CP 2844 0.274953728 0.0226236076 0.0427695043 0 0 0
C@CP 2845 0.199964114 0.098602139 -0.137264719 0 0 0
C@CP 2846 -0.175381294 -0.330689531 0.108968215 0 0 0
C@CP 2847 0.204937448 -0.326570067 -0.158837612 0 0 0
C@CP 2848 -0.157824679 0.16496424 -0.280560309 0 0 0
C@CP 2849 -0.129694572 0.386158907 0.0911153706 0 0 0
C@CP 2850 -0.05541315 -0.308204454 -0.0293527059 0 0 0
C@CP 2851 0.0351579566 -0.000246236782 0.246629048 0 0 0
C@CP 2852 -0.282885085 -0.244508809 -0.0999073557 0 0 0
C@CP 2853 -0.0264075934 -0.0549614076 0.116867017 0 0 0
C@CP 2854 -0.402755915 -0.0904413973 0.0653100677 0 0 0
C@CP 2855 -0.336319274 0.0821163233 0.208167547 0 0 0
C@CP 2856 -0.152910305 0.08060582 -0.0371639037 0 0 0
C@CP 2857 -0.285956002 0.0523142204 -0.334710812 0 0 0
C@CP 2858 0.221924207 0.184919848 0.219450882 0 0 0
C@CP 2859 -0.231474727 -0.141036479 0.213931352 0 0 0
C@CP 2860 -0.174162411 -0.0933059019 -0.0706564229 0 0 0
C@CP 2861 -0.217744336 -0.0488915839 0.223930288 0 0 0
C@CP 2862 0.215778611 0.0370213418 0.348997743 0 0 0
C@CP 2863 0.0238695353 0.124629966 -0.130685712 0 0 0
C@CP 2864 0.0562449818 0.355487212 0.0079968463 0 0 0
C@CP 2865 0.207566909 0.160676905 -0.204139014 0 0 0
C@CP 2866 -0.187011309 0.0424899805 -0.409639083 0 0 0
C@CP 2867 0.0712466743 0.376529924 0.252346026 0 0 0
C@CP 2868 -0.258222616 0.148113612 -0.185422051 0 0 0
C@CP 2869 -0.167299893 -0.223393526 -0.243933433 0 0 0
C@CP 2870 -0.0977571251 0.209908492 -0.215738201 0 0 0
C@CP 2871 -0.406866759 -0.115426129 -0.0125975986 0 0 0
C@CP 2872 -0.0983671128 -0.167050526 0.415056394 0 0 0
C@CP 2873 -0.212182309 0.00334065985 0.0777146159 0 0 0
C@CP 2874 0.395934865 0.113395807 0.0544554515 0 0 0
C@CP 2875 0.175127083 -0.10289137 0.382049775 0 0 0
C@CP 2876 -0.317466532 -0.257937011 -0.106406187 0 0 0
C@CP 2877 -0.34246717 -0.172325379 0.046188335 0 0 0
C@CP 2878 0.0539583737 -0.428949831 -0.125555224 0 0 0
C@CP 2879 -0.151979302 0.404480071 -0.147556471 0 0 0
C@CP 2880 0.173742317 -0.205415432 -0.0597909335 0 0 0
C@CP 2881 -0.113860112 0.270778346 -0.0578897426 0 0 0
C@CP 2882 -0.0602457766 0.00389644623 -0.185564971 0 0 0
C@CP 2883 0.235711543 0.11044873 -0.0882525606 0 0 0
C@CP 2884 -0.218417048 -0.0450569881 -0.0425898246 0 0 0
C@CP 2885 -0.314815731 0.0759980711 0.266291549 0 0 0
C@CP 2886 -0.269362748 0.259290884 0.225485713 0 0 0
C@CP 2887 0.124571109 0.19121728 0.306664681 0 0 0
C@CP 2888 0.176296546 0.302357478 0.10454237 0 0 0
C@CP 2889 0.322407614 -0.209331825 0.26425835 0 0 0
C@CP 2890 -0.228801345 0.0523172621 0.214550898 0 0 0
C@CP 2891 0.124484146 -0.0664309975 -0.383982103 0 0 0
C@CP 2892 -0.401125661 0.0718586065 0.142308901 0 0 0
C@CP 2893 0.317958582 0.034282536 -0.0707688265 0 0 0
C@CP 2894 0.27093302 0.151879128 0.285890951 0 0 0
C@CP 2895 -0.362214636 0.0447358837 0.292272877 0 0 0
C@CP 2896 -0.087198771 0.0614570845 -0.207914352 0 0 0
C@CP 2897 -0.185432186 -0.183746716 0.397038096 0 0 0
C@CP 2898 -0.207100043 -0.341927417 0.0831077066 0 0 0
C@CP 2899 -0.387756243 0.108502009 -0.00117741004 0 0 0
C@CP 2900 -0.00713970381 -0.284394039 -0.384567024 0 0 0
C@CP 2901 0.0332423303 0.118394036 0.0208576702 0 0 0
C@CP 2902 -0.0829359157 0.440589494 0.129011172 0 0 0
C@CP 2903 -0.106559722 -0.1589976 0.176347767 0 0 0
C@CP 2904 -0.230454708 0.146217282 0.141570756 0 0 0
C@CP 2905 -0.222399243 0.212369196 -0.19576317 0 0 0
C@CP 2906 0.0604804313 0.111020853 0.448596417 0 0 0
C@CP 2907 0.125592249 -0.260543742 0.251920976 0 0 0
C@CP 2908 -0.0911160336 0.380264864 -0.0461075528 0 0 0
C@CP 2909 0.113363173 -0.395497219 -0.173189932 0 0 0
C@CP 2910 0.0583677733 -0.0180079925 -0.0592050841 0 0 0
C@CP 2911 -0.294415967 -0.158727263 -0.301522262 0 0 0
C@CP 2912 0.0646929971 -0.2857541 0.0485130902 0 0 0
C@CP 2913 0.152443503 -0.112877471 0.102217495 0 0 0
C@CP 2914 0.0160872492 -0.144631638 -0.374410915 0 0 0
C@CP 2915 0.0128994148 -0.0163200479 0.239647241 0 0 0
C@CP 2916 0.284575645 0.0499709608 -0.242098015 0 0 0
C@CP 2917 -0.25006072 -0.383980302 0.0217843472 0 0 0
C@CP 2918 0.275172652 0.0826428058 0.203142848 0 0 0
C@CP 2919 -0.278109391 -0.214375378 -0.00369283116 0 0 0
C@CP 2920 0.12489196 -0.31257081 0.211490577 0 0 0
C@CP 2921 0.00399734398 0.0256811538 0.0901858547 0 0 0
C@CP 2922 -0.340082905 -0.177133155 -0.186232266 0 0 0
C@CP 2923 -0.0789937424 -0.387884247 0.0434917953 0 0 0
C@CP 2924 0.139673947 0.0898750451 -0.0722403108 0 0 0
C@CP 2925 -0.313885269 -0.063530247 -0.112290159 0 0 0
C@CP 2926 0.000382696637 0.143607784 -0.162789912 0 0 0
C@CP 2927 0.277850765 0.213895402 -0.182589001 0 0 0
C@CP 2928 0.143504011 0.0993669718 0.0558561628 0 0 0
C@CP 2929 0.36523773 0.168297694 0.188050517 0 0 0
C@CP 2930 0.310572695 -0.187634896 -0.0822103023 0 0 0
C@CP 2931 -0.197489441 0.0158508861 0.340331244 0 0 0
C@CP 2932 0.0203713852 0.238680403 0.138048409 0 0 0
C@CP 2933 -0.109638569 0.00422459156 0.0738111688 0 0 0
C@CP 2934 -0.15733466 -0.333048987 -0.240332692 0 0 0
C@CP 2935 0.184304524 -0.224652524 0.0428930107 0 0 0
C@CP 2936 0.0869796368 0.00881170924 -0.414701618 0 0 0
C@CP 2937 0.052884983 -0.0614987818 0.270672123 0 0 0
C@CP 2938 -0.0816857971 0.339141335 0.0790454485 0 0 0
C@CP 2939 -0.380560556 0.0220681832 -0.0643885279 0 0 0
C@CP 2940 -0.232843948 -0.116020807 -0.118088762 0 0 0
C@CP 2941 0.271546651 -0.17748195 -0.163628868 0 0 0
C@CP 2942 0.198235659 -0.28120687 -0.155488296 0 0 0
C@CP 2943 0.249727253 0.145278908 0.363817596 0 0 0
C@CP 2944 0.202230456 0.415310727 -2.98145985e-05 0 0 0
C@CP 2945 0.232368172 -0.0793342416 -0.0442875256 0 0 0
C@CP 2946 0.249356792 0.284071378 -0.179446567 0 0 0
C@CP 2947 0.0597874353 -0.124985883 0.312660856 0 0 0
C@CP 2948 0.110090437 0.216014718 0.0600298951 0 0 0
C@CP 2949 0.0615052898 0.133277039 0.260343804 0 0 0
C@CP 2950 -0.132358214 -0.0525227666 0.323666697 0 0 0
C@CP 2951 0.132596695 0.390003393 -0.184912451 0 0 0
C@CP 2952 -0.245261863 0.0848400526 0.00263948726 0 0 0
C@CP 2953 0.277759045 -0.244379836 -0.239572855 0 0 0
C@CP 2954 -0.0247749779 0.050099917 -0.0746187495 0 0 0
C@CP 2955 0.00335685178 0.0222272084 0.345860705 0 0 0
C@CP 2956 0.0860173692 0.0586922525 -0.194180246 0 0 0
C@CP 2957 0.0219957565 0.262229153 0.157708597 0 0 0
C@CP 2958 -0.292584752 0.226024583 0.117236024 0 0 0
C@CP 2959 0.296722444 0.303312139 -0.0763108514 0 0 0
C@CP 2960 -0.161643901 -0.00868382416 -0.0757765843 0 0 0
C@CP 2961 -0.314508081 0.0359070518 -0.203845655 0 0 0
C@CP 2962 0.0415630845 -0.25953287 0.270232169 0 0 0
C@CP 2963 -0.368036578 -0.204132752 -0.0404415816 0 0 0
C@CP 2964 0.064780945 0.401502688 -0.099145948 0 0 0
C@CP 2965 0.0834579691 -0.0788743828 -0.245206495 0 0 0
C@CP 2966 0.043565099 -0.26471955 0.0478717405 0 0 0
C@CP 2967 0.136977996 0.126093481 -0.218965413 0 0 0
C@CP 2968 0.17326417 -0.209958973 -0.111679755 0 0 0
C@CP 2969 -0.276704429 0.269232392 0.104646934 0 0 0
C@CP 2970 0.015274631 -0.0953288705 -0.330378441 0 0 0
C@CP 2971 -0.0307140269 -0.130149855 0.437073562 0 0 0
C@CP 2972 0.179830719 -0.172962011 -0.141586209 0 0 0
C@CP 2973 0.324595395 0.248902121 -0.00580698798 0 0 0
C@CP 2974 -0.192850892 0.323251526 -0.239423708 0 0 0
C@CP 2975 0.031772982 -0.126519606 0.326305306 0 0 0
C@CP 2976 0.362194617 0.0890676851 -0.173702393 0 0 0
C@CP 2977 -0.343832238 -0.214709353 0.0779189337 0 0 0
C@CP 2978 -0.231996694 -0.144054019 0.266927475 0 0 0
C@CP 2979 -0.00290615882 0.345966168 0.0671744019 0 0 0
C@CP 2980 0.0691177093 -0.334672024 0.322254877 0 0 0
C@CP 2981 -0.102973984 -0.176076087 -0.422709235 0 0 0
C@CP 2982 -0.0149325551 0.0213807676 0.435408931 0 0 0
C@CP 2983 0.127074548 0.00564147349 0.200993952 0 0 0
C@CP 2984 0.117561134 0.164122073 0.0791949629 0 0 0
C@CP 2985 -0.0484271242 -0.371018399 0.219115368 0 0 0
C@CP 2986 -0.262522519 0.2452395 -0.233020432 0 0 0
C@CP 2987 0.127233968 0.388348216 -0.256637497 0 0 0
C@CP 2988 0.222683283 -0.368330244 0.0296671029 0 0 0
C@CP 2989 -0.357598387 -0.0203662524 -0.247114431 0 0 0
C@CP 2990 0.120711268 0.0289473962 0.254002928 0 0 0
C@CP 2991 -0.232896124 -0.266153807 -0.0608233636 0 0 0
C@CP 2992 0.0574988007 -0.0298789524 0.00412294885 0 0 0
C@CP 2993 0.308654114 0.220801799 0.149745239 0 0 0
C@CP 2994 0.0320936549 0.26865543 0.258786595 0 0 0
C@CP 2995 0.182304408 0.427439863 -0.0080068973 0 0 0
C@CP 2996 -0.15815907 0.156676425 0.0791270115 0 0 0
C@CP 2997 -0.0884257472 0.319564322 -0.327815478 0 0 0
C@CP 2998 -0.284714509 -0.169657556 -0.117286363 0 0 0
C@CP 2999 0.0151001046 -0.412982431 -0.149562283 0 0 0
C@CP 3000 -0.180183412 -0.112207608 -0.137835202 0 0 0
C@CP 3001 -0.349952912 -0.0772419774 0.00719399786 0 0 0
C@CP 3002 -0.277571577 -0.0563401262 -0.253988659 0 0 0
C@CP 3003 0.12503379 0.0506817135 0.184395059 0 0 0
C@CP 3004 -0.322239782 0.0318284319 -0.264712767 0 0 0
C@CP 3005 -0.0729970655 0.352162911 0.207477141 0 0 0
C@CP 3006 -0.132888153 -0.0334227674 -0.179318114 0 0 0
C@CP 3007 0.0320087407 0.420275275 -0.0059174966 0 0 0
C@CP 3008 0.14775616 0.0811350291 0.301827611 0 0 0
C@CP 3009 -0.056111857 0.101926258 0.0326988709 0 0 0
C@CP 3010 0.0188240555 -0.318019422 -0.174474455 0 0 0
C@CP 3011 -0.226045149 -0.321993637 0.0958922902 0 0 0
C@CP 3012 -0.156950568 -0.0958110861 -0.0646554717 0 0 0
C@CP 3013 -0.268402264 0.270268463 0.210617383 0 0 0
C@CP 3014 -0.249735294 -0.31737686 0.0236281561 0 0 0
C@CP 3015 -0.0326840019 -0.275755084 0.0536565288 0 0 0
C@CP 3016 -0.087716465 -0.179946516 -0.241281983 0 0 0
C@CP 3017 0.0266595902 0.0538238767 0.0412798452 0 0 0
C@CP 3018 0.156579397 0.24631251 0.131846171 0 0 0
C@CP 3019 -0.0346192048 -0.000192449621 -0.107556363 0 0 0
C@CP 3020 0.135819349 0.0119694172 0.263624306 0 0 0
C@CP 3021 0.139580909 0.137966157 0.249720146 0 0 0
C@CP 3022 -0.143935505 0.219467866 0.198223409 0 0 0
C@CP 3023 0.0162683696 0.223323173 0.245787548 0 0 0
C@CP 3024 -0.0939608641 0.357194767 0.297335741 0 0 0
C@CP 3025 0.149361321 0.210609937 -0.147173159 0 0 0
C@CP 3026 -0.0515412867 -0.33195025 -0.100976404 0 0 0
C@CP 3027 0.146130712 0.202245362 -0.246741619 0 0 0
C@CP 3028 0.255802885 -0.197200623 -0.16822896 0 0 0
C@CP 3029 0.141349846 0.340055207 0.290896252 0 0 0
C@CP 3030 0.323237997 -0.267800876 -0.172452751 0 0 0
C@CP 3031 -0.334796344 0.0266008712 -0.302421242 0 0 0
C@CP 3032 -0.255064097 -0.00484749513 -0.190238377 0 0 0
C@CP 3033 0.21852412 0.207313522 -0.00970309975 0 0 0
C@CP 3034 0.216810772 -0.266969012 0.185628432 0 0 0
C@CP 3035 0.0203976602 0.107781463 0.0297383456 0 0 0
C@CP 3036 0.309183245 0.0113695205 -0.0437471575 0 0 0
C@CP 3037 -0.261729309 0.273830987 -0.1316424 0 0 0
C@CP 3038 -0.00661502678 0.296379999 0.322516021 0 0 0
C@CP 3039 -0.228330271 0.0284942067 -0.105275909 0 0 0
C@CP 3040 0.0923942628 0.188173905 -0.266375628 0 0 0
C@CP 3041 -0.242988808 -0.159794646 -0.184420334 0 0 0
C@CP 3042 0.0221499256 0.382872081 0.238325047 0 0 0
C@CP 3043 0.209377985 -0.0344058363 0.247303274 0 0 0
C@CP 3044 0.30906986 0.0272466382 0.241595182 0 0 0
C@CP 3045 -0.331959906 0.198592356 0.0242696062 0 0 0
C@CP 3046 -0.0955530897 -0.250346303 -0.0428036946 0 0 0
C@CP 3047 0.0968559261 0.345321986 0.0768763204 0 0 0
C@CP 3048 -0.400362675 -0.0708332795 0.0290312037 0 0 0
C@CP 3049 0.205461342 0.392468438 0.0209506766 0 0 0
C@CP 3050 -0.303181797 -0.0858325104 0.129127426 0 0 0
C@CP 3051 -0.130607716 -0.130312801 -0.0366068898 0 0 0
C@CP 3052 0.0531738702 -0.025618965 0.153167273 0 0 0
C@CP 3053 0.16261234 0.211390097 0.210206307 0 0 0
C@CP 3054 -0.317795358 0.102615731 -0.309434956 0 0 0
C@CP 3055 -0.0590918863 0.050734924 -0.401140167 0 0 0
C@CP 3056 0.0945135124 0.00348260055 0.362733999 0 0 0
C@CP 3057 -0.18786968 0.149169089 -0.310356878 0 0 0
C@CP 3058 -0.079718099 0.456106773 -0.0608494836 0 0 0
C@CP 3059 -0.0736536129 0.171223913 -0.227561228 0 0 0
C@CP 3060 -0.00590995176 -0.175949526 -0.0329157888 0 0 0
C@CP 3061 0.224129607 0.038539222 0.368968929 0 0 0
C@CP 3062 -0.0996478064 0.111791407 -0.441913733 0 0 0
C@CP 3063 0.306651509 0.271929697 -0.162550653 0 0 0
C@CP 3064 0.0633230982 -0.042405652 -0.267336601 0 0 0
C@CP 3065 0.199338312 -0.123326593 -0.23659754 0 0 0
C@CP 3066 -0.270173668 0.0790364444 0.257488809 0 0 0
C@CP 3067 -0.312361162 0.133897341 0.197890215 0 0 0
C@CP 3068 0.169458439 -0.0676477462 -0.202579074 0 0 0
C@CP 3069 0.0568851472 0.192222041 -0.349006932 0 0 0
C@CP 3070 -0.207021421 0.0672892808 0.20714527 0 0 0
C@CP 3071 -0.0785856917 -0.138851813 -0.221778346 0 0 0
C@CP 3072 -0.330541745 -0.226198517 -0.00340321469 0 0 0
C@CP 3073 -0.477510285 0.0310686853 -0.0348199789 0 0 0
C@CP 3074 -0.164314981 -0.178944128 -0.297942764 0 0 0
C@CP 3075 -0.0599598682 -0.0812637443 -0.111162807 0 0 0
C@CP 3076 0.230726831 -0.10741529 -0.103931332 0 0 0
C@CP 3077 -0.0404851672 -0.199987507 -0.253837767 0 0 0
C@CP 3078 -0.334064412 0.163204076 -0.272152169 0 0 0
C@CP 3079 -0.189597461 0.110785303 -0.143431851 0 0 0
C@CP 3080 -0.241998429 0.241619397 -0.0850293598 0 0 0
C@CP 3081 0.175447209 -0.00256513425 0.420825732 0 0 0
C@CP 3082 0.319619496 -0.209428731 -0.0935461222 0 0 0
C@CP 3083 0.0421302988 -0.297804884 -0.173041427 0 0 0
C@CP 3084 -0.105408834 -0.246967856 -0.237806392 0 0 0
C@CP 3085 -0.228677883 0.162758581 0.175104897 0 0 0
C@CP 3086 -0.168348432 0.0912398031 0.254532748 0 0 0
C@CP 3087 -0.0646651465 0.0636524996 -0.151558824 0 0 0
C@CP 3088 0.316744139 0.241857347 0.188787014 0 0 0
C@CP 3089 -0.357434804 0.229923879 0.0174389268 0 0 0
C@CP 3090 0.080404717 0.156087946 -0.14270086 0 0 0
C@CP 3091 -0.147159857 -0.449749531 0.00430010453 0 0 0
C@CP 3092 -0.104035909 -0.135644382 0.061596186 0 0 0
C@CP 3093 -0.178891122 -0.00677092918 0.097146711 0 0 0
C@CP 3094 -0.322741217 -0.0362737813 -0.157171793 0 0 0
C@CP 3095 0.245077901 -0.244606497 0.201117109 0 0 0
C@CP 3096 -0.33880758 0.0999691512 -0.284619753 0 0 0
C@CP 3097 -0.0931575324 -0.214639575 -0.353523104 0 0 0
C@CP 3098 -0.16586064 0.194998483 -0.254413546 0 0 0
C@CP 3099 -0.372918374 -0.0721426392 -0.0214413335 0 0 0
C@CP 3100 0.131931232 0.37763749 0.042271117 0 0 0
C@CP 3101 -0.396346126 -0.173958708 0.0586919167 0 0 0
C@CP 3102 -0.153763024 0.0479100308 -0.142839651 0 0 0
C@CP 3103 -0.290096436 0.0345948001 0.184549676 0 0 0
C@CP 3104 -0.19615818 -0.1517301 0.0767668599 0 0 0
C@CP 3105 0.0490700072 -0.00792469259 0.0238970684 0 0 0
C@CP 3106 -0.20176378 0.0875770554 -0.328991483 0 0 0
C@CP 3107 -0.166074925 0.168083686 -0.0357047253 0 0 0
C@CP 3108 0.0297966571 0.191255346 0.412956781 0 0 0
C@CP 3109 -0.366375733 0.168402454 0.137946027 0 0 0
C@CP 3110 0.0903848602 0.00548549347 -0.293056381 0 0 0
C@CP 3111 -0.0511345335 0.28826659 -0.338064443 0 0 0
C@CP 3112 0.0287335655 -0.166945853 0.0655441962 0 0 0
C@CP 3113 -0.25982889 -0.146587661 -0.313374334 0 0 0
C@CP 3114 -0.295163207 -0.148905121 -0.0844781827 0 0 0
C@CP 3115 -0.0702312262 0.199948478 0.0651045338 0 0 0
C@CP 3116 -0.127806685 -0.25038338 -0.244391041 0 0 0
C@CP 3117 0.32147312 -0.0626660248 0.00561112021 0 0 0
C@CP 3118 0.0518878614 0.281710047 -0.0345602615 0 0 0
C@CP 3119 0.390362281 -0.142505733 -0.215034601 0 0 0
C@CP 3120 -0.302372506 0.0645737801 -0.0756032456 0 0 0
C@CP 3121 -0.0176813825 0.0135016079 -0.202987741 0 0 0
C@CP 3122 -0.162137375 0.23472654 0.0518875394 0 0 0
C@CP 3123 -0.120172355 0.0369682716 0.433157687 0 0 0
C@CP 3124 0.30452281 -0.145216697 0.298318424 0 0 0
C@CP 3125 -0.0530085045 -0.0203911448 -0.272381458 0 0 0
C@CP 3126 -0.0965300055 -0.348443388 -0.238320527 0 0 0
C@CP 3127 -0.0899730206 0.0957963545 -0.0380447009 0 0 0
C@CP 3128 -0.0193689219 0.106234112 -0.0758080458 0 0 0
C@CP 3129 -0.149962382 -0.0985737231 -0.203249382 0 0 0
C@CP 3130 0.100053859 -0.230753387 -0.224548495 0 0 0
C@CP 3131 -0.197911667 0.130353833 -0.345418156 0 0 0
C@CP 3132 -0.203909862 0.0191924985 0.105651318 0 0 0
C@CP 3133 -0.115842644 -0.20490419 0.218880807 0 0 0
C@CP 3134 0.0390854596 -0.181252512 -0.17837418 0 0 0
C@CP 3135 -0.0672581602 0.292490721 0.313731246 0 0 0
C@CP 3136 -0.11997754 0.0076433113 0.188939645 0 0 0
C@CP 3137 -0.226378637 -0.141812588 -0.217634772 0 0 0
C@CP 3138 -0.198630628 -0.241175136 -0.268902911 0 0 0
C@CP 3139 0.329138986 -0.0393182909 -0.091071555 0 0 0
C@CP 3140 0.0126660672 -0.0669783745 -0.164508167 0 0 0
C@CP 3141 -0.184804358 -0.387281693 -0.0115833155 0 0 0
C@CP 3142 -0.147371467 -0.0019172247 0.0734413853 0 0 0
C@CP 3143 0.163685716 0.119459749 -0.0554273652 0 0 0
C@CP 3144 0.312826016 0.193491036 0.143855494 0 0 0
C@CP 3145 0.19340021 -0.0203249744 -0.0150541586 0 0 0
C@CP 3146 0.0579752393 -0.370757102 0.0374526244 0 0 0
C@CP 3147 -0.0507793767 -0.0534126821 -0.255314078 0 0 0
C@CP 3148 0.0230058947 0.294383693 0.37299222 0 0 0
C@CP 3149 0.341252507 -0.0858220141 -0.0713178699 0 0 0
C@CP 3150 -0.014273306 0.180189644 0.102794446 0 0 0
C@CP 3151 -0.178566457 -0.432607686 0.0292584708 0 0 0
C@CP 3152 0.134784787 -0.115969088 0.0808956221 0 0 0
C@CP 3153 -0.0719463369 0.0599327921 0.432423858 0 0 0
C@CP 3154 0.203663456 0.194081888 -0.29036436 0 0 0
C@CP 3155 0.179507041 0.0368599465 -0.370152107 0 0 0
C@CP 3156 0.0522725064 0.0531851083 0.446494558 0 0 0
C@CP 3157 0.0504585348 -0.339119189 -0.299516158 0 0 0
C@CP 3158 -0.258695128 0.372660768 -0.0472362333 0 0 0
C@CP 3159 0.102475698 -0.113164014 -0.12771837 0 0 0
C@CP 3160 0.175594079 0.180668423 0.0928689021 0 0 0
C@CP 3161 0.0761442297 -0.299160504 0.237383991 0 0 0
C@CP 3162 0.0256695747 -0.101891871 0.351015889 0 0 0
C@CP 3163 -0.324221095 0.0495198015 -0.31090471 0 0 0
C@CP 3164 0.193213094 -0.123937827 -0.204031169 0 0 0
C@CP 3165 -0.181871549 0.414959292 -0.0993897051 0 0 0
C@CP 3166 -0.186279187 0.346578721 0.0922193683 0 0 0
C@CP 3167 0.0879506725 -0.28938541 -0.125468681 0 0 0
C@CP 3168 -0.367540303 -0.221210911 -0.10660616 0 0 0
C@CP 3169 -0.168208597 -0.187481219 -0.315433693 0 0 0
C@CP 3170 0.00111871811 -0.416634546 0.179466724 0 0 0
C@CP 3171 0.0207513183 0.0928396947 0.440824738 0 0 0
C@CP 3172 -0.130345134 -0.147420312 0.227444223 0 0 0
C@CP 3173 0.253725005 -0.0917520102 -0.2734284 0 0 0
C@CP 3174 -0.0289166954 0.366741328 -0.158328232 0 0 0
C@CP 3175 0.231999679 0.175138272 -0.159930844 0 0 0
C@CP 3176 -0.0667809143 0.167259344 0.0451053854 0 0 0
C@CP 3177 0.0183292475 0.0438760647 -0.309080088 0 0 0
C@CP 3178 0.177968646 0.13093641 0.400297652 0 0 0
C@CP 3179 0.201884573 -0.226382006 -0.2553541 0 0 0
C@CP 3180 -0.388806729 0.125031183 -0.00165690704 0 0 0
C@CP 3181 0.0040070396 -0.0559206981 0.3605028 0 0 0
C@CP 3182 -0.0331651659 0.300212184 -0.0212149456 0 0 0
C@CP 3183 -0.0411769745 -0.102648837 0.156802648 0 0 0
C@CP 3184 0.0427850146 0.295164013 0.283101385 0 0 0
C@CP 3185 -0.0364760212 0.185001901 0.13263801 0 0 0
C@CP 3186 0.146542393 -0.431850125 0.0297843271 0 0 0
C@CP 3187 0.0956723372 0.171210227 -0.0478193311 0 0 0
C@CP 3188 -0.235546682 -0.0898780434 0.265995659 0 0 0
C@CP 3189 0.1313581 -0.268870463 0.292598492 0 0 0
C@CP 3190 -0.0461303389 0.261224804 0.110504019 0 0 0
C@CP 3191 -0.164308629 0.11184084 -0.300072606 0 0 0
C@CP 3192 0.0321220313 -0.427559729 -0.125104293 0 0 0
C@CP 3193 0.0568701207 -0.24060295 -0.106087464 0 0 0
C@CP 3194 -0.239326479 -0.281887762 0.197925582 0 0 0
C@CP 3195 0.298905491 -0.0270750188 0.0575482895 0 0 0
C@CP 3196 0.0474974988 0.124778528 0.339844105 0 0 0
C@CP 3197 -0.229004607 0.165242998 -0.342354328 0 0 0
C@CP 3198 -0.125430029 -0.374270105 0.0318064481 0 0 0
C@CP 3199 0.29927592 0.0716247957 -0.125878499 0 0 0
C@CP 3200 -0.269921972 -0.146170388 -0.00262811224 0 0 0
C@CP 3201 -0.0665667686 -0.282702752 -0.363277787 0 0 0
C@CP 3202 -0.155515364 -0.066041205 -0.0422119481 0 0 0
C@CP 3203 -0.0895215938 -0.144566927 -0.107421347 0 0 0
C@CP 3204 -0.262482216 0.407432794 -0.0240566865 0 0 0
C@CP 3205 -0.0130412451 -0.302288502 -0.134111169 0 0 0
C@CP 3206 -0.174249774 0.0584454504 -0.363660854 0 0 0
C@CP 3207 -0.151961446 0.150349612 0.272917119 0 0 0
C@CP 3208 0.175984856 0.345304834 -0.123183338 0 0 0
C@CP 3209 -0.294226672 0.185582841 0.134467072 0 0 0
C@CP 3210 0.208203983 -0.158103991 0.342988429 0 0 0
C@CP 3211 -0.377937406 0.0883891382 0.189952306 0 0 0
C@CP 3212 -0.0569762515 0.32244043 0.20060037 0 0 0
C@CP 3213 0.0860043771 -0.108466093 0.0125521837 0 0 0
C@CP 3214 -0.0846442266 0.00116907967 -0.429094779 0 0 0
C@CP 3215 -0.404457066 0.0477561521 -0.0941448898 0 0 0
C@CP 3216 0.0651742729 -0.0985478441 0.150941253 0 0 0
C@CP 3217 0.297976792 -0.162878925 -0.325359325 0 0 0
C@CP 3218 -0.0220424079 -0.0799536 -0.299535432 0 0 0
C@CP 3219 0.197279358 -0.317495224 0.0443589739 0 0 0
C@CP 3220 0.241482194 0.151334323 -0.193388654 0 0 0
C@CP 3221 0.0745729567 0.0641857259 -0.36406895 0 0 0
C@CP 3222 -0.132287903 0.151081732 0.377957097 0 0 0
C@CP 3223 0.21490523 -0.022504174 -0.389444768 0 0 0
C@CP 3224 -0.345775762 0.0950126706 0.169853288 0 0 0
C@CP 3225 0.22884661 -0.0696754831 0.0781001395 0 0 0
C@CP 3226 0.297228274 -0.178322005 0.176022483 0 0 0
C@CP 3227 -0.315023816 -0.272624946 -0.0148644307 0 0 0
C@CP 3228 -0.336798266 -0.0451269724 -0.141349202 0 0 0
C@CP 3229 -0.271768583 0.327010935 0.118189086 0 0 0
C@CP 3230 -0.0154074486 0.00411744266 -0.221035331 0 0 0
C@CP 3231 -0.0871423417 -0.302364049 -0.31378906 0 0 0
C@CP 3232 0.347138052 0.218775061 0.0418832097 0 0 0
C@CP 3233 -0.0778483072 -0.117510777 0.231874005 0 0 0
C@CP 3234 -0.251986052 0.242086788 -0.0664815669 0 0 0
C@CP 3235 0.441698499 -0.125190453 0.0402185113 0 0 0
C@CP 3236 0.0853093418 0.18797427 0.230590882 0 0 0
C@CP 3237 -0.343541977 0.0441800037 0.0408374344 0 0 0
C@CP 3238 0.0601557422 0.314522228 -0.322382163 0 0 0
C@CP 3239 -0.204705153 -0.158257226 -0.11372437 0 0 0
C@CP 3240 0.137574858 0.38100318 0.230530122 0 0 0
C@CP 3241 0.00378770394 -0.28271714 -0.350292558 0 0 0
C@CP 3242 -0.191122156 0.244764522 -0.168137669 0 0 0
C@CP 3243 0.129998785 0.30775449 0.183671602 0 0 0
C@CP 3244 -0.0791893854 -0.198840621 -0.212994802 0 0 0
C@CP 3245 0.236675325 0.17585628 -0.276228803 0 0 0
C@CP 3246 0.0997821489 0.363497141 -0.020305363 0 0 0
C@CP 3247 0.0795924631 0.0325959845 0.460027953 0 0 0
C@CP 3248 0.174085551 -0.206288125 -0.250149911 0 0 0
C@CP 3249 -0.370179572 0.0967161358 0.0333007247 0 0 0
C@CP 3250 0.0949865551 -0.11091508 0.103419945 0 0 0
C@CP 3251 0.0547749903 -0.142629731 0.000241996448 0 0 0
C@CP 3252 0.148880733 -0.0195042461 -0.114485507 0 0 0
C@CP 3253 0.232585194 -0.171619058 -0.0450319496 0 0 0
C@CP 3254 -0.15607717 -0.424359093 0.0565355994 0 0 0
C@CP 3255 -0.100578688 -0.0290622704 -0.0895396326 0 0 0
C@CP 3256 0.282037734 0.157211518 -0.0537536015 0 0 0
C@CP 3257 0.157547693 -0.133135946 -0.135476278 0 0 0
C@CP 3258 -0.199604951 0.271418965 0.21200403 0 0 0
C@CP 3259 0.0722027855 -0.202548612 0.312887581 0 0 0
C@CP 3260 0.207759029 0.141503928 0.0871812713 0 0 0
C@CP 3261 0.185143497 0.127774538 0.00471466996 0 0 0
C@CP 3262 -0.0504658102 -0.0837328988 -0.118944276 0 0 0
C@CP 3263 -0.133035353 0.292990961 -0.111253057 0 0 0
C@CP 3264 0.305210316 0.0567379241 0.00592912469 0 0 0
C@CP 3265 -0.261861293 -0.0759628356 0.132224118 0 0 0
C@CP 3266 0.240035777 0.228326957 0.149868632 0 0 0
C@CP 3267 0.195281028 0.0157279553 -0.277998494 0 0 0
C@CP 3268 -0.135206738 -0.0195947119 -0.272835956 0 0 0
C@CP 3269 -0.043216973 -0.110738097 -0.284326667 0 0 0
C@CP 3270 -0.0650930632 0.384273061 -0.00152918122 0 0 0
C@CP 3271 -0.222355592 0.194863928 -0.278027962 0 0 0
C@CP 3272 -0.0591486757 -0.194471093 -0.158380842 0 0 0
C@CP 3273 -0.151448131 0.109799504 -0.211311901 0 0 0
C@CP 3274 0.102342764 0.197024075 -0.246295983 0 0 0
C@CP 3275 0.155093499 0.335865175 -0.196447476 0 0 0
C@CP 3276 0.175877732 -0.248063834 -0.234101442 0 0 0
C@CP 3277 -0.222181465 0.21390459 0.0577563916 0 0 0
C@CP 3278 0.136676916 -0.025453188 -0.221731487 0 0 0
C@CP 3279 -0.234534246 -0.260900764 -0.0743386879 0 0 0
C@CP 3280 0.284593337 0.0337996576 0.0061819162 0 0 0
C@CP 3281 0.235361499 -0.0546200103 -0.14025382 0 0 0
C@CP 3282 0.289856656 0.121803628 0.0842419812 0 0 0
C@CP 3283 0.176491162 0.378435913 -0.201897681 0 0 0
C@CP 3284 -0.140082862 0.164451128 -0.114957452 0 0 0
C@CP 3285 0.116330714 -0.295660265 -0.147317166 0 0 0
C@CP 3286 -0.0677096542 -0.248507398 0.195744753 0 0 0
C@CP 3287 -0.0686433474 -0.0338015721 0.111150695 0 0 0
C@CP 3288 -0.289312371 -0.127274324 -0.00985615122 0 0 0
C@CP 3289 -0.0453701224 0.144304687 0.220281913 0 0 0
C@CP 3290 -0.0342480829 -0.303416515 -0.352500505 0 0 0
C@CP 3291 -0.230940653 0.121626836 0.346597942 0 0 0
C@CP 3292 0.17732893 0.360254163 0.0789986102 0 0 0
C@CP 3293 -0.303658599 -0.0524035213 -0.137553918 0 0 0
C@CP 3295 -0.127520495 -0.105297572 -0.204645543 0 0 0
C@CP 3296 -0.011572705 -0.370359029 0.17054688 0 0 0
C@CP 3297 -0.329742429 -0.149973102 -0.156714773 0 0 0
C@CP 3298 0.276209953 -0.193484811 -0.230936421 0 0 0
C@CP 3299 -0.207042302 -0.0243021976 -0.23530807 0 0 0
C@CP 3300 0.326681389 -0.0515715191 -0.309068788 0 0 0
C@CP 3301 -0.149131269 0.0232610772 -0.0458652935 0 0 0
C@CP 3302 -0.173310584 -0.0817761196 0.285066601 0 0 0
C@CP 3303 0.414809168 0.0407824228 0.194406405 0 0 0
C@CP 3304 -0.188346708 0.0829634323 -0.154838703 0 0 0
C@CP 3305 -0.21510158 -0.340900165 -0.0346009718 0 0 0
C@CP 3306 -0.188282341 -0.196371441 0.117082278 0 0 0
C@CP 3307 0.0436576249 -0.289581768 0.241957112 0 0 0
C@CP 3308 0.0621028378 -0.155614687 -0.367234681 0 0 0
C@CP 3309 0.402004403 -0.0389611 -0.243575008 0 0 0
C@CP 3310 0.0543167186 -0.329711542 -0.272964365 0 0 0
C@CP 3311 -0.228807084 -0.206010072 0.18262533 0 0 0
C@CP 3312 -0.00724894911 -0.320970367 0.0733397699 0 0 0
C@CP 3313 -0.0674020503 -0.0336977034 -0.0169514555 0 0 0
C@CP 3314 0.0171161606 -0.00510742102 -0.0573584182 0 0 0
C@CP 3315 -0.357034115 0.0610571503 0.118731626 0 0 0
C@CP 3316 0.0804675548 0.111364146 0.194108785 0 0 0
C@CP 3317 -0.0297210605 -0.249138106 -0.332368582 0 0 0
C@CP 3318 -0.0303787257 -0.209892227 -0.0767188303 0 0 0
C@CP 3319 0.323043439 0.217795319 -0.227961064 0 0 0
C@CP 3320 -0.228774577 0.112035455 -0.219105892 0 0 0
C@CP 3321 0.367583443 0.0424461892 -0.0876256375 0 0 0
C@CP 3322 -0.0572740681 -0.141398309 0.268948442 0 0 0
C@CP 3323 -0.305972017 -0.200880639 -0.211196824 0 0 0
C@CP 3324 -0.265616486 -0.0351407605 -0.0859272194 0 0 0
C@CP 3325 0.0649208193 0.412346207 0.0928990132 0 0 0
C@CP 3326 -0.193607068 -0.292611814 -0.181955766 0 0 0
C@CP 3327 0.337892426 -0.109816906 -0.227088254 0 0 0
C@CP 3328 0.315657044 0.101497892 -0.201296163 0 0 0
C@CP 3329 -0.199272194 0.21513568 -0.220160196 0 0 0
C@CP 3330 0.211734005 0.297188082 0.215476681 0 0 0
C@CP 3331 -0.0882853855 -0.169716656 -0.167487263 0 0 0
C@CP 3332 -0.208528811 -0.176592767 0.219093266 0 0 0
C@CP 3333 0.0289589221 0.36748017 0.250677324 0 0 0
C@CP 3334 -0.23774008 0.226109034 0.0354851056 0 0 0
C@CP 3335 -0.0951098397 -0.000645201155 0.341662645 0 0 0
C@CP 3336 -0.053020987 0.0159399953 0.0483125014 0 0 0
C@CP 3337 -0.0084207054 0.0406102783 -0.471493356 0 0 0
C@CP 3338 -0.361360599 -0.0138348251 0.280971911 0 0 0
C@CP 3339 -0.0836801637 -0.430518996 0.032134467 0 0 0
C@CP 3340 -0.105682422 0.357228387 -0.192670615 0 0 0
C@CP 3341 -0.297132899 0.236799807 -0.186923581 0 0 0
C@CP 3342 -0.269859525 0.121038374 -0.0649544084 0 0 0
C@CP 3343 -0.35321594 -0.0471506838 0.280513234 0 0 0
C@CP 3344 0.266051735 -0.162847243 0.187834832 0 0 0
C@CP 3345 0.447572687 0.0556877254 -0.0905450058 0 0 0
C@CP 3346 -0.381393508 -0.0225434053 -0.148611308 0 0 0
C@CP 3347 -0.265386223 -0.146618954 -0.345961958 0 0 0
C@CP 3348 0.0849034708 0.0936799183 -0.37069632 0 0 0
C@CP 3349 -0.304983881 -0.334549809 0.0688750086 0 0 0
C@CP 3350 0.16768541 0.263954291 0.188937071 0 0 0
C@CP 3351 -0.234103455 0.0471550428 0.088068319 0 0 0
C@CP 3352 -0.00461026747 -0.359549617 0.109492559 0 0 0
C@CP 3353 0.225514494 -0.329726195 0.120732366 0 0 0
C@CP 3354 0.251175708 -0.28715283 0.247958314 0 0 0
C@CP 3355 -0.0271727499 0.114839928 -0.159054102 0 0 0
C@CP 3356 -0.410153615 -0.059953002 0.112509487 0 0 0
C@CP 3357 -0.0314136209 0.201885061 0.00967810924 0 0 0
C@CP 3358 -0.10668595 -0.436380023 0.00950628437 0 0 0
C@CP 3359 -0.186124246 0.190446843 0.120011406 0 0 0
C@CP 3360 0.253798675 0.209353914 0.135131952 0 0 0
C@CP 3361 -0.245721769 0.0168785213 0.321352966 0 0 0
C@CP 3362 -0.278183867 -0.100481527 0.166608139 0 0 0
C@CP 3363 0.261074005 0.37558439 0.0260154557 0 0 0
C@CP 3364 -0.145209029 0.286465917 0.331398165 0 0 0
C@CP 3365 0.130572963 0.220355414 0.391403709 0 0 0
C@CP 3366 0.0594955249 0.26457389 -0.366041186 0 0 0
C@CP 3367 0.0207311556 -0.195951986 -0.0594436531 0 0 0
C@CP 3368 0.0159286885 0.0227333433 -0.107309081 0 0 0
C@CP 3369 -0.255136314 0.0454272814 -0.313180413 0 0 0
C@CP 3370 -0.045707934 0.378930054 -0.137129769 0 0 0
C@CP 3371 -0.139210651 0.33611123 -0.100153503 0 0 0
C@CP 3372 -0.0127951677 -0.314103391 -0.279814965 0 0 0
C@CP 3373 0.117082218 0.210519539 0.291996099 0 0 0
C@CP 3374 -0.02128526 0.353159854 -0.075434535 0 0 0
C@CP 3375 -0.0552872204 0.064110333 0.382441847 0 0 0
C@CP 3376 -0.161225319 -0.288405033 -0.32366322 0 0 0
C@CP 3377 -0.0924686507 -0.245962413 -0.317678578 0 0 0
C@CP 3378 0.0127736246 -0.362652675 -0.0957315379 0 0 0
C@CP 3379 -0.0230593794 0.280208092 0.139012994 0 0 0
C@CP 3380 -0.110747595 0.289376139 -0.350759426 0 0 0
C@CP 3381 0.0597439132 0.264325649 0.31995966 0 0 0
C@CP 3382 0.139779301 0.165299601 0.059722807 0 0 0
C@CP 3383 -0.0736862932 0.153763576 0.272762071 0 0 0
C@CP 3384 -0.288600245 -0.0126645805 -0.284927169 0 0 0
C@CP 3385 -0.0838140479 -0.137419341 0.134508355 0 0 0
C@CP 3386 0.244168187 0.259524108 0.0931522921 0 0 0
C@CP 3387 0.128824899 -0.09318385 0.34605205 0 0 0
C@CP 3388 -0.22880343 -0.100343625 -0.330288208 0 0 0
C@CP 3389 -0.221963681 -0.24847622 -0.111443098 0 0 0
C@CP 3390 0.0625693945 0.149137837 -0.383101469 0 0 0
C@CP 3391 0.0676804225 0.030844591 -0.28557502 0 0 0
C@CP 3392 0.00396656646 -0.228056233 -0.363811083 0 0 0
C@CP 3393 -0.0712562068 0.429931853 0.0878453248 0 0 0
C@CP 3394 -0.364899483 -0.226341825 -0.0160365129 0 0 0
C@CP 3395 -0.138114754 9.12210201e-05 -0.113520928 0 0 0
C@CP 3396 0.197853034 0.0482679602 -0.272412464 0 0 0
C@CP 3397 -0.420370633 -0.0726923882 -0.188150512 0 0 0
C@CP 3398 -0.087174991 0.264165325 -0.0606255999 0 0 0
C@CP 3399 -0.0087639563 -0.360163576 -0.200825815 0 0 0
C@CP 3400 0.153676379 0.102672227 0.166550875 0 0 0
C@CP 3401 0.121848069 0.11737467 0.0951895164 0 0 0
C@CP 3402 -0.251624015 0.0427829277 -0.0146930155 0 0 0
C@CP 3403 0.226845036 0.295583164 0.260712095 0 0 0
C@CP 3404 -0.283461755 -0.247323553 -0.100375015 0 0 0
C@CP 3405 -0.244952585 -0.150445855 -0.23683638 0 0 0
C@CP 3406 0.108978015 0.0880769217 0.0970944816 0 0 0
C@CP 3407 0.385898434 -0.0817067427 0.170213171 0 0 0
C@CP 3408 -0.410398033 0.00700912651 0.253871358 0 0 0
C@CP 3409 -0.0631512914 0.135441873 0.0739507432 0 0 0
C@CP 3410 0.00375596506 0.067252973 0.0960296961 0 0 0
C@CP 3411 0.41263561 0.195869683 -0.025984663 0 0 0
C@CP 3412 0.0403841036 0.203779319 -0.232420252 0 0 0
C@CP 3413 0.232442936 -0.0211417986 0.354942132 0 0 0
C@CP 3414 -0.0689184035 -0.333050863 -0.193791414 0 0 0
C@CP 3415 -0.248683708 0.378149607 -0.00718582722 0 0 0
C@CP 3416 0.21511919 -0.00790474099 0.337543815 0 0 0
C@CP 3417 0.161098092 0.0627762808 -0.135281383 0 0 0
C@CP 3418 0.169833628 0.111232558 -0.0165523441 0 0 0
C@CP 3419 0.047272788 0.373447007 -0.216368434 0 0 0
C@CP 3420 0.082263792 -0.0402625502 0.0740429732 0 0 0
C@CP 3421 -0.130831468 -0.411870609 0.208301578 0 0 0
C@CP 3422 -0.0846946116 0.194923889 0.341214704 0 0 0
C@CP 3423 -0.0318471662 -0.416202357 0.0462311145 0 0 0
C@CP 3424 0.0176620272 -0.099566139 -0.164202533 0 0 0
C@CP 3425 -0.084135172 0.108850946 0.421386488 0 0 0
C@CP 3426 -0.414664633 0.205651036 0.124365454 0 0 0
C@CP 3427 0.0519096725 0.178826139 -0.306516103 0 0 0
C@CP 3428 0.0324018104 -0.140893293 -0.342111078 0 0 0
C@CP 3429 -0.271374867 0.00238493107 0.284803158 0 0 0
C@CP 3430 -0.140107459 0.340633517 -0.00962726018 0 0 0
C@CP 3431 0.202567535 -0.403003725 0.0166124782 0 0 0
C@CP 3432 -0.252486404 -0.256373822 0.285619729 0 0 0
C@CP 3433 -0.401734152 -0.171171635 0.0405117041 0 0 0
C@CP 3434 -0.137048804 -0.0545500514 0.213408663 0 0 0
C@CP 3435 0.376528374 0.160075783 -0.0908907048 0 0 0
C@CP 3436 0.427137441 -0.0743661095 -0.0596905633 0 0 0
C@CP 3437 0.357666183 0.00396417604 0.011776022 0 0 0
C@CP 3438 -0.165531443 0.366398776 0.1322842 0 0 0
C@CP 3439 -0.399110288 0.0041764539 -0.0269743969 0 0 0
C@CP 3440 -0.226673132 -0.223966611 -0.154309812 0 0 0
C@CP 3441 0.329852773 0.0274334029 -0.0254584595 0 0 0
C@CP 3442 -0.00744710668 -0.177708732 0.233506274 0 0 0
C@CP 3443 -0.0561396691 -0.263224781 -0.0169662079 0 0 0
C@CP 3444 0.104048706 -0.361554148 -0.073279168 0 0 0
C@CP 3445 -0.211173572 0.0162123895 -0.302539045 0 0 0
C@CP 3446 -0.258104003 0.167555937 0.136629619 0 0 0
C@CP 3447 -0.00737451722 -0.225720283 -0.382827085 0 0 0
C@CP 3448 0.277174975 0.0718163569 0.232793656 0 0 0
C@CP 3449 -0.213890055 -0.311598489 -0.0437416876 0 0 0
C@CP 3450 -0.252070424 -0.0680885101 -0.0545645018 0 0 0
C@CP 3451 -0.370931801 0.243912415 -0.0727752814 0 0 0
C@CP 3452 -0.216200176 0.302317856 0.273141424 0 0 0
C@CP 3453 -0.0788769657 -0.00816589244 0.413835023 0 0 0
C@CP 3454 0.3262089 0.113543556 0.0385615373 0 0 0
C@CP 3455 -0.026080266 -0.184466729 0.0374004858 0 0 0
C@CP 3456 -0.276604157 -0.038488276 0.133867115 0 0 0
C@CP 3457 -0.338704236 0.0893294817 -0.205042243 0 0 0
C@CP 3458 0.296493055 0.0471245499 0.0602319898 0 0 0
C@CP 3459 0.34804133 -0.189672939 0.0594411342 0 0 0
C@CP 3460 -0.10313389 0.123747495 -0.0587779276 0 0 0
C@CP 3461 -0.453774253 -0.0577164552 -0.00850287079 0 0 0
C@CP 3462 -0.165413325 -0.282635402 0.0938193384 0 0 0
C@CP 3463 0.356933199 0.0520867595 0.129272156 0 0 0
C@CP 3464 -0.0319861505 0.273805253 -0.19024088 0 0 0
C@CP 3465 -0.0227150957 0.327466661 -0.335117989 0 0 0
C@CP 3466 -0.241350734 0.195709182 0.00375761561 0 0 0
C@CP 3467 0.00704878032 -0.274664079 0.0509207165 0 0 0
C@CP 3468 0.350904483 0.00172553411 0.0325100505 0 0 0
C@CP 3469 -0.445173933 -0.0983679903 -0.0690094462 0 0 0
C@CP 3470 -0.248321445 -0.123188205 0.171630195 0 0 0
C@CP 3471 -0.148043577 0.34379332 -0.155115536 0 0 0
C@CP 3472 0.340313743 0.241764872 0.143805056 0 0 0
C@CP 3473 0.144948054 -0.143140684 0.179365173 0 0 0
C@CP 3474 0.394181575 0.0132252545 0.225017785 0 0 0
C@CP 3475 0.383679789 -0.123195284 -0.231686558 0 0 0
C@CP 3476 -0.199450358 0.328423533 0.167245745 0 0 0
C@CP 3477 -0.173817399 -0.280197386 0.232856312 0 0 0
C@CP 3478 -0.40527246 -0.0777782985 -0.166527995 0 0 0
C@CP 3479 -0.0927158813 0.270148977 0.195926599 0 0 0
C@CP 3480 -0.118774871 -0.205326598 0.0274096396 0 0 0
C@CP 3481 0.0687006436 0.170813097 -0.0318370621 0 0 0
C@CP 3482 -0.111702606 0.243552984 -0.151108283 0 0 0
C@CP 3483 -0.119085235 0.280239062 0.117768394 0 0 0
C@CP 3484 -0.303966597 -0.119493414 0.216705606 0 0 0
C@CP 3485 0.26618113 0.193888397 0.259525638 0 0 0
C@CP 3486 0.0984328943 0.270617181 -0.355370881 0 0 0
C@CP 3487 -0.0984667862 -0.262267321 -0.106646767 0 0 0
C@CP 3488 -0.0372663688 0.141681187 0.178535608 0 0 0
C@CP 3489 0.284919822 0.357498925 0.061562253 0 0 0
C@CP 3490 0.456913847 0.038111185 -0.101141256 0 0 0
C@CP 3491 0.0498511196 0.177933604 0.215927755 0 0 0
C@CP 3492 0.0592410035 -0.241116897 0.0963034769 0 0 0
C@CP 3493 0.046853663 0.0223107507 -0.381432848 0 0 0
C@CP 3494 -0.369141406 0.127336898 -0.120382411 0 0 0
C@CP 3495 0.143856855 0.183519713 -0.384812912 0 0 0
C@CP 3496 -0.388236022 -0.0901826045 0.120798414 0 0 0
C@CP 3497 0.115743636 0.118144849 -0.361022074 0 0 0
B@CP 3499 -0.418676125 -0.129936335 0.103643733 0 0 0
C@CP 3500 -0.273710659 -0.232826363 0.242058573 0 0 0
C@CP 3501 -0.0452142355 0.0430334385 -0.416764248 0 0 0
C@CP 3502 -0.353734486 -0.0139901756 -0.261685525 0 0 0
B@CP 3504 0.211423438 -0.205432193 0.216973056 0 0 0
C@CP 3505 0.394834328 0.190866072 0.16151336 0 0 0
