B@CP 1004 0.0683664171 0.315698065 -0.137569728 0 0 0
B@CP 1005 0.4607936 -0.0544395202 -0.0709187501 0 0 0
B@CP 1008 0.385567527 0.153953526 -0.211926646 0 0 0
B@CP 1014 -0.00399183882 -0.0527311307 0.450349745 0 0 0
B@CP 1018 -0.133455597 -0.065642678 -0.238881075 0 0 0
B@CP 1020 0.331961434 -0.00953913035 -0.0916869947 0 0 0
B@CP 1025 0.14059553 -0.0852003507 0.184202257 0 0 0
B@CP 1026 0.246915672 0.172456448 0.314886022 0 0 0
B@CP 1032 0.0507884751 -0.0802916171 -0.397919658 0 0 0
B@CP 1033 -0.280411895 0.194887076 0.025670468 0 0 0
B@CP 1034 -0.300926184 -0.161431325 -0.191612334 0 0 0
B@CP 1036 0.222019134 0.266438355 0.0251735253 0 0 0
B@CP 1040 -0.202774747 0.29268446 -0.226581308 0 0 0
B@CP 1041 0.233026364 -0.244011334 -0.00219583253 0 0 0
B@CP 1042 -0.00348657803 0.201878769 -0.267802666 0 0 0
B@CP 1045 0.0582802959 0.375367678 -0.119184166 0 0 0
B@CP 1046 0.0715488214 -0.344533426 0.00764701157 0 0 0
B@CP 1047 0.117554 0.0948341517 -0.269532525 0 0 0
B@CP 1055 0.0457089915 0.228275086 0.394849582 0 0 0
B@CP 1056 -0.0986428509 0.133189634 -0.165598456 0 0 0
B@CP 1059 0.261337916 -0.118048381 -0.0917923721 0 0 0
B@CP 1063 -0.0166530984 0.331805218 0.050886216 0 0 0
B@CP 1065 0.354878709 -0.259312539 -0.050956741 0 0 0
B@CP 1066 0.0405374395 -0.309368901 -0.11635911 0 0 0
B@CP 1068 0.00732699534 -0.0270769616 0.170949118 0 0 0
B@CP 1069 0.0488747003 0.0212944601 0.387602917 0 0 0
B@CP 1070 0.248704344 0.10523429 -0.0666758965 0 0 0
B@CP 1077 0.316037962 0.176798976 0.173916746 0 0 0
B@CP 1080 0.149060977 0.29758127 0.293880508 0 0 0
B@CP 1083 0.394334855 -0.00702643533 0.119171184 0 0 0
B@CP 1084 0.232148613 -0.0178971425 0.0842516957 0 0 0
B@CP 1085 0.0244120718 0.0920096075 -0.462275101 0 0 0
B@CP 1089 0.279044497 0.0310701113 -0.0590397335 0 0 0
B@CP 1091 -0.0744724794 0.220851757 -0.090554724 0 0 0
B@CP 1092 -0.105248611 0.0126369372 0.31265091 0 0 0
B@CP 1093 -0.0759964321 0.299027142 -0.0139093648 0 0 0
B@CP 1094 0.0852132807 -0.38705198 0.192333982 0 0 0
B@CP 1099 -0.211481912 -0.357035218 0.0461880825 0 0 0
B@CP 1100 0.26426699 0.130571553 -0.214002315 0 0 0
B@CP 1104 -0.238299262 -0.324001263 0.117030214 0 0 0
B@CP 1105 0.220369832 -0.222990973 0.0518852369 0 0 0
B@CP 1106 -0.170711676 -0.283766425 -0.261541776 0 0 0
B@CP 1107 -0.311268691 -0.216108646 0.167557433 0 0 0
B@CP 1109 0.270898542 0.0647028955 0.230328607 0 0 0
B@CP 1110 0.295319112 0.297928947 0.169945246 0 0 0
B@CP 1117 0.111681813 0.00166564817 -0.265940801 0 0 0
B@CP 1118 0.313892528 0.331109875 -0.0379412847 0 0 0
B@CP 1121 0.109838096 0.0413199394 0.00529956083 0 0 0
B@CP 1122 -0.344378283 0.0386701136 0.155279774 0 0 0
B@CP 1123 0.119600935 -0.167647988 0.039320502 0 0 0
B@CP 1125 0.078711751 0.343096003 -0.194556166 0 0 0
B@CP 1131 0.135568325 -0.04497887 -0.364343576 0 0 0
B@CP 1139 -0.269488554 -0.218257934 0.16254228 0 0 0
B@CP 1143 -0.389927798 -0.0314227322 0.0633136874 0 0 0
B@CP 1146 -0.376274859 -0.0979118034 -0.174890866 0 0 0
B@CP 1147 0.385735656 -0.0487884845 0.0992735475 0 0 0
B@CP 1149 -0.109420295 0.199694821 0.0202100792 0 0 0
B@CP 1152 0.264841365 0.121081671 -0.319083619 0 0 0
B@CP 1154 0.279708542 0.0312246727 0.252720252 0 0 0
B@CP 1155 0.0351090885 0.256127044 -0.40283023 0 0 0
B@CP 1160 -0.10461739 0.147403188 -0.354518692 0 0 0
B@CP 1161 0.267770192 0.134995081 0.0231692547 0 0 0
B@CP 1162 -0.159807295 0.00565869369 0.40513276 0 0 0
B@CP 1163 0.100255829 0.334704551 -0.244389734 0 0 0
B@CP 1166 -0.246587558 -0.237422007 0.172988326 0 0 0
B@CP 1167 -0.199898316 -0.160912009 -0.205398923 0 0 0
B@CP 1170 -0.0448111715 -0.205103404 0.28893378 0 0 0
B@CP 1171 -0.191534038 0.161747771 -0.352911091 0 0 0
B@CP 1176 -0.0451250629 -0.379648442 0.230311674 0 0 0
B@CP 1179 -0.161692056 0.21517759 -0.273774157 0 0 0
B@CP 1185 -0.213716561 -0.0379417668 -0.251098769 0 0 0
B@CP 1186 -0.0866051245 0.184586769 0.352846935 0 0 0
B@CP 1187 0.0838178156 0.368160391 -0.241188848 0 0 0
B@CP 1188 -0.075990154 0.112692119 -0.104771417 0 0 0
B@CP 1189 0.166966827 -0.0683929477 0.122468293 0 0 0
B@CP 1190 -0.315278403 -0.195897496 0.0849940179 0 0 0
B@CP 1191 -0.141961635 -0.419765381 -0.134332663 0 0 0
B@CP 1192 -0.0680167426 0.129689933 -0.272321976 0 0 0
B@CP 1196 0.262973254 -0.237800462 -0.10718163 0 0 0
B@CP 1197 0.291335758 0.0703842501 0.29065241 0 0 0
B@CP 1206 -0.0911406805 -0.231304646 0.0406976465 0 0 0
B@CP 1211 -0.0465100504 -0.191436896 0.306152642 0 0 0
B@CP 1221 -0.280543389 -0.124034139 -0.0519925375 0 0 0
B@CP 1222 0.112347844 0.23834828 0.220557611 0 0 0
B@CP 1225 -0.167140094 0.324722338 -0.0206964635 0 0 0
B@CP 1226 -0.391996709 -0.216084912 -0.0997317478 0 0 0
B@CP 1228 0.22063913 -0.0135993597 0.36296155 0 0 0
B@CP 1229 -0.253845466 0.137486671 -0.0651051574 0 0 0
B@CP 1234 0.153911477 -0.353983684 0.100228949 0 0 0
B@CP 1237 0.428867622 -0.169888638 -0.00172827538 0 0 0
B@CP 1239 -0.158337244 0.354843561 -0.27120902 0 0 0
B@CP 1241 -0.0661350626 -0.359468252 0.227550063 0 0 0
B@CP 1242 0.259900998 0.20538862 -0.0860313803 0 0 0
B@CP 1245 -0.361627626 0.149529996 -0.185455323 0 0 0
B@CP 1248 0.158366779 -0.174804798 -0.219912792 0 0 0
B@CP 1257 -0.344930391 -0.0917618442 -0.00731880424 0 0 0
B@CP 1259 0.185496533 0.163316892 0.343569572 0 0 0
B@CP 1262 0.219509595 0.105793567 0.20007512 0 0 0
B@CP 1263 -0.00295823137 0.282469905 0.0494652116 0 0 0
B@CP 1264 0.447122906 -0.119118469 -0.0123868462 0 0 0
B@CP 1268 -0.0168922511 0.430497716 -0.0940489991 0 0 0
B@CP 1274 -0.202760553 0.0494292367 0.00111052394 0 0 0
B@CP 1275 -0.130735372 -0.0785961284 0.342653837 0 0 0
B@CP 1280 -0.380970754 0.0457210491 -0.185075459 0 0 0
B@CP 1281 0.226489316 0.293572757 0.266442059 0 0 0
B@CP 1284 0.0691241733 0.209941113 -0.154521621 0 0 0
B@CP 1285 0.183116536 -0.286563465 0.248465501 0 0 0
B@CP 1291 -0.306723159 0.0757058498 0.226411027 0 0 0
B@CP 1293 0.382864955 0.108560229 -0.190092612 0 0 0
B@CP 1299 -0.310756953 0.110033361 0.326009556 0 0 0
B@CP 1302 -0.362966677 0.113057308 0.0324647674 0 0 0
B@CP 1305 -0.182889242 0.130500065 0.311335602 0 0 0
B@CP 1306 -0.167011294 -0.142695075 -0.393428908 0 0 0
B@CP 1312 -0.111774729 -0.0587925633 -0.089589743 0 0 0
B@CP 1318 -0.0829195448 0.212805651 -0.246307274 0 0 0
B@CP 1320 -0.0935706607 0.379020151 0.229900069 0 0 0
B@CP 1323 -0.147180992 -0.088682527 0.400022849 0 0 0
B@CP 1324 -0.0288190676 0.22536002 0.257868657 0 0 0
B@CP 1326 -0.157462 0.179149846 -0.0491785227 0 0 0
B@CP 1330 -0.0524381791 0.129255881 -0.286692474 0 0 0
B@CP 1332 0.333994449 -0.263326675 -0.0492017713 0 0 0
B@CP 1335 -0.387736346 0.153315432 0.212719395 0 0 0
B@CP 1342 0.0509895316 -0.0408091718 0.233024475 0 0 0
B@CP 1343 -0.275471003 0.0437591337 -0.243610925 0 0 0
B@CP 1345 0.428107806 -0.167540157 -0.0492809213 0 0 0
B@CP 1348 0.170801468 0.0852440774 -0.292556507 0 0 0
B@CP 1354 -0.0149129588 -0.247477884 0.284638439 0 0 0
B@CP 1356 -0.0205137511 -0.295204791 0.112807647 0 0 0
B@CP 1362 0.075472563 -0.0176194216 -0.345943739 0 0 0
B@CP 1363 0.18827919 0.0979977126 -0.399642499 0 0 0
B@CP 1365 -0.0395456754 -0.0461206447 -0.0975477151 0 0 0
B@CP 1367 0.270601686 0.207515021 0.0844977922 0 0 0
B@CP 1370 0.377812927 -0.0763408384 0.0580666985 0 0 0
B@CP 1371 -0.177170955 0.155196173 -0.372009354 0 0 0
B@CP 1372 -0.287214479 0.225066167 -0.129162246 0 0 0
B@CP 1373 -0.450147715 -0.00848300526 -0.127710789 0 0 0
B@CP 1375 -0.219495386 0.380667752 -0.00975391876 0 0 0
B@CP 1379 -0.250083655 0.133446515 0.254722555 0 0 0
B@CP 1385 -0.0819359163 -0.0877088491 -0.154673465 0 0 0
B@CP 1387 0.085010106 0.10179672 0.335994833 0 0 0
B@CP 1390 0.0894353816 0.276926197 -0.202371361 0 0 0
B@CP 1391 0.168323899 0.14491622 0.186921112 0 0 0
B@CP 1393 0.0618631627 0.10875472 0.168189921 0 0 0
B@CP 1398 0.308616318 0.123199743 -0.0829510544 0 0 0
B@CP 1406 -0.0656124042 0.00498676331 0.254364887 0 0 0
B@CP 1408 0.102784599 0.122791456 0.201056755 0 0 0
B@CP 1410 0.135393104 0.0437593033 0.0277850968 0 0 0
B@CP 1416 0.194500662 -0.170037556 -0.175744153 0 0 0
B@CP 1417 -0.333881928 0.00667994548 -0.229713292 0 0 0
B@CP 1422 -0.248709986 -0.081704912 0.232536935 0 0 0
B@CP 1423 -0.290597843 -0.0199005809 0.231464502 0 0 0
B@CP 1424 0.133124392 -0.233256252 0.0339279077 0 0 0
B@CP 1428 -0.164004212 -0.239782476 -0.0379091041 0 0 0
B@CP 1429 0.427790873 0.0296940559 -0.111181079 0 0 0
B@CP 1433 -0.299379535 -0.150713565 0.227541446 0 0 0
B@CP 1434 0.367024123 -0.023184473 -0.0156616042 0 0 0
B@CP 1436 -0.300230305 0.0639527613 -0.0326484756 0 0 0
B@CP 1438 0.047872011 -0.163853215 -0.11293893 0 0 0
B@CP 1439 -0.0375059489 -0.171127224 -0.374557395 0 0 0
B@CP 1446 -0.334993472 -0.129733903 0.200716914 0 0 0
B@CP 1448 0.162325381 0.124088821 -0.18884088 0 0 0
B@CP 1452 -0.187447286 -0.164181961 0.0636895033 0 0 0
B@CP 1453 -0.0413596163 0.294646466 0.0181462988 0 0 0
B@CP 1454 -0.179477616 -0.0847794869 0.10070208 0 0 0
B@CP 1465 -0.347780716 -0.0728256315 -0.0755193175 0 0 0
B@CP 1466 -0.0534252886 -0.047811782 -0.261884858 0 0 0
B@CP 1470 0.233536217 0.0618920831 0.36789006 0 0 0
B@CP 1471 0.112133682 0.0743057236 -0.329337443 0 0 0
B@CP 1478 0.390545402 -0.250654334 0.138528717 0 0 0
B@CP 1481 -0.120648085 0.159128676 -0.396635721 0 0 0
B@CP 1482 -0.438639532 -0.0905616795 -0.0703224898 0 0 0
B@CP 1483 0.140752318 0.127774362 0.2038052 0 0 0
B@CP 1486 -0.168196999 -0.346687758 0.240921584 0 0 0
B@CP 1489 0.0918239004 0.0543546942 0.410688907 0 0 0
B@CP 1490 -0.122394807 -0.0772388271 -0.164676406 0 0 0
B@CP 1491 0.0107283214 0.12628564 -0.432730648 0 0 0
B@CP 1492 -0.196000662 0.161705542 -0.189802852 0 0 0
B@CP 1495 -0.238208461 -0.0504649835 -0.0142453801 0 0 0
B@CP 1500 0.0318194552 0.276044142 -0.337177021 0 0 0
B@CP 1504 -0.129846517 0.302697624 0.0607411359 0 0 0
B@CP 1505 0.0534978684 -0.0573126153 -0.0243366006 0 0 0
B@CP 1509 -0.193072399 0.341660196 0.219067516 0 0 0
B@CP 1515 -0.110308479 0.141491513 0.387850952 0 0 0
B@CP 1519 -0.0705672793 0.159073625 0.115003898 0 0 0
B@CP 1523 0.140465189 -0.28356649 -0.264725972 0 0 0
B@CP 1524 0.129643263 -0.375454625 -0.216720554 0 0 0
B@CP 1526 0.266949922 -0.332979645 -0.172827422 0 0 0
B@CP 1527 -0.333532616 -0.0426401048 0.199463687 0 0 0
B@CP 1530 0.18730166 0.00248359825 0.0407269226 0 0 0
B@CP 1534 -0.274473983 0.00580060339 0.254832415 0 0 0
B@CP 1536 0.0350250092 -0.476859864 -0.0289551029 0 0 0
B@CP 1551 0.127817041 0.134061612 -0.0938981313 0 0 0
B@CP 1552 0.420610194 0.169433796 0.00525536658 0 0 0
B@CP 1555 0.349388765 0.130152544 -0.0172316249 0 0 0
B@CP 1561 -0.205450891 0.18471822 0.138405571 0 0 0
B@CP 1567 0.350746612 -0.118931522 -0.00506952499 0 0 0
B@CP 1569 -0.0560268586 -0.071460631 0.0389972885 0 0 0
B@CP 1572 -0.0708178881 -0.148802784 0.290339075 0 0 0
B@CP 1573 0.0245099041 0.268550048 0.158043786 0 0 0
B@CP 1576 -0.395518037 0.132246164 0.151798535 0 0 0
B@CP 1580 -0.275700174 0.328558854 0.0948959662 0 0 0
B@CP 1583 0.220713787 -0.15724482 0.147049847 0 0 0
B@CP 1584 0.3289292 0.0860408121 -0.229687035 0 0 0
B@CP 1586 0.00595135144 0.135517578 -0.432477178 0 0 0
B@CP 1588 -0.0411762578 -0.195817773 0.339767684 0 0 0
B@CP 1589 0.0111007832 0.368655103 -0.000120640685 0 0 0
B@CP 1596 0.313902661 0.0610848743 0.163136836 0 0 0
B@CP 1600 0.0214892565 0.0392870174 0.132834463 0 0 0
B@CP 1606 0.0275297212 0.273755852 0.188198353 0 0 0
B@CP 1609 0.362889058 0.158261383 -0.197345956 0 0 0
B@CP 1611 0.160404852 -0.312531291 -0.297790518 0 0 0
B@CP 1613 -0.112934741 -0.337586462 0.250290678 0 0 0
B@CP 1625 0.198519078 -0.168175337 0.130640654 0 0 0
B@CP 1630 0.153905345 0.131681859 -0.0685142134 0 0 0
B@CP 1637 -0.224032891 -0.290292163 -0.205695196 0 0 0
B@CP 1638 -0.0233394683 -0.196121452 -0.147016633 0 0 0
B@CP 1642 0.29532399 -0.305337277 0.175402118 0 0 0
B@CP 1645 0.0395019482 -0.142357879 -0.0354998153 0 0 0
B@CP 1649 0.413238758 -0.0360837358 -0.0212093527 0 0 0
B@CP 1655 0.0181229494 0.106640562 0.0767233485 0 0 0
B@CP 1656 0.173056202 -0.173415415 -0.34991654 0 0 0
B@CP 1673 -0.0202835698 -0.290501684 -0.329560006 0 0 0
B@CP 1678 -0.107201067 -0.111813557 0.222643103 0 0 0
B@CP 1679 0.21249878 -0.197163661 0.156663575 0 0 0
B@CP 1681 -0.20520238 0.0928764116 -0.163942444 0 0 0
B@CP 1686 0.138843352 -0.153763357 0.270826206 0 0 0
B@CP 1690 -0.304439325 0.0530347814 -0.280870963 0 0 0
B@CP 1694 0.219094265 0.12585049 0.291425325 0 0 0
B@CP 1696 -0.104839395 0.207881714 0.340221177 0 0 0
B@CP 1697 0.417171333 -0.125577972 -0.150410155 0 0 0
B@CP 1701 -0.152534133 0.151152281 -0.0132811019 0 0 0
B@CP 1703 -0.330416775 -0.22545151 0.174621242 0 0 0
B@CP 1710 -0.0943237593 0.248743624 -0.236615614 0 0 0
B@CP 1719 -0.00141518099 -0.375845209 0.221921812 0 0 0
B@CP 1722 -0.289138542 -0.321307022 -0.0890898898 0 0 0
B@CP 1727 -0.378310365 -0.0247513955 0.284190958 0 0 0
B@CP 1733 -0.0958231643 -0.128507288 0.105989669 0 0 0
B@CP 1735 0.0779376857 -0.0582139993 0.127474282 0 0 0
B@CP 1736 0.234956335 0.128380647 -0.0900560744 0 0 0
B@CP 1739 -0.00202958008 0.126995447 -0.181612025 0 0 0
B@CP 1740 0.229737429 0.0981192437 -0.124872664 0 0 0
B@CP 1743 0.229762398 0.285656671 0.015888743 0 0 0
B@CP 1745 0.257329233 0.0742148319 0.36966815 0 0 0
B@CP 1746 0.215633954 -0.163248288 -0.244394398 0 0 0
B@CP 1747 -0.0946398039 -0.153017605 -0.0204985746 0 0 0
B@CP 1748 -0.30323954 0.0534474058 -0.242032123 0 0 0
B@CP 1751 -0.276445027 -0.208346346 -0.104608578 0 0 0
B@CP 1752 0.047456056 -0.275700535 -0.322803061 0 0 0
B@CP 1755 0.133531689 0.281932238 0.0124540379 0 0 0
B@CP 1763 0.30083417 -0.168878902 0.0741665984 0 0 0
B@CP 1774 0.020460819 -0.296474124 -0.17506272 0 0 0
B@CP 1777 0.259558072 0.218323386 0.0254013024 0 0 0
B@CP 1781 -0.294580536 0.308937747 0.070401762 0 0 0
B@CP 1789 -0.0713660605 -0.296530916 0.264510487 0 0 0
B@CP 1790 0.0230714642 -0.0615919082 0.331617797 0 0 0
B@CP 1793 -0.0320671103 -0.0609560972 -0.101055051 0 0 0
B@CP 1800 -0.145227642 0.180120439 0.324700443 0 0 0
B@CP 1802 0.24645175 0.274646268 -0.0031809089 0 0 0
B@CP 1803 0.167548828 0.248068458 -0.175130958 0 0 0
B@CP 1804 0.243563987 0.18269726 0.00569141246 0 0 0
B@CP 1807 0.233512418 -0.110936329 -0.40044645 0 0 0
B@CP 1814 0.125361316 -0.140281699 0.110910028 0 0 0
B@CP 1815 -0.226329379 -0.385035396 -0.0683654562 0 0 0
B@CP 1817 -0.00227996611 -0.391083451 -0.117534224 0 0 0
B@CP 1819 0.116854951 0.358563424 -0.290502724 0 0 0
B@CP 1822 -0.248825181 0.131154535 0.192315953 0 0 0
B@CP 1823 -0.135301865 0.218382739 -0.198318281 0 0 0
B@CP 1826 -0.27101291 -0.201577307 -0.108546653 0 0 0
B@CP 1828 0.0155773851 -0.254760799 -0.212085232 0 0 0
B@CP 1835 -0.100674006 -0.334038273 -0.205171594 0 0 0
B@CP 1836 -0.260996359 -0.0352322385 0.190395052 0 0 0
B@CP 1838 0.244341688 0.127286437 -0.133154746 0 0 0
B@CP 1840 0.112778263 0.425110601 -0.0482698973 0 0 0
B@CP 1842 -0.30974217 -0.0618917964 -0.189451397 0 0 0
B@CP 1844 0.110877593 0.10646861 0.15279234 0 0 0
B@CP 1847 0.0597639965 0.173862937 -0.415650562 0 0 0
B@CP 1848 0.137947602 0.355753991 -0.0360560883 0 0 0
B@CP 1851 0.173787024 0.217548008 0.00609838431 0 0 0
B@CP 1852 0.0812640022 0.249035275 -0.355362219 0 0 0
B@CP 1855 -0.141557933 -0.421456019 0.098417483 0 0 0
B@CP 1856 -0.0129780592 0.24521553 0.380877722 0 0 0
B@CP 1858 -0.16246993 -0.287180365 -0.18223377 0 0 0
B@CP 1861 0.0232570633 -0.0588150631 -0.438914347 0 0 0
B@CP 1862 0.365734995 0.0354945054 0.0400019112 0 0 0
B@CP 1866 -0.230662154 0.0321849799 0.026993214 0 0 0
B@CP 1870 0.313696294 -0.224573779 0.108125819 0 0 0
B@CP 1872 0.200617865 0.153530674 0.365911947 0 0 0
B@CP 1873 0.19058039 -0.308286029 -0.097428938 0 0 0
B@CP 1877 0.191362998 -0.0667920162 -0.325942545 0 0 0
B@CP 1879 0.389358641 -0.0443586393 0.0190270306 0 0 0
B@CP 1880 0.00511585094 -0.0100870003 0.489633253 0 0 0
B@CP 1881 -0.191017134 0.00176433156 0.125354083 0 0 0
B@CP 1883 -0.172880493 -0.208198007 -0.011515769 0 0 0
B@CP 1887 0.150496475 -0.0500412685 -0.390923769 0 0 0
B@CP 1890 -0.0938654263 -0.0321604123 -0.189726102 0 0 0
B@CP 1891 0.259757649 0.214885427 0.19302979 0 0 0
B@CP 1892 -0.224954118 0.193620396 0.221488205 0 0 0
B@CP 1893 0.146014576 0.220830902 -0.214908066 0 0 0
B@CP 1899 0.158802355 -0.259198663 0.177825136 0 0 0
B@CP 1901 0.172590341 0.111612996 -0.113491168 0 0 0
B@CP 1903 -0.151092249 0.0993747375 0.352471934 0 0 0
B@CP 1906 -0.424385572 -0.100637171 -0.145966411 0 0 0
B@CP 1909 0.0219690941 -0.258209034 -0.254330529 0 0 0
B@CP 1910 0.338232238 -0.102589888 -0.12496532 0 0 0
B@CP 1911 -0.264793047 0.0752603791 -0.137670135 0 0 0
B@CP 1915 0.138793898 0.191158913 -0.334782487 0 0 0
B@CP 1917 -0.0346749843 0.238374995 -0.135117978 0 0 0
B@CP 1920 0.055689506 -0.381169524 0.0381869839 0 0 0
B@CP 1921 0.232750501 0.340920784 0.128531385 0 0 0
B@CP 1922 0.0690468453 -0.0193976483 0.0766936094 0 0 0
B@CP 1925 -0.0438744145 -0.348284382 0.259350496 0 0 0
B@CP 1935 0.12594383 -0.27468782 -0.332093306 0 0 0
B@CP 1937 0.0493796056 -0.280740829 0.055884823 0 0 0
B@CP 1939 -0.380215956 -0.193383806 -0.144017838 0 0 0
B@CP 1950 0.134024932 -0.0602350151 -0.232542649 0 0 0
B@CP 1955 0.268883836 0.0236755881 0.269482629 0 0 0
B@CP 1958 0.102130609 -0.0894059737 -0.26950171 0 0 0
B@CP 1967 -0.336080206 0.0140440091 0.0980574091 0 0 0
B@CP 1970 -0.164961389 -0.100175252 0.376409987 0 0 0
B@CP 1974 0.206113852 -0.087034904 0.314914226 0 0 0
B@CP 1980 -0.0195486418 -0.405292672 -0.114422425 0 0 0
B@CP 1993 -0.29052413 0.212603376 -0.195700721 0 0 0
B@CP 1994 -0.327721803 0.232625432 0.0953996521 0 0 0
B@CP 1996 0.240341114 -0.360215409 0.0393645955 0 0 0
B@CP 1999 0.123342808 0.26943744 -0.289611385 0 0 0
B@CP 2002 -0.0347006668 0.248216213 0.165630413 0 0 0
B@CP 2005 0.0939950184 -0.0258754912 -0.115061696 0 0 0
B@CP 2013 -0.0782633403 0.355590241 -0.0785390524 0 0 0
B@CP 2019 0.169253894 0.273530745 -0.231499868 0 0 0
B@CP 2021 -0.29694802 -0.299569429 -0.10311551 0 0 0
B@CP 2022 -0.366221381 0.0135234967 0.00265823983 0 0 0
B@CP 2024 0.00297839414 0.166645134 0.00856735518 0 0 0
B@CP 2025 0.314145208 0.264761626 0.0945926557 0 0 0
B@CP 2026 -0.111257652 0.150228777 -0.0159131146 0 0 0
B@CP 2028 0.269457474 0.10262757 -0.360946335 0 0 0
B@CP 2029 0.288787176 0.308171081 -0.19697723 0 0 0
B@CP 2032 -0.0532732123 -0.173770981 0.347380164 0 0 0
B@CP 2033 0.394652049 0.102006968 -0.0896741823 0 0 0
B@CP 2034 0.0876597415 0.0273275186 -0.129683755 0 0 0
B@CP 2036 0.450586878 0.0325945404 0.0238177794 0 0 0
B@CP 2037 0.337735023 0.172536653 -0.15368045 0 0 0
B@CP 2040 0.114191369 0.0992244833 -0.437303124 0 0 0
B@CP 2042 0.341060287 0.198188796 -0.231324395 0 0 0
B@CP 2043 -0.282309183 0.265674564 0.228849952 0 0 0
B@CP 2048 0.146551504 0.0802904766 -0.207005807 0 0 0
B@CP 2050 0.178334107 0.339279215 -0.262640125 0 0 0
B@CP 2053 -0.411822999 0.144929907 0.121117825 0 0 0
B@CP 2057 0.271494837 -0.0304601176 0.0614850655 0 0 0
B@CP 2059 -0.0161816203 -0.202637363 0.180380217 0 0 0
B@CP 2060 -0.0771169794 0.309938296 0.23716888 0 0 0
B@CP 2068 -0.231527639 -0.35943519 0.0215121884 0 0 0
B@CP 2076 -0.19095025 0.0264962265 0.39548464 0 0 0
B@CP 2077 -0.121346626 0.128117254 0.174092407 0 0 0
B@CP 2078 0.11122283 0.251466523 -0.378656241 0 0 0
B@CP 2079 0.0120233184 -0.166368054 0.167488783 0 0 0
B@CP 2081 -0.434866063 0.0943178796 -0.0175294918 0 0 0
B@CP 2082 0.379708007 -0.150529086 -0.150526277 0 0 0
B@CP 2083 -0.353007223 0.0711213806 -0.0875290193 0 0 0
B@CP 2086 -0.08237703 0.127032314 -0.0599334679 0 0 0
B@CP 2087 0.066987653 -0.134980431 0.391706404 0 0 0
B@CP 2091 -0.0435652851 0.0594531992 -0.00733295601 0 0 0
B@CP 2095 -0.104155013 -0.138207247 0.177536335 0 0 0
B@CP 2103 0.0642506509 -0.116758556 -0.281159171 0 0 0
B@CP 2105 -0.307849219 0.275999451 -0.196268757 0 0 0
B@CP 2109 0.186321717 0.012123417 0.0210336824 0 0 0
B@CP 2110 -0.104558366 0.00124720879 0.454248554 0 0 0
B@CP 2111 -0.0347255163 0.232974155 0.0640512178 0 0 0
B@CP 2113 0.279705264 -0.00382292767 -0.347616918 0 0 0
B@CP 2114 0.0872172625 -0.163865714 0.173232446 0 0 0
B@CP 2115 0.0103182852 0.216420014 0.193046336 0 0 0
B@CP 2117 0.213266368 0.160104885 0.34830946 0 0 0
B@CP 2118 -0.405125723 0.081902937 -0.101866708 0 0 0
B@CP 2119 -0.276910309 -0.167309189 0.165939972 0 0 0
B@CP 2125 0.269693488 -0.235794498 -0.0883996201 0 0 0
B@CP 2127 0.160396719 0.315404745 -0.212461969 0 0 0
B@CP 2130 -0.184209165 -0.0387674125 -0.196992343 0 0 0
B@CP 2131 0.381832066 0.107560047 -0.0935746658 0 0 0
B@CP 2133 0.236130221 0.359566956 -0.00720942175 0 0 0
B@CP 2134 0.0467868925 0.229781984 -0.184917129 0 0 0
B@CP 2136 -0.154281752 -0.259293334 0.216626751 0 0 0
B@CP 2141 0.0422055646 0.084149817 -0.403749718 0 0 0
B@CP 2144 0.292550239 -0.105073179 0.276209506 0 0 0
B@CP 2145 0.00460499764 0.357361675 -0.0118943323 0 0 0
B@CP 2149 -0.321529057 0.130959462 -0.0530212512 0 0 0
B@CP 2154 0.0436426462 -0.0848459931 0.156274058 0 0 0
B@CP 2161 -0.18117328 -0.0890153892 -0.294163575 0 0 0
B@CP 2164 -0.165324674 0.356902742 0.0309292183 0 0 0
B@CP 2166 0.228521884 0.158639487 0.39007358 0 0 0
B@CP 2168 0.201408425 0.13190957 0.244746755 0 0 0
B@CP 2169 0.276286587 -0.0576561751 0.108989158 0 0 0
B@CP 2175 0.0403620724 -0.0122167818 0.457917244 0 0 0
B@CP 2177 0.178987276 0.271931294 -0.0576790627 0 0 0
B@CP 2182 -0.0431938632 0.423956893 -0.136433278 0 0 0
B@CP 2186 -0.0116615328 -0.0675782844 -0.0125462251 0 0 0
B@CP 2188 0.0201337397 -0.379839757 0.0685133729 0 0 0
B@CP 2203 0.283873196 -0.22168915 -0.120312044 0 0 0
B@CP 2205 0.187043472 0.113351641 -0.157217124 0 0 0
B@CP 2207 -0.113070694 0.3254852 0.182068699 0 0 0
B@CP 2208 -0.19983033 0.0856267822 -0.145210688 0 0 0
B@CP 2213 0.0800350377 0.262145741 -0.375630806 0 0 0
B@CP 2215 0.319172256 0.156698497 -0.0107237965 0 0 0
B@CP 2217 -0.180949936 -0.131569672 0.120127616 0 0 0
B@CP 2220 -0.116771009 0.375688261 -0.00255188471 0 0 0
B@CP 2221 -0.0556845052 0.0660503376 0.347234139 0 0 0
B@CP 2222 0.418429924 0.0901861098 0.103119665 0 0 0
B@CP 2225 0.276328796 0.141721642 -0.18089209 0 0 0
B@CP 2226 0.397026173 -0.230346541 -0.0986171583 0 0 0
B@CP 2228 0.278823769 0.0612121644 0.150454551 0 0 0
B@CP 2230 -0.154469021 -0.124232723 -0.288801083 0 0 0
B@CP 2233 0.0396079543 0.123880207 -0.230771745 0 0 0
B@CP 2234 -0.0109385637 0.0977642981 -0.225449465 0 0 0
B@CP 2248 0.0520348168 -0.357423847 0.126216651 0 0 0
B@CP 2250 -0.192490342 0.408711265 -0.140522461 0 0 0
B@CP 2251 0.134172684 -0.206137538 0.24247657 0 0 0
B@CP 2252 0.171831109 -0.0100550574 -0.353331291 0 0 0
B@CP 2254 0.185664597 0.0155268508 0.20128215 0 0 0
B@CP 2255 -0.18341745 0.395650101 0.177448804 0 0 0
B@CP 2256 -0.383243393 0.180667207 -0.0744780492 0 0 0
B@CP 2263 -0.388024005 0.102439293 0.238181205 0 0 0
B@CP 2267 -0.142697641 0.0525161006 0.062658139 0 0 0
B@CP 2271 0.00273270253 0.00103000473 -0.177836366 0 0 0
B@CP 2272 -0.333855716 -0.299004904 -0.0727371342 0 0 0
B@CP 2273 0.170060778 -0.151011332 -0.231426644 0 0 0
B@CP 2275 0.0143884111 0.267101402 0.396587828 0 0 0
B@CP 2279 -0.319408678 0.00598960261 -0.0438056474 0 0 0
B@CP 2282 0.143901214 -0.310865642 -0.112156877 0 0 0
B@CP 2284 -0.38222299 0.017166224 0.0510161218 0 0 0
B@CP 2285 -0.286437146 -0.205319579 -0.0469127333 0 0 0
B@CP 2293 -0.186873107 -0.135151968 0.273276144 0 0 0
B@CP 2299 -0.207914218 0.0749763055 0.376152802 0 0 0
B@CP 2300 -0.310981231 0.113810114 -0.0100159505 0 0 0
B@CP 2301 -0.152811351 -0.0578243697 0.0759789195 0 0 0
B@CP 2303 0.0229675064 -0.127043135 0.416449722 0 0 0
B@CP 2305 0.155101472 0.382497895 -0.246412733 0 0 0
B@CP 2309 -0.159688301 0.427468811 0.030328219 0 0 0
B@CP 2313 -0.0691930497 -0.337033439 -0.256539029 0 0 0
B@CP 2315 0.133642278 -0.38211904 -0.0897324356 0 0 0
B@CP 2320 0.196000657 -0.126770165 0.0285417799 0 0 0
B@CP 2325 0.314228241 -0.0795627991 -0.276176902 0 0 0
B@CP 2329 0.18859263 0.329330843 0.0742916451 0 0 0
B@CP 2331 0.0876153165 -0.0870048143 -0.168750454 0 0 0
B@CP 2332 0.311072767 -0.0658462814 0.218925199 0 0 0
B@CP 2333 -0.416298408 0.0176902536 0.0788973419 0 0 0
B@CP 2335 -0.109806435 -0.136204558 0.0740374487 0 0 0
B@CP 2336 -0.283941461 -0.319241865 0.0920858861 0 0 0
B@CP 2340 -0.348118247 0.126560379 0.131387719 0 0 0
B@CP 2343 -0.229823737 0.0628014469 0.0832862353 0 0 0
B@CP 2346 -0.24712022 -0.0278725752 0.150263823 0 0 0
B@CP 2348 0.174900612 0.00543845778 -0.298122937 0 0 0
B@CP 2350 -0.0895098525 -0.0837311595 0.1384316 0 0 0
B@CP 2351 -0.0678728328 -0.0774306677 0.0706317187 0 0 0
B@CP 2356 0.2100423 -0.0472385123 -0.335403619 0 0 0
B@CP 2357 0.214218615 -0.0767971252 0.409097016 0 0 0
B@CP 2359 0.0535731429 0.286075494 0.0106997051 0 0 0
B@CP 2363 -0.120039633 0.287695744 -0.185503027 0 0 0
B@CP 2365 -0.403757515 0.140031017 0.038181104 0 0 0
B@CP 2368 0.186589741 0.385730882 -0.206754421 0 0 0
B@CP 2369 -0.132502039 -0.4100179 0.0619379816 0 0 0
B@CP 2370 0.129088271 -0.196562396 0.108134929 0 0 0
B@CP 2372 -0.333186971 -0.270091449 -0.0244377119 0 0 0
B@CP 2373 -0.304997129 0.0204310159 -0.293226462 0 0 0
B@CP 2376 0.244505819 -0.0906101014 -0.304358073 0 0 0
B@CP 2381 -0.354046221 0.230093231 -0.0889667618 0 0 0
B@CP 2382 0.38656413 0.216766276 -0.0854108422 0 0 0
B@CP 2383 0.308814906 0.123936321 0.16530331 0 0 0
B@CP 2386 0.000432994188 -0.269535113 -0.192886479 0 0 0
B@CP 2388 0.161203424 0.209475466 -0.0849671614 0 0 0
B@CP 2392 -0.0774297569 -0.31123261 -0.325806409 0 0 0
B@CP 2395 -0.193568506 0.149780107 -0.0487149794 0 0 0
B@CP 2397 0.320304501 0.249001662 0.115156756 0 0 0
B@CP 2400 -0.378034486 0.119535771 -0.236873573 0 0 0
B@CP 2402 0.179999665 0.345865199 0.178459153 0 0 0
B@CP 2405 0.150727481 -0.283203303 -0.103118756 0 0 0
B@CP 2411 -0.353282439 0.0998543376 0.0555288016 0 0 0
B@CP 2413 0.181467305 -0.145369952 -0.387365248 0 0 0
B@CP 2416 -0.0655298762 -0.112742674 -0.0869947516 0 0 0
B@CP 2421 0.131360296 -0.204553864 -0.00863518031 0 0 0
B@CP 2437 -0.19282918 0.183343156 0.241959806 0 0 0
B@CP 2441 0.188161131 0.0814147159 0.364539052 0 0 0
B@CP 2456 -0.012346935 -0.34672826 -0.238625411 0 0 0
B@CP 2457 -0.168068877 0.180539458 -0.229687206 0 0 0
B@CP 2459 0.288740739 -0.260516512 0.00504969313 0 0 0
B@CP 2460 -0.0411267414 -0.264166302 0.397764497 0 0 0
B@CP 2461 0.174854927 0.415376665 0.129715503 0 0 0
B@CP 2462 0.0171609765 0.20057734 -0.365839207 0 0 0
B@CP 2467 -0.215111852 0.407361451 -0.00257538992 0 0 0
B@CP 2471 -0.270279355 -0.229276911 -0.182290216 0 0 0
B@CP 2475 0.0935026796 0.0308009641 0.262346375 0 0 0
B@CP 2477 0.0110050945 -0.345217513 0.253123981 0 0 0
B@CP 2481 -0.0913776322 -0.157946767 0.398494057 0 0 0
B@CP 2487 0.26876445 -0.0608766952 0.345376161 0 0 0
B@CP 2492 -0.282466399 0.190618495 -0.154787315 0 0 0
C@CP 2500 0.338358277 0.0486409391 0.120370424 0 0 0
C@CP 2501 -0.266594338 -0.311268888 -0.0855749148 0 0 0
C@CP 2502 0.0860247949 0.284089837 0.138891051 0 0 0
C@CP 2503 -0.0460721323 -0.230855466 -0.362042115 0 0 0
C@CP 2505 0.12551926 0.300226803 0.0363369378 0 0 0
C@CP 2506 0.246101631 -0.188539412 -0.201170316 0 0 0
C@CP 2507 -0.181143255 0.267351067 -0.00940348166 0 0 0
C@CP 2508 -0.360487629 0.0616701928 0.0419722457 0 0 0
C@CP 2509 -0.112108205 -0.124825181 -0.0749763472 0 0 0
C@CP 2510 0.244290521 -0.318823275 -0.173861382 0 0 0
C@CP 2511 -0.168425943 -0.0318496842 -0.228704322 0 0 0
C@CP 2512 -0.0827922897 0.0771376451 -0.306976929 0 0 0
C@CP 2513 0.0455183182 0.0119692515 -0.117426675 0 0 0
C@CP 2514 -0.222802491 0.103413996 -0.386323833 0 0 0
C@CP 2515 0.0260978933 0.405116021 0.0221551324 0 0 0
C@CP 2516 0.0408026968 0.166066468 0.313690121 0 0 0
C@CP 2517 -0.128343195 0.337507568 0.130045012 0 0 0
C@CP 2518 0.362296437 0.0921542827 -0.163376536 0 0 0
C@CP 2519 0.364871422 -0.165216182 -0.0633343243 0 0 0
C@CP 2520 0.369111474 -0.0485705519 0.072908626 0 0 0
C@CP 2521 0.279599425 -0.0447797465 -0.2289952 0 0 0
C@CP 2522 -0.131542064 0.00980340438 0.35779675 0 0 0
C@CP 2523 0.0871971109 -0.140168111 -0.0248406843 0 0 0
C@CP 2524 -0.220596302 0.181625992 0.222183102 0 0 0
C@CP 2525 -0.144268604 0.0376594942 -0.168225405 0 0 0
C@CP 2526 -0.0835832973 0.0463198813 -0.374422781 0 0 0
C@CP 2527 0.342313288 -0.159671227 -0.0471578058 0 0 0
C@CP 2528 0.311213913 -0.152473651 -0.3009616 0 0 0
C@CP 2529 0.338155831 -0.0812288341 0.308347213 0 0 0
C@CP 2530 0.15905504 -0.224060601 -0.229247771 0 0 0
C@CP 2531 0.164675106 -0.253441687 0.212977463 0 0 0
C@CP 2532 0.363944728 0.0407381996 -0.0101667898 0 0 0
C@CP 2533 -0.310507548 0.0496917777 0.0266880057 0 0 0
C@CP 2534 0.0314223752 0.00686934129 0.192976106 0 0 0
C@CP 2535 -0.10158563 -0.354151101 -0.0842160533 0 0 0
C@CP 2536 -0.202777502 -0.378974694 -0.017192122 0 0 0
C@CP 2537 -0.363015127 -0.0779569177 -0.18692024 0 0 0
C@CP 2538 -0.309406731 -0.108685751 0.0463702786 0 0 0
C@CP 2539 0.103965842 -0.198935971 0.390254447 0 0 0
C@CP 2540 0.13958531 -0.0613911873 -0.426633001 0 0 0
C@CP 2541 0.0483253779 -0.21072557 -0.140254934 0 0 0
C@CP 2542 0.35824681 -0.110095947 0.00227710853 0 0 0
C@CP 2543 0.0533565667 -0.462606217 -0.0595841663 0 0 0
C@CP 2544 0.0044253088 0.179966224 0.18983831 0 0 0
C@CP 2545 -0.334285475 0.32349104 -0.0658811207 0 0 0
C@CP 2546 -0.390127683 -0.0905448914 0.168966556 0 0 0
C@CP 2547 0.02337463 0.00333660634 0.469472366 0 0 0
C@CP 2548 0.0609730805 -0.0246324039 -0.0207567924 0 0 0
C@CP 2549 -0.236606576 0.331364525 0.00137520243 0 0 0
C@CP 2550 -0.260107242 -0.00471761041 0.0827175525 0 0 0
C@CP 2551 -0.0810460663 -0.310048222 0.273180628 0 0 0
C@CP 2552 0.135517345 0.0220536359 0.153370385 0 0 0
C@CP 2553 -0.186599219 -0.0540717886 -0.0915176604 0 0 0
C@CP 2554 0.0695148585 -0.0896183023 0.0897598774 0 0 0
C@CP 2555 -0.281829826 -0.0579007404 -0.0203807434 0 0 0
C@CP 2556 -0.0852843623 0.0420047854 -0.371364415 0 0 0
C@CP 2557 0.104645845 0.209462529 0.249892154 0 0 0
C@CP 2558 -0.276591454 -0.244062653 -0.238558551 0 0 0
C@CP 2559 0.212222226 0.207298779 -0.239853682 0 0 0
C@CP 2560 0.0580207351 0.202245089 0.298000641 0 0 0
C@CP 2561 0.361206961 0.0751339868 0.171864328 0 0 0
C@CP 2562 0.0674615968 -0.382288096 0.0638251548 0 0 0
C@CP 2563 0.0931870858 0.0214944405 -0.237649107 0 0 0
C@CP 2564 -0.213041986 0.277793436 -0.0107936581 0 0 0
C@CP 2565 0.396887104 -0.139145314 -0.137385544 0 0 0
C@CP 2566 -0.159931113 0.331119945 0.133876277 0 0 0
C@CP 2567 0.266334123 0.0119628047 0.00244661124 0 0 0
C@CP 2568 -0.298127409 -0.00386698551 -0.219376542 0 0 0
C@CP 2569 0.386223957 -0.0368314712 0.262255734 0 0 0
C@CP 2570 -0.0673251496 0.181922152 0.109684587 0 0 0
C@CP 2571 0.0429478672 0.256448651 0.33651655 0 0 0
C@CP 2572 -0.344653798 0.0151735201 0.00953023634 0 0 0
C@CP 2573 0.0106850299 -0.187376674 0.181160122 0 0 0
C@CP 2574 0.390920385 -0.0303164033 0.103075736 0 0 0
C@CP 2575 -0.264604093 -0.152275148 -0.169796852 0 0 0
C@CP 2576 0.135254515 -0.140215312 0.254773371 0 0 0
C@CP 2577 0.0408378139 0.1767895 0.181994967 0 0 0
C@CP 2578 -0.193289773 0.197856722 0.207920545 0 0 0
C@CP 2579 0.0164222422 0.216856686 -0.331094693 0 0 0
C@CP 2580 -0.0468662144 0.0318120785 -0.152534578 0 0 0
C@CP 2581 0.201547716 -0.192385598 -0.21993712 0 0 0
C@CP 2582 -0.117756399 -0.133431433 0.0826603178 0 0 0
C@CP 2583 0.397439257 -0.105178783 0.0259662697 0 0 0
C@CP 2584 -0.114590354 -0.267277938 -0.279036501 0 0 0
C@CP 2585 0.332422104 0.307761913 -0.108717171 0 0 0
C@CP 2586 0.106518586 0.300004533 0.331876862 0 0 0
C@CP 2587 -0.0504516586 -0.324280564 0.177857649 0 0 0
C@CP 2588 0.158959385 0.0683746143 -0.144889522 0 0 0
C@CP 2589 -0.144436364 -0.347971888 0.176919143 0 0 0
C@CP 2590 0.0987385412 -0.121851835 0.0895913922 0 0 0
C@CP 2591 -0.175630806 0.187232374 0.1422728 0 0 0
C@CP 2592 0.140960678 0.0815533388 -0.0299733548 0 0 0
C@CP 2593 -0.00435046589 0.255186976 -0.373591176 0 0 0
C@CP 2594 -0.0513480217 0.292433155 0.216701754 0 0 0
C@CP 2595 -0.118492622 -0.376388917 -0.151168226 0 0 0
C@CP 2596 -0.0258774515 -0.354773051 0.131315196 0 0 0
C@CP 2597 0.16681332 0.072081698 -0.324556197 0 0 0
C@CP 2598 -0.142735744 -0.2668555 0.000598614799 0 0 0
C@CP 2599 -0.0520335595 -0.0591214752 -0.0839523815 0 0 0
C@CP 2600 0.126076397 -0.0131822064 -0.0483160558 0 0 0
C@CP 2601 0.0977245926 -0.0587379543 -0.129543775 0 0 0
C@CP 2602 -0.0594893946 -0.30864696 -0.31901215 0 0 0
C@CP 2603 0.289883337 -0.373578178 -0.055292879 0 0 0
C@CP 2604 0.324693342 -0.120924579 -0.060541857 0 0 0
C@CP 2605 -0.171935496 -0.0786892793 -0.0384493192 0 0 0
C@CP 2606 -0.23411245 -0.240928705 0.261175426 0 0 0
C@CP 2607 0.0973883875 -0.390645298 0.165013738 0 0 0
C@CP 2608 -0.274866592 0.320676054 -0.0371608831 0 0 0
C@CP 2609 -0.269963396 0.312850484 -0.10207308 0 0 0
C@CP 2610 0.129081504 -0.455951904 0.0034691563 0 0 0
C@CP 2611 -0.196265227 -0.283490077 -0.071109831 0 0 0
C@CP 2612 -0.238147334 0.0261465749 -0.179654998 0 0 0
C@CP 2613 -0.214195192 -0.360227139 -0.0654194769 0 0 0
C@CP 2614 0.294000977 0.136441449 0.258097995 0 0 0
C@CP 2615 0.173737937 -0.0726154651 -0.0667630751 0 0 0
C@CP 2616 -0.0589878404 0.400970119 0.137019787 0 0 0
C@CP 2617 0.266562321 0.118335138 0.0481637215 0 0 0
C@CP 2618 -0.258060869 -0.10690331 -0.277034252 0 0 0
C@CP 2619 -0.17111047 -0.177123556 -0.0660445561 0 0 0
C@CP 2620 -0.0429894172 0.302261012 0.0304697761 0 0 0
C@CP 2621 0.320521688 0.0322437574 0.275968461 0 0 0
C@CP 2622 -0.246536063 -0.0433703437 -0.349357298 0 0 0
C@CP 2623 0.409132184 0.11642092 0.208035162 0 0 0
C@CP 2624 0.245926662 0.10134786 0.262270931 0 0 0
C@CP 2625 0.119338715 0.00983448492 0.0174574384 0 0 0
C@CP 2626 0.274360178 -0.0191714926 -0.0207429993 0 0 0
C@CP 2627 0.322871027 0.101151854 0.210637914 0 0 0
C@CP 2628 -0.059881723 -0.00438786007 0.217505522 0 0 0
C@CP 2629 0.0514446517 0.25126356 -0.0409248956 0 0 0
C@CP 2630 0.0234397418 -0.0554480391 0.136420272 0 0 0
C@CP 2631 -0.133456919 0.103762716 -0.23530478 0 0 0
C@CP 2632 0.282478565 0.186317932 -0.134434911 0 0 0
C@CP 2633 0.327456145 0.000124073859 -0.0988880305 0 0 0
C@CP 2634 -0.176236029 0.334512787 0.189094922 0 0 0
C@CP 2635 -0.0644602131 -0.060035487 0.100586578 0 0 0
C@CP 2636 -0.218894305 -0.0142945777 0.250407675 0 0 0
C@CP 2637 -0.29644969 -0.0325480122 0.348589988 0 0 0
C@CP 2638 -0.115637662 -0.307731377 0.210474408 0 0 0
C@CP 2639 -0.0153176981 0.0909114533 0.355714578 0 0 0
C@CP 2640 -0.32837997 0.0937114727 -0.295584104 0 0 0
C@CP 2641 -0.149742332 -0.120811916 0.288517273 0 0 0
C@CP 2642 -0.188980097 -0.00202445384 -0.257521378 0 0 0
C@CP 2643 0.150553164 0.317712455 0.250607383 0 0 0
C@CP 2644 0.406195709 0.13154044 -0.196056108 0 0 0
C@CP 2645 -0.254329139 0.289360239 0.197368165 0 0 0
C@CP 2646 0.0731457747 0.182993706 0.182378891 0 0 0
C@CP 2647 0.283913565 -0.137946181 -0.206159949 0 0 0
C@CP 2648 0.0716584678 -0.221379787 -0.331847604 0 0 0
C@CP 2649 -0.0952494041 0.044211559 0.187381735 0 0 0
C@CP 2650 0.180516303 -0.286652538 0.120109616 0 0 0
C@CP 2651 0.014725506 -0.407633182 0.00353832311 0 0 0
C@CP 2652 -0.192205042 0.0361403558 -0.0912935074 0 0 0
C@CP 2653 -0.254914253 0.304860314 -0.200930098 0 0 0
C@CP 2654 0.20343921 0.0982854266 -0.412018709 0 0 0
C@CP 2655 0.0261138282 -0.414656247 -0.103726543 0 0 0
C@CP 2656 0.180636479 -0.322727853 0.287763557 0 0 0
C@CP 2657 -0.20527731 0.0675012434 0.0183516596 0 0 0
C@CP 2658 0.0425713843 -0.287987032 0.100748706 0 0 0
C@CP 2659 0.292666018 0.116170573 0.24511932 0 0 0
C@CP 2660 -0.123353218 0.183651264 0.368175995 0 0 0
C@CP 2662 0.237990301 0.406239446 -0.0441993971 0 0 0
C@CP 2663 0.0356645794 0.323777617 0.119866293 0 0 0
C@CP 2664 0.116555148 0.12323538 -0.0657828871 0 0 0
C@CP 2665 -0.116012346 -0.182815225 -0.365876408 0 0 0
C@CP 2666 0.326000219 0.120376577 0.0775646538 0 0 0
C@CP 2667 0.274801468 -0.224647483 0.174717814 0 0 0
C@CP 2668 0.309747812 0.185404499 -0.136087913 0 0 0
C@CP 2669 -0.14457089 -0.184913714 0.0270696315 0 0 0
C@CP 2670 0.125019618 -0.314792226 0.240254529 0 0 0
C@CP 2671 0.126571653 -0.297374498 -0.246991577 0 0 0
C@CP 2672 0.00616254853 0.13809269 0.30860142 0 0 0
C@CP 2673 0.0937470768 0.0329907282 -0.13279525 0 0 0
C@CP 2674 -0.0808553053 -0.333618141 0.246178384 0 0 0
C@CP 2675 0.0340668277 -0.254678272 0.0201956506 0 0 0
C@CP 2676 -0.224267727 -0.215055728 -0.0655839011 0 0 0
C@CP 2677 -0.228262255 -0.366298247 -0.118644316 0 0 0
C@CP 2678 0.0465292956 -0.13637046 0.105224726 0 0 0
C@CP 2679 0.0289567524 -0.277223498 0.354787452 0 0 0
C@CP 2680 -0.137584953 -0.132692449 -0.344075677 0 0 0
C@CP 2681 0.0899212408 0.00984866276 0.374897994 0 0 0
C@CP 2682 -0.186038562 0.144750478 0.143374573 0 0 0
C@CP 2683 0.117977947 -0.111908303 0.151971046 0 0 0
C@CP 2684 0.327825254 -0.136282896 0.0874099956 0 0 0
C@CP 2685 -0.11101168 0.290847742 -0.210467732 0 0 0
C@CP 2686 0.00444469492 0.0573327456 0.131626723 0 0 0
C@CP 2687 -0.286765719 0.0722645644 -0.296412314 0 0 0
C@CP 2688 -0.0029072674 -0.231188629 -0.0490931267 0 0 0
C@CP 2689 0.216059417 0.0573380942 -0.394160167 0 0 0
C@CP 2690 0.070125429 0.0244338944 -0.420348004 0 0 0
C@CP 2691 0.231934041 -0.145026616 -0.121108582 0 0 0
C@CP 2692 0.228987665 -0.138077371 0.251476056 0 0 0
C@CP 2693 0.194948898 -0.0843984725 -0.369324478 0 0 0
C@CP 2694 0.0856248138 -0.207873407 0.0350296088 0 0 0
C@CP 2695 -0.0640833163 0.452960172 0.000434528292 0 0 0
C@CP 2696 -0.223005351 -0.0916873231 0.00856679614 0 0 0
C@CP 2697 0.331796706 0.0405220273 -0.315643878 0 0 0
C@CP 2698 -0.0402724526 -0.392229253 -0.13834438 0 0 0
C@CP 2699 -0.0883230922 -0.252621388 -0.0243998944 0 0 0
C@CP 2700 -0.386074414 0.00728304155 0.0976856478 0 0 0
C@CP 2701 -0.182754527 -0.0849551354 -0.20102129 0 0 0
C@CP 2702 -0.165137656 0.102065915 -0.422759589 0 0 0
C@CP 2703 -0.125702788 0.171854205 0.193245984 0 0 0
C@CP 2704 -0.309829668 0.257157815 0.0879324427 0 0 0
C@CP 2705 -0.27198934 -0.0338539047 -0.302987463 0 0 0
C@CP 2706 0.0420032289 0.131907965 0.04408845 0 0 0
C@CP 2707 0.36780931 0.146223778 -0.0579650447 0 0 0
C@CP 2708 0.182281238 -0.21031546 0.369024554 0 0 0
C@CP 2709 -0.235131525 0.0354363385 -0.215473524 0 0 0
C@CP 2710 0.143482205 0.114060167 -0.0190052304 0 0 0
C@CP 2711 0.153949831 0.0668127155 -0.0769799536 0 0 0
C@CP 2712 0.0417425921 0.429023916 -0.0357380665 0 0 0
C@CP 2713 -0.169441573 0.0872322597 0.12847032 0 0 0
C@CP 2714 0.201345443 0.159267225 -0.034129641 0 0 0
C@CP 2715 0.145836284 -0.158631489 0.342684604 0 0 0
C@CP 2716 -0.160574525 0.338792492 -0.16336957 0 0 0
C@CP 2717 0.0554202386 -0.31020286 0.327121924 0 0 0
C@CP 2718 0.407146564 0.0217851477 -0.0431872958 0 0 0
C@CP 2719 0.0632062385 0.0722252607 0.182570328 0 0 0
C@CP 2720 -0.205141145 -0.0376642989 0.164592924 0 0 0
C@CP 2721 0.329460206 0.185513668 0.0961562468 0 0 0
C@CP 2722 -0.2870776 -0.06937265 0.304842439 0 0 0
C@CP 2723 0.0493116239 -0.175244261 0.400434604 0 0 0
C@CP 2724 0.126027324 0.274364214 0.267260351 0 0 0
C@CP 2725 0.0670212454 0.0512531335 -0.0671045803 0 0 0
C@CP 2726 0.100598215 0.076355805 -0.199358851 0 0 0
C@CP 2727 0.0500069042 0.0713049887 -0.184699653 0 0 0
C@CP 2728 -0.135297488 -0.116927516 0.423484991 0 0 0
C@CP 2729 0.319380486 -0.0532748875 0.26540232 0 0 0
C@CP 2730 -0.172902418 0.0151226495 -0.316636147 0 0 0
C@CP 2731 -0.254899741 -0.168382356 -0.223222474 0 0 0
C@CP 2732 0.0697036246 -0.46715483 -0.0290226013 0 0 0
C@CP 2733 -0.0646914075 0.105584518 -0.351403224 0 0 0
C@CP 2734 -0.237474906 -0.173103702 0.365198642 0 0 0
C@CP 2735 -0.31036229 0.106757639 0.0723337722 0 0 0
C@CP 2736 -0.176655817 0.0759793531 -0.255709268 0 0 0
C@CP 2737 -0.0784766372 -0.348975267 0.0819517413 0 0 0
C@CP 2738 -0.269362566 -0.115313028 0.29358051 0 0 0
C@CP 2739 -0.0592286174 -0.104722228 0.318595112 0 0 0
C@CP 2740 -0.00928906999 0.263947304 0.0899737358 0 0 0
C@CP 2741 0.271458589 -0.323429931 -0.0660854575 0 0 0
C@CP 2742 -0.261128421 0.0706549827 0.076389392 0 0 0
C@CP 2743 0.186686311 0.19833199 -0.253419097 0 0 0
C@CP 2744 -0.0150690977 0.376885292 0.0809081558 0 0 0
C@CP 2745 -0.141691351 0.130370469 -0.15324506 0 0 0
C@CP 2746 -0.179307435 0.040381254 0.117618198 0 0 0
C@CP 2747 -0.0796868774 -0.264741191 -0.147195712 0 0 0
C@CP 2748 -0.308930445 0.307582445 0.0760504253 0 0 0
C@CP 2749 -0.334720878 -0.0396233496 -0.00273904753 0 0 0
C@CP 2750 -0.102615581 -0.345628076 0.0510453831 0 0 0
C@CP 2751 0.0323161222 -0.201002204 -0.0553761069 0 0 0
C@CP 2752 -0.0495879459 -0.27118708 0.278939271 0 0 0
C@CP 2753 0.050892619 -0.214839801 0.409357327 0 0 0
C@CP 2754 -0.127719073 0.0449034021 0.0573199446 0 0 0
C@CP 2755 0.0290237275 0.0403358097 -0.0154451816 0 0 0
C@CP 2756 0.198433614 -0.24578628 -0.340507452 0 0 0
C@CP 2757 0.0727749779 -0.327530371 0.28774289 0 0 0
C@CP 2758 -0.02916821 0.0906573972 -0.459364057 0 0 0
C@CP 2759 0.0225154765 -0.00939320241 0.0539883934 0 0 0
C@CP 2760 0.0683918414 0.332114962 0.317840714 0 0 0
C@CP 2761 0.173334463 -0.00408603845 0.0386673767 0 0 0
C@CP 2762 0.149081233 0.292919171 -0.00797259681 0 0 0
C@CP 2763 0.155014835 0.0758851681 0.0561986966 0 0 0
C@CP 2764 -0.20420258 0.0166101312 -0.302438252 0 0 0
C@CP 2765 -0.194465105 0.0160017011 0.254466729 0 0 0
C@CP 2766 0.00694512243 -0.00391761095 0.0441770262 0 0 0
C@CP 2767 -0.453189998 -0.0192835615 -0.0540579081 0 0 0
C@CP 2768 -0.226192288 0.284917408 -0.196732856 0 0 0
C@CP 2769 0.00825275013 -0.0898668521 -0.019166838 0 0 0
C@CP 2770 -0.316691633 -0.0664768173 0.13819288 0 0 0
C@CP 2771 0.01318722 0.307190906 -0.019871275 0 0 0
C@CP 2772 -0.350976126 0.0523211475 -0.104645345 0 0 0
C@CP 2773 0.211843676 -0.402710297 0.116337408 0 0 0
C@CP 2774 -0.406378798 -0.157522845 -0.139090435 0 0 0
C@CP 2775 -0.172234586 0.301825188 0.273084311 0 0 0
C@CP 2776 0.0912529667 -0.23662413 -0.379006782 0 0 0
C@CP 2777 -0.158353036 -0.0627511267 0.238061948 0 0 0
C@CP 2778 -0.308397779 0.0834959711 0.301484769 0 0 0
C@CP 2779 0.161514459 -0.385175291 0.220082997 0 0 0
C@CP 2780 0.185541726 -0.12284833 -0.0469988404 0 0 0
C@CP 2781 0.190189664 -0.298695542 -0.216407819 0 0 0
C@CP 2782 -0.227822799 0.326724871 -0.200719768 0 0 0
C@CP 2783 0.058787832 -0.379801477 0.019097388 0 0 0
C@CP 2784 -0.0302880769 0.160995627 0.394352608 0 0 0
C@CP 2785 -0.227260428 0.132705139 -0.0809253283 0 0 0
C@CP 2786 -0.416507022 -0.037301297 -0.156043752 0 0 0
C@CP 2787 -0.131298953 -0.143094837 -0.113504909 0 0 0
C@CP 2788 0.36546278 -0.0389359867 0.256245683 0 0 0
C@CP 2789 -0.404296675 -0.0527321086 -0.146755076 0 0 0
C@CP 2790 0.201179866 -0.258474817 0.136731465 0 0 0
C@CP 2791 0.192774279 -0.245510583 0.191582415 0 0 0
C@CP 2792 -0.445765578 0.00385505091 0.00437681379 0 0 0
C@CP 2793 0.300794518 0.274834314 -0.161600629 0 0 0
C@CP 2794 0.119285107 -0.184020973 0.0373614581 0 0 0
C@CP 2795 -0.169120045 0.248890254 0.315494211 0 0 0
C@CP 2796 -0.0825174396 0.260195505 -0.010394469 0 0 0
C@CP 2797 -0.228230863 -0.24486717 0.24369504 0 0 0
C@CP 2798 0.0891595336 -0.392304705 -0.106953762 0 0 0
C@CP 2799 -0.139664708 0.383648084 -0.160258561 0 0 0
C@CP 2800 0.203738556 0.232002695 -0.156729932 0 0 0
C@CP 2801 -0.0454511729 -0.157001219 0.169506981 0 0 0
C@CP 2802 -0.164909296 0.140302401 0.321432178 0 0 0
C@CP 2803 0.118598982 0.0572530368 -0.409805571 0 0 0
C@CP 2804 -0.133885749 0.0701910966 -0.135442666 0 0 0
C@CP 2805 0.137558882 -0.341410902 -0.0741694671 0 0 0
C@CP 2806 0.361408279 -0.113117363 0.141257927 0 0 0
C@CP 2807 -0.250819831 0.0216990094 0.107894288 0 0 0
C@CP 2808 -0.148452868 0.14686109 0.00802105883 0 0 0
C@CP 2809 0.195233917 -0.0317434076 -0.315246402 0 0 0
C@CP 2810 0.00536940663 0.294421007 0.302920864 0 0 0
C@CP 2811 0.0925776432 -0.311905885 0.264143486 0 0 0
C@CP 2812 -0.211142682 -0.226454877 -0.275117536 0 0 0
C@CP 2813 0.141836717 -0.167095192 -0.0695807637 0 0 0
C@CP 2814 -0.0295578224 -0.468488337 0.00836587167 0 0 0
C@CP 2815 -0.0901168147 0.204885049 -0.152245659 0 0 0
C@CP 2816 0.437566534 0.081326116 -0.139648413 0 0 0
C@CP 2817 0.00722754815 0.283243662 0.165551139 0 0 0
C@CP 2818 -0.041073868 0.19259404 -0.377933578 0 0 0
C@CP 2819 0.151317438 -0.0790633855 0.000190110531 0 0 0
C@CP 2820 0.162946345 -0.0961870098 0.409849526 0 0 0
C@CP 2821 -0.0483631167 0.0370855942 -0.215128603 0 0 0
C@CP 2822 -0.26477784 0.152598494 -0.359656342 0 0 0
C@CP 2823 0.290279944 0.226801659 0.0593422009 0 0 0
C@CP 2824 0.445754386 -0.0254490936 0.1484741 0 0 0
C@CP 2825 -0.229924759 -0.0624829437 0.170999655 0 0 0
C@CP 2826 0.13669633 -0.19918114 -0.0152251394 0 0 0
C@CP 2827 0.144342922 -0.0677153138 0.0228619093 0 0 0
C@CP 2828 -0.178884294 -0.120002797 -0.27228076 0 0 0
C@CP 2829 -0.0561742143 -0.18979295 0.186849938 0 0 0
C@CP 2830 0.17845801 -0.142519386 0.397102444 0 0 0
C@CP 2831 -0.0653334391 -0.0902376445 0.00184700332 0 0 0
C@CP 2832 -0.276215883 -0.193477712 0.152561927 0 0 0
C@CP 2833 -0.315689693 0.0325216505 0.0731264194 0 0 0
C@CP 2834 0.0457484373 0.180770812 -0.0229850662 0 0 0
C@CP 2835 0.0715346134 -0.301039794 -0.140596723 0 0 0
C@CP 2836 -0.144306368 0.441788574 -0.0379235203 0 0 0
C@CP 2837 -0.197367883 -0.234841006 -0.234957732 0 0 0
C@CP 2838 -0.164864173 -0.0844450629 -0.225168456 0 0 0
C@CP 2839 -0.306475941 0.0771282932 0.238300002 0 0 0
C@CP 2840 -0.303366176 -0.251013149 -0.221634914 0 0 0
C@CP 2841 -0.255148911 -0.0749865137 -0.0333018934 0 0 0
C@CP 2842 -0.253269381 -0.291580367 0.216507947 0 0 0
C@CP 2843 -0.024506548 -0.0181392107 0.207656685 0 0 0
C@CP 2844 0.0928334963 -0.438292379 -0.0748854351 0 0 0
C@CP 2845 0.126647498 0.164495357 0.144420854 0 0 0
C@CP 2846 0.14702177 0.258868668 0.337915779 0 0 0
C@CP 2847 -0.254533197 0.105250936 -0.098576321 0 0 0
C@CP 2848 0.268659002 -0.0287935825 -0.167778132 0 0 0
C@CP 2849 -0.237948491 -0.0337159166 -0.192213825 0 0 0
C@CP 2850 0.129344912 -0.208926366 -0.119715695 0 0 0
C@CP 2851 -0.0771529427 0.169988346 0.0534768762 0 0 0
C@CP 2852 0.360773223 -0.0528890756 -0.0639685153 0 0 0
C@CP 2853 0.316205538 0.0752138979 0.0775886335 0 0 0
C@CP 2854 -0.166548863 0.0415907682 -0.320495091 0 0 0
C@CP 2855 0.00582145775 -0.140113611 -0.12433507 0 0 0
C@CP 2856 -0.306211244 -0.245726787 -0.169613922 0 0 0
C@CP 2857 0.119280427 -0.0608399741 0.239703562 0 0 0
C@CP 2858 -0.00677130928 0.304746345 0.296358811 0 0 0
C@CP 2859 0.13884981 -0.356750509 0.152159586 0 0 0
C@CP 2860 0.0593099408 0.21513441 0.24885551 0 0 0
C@CP 2861 -0.0838827992 -0.141213992 -0.403375304 0 0 0
C@CP 2862 0.282532746 -0.238906695 0.203502568 0 0 0
C@CP 2863 0.21354192 0.148618188 -0.258232198 0 0 0
C@CP 2864 -0.0635180528 0.369155058 0.208212074 0 0 0
C@CP 2865 0.133032722 0.255069806 -0.181100473 0 0 0
C@CP 2866 0.00904333795 0.249578111 -0.0903892603 0 0 0
C@CP 2867 0.0730716904 -0.375406889 -0.21099697 0 0 0
C@CP 2868 -0.363493985 0.0729650258 -0.0788691246 0 0 0
C@CP 2869 -0.154720855 -0.0129836219 0.361249043 0 0 0
C@CP 2870 0.257356015 0.306529824 0.0628660746 0 0 0
C@CP 2871 -0.173177541 0.0298187039 -0.198239606 0 0 0
C@CP 2872 -0.26283512 -0.20087046 0.243123146 0 0 0
C@CP 2873 0.216313705 -0.0232259117 0.177704721 0 0 0
C@CP 2874 0.245328892 -0.0833429939 0.14181471 0 0 0
C@CP 2875 -0.153825059 -0.14924395 0.357745015 0 0 0
C@CP 2876 0.385953568 0.0523893228 -0.161285439 0 0 0
C@CP 2877 -0.236297629 0.352471674 0.100983868 0 0 0
C@CP 2878 -0.0153222352 0.12536872 0.384997597 0 0 0
C@CP 2879 0.0676206497 0.0733085135 0.334558671 0 0 0
C@CP 2880 0.176233101 0.11527414 -0.192227518 0 0 0
C@CP 2881 -0.177584093 0.127563028 0.420951054 0 0 0
C@CP 2882 -0.212142693 0.0250781431 0.110214542 0 0 0
C@CP 2883 0.252558488 0.179374567 -0.30310089 0 0 0
C@CP 2884 0.125717578 0.40978206 0.152139149 0 0 0
C@CP 2885 -0.0669146502 0.337904821 0.112613972 0 0 0
C@CP 2886 0.310579122 0.275584445 -0.123573831 0 0 0
C@CP 2887 0.0542631861 0.367572493 -0.206962283 0 0 0
C@CP 2888 0.201464952 -0.0544396814 0.40115634 0 0 0
C@CP 2889 -0.280870621 0.118478399 0.257300485 0 0 0
C@CP 2890 0.212908671 0.0404141653 0.393965213 0 0 0
C@CP 2891 0.0245311138 0.427611384 -0.0438999591 0 0 0
C@CP 2892 -0.015161765 -0.179988059 0.354679754 0 0 0
C@CP 2893 0.0616006972 -0.240776263 -0.0120009702 0 0 0
C@CP 2894 0.327346294 0.0337450294 -0.0559522159 0 0 0
C@CP 2895 -0.130400298 -0.140548259 0.322472669 0 0 0
C@CP 2896 0.0221647827 0.404715708 -0.110708705 0 0 0
C@CP 2897 -0.299481568 -0.185753425 -0.0282714481 0 0 0
C@CP 2898 0.199369789 -0.16352081 0.143511863 0 0 0
C@CP 2899 -0.084498395 -0.0455607539 -0.00048218042 0 0 0
C@CP 2900 0.299216153 0.28841706 -0.0339711522 0 0 0
C@CP 2901 -0.145581173 -0.178958353 0.218581726 0 0 0
C@CP 2902 -0.103975935 -0.0996044274 0.321419285 0 0 0
C@CP 2903 -0.166441681 -0.102072647 -0.03981815 0 0 0
C@CP 2904 -0.105725856 -0.0102396328 -0.412176982 0 0 0
C@CP 2905 -0.050074532 -0.0324516324 0.346452248 0 0 0
C@CP 2906 0.102879064 0.162680771 0.183158792 0 0 0
C@CP 2907 -0.250412141 -0.0675337989 -0.10072339 0 0 0
C@CP 2908 -0.157161464 -0.221579396 -0.209621474 0 0 0
C@CP 2909 -0.139609109 -0.0020589901 -0.225034623 0 0 0
C@CP 2910 -0.441743849 -0.0746366101 0.0745349096 0 0 0
C@CP 2911 0.393355002 0.221562318 0.0981438361 0 0 0
C@CP 2912 0.200695289 -0.0868724339 -0.352780114 0 0 0
C@CP 2913 0.0782128861 -0.0763157193 0.324044312 0 0 0
C@CP 2914 -0.132915144 -0.151251905 -0.419738916 0 0 0
C@CP 2915 0.208041534 0.354985795 -0.1039442 0 0 0
C@CP 2916 -0.0998300063 -0.0223624231 -0.0457727855 0 0 0
C@CP 2917 0.210483857 0.0815294465 -0.204912061 0 0 0
C@CP 2918 -0.0254722996 -0.450043717 -0.0971879606 0 0 0
C@CP 2919 -0.380197111 0.156968344 -0.203941632 0 0 0
C@CP 2920 0.287205749 -0.22440004 -0.233878276 0 0 0
C@CP 2921 0.358624624 0.0369314218 0.286158524 0 0 0
C@CP 2922 -0.00997868122 0.30533228 -0.253656321 0 0 0
C@CP 2923 0.280996113 0.128163356 -0.223394025 0 0 0
C@CP 2924 0.287232039 -0.0903887416 0.244803237 0 0 0
C@CP 2925 0.272206443 -0.13213749 0.207481319 0 0 0
C@CP 2926 0.0407433934 0.0935943102 0.208948703 0 0 0
C@CP 2927 0.212553203 -0.0510787049 -0.337384396 0 0 0
C@CP 2928 0.0175454612 -0.353607996 0.153545191 0 0 0
C@CP 2929 0.110264507 0.0638129841 0.410354658 0 0 0
C@CP 2930 -0.120947484 -0.0912528666 0.406587339 0 0 0
C@CP 2931 -0.177219061 -0.375186052 -0.116863871 0 0 0
C@CP 2932 0.419337796 0.00879911029 0.201087168 0 0 0
C@CP 2933 0.0451799741 -0.442363908 -0.0218055542 0 0 0
C@CP 2934 -0.37429578 -0.233395742 0.0754639491 0 0 0
C@CP 2935 0.224743306 -0.236622194 -0.0932806291 0 0 0
C@CP 2936 -0.119133523 -0.380761657 -0.182355367 0 0 0
C@CP 2937 -0.207030959 -0.206668047 -0.176708116 0 0 0
C@CP 2938 0.0708444353 -0.228774301 -0.047196915 0 0 0
C@CP 2939 0.116071081 0.045401583 -0.0573075645 0 0 0
C@CP 2940 -0.380235704 0.245367016 0.0184005427 0 0 0
C@CP 2941 0.0961330119 -0.17775398 0.0137782936 0 0 0
C@CP 2942 0.0812475036 0.272982685 0.232824776 0 0 0
C@CP 2943 -0.0797277056 -0.0285983262 -0.0525065636 0 0 0
C@CP 2944 0.314651623 0.0357230849 -0.321968342 0 0 0
C@CP 2945 -0.146397511 -0.0106247875 -0.358796161 0 0 0
C@CP 2946 -0.185371938 0.113301446 0.297780388 0 0 0
C@CP 2947 -0.0665262692 -0.0111062713 0.291846657 0 0 0
C@CP 2948 -0.206869588 -0.259193874 0.294878218 0 0 0
C@CP 2949 0.206288973 -0.101936972 0.248464932 0 0 0
C@CP 2950 0.202984058 -0.0614554047 -0.0441957088 0 0 0
C@CP 2951 -0.205120829 -0.0407365786 0.308659211 0 0 0
C@CP 2952 -0.180369426 -0.308175105 -0.033425314 0 0 0
C@CP 2953 0.350943565 0.199318915 0.0882829284 0 0 0
C@CP 2954 0.17172356 -0.23568603 0.106571275 0 0 0
C@CP 2955 0.0925323143 0.143545354 -0.390636931 0 0 0
C@CP 2956 -0.415671996 0.0491925365 -0.117438143 0 0 0
C@CP 2957 0.155955098 0.173651769 -0.0694144745 0 0 0
C@CP 2958 0.255978662 0.15108768 -0.136331516 0 0 0
C@CP 2959 0.00476058962 -0.458353045 0.029270679 0 0 0
C@CP 2960 0.110561736 -0.359000133 0.211411566 0 0 0
C@CP 2961 0.238810503 0.138041037 0.233298391 0 0 0
C@CP 2962 -0.280195935 -0.120134036 -0.280255141 0 0 0
C@CP 2963 -0.125152172 0.0725403778 0.0846901998 0 0 0
C@CP 2964 0.0634905825 0.20394417 0.114580604 0 0 0
C@CP 2965 0.281879655 -0.168352139 -0.0180386763 0 0 0
C@CP 2966 -0.084822257 -0.155319535 -0.194041296 0 0 0
C@CP 2967 0.0360144007 -0.147154727 -0.0289543034 0 0 0
C@CP 2968 0.276193698 0.0184558369 0.214941012 0 0 0
C@CP 2969 -0.163846759 0.123457506 0.087586804 0 0 0
C@CP 2970 -0.0381639592 0.0655043108 -0.12817314 0 0 0
C@CP 2971 -0.0494727197 -0.320553208 0.307757976 0 0 0
C@CP 2972 -0.308832136 0.235784566 0.0532222632 0 0 0
C@CP 2973 0.251274905 0.163249725 0.311406327 0 0 0
C@CP 2974 0.16717872 0.34174032 -0.212584236 0 0 0
C@CP 2975 -0.125102132 0.0680366497 -0.0426843443 0 0 0
C@CP 2976 0.178910558 -0.113533969 -0.0438115978 0 0 0
C@CP 2977 0.119037733 0.173200819 0.418012135 0 0 0
C@CP 2978 -0.26128085 -0.203264298 -0.185492165 0 0 0
C@CP 2979 -0.367768779 -0.207009208 0.12406053 0 0 0
C@CP 2980 0.142681138 0.373340422 -0.0551490191 0 0 0
C@CP 2981 0.226193862 0.276172449 0.230166798 0 0 0
C@CP 2982 0.237322117 -0.0416951774 0.0511852376 0 0 0
C@CP 2983 -0.0498396527 0.222476829 -0.109041932 0 0 0
C@CP 2984 0.308275214 0.0473897382 -0.246389801 0 0 0
C@CP 2985 -0.237695602 -0.00542621807 0.144027353 0 0 0
C@CP 2986 0.0949337928 -0.0381749942 0.092260178 0 0 0
C@CP 2987 -0.0609873598 -0.00448723966 -0.213029916 0 0 0
C@CP 2988 0.103967996 0.374910927 0.258048861 0 0 0
C@CP 2989 -0.0105171857 0.0590342791 -0.306440163 0 0 0
C@CP 2990 0.340054723 0.21477635 -0.000702469551 0 0 0
C@CP 2991 0.120721153 -0.041244241 0.0511079346 0 0 0
C@CP 2992 -0.0596368774 0.155574991 0.0465045489 0 0 0
C@CP 2993 0.396137195 -0.160456691 0.149078693 0 0 0
C@CP 2994 -0.226601073 -0.0462733412 -0.0551730382 0 0 0
C@CP 2995 -0.0274818102 0.367246344 -0.226815976 0 0 0
C@CP 2996 0.03451157 0.404426787 0.23206748 0 0 0
C@CP 2997 0.386325975 -0.0924646269 0.0133866716 0 0 0
C@CP 2998 0.0330982917 0.108813133 0.373146271 0 0 0
C@CP 2999 0.272141506 -0.294117189 0.00430902803 0 0 0
C@CP 3000 -0.0896493307 -0.290765314 0.0362865719 0 0 0
C@CP 3001 0.0233899039 -0.124380703 0.0565487912 0 0 0
C@CP 3002 -0.228078564 0.0627321197 0.13837468 0 0 0
C@CP 3003 -0.0216760746 -0.127422057 -0.0395447076 0 0 0
C@CP 3004 0.080957204 -0.0123219863 -0.0807942599 0 0 0
C@CP 3005 0.00103652692 -0.115413611 -0.217171523 0 0 0
C@CP 3006 -0.391938598 -0.123445521 0.10113554 0 0 0
C@CP 3007 0.0892855195 0.0414723282 -0.0962772244 0 0 0
C@CP 3008 0.106345944 -0.234648438 -0.125265804 0 0 0
C@CP 3009 0.00611578734 -0.215800441 -0.27995726 0 0 0
C@CP 3010 -0.196221164 0.1544804 -0.27868391 0 0 0
C@CP 3011 -0.244985505 0.22828963 0.324768152 0 0 0
C@CP 3012 0.214417019 -0.242970663 -0.0386183403 0 0 0
C@CP 3013 -0.262243354 0.109324041 0.011635535 0 0 0
C@CP 3014 -0.0145014252 -0.177010694 -0.2919542 0 0 0
C@CP 3015 0.195080592 0.0185059737 0.0310399623 0 0 0
C@CP 3016 0.131359223 0.0114839956 0.0740230735 0 0 0
C@CP 3017 -0.0999612586 -0.0898822312 -0.390595671 0 0 0
C@CP 3018 -0.0921131812 -0.00566526573 -0.322428636 0 0 0
C@CP 3019 -0.0897818591 0.0390137315 -0.315204617 0 0 0
C@CP 3020 0.30945413 0.0361887006 0.15131744 0 0 0
C@CP 3021 0.353836256 0.0848423484 -0.057762213 0 0 0
C@CP 3022 -0.0996106547 0.383615857 0.0141433415 0 0 0
C@CP 3023 0.340443198 0.145209602 -0.0180117093 0 0 0
C@CP 3024 0.216210806 0.157607456 0.102622846 0 0 0
C@CP 3025 0.148209044 -0.325162051 0.135059147 0 0 0
C@CP 3026 0.176102453 -0.286140611 0.0443445546 0 0 0
C@CP 3027 0.099239845 0.077903101 0.243669825 0 0 0
C@CP 3028 0.273308364 0.338643516 -0.127858222 0 0 0
C@CP 3029 -0.399359976 0.142862083 -0.160862436 0 0 0
C@CP 3030 -0.0576458579 -0.0138165265 -0.159750294 0 0 0
C@CP 3031 -0.427021814 0.130216624 0.0326553743 0 0 0
C@CP 3032 -0.284959486 -0.318693719 -0.119075078 0 0 0
C@CP 3033 0.301804043 -0.197572566 0.0170334066 0 0 0
C@CP 3034 0.0262577032 0.0645270175 0.434381019 0 0 0
C@CP 3035 -0.107581471 0.280749787 -0.122914157 0 0 0
C@CP 3036 0.311569853 0.17933381 -0.153745325 0 0 0
C@CP 3037 -0.281563527 -0.201964228 0.203775014 0 0 0
C@CP 3038 0.100445299 0.0969523305 0.182262432 0 0 0
C@CP 3039 0.260816671 0.14194413 -0.359248343 0 0 0
C@CP 3040 0.0690842714 -0.187327346 0.110956538 0 0 0
C@CP 3041 -0.0560319808 -0.100050709 0.438168333 0 0 0
C@CP 3042 -0.0429808208 -1.22627436e-05 -0.0971886261 0 0 0
C@CP 3043 -0.21768186 -0.207808696 -0.276651929 0 0 0
C@CP 3044 0.326141904 0.102110349 -0.16443891 0 0 0
C@CP 3045 -0.271897156 0.0881858068 -0.229809821 0 0 0
C@CP 3046 0.0528937425 0.0656070235 -0.0897129535 0 0 0
C@CP 3047 -0.0403541639 0.225303937 0.0105187993 0 0 0
C@CP 3048 -0.00410247359 0.455598444 0.0363966019 0 0 0
C@CP 3049 -0.020954725 0.338209702 0.0702254381 0 0 0
C@CP 3050 -0.145974827 -0.226910653 -0.181970269 0 0 0
C@CP 3051 0.0699117518 -0.109050289 -0.129070556 0 0 0
C@CP 3052 0.0785532565 -0.268897832 -0.197312778 0 0 0
C@CP 3053 -0.0378657328 0.237379281 0.198111583 0 0 0
C@CP 3054 0.0570946179 -0.309776506 0.356099878 0 0 0
C@CP 3055 0.194794304 0.0226097958 -0.355805159 0 0 0
C@CP 3056 -0.0416836947 -0.234347822 0.108670669 0 0 0
C@CP 3057 -0.0300608827 -0.102243535 -0.165267954 0 0 0
C@CP 3058 -0.149016896 0.224628333 -0.236966278 0 0 0
C@CP 3059 0.150548326 -0.0613985295 0.212423722 0 0 0
C@CP 3060 0.103767315 0.00345919838 0.438872903 0 0 0
C@CP 3061 0.168483444 -0.191607465 0.215550756 0 0 0
C@CP 3062 0.41733669 0.159746437 -0.119010269 0 0 0
C@CP 3063 0.0181334834 -0.257230506 0.043513667 0 0 0
C@CP 3064 0.321952519 0.173393171 0.025119847 0 0 0
C@CP 3065 -0.18946262 -0.252138094 -0.167464712 0 0 0
C@CP 3066 -0.200882635 -0.285176204 -0.114546697 0 0 0
C@CP 3067 0.100799001 -0.0274491084 -0.394277113 0 0 0
C@CP 3068 0.0689299146 0.0100827879 -0.453287641 0 0 0
C@CP 3069 -0.200561753 -0.0868067858 -0.267947376 0 0 0
C@CP 3070 -0.300286324 -0.00367890462 0.126338631 0 0 0
C@CP 3071 -0.184064582 -0.384844968 -0.0462999833 0 0 0
C@CP 3072 -0.108851189 0.164909943 0.140614159 0 0 0
C@CP 3073 -0.12775723 0.189879867 0.163986968 0 0 0
C@CP 3074 0.0990494955 0.304072414 0.0481568958 0 0 0
C@CP 3075 -0.363505458 0.260261255 0.170524032 0 0 0
C@CP 3076 0.377476202 0.182659823 -0.114168015 0 0 0
C@CP 3077 -0.24388922 -0.3367186 -0.158702885 0 0 0
C@CP 3079 0.331344487 0.107593414 0.113036717 0 0 0
C@CP 3080 0.172398839 0.385022579 -0.163681146 0 0 0
C@CP 3081 -0.259161506 -0.0940768259 0.2371998 0 0 0
C@CP 3082 -0.174716801 -0.0768142634 -0.0623578905 0 0 0
C@CP 3083 -0.348501746 -0.252720203 -0.0691679863 0 0 0
C@CP 3084 -0.311444925 0.230649365 0.132174003 0 0 0
C@CP 3085 -0.158422068 0.357414082 -0.113658069 0 0 0
C@CP 3086 0.351840975 -0.259378429 -0.11705694 0 0 0
C@CP 3087 -0.275370041 -0.14690717 0.299424502 0 0 0
C@CP 3088 -0.273394876 -0.251970721 -0.0975674926 0 0 0
C@CP 3089 -0.310419829 0.287537272 0.183177211 0 0 0
C@CP 3090 -0.433264379 0.152664118 0.0375919286 0 0 0
C@CP 3091 0.108154144 0.210276258 -0.14866112 0 0 0
C@CP 3092 -0.226567028 0.149121098 -0.221955379 0 0 0
C@CP 3093 0.00680717788 -0.373304935 -0.128772009 0 0 0
C@CP 3094 0.00955656473 0.344886117 -0.117786097 0 0 0
C@CP 3095 0.216708492 0.373980347 -0.142479097 0 0 0
C@CP 3096 0.32758351 0.313859541 -0.0111488045 0 0 0
C@CP 3097 -0.154802614 0.0577699418 -0.174925172 0 0 0
C@CP 3098 -0.296434869 0.164958344 0.0359259464 0 0 0
C@CP 3099 0.265949942 -0.124911799 -0.339438523 0 0 0
C@CP 3100 -0.218026729 -0.265508862 -0.0740634597 0 0 0
C@CP 3101 0.396293684 0.0656123024 -0.160637799 0 0 0
C@CP 3102 -0.153150064 0.0348929073 0.0552294279 0 0 0
C@CP 3103 -0.171177639 -0.331719642 -0.28877078 0 0 0
C@CP 3104 0.129200792 -0.000123240687 0.361398993 0 0 0
C@CP 3105 0.0951951132 -0.227147362 0.138553014 0 0 0
C@CP 3106 -0.313543262 0.146145139 -0.216789096 0 0 0
C@CP 3107 0.0286005651 -0.187862884 -0.242092716 0 0 0
C@CP 3108 -0.0845660418 0.150560307 -0.33762761 0 0 0
C@CP 3109 0.222528768 0.0949265287 0.0473882858 0 0 0
C@CP 3110 -0.106394044 -0.151157528 -0.237916737 0 0 0
C@CP 3111 -0.0487553322 -0.0171819305 0.439839353 0 0 0
C@CP 3112 -0.166758098 0.418117796 0.0667597388 0 0 0
C@CP 3113 -0.195300215 0.107350546 -0.203118743 0 0 0
C@CP 3114 -0.0864496287 -0.12893084 0.192804573 0 0 0
C@CP 3115 -0.104960987 -0.43698148 -0.095656581 0 0 0
C@CP 3116 0.2656375 0.303541366 0.134124958 0 0 0
C@CP 3117 -0.339147908 -0.123282448 -0.266113676 0 0 0
C@CP 3118 0.224706445 0.176996868 -0.239983091 0 0 0
C@CP 3119 -0.013099486 -0.0312960786 0.17724898 0 0 0
C@CP 3120 0.0965616431 -0.254542382 -0.242524838 0 0 0
C@CP 3121 0.136048463 -0.163190459 0.25751978 0 0 0
C@CP 3122 0.411813405 0.0884695386 0.183346478 0 0 0
C@CP 3123 -0.247030373 -0.00869841323 0.395034992 0 0 0
C@CP 3124 -0.109453056 0.354894915 0.173158204 0 0 0
C@CP 3125 0.430410076 -0.0357200132 -0.077743176 0 0 0
C@CP 3126 0.291336876 -0.176733392 -0.322861268 0 0 0
C@CP 3127 0.189783179 -0.127651005 0.224698931 0 0 0
C@CP 3128 0.172654086 0.0542250964 -0.0173182467 0 0 0
C@CP 3129 0.0884316441 0.0759002075 -0.398328333 0 0 0
C@CP 3130 0.184477137 -0.0392175926 0.205090568 0 0 0
C@CP 3131 0.0404658624 0.144370608 0.412629445 0 0 0
C@CP 3132 -0.260078058 0.152643957 0.128693247 0 0 0
C@CP 3133 0.104087035 -0.266102078 -0.0378139105 0 0 0
C@CP 3134 0.384375035 -0.210799236 0.126427757 0 0 0
C@CP 3135 0.182200768 -0.0584676453 0.0474617526 0 0 0
C@CP 3136 0.263937511 -0.32339838 0.127468659 0 0 0
C@CP 3137 0.129053733 -0.122424138 0.0186496099 0 0 0
C@CP 3138 0.311830039 -0.176252736 -0.289657021 0 0 0
C@CP 3139 -0.134642316 0.268715216 0.128431974 0 0 0
C@CP 3140 -0.0886417329 -0.383421642 0.164499334 0 0 0
C@CP 3141 -0.104563608 0.266163339 0.354767669 0 0 0
C@CP 3142 0.0426131495 -0.03223081 -0.444654457 0 0 0
C@CP 3143 0.330003767 -0.294526052 0.0801586364 0 0 0
C@CP 3144 0.373574905 0.246249588 -0.0311368339 0 0 0
C@CP 3145 0.18460733 0.028755437 0.253609248 0 0 0
C@CP 3146 -0.21577263 -0.38210059 0.135273794 0 0 0
C@CP 3147 -0.0417072661 0.0867703926 0.279492069 0 0 0
C@CP 3148 -0.0196929954 0.404753845 -0.1124864 0 0 0
C@CP 3149 0.172055327 0.299066042 0.0849315782 0 0 0
C@CP 3150 0.211451532 -0.159589306 0.0856393374 0 0 0
C@CP 3151 0.0411686416 -0.0253124508 -0.364978157 0 0 0
C@CP 3152 0.0302720135 0.479526648 -0.0266443571 0 0 0
C@CP 3153 0.408488135 -0.00675252159 0.141612615 0 0 0
C@CP 3154 0.0842856737 -0.146234262 0.368593235 0 0 0
C@CP 3155 0.11455954 0.085811158 -0.275359493 0 0 0
C@CP 3156 -0.0954389245 0.330500391 -0.154090768 0 0 0
C@CP 3157 0.20963364 0.229924973 0.0631161007 0 0 0
C@CP 3158 -0.251391621 0.100079433 -0.289972828 0 0 0
C@CP 3159 0.16543773 0.362038005 -0.218444787 0 0 0
C@CP 3160 -0.103025141 0.0357968776 -0.218689132 0 0 0
C@CP 3161 0.446519022 -0.0234103521 -0.0347347669 0 0 0
C@CP 3162 0.40886959 -0.150645135 -0.15925415 0 0 0
C@CP 3163 -0.22086728 0.367938779 0.0840050418 0 0 0
C@CP 3164 0.195655527 -0.0252713212 0.281581959 0 0 0
C@CP 3165 0.261623661 -0.022362166 -0.229425374 0 0 0
C@CP 3166 -0.20973204 0.179882431 -0.293049172 0 0 0
C@CP 3167 0.377128039 -0.215852613 0.143319763 0 0 0
C@CP 3168 0.242691767 -0.0316430277 0.0558867995 0 0 0
C@CP 3169 0.179935709 -0.136025972 -0.208029823 0 0 0
C@CP 3170 0.17867793 0.351440349 0.0106421841 0 0 0
C@CP 3171 -0.0582956535 -0.177165844 0.0486595052 0 0 0
C@CP 3172 -0.228526067 0.0822226072 -0.17291556 0 0 0
C@CP 3173 0.0603816924 0.109927763 -0.0626402734 0 0 0
C@CP 3174 0.103142877 -0.430358047 0.144030764 0 0 0
C@CP 3175 0.153829209 0.132597928 0.209915513 0 0 0
C@CP 3176 -0.12303768 -0.013435091 0.24620753 0 0 0
C@CP 3177 0.24092121 -0.395705302 0.0149312075 0 0 0
C@CP 3178 0.334699391 -0.121813206 -0.194650921 0 0 0
C@CP 3179 0.390797165 -0.248450501 0.126313417 0 0 0
C@CP 3180 0.267649303 0.0199481274 -0.1583967 0 0 0
C@CP 3181 0.115261812 0.089870418 0.221640835 0 0 0
C@CP 3182 -0.42135599 0.0667056636 -0.0327126307 0 0 0
C@CP 3183 0.145266107 0.213491482 -0.319930177 0 0 0
C@CP 3184 0.357116812 -0.173122408 -0.0549145063 0 0 0
C@CP 3185 -0.00769997018 -0.00377807531 0.21017923 0 0 0
C@CP 3186 0.318862829 -0.337674821 -0.0840399682 0 0 0
C@CP 3187 -0.169899268 0.300183445 0.231322991 0 0 0
C@CP 3188 0.194175318 -0.165871842 -0.190881746 0 0 0
C@CP 3189 -0.255361651 0.339240599 0.00555896575 0 0 0
C@CP 3190 0.0982149648 -0.0377195234 -0.201445383 0 0 0
C@CP 3191 -0.0461012438 -0.0140615375 -0.0843862807 0 0 0
C@CP 3192 0.04957292 -0.386991155 -0.138394012 0 0 0
C@CP 3193 0.0223997858 -0.270591748 -0.104693008 0 0 0
C@CP 3194 -0.254266388 0.156755136 0.296685079 0 0 0
C@CP 3195 -0.0582381897 -0.0874298982 0.197383635 0 0 0
C@CP 3196 0.242129123 -0.0585196835 0.226853327 0 0 0
C@CP 3197 -0.0217394547 0.167181618 0.218215831 0 0 0
C@CP 3198 -0.303110762 0.118875102 -0.214646579 0 0 0
C@CP 3199 -0.210100055 -0.319753415 -0.00650620226 0 0 0
C@CP 3200 0.0488528465 -0.104862082 -0.0257747532 0 0 0
C@CP 3201 0.0580986598 -0.352788201 -0.115830096 0 0 0
C@CP 3203 0.169503689 -0.105831422 -0.169852992 0 0 0
C@CP 3204 0.156681371 0.116823621 0.169846455 0 0 0
C@CP 3205 0.254821455 0.413734383 0.0154234456 0 0 0
C@CP 3206 -0.054466486 0.0829922209 -0.177875832 0 0 0
C@CP 3207 0.170811663 0.40588875 0.132159539 0 0 0
C@CP 3208 0.249216338 -0.209526687 0.220262947 0 0 0
C@CP 3209 -0.0519649936 0.176098887 0.267486999 0 0 0
C@CP 3210 0.129904287 -0.128337609 -0.401712525 0 0 0
C@CP 3211 -0.177229789 -0.264106992 -0.0303297091 0 0 0
C@CP 3212 -0.26495754 0.26604674 0.100554432 0 0 0
C@CP 3213 0.336179678 -0.0916170418 -0.0864156476 0 0 0
C@CP 3214 0.294331789 0.323883826 -0.0162545617 0 0 0
C@CP 3215 -0.0793363557 -0.286671229 -0.170319406 0 0 0
C@CP 3216 -0.0378963061 0.0662349751 -0.32721976 0 0 0
C@CP 3217 0.339226913 -0.0596586376 -0.251917536 0 0 0
C@CP 3218 0.124329202 0.390047206 0.160556367 0 0 0
C@CP 3219 -0.0312473082 -0.0449517738 -0.0494172738 0 0 0
C@CP 3220 0.276670095 0.229380576 0.0825198487 0 0 0
C@CP 3221 0.0148007928 0.199497262 0.377946936 0 0 0
C@CP 3222 -0.110753418 0.0585123787 0.149693024 0 0 0
C@CP 3223 -0.204896204 0.233614178 -0.101115114 0 0 0
C@CP 3224 -0.138579689 0.220158797 0.00383523047 0 0 0
C@CP 3225 -0.277250632 0.235577149 -0.20822274 0 0 0
C@CP 3226 -0.0787978178 0.0789390025 0.356555587 0 0 0
C@CP 3227 -0.189937146 0.161555364 -0.317444321 0 0 0
C@CP 3228 -0.0535582826 0.313431692 -0.13381353 0 0 0
C@CP 3229 -0.0990817892 0.236291785 0.385853739 0 0 0
C@CP 3230 0.362651427 -0.200612027 0.0276946927 0 0 0
C@CP 3231 -0.210425261 0.10346586 -0.195531594 0 0 0
C@CP 3232 0.146060049 -0.0977884645 0.34352706 0 0 0
C@CP 3233 -0.356938354 0.025913307 -0.203608468 0 0 0
C@CP 3234 -0.0305366914 0.21932694 -0.393445568 0 0 0
C@CP 3235 -0.171398557 -0.250730175 0.35134159 0 0 0
C@CP 3236 0.120276246 0.280794051 0.0296285542 0 0 0
C@CP 3237 -0.00727176618 0.426018494 0.132024857 0 0 0
C@CP 3238 0.39788258 0.0753572854 -0.178458931 0 0 0
C@CP 3239 -0.123547719 -0.3974705 -0.0785976759 0 0 0
C@CP 3240 -0.204293674 0.017862296 -0.408594455 0 0 0
C@CP 3241 -0.260351584 0.366621915 -0.107625587 0 0 0
C@CP 3242 0.232740508 0.082345906 0.329383832 0 0 0
C@CP 3243 -0.102626117 -0.342801245 -0.282599097 0 0 0
C@CP 3244 0.243319443 0.303242447 -0.199019416 0 0 0
C@CP 3245 -0.324990947 0.078562815 -0.331595024 0 0 0
C@CP 3246 0.185025097 0.249948065 0.134609334 0 0 0
C@CP 3247 0.262734919 0.308067052 0.21111197 0 0 0
C@CP 3248 -0.0475504368 -0.0267418201 0.122627259 0 0 0
C@CP 3249 0.286068825 0.145130061 -0.0626608317 0 0 0
C@CP 3250 -0.0212058282 -0.0363496148 0.318206798 0 0 0
C@CP 3251 0.0468007844 0.123614568 -0.240825467 0 0 0
C@CP 3252 -0.204402559 -0.0178327704 0.408327348 0 0 0
C@CP 3253 -0.0429166303 -0.130956968 0.407272762 0 0 0
C@CP 3254 0.395955822 0.0291008189 0.245056439 0 0 0
C@CP 3255 -0.0858134674 0.0548275761 -0.126517594 0 0 0
C@CP 3256 -0.0332646382 0.0880617784 -0.118346792 0 0 0
C@CP 3257 0.443111419 0.107739401 -0.012235603 0 0 0
C@CP 3258 0.189256662 -0.00163075591 0.328285345 0 0 0
C@CP 3259 0.332289354 -0.275634958 -0.125713405 0 0 0
C@CP 3260 -0.0676289944 0.320323368 0.0909046007 0 0 0
C@CP 3261 -0.31771383 -0.0694587637 -0.287096428 0 0 0
C@CP 3262 0.0970535635 0.0731028874 -0.312450096 0 0 0
C@CP 3263 0.106950027 -0.0456779955 -0.0528909585 0 0 0
C@CP 3264 0.266971265 0.249263054 -0.261257513 0 0 0
C@CP 3265 -0.230893452 0.193839018 -0.32158338 0 0 0
C@CP 3266 -0.400500324 -0.123215046 0.0901840943 0 0 0
C@CP 3267 0.356332905 -0.176524703 0.142091569 0 0 0
C@CP 3268 -0.0735591224 -0.316830053 -0.01851224 0 0 0
C@CP 3269 0.197934574 -0.0629627396 0.350182389 0 0 0
C@CP 3270 0.0438679546 0.332131795 0.232839208 0 0 0
C@CP 3271 -0.000458868095 -0.23045004 0.0126498967 0 0 0
C@CP 3272 0.342122105 -0.0615724587 -0.31705661 0 0 0
C@CP 3273 -0.374913136 0.01197955 0.211105915 0 0 0
C@CP 3274 0.169239692 -0.183451613 -0.278282203 0 0 0
C@CP 3275 -0.160134371 -0.184859252 -0.0672390008 0 0 0
C@CP 3277 0.0843700027 -0.142853245 0.0837619975 0 0 0
C@CP 3278 -0.048091383 -0.0832357096 -0.395282101 0 0 0
C@CP 3279 -0.265409815 0.241219416 -0.28612627 0 0 0
C@CP 3280 -0.329344457 -0.190459115 0.167090639 0 0 0
C@CP 3281 0.0995724791 -0.430307328 0.0089786367 0 0 0
C@CP 3282 0.215761121 -0.137590072 -0.163965778 0 0 0
C@CP 3283 -0.178707514 0.0126479154 0.130094382 0 0 0
C@CP 3284 -0.205690951 -0.16910545 -0.0375911653 0 0 0
C@CP 3285 -0.0739791875 -0.360647848 0.0858357502 0 0 0
C@CP 3286 -0.0728506755 -0.0875507728 -0.0953653534 0 0 0
C@CP 3287 -0.124729773 -0.315607053 0.143096412 0 0 0
C@CP 3288 -0.0769998646 0.21388485 0.0202045909 0 0 0
C@CP 3289 -0.157224162 -0.0863585569 -0.0260131348 0 0 0
C@CP 3290 -0.130294261 -0.00540388027 0.344372165 0 0 0
C@CP 3291 -0.268206233 0.156885465 -0.315648378 0 0 0
C@CP 3292 0.0303531467 0.169256818 0.039152065 0 0 0
C@CP 3293 0.204728893 -0.0907577577 -0.0131394524 0 0 0
C@CP 3295 -0.053823361 0.286165249 -0.315333983 0 0 0
C@CP 3296 0.166279214 -0.0570417089 0.0868311307 0 0 0
C@CP 3297 -0.118404895 0.410044956 -0.179434663 0 0 0
C@CP 3298 0.341209747 -0.0465758507 -0.068971821 0 0 0
C@CP 3299 0.221055585 -0.0236871992 -0.0970104973 0 0 0
C@CP 3300 -0.188937739 0.181366068 0.113904314 0 0 0
C@CP 3301 0.229363731 -0.143196924 -0.039622246 0 0 0
C@CP 3302 0.368906362 -0.180242182 0.0601858471 0 0 0
C@CP 3303 0.170437866 0.208225036 -0.16320047 0 0 0
C@CP 3304 0.401982691 0.174739553 -0.066500472 0 0 0
C@CP 3305 0.0501370155 -0.352722373 0.220436981 0 0 0
C@CP 3306 -0.0105860865 0.0764751568 -0.180066956 0 0 0
C@CP 3307 -0.0196831718 0.239751396 -0.203985182 0 0 0
C@CP 3308 0.313812424 0.184497217 -0.0927628503 0 0 0
C@CP 3309 -0.235599998 -0.19365005 0.0721017372 0 0 0
C@CP 3310 -0.19372121 -0.311093878 -0.211912225 0 0 0
C@CP 3311 0.326012116 -0.160389489 -0.168486839 0 0 0
C@CP 3312 -0.154807724 0.311462276 0.0561961295 0 0 0
C@CP 3313 -0.228280691 -0.0687527456 -0.37990091 0 0 0
C@CP 3314 -0.203604164 0.313758081 0.0507689773 0 0 0
C@CP 3315 -0.0426933968 0.0155882482 -0.345125219 0 0 0
C@CP 3316 0.223815906 0.260822611 -0.00920776381 0 0 0
C@CP 3317 -0.0935545111 -0.00181298448 -0.206328811 0 0 0
C@CP 3318 -0.181123775 -0.220694711 0.0876072005 0 0 0
C@CP 3319 -0.150254702 -0.14226535 -0.183615854 0 0 0
C@CP 3320 0.281044096 -0.37161982 0.0519020377 0 0 0
C@CP 3321 0.225004596 -0.118230142 -0.0766354064 0 0 0
C@CP 3322 0.172893702 -0.14701217 0.114365276 0 0 0
C@CP 3323 -0.322593156 -0.173356112 0.0353597575 0 0 0
C@CP 3324 -0.0340035805 -0.34520875 0.232787166 0 0 0
C@CP 3325 -0.303232558 -0.106719545 -0.000591768632 0 0 0
C@CP 3326 -0.42228207 -0.0114851556 -0.173247574 0 0 0
C@CP 3327 0.20796892 -0.271741259 0.234265975 0 0 0
C@CP 3328 0.232377266 -0.16789398 -0.146856556 0 0 0
C@CP 3329 -0.0902494417 -0.424081198 0.0983153233 0 0 0
C@CP 3330 -0.259080078 -0.140656872 -0.122636807 0 0 0
C@CP 3331 0.0676090837 -0.398002242 0.0280364586 0 0 0
C@CP 3332 -0.195724926 0.400829257 0.0665343842 0 0 0
C@CP 3333 -0.20220792 0.0206046866 0.138152375 0 0 0
C@CP 3334 0.0211687833 -0.0587867229 0.335054155 0 0 0
C@CP 3335 -0.0149697512 0.344962303 0.288614852 0 0 0
C@CP 3336 0.279435207 -0.384214406 0.0291364543 0 0 0
C@CP 3337 -0.259798052 -0.177413554 0.323889626 0 0 0
C@CP 3338 -0.362751868 -0.0887006572 0.255887503 0 0 0
C@CP 3339 -0.3946897 0.0399770999 0.136670264 0 0 0
C@CP 3340 0.091670032 0.0051731864 -0.243689392 0 0 0
C@CP 3341 -0.093240478 0.0180085732 0.290835503 0 0 0
C@CP 3342 -0.172322389 -0.0507409177 -0.120546833 0 0 0
C@CP 3343 0.100025646 0.443556257 -0.031866633 0 0 0
C@CP 3344 -0.425322579 -0.0285538569 -0.151453297 0 0 0
C@CP 3345 -0.24101745 0.0975833689 -0.0722130726 0 0 0
C@CP 3346 0.0541517479 -0.0602535876 0.366053889 0 0 0
C@CP 3347 0.348198654 -0.14637532 0.048228595 0 0 0
C@CP 3348 -0.081377606 0.013228694 0.17623063 0 0 0
C@CP 3349 -0.326673569 -0.0842409173 0.159976028 0 0 0
C@CP 3350 0.0400287302 -0.396674323 -0.0102744339 0 0 0
C@CP 3351 0.238381284 -0.254360285 -0.118374011 0 0 0
C@CP 3353 0.266370454 -0.0486849972 0.0580264019 0 0 0
C@CP 3354 -0.0245164199 -0.280499007 0.14219222 0 0 0
C@CP 3355 0.0217537285 -0.167441884 -0.311639156 0 0 0
C@CP 3356 4.09044539e-06 0.225777929 -0.252171061 0 0 0
C@CP 3357 -0.359711219 0.0525231798 0.269425458 0 0 0
C@CP 3358 -0.0730319473 0.247359885 -0.123153041 0 0 0
C@CP 3359 0.231269454 0.0368239378 0.186617547 0 0 0
C@CP 3360 -0.18701507 -0.158307038 0.180844768 0 0 0
C@CP 3361 0.209778509 -0.0558603145 0.15143306 0 0 0
C@CP 3362 -0.246134749 -0.0705336228 0.188864694 0 0 0
C@CP 3363 -0.394921832 0.249602453 -0.15113943 0 0 0
C@CP 3364 0.253572645 0.129740924 -0.287257434 0 0 0
C@CP 3365 0.22970619 -0.306297181 -0.249492342 0 0 0
C@CP 3366 -0.337138643 -0.183206782 0.182587094 0 0 0
C@CP 3367 -0.271730844 -0.135525849 0.0300749757 0 0 0
C@CP 3368 0.00414751869 -0.145933058 -0.440051704 0 0 0
C@CP 3369 0.0226091692 -0.163427553 0.124723236 0 0 0
C@CP 3370 0.249754114 0.0779538688 -0.142832023 0 0 0
C@CP 3371 -0.298548559 0.237244606 -0.0147651607 0 0 0
C@CP 3372 0.15161545 -0.0820862654 0.275636742 0 0 0
C@CP 3373 -0.127050991 -0.265717898 -0.017230168 0 0 0
C@CP 3374 -0.0987113761 0.347860741 -0.101858116 0 0 0
C@CP 3375 -0.131565861 -0.0755940908 0.038029372 0 0 0
C@CP 3376 0.237190637 -0.123180132 0.0305614183 0 0 0
C@CP 3377 0.0436226695 0.0381592089 0.329373272 0 0 0
C@CP 3378 0.0311841916 0.190197546 0.214742361 0 0 0
C@CP 3379 0.118896782 -0.254192124 0.069304753 0 0 0
C@CP 3380 0.0370389999 0.270691073 -0.396350592 0 0 0
C@CP 3381 0.319281695 0.0756250826 -0.25256333 0 0 0
C@CP 3382 -0.175391464 -0.178822057 0.0623981942 0 0 0
C@CP 3383 -0.0349087175 0.26707415 -0.175037741 0 0 0
C@CP 3384 -0.00675623317 0.0452302455 0.0744575307 0 0 0
C@CP 3385 0.270361711 0.135416184 -0.126221933 0 0 0
C@CP 3386 -0.374235531 -0.100988453 -0.0496901286 0 0 0
C@CP 3387 0.0249903127 0.134382117 -0.247493892 0 0 0
C@CP 3388 0.0253251876 0.128360369 -0.383757767 0 0 0
C@CP 3389 0.256544146 -0.23254968 0.273717316 0 0 0
C@CP 3390 0.0170103949 0.322106959 -0.127621902 0 0 0
C@CP 3391 -0.115068596 -0.0286547926 -0.197696437 0 0 0
C@CP 3392 -0.043572865 0.359078872 -0.0395882341 0 0 0
C@CP 3393 -0.278438495 0.077152255 -0.18925034 0 0 0
C@CP 3394 -0.259483975 -0.124931033 0.00841255842 0 0 0
C@CP 3395 0.41524641 -0.0553238641 -0.0703295117 0 0 0
C@CP 3396 0.128956734 -0.182937277 -0.254795326 0 0 0
C@CP 3397 -0.0240131395 -0.32985398 -0.274407563 0 0 0
C@CP 3398 0.367607902 -0.123014274 0.178412654 0 0 0
C@CP 3399 -0.168103277 0.0636808355 0.426429879 0 0 0
C@CP 3400 0.224121695 -0.312625552 0.0165657691 0 0 0
C@CP 3401 0.0823162237 0.072795747 -0.272382625 0 0 0
C@CP 3402 0.191564891 -0.323877633 -0.0720990105 0 0 0
C@CP 3403 -0.0353034121 -0.346924319 0.0340522829 0 0 0
C@CP 3404 0.271800108 0.178075515 -0.190257573 0 0 0
C@CP 3405 0.248575154 0.123784537 0.280734555 0 0 0
C@CP 3406 0.378227155 0.161110994 -0.106197763 0 0 0
C@CP 3407 0.241691408 -0.342130538 -0.0974639904 0 0 0
C@CP 3408 -0.180024104 0.110165101 -0.0432427881 0 0 0
C@CP 3409 -0.0215117723 0.081277037 0.165840679 0 0 0
C@CP 3410 -0.400799179 0.0772594021 -0.191505209 0 0 0
C@CP 3411 -0.0106751339 0.0863470528 0.233548261 0 0 0
C@CP 3412 0.0671067624 -0.199489774 -0.308561965 0 0 0
C@CP 3413 -0.121279827 -0.317916602 -0.309271477 0 0 0
C@CP 3414 0.0690534824 -0.0433349731 0.003561525 0 0 0
C@CP 3415 -0.389089176 -0.0777026519 -0.18423781 0 0 0
C@CP 3416 0.288718069 -0.364782595 -0.0232001896 0 0 0
C@CP 3417 0.398685125 -0.0550347385 -0.193674645 0 0 0
C@CP 3418 -0.148716594 0.136683 0.249917928 0 0 0
C@CP 3419 -0.0236743442 0.123549642 -0.0344720031 0 0 0
C@CP 3420 -0.197172483 -0.17137611 0.0406666009 0 0 0
C@CP 3421 -0.179514006 -0.137200419 0.184382199 0 0 0
C@CP 3422 -0.292766286 -0.268083834 -0.0835257576 0 0 0
C@CP 3423 0.225353828 -0.393389746 -0.0702190715 0 0 0
C@CP 3424 0.289824587 0.200938706 0.089218693 0 0 0
C@CP 3425 0.390356851 -0.24262544 -0.124794426 0 0 0
C@CP 3426 0.244037183 -0.048222612 -0.307289407 0 0 0
C@CP 3427 0.063805623 0.132396848 -0.33491853 0 0 0
C@CP 3428 -0.159034437 0.127734112 -0.242241138 0 0 0
C@CP 3429 -0.0128770279 0.0598287038 -0.233122349 0 0 0
C@CP 3430 -0.244412324 -0.358565348 0.0744879791 0 0 0
C@CP 3431 -0.0625277839 -0.295456788 0.214048456 0 0 0
C@CP 3432 -0.18553504 -0.0607933417 -0.380163719 0 0 0
C@CP 3433 0.0481488006 -0.153428117 0.122635029 0 0 0
C@CP 3434 -0.329132562 -0.0180697336 0.315680471 0 0 0
C@CP 3435 -0.113776055 0.0724934015 0.381257717 0 0 0
C@CP 3436 -0.372998356 -0.152440283 0.0495779491 0 0 0
C@CP 3437 0.230765584 -0.317555021 0.107946306 0 0 0
C@CP 3438 -0.0832206703 0.369922196 0.0224766254 0 0 0
C@CP 3439 0.316124135 -0.121243383 0.287383148 0 0 0
C@CP 3440 -0.0249425739 0.0108882988 -0.247176107 0 0 0
C@CP 3441 -0.267266615 0.213439568 0.235936308 0 0 0
C@CP 3442 0.242734029 0.249734878 0.150059353 0 0 0
C@CP 3443 -0.336504937 0.220881322 0.197340041 0 0 0
C@CP 3444 0.0336551868 0.0666967527 0.0465141034 0 0 0
C@CP 3445 0.0152277026 -0.478765434 -0.00699121042 0 0 0
C@CP 3446 0.302529416 0.0838661538 0.0205271593 0 0 0
C@CP 3447 0.239383973 0.115613572 0.080480733 0 0 0
C@CP 3448 -0.12846035 -0.148812624 -0.344040617 0 0 0
C@CP 3449 -0.0346248444 0.120776271 -0.0110320956 0 0 0
C@CP 3450 0.184861493 -0.399548694 0.0307719197 0 0 0
C@CP 3451 0.139712746 0.173370464 0.00668920644 0 0 0
C@CP 3452 0.0640317026 0.339426812 -0.0984255471 0 0 0
C@CP 3454 0.239835134 -0.0943122177 0.3943292 0 0 0
C@CP 3455 0.0616539442 0.185760345 -0.281250911 0 0 0
C@CP 3456 -0.18013156 0.394354568 -0.162498988 0 0 0
C@CP 3457 -0.300939035 -0.046859846 -0.128233824 0 0 0
C@CP 3458 0.0989943861 0.219068713 0.248163341 0 0 0
C@CP 3459 0.0834063106 0.134912259 0.374457337 0 0 0
C@CP 3460 0.157723526 0.155835358 0.132823509 0 0 0
C@CP 3461 -0.26242275 0.368383169 0.078362325 0 0 0
C@CP 3462 -0.105320287 0.242539911 0.233649628 0 0 0
C@CP 3463 -0.106239264 -0.429647989 0.00213440087 0 0 0
C@CP 3464 0.24669275 -0.166453877 -0.0316912794 0 0 0
C@CP 3465 -0.298990552 0.00319203718 0.0921920624 0 0 0
C@CP 3466 -0.1442235 -0.193069664 -0.037225835 0 0 0
C@CP 3467 -0.213233342 -0.181027232 -0.119382098 0 0 0
C@CP 3468 -0.0954764763 -0.174803277 -0.40105418 0 0 0
C@CP 3469 0.171802854 -0.296519677 -0.120695827 0 0 0
C@CP 3470 0.0756141736 0.114371327 -0.397650298 0 0 0
C@CP 3471 0.04105098 0.169487079 -0.213902741 0 0 0
C@CP 3472 0.34540161 -0.297615009 0.091644609 0 0 0
C@CP 3473 -0.0891393951 -0.212075472 -0.382018566 0 0 0
C@CP 3474 0.195767775 -0.218676682 0.269792393 0 0 0
C@CP 3475 0.312591818 -0.230800748 -0.195397076 0 0 0
C@CP 3476 0.21566973 0.280776154 -0.174492178 0 0 0
C@CP 3477 0.168310345 -0.256726271 -0.269372136 0 0 0
C@CP 3478 0.338177986 -0.196720884 0.169242626 0 0 0
C@CP 3479 0.110984362 0.138339192 0.35594103 0 0 0
C@CP 3480 -0.364700118 0.194410506 -0.226038652 0 0 0
C@CP 3481 0.215473391 0.298816028 0.253706702 0 0 0
C@CP 3482 -0.335876841 -0.321463037 0.027494793 0 0 0
C@CP 3483 0.196352366 -0.380874411 -0.0794241893 0 0 0
C@CP 3484 -0.028931276 0.3152185 0.137415339 0 0 0
C@CP 3485 -0.0568426524 -0.0620001747 0.29212225 0 0 0
C@CP 3486 -0.0931727792 -0.0360851143 0.450614016 0 0 0
C@CP 3487 0.0535173054 0.299854428 -0.26611003 0 0 0
C@CP 3488 -0.313929659 0.171234464 -0.150417311 0 0 0
C@CP 3489 0.282245562 0.0696915669 -0.318979025 0 0 0
C@CP 3490 -0.0400848984 -0.354278647 0.00494853895 0 0 0
C@CP 3491 -0.202713508 -0.238492662 0.209411486 0 0 0
C@CP 3492 -0.327750383 -0.235292995 -0.147959995 0 0 0
C@CP 3493 0.0190065357 0.110883182 -0.153427014 0 0 0
C@CP 3494 0.208114506 0.293534373 0.054593998 0 0 0
C@CP 3495 0.244968085 0.12646166 -0.391363429 0 0 0
C@CP 3496 0.0037940192 0.451832897 -0.0681364611 0 0 0
C@CP 3497 -0.121231341 -0.0101010589 0.0477941744 0 0 0
B@CP 3499 -0.0749764134 0.0878349379 0.379259981 0 0 0
C@CP 3500 0.287675081 -0.236421233 0.239220041 0 0 0
C@CP 3501 -0.179679319 -0.102510239 0.0522199305 0 0 0
C@CP 3502 0.349730964 -0.0487259272 0.219077517 0 0 0
B@CP 3504 -0.429877949 0.127393678 -0.0745997014 0 0 0
C@CP 3505 -0.237189794 -0.0224413621 -0.0159248434 0 0 0
B@CP 3507 -0.0876742424 0.427491255 0.101104203 0 0 0
C@CP 3508 -0.0854581354 -0.111273673 0.436682076 0 0 0
B@CP 3510 -0.317440806 0.181824279 -0.132887999 0 0 0
C@CP 3511 -0.135723155 0.0125164219 -0.179775671 0 0 0
B@CP 3513 0.24852755 -0.239132904 -0.0438504863 0 0 0
C@CP 3514 0.167902454 -0.304487158 0.307546632 0 0 0
B@CP 3516 -0.0141241425 -0.0701869629 0.139006946 0 0 0
C@CP 3517 0.259686514 0.0153967928 0.138432517 0 0 0
B@CP 3519 0.159202497 0.175580508 -0.155373353 0 0 0
C@CP 3520 0.098358474 -0.359697191 -0.149573257 0 0 0
B@CP 3522 0.297209597 0.185279982 0.0200387764 0 0 0
C@CP 3523 0.126319451 0.217530587 0.388215546 0 0 0
