B@CP 1004 -0.333526786 0.042310651 0.159281451 0 0 0
B@CP 1005 0.257541047 0.248857071 0.0887186398 0 0 0
B@CP 1008 -0.303967232 0.115311147 0.0231605349 0 0 0
B@CP 1014 -0.137175178 0.0956581553 0.169366215 0 0 0
B@CP 1018 -0.410887509 -0.154355762 0.111458997 0 0 0
B@CP 1020 0.18904604 -0.233287921 0.183565669 0 0 0
B@CP 1025 -0.222388044 0.151682646 0.347755519 0 0 0
B@CP 1026 0.148833697 0.411549977 0.00411719852 0 0 0
B@CP 1032 -0.0146810199 0.162400814 0.416724826 0 0 0
B@CP 1033 0.0938822935 -0.412622531 -0.127795985 0 0 0
B@CP 1034 -0.248179712 0.0271212255 0.123749068 0 0 0
B@CP 1036 0.167510808 0.297855941 -0.05567502 0 0 0
B@CP 1040 0.085515331 -0.136353913 -0.215123412 0 0 0
B@CP 1041 0.398717112 -0.163098036 -0.0017925116 0 0 0
B@CP 1042 -0.0884150085 -0.0693965829 0.187756615 0 0 0
B@CP 1045 0.267969095 0.122938352 -0.0678279743 0 0 0
B@CP 1046 -0.0372535001 0.285858406 -0.352025398 0 0 0
B@CP 1047 0.00902257773 -0.252144393 0.380804953 0 0 0
B@CP 1055 -0.109283923 0.140076426 -0.00624426997 0 0 0
B@CP 1056 -0.275569058 0.2802512 -0.0413561365 0 0 0
B@CP 1059 0.118197619 -0.236271685 -0.15270998 0 0 0
B@CP 1063 -0.157555997 0.36630326 -0.0709584163 0 0 0
B@CP 1065 0.113178938 0.0503313329 0.184872162 0 0 0
B@CP 1066 0.348791996 -0.129750105 0.270445772 0 0 0
B@CP 1068 -0.0251972151 -0.309311335 -0.0321860506 0 0 0
B@CP 1069 -0.0313975483 0.361014519 0.0366340038 0 0 0
B@CP 1070 0.0192794967 0.382128659 0.262827937 0 0 0
B@CP 1077 -0.0749940446 -0.11888876 -0.102038009 0 0 0
B@CP 1080 -0.200537844 0.148654381 0.318539936 0 0 0
B@CP 1083 0.128765876 0.188076466 -0.0837279257 0 0 0
B@CP 1084 0.337153188 0.0796848867 -0.26834982 0 0 0
B@CP 1085 0.266778874 0.0414081566 -0.0815645751 0 0 0
B@CP 1089 -0.142259732 -0.253519686 -0.0748617051 0 0 0
B@CP 1091 0.0228840228 -0.270171768 0.278814929 0 0 0
B@CP 1092 -0.185428408 0.284661139 -0.109830084 0 0 0
B@CP 1093 -0.0190457251 -0.142019555 -0.104779351 0 0 0
B@CP 1094 -0.157281465 0.146991952 -0.0365677433 0 0 0
B@CP 1099 -0.165957271 0.0612109108 -0.296150229 0 0 0
B@CP 1100 0.100950078 -0.32821509 -0.022718887 0 0 0
B@CP 1104 0.228569313 -0.149320753 0.116124378 0 0 0
B@CP 1105 0.0450226557 -0.34160781 -0.306324515 0 0 0
B@CP 1106 0.259697945 -0.16396333 -0.141324843 0 0 0
B@CP 1107 0.202480719 -0.278809014 -0.179573007 0 0 0
B@CP 1109 0.0622206567 -0.2179884 -0.0583752816 0 0 0
B@CP 1110 0.017084227 -0.0633665541 0.456777926 0 0 0
B@CP 1117 -0.336754135 0.082338967 -0.0463580856 0 0 0
B@CP 1118 0.336471445 -0.157643821 0.0526328718 0 0 0
B@CP 1121 0.322151976 -0.0874554382 -0.042215997 0 0 0
B@CP 1122 -0.213612076 -0.0624743762 -0.380980168 0 0 0
B@CP 1123 0.129208953 0.116354538 0.394183124 0 0 0
B@CP 1125 -0.169328496 -0.387194917 -0.208314507 0 0 0
B@CP 1131 -0.156646743 0.184092929 0.040001116 0 0 0
B@CP 1139 0.0626014939 -0.239482206 -0.137823742 0 0 0
B@CP 1143 0.134811823 0.439124236 0.0709515269 0 0 0
B@CP 1146 -0.210789438 0.314565984 0.0811781684 0 0 0
B@CP 1147 -0.0588319514 -0.252845952 -0.158413322 0 0 0
B@CP 1149 -0.00879259263 -0.041573083 -0.349364997 0 0 0
B@CP 1152 -0.0173209731 0.235040979 0.225010432 0 0 0
B@CP 1154 0.142472327 -0.00744887412 0.144747623 0 0 0
B@CP 1155 -0.0656820355 -0.0496140947 -0.243957024 0 0 0
B@CP 1160 -0.348831276 0.270756027 0.104620919 0 0 0
B@CP 1161 0.336610212 0.142675547 0.016215284 0 0 0
B@CP 1162 0.110637808 0.0741539746 0.325717146 0 0 0
B@CP 1163 0.0131806356 -0.0219086936 0.154773244 0 0 0
B@CP 1166 -0.0699021476 -0.166257548 0.171334103 0 0 0
B@CP 1167 0.0944053172 0.324225364 -0.2811792 0 0 0
B@CP 1170 -0.0870035245 -0.0588518094 0.440191623 0 0 0
B@CP 1171 -0.239328962 -0.316445522 -0.225122966 0 0 0
B@CP 1176 -0.256498437 0.108422514 -0.379657865 0 0 0
B@CP 1179 0.254956838 -0.0288080779 -0.178596791 0 0 0
B@CP 1185 -0.035747266 -0.00315418007 -0.148153782 0 0 0
B@CP 1186 -0.0501501803 -0.291427157 -0.346776823 0 0 0
B@CP 1187 0.0360252598 -0.208255968 0.425702267 0 0 0
B@CP 1188 -0.0615364768 0.170616634 0.00987022473 0 0 0
B@CP 1189 0.200578188 -0.378857231 -0.0685530148 0 0 0
B@CP 1190 0.36367486 0.281424646 0.0366664218 0 0 0
B@CP 1191 -0.0470423046 0.240636613 0.411190517 0 0 0
B@CP 1192 0.257100074 0.27024362 0.120657998 0 0 0
B@CP 1196 -0.141439929 -0.251052591 0.217433413 0 0 0
B@CP 1197 -0.169060294 0.173470851 0.159801857 0 0 0
B@CP 1206 -0.0930255999 -0.0585017082 -0.22058519 0 0 0
B@CP 1211 -0.221454443 -0.329164873 -0.0842961908 0 0 0
B@CP 1221 0.0138550589 -0.210186884 -0.113496554 0 0 0
B@CP 1222 -0.193995175 0.247449277 0.191964997 0 0 0
B@CP 1225 -0.0756035668 0.0150437788 -0.237190611 0 0 0
B@CP 1226 0.228546194 -0.283454803 0.108502973 0 0 0
B@CP 1228 -0.146904054 -0.330598402 -0.22307918 0 0 0
B@CP 1229 0.148422116 -0.288659295 0.172640124 0 0 0
B@CP 1234 0.279662478 -0.311859065 -0.101270455 0 0 0
B@CP 1237 0.0519549491 0.0928705308 0.219964517 0 0 0
B@CP 1239 -0.093707757 0.0432224913 -0.41233968 0 0 0
B@CP 1241 0.419109132 -0.144727583 -0.0469659283 0 0 0
B@CP 1242 -0.187725513 0.295968159 -0.0880224721 0 0 0
B@CP 1245 0.158955231 0.291400998 0.191754341 0 0 0
B@CP 1248 -0.0556783816 -0.0205443872 0.46515641 0 0 0
B@CP 1257 -0.0706517115 -0.131003987 0.0313937122 0 0 0
B@CP 1259 0.0574311799 -0.378252966 0.00941450885 0 0 0
B@CP 1262 0.0908961822 0.0572374467 -0.419489626 0 0 0
B@CP 1263 0.0343705852 -0.370283782 0.000387411653 0 0 0
B@CP 1264 0.124749437 -0.0817552931 0.0781189895 0 0 0
B@CP 1268 0.442707859 0.070746595 0.0639541949 0 0 0
B@CP 1274 -0.398635365 0.0411802508 0.161466866 0 0 0
B@CP 1275 0.102485649 0.0382911087 0.34926522 0 0 0
B@CP 1280 -0.0538855379 0.00561356428 0.136400851 0 0 0
B@CP 1281 -0.0472829411 0.395434714 -0.0486542727 0 0 0
B@CP 1284 0.319347137 0.286444463 0.0151106137 0 0 0
B@CP 1285 -0.122270751 0.247681336 -0.12108658 0 0 0
B@CP 1291 0.00831446879 -0.273626619 0.120588971 0 0 0
B@CP 1293 0.215335559 0.130258339 -0.201259148 0 0 0
B@CP 1299 -0.059004488 0.327825876 -0.244542219 0 0 0
B@CP 1302 0.179880151 -0.00692542346 -0.019336569 0 0 0
B@CP 1305 -0.243866596 0.107797726 0.210496124 0 0 0
B@CP 1306 0.12153472 0.17156242 0.309190077 0 0 0
B@CP 1312 0.153346205 -0.333171097 0.133615659 0 0 0
B@CP 1318 -0.0214548776 -0.330561486 0.10539848 0 0 0
B@CP 1320 0.168717936 -0.0909999152 -0.213982836 0 0 0
B@CP 1323 0.0360160446 0.30480185 0.0693156165 0 0 0
B@CP 1324 -0.183660339 -0.0628859817 0.198235676 0 0 0
B@CP 1326 0.0513213872 -0.127702526 0.292069092 0 0 0
B@CP 1330 0.154452886 0.31413919 -0.266126511 0 0 0
B@CP 1332 -0.397108581 -0.23503828 0.0952951817 0 0 0
B@CP 1335 -0.0581267918 0.226004752 0.273681968 0 0 0
B@CP 1342 0.0247354865 0.292422477 -0.271363311 0 0 0
B@CP 1343 -0.0796279475 -0.245368898 -0.195327816 0 0 0
B@CP 1345 0.171367656 0.113056232 -0.372530207 0 0 0
B@CP 1348 0.130941465 -0.263630341 0.131163111 0 0 0
B@CP 1354 -0.182638773 -0.160572496 -0.291136787 0 0 0
B@CP 1356 -0.0571584787 -0.0631238314 0.115228082 0 0 0
B@CP 1362 0.13552642 0.13763256 -0.196006688 0 0 0
B@CP 1363 -0.00173439768 0.0395133 0.166957777 0 0 0
B@CP 1365 0.213292429 0.179516039 0.184057317 0 0 0
B@CP 1367 -0.267476625 0.103044879 -0.183072453 0 0 0
B@CP 1370 0.104734979 0.224791246 0.257935046 0 0 0
B@CP 1371 -0.0499833043 0.0653794915 0.352544594 0 0 0
B@CP 1372 0.0450657107 -0.306155027 -0.29576772 0 0 0
B@CP 1373 -0.403853957 -0.0918307506 -0.0660039672 0 0 0
B@CP 1375 -0.00131603314 0.33065391 0.00571195573 0 0 0
B@CP 1379 0.130021792 0.012904299 0.156707526 0 0 0
B@CP 1385 0.220631778 -0.148545909 0.252413162 0 0 0
B@CP 1387 0.100012381 -0.207989444 0.296723407 0 0 0
B@CP 1390 0.191598915 0.169686902 0.176431753 0 0 0
B@CP 1391 -0.0784852685 0.43490697 -0.147278567 0 0 0
B@CP 1393 0.432379705 -0.039946489 0.0362645187 0 0 0
B@CP 1398 0.180610331 0.390152768 -0.176429426 0 0 0
B@CP 1406 0.164535797 -0.434627841 -0.0212291541 0 0 0
B@CP 1408 -0.128864105 -0.229673522 -0.0936560532 0 0 0
B@CP 1410 0.3983512 -0.184847793 -0.119972945 0 0 0
B@CP 1416 0.195707228 0.368883786 0.0214407267 0 0 0
B@CP 1417 -0.224167493 0.139872935 0.101832223 0 0 0
B@CP 1422 -0.333690132 0.269917654 -0.19123056 0 0 0
B@CP 1423 -0.119374996 -0.25468188 0.327881634 0 0 0
B@CP 1424 0.0442737224 0.0592117632 0.092572721 0 0 0
B@CP 1428 0.0356736707 -0.165168231 0.0430569072 0 0 0
B@CP 1429 -0.230817794 0.299560236 0.111941373 0 0 0
B@CP 1433 0.109505763 0.132332897 -0.265078337 0 0 0
B@CP 1434 0.340762486 0.169052901 0.0665351638 0 0 0
B@CP 1436 0.031724924 -0.288531218 -0.329575094 0 0 0
B@CP 1438 0.152906387 -0.0537134358 -0.0346261799 0 0 0
B@CP 1439 -0.0169920363 0.236650664 -0.0450434784 0 0 0
B@CP 1446 -0.0683943963 0.403424682 -0.183553416 0 0 0
B@CP 1448 -0.276225562 -0.0723937578 -0.130879902 0 0 0
B@CP 1452 -0.31697059 0.0898346493 -0.313152033 0 0 0
B@CP 1453 -0.162799846 0.0576558187 -0.179889226 0 0 0
B@CP 1454 -0.215092976 0.274300884 0.205047759 0 0 0
B@CP 1465 0.0991107488 -0.380994989 -0.0804560819 0 0 0
B@CP 1466 -0.035180625 -0.00302160609 -0.308802214 0 0 0
B@CP 1470 0.0355551971 0.209954768 -0.00174370464 0 0 0
B@CP 1471 0.234229424 0.221446299 -0.125252656 0 0 0
B@CP 1478 -0.181772404 -0.0898859876 -0.18643561 0 0 0
B@CP 1481 0.269428462 -0.0415008819 0.210906311 0 0 0
B@CP 1482 -0.334803208 0.0446337316 0.090424838 0 0 0
B@CP 1483 -0.240217842 0.371275035 -0.0565828339 0 0 0
B@CP 1486 -0.234277367 0.27256284 -0.0869301061 0 0 0
B@CP 1489 0.0143221881 0.312678349 -0.148223092 0 0 0
B@CP 1490 0.336432573 0.0899425238 0.15378489 0 0 0
B@CP 1491 0.0791142303 -0.179364872 0.207436375 0 0 0
B@CP 1492 -0.0127260533 -0.00932168881 0.105800193 0 0 0
B@CP 1495 -0.206371561 0.372186148 0.0404811548 0 0 0
B@CP 1500 -0.187360424 -0.125045852 0.219712895 0 0 0
B@CP 1504 0.110884781 0.0151178657 0.129707836 0 0 0
B@CP 1505 -0.200866057 0.145610182 -0.318980262 0 0 0
B@CP 1509 0.283907078 -0.311205285 -0.0791291384 0 0 0
B@CP 1515 0.393808429 0.126931284 -0.180727675 0 0 0
B@CP 1519 0.140488368 -0.359702318 -0.147151575 0 0 0
B@CP 1523 -0.0511776431 0.149919881 0.430449815 0 0 0
B@CP 1524 -0.0451392215 -0.0765948254 0.333695438 0 0 0
B@CP 1526 -0.437482518 -0.103971491 -0.112468793 0 0 0
B@CP 1527 -0.250558337 0.002072381 0.00085665632 0 0 0
B@CP 1530 0.28741157 0.190006389 -0.0646946693 0 0 0
B@CP 1534 -0.0481597918 0.262453906 0.0768023235 0 0 0
B@CP 1536 0.0122059506 0.125919672 -0.348819385 0 0 0
B@CP 1551 0.177603855 0.111369769 -0.189484258 0 0 0
B@CP 1552 0.304891731 -0.0149071956 -0.0719536917 0 0 0
B@CP 1555 -0.00964917211 -0.388887974 -0.0020947982 0 0 0
B@CP 1561 0.0678639824 -0.0239359262 -0.0629456871 0 0 0
B@CP 1567 0.158381882 0.16381315 -0.198182828 0 0 0
B@CP 1569 0.20222403 0.0272606051 -0.181559469 0 0 0
B@CP 1572 -0.0750335958 0.249731298 0.296353294 0 0 0
B@CP 1573 -0.0550736951 0.232260292 0.278482523 0 0 0
B@CP 1576 -0.0291213648 0.436053239 0.0400006302 0 0 0
B@CP 1580 -0.17809283 0.106011143 -0.089553701 0 0 0
B@CP 1583 -0.0075107128 0.125343497 -0.368346776 0 0 0
B@CP 1584 -0.18320913 -0.131684431 -0.0289273465 0 0 0
B@CP 1586 -0.0367644237 0.440748995 0.100059551 0 0 0
B@CP 1588 -0.111807683 -0.058320506 -0.00319381662 0 0 0
B@CP 1589 -0.162576857 0.30915701 0.156272764 0 0 0
B@CP 1596 -0.00417905489 0.160805042 -0.284347588 0 0 0
B@CP 1600 -0.0200828497 0.0120341747 0.403587546 0 0 0
B@CP 1606 0.10876233 -0.251097027 -0.294053871 0 0 0
B@CP 1609 0.118552043 -0.131323973 -0.0592735075 0 0 0
B@CP 1611 0.0863257768 -0.270929381 -0.304083626 0 0 0
B@CP 1613 -0.418713971 0.0990615988 -0.183387159 0 0 0
B@CP 1625 0.113679886 0.18046414 0.127489497 0 0 0
B@CP 1630 -0.0987923739 -0.399294804 -0.0741133185 0 0 0
B@CP 1637 -0.314482569 -0.159862463 -0.0147523304 0 0 0
B@CP 1638 0.138747134 -0.002321317 -0.332465812 0 0 0
B@CP 1642 0.226298314 -0.100811508 -0.162538095 0 0 0
B@CP 1645 -0.00531025434 -0.215916599 -0.287855755 0 0 0
B@CP 1649 0.00950998655 0.375449693 0.103654034 0 0 0
B@CP 1655 0.115864451 0.0283117504 -0.180398393 0 0 0
B@CP 1656 -0.259011793 -0.0108369669 -0.300897528 0 0 0
B@CP 1673 0.0467706709 0.348402135 -0.11076877 0 0 0
B@CP 1678 0.0455746473 0.165037928 0.414106139 0 0 0
B@CP 1679 -0.26753905 -0.164932565 0.301768008 0 0 0
B@CP 1681 -0.226115921 0.323031998 0.182699301 0 0 0
B@CP 1686 0.210409872 -0.319657873 0.103180224 0 0 0
B@CP 1690 0.272628723 0.352702899 -0.120392169 0 0 0
B@CP 1694 0.0471967856 -0.188287822 -0.0669974187 0 0 0
B@CP 1696 0.108516595 -0.208128893 -0.291077532 0 0 0
B@CP 1697 0.0566670613 -0.281372456 0.341778323 0 0 0
B@CP 1701 0.0998933135 -0.364744368 -0.130913885 0 0 0
B@CP 1703 -0.0553974183 0.0813907078 -0.10272573 0 0 0
B@CP 1710 0.0281926047 0.0949256912 0.226128179 0 0 0
B@CP 1719 0.0107843774 0.425371873 0.0529698754 0 0 0
B@CP 1722 0.054910048 0.0624977842 -0.264630212 0 0 0
B@CP 1727 -0.135059702 -0.133969952 -0.196285008 0 0 0
B@CP 1733 0.0542112858 -0.183780683 0.280297325 0 0 0
B@CP 1735 0.429180474 0.000234742931 -0.057522419 0 0 0
B@CP 1736 -0.12940539 -0.418251865 0.00646667884 0 0 0
B@CP 1739 -0.129194876 -0.255610033 -0.00234758827 0 0 0
B@CP 1740 0.32289065 -0.218395919 0.233437378 0 0 0
B@CP 1743 0.196146332 0.33818858 -0.0789727503 0 0 0
B@CP 1745 -0.395401047 -0.00250807018 0.251430808 0 0 0
B@CP 1746 -0.314138264 -0.20731042 0.205401581 0 0 0
B@CP 1747 0.115794988 0.373275802 0.203106559 0 0 0
B@CP 1748 -0.0222050296 -0.266961109 -0.0939510091 0 0 0
B@CP 1751 0.154636521 -0.0124844112 -0.24671113 0 0 0
B@CP 1752 0.0828728953 -0.391841381 0.135911466 0 0 0
B@CP 1755 -0.293044949 0.0161361224 -0.0656504116 0 0 0
B@CP 1763 -0.0871614415 0.292900852 -0.22137975 0 0 0
B@CP 1774 0.134611356 0.23911724 0.299311613 0 0 0
B@CP 1777 -0.0461485089 0.344137507 -0.303543543 0 0 0
B@CP 1781 0.267808231 -0.222934101 -0.12653118 0 0 0
B@CP 1789 -0.408851731 0.156206145 -0.177758835 0 0 0
B@CP 1790 0.056793255 0.119278 0.426035608 0 0 0
B@CP 1793 0.188891776 -0.126231093 -0.131426583 0 0 0
B@CP 1800 -0.40514207 -0.113196244 0.193322328 0 0 0
B@CP 1802 -0.285828345 0.212887477 -0.0850317192 0 0 0
B@CP 1803 -0.257728334 0.0702743345 -0.372980712 0 0 0
B@CP 1804 -0.0667402047 0.204818622 -0.421095545 0 0 0
B@CP 1807 0.232046535 -0.120932737 0.138766809 0 0 0
B@CP 1814 -0.142470199 -0.268895796 -0.18329963 0 0 0
B@CP 1815 -0.30330762 0.21382657 -0.0133404497 0 0 0
B@CP 1817 0.329654414 -0.225342159 -0.151573345 0 0 0
B@CP 1819 0.0755289385 0.174856991 -0.385731734 0 0 0
B@CP 1822 -0.0708269461 0.0319924908 0.311092043 0 0 0
B@CP 1823 -0.274850662 -0.0701706024 -0.0124476653 0 0 0
B@CP 1826 -0.0537929266 0.130730854 0.162766014 0 0 0
B@CP 1828 0.233234188 0.0813702255 0.17866434 0 0 0
B@CP 1835 -0.279402584 -0.115744588 0.192795487 0 0 0
B@CP 1836 -0.154285591 0.0576334107 -0.317114047 0 0 0
B@CP 1838 0.187527717 0.150031573 0.229221217 0 0 0
B@CP 1840 -0.104820611 -0.236746565 0.266841909 0 0 0
B@CP 1842 -0.0580061594 -0.0393141253 -0.402281277 0 0 0
B@CP 1844 -0.405519413 0.0705617831 -0.0176987147 0 0 0
B@CP 1847 -0.238678952 -0.198674726 -0.193352599 0 0 0
B@CP 1848 0.107311393 -0.427384084 -0.122425373 0 0 0
B@CP 1851 -0.211266084 -0.00567630159 -0.127094916 0 0 0
B@CP 1852 0.01755687 -0.410932701 -0.0428591217 0 0 0
B@CP 1855 0.0127377844 0.118819025 -0.356295602 0 0 0
B@CP 1856 0.0628060498 -0.336887697 0.26300243 0 0 0
B@CP 1858 0.0639633643 -0.234594946 0.102228128 0 0 0
B@CP 1861 -0.138810429 -0.209882557 0.16381736 0 0 0
B@CP 1862 0.244166462 -0.130526789 0.149152994 0 0 0
B@CP 1866 0.242286635 -0.199444742 0.174948794 0 0 0
B@CP 1870 -0.0837000818 -0.285706728 -0.315107348 0 0 0
B@CP 1872 0.0363905723 0.377547098 0.219878874 0 0 0
B@CP 1873 -0.317163756 -0.105340186 -0.319451313 0 0 0
B@CP 1877 -0.00119855697 0.112105169 -0.314369151 0 0 0
B@CP 1879 0.0850862348 0.21559309 0.210764903 0 0 0
B@CP 1880 0.206307883 -0.155439575 0.269134887 0 0 0
B@CP 1881 -0.0346225356 0.0131044866 0.12645319 0 0 0
B@CP 1883 -0.142319034 -0.0433633492 0.318898018 0 0 0
B@CP 1887 0.0433999635 -0.149501218 -0.12324773 0 0 0
B@CP 1890 0.192653513 0.356708309 0.209524556 0 0 0
B@CP 1891 -0.303972966 0.0542157666 0.0438464382 0 0 0
B@CP 1892 -0.216215153 -0.257812849 -0.119663395 0 0 0
B@CP 1893 -0.415143363 0.0460838419 0.223443788 0 0 0
B@CP 1899 0.160439986 0.303998879 0.0932206236 0 0 0
B@CP 1901 0.130060684 0.165706755 -0.14466217 0 0 0
B@CP 1903 -0.214377631 -0.0587983464 -0.32222932 0 0 0
B@CP 1906 0.105708944 -0.196822098 -0.00378112851 0 0 0
B@CP 1909 0.00363975011 -0.239808367 -0.292863385 0 0 0
B@CP 1910 0.309131009 0.0484071551 0.075176628 0 0 0
B@CP 1911 0.289609654 -0.195306795 -0.270120743 0 0 0
B@CP 1915 0.021947856 0.123661265 0.0164333927 0 0 0
B@CP 1917 0.0195159053 0.0857510191 0.434057661 0 0 0
B@CP 1920 0.0469390196 0.00589206876 -0.0997681943 0 0 0
B@CP 1921 0.180776103 0.31841646 -0.242662344 0 0 0
B@CP 1922 0.0653839317 -0.328114654 -0.0145292873 0 0 0
B@CP 1925 0.188702323 0.0104157588 0.0568404052 0 0 0
B@CP 1935 0.223577122 -0.261452616 0.229617745 0 0 0
B@CP 1937 0.0117679057 -0.00598321318 0.270836003 0 0 0
B@CP 1939 -0.222558017 -0.232074289 -0.0510848797 0 0 0
B@CP 1950 -0.205653354 0.37344669 -0.209330899 0 0 0
B@CP 1955 0.360827401 -0.125445271 0.0251712368 0 0 0
B@CP 1958 0.369483228 0.011441655 -0.0299250621 0 0 0
B@CP 1967 -0.147703903 -0.0659118088 0.250948603 0 0 0
B@CP 1970 -0.155195435 0.0128448989 0.0388647285 0 0 0
B@CP 1974 -0.273856174 0.150001222 0.0884199675 0 0 0
B@CP 1980 -0.360006039 -0.178902886 -0.0283705757 0 0 0
B@CP 1993 0.253896421 0.18211352 0.262881907 0 0 0
B@CP 1994 0.408691187 0.0676956917 0.000907003952 0 0 0
B@CP 1996 -0.062455466 -0.241584575 -0.116472607 0 0 0
B@CP 1999 -0.115156383 0.207015188 -0.409180802 0 0 0
B@CP 2002 0.305777955 -0.145434963 -0.0562434124 0 0 0
B@CP 2005 -0.17713761 0.23161675 -0.144748511 0 0 0
B@CP 2013 0.145252707 0.0760711626 0.0166186869 0 0 0
B@CP 2019 -0.0210546152 0.0820408378 0.264363095 0 0 0
B@CP 2021 0.175257277 -0.278991782 -0.14395564 0 0 0
B@CP 2022 0.0189796972 0.0226256272 -0.241405817 0 0 0
B@CP 2024 0.127495583 0.396045997 -0.247791158 0 0 0
B@CP 2025 0.307408258 -0.330107922 -0.0710655633 0 0 0
B@CP 2026 0.0293962014 -0.155864399 0.410234025 0 0 0
B@CP 2028 -0.127657909 0.0047091507 -0.0548788748 0 0 0
B@CP 2029 -0.290620695 0.10244445 0.167356614 0 0 0
B@CP 2032 0.142904686 0.0917489119 0.351168541 0 0 0
B@CP 2033 0.215187209 0.174942146 0.315525213 0 0 0
B@CP 2034 0.406036013 0.186484334 -0.0967718309 0 0 0
B@CP 2036 -0.29902074 0.04144516 0.0339359168 0 0 0
B@CP 2037 0.183465155 -0.38889974 0.181101579 0 0 0
B@CP 2040 0.245199291 -0.115374704 0.252278401 0 0 0
B@CP 2042 0.226971418 -0.0567237225 0.274618292 0 0 0
B@CP 2043 0.144345198 -0.174539289 -0.108173293 0 0 0
B@CP 2048 0.137679192 0.206191257 0.120698562 0 0 0
B@CP 2050 0.3957916 -0.0437278866 0.218476294 0 0 0
B@CP 2053 -0.0783492186 0.381606819 0.210341766 0 0 0
B@CP 2057 -0.0477734174 -0.15562932 0.226804401 0 0 0
B@CP 2059 0.316146269 0.0569553219 0.17045435 0 0 0
B@CP 2060 -0.152989168 -0.383858116 -0.24086017 0 0 0
B@CP 2068 0.0129580271 -0.0773502808 -0.00203142537 0 0 0
B@CP 2076 0.380957655 -0.0938140877 -0.0409921605 0 0 0
B@CP 2077 0.276706578 -0.328870252 -0.170443207 0 0 0
B@CP 2078 -0.278037798 0.0418240282 -0.259724799 0 0 0
B@CP 2079 0.267096015 0.297485659 0.190766163 0 0 0
B@CP 2081 0.0173996688 0.107817563 -0.0739601891 0 0 0
B@CP 2082 0.303790736 -0.173793218 0.190907507 0 0 0
B@CP 2083 0.423494497 -0.0371842516 -0.214941131 0 0 0
B@CP 2086 0.113929553 0.0572825835 0.270000458 0 0 0
B@CP 2087 0.0611267129 0.289878612 0.156015403 0 0 0
B@CP 2091 -0.145337313 -0.0614809646 0.375938842 0 0 0
B@CP 2095 -0.153716679 -0.0513525019 0.0940139516 0 0 0
B@CP 2103 -0.0083098441 0.373905659 0.0874955639 0 0 0
B@CP 2105 -0.0841713104 -0.139335831 0.150668113 0 0 0
B@CP 2109 0.0782903285 0.228486519 -0.272532958 0 0 0
B@CP 2110 0.00168186747 0.203790982 -0.0714734822 0 0 0
B@CP 2111 -0.308796387 0.0995714427 -0.305499485 0 0 0
B@CP 2113 0.314547072 -0.223036513 -0.0710601478 0 0 0
B@CP 2114 0.0157207254 -0.230449598 -0.357783849 0 0 0
B@CP 2115 -0.22353361 -0.0374563098 -0.302202214 0 0 0
B@CP 2117 0.0423404727 0.389101309 -0.0843314231 0 0 0
B@CP 2118 -0.206156169 -0.0383734652 -0.32426387 0 0 0
B@CP 2119 0.307626003 0.280770053 -0.0353233311 0 0 0
B@CP 2125 0.259631339 0.00347429314 0.166520955 0 0 0
B@CP 2127 0.172271619 0.165213823 0.397642751 0 0 0
B@CP 2130 0.306292185 0.0622416947 -0.11641748 0 0 0
B@CP 2131 -0.424466525 0.0748249275 0.0924258114 0 0 0
B@CP 2133 0.289869602 0.0686726882 -0.324935991 0 0 0
B@CP 2134 0.0260682821 -0.210591078 -0.196099003 0 0 0
B@CP 2136 0.121054735 0.0482362678 0.253410523 0 0 0
B@CP 2141 0.0573782813 0.0251030276 0.260946202 0 0 0
B@CP 2144 8.41952252e-05 0.0745567687 0.452517379 0 0 0
B@CP 2145 -0.120665136 0.244156054 0.366325983 0 0 0
B@CP 2149 0.169318514 -0.317182745 0.178288233 0 0 0
B@CP 2154 -0.0902130282 0.361413602 0.034504151 0 0 0
B@CP 2161 0.190369982 0.120600404 0.222960014 0 0 0
B@CP 2164 -0.10993464 -0.196726604 0.095083173 0 0 0
B@CP 2166 0.0703166359 -0.384990675 0.0468096387 0 0 0
B@CP 2168 -0.102810484 -0.189789143 -0.0231362502 0 0 0
B@CP 2169 -0.147411181 -0.074183239 -0.378203807 0 0 0
B@CP 2175 -0.0267671019 0.311697363 -0.229306664 0 0 0
B@CP 2177 0.277903116 -0.0845110103 0.181548838 0 0 0
B@CP 2182 -0.0146777568 -0.305213394 -0.0387430181 0 0 0
B@CP 2186 0.278081858 0.270195809 -0.0569130416 0 0 0
B@CP 2188 -0.00931232845 -0.315222055 0.176906767 0 0 0
B@CP 2203 0.324464866 -0.233059371 -0.0806931208 0 0 0
B@CP 2205 -0.208595856 -0.0950391634 0.18589405 0 0 0
B@CP 2207 0.00112486055 -0.202741754 0.00205871552 0 0 0
B@CP 2208 -0.212880849 -0.313959745 -0.0387176658 0 0 0
B@CP 2213 0.219543167 0.185398662 -0.377002813 0 0 0
B@CP 2215 0.425978523 -0.0294877251 -0.142279377 0 0 0
B@CP 2217 0.248523252 0.0307445117 -0.273420598 0 0 0
B@CP 2220 -0.0690490081 -0.137916051 0.0550264836 0 0 0
B@CP 2221 -0.285621938 -0.0887969056 -0.172981716 0 0 0
B@CP 2222 -0.0475896868 0.374003462 -0.0183657081 0 0 0
B@CP 2225 0.15102043 0.386133424 0.132529347 0 0 0
B@CP 2226 0.268210027 0.130086263 -0.301021617 0 0 0
B@CP 2228 0.300784997 0.272061577 -0.19000677 0 0 0
B@CP 2230 -0.0685081532 0.349362947 -0.152859306 0 0 0
B@CP 2233 0.289442444 -0.18911332 -0.212965583 0 0 0
B@CP 2234 0.19259444 -0.0363548802 -0.256202908 0 0 0
B@CP 2248 -0.125068313 0.313649696 0.223904223 0 0 0
B@CP 2250 -0.393239698 0.0920125251 -0.185747233 0 0 0
B@CP 2251 -0.204062829 -0.0935183369 0.0695878261 0 0 0
B@CP 2252 0.371218377 0.20616069 -0.122142051 0 0 0
B@CP 2254 -0.423923222 -0.156893561 0.1156295 0 0 0
B@CP 2255 -0.069433055 -0.271331806 -0.374518455 0 0 0
B@CP 2256 -0.129954969 0.276224636 0.0685030708 0 0 0
B@CP 2263 -0.29312521 -0.00312239913 -0.308975879 0 0 0
B@CP 2267 -0.0940714525 0.0435048201 -0.221360803 0 0 0
B@CP 2271 0.0369908904 0.270343446 -0.150163545 0 0 0
B@CP 2272 0.0283118051 -0.0271268862 -0.269852088 0 0 0
B@CP 2273 0.29261239 0.289381461 -0.176058074 0 0 0
B@CP 2275 0.118813686 -0.184334904 -0.277187668 0 0 0
B@CP 2279 0.358913873 -0.111558508 0.168904817 0 0 0
B@CP 2282 -0.271501172 -0.0396856545 0.197869743 0 0 0
B@CP 2284 -0.333460603 0.0948078936 0.269104367 0 0 0
B@CP 2285 0.354545832 0.093488045 -0.162882584 0 0 0
B@CP 2293 0.102760781 0.370410275 0.154669111 0 0 0
B@CP 2299 0.130664219 0.334482365 -0.201287657 0 0 0
B@CP 2300 0.27667689 -0.314424998 -0.1287658 0 0 0
B@CP 2301 -0.327230532 0.0857445282 0.204189062 0 0 0
B@CP 2303 0.190096098 -0.0144136533 0.35268532 0 0 0
B@CP 2305 -0.233546771 0.000253812486 -0.192625136 0 0 0
B@CP 2309 -0.171395853 -0.0902343405 0.383183541 0 0 0
B@CP 2313 0.14491941 0.0324730286 -0.299008942 0 0 0
B@CP 2315 0.289382221 0.0822657605 0.00697484917 0 0 0
B@CP 2320 -0.36882611 0.23769805 0.139384419 0 0 0
B@CP 2325 0.370236398 0.258629003 -0.0857921195 0 0 0
B@CP 2329 -0.248987491 -0.0409158078 -0.164665419 0 0 0
B@CP 2331 0.231583303 -0.105492922 -0.112633109 0 0 0
B@CP 2332 -0.112438468 -0.2737904 0.102216952 0 0 0
B@CP 2333 0.122576991 0.144416505 -0.41752132 0 0 0
B@CP 2335 0.391750297 0.00905767263 0.124468199 0 0 0
B@CP 2336 0.402806404 0.111613749 0.218445895 0 0 0
B@CP 2340 -0.0148090914 -0.110726869 0.132370316 0 0 0
B@CP 2343 0.117896002 0.041233967 0.305351159 0 0 0
B@CP 2346 -0.0540563579 0.175641472 0.163577024 0 0 0
B@CP 2348 -0.318016173 0.23358741 0.145353649 0 0 0
B@CP 2350 0.0248498123 -0.335133155 -0.13123459 0 0 0
B@CP 2351 0.289008137 0.108634342 -0.198368536 0 0 0
B@CP 2356 0.0499139518 0.0406445286 0.00636624263 0 0 0
B@CP 2357 0.28897168 0.108597983 0.0931148353 0 0 0
B@CP 2359 -0.321848558 -0.0145885331 -0.0402140217 0 0 0
B@CP 2363 0.202242293 0.173607889 -0.355112404 0 0 0
B@CP 2365 0.0690705846 -0.0223452826 -0.407368285 0 0 0
B@CP 2368 -0.168598933 -0.124151889 0.0762238904 0 0 0
B@CP 2369 -0.318201649 -0.0475883747 0.0864650202 0 0 0
B@CP 2370 0.288068054 0.306986941 0.0347806387 0 0 0
B@CP 2372 -0.210821822 0.340323567 -0.190386788 0 0 0
B@CP 2373 -0.182631755 -0.218444243 0.0539345171 0 0 0
B@CP 2376 0.156577865 0.361832037 -0.0514554929 0 0 0
B@CP 2381 -0.323981529 -0.0686214282 -0.265428438 0 0 0
B@CP 2382 0.270813603 0.117948488 0.223035414 0 0 0
B@CP 2383 -0.0640714416 0.0976038925 -0.116309545 0 0 0
B@CP 2386 -0.311496402 0.240493456 0.00557276155 0 0 0
B@CP 2388 -0.314138433 0.139267697 0.290131235 0 0 0
B@CP 2392 0.372330177 0.280846335 -0.0154244632 0 0 0
B@CP 2395 0.0511071715 -0.214781827 -0.179334772 0 0 0
B@CP 2397 -0.0951851956 -0.0342552922 0.248756804 0 0 0
B@CP 2400 0.0641179899 0.452417863 -0.0758722424 0 0 0
B@CP 2402 -0.110992065 0.416329972 0.181183494 0 0 0
B@CP 2405 0.155768821 0.297551385 -0.135686668 0 0 0
B@CP 2411 0.114301334 -0.284788245 -0.2676132 0 0 0
B@CP 2413 -0.199727828 -0.0236274948 -0.304721284 0 0 0
B@CP 2416 -0.370000178 0.117034425 -0.0457046158 0 0 0
B@CP 2421 0.0349333489 -0.0141917028 -0.090469323 0 0 0
B@CP 2437 0.239079188 -0.373997564 0.00336502687 0 0 0
B@CP 2441 0.3026838 0.330856623 -0.0849186436 0 0 0
B@CP 2456 -0.378987542 -0.00379975261 0.207481998 0 0 0
B@CP 2457 -0.00438075838 -0.231194948 -0.00586705804 0 0 0
B@CP 2459 0.0105834927 0.00805412356 -0.325791987 0 0 0
B@CP 2460 0.0449820462 0.192978824 0.208706605 0 0 0
B@CP 2461 0.166828148 0.245356299 0.167049249 0 0 0
B@CP 2462 -0.287617704 0.148657421 0.0818932442 0 0 0
B@CP 2467 -0.14072674 -0.130986304 0.201795688 0 0 0
B@CP 2471 0.321404124 0.0209150121 -0.269146212 0 0 0
B@CP 2475 -0.169217341 0.200935405 -0.0860769853 0 0 0
B@CP 2477 0.0222463856 0.0971878184 0.350431648 0 0 0
B@CP 2481 -0.384873863 -0.069468277 -0.0768240113 0 0 0
B@CP 2487 0.370636203 -0.141977202 0.208124548 0 0 0
B@CP 2492 0.237705688 0.0909005448 -0.254861787 0 0 0
C@CP 2500 0.394767972 -0.0933146612 -0.0969721777 0 0 0
C@CP 2501 0.0948184207 -0.0361626959 -0.140143948 0 0 0
C@CP 2502 0.2204902 -0.111240004 -0.141755835 0 0 0
C@CP 2503 0.270321304 -0.191706096 -0.184901079 0 0 0
C@CP 2505 -0.0944672019 0.415037921 0.203159428 0 0 0
C@CP 2506 0.124698479 0.231567895 0.29948891 0 0 0
C@CP 2507 0.0457599246 0.0372215676 0.13327408 0 0 0
C@CP 2508 0.00448687978 -0.0549654894 -0.0505842868 0 0 0
C@CP 2509 -0.102593571 -0.451825404 0.0549324725 0 0 0
C@CP 2510 0.318663211 0.0375571303 -0.102020948 0 0 0
C@CP 2511 0.364040333 0.132711017 0.0658547088 0 0 0
C@CP 2512 0.0511628764 -0.0102334334 0.100874833 0 0 0
C@CP 2513 0.0745333302 0.417194493 0.13753098 0 0 0
C@CP 2514 0.150091583 0.153433855 -0.0119656738 0 0 0
C@CP 2515 -0.102069915 0.200982786 -0.328722636 0 0 0
C@CP 2516 0.21743984 0.27733097 -0.199625503 0 0 0
C@CP 2517 0.338098418 -0.158776322 -0.0141102636 0 0 0
C@CP 2518 -0.0614607314 -0.197321985 -0.237707248 0 0 0
C@CP 2519 -0.121445141 0.442540804 0.00478657494 0 0 0
C@CP 2520 0.0398667005 0.312427756 -0.195978637 0 0 0
C@CP 2521 0.318509216 -0.328711938 0.0373563603 0 0 0
C@CP 2522 -0.306469288 -0.0434951472 -0.0707650152 0 0 0
C@CP 2523 0.0779825625 0.0935821522 -0.293496891 0 0 0
C@CP 2524 -0.226213406 0.242478148 -0.25681509 0 0 0
C@CP 2525 0.359874799 -0.0212784222 0.275333963 0 0 0
C@CP 2526 -0.186596393 0.351586903 0.00323794927 0 0 0
C@CP 2527 -0.164937714 -0.100657711 -0.187977715 0 0 0
C@CP 2528 -0.210654766 -0.220556304 0.295573066 0 0 0
C@CP 2529 0.125234419 -0.0976348245 0.370269738 0 0 0
C@CP 2530 -0.296673307 -0.000828236696 -0.0175765861 0 0 0
C@CP 2531 -0.2145802 0.244911041 0.096186431 0 0 0
C@CP 2532 -0.0505695403 -0.161308896 -0.38263551 0 0 0
C@CP 2533 -0.139981732 -0.025006652 0.163687559 0 0 0
C@CP 2534 0.0499770272 0.291750673 0.117638192 0 0 0
C@CP 2535 0.159846251 -0.237771759 0.0818555413 0 0 0
C@CP 2536 -0.123169415 0.144373311 0.293360172 0 0 0
C@CP 2537 -0.189557266 -0.0225066593 0.397049487 0 0 0
C@CP 2538 -0.119724081 -0.240366417 -0.190810533 0 0 0
C@CP 2539 -0.00190337267 0.110595194 -0.353174458 0 0 0
C@CP 2540 -0.223283241 -0.248639253 0.172728462 0 0 0
C@CP 2541 0.117851429 -0.150919962 -0.190913165 0 0 0
C@CP 2542 0.155742247 -0.364525126 0.196263905 0 0 0
C@CP 2543 0.079530369 -0.244594272 0.0598483354 0 0 0
C@CP 2544 -0.280005972 0.308222078 0.100356238 0 0 0
C@CP 2545 0.270903728 0.117855287 -0.016483907 0 0 0
C@CP 2546 0.031690448 0.416177299 -0.0420015866 0 0 0
C@CP 2547 0.0365717985 -0.0315021408 -0.134135906 0 0 0
C@CP 2548 -0.171351188 -0.144504471 -0.0869622773 0 0 0
C@CP 2549 0.0646429032 0.211014096 -0.187325169 0 0 0
C@CP 2550 0.350672619 0.180862342 0.242116348 0 0 0
C@CP 2551 -0.31171932 -0.284000734 -0.149339955 0 0 0
C@CP 2552 -0.031964996 -0.0202852379 0.442570592 0 0 0
C@CP 2553 -0.258033089 0.0522920683 -0.376317481 0 0 0
C@CP 2554 -0.100652713 0.254420051 -0.283371697 0 0 0
C@CP 2555 -0.0497223838 0.199726009 0.223504228 0 0 0
C@CP 2556 0.0752838606 -0.0530004954 0.0852679942 0 0 0
C@CP 2557 0.303062291 0.228389227 0.132576212 0 0 0
C@CP 2558 -0.344462754 -0.0224426059 -0.2933969 0 0 0
C@CP 2559 -0.334011973 -0.202170634 0.154738318 0 0 0
C@CP 2560 -0.0674349171 0.101644602 -0.0507061978 0 0 0
C@CP 2561 0.0594273892 -0.346637753 0.0468778286 0 0 0
C@CP 2562 -0.172367195 -0.261972729 0.299915293 0 0 0
C@CP 2563 -0.217602897 0.167013472 -0.112127194 0 0 0
C@CP 2564 0.0725480126 -0.465090713 -0.025662818 0 0 0
C@CP 2565 -0.141467764 -0.417213193 -0.0888269198 0 0 0
C@CP 2566 -0.238237685 -0.00108241412 0.0500514982 0 0 0
C@CP 2567 0.0794956754 -0.0752546191 0.213434999 0 0 0
C@CP 2568 -0.0601391778 -0.166696425 0.410418301 0 0 0
C@CP 2569 -0.0225330083 -0.274712877 0.16641552 0 0 0
C@CP 2570 0.300997237 -0.3014662 -0.17977675 0 0 0
C@CP 2571 0.15694324 -0.0108525843 0.244533738 0 0 0
C@CP 2572 0.349475096 -0.1253676 -0.113529583 0 0 0
C@CP 2573 -0.259610933 0.135656266 0.275914848 0 0 0
C@CP 2574 -0.145292482 0.0404100275 -0.0688048881 0 0 0
C@CP 2575 -0.150623264 -0.110660015 -0.296265555 0 0 0
C@CP 2576 0.0272009065 -0.103890186 -0.458324642 0 0 0
C@CP 2577 0.0641563566 0.266684856 0.164093606 0 0 0
C@CP 2578 0.00423302781 0.108293883 0.262710537 0 0 0
C@CP 2579 -0.189000053 -0.258448383 0.194235711 0 0 0
C@CP 2580 -0.064355317 0.0459200408 -0.197464526 0 0 0
C@CP 2581 0.135181433 0.0501779663 -0.0828152168 0 0 0
C@CP 2582 0.282935214 0.243702937 0.0399348257 0 0 0
C@CP 2583 0.222642368 0.14190131 0.196568474 0 0 0
C@CP 2584 0.155317224 -0.369722069 0.075857218 0 0 0
C@CP 2585 -0.0265099971 0.00935973726 -0.437888953 0 0 0
C@CP 2586 0.0706036135 -0.0399111243 0.085286751 0 0 0
C@CP 2587 -0.0854549514 0.217979116 -0.0152683918 0 0 0
C@CP 2588 0.0296129697 0.196655818 -0.290733861 0 0 0
C@CP 2589 0.124162416 -0.377230495 -0.0656556829 0 0 0
C@CP 2590 -0.0364560244 -0.132411426 0.448117849 0 0 0
C@CP 2591 0.137555784 0.308525804 0.150167891 0 0 0
C@CP 2592 -0.103557264 0.285164436 0.245901918 0 0 0
C@CP 2593 0.176421753 -0.00586756504 0.23826301 0 0 0
C@CP 2594 0.0778527459 0.0934311598 0.440040881 0 0 0
C@CP 2595 -0.349860041 -0.0741790092 -0.255538352 0 0 0
C@CP 2596 -0.103866679 0.327062278 -0.252879163 0 0 0
C@CP 2597 0.153627084 0.24250591 -0.141666517 0 0 0
C@CP 2598 0.036930376 0.185122128 0.428648629 0 0 0
C@CP 2599 0.178808872 -0.13888377 -0.0937393727 0 0 0
C@CP 2600 -0.110116933 0.143070753 -0.232943129 0 0 0
C@CP 2601 0.330619341 0.00243595353 0.0848588001 0 0 0
C@CP 2602 -0.0688010162 0.0799848834 -0.0916826595 0 0 0
C@CP 2603 0.245373806 -0.0243963921 -0.0129870389 0 0 0
C@CP 2604 0.209395402 -0.0857203934 -0.143809717 0 0 0
C@CP 2605 -0.158494329 -0.0823295522 -0.286036491 0 0 0
C@CP 2606 -0.227104042 0.0751202954 -0.291174579 0 0 0
C@CP 2607 0.349115214 -0.177891799 0.209931398 0 0 0
C@CP 2608 -0.358115325 0.138251384 0.233720084 0 0 0
C@CP 2609 0.165008486 0.0910698773 -0.197502694 0 0 0
C@CP 2610 -0.199739317 -0.12979551 0.363488055 0 0 0
C@CP 2611 0.287782737 -0.168470087 -0.00649102162 0 0 0
C@CP 2612 0.267908402 -0.0175184465 0.14206086 0 0 0
C@CP 2613 -0.109867797 0.189098027 0.34663465 0 0 0
C@CP 2614 0.23424907 -0.0853811238 -0.162761108 0 0 0
C@CP 2615 0.211392528 0.340915696 -0.241614998 0 0 0
C@CP 2616 -0.0198649652 -0.40671331 0.0252006881 0 0 0
C@CP 2617 0.107877949 -0.238927454 0.138021562 0 0 0
C@CP 2618 -0.0725533761 -0.375573347 -0.211936663 0 0 0
C@CP 2619 0.123415389 0.165889046 -0.35610036 0 0 0
C@CP 2620 -0.0363014756 -0.383566931 0.235898417 0 0 0
C@CP 2621 -0.312952319 0.0108799749 0.0341152847 0 0 0
C@CP 2622 0.363233943 -0.109395522 -0.0342468028 0 0 0
C@CP 2623 0.209526716 0.14021499 -0.0857249209 0 0 0
C@CP 2624 -0.0636529707 0.208018218 0.389176238 0 0 0
C@CP 2625 0.249403129 -0.310183253 0.0982565235 0 0 0
C@CP 2626 -0.133844437 -0.244573624 -0.251326752 0 0 0
C@CP 2627 0.239835483 0.0765569005 0.0682867218 0 0 0
C@CP 2628 0.195190042 0.020514524 -0.135686584 0 0 0
C@CP 2629 0.0659318503 0.00471342035 0.438614367 0 0 0
C@CP 2630 -0.1423502 -0.373773771 -0.237744007 0 0 0
C@CP 2631 0.0514875476 -0.0037964598 -0.0109213596 0 0 0
C@CP 2632 -0.187343982 0.184386986 0.36438714 0 0 0
C@CP 2633 0.309161104 -0.132175228 0.294763916 0 0 0
C@CP 2634 -0.388575527 -0.106665936 0.00158889855 0 0 0
C@CP 2635 0.268173737 -0.102809327 -0.343692699 0 0 0
C@CP 2636 -0.344091981 -0.0376887468 0.172919174 0 0 0
C@CP 2637 -0.077618537 0.143593431 -0.0084528283 0 0 0
C@CP 2638 0.310330303 -0.160271128 -0.135939281 0 0 0
C@CP 2639 -0.214802628 -0.172339641 0.216528096 0 0 0
C@CP 2640 -0.146155284 0.242891267 0.139731245 0 0 0
C@CP 2641 0.0293042809 -0.35494203 0.0723715778 0 0 0
C@CP 2642 0.225342091 -0.250285567 0.0773172403 0 0 0
C@CP 2643 -0.230339 -0.0766054207 -0.240431704 0 0 0
C@CP 2644 -0.093348866 -0.233729355 0.281849634 0 0 0
C@CP 2645 0.145832433 -0.284002096 -0.0245501336 0 0 0
C@CP 2646 -0.166949108 -0.219808807 -0.0959512896 0 0 0
C@CP 2647 -0.303031914 0.221602388 -0.161004461 0 0 0
C@CP 2648 -0.440882165 -0.00761185002 0.177787624 0 0 0
C@CP 2649 0.393198417 0.0484232634 0.180495392 0 0 0
C@CP 2650 0.0554634766 -0.0466760282 -0.387918013 0 0 0
C@CP 2651 -0.122665145 0.160809904 0.160399639 0 0 0
C@CP 2652 -0.0142041689 -0.0341250469 0.207464042 0 0 0
C@CP 2653 0.087452924 0.351877679 -0.0484486294 0 0 0
C@CP 2654 0.171836232 -0.385920322 0.182539634 0 0 0
C@CP 2655 -0.0887009582 -0.0419495129 -0.32955406 0 0 0
C@CP 2656 -0.103322435 -0.0632052253 -0.378564528 0 0 0
C@CP 2657 0.147120724 -0.0152031095 0.351461271 0 0 0
C@CP 2658 0.353553071 0.125276273 0.0409256094 0 0 0
C@CP 2659 -0.041428181 -0.0778371829 0.271863264 0 0 0
C@CP 2660 0.218538655 -0.178931527 0.203659827 0 0 0
C@CP 2662 -0.0327297976 -0.382701468 -0.245008617 0 0 0
C@CP 2663 -0.0144811056 -0.136577591 -0.122733 0 0 0
C@CP 2664 -9.92947203e-05 0.128550879 -0.175165321 0 0 0
C@CP 2665 -0.0573432783 -0.341861373 0.229029444 0 0 0
C@CP 2666 0.0601041191 -0.406063257 0.211584193 0 0 0
C@CP 2667 0.11304878 -0.279446319 0.163739123 0 0 0
C@CP 2668 0.150588573 0.373235347 -0.186802809 0 0 0
C@CP 2669 0.17173696 0.234367806 -0.0874223642 0 0 0
C@CP 2670 -0.335924565 0.138024452 -0.117298061 0 0 0
C@CP 2671 -0.102614684 0.177789807 0.101399624 0 0 0
C@CP 2672 -0.231287863 -0.382796769 -0.138533613 0 0 0
C@CP 2673 -0.0811937803 -0.0149553752 -0.172134473 0 0 0
C@CP 2674 -0.142323927 0.0303643372 0.0471686717 0 0 0
C@CP 2675 0.0145530633 -0.11232692 -0.0123984703 0 0 0
C@CP 2676 0.158290977 0.211761353 -0.252456488 0 0 0
C@CP 2677 -0.121419159 0.304019391 0.32320986 0 0 0
C@CP 2678 0.0709754334 -0.375844473 0.177450064 0 0 0
C@CP 2679 0.158584838 0.0341356262 -0.127358597 0 0 0
C@CP 2680 -0.296935621 -0.160049445 -0.197984116 0 0 0
C@CP 2681 -0.0970324789 -0.146245477 -0.116742333 0 0 0
C@CP 2682 -0.414861228 -0.178805901 -0.0985107554 0 0 0
C@CP 2683 -0.168666067 -0.0891701024 0.378084113 0 0 0
C@CP 2684 -0.23826827 0.0112390363 0.25295082 0 0 0
C@CP 2685 0.254510088 0.0138466575 0.0474856584 0 0 0
C@CP 2686 -0.325068647 0.050190687 0.279230861 0 0 0
C@CP 2687 -0.0424176737 0.323267131 -0.0905331959 0 0 0
C@CP 2688 0.113561681 0.395104902 0.00615805971 0 0 0
C@CP 2689 -0.325024181 -0.0995079159 -0.257424628 0 0 0
C@CP 2690 0.124127759 0.212240609 -0.398800449 0 0 0
C@CP 2691 -0.166706325 -0.291088788 0.0111275683 0 0 0
C@CP 2692 -0.0482315548 -0.262105584 0.127942692 0 0 0
C@CP 2693 -0.302413621 -0.0419610625 0.136495499 0 0 0
C@CP 2694 0.180281536 0.00151766374 0.232275096 0 0 0
C@CP 2695 0.200807877 -0.0524308297 -0.251870458 0 0 0
C@CP 2696 -0.164814715 0.345325056 -0.215163017 0 0 0
C@CP 2697 0.277247313 0.255772399 0.145351547 0 0 0
C@CP 2698 -0.017276965 0.171795914 -0.361845879 0 0 0
C@CP 2699 -0.000498506755 -0.0788952555 -0.0420061763 0 0 0
C@CP 2700 -0.034831883 0.208887105 -0.0134733269 0 0 0
C@CP 2701 -0.214877237 0.00195297584 -0.242978863 0 0 0
C@CP 2702 0.0955047563 -0.11268099 0.364721895 0 0 0
C@CP 2703 0.298256998 0.155028128 -0.267674458 0 0 0
C@CP 2704 -0.321207514 -0.266565416 0.0358322611 0 0 0
C@CP 2705 -0.0411455056 -0.376909661 0.212691263 0 0 0
C@CP 2706 -0.225794688 0.0913930646 0.0607207363 0 0 0
C@CP 2707 0.26036537 0.270267145 -0.0179404467 0 0 0
C@CP 2708 -0.400115522 -0.0904956046 -0.148102476 0 0 0
C@CP 2709 -0.0313413792 0.29269666 -0.324214279 0 0 0
C@CP 2710 -0.389882679 0.113997765 -0.207043739 0 0 0
C@CP 2711 -0.0309214532 -0.130559916 -0.260133629 0 0 0
C@CP 2712 -0.280351666 -0.332981825 -0.0804000605 0 0 0
C@CP 2713 0.157929754 -0.0315826733 -0.122177731 0 0 0
C@CP 2714 0.0411951751 0.252245825 0.105421161 0 0 0
C@CP 2715 -0.0983061825 0.155497337 0.0719260174 0 0 0
C@CP 2716 -0.216786947 0.0593466343 0.406222279 0 0 0
C@CP 2717 -0.372159407 -0.262846963 0.0893258214 0 0 0
C@CP 2718 -0.136019236 -0.224252319 -0.355531765 0 0 0
C@CP 2719 -0.0996435698 -0.151751198 -0.353580392 0 0 0
C@CP 2720 0.0892286938 0.0105113306 -0.182807682 0 0 0
C@CP 2721 -0.135254001 0.309644357 -0.141110162 0 0 0
C@CP 2722 0.042555507 0.345644951 -0.0238967362 0 0 0
C@CP 2723 -0.0519675582 0.217005586 -0.403314316 0 0 0
C@CP 2724 0.145966736 -0.146303146 -0.16072305 0 0 0
C@CP 2725 -0.203691367 0.11438348 -0.0228938308 0 0 0
C@CP 2726 0.0994699951 -0.218452609 0.383420449 0 0 0
C@CP 2727 -0.00268254319 -0.0891650548 0.432699811 0 0 0
C@CP 2728 -0.081214187 -0.249028966 -0.243335587 0 0 0
C@CP 2729 0.226875291 -0.0917779732 0.208322691 0 0 0
C@CP 2730 0.119902127 -0.215760554 -0.277190795 0 0 0
C@CP 2731 0.0582256827 0.354455913 -0.015047099 0 0 0
C@CP 2732 0.347434136 -0.070485366 -0.144145042 0 0 0
C@CP 2733 0.0116081994 -0.229957611 0.341104949 0 0 0
C@CP 2734 -0.257881978 0.368850112 0.0515155715 0 0 0
C@CP 2735 -0.409139587 0.19599063 0.11432779 0 0 0
C@CP 2736 0.159642321 -0.261665321 -0.06857303 0 0 0
C@CP 2737 -0.193588956 0.292146789 -0.119380037 0 0 0
C@CP 2738 -0.00841426571 -0.208942705 0.250337198 0 0 0
C@CP 2739 -0.123153171 0.268681821 -0.112533165 0 0 0
C@CP 2740 -0.0854063204 0.116447401 0.124454254 0 0 0
C@CP 2741 -0.0388267022 -0.207329823 -0.115120573 0 0 0
C@CP 2742 0.212608822 0.162850727 -0.0426092785 0 0 0
C@CP 2743 -0.0602052618 0.0757281174 -0.143483542 0 0 0
C@CP 2744 0.198005657 0.178278358 -0.186709785 0 0 0
C@CP 2745 0.182661447 -0.244935614 -0.0884474597 0 0 0
C@CP 2746 -0.149879052 0.357075769 0.126574962 0 0 0
C@CP 2747 -0.245085212 -0.0770411133 0.387534048 0 0 0
C@CP 2748 -0.366589752 0.218451915 -0.0928954663 0 0 0
C@CP 2749 -0.0647474764 -0.0533773176 0.167694659 0 0 0
C@CP 2750 0.21246808 0.264547625 0.271124542 0 0 0
C@CP 2751 0.250593467 0.098095325 -0.214748469 0 0 0
C@CP 2752 -0.162194599 0.26623465 0.0299674736 0 0 0
C@CP 2753 0.312132274 0.163554534 -0.269812459 0 0 0
C@CP 2754 -0.294995691 -0.300284107 0.174222619 0 0 0
C@CP 2755 -0.36838862 0.114085336 0.122212622 0 0 0
C@CP 2756 -0.143220463 0.418147834 -0.160176845 0 0 0
C@CP 2757 0.0729715268 -0.21733105 -0.267697502 0 0 0
C@CP 2758 -0.0217952869 -0.00085889261 -0.0304728142 0 0 0
C@CP 2759 0.0436743333 -0.29435612 0.104312489 0 0 0
C@CP 2760 -0.280158534 -0.156703254 0.318242575 0 0 0
C@CP 2761 0.359744263 0.111516411 -0.18459777 0 0 0
C@CP 2762 0.392673797 -0.0378708395 0.0211118395 0 0 0
C@CP 2763 -0.0118526032 0.0767011831 0.17154171 0 0 0
C@CP 2764 0.0451036187 -0.260909247 0.265874633 0 0 0
C@CP 2765 0.292466243 -0.138924673 -0.120406782 0 0 0
C@CP 2766 0.367455746 -0.0745297007 0.153305861 0 0 0
C@CP 2767 0.116694826 0.174972559 0.0639886716 0 0 0
C@CP 2768 0.00945696149 0.369870065 -0.108070942 0 0 0
C@CP 2769 0.287349155 -0.355719431 0.0106608288 0 0 0
C@CP 2770 -0.283402446 -0.145980909 -0.319130221 0 0 0
C@CP 2771 -0.165618623 0.388507262 0.00762897045 0 0 0
C@CP 2772 -0.239483311 -0.218875874 0.133223363 0 0 0
C@CP 2773 0.138695204 0.399146201 -0.117192283 0 0 0
C@CP 2774 -0.3182725 0.343848362 -0.0342048948 0 0 0
C@CP 2775 0.391498821 0.147318177 -0.0656345054 0 0 0
C@CP 2776 -0.27336726 0.00588401319 -0.356079793 0 0 0
C@CP 2777 0.0841399926 0.121401072 -0.0983801194 0 0 0
C@CP 2778 -0.0359234742 -0.272261532 0.26911115 0 0 0
C@CP 2779 0.0388193855 -0.066439688 -0.111881341 0 0 0
C@CP 2780 9.24023815e-05 -0.239958636 -0.083685695 0 0 0
C@CP 2781 -0.0250923421 -0.100716102 -0.264064344 0 0 0
C@CP 2782 0.306720077 -0.297372433 0.156106565 0 0 0
C@CP 2783 -0.297251925 -0.345701051 0.0934845077 0 0 0
C@CP 2784 -0.134618276 0.213320083 0.250701907 0 0 0
C@CP 2785 0.310420472 -0.0255456291 -0.090869909 0 0 0
C@CP 2786 0.192972082 0.190949422 -0.35057673 0 0 0
C@CP 2787 -0.231429446 -0.259360193 0.165149528 0 0 0
C@CP 2788 -0.216389718 -0.0487198785 0.147310738 0 0 0
C@CP 2789 0.107396088 -0.0200346448 -0.163233318 0 0 0
C@CP 2790 -0.0863823317 -0.0742831127 -0.151460869 0 0 0
C@CP 2791 -0.00318342966 -0.0544680084 0.355313308 0 0 0
C@CP 2792 0.107373487 -0.0728803595 0.295596277 0 0 0
C@CP 2793 -0.120882957 0.1311492 0.401869493 0 0 0
C@CP 2794 -0.193282099 0.083343043 0.295307206 0 0 0
C@CP 2795 -0.306644308 -0.337481722 -0.02919902 0 0 0
C@CP 2796 0.00159437963 -0.142859969 -0.148132399 0 0 0
C@CP 2797 -0.120541939 0.438991766 0.0851322645 0 0 0
C@CP 2798 0.0886122677 0.116517068 -0.0276261659 0 0 0
C@CP 2799 0.113151931 -0.242910959 -0.00348013784 0 0 0
C@CP 2800 0.233334354 0.21133167 0.174201593 0 0 0
C@CP 2801 0.0385731764 0.13472347 -0.346888851 0 0 0
C@CP 2802 -0.359469733 0.0634443315 0.29246365 0 0 0
C@CP 2803 0.270401948 0.0184273956 -0.324541746 0 0 0
C@CP 2804 -0.419919558 0.0635435269 -0.0267358142 0 0 0
C@CP 2805 0.105499144 -0.346876665 -0.215823585 0 0 0
C@CP 2806 0.0759265221 0.262959433 -0.167359419 0 0 0
C@CP 2807 -0.221564908 0.065203092 -0.0247449534 0 0 0
C@CP 2808 0.0965852545 0.325779299 0.243510515 0 0 0
C@CP 2809 -0.278286422 0.0793502588 -0.305927318 0 0 0
C@CP 2810 0.0140706198 -0.269319254 -0.205468998 0 0 0
C@CP 2811 -0.0435185133 -0.338870391 0.13717178 0 0 0
C@CP 2812 -0.130140459 0.0293059033 -0.425413675 0 0 0
C@CP 2813 -0.0299306104 -0.295690216 0.0012232361 0 0 0
C@CP 2814 0.156434168 0.0233736399 0.238630854 0 0 0
C@CP 2815 4.1894423e-05 -0.226283147 -0.327165518 0 0 0
C@CP 2816 0.442805966 0.07387399 -0.0777713949 0 0 0
C@CP 2817 0.140089531 -0.251338 -0.0118614456 0 0 0
C@CP 2818 -0.223481494 -0.139048471 0.387984427 0 0 0
C@CP 2819 0.144932222 0.0145126732 0.365952459 0 0 0
C@CP 2820 -0.0908273067 -0.163663828 -0.088570115 0 0 0
C@CP 2821 0.243302446 0.281491242 -0.159102545 0 0 0
C@CP 2822 0.153743913 -0.0122293952 0.0663065688 0 0 0
C@CP 2823 0.00177835199 -0.230534465 -0.270380977 0 0 0
C@CP 2824 -0.0125012443 -0.229701154 -0.154469217 0 0 0
C@CP 2825 0.220128185 0.41823403 0.0210467378 0 0 0
C@CP 2826 -0.213225522 -0.20072143 0.267574283 0 0 0
C@CP 2827 -0.390111879 0.142502847 0.121751485 0 0 0
C@CP 2828 -0.167189997 0.168544833 0.022269221 0 0 0
C@CP 2829 0.10498032 -0.215532988 -0.394549517 0 0 0
C@CP 2830 0.162485863 0.305046089 -0.164988025 0 0 0
C@CP 2831 0.0303209896 0.337152979 0.292630175 0 0 0
C@CP 2832 -0.238297874 -0.0951831225 -0.329109725 0 0 0
C@CP 2833 0.0958036289 -0.416251211 0.0344126318 0 0 0
C@CP 2834 -0.149007646 -0.406845672 0.212343104 0 0 0
C@CP 2835 0.097711934 -0.0176462849 -0.0247892892 0 0 0
C@CP 2836 -0.0376872179 0.212920221 0.190250991 0 0 0
C@CP 2837 -0.311906218 0.0990834514 0.0179175787 0 0 0
C@CP 2838 0.0359438708 -0.244149675 -0.094714944 0 0 0
C@CP 2839 0.282038787 -0.259709992 -0.0689314155 0 0 0
C@CP 2840 -0.19174659 0.173744703 -0.242505609 0 0 0
C@CP 2841 0.428526174 -0.0462630549 0.153206172 0 0 0
C@CP 2842 -0.14794488 -0.271203152 0.20925618 0 0 0
C@CP 2843 0.336068754 -0.0692202488 -0.222750903 0 0 0
C@CP 2844 -0.325485746 -0.17615952 -0.264370107 0 0 0
C@CP 2845 -0.239372255 0.00735458791 0.173261506 0 0 0
C@CP 2846 0.00318972183 0.314175643 0.281325713 0 0 0
C@CP 2847 0.0423797491 0.107186709 0.0682943121 0 0 0
C@CP 2848 -0.0696594626 -0.171189025 0.33691869 0 0 0
C@CP 2849 -0.152865889 -0.363128026 -0.18641116 0 0 0
C@CP 2850 0.0558644869 0.109204816 0.422670639 0 0 0
C@CP 2851 -0.331646976 -0.0411212015 -0.0808877035 0 0 0
C@CP 2852 -0.210395526 -0.282754728 0.240329583 0 0 0
C@CP 2853 0.128820373 -0.0615050709 -0.121251119 0 0 0
C@CP 2854 -0.253103596 -0.321632089 -0.152334342 0 0 0
C@CP 2855 0.304264674 -0.106378092 -0.28494385 0 0 0
C@CP 2856 -0.341215745 -0.211252404 0.141960333 0 0 0
C@CP 2857 -0.00388442188 0.316285284 0.100969932 0 0 0
C@CP 2858 0.218723384 -0.183436314 0.149451403 0 0 0
C@CP 2859 -0.191981527 0.290316203 0.267574158 0 0 0
C@CP 2860 0.411692702 0.0155045597 -0.15686228 0 0 0
C@CP 2861 0.0218686114 -0.131663526 -0.0396290961 0 0 0
C@CP 2862 -0.189956202 -0.296558028 -0.286252197 0 0 0
C@CP 2863 0.0699451292 0.234689369 -0.297839861 0 0 0
C@CP 2864 -0.154929239 -0.170480576 -0.35018551 0 0 0
C@CP 2865 -0.120260995 -0.125175443 0.106667993 0 0 0
C@CP 2866 -0.134712714 -0.156375573 -0.317451471 0 0 0
C@CP 2867 0.176184691 0.132872418 0.369312716 0 0 0
C@CP 2868 -0.138289577 -0.0365048099 -0.354769476 0 0 0
C@CP 2869 0.303748436 -0.229238018 -0.162678258 0 0 0
C@CP 2870 -0.179393728 -0.163791612 -0.21487395 0 0 0
C@CP 2871 -0.0101641047 0.273937217 0.14570615 0 0 0
C@CP 2872 -0.267629902 0.135002026 -0.294083992 0 0 0
C@CP 2873 -0.375246931 -0.121135866 -0.224906996 0 0 0
C@CP 2874 0.467743844 -0.0397839177 -0.00532689537 0 0 0
C@CP 2875 0.142970909 -0.130444081 -0.383193801 0 0 0
C@CP 2876 0.0250656804 -0.21319124 -0.289409234 0 0 0
C@CP 2877 -0.159815027 0.0217606812 0.279813381 0 0 0
C@CP 2878 -0.150856868 0.0373133261 0.000177984851 0 0 0
C@CP 2879 -0.241561868 0.130114862 -0.339684871 0 0 0
C@CP 2880 -0.146726875 0.285715495 0.280279339 0 0 0
C@CP 2881 0.0217004333 -0.418071016 -0.0419078053 0 0 0
C@CP 2882 -0.0143730871 0.314623011 -0.245836219 0 0 0
C@CP 2883 -0.301567654 0.161825162 0.234802605 0 0 0
C@CP 2884 -0.00254266573 -0.408006435 -0.0298962107 0 0 0
C@CP 2885 0.208401031 -0.0327824884 -0.336953174 0 0 0
C@CP 2886 -0.290055359 0.00215827462 0.26803603 0 0 0
C@CP 2887 -0.178511512 0.363342883 0.246274864 0 0 0
C@CP 2888 0.0662460901 -0.0260021087 -0.447181401 0 0 0
C@CP 2889 0.283824134 0.00534462179 0.357774451 0 0 0
C@CP 2890 0.0744515551 -0.0977009713 -0.119010455 0 0 0
C@CP 2891 -0.163217895 0.153106187 -0.411850132 0 0 0
C@CP 2892 0.322198217 0.215813555 -0.203560857 0 0 0
C@CP 2893 0.170872673 -0.176040603 -0.389735089 0 0 0
C@CP 2894 0.243857942 0.206162244 0.238367233 0 0 0
C@CP 2895 0.14274181 0.167236996 0.30271512 0 0 0
C@CP 2896 0.107155017 -0.0325075366 0.450221226 0 0 0
C@CP 2897 -0.0747748745 -0.230032107 0.343346579 0 0 0
C@CP 2898 0.148558245 0.375124737 -0.0759296598 0 0 0
C@CP 2899 -0.0998059028 0.234229604 -0.292597439 0 0 0
C@CP 2900 0.100216101 0.15320491 -0.128151307 0 0 0
C@CP 2901 0.0786321471 0.0342719105 -0.154905364 0 0 0
C@CP 2902 -0.069945337 -0.0771674846 -0.264120613 0 0 0
C@CP 2903 -0.369354676 0.083478495 -0.0734376694 0 0 0
C@CP 2904 0.0733586099 -0.0235316715 0.40830459 0 0 0
C@CP 2905 -0.296393188 0.0688884295 0.00501870521 0 0 0
C@CP 2906 -0.0636021286 -0.339409487 0.217728854 0 0 0
C@CP 2907 -0.275261056 -0.0226326267 -0.125392317 0 0 0
C@CP 2908 -0.211453486 0.0939070185 0.190188245 0 0 0
C@CP 2909 -0.0839592167 -0.201485306 0.300117442 0 0 0
C@CP 2910 0.437209201 -0.0245488118 -0.0421489267 0 0 0
C@CP 2911 0.1678191 -0.282798377 0.213419489 0 0 0
C@CP 2912 0.361150952 -0.161149538 -0.0584827196 0 0 0
C@CP 2913 0.316608629 -0.110618317 0.257822876 0 0 0
C@CP 2914 0.1276119 -0.0553949192 -0.320890548 0 0 0
C@CP 2915 -0.0120858942 -0.264297785 0.145302314 0 0 0
C@CP 2916 -0.114820067 -0.241274267 0.027576139 0 0 0
C@CP 2917 -0.291901858 -0.119191086 0.193409522 0 0 0
C@CP 2918 0.304803228 -0.00907813016 -0.323230797 0 0 0
C@CP 2919 0.173289233 -0.235151546 0.21845582 0 0 0
C@CP 2920 -0.0133567024 -0.0379098021 -0.0727248205 0 0 0
C@CP 2921 -0.400431752 0.157755698 0.083813194 0 0 0
C@CP 2922 0.292180932 -0.123771269 -0.0712138575 0 0 0
C@CP 2923 -0.0646768026 0.130395222 0.296650873 0 0 0
C@CP 2924 0.134328529 0.281205228 0.0183475006 0 0 0
C@CP 2925 0.335500887 -0.113337112 -0.184832468 0 0 0
C@CP 2926 -0.297741807 -0.254819863 0.214948075 0 0 0
C@CP 2927 0.238348306 0.0524445203 -0.0442696509 0 0 0
C@CP 2928 0.409465848 0.119216607 0.00046357085 0 0 0
C@CP 2929 0.281493549 -0.27640745 -0.0260319049 0 0 0
C@CP 2930 0.091171786 0.0784958713 -0.387363953 0 0 0
C@CP 2931 -0.306226215 -0.345571987 0.0805436991 0 0 0
C@CP 2932 0.244545884 0.0190398595 0.0576748197 0 0 0
C@CP 2933 -0.0831956118 0.438715167 0.0822389356 0 0 0
C@CP 2934 0.196542956 0.034117824 -0.283560475 0 0 0
C@CP 2935 0.155269794 0.169088026 0.280607925 0 0 0
C@CP 2936 -0.38915427 -0.171976099 0.00600418948 0 0 0
C@CP 2937 -0.0461542913 -0.293734885 -0.175775666 0 0 0
C@CP 2938 -0.317224938 -0.268403811 0.0303234632 0 0 0
C@CP 2939 0.134246362 0.337043735 0.149605379 0 0 0
C@CP 2940 0.118316318 0.188791057 -0.213344353 0 0 0
C@CP 2941 0.255868408 0.0146439168 0.216999672 0 0 0
C@CP 2942 -0.120266417 0.3556876 0.218734243 0 0 0
C@CP 2943 0.150921799 -0.386675488 0.191555717 0 0 0
C@CP 2944 0.121587771 0.0301449814 0.259373876 0 0 0
C@CP 2945 -0.315306652 0.0627396812 0.178036999 0 0 0
C@CP 2946 -0.130939739 0.330951748 0.160240922 0 0 0
C@CP 2947 0.142758323 0.0372416481 -0.149670105 0 0 0
C@CP 2948 0.135865225 -0.0354829755 0.249628216 0 0 0
C@CP 2949 -0.0345038654 0.00241300218 0.328491682 0 0 0
C@CP 2950 -0.130366581 0.388490823 -0.104767385 0 0 0
C@CP 2951 0.129941511 0.0786990154 0.138083065 0 0 0
C@CP 2952 0.00562294145 -0.174105148 0.317842282 0 0 0
C@CP 2953 0.320186438 -0.0984065488 -0.121865827 0 0 0
C@CP 2954 -0.0900527402 -0.166627464 0.29274564 0 0 0
C@CP 2955 0.396303843 -0.248464847 0.0610987672 0 0 0
C@CP 2956 0.0263219282 0.133955645 -0.0490460345 0 0 0
C@CP 2957 -0.0367913147 -0.253979235 -0.367182056 0 0 0
C@CP 2958 0.0063277587 -0.322720254 0.178548527 0 0 0
C@CP 2959 0.319098435 0.226245547 -0.102836641 0 0 0
C@CP 2960 -0.0768035537 -0.402042769 -0.176530492 0 0 0
C@CP 2961 -0.220082978 -0.0858494659 0.296480362 0 0 0
C@CP 2962 0.190980085 0.250841331 -0.325672109 0 0 0
C@CP 2963 -0.0466653468 -0.0138399856 -0.227804747 0 0 0
C@CP 2964 0.11965253 0.167166226 0.402862706 0 0 0
C@CP 2965 -0.198958651 0.265995769 -0.26582944 0 0 0
C@CP 2966 0.106204785 -0.355057712 -0.257370344 0 0 0
C@CP 2967 0.401706096 -0.0627755778 0.0597442843 0 0 0
C@CP 2968 -0.253439345 0.378959498 -0.0109099256 0 0 0
C@CP 2969 -0.223059362 0.0275117243 -0.300837723 0 0 0
C@CP 2970 0.299738678 0.155793723 0.148301628 0 0 0
C@CP 2971 0.37554453 0.12492629 0.0614423534 0 0 0
C@CP 2972 -0.0325212591 -0.365617171 0.283747646 0 0 0
C@CP 2973 0.403691478 0.147192087 0.14047789 0 0 0
C@CP 2974 0.189305265 -0.184765105 0.271366841 0 0 0
C@CP 2975 -0.037611051 -0.174635075 0.119856596 0 0 0
C@CP 2976 0.272838161 -0.111798805 -0.294930651 0 0 0
C@CP 2977 -0.346404394 -0.0881076291 0.222199412 0 0 0
C@CP 2978 0.00278669893 0.237503325 -0.342585881 0 0 0
C@CP 2979 -0.181832892 0.36992504 -0.224165655 0 0 0
C@CP 2980 -0.0515251984 0.301077172 0.0259644568 0 0 0
C@CP 2981 -0.216552286 -0.142955775 0.0789048385 0 0 0
C@CP 2982 -0.180329964 -0.00332902341 0.012723642 0 0 0
C@CP 2983 0.391012554 -0.181440271 0.195072609 0 0 0
C@CP 2984 -0.189359476 -0.275811011 0.144831226 0 0 0
C@CP 2985 0.01319042 0.0620173582 -0.170338134 0 0 0
C@CP 2986 -0.194301425 -0.0258038146 0.173581192 0 0 0
C@CP 2987 -0.162372519 0.180256316 -0.386250835 0 0 0
C@CP 2988 0.0783417848 0.263944202 0.0579558358 0 0 0
C@CP 2989 -0.079044557 -0.0967697218 -0.375158101 0 0 0
C@CP 2990 -0.335818941 0.00827974089 -0.277079657 0 0 0
C@CP 2991 -0.192097603 0.337702409 0.121131287 0 0 0
C@CP 2992 0.0651112548 0.173202013 0.399004864 0 0 0
C@CP 2993 0.371442641 -0.214122398 0.103755435 0 0 0
C@CP 2994 0.0528926557 -0.0100100609 0.252201076 0 0 0
C@CP 2995 0.040145917 -0.106758902 0.195861726 0 0 0
C@CP 2996 -0.403363967 0.0272956677 0.252454473 0 0 0
C@CP 2997 0.0567337677 -0.250510497 0.175783657 0 0 0
C@CP 2998 -0.0042507267 0.044076052 -0.416936548 0 0 0
C@CP 2999 -0.161695193 -0.207107254 0.293228034 0 0 0
C@CP 3000 -0.128495935 -0.21731023 0.340048395 0 0 0
C@CP 3001 0.146929741 -0.285062902 -0.249160187 0 0 0
C@CP 3002 0.244261934 0.0571335007 -0.380955537 0 0 0
C@CP 3003 0.0593178312 0.297350062 -0.0382408314 0 0 0
C@CP 3004 0.216642985 -0.0389459174 -0.0210576354 0 0 0
C@CP 3005 0.212031075 -0.142176187 0.247933144 0 0 0
C@CP 3006 0.223782018 -0.15413494 0.309474994 0 0 0
C@CP 3007 0.157496894 -0.43190958 0.0504640044 0 0 0
C@CP 3008 -0.281389619 0.0526496054 -0.363721517 0 0 0
C@CP 3009 -0.0321893248 0.0915047046 -0.29573355 0 0 0
C@CP 3010 -0.39445567 0.24841243 -0.116899936 0 0 0
C@CP 3011 -0.339838852 0.0112469797 -0.109663242 0 0 0
C@CP 3012 0.29719059 -0.251042623 0.12949439 0 0 0
C@CP 3013 0.229601958 -0.274013136 0.143228476 0 0 0
C@CP 3014 -0.249616909 -0.365971083 0.138068495 0 0 0
C@CP 3015 -0.0355648829 -0.256546782 0.0769757915 0 0 0
C@CP 3016 0.277236855 0.179084037 -0.22990364 0 0 0
C@CP 3017 -0.0527855904 0.0526485873 0.244105565 0 0 0
C@CP 3018 0.144347118 -0.301479942 -0.282305083 0 0 0
C@CP 3019 0.0498425407 -0.341851598 -0.198338655 0 0 0
C@CP 3020 -0.00212575404 -0.0349895334 -0.226649207 0 0 0
C@CP 3021 -0.375723962 -0.112614037 0.112987731 0 0 0
C@CP 3022 -0.215825264 0.113583233 -0.156125626 0 0 0
C@CP 3023 0.0284490241 -0.453017157 0.0770232098 0 0 0
C@CP 3024 0.190741058 -0.0516703021 -0.234192137 0 0 0
C@CP 3025 0.00948828877 0.120767652 -0.38087717 0 0 0
C@CP 3026 -0.316326448 -0.0452951864 0.274364949 0 0 0
C@CP 3027 -0.110612478 0.268426739 -0.320039393 0 0 0
C@CP 3028 -0.00691979288 0.18262753 -0.440139229 0 0 0
C@CP 3029 -0.141866541 -0.324766485 -0.1005294 0 0 0
C@CP 3030 0.135117513 -0.0536922685 0.0548002194 0 0 0
C@CP 3031 0.0373844208 0.0248747865 -0.0221911195 0 0 0
C@CP 3032 0.059340429 0.154570821 -0.189957463 0 0 0
C@CP 3033 -0.027331699 0.173177077 0.364154153 0 0 0
C@CP 3034 0.143379809 -0.374505241 -0.0326124369 0 0 0
C@CP 3035 0.0769506448 0.010101577 -0.324186935 0 0 0
C@CP 3036 -0.198904059 0.0952495736 0.417662832 0 0 0
C@CP 3037 0.299465659 -0.189321538 0.151020806 0 0 0
C@CP 3038 -0.101743817 0.0126873612 -0.226375448 0 0 0
C@CP 3039 -0.340622315 -0.0231181709 -0.0456996467 0 0 0
C@CP 3040 0.396284634 0.206190077 0.0663700257 0 0 0
C@CP 3041 0.219567141 -0.11504836 0.167986652 0 0 0
C@CP 3042 0.11339131 0.230480776 0.336647403 0 0 0
C@CP 3043 -0.3669459 -0.0836258445 -0.189606101 0 0 0
C@CP 3044 0.170622676 -0.141892774 0.288335509 0 0 0
C@CP 3045 -0.0987467104 0.0570458261 -0.231146757 0 0 0
C@CP 3046 -0.00245547112 0.131406961 0.443117245 0 0 0
C@CP 3047 0.187683236 0.313875964 -0.19387802 0 0 0
C@CP 3048 -0.0572854888 -0.366457017 0.273257783 0 0 0
C@CP 3049 -0.263717987 -0.220886078 0.179553815 0 0 0
C@CP 3050 -0.28581002 0.220350077 0.267077992 0 0 0
C@CP 3051 -0.409296585 0.137114599 -0.0821579834 0 0 0
C@CP 3052 -0.0177755256 -0.14564876 -0.0151998914 0 0 0
C@CP 3053 0.00878808962 0.185614375 -0.298903317 0 0 0
C@CP 3054 -0.421625136 -0.141470691 0.0732567972 0 0 0
C@CP 3055 0.0800637716 -0.0286962772 0.222314603 0 0 0
C@CP 3056 0.0416155048 0.0736172248 -0.19360202 0 0 0
C@CP 3057 0.125058676 0.197581047 0.0997911904 0 0 0
C@CP 3058 -0.00345759922 -0.029562734 -0.201484283 0 0 0
C@CP 3059 -0.151761608 0.171617387 -0.215772675 0 0 0
C@CP 3060 -0.00910107909 0.0915386077 0.260490632 0 0 0
C@CP 3061 -0.00482468646 -0.203507163 0.262652634 0 0 0
C@CP 3062 -0.308296946 0.086972521 0.030438213 0 0 0
C@CP 3063 -0.178692351 0.138861777 -0.171705867 0 0 0
C@CP 3064 0.0524323119 0.152071316 0.348553345 0 0 0
C@CP 3065 0.173888994 0.350026995 0.0311663183 0 0 0
C@CP 3066 0.148902874 -0.403928073 -0.173717634 0 0 0
C@CP 3067 0.133682787 -0.412214535 -0.0758229836 0 0 0
C@CP 3068 0.425814625 0.0213179077 -0.0355323418 0 0 0
C@CP 3069 -0.0149417754 0.275217172 0.251388245 0 0 0
C@CP 3070 -0.227004679 -0.176344675 -0.0896450788 0 0 0
C@CP 3071 0.145014957 -0.219069236 -0.0339046811 0 0 0
C@CP 3072 -0.242865265 -0.00500667402 -0.0648818391 0 0 0
C@CP 3073 -0.204595421 0.066918551 -0.12063511 0 0 0
C@CP 3074 -0.264982219 -0.229347732 -0.257253496 0 0 0
C@CP 3075 -0.0522611672 -0.153404224 -0.208763014 0 0 0
C@CP 3076 -0.110310129 -0.138311999 -0.193876675 0 0 0
C@CP 3077 0.245776019 0.204910081 0.299120778 0 0 0
C@CP 3079 0.25625795 -0.374924523 -0.0991555646 0 0 0
C@CP 3080 0.15565474 0.188877669 0.389861662 0 0 0
C@CP 3081 -0.0513406882 0.353271977 -0.0472115584 0 0 0
C@CP 3082 -0.340903877 0.0104764705 -0.116244556 0 0 0
C@CP 3083 0.238753767 -0.182281741 -0.119220422 0 0 0
C@CP 3084 0.0119978703 -0.117084042 -0.279416281 0 0 0
C@CP 3085 0.215226025 0.063902033 0.00167830479 0 0 0
C@CP 3086 0.263813873 -0.255964634 0.231655835 0 0 0
C@CP 3087 0.215924015 -0.110785016 0.00300911205 0 0 0
C@CP 3088 -0.19959002 0.137821331 -0.118313249 0 0 0
C@CP 3089 -0.0151066332 0.314532819 0.176302014 0 0 0
C@CP 3090 0.180698803 0.165842035 -0.387079159 0 0 0
C@CP 3091 -0.336210634 0.000431814988 -0.247287773 0 0 0
C@CP 3092 -0.300954746 -0.268516627 0.125105223 0 0 0
C@CP 3093 0.105278587 -0.118499291 0.408624249 0 0 0
C@CP 3094 -0.198296635 0.307501479 -0.279130496 0 0 0
C@CP 3095 -0.0794909418 0.314941718 -0.248621498 0 0 0
C@CP 3096 0.289799069 -0.266152571 0.0238754007 0 0 0
C@CP 3097 0.239478041 0.0272545607 0.0122212433 0 0 0
C@CP 3098 -0.285746776 0.100109655 0.239042865 0 0 0
C@CP 3099 0.133683526 -0.370370472 -0.0848828655 0 0 0
C@CP 3100 0.320004283 -0.197561937 -0.0765070303 0 0 0
C@CP 3101 0.248368882 -0.0862960588 0.387214436 0 0 0
C@CP 3102 0.155871049 0.0621033965 0.290672312 0 0 0
C@CP 3103 0.0911625371 -0.226810838 -0.258655136 0 0 0
C@CP 3104 0.0822950737 0.389383672 0.147738299 0 0 0
C@CP 3105 0.216569601 -0.0790450848 -0.230993266 0 0 0
C@CP 3106 -0.271459998 -0.0480149087 -0.0824516239 0 0 0
C@CP 3107 -0.173723403 0.350618931 0.0684783602 0 0 0
C@CP 3108 -0.181484985 0.417192207 0.0625930351 0 0 0
C@CP 3109 -0.213102169 0.249376353 0.0941848368 0 0 0
C@CP 3110 0.0337667894 0.404281473 0.234359885 0 0 0
C@CP 3111 0.353815704 -0.248849678 0.072617616 0 0 0
C@CP 3112 0.193131901 0.268605403 0.0162817516 0 0 0
C@CP 3113 -0.08198974 0.194378785 -0.183584254 0 0 0
C@CP 3114 0.198839557 0.247374894 0.292463959 0 0 0
C@CP 3115 0.0245061563 -0.0383780177 0.296975069 0 0 0
C@CP 3116 -0.359332843 -0.02709394 -0.194667009 0 0 0
C@CP 3117 -0.155664301 0.268676961 -0.174470821 0 0 0
C@CP 3118 -0.125928376 -0.211998927 0.1551138 0 0 0
C@CP 3119 0.110494558 0.238411512 0.167602578 0 0 0
C@CP 3120 0.0538305716 0.0644780306 -0.361358561 0 0 0
C@CP 3121 0.0261665139 0.0764773849 0.384205365 0 0 0
C@CP 3122 -0.0113900843 0.000923779262 0.272158321 0 0 0
C@CP 3123 0.218302483 -0.185577401 0.132141334 0 0 0
C@CP 3124 0.00365978799 0.0949406245 -0.403388888 0 0 0
C@CP 3125 -0.178877685 -0.0993772232 -0.330934676 0 0 0
C@CP 3126 -0.125742933 0.333789891 0.192124226 0 0 0
C@CP 3127 0.0346042191 0.0976557281 0.00064782084 0 0 0
C@CP 3128 0.105518457 -0.181069319 -0.271810276 0 0 0
C@CP 3129 0.248950858 -0.189600547 -0.290435337 0 0 0
C@CP 3130 0.0379612489 -0.181926949 -0.0820413282 0 0 0
C@CP 3131 -0.253667648 -0.10180087 -0.058487816 0 0 0
C@CP 3132 -0.0445167386 0.0950788859 0.169480971 0 0 0
C@CP 3133 0.160617066 0.240371067 -0.193443761 0 0 0
C@CP 3134 0.00255644009 0.347206082 -0.265027552 0 0 0
C@CP 3135 0.0610375042 0.172036504 -0.0234393968 0 0 0
C@CP 3136 -0.0237652172 0.134743373 -0.000918178 0 0 0
C@CP 3137 -0.0181062446 0.187911739 -0.0904866827 0 0 0
C@CP 3138 0.157397476 -0.399600712 -0.0684123811 0 0 0
C@CP 3139 0.251793336 -0.158103874 0.0755666 0 0 0
C@CP 3140 -0.0618985906 0.164157062 -0.277165279 0 0 0
C@CP 3141 0.26585961 0.0254050821 0.103619027 0 0 0
C@CP 3142 0.0338341657 0.31582834 0.240234442 0 0 0
C@CP 3143 -0.0884462347 -0.0646647734 0.125651861 0 0 0
C@CP 3144 0.0421260561 0.269802051 0.170881352 0 0 0
C@CP 3145 -0.104382546 0.144486361 -0.423263824 0 0 0
C@CP 3146 0.061301124 0.345359653 0.0938627695 0 0 0
C@CP 3147 0.353942849 -0.113357336 0.066008988 0 0 0
C@CP 3148 -0.104345886 0.161057125 -0.382702291 0 0 0
C@CP 3149 -0.293849712 -0.0315153513 -0.21656301 0 0 0
C@CP 3150 -0.187710429 0.112731086 0.207156419 0 0 0
C@CP 3151 0.0368556867 -0.431409686 -0.00494025419 0 0 0
C@CP 3152 -0.385222363 0.137814638 0.132085182 0 0 0
C@CP 3153 0.139214658 0.116363367 0.147433255 0 0 0
C@CP 3154 -0.140493693 -0.35501002 0.25285792 0 0 0
C@CP 3155 -0.365072741 -0.105344737 0.18879614 0 0 0
C@CP 3156 -0.296644312 0.084988521 0.334428314 0 0 0
C@CP 3157 -0.00640803413 -0.410678354 0.171557206 0 0 0
C@CP 3158 0.157354249 -0.274332486 0.223836106 0 0 0
C@CP 3159 0.34556376 -0.282626955 0.135942262 0 0 0
C@CP 3160 0.0850139282 -0.204253731 0.352839264 0 0 0
C@CP 3161 0.0762379175 0.296017936 0.23202793 0 0 0
C@CP 3162 0.100480906 0.108241133 0.257731159 0 0 0
C@CP 3163 0.0013211232 0.022120575 -0.0592881928 0 0 0
C@CP 3164 0.106152065 -0.283561544 0.199462549 0 0 0
C@CP 3165 -0.114166254 -0.110745067 -0.235771254 0 0 0
C@CP 3166 -0.31698167 0.0118559353 -0.0513224069 0 0 0
C@CP 3167 0.135599655 0.34665985 0.128720082 0 0 0
C@CP 3168 0.111791323 -0.186993172 -0.342944047 0 0 0
C@CP 3169 0.277107667 0.367880876 0.0625764102 0 0 0
C@CP 3170 0.0990714769 0.287828707 -0.251353833 0 0 0
C@CP 3171 -0.283479115 -0.0941100866 0.185771175 0 0 0
C@CP 3172 -0.118637097 0.0191513594 0.119345245 0 0 0
C@CP 3173 0.0511176592 0.375479081 -0.209680868 0 0 0
C@CP 3174 -0.349209128 0.198681811 -0.202624354 0 0 0
C@CP 3175 0.289389121 0.171141188 0.103423385 0 0 0
C@CP 3176 0.0485027661 0.0345009871 -0.0955830447 0 0 0
C@CP 3177 -0.00981558663 0.15467319 -0.0012175446 0 0 0
C@CP 3178 0.216578971 0.126536967 -0.152460349 0 0 0
C@CP 3179 -0.334938489 0.117239254 -0.229963761 0 0 0
C@CP 3180 0.0816089326 -0.0733955419 -0.181293648 0 0 0
C@CP 3181 -0.0276367898 -0.326520645 0.295021868 0 0 0
C@CP 3182 0.133673262 0.320003225 0.129524715 0 0 0
C@CP 3183 0.187372577 -0.254287611 -0.0756898386 0 0 0
C@CP 3184 -0.390979295 -0.00503216271 -0.0828450791 0 0 0
C@CP 3185 0.150997202 0.257798328 -0.171635788 0 0 0
C@CP 3186 -0.126427986 -0.0340606526 -0.0262215236 0 0 0
C@CP 3187 -0.0121208606 -0.377553985 -0.0181551054 0 0 0
C@CP 3188 -0.282584352 0.192942166 -0.0945192035 0 0 0
C@CP 3189 0.283464526 -0.145687006 -0.0749914983 0 0 0
C@CP 3190 -0.070010229 -0.000291611842 0.388311868 0 0 0
C@CP 3191 0.0841723069 -0.364694253 -0.0909328682 0 0 0
C@CP 3192 -0.266682618 -0.0462371989 0.121245626 0 0 0
C@CP 3193 -0.221197309 -0.388541527 0.100485746 0 0 0
C@CP 3194 0.197396974 0.0829601548 0.0113987666 0 0 0
C@CP 3195 0.168874121 -0.0456635756 0.197134397 0 0 0
C@CP 3196 -0.278904034 0.164688002 0.126399047 0 0 0
C@CP 3197 0.0387615087 0.280603364 -0.26919426 0 0 0
C@CP 3198 -0.302430631 0.107948981 -0.0273291995 0 0 0
C@CP 3199 -0.0412397057 -0.161924158 0.0642352537 0 0 0
C@CP 3200 -0.34870805 0.140220503 -0.0546035695 0 0 0
C@CP 3201 0.0331273654 -0.137985542 -0.402901602 0 0 0
C@CP 3203 0.254698572 -0.11979567 -0.383681122 0 0 0
C@CP 3204 0.0701684269 0.24070879 0.312436683 0 0 0
C@CP 3205 0.0280509112 -0.203627529 -0.0528904404 0 0 0
C@CP 3206 -0.141871141 0.287228361 0.00292521286 0 0 0
C@CP 3207 0.0135631471 0.242615303 0.229191909 0 0 0
C@CP 3208 -0.0859290359 -0.170088127 -0.23735685 0 0 0
C@CP 3209 -0.230695448 0.38719174 0.117444921 0 0 0
C@CP 3210 -0.0696789071 -0.192214287 -0.404060646 0 0 0
C@CP 3211 -0.00127528014 0.0726264845 0.400816799 0 0 0
C@CP 3212 -0.360017198 -0.0554811097 0.233178642 0 0 0
C@CP 3213 -0.0696391396 0.141464573 -0.0879574998 0 0 0
C@CP 3214 0.245235443 -0.22320964 -0.0633705006 0 0 0
C@CP 3215 0.119727062 -0.310371159 0.1132258 0 0 0
C@CP 3216 0.0699456832 0.0330350095 0.27062928 0 0 0
C@CP 3217 0.234679825 0.136451293 -0.19349041 0 0 0
C@CP 3218 -0.0117209822 -0.289167634 0.198192417 0 0 0
C@CP 3219 0.211354154 -0.192255507 0.295089308 0 0 0
C@CP 3220 -0.402274528 0.197830876 -0.0143478255 0 0 0
C@CP 3221 -0.372251426 -0.075955915 -0.15585064 0 0 0
C@CP 3222 0.21044848 0.392361213 -0.0230575699 0 0 0
C@CP 3223 0.369612254 -0.225939979 0.164729967 0 0 0
C@CP 3224 -0.261784152 -0.210631984 -0.013808496 0 0 0
C@CP 3225 -0.00968916805 -0.115504032 -0.161075561 0 0 0
C@CP 3226 0.188654118 -0.289722653 -0.162687336 0 0 0
C@CP 3227 0.11405474 -0.21492801 0.013176511 0 0 0
C@CP 3228 -0.433726898 -0.0816412065 -0.011761791 0 0 0
C@CP 3229 0.033856187 0.350394476 -0.248297116 0 0 0
C@CP 3230 -0.151755534 0.108337662 0.101904965 0 0 0
C@CP 3231 -0.227151309 0.184756748 0.197760917 0 0 0
C@CP 3232 -0.159141998 -0.359403007 -0.153537183 0 0 0
C@CP 3233 0.313537915 0.228487029 0.150394363 0 0 0
C@CP 3234 -0.0178091892 -0.319131049 -0.105713978 0 0 0
C@CP 3235 -0.0542935535 0.360200731 0.108916244 0 0 0
C@CP 3236 0.186337966 0.0812519711 -0.396752516 0 0 0
C@CP 3237 -0.070454917 0.303825275 -0.235315857 0 0 0
C@CP 3238 -0.359449419 0.210555459 0.17961847 0 0 0
C@CP 3239 -0.130314697 0.157964562 0.198215502 0 0 0
C@CP 3240 0.242178103 0.332139873 -0.188330164 0 0 0
C@CP 3241 0.0249992417 -0.231951653 0.315634176 0 0 0
C@CP 3242 0.0922135111 -0.159002194 0.382265557 0 0 0
C@CP 3243 -0.0559223552 0.0126757507 0.220867117 0 0 0
C@CP 3244 0.313966588 -0.122498604 -0.168546716 0 0 0
C@CP 3245 -0.232344229 0.0377329011 -0.31242672 0 0 0
C@CP 3246 -0.310829518 0.147320992 -0.252806078 0 0 0
C@CP 3247 0.311703457 0.200471513 -0.197606259 0 0 0
C@CP 3248 0.286221793 -0.0865213005 0.16052627 0 0 0
C@CP 3249 0.284585665 0.177726799 0.145172998 0 0 0
C@CP 3250 -0.0734786945 0.449158608 -0.052425295 0 0 0
C@CP 3251 0.125748606 0.237105093 -0.0456758977 0 0 0
C@CP 3252 0.210732276 0.281239926 -0.271791427 0 0 0
C@CP 3253 0.340181279 -0.0638111255 0.215185888 0 0 0
C@CP 3254 -0.317646014 -0.110888775 0.129194128 0 0 0
C@CP 3255 -0.0708567762 0.302550466 0.205231917 0 0 0
C@CP 3256 0.302203244 0.0269435669 -0.00360775792 0 0 0
C@CP 3257 -0.161404164 -0.0623905985 -0.0864123329 0 0 0
C@CP 3258 -0.23532862 -0.252794744 -0.24573242 0 0 0
C@CP 3259 -0.334101501 0.293810372 0.0863605625 0 0 0
C@CP 3260 0.0554578832 -0.146253828 0.167576988 0 0 0
C@CP 3261 -0.123022296 -0.128284223 0.296085942 0 0 0
C@CP 3262 0.220969136 -0.191023356 0.101795861 0 0 0
C@CP 3263 -0.096632516 0.0715427398 0.382532286 0 0 0
C@CP 3264 0.152321934 -0.202058147 -0.152790313 0 0 0
C@CP 3265 0.0624796607 -0.247289116 0.268940055 0 0 0
C@CP 3266 0.0753635988 0.279910615 -0.022766662 0 0 0
C@CP 3267 -0.142529071 0.115214239 -0.175424881 0 0 0
C@CP 3268 -0.0163089388 0.355406688 0.29682119 0 0 0
C@CP 3269 -0.158785803 0.103506212 -0.109655441 0 0 0
C@CP 3270 0.20705501 0.357161951 0.0707023174 0 0 0
C@CP 3271 -0.110789184 -0.102364379 0.0764234505 0 0 0
C@CP 3272 0.358394216 0.0833574916 -0.0407299501 0 0 0
C@CP 3273 0.161539861 -0.164470388 0.388580549 0 0 0
C@CP 3274 -0.076433453 0.300060299 0.08200051 0 0 0
C@CP 3275 0.193250185 0.0146446748 -0.118055992 0 0 0
C@CP 3277 -0.216007955 0.18351006 0.253034467 0 0 0
C@CP 3278 -0.244308075 0.349128679 -0.178861671 0 0 0
C@CP 3279 -0.109871999 -0.00686453378 -0.261684402 0 0 0
C@CP 3280 -0.171861599 -0.265360718 -0.126029875 0 0 0
C@CP 3281 0.234705523 0.0737625346 -0.10583246 0 0 0
C@CP 3282 0.395926593 -0.218092544 -0.00765210438 0 0 0
C@CP 3283 -0.26444804 -0.118879783 0.197568245 0 0 0
C@CP 3284 -0.00897987996 -0.17886478 0.0858669051 0 0 0
C@CP 3285 0.116366808 0.122832885 0.158020273 0 0 0
C@CP 3286 0.448043796 0.0246143321 0.0744955794 0 0 0
C@CP 3287 -0.0383995419 0.298078038 -0.0853238514 0 0 0
C@CP 3288 -0.243455792 -0.197858535 -0.349423772 0 0 0
C@CP 3289 0.229977663 0.143314242 0.342109116 0 0 0
C@CP 3290 0.148635849 0.0721022955 -0.404915129 0 0 0
C@CP 3291 0.280314854 -0.0675154299 -0.260268909 0 0 0
C@CP 3292 -0.180263116 0.359900412 -0.110582542 0 0 0
C@CP 3293 0.129909599 -0.358892197 -0.107488354 0 0 0
C@CP 3295 0.123450941 -0.265200544 0.0687050463 0 0 0
C@CP 3296 0.0749573039 0.0294591789 0.40369686 0 0 0
C@CP 3297 0.175860266 -0.34225346 -0.232151097 0 0 0
C@CP 3298 0.0609376784 -0.0441700963 0.172405299 0 0 0
C@CP 3299 0.352542975 0.24195131 -0.0735375835 0 0 0
C@CP 3300 -0.229615994 -0.188827067 -0.309911667 0 0 0
C@CP 3301 -0.139523427 0.288803534 -0.191164365 0 0 0
C@CP 3302 -0.384861266 -0.079391512 0.153601513 0 0 0
C@CP 3303 0.0221493823 0.124893541 -0.0369051916 0 0 0
C@CP 3304 0.231245502 0.26787604 -0.171200839 0 0 0
C@CP 3305 -0.270398905 0.00400370678 0.312466932 0 0 0
C@CP 3306 0.224106552 -0.0189577195 -0.00461476943 0 0 0
C@CP 3307 -0.262713943 -0.339493395 0.0762193933 0 0 0
C@CP 3308 0.230610584 -0.296308298 0.0986996012 0 0 0
C@CP 3309 -0.0810619652 -0.113429405 -0.0652792761 0 0 0
C@CP 3310 -0.419267805 0.127776121 -0.126046937 0 0 0
C@CP 3311 0.15112001 -0.3085973 -0.0535168436 0 0 0
C@CP 3312 0.117392221 -0.0819809312 -0.227152558 0 0 0
C@CP 3313 -0.0124920182 -0.0471955991 0.0561046747 0 0 0
C@CP 3314 0.0834132935 -0.209397902 0.322039951 0 0 0
C@CP 3315 -0.190681886 -0.259463855 0.336568563 0 0 0
C@CP 3316 -0.330705818 -0.290816569 -0.109962057 0 0 0
C@CP 3317 -0.35344632 0.186598879 -0.199290218 0 0 0
C@CP 3318 0.0765368826 -0.181425669 -0.216183048 0 0 0
C@CP 3319 0.168146584 -0.190902209 -0.15003764 0 0 0
C@CP 3320 -0.254815999 -0.318383324 -0.051342844 0 0 0
C@CP 3321 0.42074417 0.0473227831 -0.0428937964 0 0 0
C@CP 3322 -0.122688479 0.195884173 0.345204824 0 0 0
C@CP 3323 0.234719685 -0.0362737558 0.0691032911 0 0 0
C@CP 3324 0.00814784814 -0.157676203 0.0569343357 0 0 0
C@CP 3325 0.125562455 -0.249096169 -0.319463106 0 0 0
C@CP 3326 -0.0327742278 0.144757737 0.0571179007 0 0 0
C@CP 3327 0.213305348 -0.154199572 0.398267762 0 0 0
C@CP 3328 -0.019470025 0.0452821029 0.176046891 0 0 0
C@CP 3329 -0.376735244 -0.145444546 -0.0433390212 0 0 0
C@CP 3330 0.060870963 0.226988411 -0.151300486 0 0 0
C@CP 3331 -0.0962189696 0.161953085 -0.0631794009 0 0 0
C@CP 3332 0.0477602856 0.28044198 0.11186831 0 0 0
C@CP 3333 0.223453445 0.201955705 -0.119053352 0 0 0
C@CP 3334 -0.389596568 -0.039741022 -0.0918544197 0 0 0
C@CP 3335 -0.054896429 -0.333654139 0.226097859 0 0 0
C@CP 3336 -0.00572585274 -0.181259112 0.422848607 0 0 0
C@CP 3337 0.340419525 -0.0643616103 -0.173498586 0 0 0
C@CP 3338 -0.18875454 -0.175143464 0.338733623 0 0 0
C@CP 3339 -0.00997031149 0.263442519 0.211568454 0 0 0
C@CP 3340 -0.131490194 -0.130791498 0.0830650352 0 0 0
C@CP 3341 0.0458249532 -0.211766695 0.231361998 0 0 0
C@CP 3342 0.0533757131 0.190945204 0.353611537 0 0 0
C@CP 3343 -0.124107194 -0.209634132 -0.114072369 0 0 0
C@CP 3344 -0.406021198 -0.124580791 -0.0909339416 0 0 0
C@CP 3345 -0.0784158208 0.139671518 -0.25629794 0 0 0
C@CP 3346 -0.0544498327 0.232493638 -0.146075976 0 0 0
C@CP 3347 0.161128597 -0.071439426 0.415272749 0 0 0
C@CP 3348 0.345658637 0.233993118 0.0267939375 0 0 0
C@CP 3349 -0.232572492 -0.0950048266 -0.0938925217 0 0 0
C@CP 3350 -0.120454854 -0.00627733256 0.0854677857 0 0 0
C@CP 3351 0.0648362245 0.236652044 -0.200358487 0 0 0
C@CP 3353 0.411641477 -0.0729807399 -0.163779666 0 0 0
C@CP 3354 0.000668431571 -0.268552899 -0.188383902 0 0 0
C@CP 3355 0.146170474 -0.0456158992 -0.214111691 0 0 0
C@CP 3356 0.226493432 0.112145443 -0.108391147 0 0 0
C@CP 3357 0.189995917 0.239182323 0.310127938 0 0 0
C@CP 3358 -0.272013771 0.189453099 -0.205336101 0 0 0
C@CP 3359 -0.280543827 -0.335347275 -0.0198686847 0 0 0
C@CP 3360 -0.432227955 0.135058476 0.0640381313 0 0 0
C@CP 3361 0.362008497 0.0321198184 -0.0501370675 0 0 0
C@CP 3362 -0.0874450889 0.148192283 -0.150894096 0 0 0
C@CP 3363 -0.201841377 0.0813382543 -0.0931871082 0 0 0
C@CP 3364 0.0818409489 -0.217991841 -0.340441699 0 0 0
C@CP 3365 0.0590901743 -0.0270299684 -0.362672373 0 0 0
C@CP 3366 -0.393519042 0.119033066 -0.112334036 0 0 0
C@CP 3367 0.318027623 0.114833358 -0.151495672 0 0 0
C@CP 3368 -0.12400371 -0.0866340271 0.296317669 0 0 0
C@CP 3369 0.220241197 0.0536971473 0.0499402374 0 0 0
C@CP 3370 0.0612738075 -0.192877166 0.271677504 0 0 0
C@CP 3371 0.0382601645 -0.0930632471 -0.0145806571 0 0 0
C@CP 3372 -0.303624638 -0.0901659703 -0.175351578 0 0 0
C@CP 3373 0.276084437 -0.102216829 -0.194986853 0 0 0
C@CP 3374 0.063012824 0.175503109 0.0971976176 0 0 0
C@CP 3375 -0.191366924 0.252647954 -0.035669092 0 0 0
C@CP 3376 0.346071779 0.0794588689 0.306213892 0 0 0
C@CP 3377 0.237606913 -0.245478763 -0.0194162875 0 0 0
C@CP 3378 0.0355875048 -0.048596109 -0.432457509 0 0 0
C@CP 3379 -0.422099117 0.0992269258 0.0854732551 0 0 0
C@CP 3380 0.0948467661 0.231201848 0.181424435 0 0 0
C@CP 3381 -0.0752759667 0.0061408092 -0.351393303 0 0 0
C@CP 3382 -0.205038302 -0.105008655 0.369474324 0 0 0
C@CP 3383 -0.0233254934 0.156691912 0.343326789 0 0 0
C@CP 3384 0.201629517 -0.121081975 0.0845535519 0 0 0
C@CP 3385 0.0569911859 -0.201857993 -0.162744434 0 0 0
C@CP 3386 -0.369960754 0.112517968 -0.147626022 0 0 0
C@CP 3387 -0.209084206 0.125094029 0.221664772 0 0 0
C@CP 3388 -0.0592809929 -0.000132511931 -0.0152522045 0 0 0
C@CP 3389 0.259714366 0.0483054917 0.155531285 0 0 0
C@CP 3390 -0.221274733 0.0245632481 0.339355907 0 0 0
C@CP 3391 0.191855917 -0.0124957696 -0.181035795 0 0 0
C@CP 3392 0.130300579 -0.27708996 0.0525795281 0 0 0
C@CP 3393 -0.32127384 0.165474088 0.153627855 0 0 0
C@CP 3394 -0.165353339 -0.279298884 0.146162004 0 0 0
C@CP 3395 -0.259182971 0.191962677 -0.198393493 0 0 0
C@CP 3396 0.0575589128 0.237099948 -0.106146462 0 0 0
C@CP 3397 0.158517123 0.255568479 -0.301762028 0 0 0
C@CP 3398 0.0428106994 0.00760306544 0.296078753 0 0 0
C@CP 3399 0.184212998 -0.0609640068 -0.0723079188 0 0 0
C@CP 3400 0.177408377 0.0322191881 0.00291767147 0 0 0
C@CP 3401 -0.227022685 -0.141178303 0.401287078 0 0 0
C@CP 3402 0.312747652 0.123410149 0.0190168169 0 0 0
C@CP 3403 0.15975643 0.191026538 -0.220249559 0 0 0
C@CP 3404 -0.074927607 0.103272646 0.0827759885 0 0 0
C@CP 3405 0.208613602 0.00250583024 -0.155380412 0 0 0
C@CP 3406 -0.187792359 -0.094245913 0.336833424 0 0 0
C@CP 3407 0.0158727116 0.143011484 0.158517098 0 0 0
C@CP 3408 0.444030637 -0.0357982041 -0.0238308283 0 0 0
C@CP 3409 0.014892417 -0.146235305 -0.270335267 0 0 0
C@CP 3410 0.185231415 0.065546867 -0.196295964 0 0 0
C@CP 3411 -0.0890541587 -0.119163139 -0.394544541 0 0 0
C@CP 3412 -0.26659188 -0.136606935 -0.32640486 0 0 0
C@CP 3413 -0.179646569 0.111362853 0.332313963 0 0 0
C@CP 3414 0.441063234 0.101086594 -0.0895009137 0 0 0
C@CP 3415 -0.166621818 -0.0826306627 0.21395573 0 0 0
C@CP 3416 -0.393463469 0.232432544 0.0569950261 0 0 0
C@CP 3417 -0.234414507 -0.0436531652 0.0352606363 0 0 0
C@CP 3418 -0.136767062 -0.105673675 0.0181304744 0 0 0
C@CP 3419 0.225566728 0.328733142 0.0414299524 0 0 0
C@CP 3420 -0.198651238 0.0770842583 -0.403999974 0 0 0
C@CP 3421 0.223055458 0.315174847 -0.1709412 0 0 0
C@CP 3422 0.0948807713 -0.234304541 -0.0899024422 0 0 0
C@CP 3423 -0.22473307 0.131640262 0.322734814 0 0 0
C@CP 3424 0.212505548 -0.177054059 -0.0809004942 0 0 0
C@CP 3425 0.0510238148 -0.310273986 -0.252247824 0 0 0
C@CP 3426 0.416967411 0.0973834797 -0.0744143665 0 0 0
C@CP 3427 0.126769107 0.10756751 -0.282896187 0 0 0
C@CP 3428 -0.144242642 -0.195665423 -0.252750569 0 0 0
C@CP 3429 0.15606425 0.26311564 0.283675192 0 0 0
C@CP 3430 -0.136245453 -0.327013574 -0.139194593 0 0 0
C@CP 3431 -0.165342389 0.0249331572 0.164861807 0 0 0
C@CP 3432 -0.15412342 -0.209338867 -0.147457912 0 0 0
C@CP 3433 0.266257707 -0.370951228 -0.0669886731 0 0 0
C@CP 3434 -0.139254117 -0.0882893674 0.344123549 0 0 0
C@CP 3435 -0.137217527 -0.0183378134 0.441684289 0 0 0
C@CP 3436 0.20667545 -0.245514491 0.180751113 0 0 0
C@CP 3437 0.341014353 0.294127944 0.14328426 0 0 0
C@CP 3438 -0.175727535 -0.265008105 0.339340528 0 0 0
C@CP 3439 0.274057913 0.151724388 -0.106772173 0 0 0
C@CP 3440 0.089025216 0.404042287 0.150498585 0 0 0
C@CP 3441 -0.15637626 -0.0906925268 0.136461063 0 0 0
C@CP 3442 0.0274294272 -0.203877837 0.35705984 0 0 0
C@CP 3443 -0.105722361 0.18402983 0.216914787 0 0 0
C@CP 3444 -0.149760142 -0.179328644 0.399776022 0 0 0
C@CP 3445 0.103725485 0.147396851 0.172062882 0 0 0
C@CP 3446 -0.357975773 0.0894740334 0.158992404 0 0 0
C@CP 3447 0.10511722 0.0472488737 -0.408676463 0 0 0
C@CP 3448 -0.0411187623 -0.286785339 -0.37515682 0 0 0
C@CP 3449 -0.288164769 -0.0244348835 0.217082428 0 0 0
C@CP 3450 -0.233509092 -0.153546943 0.308447252 0 0 0
C@CP 3451 -0.0559566457 0.227507037 -0.358217427 0 0 0
C@CP 3452 -0.30298814 -0.261322572 0.101794363 0 0 0
C@CP 3454 -0.141322031 0.0817376243 0.0416242269 0 0 0
C@CP 3455 -0.201806665 -0.36908751 0.0247594221 0 0 0
C@CP 3456 -0.342632704 0.17723753 0.236277446 0 0 0
C@CP 3457 0.0619908659 0.426636824 -0.0694919682 0 0 0
C@CP 3458 0.0893071239 0.161187967 -0.0243917809 0 0 0
C@CP 3459 -0.278851762 0.253894131 0.23890649 0 0 0
C@CP 3460 -0.0615385499 0.373941415 0.0773970422 0 0 0
C@CP 3461 0.115471243 0.0775528231 -0.0709079144 0 0 0
C@CP 3462 -0.291673148 -0.108214523 -0.209278446 0 0 0
C@CP 3463 0.253884671 -0.0404660393 0.0916655722 0 0 0
C@CP 3464 -0.274161897 0.186545811 0.088738186 0 0 0
C@CP 3465 -0.117133525 -0.208242906 -0.00538170022 0 0 0
C@CP 3466 0.0286017887 -0.295626878 0.172749004 0 0 0
C@CP 3467 0.137628015 0.0480379057 -0.0538155234 0 0 0
C@CP 3468 -0.168871414 -0.0840654581 0.139661588 0 0 0
C@CP 3469 0.174035229 0.21541104 0.244214161 0 0 0
C@CP 3470 -0.0453375729 0.397925761 -0.120802724 0 0 0
C@CP 3471 0.18578364 0.0757809912 0.0404801629 0 0 0
C@CP 3472 -0.305257397 0.0525321063 -0.031603568 0 0 0
C@CP 3473 0.408375731 0.0635514406 -0.238430993 0 0 0
C@CP 3474 0.215567064 0.0300109825 0.385411685 0 0 0
C@CP 3475 0.0303807038 0.239644694 -0.162859604 0 0 0
C@CP 3476 -0.0436635103 0.187977698 -0.301387719 0 0 0
C@CP 3477 -0.24266597 0.0231251228 -0.105190603 0 0 0
C@CP 3478 0.433385922 -0.0324549351 0.04882756 0 0 0
C@CP 3479 -0.137594639 0.369684183 0.198773306 0 0 0
C@CP 3480 -0.163135459 -0.274416404 0.182647143 0 0 0
C@CP 3481 -0.247288581 0.192081817 0.301357602 0 0 0
C@CP 3482 -0.0250687698 0.124077212 0.311177058 0 0 0
C@CP 3483 -0.300272241 0.115560043 0.162283868 0 0 0
C@CP 3484 -0.403200394 -0.1551395 -0.113739708 0 0 0
C@CP 3485 0.0400841224 -0.282766057 -0.367061126 0 0 0
C@CP 3486 -0.0133091625 0.311896202 0.0624270808 0 0 0
C@CP 3487 0.00117618319 0.155500673 0.0742157839 0 0 0
C@CP 3488 -0.121020118 -0.308243528 0.282556949 0 0 0
C@CP 3489 -0.111243338 -0.115264145 -0.122638103 0 0 0
C@CP 3490 0.24286536 -0.298529192 0.216534637 0 0 0
C@CP 3491 -0.0423032283 0.328466875 0.216501243 0 0 0
C@CP 3492 -0.0108975213 0.259954847 0.141762992 0 0 0
C@CP 3493 -0.0906926451 0.259431257 0.314713282 0 0 0
C@CP 3494 -0.184711219 0.331422196 -0.268480291 0 0 0
C@CP 3495 0.200537365 -0.283789983 -0.238366847 0 0 0
C@CP 3496 -0.145225944 -0.0283340653 -0.418403052 0 0 0
C@CP 3497 -0.0839434772 0.0118960037 -0.338330653 0 0 0
B@CP 3499 0.280680131 -0.0067607308 0.192975711 0 0 0
C@CP 3500 0.253380933 -0.0729300599 -0.117488499 0 0 0
C@CP 3501 -0.107193375 0.410362633 0.0366773013 0 0 0
C@CP 3502 0.0982098635 -0.284420179 0.305962089 0 0 0
B@CP 3504 0.0407027013 -0.474035039 0.0160847136 0 0 0
C@CP 3505 -0.36380643 -0.212778974 -0.119380427 0 0 0
B@CP 3507 -0.0368280359 0.075788329 0.0382089154 0 0 0
C@CP 3508 -0.254740207 -0.225869568 -0.172223415 0 0 0
B@CP 3510 0.176462735 -0.15953987 -0.124729797 0 0 0
C@CP 3511 0.227814108 -0.109305158 -0.215524329 0 0 0
B@CP 3513 0.287781643 -0.086037307 -0.219982697 0 0 0
C@CP 3514 -0.134447295 0.242414307 -0.00289460459 0 0 0
B@CP 3516 -0.245682176 0.126550859 -0.159450055 0 0 0
C@CP 3517 -0.26434582 -0.0976981255 0.320343347 0 0 0
B@CP 3519 -0.468880012 -0.000948981577 0.0106463172 0 0 0
C@CP 3520 -0.293444859 0.157916542 0.273982133 0 0 0
B@CP 3522 -0.250314084 0.268524698 -0.00621115935 0 0 0
C@CP 3523 -0.23056539 -0.10022238 -0.112008422 0 0 0
