B@CP 1004 -0.0319069635 0.0604169185 0.444507425 0 0 0
B@CP 1005 -0.294015528 -0.101958803 -0.193066307 0 0 0
B@CP 1008 0.387675348 -0.017276388 0.235087543 0 0 0
B@CP 1014 0.249087992 0.186676329 -0.191324116 0 0 0
B@CP 1018 -0.0611579682 0.0593780585 0.332469258 0 0 0
B@CP 1020 0.0322680641 -0.00404064801 -0.467823198 0 0 0
B@CP 1025 0.130409843 -0.077185993 0.118028478 0 0 0
B@CP 1026 -0.291817358 -0.295425257 0.20679219 0 0 0
B@CP 1032 -0.0610755699 0.27879347 -0.378233408 0 0 0
B@CP 1033 0.159937339 0.140350461 0.244598593 0 0 0
B@CP 1034 0.25264096 0.143170908 -0.343053174 0 0 0
B@CP 1036 -0.0108523802 -0.154263788 0.384386208 0 0 0
B@CP 1040 -0.295146209 -0.129620631 -0.303980362 0 0 0
B@CP 1041 -0.352868936 -0.226303876 0.0739787644 0 0 0
B@CP 1042 0.140666675 -0.398535513 -0.112926588 0 0 0
B@CP 1045 -0.0300113137 -0.336417429 0.205407686 0 0 0
B@CP 1046 -0.0513290328 0.0243634694 0.184636843 0 0 0
B@CP 1047 -0.0546350642 -0.00734085002 -0.0140171157 0 0 0
B@CP 1055 0.0264391143 0.38904786 -0.0354739521 0 0 0
B@CP 1056 0.285266925 -0.0362624347 0.226163142 0 0 0
B@CP 1059 0.199724371 0.304951917 0.0522960034 0 0 0
B@CP 1063 -0.0536393932 -0.0773234348 -0.000172845945 0 0 0
B@CP 1065 0.244971716 -0.0406974075 0.294053833 0 0 0
B@CP 1066 -0.154839679 -0.0998932175 -0.127384278 0 0 0
B@CP 1068 -0.425667829 -0.114832592 -0.0625051536 0 0 0
B@CP 1069 0.311910113 0.114774174 0.0145969672 0 0 0
B@CP 1070 0.344860904 -0.294397877 0.0334472068 0 0 0
B@CP 1077 -0.283685293 -0.379640261 0.0205031375 0 0 0
B@CP 1080 -0.152024979 -0.395349205 0.00696830795 0 0 0
B@CP 1083 0.306531079 -0.271589212 -0.193684563 0 0 0
B@CP 1084 0.161922374 -0.328295202 0.125370004 0 0 0
B@CP 1085 -0.00828980114 0.0976916835 0.363859839 0 0 0
B@CP 1089 -0.253666384 0.106187385 -0.239703217 0 0 0
B@CP 1091 -0.206436103 0.0541312127 0.151799101 0 0 0
B@CP 1092 0.289692119 0.29756526 -0.165635096 0 0 0
B@CP 1093 0.239837576 0.203920828 -0.0796681236 0 0 0
B@CP 1094 0.286882521 0.0271668801 -0.357616873 0 0 0
B@CP 1099 -0.117478124 -0.2775375 -0.038003055 0 0 0
B@CP 1100 0.106267425 0.276408913 0.194204189 0 0 0
B@CP 1104 -0.161804769 0.385628732 0.198918272 0 0 0
B@CP 1105 0.163392223 -0.205094339 -0.155212093 0 0 0
B@CP 1106 0.165517042 -0.177151053 -0.130145218 0 0 0
B@CP 1107 -0.150944228 0.303945878 -0.0521376624 0 0 0
B@CP 1109 -0.269223296 -0.284360623 -0.0584395654 0 0 0
B@CP 1110 -0.0788320483 0.0885155601 0.341259061 0 0 0
B@CP 1117 -0.00228288088 -0.281349612 0.266636494 0 0 0
B@CP 1118 -0.06926045 0.224293187 -0.372237884 0 0 0
B@CP 1121 0.183582188 0.250550672 -0.283045086 0 0 0
B@CP 1122 -0.0533289714 -0.18134314 -0.403036734 0 0 0
B@CP 1123 0.290234838 0.10284257 -0.116449362 0 0 0
B@CP 1125 -0.171127894 -0.160962987 0.0317751664 0 0 0
B@CP 1131 0.220559144 0.215113938 -0.270703314 0 0 0
B@CP 1139 0.385545715 0.0386586642 -0.155034735 0 0 0
B@CP 1143 -0.162393711 -0.21033324 0.011262989 0 0 0
B@CP 1146 -0.305637273 0.141631993 0.0909085696 0 0 0
B@CP 1147 0.235748247 0.224287204 -0.000474540705 0 0 0
B@CP 1149 0.195132417 0.0302670777 0.236767346 0 0 0
B@CP 1152 0.186776652 -0.434148479 0.00971207089 0 0 0
B@CP 1153 -0.122375188 -0.215836715 -0.077096877 0 0 0
B@CP 1154 -0.411563796 -0.103570054 -0.181594474 0 0 0
B@CP 1155 0.307251502 -0.100187707 0.0671891959 0 0 0
B@CP 1160 0.296756982 0.239386456 -0.246433942 0 0 0
B@CP 1161 0.107761246 -0.0314600963 -0.407135595 0 0 0
B@CP 1162 -0.161608747 0.171401997 0.345391852 0 0 0
B@CP 1163 -0.0923686182 0.0262053547 0.178042855 0 0 0
B@CP 1166 0.0248905847 0.0757314203 0.151849656 0 0 0
B@CP 1167 0.166520327 0.160489967 -0.374683196 0 0 0
B@CP 1170 0.18761288 0.221299315 -0.154450742 0 0 0
B@CP 1171 -0.00272114245 -0.0840447429 -0.0313525053 0 0 0
B@CP 1176 0.457657248 -0.0408202025 -0.0182896575 0 0 0
B@CP 1179 -0.0334026752 -0.398048274 0.00798612815 0 0 0
B@CP 1185 0.0829375512 -0.0508648299 0.21500252 0 0 0
B@CP 1186 0.0800047619 -0.0938157939 0.355413131 0 0 0
B@CP 1187 -0.147858279 0.185743917 0.311959232 0 0 0
B@CP 1188 0.0412078866 -0.157901941 0.348539031 0 0 0
B@CP 1189 -0.0667317859 -0.201390749 0.225806868 0 0 0
B@CP 1190 0.233580471 0.118363923 0.178143547 0 0 0
B@CP 1191 -0.0266273799 0.21068309 -0.425386939 0 0 0
B@CP 1192 -0.0606263909 -0.00784271965 0.139081187 0 0 0
B@CP 1196 -0.0527621412 -0.331698103 0.205353066 0 0 0
B@CP 1197 -0.216124069 0.190958903 0.157474211 0 0 0
B@CP 1200 0.323964545 0.129500217 0.268410322 0 0 0
B@CP 1206 0.351374081 -0.0132521835 0.0204221988 0 0 0
B@CP 1211 0.0433268067 -0.42431442 -0.0378402618 0 0 0
B@CP 1221 -0.274207582 0.119815364 -0.0621800023 0 0 0
B@CP 1222 0.178878383 -0.307860998 0.0498542265 0 0 0
B@CP 1225 -0.121039001 -0.114972828 -0.1870611 0 0 0
B@CP 1226 0.320352288 -0.0432769278 -0.330180212 0 0 0
B@CP 1228 -0.119442998 -0.195823661 -0.240280003 0 0 0
B@CP 1229 0.158859888 -0.0480777626 0.0539750419 0 0 0
B@CP 1234 0.189168957 -0.290750302 -0.136407181 0 0 0
B@CP 1237 0.167242848 -0.36954154 -0.0258314624 0 0 0
B@CP 1239 -0.087298823 0.242364655 0.336875606 0 0 0
B@CP 1241 0.0624468204 -0.317521285 -0.00808080578 0 0 0
B@CP 1242 0.177576339 0.205274923 -0.213649375 0 0 0
B@CP 1245 -0.293162117 -0.287594044 0.183238429 0 0 0
B@CP 1248 -0.253942941 -0.314020962 0.168163247 0 0 0
B@CP 1257 -0.318965653 -0.172810895 -0.138039318 0 0 0
B@CP 1259 0.112007532 -0.399838671 -0.102989672 0 0 0
B@CP 1262 0.173976988 0.23012423 0.0195352705 0 0 0
B@CP 1263 0.144134707 -0.116556267 -0.250401989 0 0 0
B@CP 1264 0.320549501 0.0138829592 0.231403113 0 0 0
B@CP 1268 0.225908985 -0.350215521 0.133114838 0 0 0
B@CP 1274 -0.390858551 0.0786508469 -0.104665337 0 0 0
B@CP 1275 -0.16620791 0.0140606681 0.405950769 0 0 0
B@CP 1280 -0.289212844 0.347596192 -0.111778226 0 0 0
B@CP 1281 -0.0283369124 -0.226959146 0.159339786 0 0 0
B@CP 1284 -0.202491759 -0.249050603 -0.0156024826 0 0 0
B@CP 1285 -0.296378366 0.0430500979 0.140836739 0 0 0
B@CP 1291 0.115605212 0.248162085 -0.0816686578 0 0 0
B@CP 1293 0.221068403 -0.243070939 0.275997521 0 0 0
B@CP 1299 -0.14609489 0.100402034 0.26916268 0 0 0
B@CP 1302 -0.0585217546 0.107711965 0.393113298 0 0 0
B@CP 1305 0.11757857 0.326488642 -0.0191393654 0 0 0
B@CP 1306 -0.0211700877 0.332744236 -0.00606099378 0 0 0
B@CP 1312 -0.192530917 0.082338769 -0.216736324 0 0 0
B@CP 1318 -0.0346982948 -0.298666417 0.013600344 0 0 0
B@CP 1320 0.00257592923 0.201515976 -0.400400182 0 0 0
B@CP 1323 -0.356165734 0.0521881831 0.1700619 0 0 0
B@CP 1324 0.30800686 -0.14482371 0.0614480511 0 0 0
B@CP 1326 -0.024996063 0.27938575 0.00372436307 0 0 0
B@CP 1330 0.237523693 0.343175412 -0.177640747 0 0 0
B@CP 1332 0.0425197975 0.0706717567 0.040438864 0 0 0
B@CP 1335 0.361961431 -0.0935003728 -0.183828786 0 0 0
B@CP 1342 -0.0881485191 -0.240844907 0.149242468 0 0 0
B@CP 1343 0.190323747 0.0715263973 -0.288095128 0 0 0
B@CP 1345 0.0794503241 0.174113134 -0.210565574 0 0 0
B@CP 1348 0.2493943 0.170607611 -0.201844825 0 0 0
B@CP 1354 0.189694311 -0.021728651 0.228931955 0 0 0
B@CP 1356 0.435641804 0.0677658119 0.0405674748 0 0 0
B@CP 1362 -0.335410362 -0.207729851 -0.142254904 0 0 0
B@CP 1363 0.305729882 -0.0977435135 -0.263735125 0 0 0
B@CP 1365 -0.0428950683 0.0250294876 0.383521032 0 0 0
B@CP 1367 -0.30347824 0.0538635507 -0.167205577 0 0 0
B@CP 1370 0.0632704696 0.0907722719 -0.336268011 0 0 0
B@CP 1371 -0.0885704255 0.313403215 -0.0266375783 0 0 0
B@CP 1372 -0.315792383 -0.0914155219 0.246906576 0 0 0
B@CP 1373 0.0552806173 -0.0786099708 -0.394415234 0 0 0
B@CP 1375 -0.0565847472 0.353738731 -0.211489895 0 0 0
B@CP 1379 -0.079022057 -0.133593004 0.0215818719 0 0 0
B@CP 1385 -0.0600507108 -0.363327112 0.192785872 0 0 0
B@CP 1387 -0.408871225 0.103204377 0.0920785515 0 0 0
B@CP 1390 0.254034764 0.119305713 0.312078501 0 0 0
B@CP 1391 -0.381333746 0.213059406 -0.135468007 0 0 0
B@CP 1393 0.0724212608 -0.108594327 -0.262299319 0 0 0
B@CP 1398 -0.00773967951 0.0756611427 -0.189535554 0 0 0
B@CP 1406 0.263834756 0.12856183 -0.235834524 0 0 0
B@CP 1408 0.213213086 0.0485976494 0.272294469 0 0 0
B@CP 1410 -0.205085977 0.219238875 -0.181844834 0 0 0
B@CP 1416 -0.093819966 -0.418368029 0.130861179 0 0 0
B@CP 1417 0.0264809082 0.201258617 0.0913609965 0 0 0
B@CP 1422 0.303090155 0.171528188 0.0460715209 0 0 0
B@CP 1423 0.0998208982 -0.0425631445 0.217452642 0 0 0
B@CP 1424 -0.0226909673 -0.246282137 0.373937049 0 0 0
B@CP 1428 0.130048735 0.154574507 -0.364342156 0 0 0
B@CP 1429 -0.278699585 -0.144402059 -0.258095326 0 0 0
B@CP 1433 0.113515825 -0.194095203 -0.0319789831 0 0 0
B@CP 1434 -0.390143222 -0.186925689 0.0271508116 0 0 0
B@CP 1436 0.381215702 -0.165875459 0.107270435 0 0 0
B@CP 1438 -0.124752561 -0.129236214 0.291721258 0 0 0
B@CP 1439 0.256660974 0.0145636309 -0.0929948143 0 0 0
B@CP 1446 0.193136999 -0.0280040321 -0.0432460871 0 0 0
B@CP 1448 0.0247363517 0.115014379 0.0862433606 0 0 0
B@CP 1452 -0.322906639 0.000381486985 0.097018935 0 0 0
B@CP 1453 -0.262908251 -0.0272070282 0.29710899 0 0 0
B@CP 1454 -0.060986828 0.102344647 -0.375426935 0 0 0
B@CP 1465 0.250265823 -0.127512157 -0.167460791 0 0 0
B@CP 1466 0.076055188 0.065766479 0.308611057 0 0 0
B@CP 1470 0.137975581 0.224216908 0.209201027 0 0 0
B@CP 1471 0.0772494177 -0.334634655 -0.183377709 0 0 0
B@CP 1472 0.30718411 0.126114195 -0.0771851221 0 0 0
B@CP 1478 0.397062212 -0.0801519845 0.122238177 0 0 0
B@CP 1481 -0.0589576999 -0.333569295 0.0980144716 0 0 0
B@CP 1482 0.303196291 0.0449838804 0.235453764 0 0 0
B@CP 1483 -0.351636749 0.189611824 0.14564215 0 0 0
B@CP 1486 0.00639784803 0.347444274 -0.208467176 0 0 0
B@CP 1489 0.0818908419 -0.111890941 0.0300639392 0 0 0
B@CP 1490 -0.207886587 0.107207422 0.294180784 0 0 0
B@CP 1491 -0.00217419689 -0.107798653 0.12683572 0 0 0
B@CP 1492 0.299241418 -0.020247133 0.175239114 0 0 0
B@CP 1495 0.0716062126 0.182565319 -0.304330953 0 0 0
B@CP 1500 -0.108478891 -0.437702121 -0.00325816622 0 0 0
B@CP 1504 -0.140772079 -0.0960626047 -0.355500154 0 0 0
B@CP 1505 -0.0302355374 -0.279838934 -0.152614595 0 0 0
B@CP 1509 0.195896295 0.175486576 -0.102116091 0 0 0
B@CP 1515 -0.0500749663 0.0895593773 -0.0599426872 0 0 0
B@CP 1519 0.070798009 0.178896591 0.331659744 0 0 0
B@CP 1523 -0.10929059 -0.268450184 0.305293482 0 0 0
B@CP 1524 0.0833433387 0.0747092974 -0.285935697 0 0 0
B@CP 1526 -0.0994130298 0.094547192 -0.0631448999 0 0 0
B@CP 1527 0.256818662 0.153998886 0.179454823 0 0 0
B@CP 1530 0.364864348 -0.185601696 -0.225526714 0 0 0
B@CP 1534 -0.176994456 0.326793857 -0.171480732 0 0 0
B@CP 1536 0.0451743633 -0.19351257 -0.389862131 0 0 0
B@CP 1551 -0.079761455 0.0613906142 0.333595639 0 0 0
B@CP 1552 -0.155806626 -0.0678017813 -0.259261729 0 0 0
B@CP 1555 -0.0696128105 -0.2093368 -0.0184276504 0 0 0
B@CP 1561 0.0181955216 0.460243429 0.0276478809 0 0 0
B@CP 1567 -0.094415634 0.395887066 -0.0671241285 0 0 0
B@CP 1569 -0.150086606 0.0587671217 -0.397091188 0 0 0
B@CP 1572 -0.241232052 0.249695888 0.0248157119 0 0 0
B@CP 1573 -0.241518991 0.18247507 0.0675899058 0 0 0
B@CP 1576 0.00429433229 0.169881469 0.330105265 0 0 0
B@CP 1580 0.0612826992 -0.129355175 -0.33117141 0 0 0
B@CP 1583 -0.093646522 -0.00361071823 -0.0482670651 0 0 0
B@CP 1584 -0.0454167831 0.0113380167 -0.226991022 0 0 0
B@CP 1586 0.274181146 -0.173488092 -0.0772827932 0 0 0
B@CP 1588 0.244032185 -0.274878058 0.0370756649 0 0 0
B@CP 1589 0.161902752 0.219524875 -0.00320905165 0 0 0
B@CP 1596 -0.414351022 0.19134034 0.0739948553 0 0 0
B@CP 1600 0.191980458 -0.273197555 0.0437447967 0 0 0
B@CP 1606 0.23116263 -0.370023786 0.0307549525 0 0 0
B@CP 1609 -0.0473072832 0.39191019 0.241278702 0 0 0
B@CP 1611 -0.215881461 -0.0240086063 0.244974452 0 0 0
B@CP 1613 -0.136299047 -0.110281481 0.02225717 0 0 0
B@CP 1625 0.432916982 0.0308647869 -0.100556925 0 0 0
B@CP 1630 0.162333301 -0.217062963 -0.105875572 0 0 0
B@CP 1637 0.231590319 0.0364786492 -0.337939385 0 0 0
B@CP 1638 0.367690399 -0.0572689692 -0.11680472 0 0 0
B@CP 1642 0.2536103 -0.140672815 0.17998931 0 0 0
B@CP 1645 0.185911359 -0.290776135 0.117004075 0 0 0
B@CP 1649 0.298470101 0.0264847322 0.241641623 0 0 0
B@CP 1655 -0.176261081 -0.270322823 0.276329334 0 0 0
B@CP 1656 -0.0120291595 0.101449934 0.10642474 0 0 0
B@CP 1673 0.302821114 0.0163552448 0.205839914 0 0 0
B@CP 1678 0.252045279 0.0338467592 0.383565431 0 0 0
B@CP 1679 -0.0813696504 -0.16507911 0.214351764 0 0 0
B@CP 1681 -0.0993096188 0.0716113011 0.387468238 0 0 0
B@CP 1686 0.291776137 -0.00260897605 0.177911854 0 0 0
B@CP 1690 0.101084627 -0.160856514 0.064291358 0 0 0
B@CP 1694 -0.231682558 -0.283339063 0.152371143 0 0 0
B@CP 1696 0.100877492 -0.355088069 -0.200585898 0 0 0
B@CP 1697 -0.253591715 -0.333513863 0.0879005097 0 0 0
B@CP 1701 0.135289561 -0.20481027 -0.00500584107 0 0 0
B@CP 1703 -0.250795935 0.0226800832 -0.203331793 0 0 0
B@CP 1705 -0.204403227 -0.140681451 0.327822506 0 0 0
B@CP 1710 0.431134304 0.0128354843 -0.0912673208 0 0 0
B@CP 1719 0.0740623371 -0.00981000149 -0.382905626 0 0 0
B@CP 1722 -0.310081523 -0.0642867822 -0.126556627 0 0 0
B@CP 1727 -0.261205051 0.336532514 -0.0676202919 0 0 0
B@CP 1733 0.100111652 0.142435711 0.371059383 0 0 0
B@CP 1735 0.33678382 0.202693056 0.186799968 0 0 0
B@CP 1736 0.191312462 0.120118171 0.0581873376 0 0 0
B@CP 1739 0.327906243 0.324315002 -0.0938716416 0 0 0
B@CP 1740 0.173432727 0.222573738 -0.252093359 0 0 0
B@CP 1743 -0.113783308 0.00635827535 -0.00158078542 0 0 0
B@CP 1745 -0.195454309 0.0526095544 0.335563867 0 0 0
B@CP 1746 -0.180134546 -0.0423201078 0.414145118 0 0 0
B@CP 1747 0.0117951991 0.16612102 0.0567831696 0 0 0
B@CP 1748 -0.155297036 -0.168345002 0.402796195 0 0 0
B@CP 1751 -0.148643758 -0.0258859042 0.344111292 0 0 0
B@CP 1752 0.245093855 -0.252355478 0.0415706113 0 0 0
B@CP 1755 0.00429308488 -0.355255415 0.182267407 0 0 0
B@CP 1763 -0.14427087 0.129909795 -0.391600855 0 0 0
B@CP 1774 -0.154745513 0.278412051 -0.120654299 0 0 0
B@CP 1777 -0.0791909139 -0.390483022 0.0599425324 0 0 0
B@CP 1781 0.0218238021 0.0201805746 0.215548966 0 0 0
B@CP 1789 0.0365438746 -0.244869176 0.0115467216 0 0 0
B@CP 1790 0.0478768682 0.0112024539 -0.356142744 0 0 0
B@CP 1793 0.261117323 0.104812365 -0.25723369 0 0 0
B@CP 1800 -0.120836573 0.307408502 0.0203796073 0 0 0
B@CP 1802 0.242899484 -0.0870529195 0.113813306 0 0 0
B@CP 1803 0.145093556 -0.0552845491 0.381375158 0 0 0
B@CP 1804 -0.389037441 0.131309104 0.209389713 0 0 0
B@CP 1807 -0.087206016 0.191850348 -0.180301718 0 0 0
B@CP 1814 -0.0491819688 0.209288213 -0.0303110361 0 0 0
B@CP 1815 0.133078275 -0.174847147 -0.169019268 0 0 0
B@CP 1817 -0.144478394 0.0464115138 0.225874367 0 0 0
B@CP 1819 -0.287971498 -0.162876628 -0.0841012977 0 0 0
B@CP 1822 -0.0521921392 0.0925365764 0.366513281 0 0 0
B@CP 1823 0.248956655 -0.155369539 -0.227871016 0 0 0
B@CP 1826 0.25562278 0.196941847 0.136975096 0 0 0
B@CP 1828 -0.088002026 -0.349519666 0.16636526 0 0 0
B@CP 1835 0.244281496 -0.144034676 -0.126206239 0 0 0
B@CP 1836 0.388914598 0.0820411717 -0.0655573097 0 0 0
B@CP 1838 -0.281315471 -0.0902668313 -0.204520867 0 0 0
B@CP 1840 0.123949342 -0.263337342 -0.0614578707 0 0 0
B@CP 1842 0.325223514 0.159259931 0.275097946 0 0 0
B@CP 1844 0.385378883 -0.212171698 -0.136879946 0 0 0
B@CP 1847 0.140190463 0.113856527 0.0462687521 0 0 0
B@CP 1848 0.0587878729 0.162264045 -0.349837471 0 0 0
B@CP 1851 -0.343518125 0.202645957 0.0226396443 0 0 0
B@CP 1852 0.0305558367 -0.393527729 -0.00116048899 0 0 0
B@CP 1855 -0.0481773178 -0.0411430175 -0.0664768933 0 0 0
B@CP 1856 -0.204469179 0.0955585694 -0.10986861 0 0 0
B@CP 1858 -0.121138089 0.156553281 0.0470014155 0 0 0
B@CP 1861 -0.0263810975 -0.19954359 0.314017259 0 0 0
B@CP 1862 0.345430398 0.140402086 0.112663752 0 0 0
B@CP 1866 -0.1901037 -0.0274752513 -0.338118077 0 0 0
B@CP 1870 0.241575251 0.270174042 0.177811503 0 0 0
B@CP 1872 -0.199926296 0.0987024358 0.081251947 0 0 0
B@CP 1873 -0.287302 0.207108226 0.249055729 0 0 0
B@CP 1877 -0.320063043 0.1399106 0.109840741 0 0 0
B@CP 1879 -0.37151233 -0.0463753 0.228477804 0 0 0
B@CP 1880 0.0138119495 -0.184973245 0.227229992 0 0 0
B@CP 1881 0.28344792 -0.327199407 0.125238125 0 0 0
B@CP 1883 -0.0180765043 0.330417798 0.139570702 0 0 0
B@CP 1887 0.345761293 0.0241425407 0.00809866335 0 0 0
B@CP 1890 -0.154043708 0.238559134 -0.306523105 0 0 0
B@CP 1891 0.346302506 -0.276784426 0.138439323 0 0 0
B@CP 1892 -0.266532895 0.213030509 0.301837514 0 0 0
B@CP 1893 0.196213972 -0.369473897 -0.21213614 0 0 0
B@CP 1899 -0.00605698381 0.212927484 -0.0610191306 0 0 0
B@CP 1901 0.0844345591 0.0463587611 0.430944335 0 0 0
B@CP 1903 0.0523121689 -0.0180936863 -0.0343402337 0 0 0
B@CP 1906 0.394389236 0.136803981 -0.073386699 0 0 0
B@CP 1909 -0.383051692 -0.264995453 0.00956762753 0 0 0
B@CP 1910 -0.0589810748 0.113172629 -0.0224373168 0 0 0
B@CP 1911 0.0774010815 -0.0427360447 -0.372154621 0 0 0
B@CP 1915 -0.00913435232 -0.130702017 -0.0125493285 0 0 0
B@CP 1917 -0.0413993226 -0.0246538881 -0.474305929 0 0 0
B@CP 1920 0.213986748 0.248807708 0.0378872078 0 0 0
B@CP 1921 -0.0990312596 0.426065948 0.0786517179 0 0 0
B@CP 1922 0.0382125848 0.109082424 -0.194230039 0 0 0
B@CP 1925 0.00142590839 -0.00111856821 -0.483802925 0 0 0
B@CP 1935 -0.0151841763 0.087506068 -0.444783684 0 0 0
B@CP 1937 0.157201164 -0.414363872 -0.0909856833 0 0 0
B@CP 1939 -0.0585593598 -0.152753476 0.397095119 0 0 0
B@CP 1950 0.00489065142 0.256545313 0.295198143 0 0 0
B@CP 1955 0.216443362 -0.190281863 0.19550368 0 0 0
B@CP 1958 0.0564762498 -0.0928049231 0.195612418 0 0 0
B@CP 1960 -0.243222754 0.297720353 -0.0917840716 0 0 0
B@CP 1967 -0.179638142 -0.277050969 -0.0376343087 0 0 0
B@CP 1970 0.0199095757 0.00763100346 0.33729829 0 0 0
B@CP 1974 0.183757186 -0.0776122572 0.397559569 0 0 0
B@CP 1980 0.0873206443 -0.106228893 -0.277597192 0 0 0
B@CP 1993 -0.146167314 0.308092444 0.0198192289 0 0 0
B@CP 1994 -0.0622634692 0.192896661 0.115682104 0 0 0
B@CP 1996 0.137971035 -0.236559434 -0.102701701 0 0 0
B@CP 1999 0.396613815 -0.116616098 0.198313868 0 0 0
B@CP 2002 0.189238733 -0.25519783 0.062826633 0 0 0
B@CP 2005 0.157700917 0.2592448 0.0119110886 0 0 0
B@CP 2013 0.363760818 -0.149167669 0.182563398 0 0 0
B@CP 2019 0.0465225348 -0.250362535 -0.147697853 0 0 0
B@CP 2021 0.0980466083 -0.210014835 -0.0353922613 0 0 0
B@CP 2022 0.00508240449 0.229099184 -0.423000405 0 0 0
B@CP 2024 -0.347616567 -0.164398603 -0.237090993 0 0 0
B@CP 2025 -0.442295513 0.128988329 -0.0252589494 0 0 0
B@CP 2026 -0.0436972817 0.153062107 0.242666514 0 0 0
B@CP 2028 0.196820072 -0.0610183926 0.0436242572 0 0 0
B@CP 2029 -0.0885855419 0.163641172 0.036879618 0 0 0
B@CP 2032 -0.0999119974 0.214251754 0.0994131772 0 0 0
B@CP 2033 -0.184003196 -0.298215845 -0.0463917073 0 0 0
B@CP 2034 -0.0387005781 0.0885867178 -0.384341791 0 0 0
B@CP 2036 -0.350845054 0.167901561 0.163520022 0 0 0
B@CP 2037 0.312365438 -0.202707622 0.0512795178 0 0 0
B@CP 2040 0.0122964023 0.0180404396 0.115497735 0 0 0
B@CP 2042 -0.287061977 -0.205784211 -0.102271741 0 0 0
B@CP 2043 0.145720571 -0.359606223 0.160621595 0 0 0
B@CP 2048 -0.325821185 -0.181650221 -0.162440812 0 0 0
B@CP 2050 0.17558531 0.135863723 -0.399071704 0 0 0
B@CP 2053 -0.256107548 -0.26907382 0.0431697991 0 0 0
B@CP 2057 0.352905954 -0.108900633 0.23900886 0 0 0
B@CP 2059 -0.0211715878 0.336681872 0.00790994202 0 0 0
B@CP 2060 0.221975235 -0.182567314 0.381438841 0 0 0
B@CP 2068 -0.322691251 0.0500466498 0.327407467 0 0 0
B@CP 2076 -0.155319589 0.109831556 0.153547741 0 0 0
B@CP 2077 -0.189442536 0.134376625 0.278580399 0 0 0
B@CP 2078 0.226816608 0.167172528 -0.0549148221 0 0 0
B@CP 2079 0.0710119072 0.332886531 0.252332575 0 0 0
B@CP 2081 0.0243850105 0.0684174151 0.137926358 0 0 0
B@CP 2082 -0.303538482 0.311112322 0.153396493 0 0 0
B@CP 2083 0.365250579 -0.0267040748 0.223091215 0 0 0
B@CP 2086 0.135935287 -0.264961657 -0.342434837 0 0 0
B@CP 2087 -0.418549737 -0.131313256 0.0482477074 0 0 0
B@CP 2091 0.0388720029 0.022094761 -0.419100578 0 0 0
B@CP 2095 -0.0524223778 0.166449882 -0.268392668 0 0 0
B@CP 2103 -0.20574388 -0.0115998958 0.0628509991 0 0 0
B@CP 2105 -0.396801342 0.0183774474 0.107624916 0 0 0
B@CP 2109 0.361708302 0.283281282 -0.0151425062 0 0 0
B@CP 2110 -0.221162631 0.172819268 -0.26669941 0 0 0
B@CP 2111 -0.193143685 0.0938258176 0.163515715 0 0 0
B@CP 2113 -0.358051207 -0.211986569 0.215979672 0 0 0
B@CP 2114 -0.00073173333 0.246303146 -0.284315753 0 0 0
B@CP 2115 0.0605225125 -0.0685334324 -0.341926241 0 0 0
B@CP 2117 -0.115226046 -0.41089548 0.208624347 0 0 0
B@CP 2118 0.0108062346 -0.366634285 0.277216256 0 0 0
B@CP 2119 -0.160658034 -0.29895203 -0.150600064 0 0 0
B@CP 2125 -0.186217571 0.301715519 -0.198564342 0 0 0
B@CP 2127 -0.184433145 0.0229650252 -0.0428227731 0 0 0
B@CP 2130 -0.2110254 -0.192222531 0.257089991 0 0 0
B@CP 2131 -0.281395644 -0.204628929 -0.0624402868 0 0 0
B@CP 2133 -0.243787979 -0.0238521335 0.384622795 0 0 0
B@CP 2134 -0.196830485 0.328122823 0.0134851561 0 0 0
B@CP 2136 0.173456202 -0.132294162 -0.208738476 0 0 0
B@CP 2141 0.00707497588 0.146905101 -0.12238936 0 0 0
B@CP 2144 0.12774856 -0.396421719 0.227175264 0 0 0
B@CP 2145 0.16484893 0.112341973 -0.0939902721 0 0 0
B@CP 2149 0.250247611 -0.160940557 -0.166415255 0 0 0
B@CP 2154 0.112104797 -0.398903306 0.127891648 0 0 0
B@CP 2161 0.0017093594 0.198019674 0.241519727 0 0 0
B@CP 2164 0.0311703323 0.0446366073 -0.298588346 0 0 0
B@CP 2166 -0.392438006 -0.245479497 0.0412429884 0 0 0
B@CP 2168 0.309539573 -0.155749052 0.300802162 0 0 0
B@CP 2169 -0.12889616 0.0139574994 -0.0471120564 0 0 0
B@CP 2175 0.0506567446 -0.130427904 -0.397737341 0 0 0
B@CP 2177 -0.142278969 0.193585828 0.326090484 0 0 0
B@CP 2182 -0.0673828096 -0.0183185812 0.242034476 0 0 0
B@CP 2186 0.0799051591 -0.234102026 -0.0812733723 0 0 0
B@CP 2188 0.241872947 0.228321659 0.0129571022 0 0 0
B@CP 2203 0.194107768 -0.335816211 -0.0944093875 0 0 0
B@CP 2205 0.0902958602 -0.0683874634 0.278543993 0 0 0
B@CP 2207 0.223603273 0.0919621564 0.0426521306 0 0 0
B@CP 2208 -0.207934037 0.093666224 -0.383406779 0 0 0
B@CP 2213 -0.0690336191 0.308580816 -0.2628819 0 0 0
B@CP 2215 0.0201314418 -0.0978406341 0.346028462 0 0 0
B@CP 2217 -0.00202524926 -0.170217787 -0.0964463213 0 0 0
B@CP 2220 -0.202819842 -0.310762913 0.208823224 0 0 0
B@CP 2221 -0.185858256 -0.157179379 -0.339236017 0 0 0
B@CP 2222 0.0898179548 0.289771598 0.199863386 0 0 0
B@CP 2225 0.0270659805 0.195058876 -0.4193206 0 0 0
B@CP 2226 -0.440189924 -0.129750079 -0.0576761813 0 0 0
B@CP 2228 -0.451936494 0.0271714373 -0.0124898783 0 0 0
B@CP 2230 0.161137147 0.220821349 -0.254889548 0 0 0
B@CP 2233 -0.0979721153 0.270943458 0.282434636 0 0 0
B@CP 2234 0.404465249 0.057603908 0.123299088 0 0 0
B@CP 2248 -0.161986002 -0.412326918 -0.0309249736 0 0 0
B@CP 2250 0.244263956 -0.0470273627 -0.364852798 0 0 0
B@CP 2251 0.00513710804 -0.0906379613 0.419431434 0 0 0
B@CP 2252 -0.0536967096 -0.289133953 -0.0128568494 0 0 0
B@CP 2254 0.350611133 0.223376092 -0.150351423 0 0 0
B@CP 2255 0.0818209237 0.313971118 -0.0746173798 0 0 0
B@CP 2256 0.196700437 0.032304815 0.0972955276 0 0 0
B@CP 2263 -0.0823793541 0.00562183402 0.211023238 0 0 0
B@CP 2267 0.0718824135 0.349854496 0.301016712 0 0 0
B@CP 2271 0.098057237 -0.367258309 -0.222724984 0 0 0
B@CP 2272 -0.320927257 -0.00438487544 0.223712287 0 0 0
B@CP 2273 0.24144164 -0.0931469045 -0.304891562 0 0 0
B@CP 2275 0.359125255 0.166066542 0.0464561508 0 0 0
B@CP 2279 0.0588596676 -0.396648133 -0.125256935 0 0 0
B@CP 2282 0.0616725587 -0.174631109 -0.0782401724 0 0 0
B@CP 2284 0.124986831 0.174421799 -0.379272476 0 0 0
B@CP 2285 -0.139691114 0.0182137832 0.183697203 0 0 0
B@CP 2293 0.24688594 -0.150289719 -0.268530265 0 0 0
B@CP 2299 0.270131337 -0.120688996 0.099316096 0 0 0
B@CP 2300 0.113017819 0.101098724 0.278918552 0 0 0
B@CP 2301 0.361862061 -0.0419730781 0.164419036 0 0 0
B@CP 2303 0.248179367 0.114596117 -0.326520096 0 0 0
B@CP 2305 -0.0246465658 0.0768308845 0.407967414 0 0 0
B@CP 2309 0.0858850665 0.0804044145 0.285593897 0 0 0
B@CP 2313 0.313569213 -0.0621773993 0.0594776698 0 0 0
B@CP 2315 -0.0444293031 0.0925110466 0.1695207 0 0 0
B@CP 2320 -0.187146517 -0.131106635 0.110901681 0 0 0
B@CP 2325 -0.0881261001 0.3072646 -0.26768309 0 0 0
B@CP 2329 -0.149184129 -0.100135042 -0.32011394 0 0 0
B@CP 2331 0.162864506 0.0602904875 -0.130868122 0 0 0
B@CP 2332 0.00278109784 0.0527330664 0.415361504 0 0 0
B@CP 2333 0.0635674177 -0.322581879 -0.124398187 0 0 0
B@CP 2335 0.110238386 0.189851003 0.049300858 0 0 0
B@CP 2336 0.190801897 -0.0544343934 0.258111523 0 0 0
B@CP 2340 0.149339287 0.274740495 0.058713108 0 0 0
B@CP 2343 0.258550235 0.205773371 -0.0075334506 0 0 0
B@CP 2346 -0.23079707 0.101974404 0.143920179 0 0 0
B@CP 2348 0.286317996 0.0333765354 0.194304974 0 0 0
B@CP 2350 -0.118943684 0.389210429 0.198982262 0 0 0
B@CP 2351 0.17300081 0.389681507 -0.198300337 0 0 0
B@CP 2352 0.334081737 0.20511654 0.185076651 0 0 0
B@CP 2356 0.00336123992 -0.16987517 -0.325094351 0 0 0
B@CP 2357 0.225137418 -0.215076777 -0.0123305588 0 0 0
B@CP 2359 0.11062513 -0.0724064744 0.364159715 0 0 0
B@CP 2363 -0.0592293326 0.285637932 -0.123233257 0 0 0
B@CP 2365 0.197891012 -0.0280942152 0.0440341706 0 0 0
B@CP 2368 -0.0832592725 -0.300277084 -0.13360523 0 0 0
B@CP 2369 0.012658513 0.258932988 0.0340827758 0 0 0
B@CP 2370 0.339633342 0.113295386 -0.287175163 0 0 0
B@CP 2372 -0.214047518 0.266178877 -0.278585943 0 0 0
B@CP 2373 0.378797889 -0.247036615 -0.156562071 0 0 0
B@CP 2376 -0.0684159629 -0.325206656 0.0599400603 0 0 0
B@CP 2381 0.073040686 0.466908569 0.0278929878 0 0 0
B@CP 2382 -0.016602881 0.102820039 -0.360190999 0 0 0
B@CP 2383 0.0491462239 0.247417962 -0.0647825213 0 0 0
B@CP 2386 -0.165158434 0.188254511 -0.355157984 0 0 0
B@CP 2388 -0.171362683 0.21754444 0.134848171 0 0 0
B@CP 2392 -0.309528373 0.269171408 -0.203441593 0 0 0
B@CP 2395 0.140542692 -0.0274380914 -0.256533033 0 0 0
B@CP 2397 0.115137213 -0.15825902 -0.164133168 0 0 0
B@CP 2400 0.147242799 -0.356275905 -0.190667065 0 0 0
B@CP 2402 0.0400751898 -0.335830986 -0.302473346 0 0 0
B@CP 2405 -0.0840012235 -0.0731437448 -0.166759755 0 0 0
B@CP 2411 0.298754137 0.238773243 0.126608797 0 0 0
B@CP 2413 0.221546235 -0.364898797 -0.0628308025 0 0 0
B@CP 2416 -0.184948632 -0.101473223 -0.216791577 0 0 0
B@CP 2421 0.0459756755 -0.0729709401 -0.430527064 0 0 0
B@CP 2437 -0.0709901946 -0.424715049 -0.0365853283 0 0 0
B@CP 2441 0.329004778 0.0602296354 0.141853028 0 0 0
B@CP 2456 0.181813378 0.143127925 0.349914387 0 0 0
B@CP 2457 0.157082578 -0.117841976 0.364524058 0 0 0
B@CP 2459 -0.284211679 -0.329838991 -0.0904330851 0 0 0
B@CP 2460 -0.22186512 -0.221097163 -0.0134099309 0 0 0
B@CP 2461 -0.264565338 -0.412474881 0.00888326313 0 0 0
B@CP 2462 -0.0266131809 0.0217608851 -0.0283706811 0 0 0
B@CP 2467 -0.0958570178 0.266187285 -0.148967873 0 0 0
B@CP 2471 0.0110046479 -0.338972272 -0.136897073 0 0 0
B@CP 2475 -0.118745867 -0.120716171 -0.0484879591 0 0 0
B@CP 2477 -0.193024663 0.138616806 0.134437003 0 0 0
B@CP 2481 0.00483132722 0.42327166 -0.06549736 0 0 0
B@CP 2487 0.158437316 -0.294929473 -0.043550443 0 0 0
B@CP 2492 0.00644154738 0.0649153037 0.259019362 0 0 0
C@CP 2500 -0.0483328463 0.306535025 -0.196657051 0 0 0
C@CP 2501 -0.346240425 0.206633875 -0.0320705208 0 0 0
C@CP 2502 0.0230151523 -0.362500195 0.0129994743 0 0 0
C@CP 2503 0.139748688 -0.242010068 0.295327211 0 0 0
C@CP 2504 -0.0285380973 0.10498196 0.092663032 0 0 0
C@CP 2505 -0.0436707011 -0.153645524 -0.361032967 0 0 0
C@CP 2506 -0.238717117 0.129734722 0.155709952 0 0 0
C@CP 2507 -0.0548990508 -0.406774354 0.168938212 0 0 0
C@CP 2508 -0.345170597 -0.0471436872 0.262751307 0 0 0
C@CP 2509 0.355236212 -0.113374876 -0.0488693473 0 0 0
C@CP 2510 -0.250229911 -0.0175956635 0.327299563 0 0 0
C@CP 2511 -0.14567328 -0.0245445277 0.0201927912 0 0 0
C@CP 2512 -0.147756444 0.351637436 0.107258853 0 0 0
C@CP 2513 0.139747944 0.421651183 -0.0582235417 0 0 0
C@CP 2514 0.391766317 0.234204423 0.0265508389 0 0 0
C@CP 2515 0.222817906 0.279768721 -0.272821927 0 0 0
C@CP 2516 0.0734340582 -0.160243509 0.174573509 0 0 0
C@CP 2517 -0.199782151 -0.139748543 0.0487967162 0 0 0
C@CP 2518 -0.190168481 0.185488871 0.0805614157 0 0 0
C@CP 2519 0.0934897743 0.34457203 0.31213431 0 0 0
C@CP 2520 -0.166707349 0.228140513 -0.17637488 0 0 0
C@CP 2521 -0.0522572717 -0.11984477 -0.237896725 0 0 0
C@CP 2522 -0.23475142 -0.314923884 -0.176994141 0 0 0
C@CP 2523 -0.324591184 -0.0156828548 0.186417518 0 0 0
C@CP 2524 -0.331508541 0.204611915 0.20040668 0 0 0
C@CP 2525 -0.34405697 0.195459613 0.132589861 0 0 0
C@CP 2526 -0.255692511 0.0827878356 0.217016304 0 0 0
C@CP 2527 0.115508883 -0.365984112 -0.266883066 0 0 0
C@CP 2528 -0.179492199 0.0564894623 -0.301617899 0 0 0
C@CP 2529 0.27057756 0.349191582 -0.0104107788 0 0 0
C@CP 2530 -0.0482287779 -0.11521438 -0.384183745 0 0 0
C@CP 2531 -0.303128989 0.0847562205 -0.179287966 0 0 0
C@CP 2532 -0.292507525 0.272482313 0.058652338 0 0 0
C@CP 2533 -0.146212044 0.391983949 0.0639672609 0 0 0
C@CP 2534 0.0357055413 0.315173454 0.223392378 0 0 0
C@CP 2535 0.0623173253 -0.102130418 -0.208286271 0 0 0
C@CP 2536 0.1573213 -0.0341124688 0.00625055609 0 0 0
C@CP 2537 0.324019626 0.0328414013 -0.324615874 0 0 0
C@CP 2538 -0.180625213 0.106907493 0.0363437101 0 0 0
C@CP 2539 0.0661455941 -0.187620295 0.0623752112 0 0 0
C@CP 2540 -0.168842117 0.0800592447 0.0205257381 0 0 0
C@CP 2541 0.359704965 0.0170033738 -0.00144652133 0 0 0
C@CP 2542 -0.190568383 -0.0544933604 -0.156111311 0 0 0
C@CP 2543 -0.0760290126 -0.183352283 -0.0374293645 0 0 0
C@CP 2544 0.218880389 -0.327206123 -0.155674732 0 0 0
C@CP 2545 0.26375839 0.0484882759 0.304842025 0 0 0
C@CP 2546 0.0221840535 0.168855293 0.379871803 0 0 0
C@CP 2547 -0.0875675461 -0.289943276 0.227303872 0 0 0
C@CP 2548 -0.105811698 0.22397196 -0.142935756 0 0 0
C@CP 2549 0.225192361 -0.160577425 0.0751404029 0 0 0
C@CP 2550 0.275103862 0.178381038 -0.0856236536 0 0 0
C@CP 2551 -0.126521524 -0.138188921 -0.068128098 0 0 0
C@CP 2552 -0.0648751784 -0.150631254 -0.435842715 0 0 0
C@CP 2553 0.257374064 0.29831687 0.0747501905 0 0 0
C@CP 2554 0.153059713 0.20970703 0.148298427 0 0 0
C@CP 2555 -0.112256977 0.111763982 -0.023234679 0 0 0
C@CP 2556 0.210170494 -0.172472237 0.288429308 0 0 0
C@CP 2557 0.256946084 0.0805799308 -0.200021333 0 0 0
C@CP 2558 0.235763291 -0.337666072 0.0186151348 0 0 0
C@CP 2559 -0.106719197 0.0255398017 0.0143305535 0 0 0
C@CP 2560 -0.0155075454 0.276256175 0.271314461 0 0 0
C@CP 2561 -0.38073431 0.176415367 0.118114706 0 0 0
C@CP 2562 0.00860661731 -0.168024151 -0.418215939 0 0 0
C@CP 2563 0.116141847 0.304013172 -0.105571104 0 0 0
C@CP 2564 -0.26969458 0.281551268 -0.234925478 0 0 0
C@CP 2565 -0.125140173 -0.103013443 0.345410106 0 0 0
C@CP 2566 -0.0402128329 0.159249322 0.326532522 0 0 0
C@CP 2567 -0.0961392261 -0.312721446 0.297126781 0 0 0
C@CP 2568 -0.0191987488 0.124390454 0.335578531 0 0 0
C@CP 2569 -0.0570864036 0.0239470013 0.275037531 0 0 0
C@CP 2570 0.0953170271 0.325580743 -0.132909882 0 0 0
C@CP 2571 0.205877431 0.0337138455 0.266768685 0 0 0
C@CP 2572 0.300085936 0.13373456 0.216995203 0 0 0
C@CP 2573 0.0835633989 -0.375592334 -0.244249917 0 0 0
C@CP 2574 0.191843239 0.0477664792 0.390171091 0 0 0
C@CP 2575 0.161932123 0.340220219 -0.154530754 0 0 0
C@CP 2576 -0.140304324 0.115961233 -0.167595994 0 0 0
C@CP 2577 0.331788598 0.0254216656 0.145510511 0 0 0
C@CP 2578 0.129751012 -0.338917313 -0.0817043089 0 0 0
C@CP 2579 0.254344793 0.200918227 0.138729975 0 0 0
C@CP 2580 -0.255783955 -0.025940234 0.209492027 0 0 0
C@CP 2581 0.239811058 0.21828284 0.107718421 0 0 0
C@CP 2582 -0.310150662 0.22472067 -0.0411538841 0 0 0
C@CP 2583 0.302266279 0.0781387664 0.326355776 0 0 0
C@CP 2584 -0.13521846 0.224346148 0.339790486 0 0 0
C@CP 2585 -0.445304305 -0.017617023 0.0611196683 0 0 0
C@CP 2586 0.133298514 0.0845738868 0.304796575 0 0 0
C@CP 2587 -0.118989875 0.229803299 0.238830723 0 0 0
C@CP 2588 0.0643165478 0.216671752 -0.284331087 0 0 0
C@CP 2589 0.112457158 0.0698523381 0.262727763 0 0 0
C@CP 2590 0.270572233 -0.0186246625 -0.0691071603 0 0 0
C@CP 2591 -0.271030599 -0.133813369 0.0103052467 0 0 0
C@CP 2592 0.0837469391 0.250648225 -0.227074728 0 0 0
C@CP 2593 -0.110838203 -0.00193308375 -0.375593433 0 0 0
C@CP 2594 -0.159247281 -0.0588156394 -0.339379273 0 0 0
C@CP 2595 0.081453288 0.240374703 -0.206370926 0 0 0
C@CP 2596 0.0140703853 -0.0254546485 -0.303425291 0 0 0
C@CP 2597 -0.109947056 -0.105757945 0.00603992488 0 0 0
C@CP 2598 0.217427035 -0.381915885 -0.0564159329 0 0 0
C@CP 2599 -0.0625560859 -0.21007919 -0.184797846 0 0 0
C@CP 2600 0.217264329 -0.0290275831 0.300637947 0 0 0
C@CP 2601 0.125858686 -0.102823599 -0.0410319175 0 0 0
C@CP 2602 0.00576716446 0.139549191 0.149391421 0 0 0
C@CP 2603 -0.133083885 0.377801815 0.244137673 0 0 0
C@CP 2604 -0.0665957376 -0.0925080567 0.31742971 0 0 0
C@CP 2605 -0.0792580047 -0.0573823194 -0.217603536 0 0 0
C@CP 2606 -0.189049517 -0.317753792 0.100815993 0 0 0
C@CP 2607 -0.0205973262 -0.433743451 0.137690155 0 0 0
C@CP 2608 0.0372912278 -0.229924453 -0.0836812888 0 0 0
C@CP 2609 0.305264276 -0.214075805 0.0816219474 0 0 0
C@CP 2610 -0.0892203516 -0.137836516 -0.204050387 0 0 0
C@CP 2611 -0.0627829806 0.215490658 0.36171411 0 0 0
C@CP 2612 0.0398932278 -0.452712059 -0.00314045493 0 0 0
C@CP 2613 0.167168862 0.268065991 -0.277904692 0 0 0
C@CP 2614 -0.272251778 -0.115017479 0.0862276046 0 0 0
C@CP 2615 -0.268189348 0.0751942637 0.340002874 0 0 0
C@CP 2616 -0.185711314 -0.189240586 0.365218662 0 0 0
C@CP 2617 -0.159105207 -0.04473169 0.194183177 0 0 0
C@CP 2618 0.182154186 0.215782224 -0.154764953 0 0 0
C@CP 2619 0.0461653085 -0.345610979 -0.115309503 0 0 0
C@CP 2620 -0.168861754 -0.177865867 0.403802332 0 0 0
C@CP 2621 0.0764582185 -0.235224382 -0.231821974 0 0 0
C@CP 2622 -0.265553851 -0.167457511 0.320453828 0 0 0
C@CP 2623 -0.301782759 -0.234602982 -0.0959712965 0 0 0
C@CP 2624 -0.20546157 -0.316068685 -0.20643879 0 0 0
C@CP 2625 0.14223638 -0.0802470175 -0.0920599248 0 0 0
C@CP 2626 0.128890526 0.328003102 0.00616234772 0 0 0
C@CP 2627 -0.2017086 -0.240429486 0.22475829 0 0 0
C@CP 2628 -0.150779517 0.0174412313 0.146084133 0 0 0
C@CP 2629 0.402416001 -0.0245081857 -0.0437325196 0 0 0
C@CP 2630 -0.124154851 -0.174452306 -0.310118062 0 0 0
C@CP 2631 0.0754356845 0.149971814 0.296863031 0 0 0
C@CP 2632 0.213872521 0.131163814 -0.229677644 0 0 0
C@CP 2633 -0.282421018 0.13863336 -0.0529872264 0 0 0
C@CP 2634 -0.092587187 0.211745913 0.255679207 0 0 0
C@CP 2635 0.310603458 0.308223087 0.11496091 0 0 0
C@CP 2636 0.0784043073 -0.11970497 0.03686577 0 0 0
C@CP 2637 -0.346314189 -0.144797194 -0.193886441 0 0 0
C@CP 2638 -0.111448422 0.0187111158 0.342332804 0 0 0
C@CP 2639 -0.10942588 0.187160083 0.168821243 0 0 0
C@CP 2640 -0.313900737 -0.0919579162 0.0334940501 0 0 0
C@CP 2641 0.318470322 -0.0336654634 0.107929514 0 0 0
C@CP 2642 -0.259938091 0.0456705375 0.270507399 0 0 0
C@CP 2643 0.0144695888 -0.191815028 0.27563757 0 0 0
C@CP 2644 -0.421710436 -0.178665418 0.123330212 0 0 0
C@CP 2645 0.0813863113 0.0218081861 0.331870993 0 0 0
C@CP 2646 -0.0943173675 0.269793481 -0.105587275 0 0 0
C@CP 2647 0.279368716 -0.0964146414 0.0360153089 0 0 0
C@CP 2648 -0.0476355114 0.0971979716 -0.0727895683 0 0 0
C@CP 2649 -0.124133934 0.362352122 -0.230379917 0 0 0
C@CP 2650 0.354440523 -0.114697963 -0.279766819 0 0 0
C@CP 2651 0.226760391 -0.0548323417 0.0128952155 0 0 0
C@CP 2652 0.0408525663 -0.231844527 0.0893183621 0 0 0
C@CP 2653 0.0509312838 0.176907883 0.146247571 0 0 0
C@CP 2654 -0.254728833 0.0571580172 -0.198894813 0 0 0
C@CP 2655 0.0140241612 0.445857035 0.0583885875 0 0 0
C@CP 2656 -0.194048522 -0.0233758874 -0.15021697 0 0 0
C@CP 2657 0.307806567 -0.189665338 0.0174906241 0 0 0
C@CP 2658 0.247982503 -0.229847178 -0.144073728 0 0 0
C@CP 2659 0.150754146 -0.266773629 -0.037637026 0 0 0
C@CP 2660 -0.272945405 -0.239328852 -0.281503641 0 0 0
C@CP 2662 0.344116106 -0.259633039 -0.00801400621 0 0 0
C@CP 2663 -0.113155583 -0.0721257026 -0.342412275 0 0 0
C@CP 2664 -0.447077977 -0.00224137034 -0.150696202 0 0 0
C@CP 2665 0.067460413 -0.0466749629 -0.449217109 0 0 0
C@CP 2666 -0.0687012478 -0.155965914 0.00681767088 0 0 0
C@CP 2667 0.156181851 -0.154555907 0.0394233624 0 0 0
C@CP 2668 0.34197974 -0.0889340723 -0.0315953361 0 0 0
C@CP 2669 0.0656362432 0.310171764 -0.245852493 0 0 0
C@CP 2670 0.271148887 -0.179357547 0.342127096 0 0 0
C@CP 2671 0.186058658 0.11656249 -0.193088092 0 0 0
C@CP 2672 -0.144587565 -0.036797558 0.253386973 0 0 0
C@CP 2673 -0.0297454202 -0.317026971 0.103410124 0 0 0
C@CP 2674 0.327219313 -0.252024416 0.0814435396 0 0 0
C@CP 2675 -0.227217427 0.104371742 0.272373008 0 0 0
C@CP 2676 -0.27007568 0.262814732 -0.0919605304 0 0 0
C@CP 2677 0.324268897 -0.150030304 -0.249696441 0 0 0
C@CP 2678 -0.170921 0.111568342 0.32546749 0 0 0
C@CP 2679 0.449470349 -0.0278406644 0.0996970646 0 0 0
C@CP 2680 -0.0280994117 0.308458616 -0.237154782 0 0 0
C@CP 2681 -0.0832612101 0.399173755 -0.145209521 0 0 0
C@CP 2682 -0.200194288 -0.132819 0.407719174 0 0 0
C@CP 2683 0.126013764 -0.0483130573 -0.247490982 0 0 0
C@CP 2684 0.121157309 0.198691843 0.388033312 0 0 0
C@CP 2685 0.0787950372 -0.0122167118 0.194737018 0 0 0
C@CP 2686 -0.111554592 0.399005455 0.120263453 0 0 0
C@CP 2687 -0.223433581 0.106294538 0.407429845 0 0 0
C@CP 2688 -0.270293181 -0.334494588 0.0944963737 0 0 0
C@CP 2689 -0.0365506076 0.0148224043 -0.0892017832 0 0 0
C@CP 2690 0.01882037 -0.304870128 0.0527711588 0 0 0
C@CP 2691 -0.293003804 -0.069229144 -0.127046385 0 0 0
C@CP 2692 -0.0216929434 0.0667044331 -0.423101196 0 0 0
C@CP 2693 0.33169637 -0.200805673 -0.156520899 0 0 0
C@CP 2694 0.177911809 -0.249656707 0.246481403 0 0 0
C@CP 2695 -0.0974977184 0.432731143 -0.0334939567 0 0 0
C@CP 2696 -0.247591424 -0.0945491417 0.0322470984 0 0 0
C@CP 2697 -0.171502327 -0.0166889898 0.207131713 0 0 0
C@CP 2698 0.315274565 0.0174887539 -0.289904774 0 0 0
C@CP 2699 -0.247484524 0.0732921456 -0.0399906678 0 0 0
C@CP 2700 -0.079882375 0.376458444 -0.02625901 0 0 0
C@CP 2701 0.429469181 -0.165149737 -0.0530406508 0 0 0
C@CP 2702 -0.15092983 -0.350371929 -0.013705772 0 0 0
C@CP 2703 0.186113831 -0.0203989404 -0.421638751 0 0 0
C@CP 2704 0.110357909 -0.102351104 -0.34063043 0 0 0
C@CP 2705 0.255769422 0.266801906 0.0911685226 0 0 0
C@CP 2706 0.142692419 -0.311766801 -0.0230776101 0 0 0
C@CP 2707 0.128070682 0.145870832 -0.0442442355 0 0 0
C@CP 2708 0.151841783 0.189300708 -0.34853339 0 0 0
C@CP 2709 -0.131522415 0.0671317023 0.103326635 0 0 0
C@CP 2710 0.394696541 -0.16945712 -0.117443915 0 0 0
C@CP 2711 -0.125153555 0.0194335806 -0.0862820476 0 0 0
C@CP 2712 0.181349931 -0.301124466 -0.0669653748 0 0 0
C@CP 2713 0.24836127 -0.1860207 -0.149143938 0 0 0
C@CP 2714 0.0675040229 -0.00665800477 -0.307642354 0 0 0
C@CP 2715 0.117287283 -0.455336217 0.00571610178 0 0 0
C@CP 2716 -0.22854206 0.0323560687 0.384295619 0 0 0
C@CP 2717 0.296636711 -0.158012128 -0.130231737 0 0 0
C@CP 2718 0.0454136142 0.268093163 -0.0885477354 0 0 0
C@CP 2719 0.197777275 -0.0107585904 0.0978057226 0 0 0
C@CP 2720 -0.266355411 0.30024792 0.0931894292 0 0 0
C@CP 2721 -0.352880557 -0.10124962 -0.0720840462 0 0 0
C@CP 2722 -0.16949344 0.0742958278 -0.21653918 0 0 0
C@CP 2723 0.224839966 0.12310526 -0.386822887 0 0 0
C@CP 2724 0.363594955 0.0971800664 0.245580003 0 0 0
C@CP 2725 0.0276923835 -0.240493325 0.208247644 0 0 0
C@CP 2726 -0.0194863633 0.135136189 0.0996887271 0 0 0
C@CP 2727 0.0649909691 0.128141396 -0.112351402 0 0 0
C@CP 2728 -0.294374345 0.35311462 0.0815855469 0 0 0
C@CP 2729 -0.350835998 -0.189241209 -0.0759374924 0 0 0
C@CP 2730 0.0491133334 -0.324899856 -0.0893141932 0 0 0
C@CP 2731 -0.132382749 -0.0877999597 0.195665569 0 0 0
C@CP 2732 -0.106700464 0.108473796 -0.0348862225 0 0 0
C@CP 2733 -0.187001974 -0.122501628 0.211541791 0 0 0
C@CP 2734 -0.26489291 -0.262053328 0.0370564083 0 0 0
C@CP 2735 -0.140479174 0.0228494539 -0.118762835 0 0 0
C@CP 2736 0.283480126 -0.0692211269 -0.245160932 0 0 0
C@CP 2737 0.159580997 0.0740846328 0.180900316 0 0 0
C@CP 2738 0.263962919 -0.10842822 -0.254553355 0 0 0
C@CP 2739 0.0764969926 -0.336645353 -0.193919003 0 0 0
C@CP 2740 -0.360354745 0.12814497 0.24639047 0 0 0
C@CP 2741 -0.0401485997 0.0346221614 -0.0541642357 0 0 0
C@CP 2742 0.0578992317 -0.45392059 0.0839571198 0 0 0
C@CP 2743 -0.302149087 0.317601718 -0.0245498362 0 0 0
C@CP 2744 -0.16097041 0.18009124 0.100380461 0 0 0
C@CP 2745 -0.142278078 -0.0700687693 -0.205645264 0 0 0
C@CP 2746 0.0376937471 -0.424705759 0.0182265244 0 0 0
C@CP 2747 0.0603846772 0.0921681736 0.199828066 0 0 0
C@CP 2748 0.267392428 0.112191884 -0.339648431 0 0 0
C@CP 2749 -0.0462078358 -0.449851535 0.0966410117 0 0 0
C@CP 2750 -0.0206036104 0.0920743444 0.432001545 0 0 0
C@CP 2751 0.180609093 -0.150057786 0.0979096122 0 0 0
C@CP 2752 -0.0280796889 0.265055747 0.267378735 0 0 0
C@CP 2753 -0.0334493733 0.333135248 0.216750004 0 0 0
C@CP 2754 -0.134452112 -0.204540735 -0.0884827132 0 0 0
C@CP 2755 -0.311142565 0.0758264267 -0.231488094 0 0 0
C@CP 2756 -0.110049289 -0.0154856494 -0.323663609 0 0 0
C@CP 2757 0.326964837 -0.104553215 0.28619393 0 0 0
C@CP 2758 -0.381710052 -0.167277322 0.12718699 0 0 0
C@CP 2759 0.206108005 -0.0599113739 0.154039128 0 0 0
C@CP 2760 0.227251257 0.131353621 -0.273484972 0 0 0
C@CP 2761 0.389305874 0.00705381608 -0.0277406333 0 0 0
C@CP 2762 -0.130847425 -0.316454926 -0.274797676 0 0 0
C@CP 2763 0.0284909836 0.214485174 -0.0537394022 0 0 0
C@CP 2764 0.0819739959 -0.140079589 0.415692889 0 0 0
C@CP 2765 -0.0267528399 -0.188922505 0.242282073 0 0 0
C@CP 2766 -0.0937694874 0.415783753 0.0850418299 0 0 0
C@CP 2767 0.170340741 -0.121287676 -0.269009244 0 0 0
C@CP 2768 -0.00391316782 -0.169550947 0.0484090509 0 0 0
C@CP 2769 0.135696181 0.208788182 -0.378046509 0 0 0
C@CP 2770 -0.29644818 0.15378466 -0.249636611 0 0 0
C@CP 2771 0.033840264 -0.238711168 -0.0750045599 0 0 0
C@CP 2772 0.224370945 -0.280328165 0.116348925 0 0 0
C@CP 2773 -0.144764734 -0.150625631 0.164475119 0 0 0
C@CP 2774 0.277894296 -0.0538566915 0.219855346 0 0 0
C@CP 2775 -0.099411868 -0.225030724 0.2272093 0 0 0
C@CP 2776 -0.218841796 -0.119392801 0.00917885875 0 0 0
C@CP 2777 -0.302600103 0.105415594 0.0109526259 0 0 0
C@CP 2778 -0.264458401 -0.217361313 0.115457801 0 0 0
C@CP 2779 0.170940139 0.264579945 -0.325620698 0 0 0
C@CP 2780 0.0871040526 0.149012301 -0.233114273 0 0 0
C@CP 2781 0.202126563 -0.206837843 -0.103822463 0 0 0
C@CP 2782 -0.159448975 -0.0303938997 0.00052178242 0 0 0
C@CP 2783 0.363290878 0.120256858 0.168058972 0 0 0
C@CP 2784 0.089070566 0.0923788321 -0.184706679 0 0 0
C@CP 2785 -0.0874843127 0.0559790435 0.339443142 0 0 0
C@CP 2786 0.213352716 0.148413041 0.0684426871 0 0 0
C@CP 2787 -0.184112792 0.430248138 0.0415025026 0 0 0
C@CP 2788 0.202157253 0.0382808125 0.304253312 0 0 0
C@CP 2789 -0.0590061973 -0.076414052 0.25840405 0 0 0
C@CP 2790 -0.271078725 0.112369128 -0.118041582 0 0 0
C@CP 2791 -0.372408339 0.235660782 0.151398284 0 0 0
C@CP 2792 -0.0388940736 -0.448107043 0.0611168196 0 0 0
C@CP 2793 -0.169439494 -0.0242034616 -0.423526746 0 0 0
C@CP 2794 -0.329092505 -0.160918191 -0.252071687 0 0 0
C@CP 2795 -0.207499427 0.399257552 -0.000668464682 0 0 0
C@CP 2796 -0.201770312 0.26489927 0.186173625 0 0 0
C@CP 2797 -0.139461727 -0.256922004 -0.0786621507 0 0 0
C@CP 2798 -0.0881992735 -0.286190816 0.230798927 0 0 0
C@CP 2799 0.218331579 -0.121126963 0.0646246585 0 0 0
C@CP 2800 0.0913537398 0.325687587 -0.0941156988 0 0 0
C@CP 2801 -0.0599066908 0.25307129 0.0764583572 0 0 0
C@CP 2802 -0.380853422 0.0975066345 -0.0476925112 0 0 0
C@CP 2803 0.202628694 -0.24345949 0.0116482022 0 0 0
C@CP 2804 0.150802979 0.124611916 0.0965866578 0 0 0
C@CP 2805 0.0299776673 0.0825933363 -0.162597625 0 0 0
C@CP 2806 -0.246432575 0.0659450481 0.151544556 0 0 0
C@CP 2807 0.0397716284 0.149760811 -0.308876677 0 0 0
C@CP 2808 -0.27839854 0.0144869499 -0.208279021 0 0 0
C@CP 2809 0.170200293 0.265813896 0.112959705 0 0 0
C@CP 2810 -0.041672166 0.0569456718 -0.104274298 0 0 0
C@CP 2811 0.143059921 0.21198144 -0.251117275 0 0 0
C@CP 2812 0.22257025 0.0139944528 0.195081982 0 0 0
C@CP 2813 -0.0372863416 -0.0573437246 0.0198718191 0 0 0
C@CP 2814 -0.177476035 -0.0714594748 0.380154596 0 0 0
C@CP 2815 -0.153114071 0.157240709 -0.0780762697 0 0 0
C@CP 2816 -0.208931527 -0.32785459 0.208150835 0 0 0
C@CP 2817 -0.0568274573 0.0810171459 -0.33130493 0 0 0
C@CP 2818 -0.227989783 -0.0319248777 0.200904404 0 0 0
C@CP 2819 0.123393175 -0.247560205 0.109733859 0 0 0
C@CP 2820 -0.23038857 -0.0841070384 0.0822107833 0 0 0
C@CP 2821 0.300814555 -0.0238611642 -0.0527509275 0 0 0
C@CP 2822 -0.0837359505 0.161322591 0.0259567083 0 0 0
C@CP 2823 0.0939937287 -0.266484348 0.256012771 0 0 0
C@CP 2824 0.143117574 -0.180517551 -0.125464746 0 0 0
C@CP 2825 0.0690396639 0.104905044 0.23410487 0 0 0
C@CP 2826 -0.217280123 0.154828617 0.151176486 0 0 0
C@CP 2827 -0.200081993 0.251404634 -0.263205997 0 0 0
C@CP 2828 0.277158976 -0.301586761 0.109088287 0 0 0
C@CP 2829 0.00647545315 -0.260481544 0.247663037 0 0 0
C@CP 2830 -0.038345436 0.111660605 -0.273410822 0 0 0
C@CP 2831 0.412210034 0.0628608793 -0.122239051 0 0 0
C@CP 2832 -0.0652774086 -0.204709048 0.115484103 0 0 0
C@CP 2833 0.374434003 0.180395856 -0.0379737797 0 0 0
C@CP 2834 0.0130356639 -0.456679428 0.0127402705 0 0 0
C@CP 2835 -0.28097909 -0.0083994352 0.110390736 0 0 0
C@CP 2836 0.028282071 0.228590606 0.368872162 0 0 0
C@CP 2837 -0.268405675 -0.259563667 0.13348803 0 0 0
C@CP 2838 0.188275229 -0.251488952 0.104624967 0 0 0
C@CP 2839 0.161492285 0.400094818 -0.187521026 0 0 0
C@CP 2840 0.207592895 0.321867953 0.087000944 0 0 0
C@CP 2841 -0.065470477 0.138406193 0.326011445 0 0 0
C@CP 2842 -0.23926536 -0.338565035 -0.207646395 0 0 0
C@CP 2843 -0.21321613 0.205788557 0.256143419 0 0 0
C@CP 2844 0.0216895613 -0.190126129 -0.271394003 0 0 0
C@CP 2845 -0.106545308 -0.226050569 -0.236000303 0 0 0
C@CP 2846 -0.158626116 -0.0534386822 -0.205754023 0 0 0
C@CP 2847 0.124769983 -0.0843919637 0.280996618 0 0 0
C@CP 2848 -0.103811835 -0.243656836 0.361292538 0 0 0
C@CP 2849 0.128421173 0.00787710557 0.419875927 0 0 0
C@CP 2850 -0.0402070536 0.33937846 -0.0138436598 0 0 0
C@CP 2851 0.235470615 0.0121125716 0.179464027 0 0 0
C@CP 2852 0.335371781 0.161106137 -0.0136813625 0 0 0
C@CP 2853 -0.151051644 -0.0149445123 -0.123385935 0 0 0
C@CP 2854 -0.130009848 0.026498216 0.409643742 0 0 0
C@CP 2855 0.196107588 -0.0912225428 -0.0575707593 0 0 0
C@CP 2856 0.186344979 0.308991132 -0.185028537 0 0 0
C@CP 2857 0.18301316 0.302285661 -0.0622027743 0 0 0
C@CP 2858 -0.114175556 0.0740611854 -0.358569061 0 0 0
C@CP 2859 -0.13054072 0.351779637 0.139417948 0 0 0
C@CP 2860 0.161491586 -0.0956878962 0.292368478 0 0 0
C@CP 2861 -0.124508934 0.345766349 -0.15805611 0 0 0
C@CP 2862 0.127400518 -0.196677446 -0.133887538 0 0 0
C@CP 2863 0.114142233 0.0716416828 -0.30341904 0 0 0
C@CP 2864 0.1226136 0.179640843 -0.15127837 0 0 0
C@CP 2865 0.0113653367 0.090941207 0.0550386776 0 0 0
C@CP 2866 -0.00689436436 0.185928577 0.0716300237 0 0 0
C@CP 2867 -0.250730625 0.263372166 -0.139466498 0 0 0
C@CP 2868 0.0502555442 0.186139394 0.172287035 0 0 0
C@CP 2869 0.303982028 0.0794086589 -0.224693642 0 0 0
C@CP 2870 0.192058735 -0.17543505 0.35451405 0 0 0
C@CP 2871 -0.213722881 -0.107410348 -0.156371394 0 0 0
C@CP 2872 -0.438077045 -0.00185698977 -0.0515206333 0 0 0
C@CP 2873 -0.0391570922 0.150849997 -0.206117056 0 0 0
C@CP 2874 -0.140176248 -0.270764402 0.253489399 0 0 0
C@CP 2875 -0.259754545 0.234936311 -0.0787120916 0 0 0
C@CP 2876 -0.284835171 -0.10252554 -0.0419497084 0 0 0
C@CP 2877 -0.160746018 0.334023743 -0.111118861 0 0 0
C@CP 2878 0.282256031 -0.135169652 0.135354516 0 0 0
C@CP 2879 -0.111433974 -0.0610074314 -0.218312959 0 0 0
C@CP 2880 0.204787617 -0.0217005369 0.241379884 0 0 0
C@CP 2881 -0.163132887 0.396067686 -0.10090212 0 0 0
C@CP 2882 0.161052623 0.317956774 0.0662603324 0 0 0
C@CP 2883 -0.173765597 0.243241518 0.286527662 0 0 0
C@CP 2884 0.159361546 -0.249767972 -0.0209720118 0 0 0
C@CP 2885 -0.180161803 -0.0269506948 0.102023489 0 0 0
C@CP 2886 0.255017663 0.346571421 0.151388858 0 0 0
C@CP 2887 -0.25740274 0.212916647 -0.277268756 0 0 0
C@CP 2888 0.19549502 0.199073369 -0.376757522 0 0 0
C@CP 2889 0.15338827 -0.180468701 0.409181714 0 0 0
C@CP 2890 -0.181918152 0.071124465 0.0259204808 0 0 0
C@CP 2891 0.441643133 -0.0422153545 0.116888484 0 0 0
C@CP 2892 -0.24095364 0.0821440892 -0.164190157 0 0 0
C@CP 2893 0.0955728781 0.41111877 -0.0182634812 0 0 0
C@CP 2894 0.11388011 0.143089366 0.387174983 0 0 0
C@CP 2895 0.278296397 -0.158934337 -0.0179027309 0 0 0
C@CP 2896 0.292419728 -0.206373162 -0.163306931 0 0 0
C@CP 2897 -0.243795477 0.332748545 0.133658337 0 0 0
C@CP 2898 0.214471633 -0.1548087 -0.284612693 0 0 0
C@CP 2899 -0.101288855 -0.0708068403 0.245693003 0 0 0
C@CP 2900 -0.181384571 -0.394084316 -0.00290161605 0 0 0
C@CP 2901 0.0872214498 -0.0540182569 0.182370267 0 0 0
C@CP 2902 0.0999261227 0.149252643 0.234666592 0 0 0
C@CP 2903 0.0552507101 0.0807763064 0.291020152 0 0 0
C@CP 2904 0.363198433 -0.0913646467 0.200612928 0 0 0
C@CP 2905 -0.11234467 0.251868202 0.361128905 0 0 0
C@CP 2906 0.0803476346 0.251560813 0.093677478 0 0 0
C@CP 2907 0.181827586 0.258817388 -0.322266537 0 0 0
C@CP 2908 -0.347563845 -0.0763988888 0.0841287596 0 0 0
C@CP 2909 -0.123285878 0.343329033 0.00681475012 0 0 0
C@CP 2910 -0.0195790838 -0.175895746 0.412308519 0 0 0
C@CP 2911 -0.128194572 -0.086334727 0.012546488 0 0 0
C@CP 2912 -0.199501634 0.256822503 -0.135633503 0 0 0
C@CP 2913 0.170384631 0.201617597 -0.03353174 0 0 0
C@CP 2914 0.264855279 -0.0464176348 0.336269825 0 0 0
C@CP 2915 -0.188710184 -0.212352204 0.129069796 0 0 0
C@CP 2916 0.126859836 -0.0124122829 -0.356038687 0 0 0
C@CP 2917 -0.167681821 -0.228601517 0.200212772 0 0 0
C@CP 2918 0.245584037 -0.290074817 -0.214816908 0 0 0
C@CP 2919 0.0906408162 0.0533819548 -0.200959505 0 0 0
C@CP 2920 0.392128345 0.143653876 -0.152765901 0 0 0
C@CP 2921 0.167282692 -0.0369047027 0.0668684794 0 0 0
C@CP 2922 0.00520073647 0.020710444 -0.395682499 0 0 0
C@CP 2923 0.141405185 -0.200528356 0.0709849779 0 0 0
C@CP 2924 0.364916869 0.01156372 0.301408558 0 0 0
C@CP 2925 0.302669286 -0.352872598 -0.0236961582 0 0 0
C@CP 2926 -0.163468174 -0.136604737 0.311940601 0 0 0
C@CP 2927 0.164634393 -0.072628139 0.0764527575 0 0 0
C@CP 2928 0.118917345 0.130626755 0.354679763 0 0 0
C@CP 2929 -0.348517195 0.0810229437 -0.201105226 0 0 0
C@CP 2930 -0.0986831315 0.123655252 0.0137497021 0 0 0
C@CP 2931 0.368169218 -0.0672195783 0.0854702967 0 0 0
C@CP 2932 -0.333154659 0.303389804 -0.138704157 0 0 0
C@CP 2933 -0.276281746 -0.191927074 -0.150032684 0 0 0
C@CP 2934 -0.167626645 0.250702419 -0.109073984 0 0 0
C@CP 2935 -0.0318053883 0.342424189 0.244910562 0 0 0
C@CP 2936 0.230336938 0.142645849 -0.169102049 0 0 0
C@CP 2937 -0.0209337171 0.0393096054 0.0399617757 0 0 0
C@CP 2938 -0.394169076 0.0629631042 -0.0998564773 0 0 0
C@CP 2939 -0.0341029145 0.0817859058 0.396115958 0 0 0
C@CP 2940 -0.0232567326 0.433864155 -0.0232460199 0 0 0
C@CP 2941 0.0102345216 0.205162026 -0.222703234 0 0 0
C@CP 2942 -0.366656223 -0.0605767171 0.113562428 0 0 0
C@CP 2943 0.0280010843 -0.108284802 0.0588391704 0 0 0
C@CP 2944 -0.293107119 -0.0758625711 0.136551232 0 0 0
C@CP 2945 0.153176855 -0.0830749733 -0.22752216 0 0 0
C@CP 2946 -0.255072349 -0.0985761873 0.365113238 0 0 0
C@CP 2947 0.311706522 0.190380967 0.0222402771 0 0 0
C@CP 2948 -0.0878675647 0.451871085 -0.0142990992 0 0 0
C@CP 2949 -0.370875568 0.0686359102 0.152386777 0 0 0
C@CP 2950 -0.0335611795 0.22831607 -0.00594463795 0 0 0
C@CP 2951 0.337846011 0.156613969 0.226051943 0 0 0
C@CP 2952 0.0227496179 0.118763917 0.414624329 0 0 0
C@CP 2953 0.146121026 0.253908485 -0.0959173405 0 0 0
C@CP 2954 0.0359032355 0.336954277 -0.161811387 0 0 0
C@CP 2955 0.148107609 0.0945308202 -0.308171999 0 0 0
C@CP 2956 0.222995267 -0.0593034349 -0.255664416 0 0 0
C@CP 2957 -0.207374645 0.177748099 0.392265345 0 0 0
C@CP 2958 -0.01318035 0.209372671 0.311714548 0 0 0
C@CP 2959 0.141564208 0.407873628 -0.157328617 0 0 0
C@CP 2960 0.380074847 0.181582626 -0.0320536825 0 0 0
C@CP 2961 -0.0442101273 -0.193665205 0.168853782 0 0 0
C@CP 2962 -0.129524146 0.234363132 0.138939089 0 0 0
C@CP 2963 0.229875166 0.167354887 -0.0758953787 0 0 0
C@CP 2964 -0.198326595 0.206173687 -0.375138175 0 0 0
C@CP 2965 0.289121069 0.327227831 -0.0326502891 0 0 0
C@CP 2966 -0.323638158 -0.256374416 0.148999965 0 0 0
C@CP 2967 -0.060650679 -0.367142543 -0.242347131 0 0 0
C@CP 2968 0.0494670306 0.36642722 0.0857263965 0 0 0
C@CP 2969 -0.078069086 -0.414519795 0.0943564429 0 0 0
C@CP 2970 -0.0609612059 -0.0311554671 0.309306273 0 0 0
C@CP 2971 -0.00395136065 -0.438071578 0.0547085177 0 0 0
C@CP 2972 -0.185363354 -0.258379744 0.137415237 0 0 0
C@CP 2973 0.350622219 0.0686922904 0.260147687 0 0 0
C@CP 2974 0.157489694 0.111449243 -0.311798209 0 0 0
C@CP 2975 0.202959698 0.171740449 0.0360017745 0 0 0
C@CP 2976 0.134845034 -0.178671865 -0.399175004 0 0 0
C@CP 2977 -0.222361058 -0.211099345 0.0535976017 0 0 0
C@CP 2978 0.140828674 0.109758246 -0.197794635 0 0 0
C@CP 2979 0.0232652117 0.00984444976 -0.298810423 0 0 0
C@CP 2980 -0.418074685 0.0430502872 -0.221466707 0 0 0
C@CP 2981 -0.363914087 0.252250782 -0.0709911713 0 0 0
C@CP 2982 0.0328249765 -0.0199251632 -0.192409663 0 0 0
C@CP 2983 0.0124477425 0.403419976 -0.0974823068 0 0 0
C@CP 2984 0.319773384 -0.22141653 0.109765826 0 0 0
C@CP 2985 -0.403222663 0.00542420049 -0.250619378 0 0 0
C@CP 2986 0.236415501 -0.272979031 0.224607867 0 0 0
C@CP 2987 -0.289446522 -0.190627017 -0.0193852922 0 0 0
C@CP 2988 -0.292238118 -0.0520338553 0.0842557746 0 0 0
C@CP 2989 0.348927596 -0.00318930357 0.276795259 0 0 0
C@CP 2990 -0.219177212 0.0905869503 -0.0798765854 0 0 0
C@CP 2991 -0.356249351 -0.205843633 0.138353758 0 0 0
C@CP 2992 -0.276380675 -0.210177659 0.0262151355 0 0 0
C@CP 2993 0.238663699 -0.257093058 0.207425044 0 0 0
C@CP 2994 -0.085851553 0.0606262429 -0.351892279 0 0 0
C@CP 2995 -0.265653938 0.109488898 -0.0771438976 0 0 0
C@CP 2996 -0.265966334 0.339016732 -0.103421757 0 0 0
C@CP 2997 0.194043156 -0.265083831 -0.278981019 0 0 0
C@CP 2998 0.242730732 -0.20103751 0.0717529337 0 0 0
C@CP 2999 0.284018163 0.00262970134 0.0116614395 0 0 0
C@CP 3000 0.185370487 -0.143714782 -0.0701091936 0 0 0
C@CP 3001 0.0183094795 0.0477075991 -0.0759224564 0 0 0
C@CP 3002 0.214045628 0.127576148 0.150857674 0 0 0
C@CP 3003 0.0657483236 -0.0487817061 -0.100735957 0 0 0
C@CP 3004 0.33929615 -0.157077694 -0.197442865 0 0 0
C@CP 3005 0.0334394401 0.214089587 0.132768533 0 0 0
C@CP 3006 -0.192775676 -0.213023106 0.0267534127 0 0 0
C@CP 3007 -0.236645474 -0.21088228 -0.0884263102 0 0 0
C@CP 3008 -0.0275658944 0.163571722 0.0678249663 0 0 0
C@CP 3009 -0.266407188 -0.284061818 0.237422684 0 0 0
C@CP 3010 -0.278453982 0.161437921 -0.331273955 0 0 0
C@CP 3011 0.182587943 0.16599091 0.177178379 0 0 0
C@CP 3012 -0.132204028 -0.386977506 0.0192878665 0 0 0
C@CP 3013 0.131481972 0.00509511664 -0.265815172 0 0 0
C@CP 3014 -0.32573947 0.160192885 0.261358331 0 0 0
C@CP 3015 0.0170588518 0.0864372794 0.051618399 0 0 0
C@CP 3016 -0.323329836 0.172047558 0.039355587 0 0 0
C@CP 3017 -0.0126586401 -0.0570726143 0.377357922 0 0 0
C@CP 3018 -0.192424591 -0.283934476 -0.166725782 0 0 0
C@CP 3019 0.213005319 0.0861705812 0.297607137 0 0 0
C@CP 3020 -0.178014114 0.169828016 0.16395373 0 0 0
C@CP 3021 -0.261048264 0.0303055479 0.219740943 0 0 0
C@CP 3022 0.243926347 -0.0117151623 0.291771982 0 0 0
C@CP 3023 -0.217509984 0.0246948071 -0.30999198 0 0 0
C@CP 3024 0.130589049 -0.121729311 -0.330930605 0 0 0
C@CP 3025 0.014339299 -0.401618285 -0.215001838 0 0 0
C@CP 3026 0.193792993 -0.0682973766 0.0076414621 0 0 0
C@CP 3027 0.0834280055 0.0591000769 0.311572498 0 0 0
C@CP 3028 0.155168148 -0.0123026127 0.30869106 0 0 0
C@CP 3029 -0.355107936 -0.0156508787 0.239245152 0 0 0
C@CP 3030 -0.265065304 -0.117489404 -0.0377795766 0 0 0
C@CP 3031 0.336654379 0.206014518 -0.0989412796 0 0 0
C@CP 3032 0.350515483 0.19551166 -0.220337782 0 0 0
C@CP 3033 0.00407411955 -0.0569532284 0.0198159889 0 0 0
C@CP 3034 -0.0169722998 -0.00330828563 -0.133371472 0 0 0
C@CP 3035 0.132299925 0.0598001482 0.149655573 0 0 0
C@CP 3036 0.0979246408 0.335377615 0.201364289 0 0 0
C@CP 3037 0.179464241 0.165521773 -0.158889052 0 0 0
C@CP 3038 0.0962921844 -0.187131727 0.0278047052 0 0 0
C@CP 3039 -0.339335158 0.0633184594 -0.0327456223 0 0 0
C@CP 3040 -0.182416008 -0.253957151 -0.143616251 0 0 0
C@CP 3041 -0.210780653 -0.169422911 -0.157579953 0 0 0
C@CP 3042 -0.0504718166 0.00044745767 -0.239344398 0 0 0
C@CP 3043 0.393581927 0.127419095 0.0513384226 0 0 0
C@CP 3044 0.212214405 -0.0494241853 0.0345490839 0 0 0
C@CP 3045 -0.0058597068 0.304301715 0.177784349 0 0 0
C@CP 3046 0.390255736 -0.0455979002 0.095839197 0 0 0
C@CP 3047 -0.307937988 -0.131597999 0.222729901 0 0 0
C@CP 3048 -0.170676182 -0.396626842 0.0281153895 0 0 0
C@CP 3049 -0.416527715 -0.176906845 -0.053913718 0 0 0
C@CP 3050 -0.0649180134 -0.247616193 -0.0873952976 0 0 0
C@CP 3051 -0.384081512 -0.190452183 -0.0806446617 0 0 0
C@CP 3052 0.148784939 0.131495928 -0.185189992 0 0 0
C@CP 3053 -0.400743661 -0.101449061 -0.0562487667 0 0 0
C@CP 3054 0.258234463 0.0887647353 -0.0824114358 0 0 0
C@CP 3055 0.114816425 0.17777371 0.179479315 0 0 0
C@CP 3056 -0.419357403 0.0865078085 0.0149795289 0 0 0
C@CP 3057 -0.198999024 -0.0906299369 0.231858267 0 0 0
C@CP 3058 -0.21740445 0.263473723 -0.271435761 0 0 0
C@CP 3059 -0.126769589 0.0734184143 -0.0143357778 0 0 0
C@CP 3060 0.0110428256 -0.398008975 -0.0846498309 0 0 0
C@CP 3061 -0.031417956 -0.162604376 -0.16414442 0 0 0
C@CP 3062 0.0261925379 0.186586795 0.090198259 0 0 0
C@CP 3063 0.128047971 -0.220310741 0.203720909 0 0 0
C@CP 3064 -0.225922535 -0.409116542 -0.0411670117 0 0 0
C@CP 3065 0.202036359 -0.172026459 0.318788541 0 0 0
C@CP 3066 0.205928362 0.302223974 -0.00931128013 0 0 0
C@CP 3067 0.115712395 -0.443910459 -0.0716741439 0 0 0
C@CP 3068 -0.155275242 0.248532974 0.246410779 0 0 0
C@CP 3069 0.282632015 -0.147311076 -0.138727364 0 0 0
C@CP 3070 0.349872161 0.0945887162 0.0580824425 0 0 0
C@CP 3071 -0.324202162 -0.0763849131 0.152324951 0 0 0
C@CP 3072 -0.123683057 -0.0212931667 0.402381915 0 0 0
C@CP 3073 0.212038932 0.0248024778 0.246663631 0 0 0
C@CP 3074 0.279421474 -0.188892459 0.300292672 0 0 0
C@CP 3075 -0.0930124719 -0.201809655 0.0335702239 0 0 0
C@CP 3076 -0.170390593 -0.152205141 0.309882775 0 0 0
C@CP 3077 0.0168339089 0.18544343 -0.0296454084 0 0 0
C@CP 3078 0.0251204688 0.129608578 -0.132723695 0 0 0
C@CP 3079 0.228623773 -0.134706963 0.120271093 0 0 0
C@CP 3080 0.264192635 0.259200423 0.222460875 0 0 0
C@CP 3081 -0.106784636 -0.17687014 0.301545395 0 0 0
C@CP 3082 -0.144408503 -0.22133371 0.313637182 0 0 0
C@CP 3083 0.262872624 0.111846741 -0.00645031249 0 0 0
C@CP 3084 0.246701942 0.28271333 -0.202547395 0 0 0
C@CP 3085 -0.218877957 -0.124530179 0.181864058 0 0 0
C@CP 3086 0.0568375617 0.132122521 0.146780475 0 0 0
C@CP 3087 0.0268200513 -0.273161267 -0.121857114 0 0 0
C@CP 3088 0.407583465 -0.133013339 -0.12141963 0 0 0
C@CP 3089 0.0786259887 0.249189882 0.269623941 0 0 0
C@CP 3090 0.197098934 0.213897974 -0.207577673 0 0 0
C@CP 3091 -0.0728765188 0.391534089 0.190852377 0 0 0
C@CP 3092 -0.194691148 0.291856661 -0.136983116 0 0 0
C@CP 3093 -0.168873285 0.255759591 -0.220412708 0 0 0
C@CP 3094 -0.169284324 0.0465394553 0.389072036 0 0 0
C@CP 3095 -0.130358153 -0.40781386 -0.151958854 0 0 0
C@CP 3096 0.100652779 -0.057889297 0.343823108 0 0 0
C@CP 3097 -0.0467762001 -0.286381058 -0.281612995 0 0 0
C@CP 3098 -0.19597483 0.218901049 -0.181763817 0 0 0
C@CP 3099 -0.0641201716 0.348067618 -0.228044607 0 0 0
C@CP 3100 -0.0614314123 0.0546329894 0.465281152 0 0 0
C@CP 3101 -0.241371794 -0.216140153 0.0138015984 0 0 0
C@CP 3102 -0.0580239501 0.328213896 0.0190881117 0 0 0
C@CP 3103 -0.29557332 0.111886378 0.111235717 0 0 0
C@CP 3104 -0.301800399 -0.0906867096 0.0802304198 0 0 0
C@CP 3105 -0.433680485 0.00305157099 -0.042597815 0 0 0
C@CP 3106 0.0612896715 0.331894917 0.157887642 0 0 0
C@CP 3107 0.0262892754 -0.193436082 0.0779982944 0 0 0
C@CP 3108 0.237290427 -0.224060471 0.221468418 0 0 0
C@CP 3109 -0.196309567 -0.227194571 -0.0289120801 0 0 0
C@CP 3110 -0.0641153846 -0.16292194 -0.171700376 0 0 0
C@CP 3111 0.313048203 0.177578846 0.109545459 0 0 0
C@CP 3112 -0.234561961 0.0963803761 0.316374205 0 0 0
C@CP 3113 0.214454966 -0.272053502 0.0426758541 0 0 0
C@CP 3114 0.273769348 -0.0774027514 0.153661316 0 0 0
C@CP 3115 -0.0382501245 0.127266453 -0.112995807 0 0 0
C@CP 3116 -0.335602751 -0.313091017 -0.0640980618 0 0 0
C@CP 3117 0.22536026 -0.278714823 0.25730915 0 0 0
C@CP 3118 -0.0792112954 0.287978214 0.276424377 0 0 0
C@CP 3119 -0.214828031 0.208056799 0.114202165 0 0 0
C@CP 3120 -0.203242336 -0.0372676862 0.112634809 0 0 0
C@CP 3121 -0.185232081 -0.251808812 0.0817374903 0 0 0
C@CP 3122 0.215980073 0.12099873 0.171455312 0 0 0
C@CP 3123 -0.056302827 0.210889525 -0.279047436 0 0 0
C@CP 3124 -0.0413749803 -0.387320202 0.161444241 0 0 0
C@CP 3125 -0.182954239 -0.306312014 -0.274478606 0 0 0
C@CP 3126 -0.0760529884 -0.35109951 0.291422759 0 0 0
C@CP 3127 0.181551743 0.151253613 0.293954361 0 0 0
C@CP 3128 0.205857524 0.216551733 0.0262271403 0 0 0
C@CP 3129 -0.301381487 -0.265835803 0.149815031 0 0 0
C@CP 3130 -0.23234767 0.16034042 -0.183827735 0 0 0
C@CP 3131 0.349091701 -0.025283296 -0.04293283 0 0 0
C@CP 3132 -0.00518728626 0.390902741 -0.13288387 0 0 0
C@CP 3133 0.0412882581 -0.246312176 -0.225186722 0 0 0
C@CP 3134 0.0528487636 0.337222739 0.210736709 0 0 0
C@CP 3135 -0.000971652317 0.102586473 0.0931369082 0 0 0
C@CP 3136 0.0602811372 -0.1429311 -0.210297675 0 0 0
C@CP 3137 0.32195635 -0.196030042 -0.167650684 0 0 0
C@CP 3138 0.217932279 0.0105046108 0.226290075 0 0 0
C@CP 3139 -0.00990207702 0.0732709022 0.250466861 0 0 0
C@CP 3140 0.208076719 -0.0262792281 0.125440922 0 0 0
C@CP 3141 0.050943866 0.0143753626 -0.045560281 0 0 0
C@CP 3142 0.209572307 0.407318097 0.0989420611 0 0 0
C@CP 3143 0.169593772 -0.145238045 0.304507089 0 0 0
C@CP 3144 0.32556483 -0.0954844274 -0.270813757 0 0 0
C@CP 3145 0.301130135 0.127867799 0.0951678611 0 0 0
C@CP 3146 0.298195396 -0.0509946134 0.247270112 0 0 0
C@CP 3147 -0.134779395 -0.0520805421 -0.262656995 0 0 0
C@CP 3148 0.0402054193 -0.0655264948 -0.417065774 0 0 0
C@CP 3149 0.00224162054 0.0644375253 0.0674123053 0 0 0
C@CP 3150 -0.086182105 -0.0390435712 0.0517932441 0 0 0
C@CP 3151 -0.0658960695 0.288871111 -0.288361735 0 0 0
C@CP 3152 0.0276971876 0.0267197107 0.035808931 0 0 0
C@CP 3153 -0.257117525 0.104221777 0.221277999 0 0 0
C@CP 3154 0.382605688 0.242446475 -0.073559814 0 0 0
C@CP 3155 -0.0143129485 0.0977023002 0.256565485 0 0 0
C@CP 3156 -0.312145732 -0.354885285 -0.0203765985 0 0 0
C@CP 3157 -0.22096997 -0.30828183 -0.0577550776 0 0 0
C@CP 3158 0.292230088 0.226045151 0.271176207 0 0 0
C@CP 3159 -0.128826506 -0.341763816 0.260111681 0 0 0
C@CP 3160 -0.227389901 -0.198152416 0.147702264 0 0 0
C@CP 3161 -0.0569534018 -0.161785244 -0.082962902 0 0 0
C@CP 3162 -0.220182648 0.0872763516 0.0405485607 0 0 0
C@CP 3163 0.228254876 0.0885393301 -0.366895376 0 0 0
C@CP 3164 -0.101842219 0.0923764555 0.112535588 0 0 0
C@CP 3165 -0.356519193 -0.0161697747 -0.0902238682 0 0 0
C@CP 3166 0.0859783046 -0.282352711 0.276884607 0 0 0
C@CP 3167 -0.354215908 0.177599992 -0.0133659132 0 0 0
C@CP 3168 0.115599407 -0.174926571 0.32648106 0 0 0
C@CP 3169 -0.0447119848 0.242184302 -0.303643851 0 0 0
C@CP 3170 0.166722239 0.257085507 -0.315463873 0 0 0
C@CP 3171 0.225322023 -0.031054989 0.053528685 0 0 0
C@CP 3172 -0.0418009278 0.325686702 -0.129796838 0 0 0
C@CP 3173 0.0362788181 -0.452131948 -0.0173422698 0 0 0
C@CP 3174 0.453951247 -0.0763241216 -0.0278790633 0 0 0
C@CP 3175 -0.309520077 0.00137394621 0.0880878813 0 0 0
C@CP 3176 0.0721250312 -0.255459295 -0.0603154162 0 0 0
C@CP 3177 0.0489106312 0.209205693 0.0510332303 0 0 0
C@CP 3178 -0.108588386 0.0818582964 -0.338947361 0 0 0
C@CP 3179 -0.00486319618 0.0645086004 -0.045064472 0 0 0
C@CP 3180 0.070174405 0.345868272 -0.189685899 0 0 0
C@CP 3181 0.32171785 0.152260408 0.0441285258 0 0 0
C@CP 3182 -0.243142196 -0.00896062667 0.00194863561 0 0 0
C@CP 3183 0.334634284 0.0733351035 -0.194303083 0 0 0
C@CP 3184 0.403538766 0.230298547 -0.140004449 0 0 0
C@CP 3185 -0.273003837 0.371802575 0.0152633339 0 0 0
C@CP 3186 -0.377175081 0.248522739 0.171433017 0 0 0
C@CP 3187 -0.0863135876 -0.0754298781 0.317909779 0 0 0
C@CP 3188 -0.0713814796 -0.335373997 -0.233982652 0 0 0
C@CP 3189 -0.105044162 0.264929135 -0.185201124 0 0 0
C@CP 3190 -0.109746326 0.143887184 0.423844141 0 0 0
C@CP 3191 0.00821329542 0.345240021 -0.0923731754 0 0 0
C@CP 3192 0.259542385 -0.159264319 -0.0609974995 0 0 0
C@CP 3193 0.210789405 0.0417550957 -0.104782701 0 0 0
C@CP 3194 0.000474815201 -0.251702777 -0.403990568 0 0 0
C@CP 3195 0.288790771 -0.0789697374 0.302042917 0 0 0
C@CP 3196 -0.184492567 -0.274981522 0.275551562 0 0 0
C@CP 3197 0.407347168 0.0189220073 0.069616088 0 0 0
C@CP 3198 -0.152256851 0.179195295 0.194079461 0 0 0
C@CP 3199 0.217125737 0.043335746 0.115141715 0 0 0
C@CP 3200 -0.192494958 -0.0166296723 -0.331609362 0 0 0
C@CP 3201 0.0482107892 -0.207910299 0.305844452 0 0 0
C@CP 3202 0.140331849 0.226800448 0.0853119032 0 0 0
C@CP 3203 -0.0728643192 -0.351010607 0.179058029 0 0 0
C@CP 3204 -0.374090375 -0.103247506 0.197005201 0 0 0
C@CP 3205 -0.0226707103 0.240273554 0.0409570041 0 0 0
C@CP 3206 0.217402988 -0.177782439 0.086262851 0 0 0
C@CP 3207 0.30167139 -0.0563299102 -0.0805699287 0 0 0
C@CP 3208 0.301881255 0.0878680212 0.0801447273 0 0 0
C@CP 3209 0.269843756 -0.2075349 0.0963974383 0 0 0
C@CP 3210 0.00350189721 -0.320850317 -0.253727962 0 0 0
C@CP 3211 -0.121592354 -0.0361996857 0.400513642 0 0 0
C@CP 3212 0.150680558 -0.230794099 -0.28180954 0 0 0
C@CP 3213 0.249297595 0.133945297 -0.167290637 0 0 0
C@CP 3214 -0.101922892 0.224643071 -0.350464086 0 0 0
C@CP 3215 0.116311064 -0.239585088 0.33541326 0 0 0
C@CP 3216 -0.249006087 -0.136630143 0.334302316 0 0 0
C@CP 3217 -0.291956798 0.0202527674 -0.00717135383 0 0 0
C@CP 3218 0.227839801 -0.184028918 0.186215966 0 0 0
C@CP 3219 0.0480237725 -0.397230299 -0.172429967 0 0 0
C@CP 3220 0.177466015 -0.0918744528 -0.0893377717 0 0 0
C@CP 3221 0.431935379 0.119165907 0.0980196383 0 0 0
C@CP 3222 0.374962136 -0.0812869107 -0.191672864 0 0 0
C@CP 3223 -0.0946433359 0.0338226345 0.134933613 0 0 0
C@CP 3224 0.145177355 0.0808950148 -0.0447840512 0 0 0
C@CP 3225 -0.165127989 -0.0632077391 0.214788076 0 0 0
C@CP 3226 0.239134137 -0.138535869 -0.259712407 0 0 0
C@CP 3227 0.282378387 0.303241892 -0.0636743597 0 0 0
C@CP 3228 0.258123578 -0.118237351 -0.245563514 0 0 0
C@CP 3229 0.360063321 0.0755721695 0.140584702 0 0 0
C@CP 3230 0.0156912818 0.0301630104 0.0355816027 0 0 0
C@CP 3231 -0.250629958 0.0301026819 0.254309127 0 0 0
C@CP 3232 -0.31356436 0.0885162532 -0.27912619 0 0 0
C@CP 3233 0.0727537791 -0.200020676 0.0800221 0 0 0
C@CP 3234 0.158928429 0.0029355517 0.339229252 0 0 0
C@CP 3235 0.0727543181 0.159551601 0.40839682 0 0 0
C@CP 3236 0.174133036 0.36603099 -0.10657615 0 0 0
C@CP 3237 0.429461793 0.00153557136 -0.0885163634 0 0 0
C@CP 3238 0.176112605 0.392759763 -0.102253817 0 0 0
C@CP 3239 0.0411016295 -0.16684418 0.0573473955 0 0 0
C@CP 3240 -0.0615270334 -0.199392164 0.110273466 0 0 0
C@CP 3241 -0.29751345 0.204950042 -0.175873155 0 0 0
C@CP 3242 -0.0182047095 -0.179653388 0.0105841727 0 0 0
C@CP 3243 0.371329494 0.255254168 0.128421776 0 0 0
C@CP 3244 -0.153238325 -0.330093557 -0.247692496 0 0 0
C@CP 3245 -0.266012391 0.332933891 0.098909086 0 0 0
C@CP 3246 -0.323082494 0.217418109 0.0414842517 0 0 0
C@CP 3247 -0.179806491 0.349809208 0.163086259 0 0 0
C@CP 3248 0.148455257 -0.150088173 -0.318695574 0 0 0
C@CP 3249 0.108378933 0.357180129 0.197947512 0 0 0
C@CP 3250 -0.276323389 -0.329129108 -0.0202455587 0 0 0
C@CP 3251 -0.0408923767 -0.0984060022 -0.0519686953 0 0 0
C@CP 3252 0.0915206954 0.173536723 -0.163094875 0 0 0
C@CP 3253 -0.0973795498 0.335508133 0.153255475 0 0 0
C@CP 3254 -0.230305442 0.0187830538 0.19471604 0 0 0
C@CP 3255 0.00580911699 -0.152375298 0.376265745 0 0 0
C@CP 3256 0.122031413 0.318239621 0.183747513 0 0 0
C@CP 3257 -0.163015066 0.0881055635 0.273478966 0 0 0
C@CP 3258 -0.23032051 0.180809926 -0.106108893 0 0 0
C@CP 3259 -0.00389736099 0.0832973818 0.206809053 0 0 0
C@CP 3260 0.189620923 -0.235075854 -0.299183066 0 0 0
C@CP 3261 -0.0351792052 -0.158334916 -0.172574144 0 0 0
C@CP 3262 -0.100955966 0.147298977 0.37562278 0 0 0
C@CP 3263 -0.156711287 -0.128717756 0.417091474 0 0 0
C@CP 3264 -0.0714024791 -0.312612661 0.145720176 0 0 0
C@CP 3265 -0.129671318 0.145678972 -0.411151529 0 0 0
C@CP 3266 0.359996294 -0.199920391 0.142558549 0 0 0
C@CP 3267 0.232329196 -0.341071958 -0.218590195 0 0 0
C@CP 3268 0.0345042664 0.41789715 -0.0213631617 0 0 0
C@CP 3269 -0.0330228377 0.099511743 -0.396172684 0 0 0
C@CP 3270 -0.0460228541 0.0425706801 0.170219154 0 0 0
C@CP 3271 -0.339808147 0.0189961543 -0.113040482 0 0 0
C@CP 3272 -0.168777428 -0.0255488809 -0.292431176 0 0 0
C@CP 3273 -0.0755827182 -0.193956476 -0.0474536197 0 0 0
C@CP 3274 0.115894599 0.322554816 0.281113601 0 0 0
C@CP 3275 0.38599552 0.145589859 -0.191472151 0 0 0
C@CP 3276 -0.0670025456 0.40200962 0.203325883 0 0 0
C@CP 3277 -0.140557983 0.102407834 0.0403948325 0 0 0
C@CP 3278 -0.237405807 0.415607509 -0.00362516681 0 0 0
C@CP 3279 0.0702482272 -0.0774849855 -0.384615998 0 0 0
C@CP 3280 -0.0601938068 -0.26676135 0.159064588 0 0 0
C@CP 3281 0.0510436451 0.0842457696 -0.135354729 0 0 0
C@CP 3282 0.0694736769 0.00516074689 0.295269836 0 0 0
C@CP 3283 0.363300483 0.0637145413 0.0359212322 0 0 0
C@CP 3284 -0.182260881 0.126478143 -0.132658562 0 0 0
C@CP 3285 -0.300384249 -0.154111664 0.000946597911 0 0 0
C@CP 3286 0.262166305 0.0944755796 -0.332706367 0 0 0
C@CP 3287 -0.0868361978 -0.252571875 -0.303272014 0 0 0
C@CP 3288 -0.365232248 0.10418526 -0.121801634 0 0 0
C@CP 3289 -0.134031084 0.385409252 0.11991863 0 0 0
C@CP 3290 -0.142213436 -0.212637053 0.298256537 0 0 0
C@CP 3291 -0.284183837 0.312605067 -0.16620649 0 0 0
C@CP 3292 -0.441686254 -0.025130044 0.0162760044 0 0 0
C@CP 3293 0.261101811 0.08634982 -0.0210831883 0 0 0
C@CP 3295 -0.287438003 0.275020266 0.0936104313 0 0 0
C@CP 3296 0.179131428 0.173035141 -0.0672642347 0 0 0
C@CP 3297 -0.261637895 0.334533495 -0.126641583 0 0 0
C@CP 3298 0.0711306267 0.329466981 -0.313344788 0 0 0
C@CP 3299 0.17594294 -0.0171086856 -0.244193417 0 0 0
C@CP 3300 -0.0501834008 -0.110201672 -0.33518338 0 0 0
C@CP 3301 -0.0893553391 0.00593412576 -0.446743577 0 0 0
C@CP 3302 0.160846765 -0.0493775635 -0.0060266954 0 0 0
C@CP 3303 0.16000762 0.369425446 0.197948467 0 0 0
C@CP 3304 0.0435868666 0.325692415 -0.0026788019 0 0 0
C@CP 3305 -0.193805384 0.240193958 0.349615635 0 0 0
C@CP 3306 0.2449361 0.238383727 0.050714501 0 0 0
C@CP 3307 -0.133084364 -0.0849616061 -0.205986771 0 0 0
C@CP 3308 -0.188416897 0.257131282 -0.216108842 0 0 0
C@CP 3309 0.240994345 0.19605428 -0.162844076 0 0 0
C@CP 3310 0.0985786246 0.309592523 0.0122146206 0 0 0
C@CP 3311 0.269566456 -0.0573360279 0.173625372 0 0 0
C@CP 3312 -0.292869993 -0.0682237347 -0.125631798 0 0 0
C@CP 3313 0.372116653 0.15346653 -0.116209619 0 0 0
C@CP 3314 -0.108175432 -0.238103371 0.308327268 0 0 0
C@CP 3315 -0.287470141 -0.331240559 -0.0347301548 0 0 0
C@CP 3316 0.0844215191 0.0621085072 0.000724664295 0 0 0
C@CP 3317 0.163293762 0.38905344 -0.0400903407 0 0 0
C@CP 3318 -0.140970736 0.207405922 -0.185142667 0 0 0
C@CP 3319 0.136512337 -0.266138104 -0.319066587 0 0 0
C@CP 3320 -0.241798367 -0.0249939884 0.13940726 0 0 0
C@CP 3321 -0.0397201606 0.0584916449 0.292741955 0 0 0
C@CP 3322 -0.111519895 -0.148668802 0.350412759 0 0 0
C@CP 3323 -0.326731527 -0.113748962 -0.11376513 0 0 0
C@CP 3324 0.113273495 -0.240228038 -0.25433664 0 0 0
C@CP 3325 0.0826026445 -0.298141579 0.251660276 0 0 0
C@CP 3326 -0.198611172 -0.101415546 -0.157188855 0 0 0
C@CP 3327 -0.205379862 -0.411814334 0.0735008123 0 0 0
C@CP 3328 0.27873563 -0.259684901 -0.258591388 0 0 0
C@CP 3329 -0.292328 0.153903835 0.151879501 0 0 0
C@CP 3330 0.0817040109 0.132412267 0.0877246396 0 0 0
C@CP 3331 0.162147339 -0.269460168 0.317337916 0 0 0
C@CP 3332 0.237253903 -0.128417152 -0.257189743 0 0 0
C@CP 3333 0.323072552 0.0565142341 -0.231319993 0 0 0
C@CP 3334 -0.230247746 0.134010034 -0.113929166 0 0 0
C@CP 3335 0.322257706 0.232847449 0.169647815 0 0 0
C@CP 3336 0.168323962 -0.021519166 0.403884684 0 0 0
C@CP 3337 0.278935982 0.197589064 0.12606025 0 0 0
C@CP 3338 0.130273056 0.178460642 -0.251975851 0 0 0
C@CP 3339 0.0739947785 0.233931498 -0.357129511 0 0 0
C@CP 3340 -0.144112818 -0.145843132 -0.285825914 0 0 0
C@CP 3341 -0.0714612495 -0.338511515 -0.0385898791 0 0 0
C@CP 3342 0.0704060908 -0.281962432 0.077025461 0 0 0
C@CP 3343 0.33909603 -0.0753285718 0.134614634 0 0 0
C@CP 3344 -0.186392062 -0.124592726 0.355664358 0 0 0
C@CP 3345 0.0259820018 -0.419962643 0.169097451 0 0 0
C@CP 3346 0.112821954 0.199552114 -0.0276668152 0 0 0
C@CP 3347 0.153267738 0.0779712243 0.242797553 0 0 0
C@CP 3348 0.262580669 -0.267099817 0.258641927 0 0 0
C@CP 3349 -0.0836747048 -0.020415612 -0.155034113 0 0 0
C@CP 3350 0.0752604886 -0.0386982291 0.456747001 0 0 0
C@CP 3351 -0.372151634 -0.0463118653 0.157282991 0 0 0
C@CP 3352 0.269101789 0.0168462363 0.198201985 0 0 0
C@CP 3353 0.0745814232 -0.0646815089 -0.397487634 0 0 0
C@CP 3354 0.211159339 -0.139323995 -0.204224803 0 0 0
C@CP 3355 -0.327582219 0.0674757 -0.0210333521 0 0 0
C@CP 3356 -0.00763399787 -0.236064671 -0.346344355 0 0 0
C@CP 3357 0.0263890522 0.127284193 -0.0173887859 0 0 0
C@CP 3358 -0.197498334 0.185822328 -0.225570328 0 0 0
C@CP 3359 0.376015846 -0.20539418 -0.139646553 0 0 0
C@CP 3360 -0.257036717 -0.0325787865 -0.184658719 0 0 0
C@CP 3361 -0.116758673 -0.159520912 -0.335434401 0 0 0
C@CP 3362 -0.199707644 -0.0499225103 -0.0903992459 0 0 0
C@CP 3363 0.208301288 -0.197827785 0.0679153448 0 0 0
C@CP 3364 0.00442513946 -0.0073939421 0.368641229 0 0 0
C@CP 3365 0.106590277 -0.301870968 0.218745134 0 0 0
C@CP 3366 0.342152939 0.281255028 -0.140172689 0 0 0
C@CP 3367 -0.0971117504 0.0303085356 -0.0986981199 0 0 0
C@CP 3368 -0.0941030235 -0.239316177 -0.0919400003 0 0 0
C@CP 3369 0.219591336 -0.119271811 -0.11810855 0 0 0
C@CP 3370 0.161463459 -0.294648809 -0.209467005 0 0 0
C@CP 3371 0.212798491 0.275266919 -0.270487252 0 0 0
C@CP 3372 -0.154816526 -0.326668893 0.0806040682 0 0 0
C@CP 3373 0.0683028536 -0.381942303 -0.110215344 0 0 0
C@CP 3374 0.0387655513 -0.24362777 -0.408421108 0 0 0
C@CP 3375 0.365807386 -0.119292515 -0.0539059868 0 0 0
C@CP 3376 0.332547411 -0.0797590858 0.20000569 0 0 0
C@CP 3377 -0.252393119 0.0732814279 0.142992911 0 0 0
C@CP 3378 -0.356846776 -0.0488994665 -0.230142563 0 0 0
C@CP 3379 -0.0728009034 0.308855593 0.0874101847 0 0 0
C@CP 3380 0.0739941541 -0.0149719162 -0.447532261 0 0 0
C@CP 3381 0.430640036 0.134154543 -0.0346117653 0 0 0
C@CP 3382 0.0776337876 0.0550889573 -0.219500399 0 0 0
C@CP 3383 -0.0558762338 0.106640248 -0.195009128 0 0 0
C@CP 3384 0.283071073 -0.0140635877 0.220036406 0 0 0
C@CP 3385 0.120691 -0.196990975 -0.0956879027 0 0 0
C@CP 3386 -0.0976851761 0.102747154 0.227251035 0 0 0
C@CP 3387 0.164749323 0.0372887898 -0.174144044 0 0 0
C@CP 3388 -0.378235798 -0.0678276404 0.244394601 0 0 0
C@CP 3389 0.0860118942 -0.264416918 -0.00257809149 0 0 0
C@CP 3390 0.0611818181 0.190897578 0.224281259 0 0 0
C@CP 3391 -0.191123139 -0.169297741 0.304057331 0 0 0
C@CP 3392 0.0437624165 0.173431064 0.184790946 0 0 0
C@CP 3393 0.0351389423 0.0623407171 0.00793057244 0 0 0
C@CP 3394 -0.0676919567 0.421650534 -0.0238836325 0 0 0
C@CP 3395 -0.00594459957 -0.334109603 0.217506351 0 0 0
C@CP 3396 -0.354459257 -0.0938510284 -0.280495181 0 0 0
C@CP 3397 -0.202669731 -0.334653161 -0.200775673 0 0 0
C@CP 3398 -0.0241527141 0.165756767 -0.311137568 0 0 0
C@CP 3399 0.0709111419 -0.0753747875 0.207922322 0 0 0
C@CP 3400 0.0957728145 0.0946972284 0.422909001 0 0 0
C@CP 3401 -0.0315074059 -0.425357034 -0.125360697 0 0 0
C@CP 3402 -0.20973905 -0.258638527 0.0811075593 0 0 0
C@CP 3403 0.343320107 0.127115656 -0.216645689 0 0 0
C@CP 3404 -0.374057082 -0.218043673 0.173173631 0 0 0
C@CP 3405 -0.0839497912 0.191457702 0.0934325449 0 0 0
C@CP 3406 0.409297826 -0.144503843 -0.00532364079 0 0 0
C@CP 3407 -0.35693165 0.110888278 -0.0850298686 0 0 0
C@CP 3408 -0.276758439 -0.287350244 -0.17429152 0 0 0
C@CP 3409 0.00660971488 -0.410278994 -0.0915969258 0 0 0
C@CP 3410 0.00483905793 0.0474732879 0.117024866 0 0 0
C@CP 3411 -0.269748262 0.217687856 -0.171303545 0 0 0
C@CP 3412 -0.134240751 -0.155066086 0.0766540246 0 0 0
C@CP 3413 0.26955971 0.279408297 -0.00704105117 0 0 0
C@CP 3414 0.124377249 -0.360628048 0.0068466513 0 0 0
C@CP 3415 0.101003409 -0.312579453 -0.0463751049 0 0 0
C@CP 3416 -0.21717234 -0.015046295 0.201610399 0 0 0
C@CP 3417 -0.0849740886 -0.142919944 -0.0537747628 0 0 0
C@CP 3418 -0.130839869 -0.0263707456 0.0608233019 0 0 0
C@CP 3419 -0.271684394 -0.158233528 0.255376863 0 0 0
C@CP 3420 -0.0381676146 0.37580349 -0.111306577 0 0 0
C@CP 3421 0.0342687256 0.28496865 0.177212723 0 0 0
C@CP 3422 -0.0511838668 0.39002635 0.185680332 0 0 0
C@CP 3423 -0.29333768 -0.169503046 -0.236839423 0 0 0
C@CP 3424 0.278080221 0.232826008 0.189128146 0 0 0
C@CP 3425 0.266891138 0.197139659 0.135440432 0 0 0
C@CP 3426 0.216259541 -0.00492838336 -0.0463801124 0 0 0
C@CP 3427 -0.119222693 -0.303142708 -0.145807012 0 0 0
C@CP 3428 0.0577644947 0.22929276 -0.0480430206 0 0 0
C@CP 3429 0.128034258 -0.00574016073 0.00811113651 0 0 0
C@CP 3430 0.261461661 0.335175369 -0.186389039 0 0 0
C@CP 3431 0.0192532804 0.351438141 0.258873886 0 0 0
C@CP 3432 -0.156011088 -0.264227442 -0.335756609 0 0 0
C@CP 3433 -0.189837103 0.3626152 0.16936119 0 0 0
C@CP 3434 0.0918802197 0.102960117 -0.138660043 0 0 0
C@CP 3435 0.11898859 -0.177376771 -0.149646759 0 0 0
C@CP 3436 -0.326492583 -0.269903266 -0.109096715 0 0 0
C@CP 3437 0.209364915 0.142436128 -0.340945444 0 0 0
C@CP 3438 0.00399283357 0.287562941 0.101601258 0 0 0
C@CP 3439 0.137658161 0.187533636 -0.157990571 0 0 0
C@CP 3440 0.371385921 -0.0252223044 0.176687577 0 0 0
C@CP 3441 0.153672763 -0.0187719778 -0.283977394 0 0 0
C@CP 3442 -0.0506366991 0.163827635 -0.414163351 0 0 0
C@CP 3443 -0.0417593993 0.293352278 0.248516301 0 0 0
C@CP 3444 -0.130764445 -0.145672722 -0.370862122 0 0 0
C@CP 3445 -0.30264365 -0.00831664636 0.33681305 0 0 0
C@CP 3446 -0.403294341 -0.0331063276 -0.247894278 0 0 0
C@CP 3447 -0.311304249 0.204302811 0.0922345712 0 0 0
C@CP 3448 0.0412056501 0.198104088 0.272149866 0 0 0
C@CP 3449 0.0791163188 -0.247537731 -0.18773378 0 0 0
C@CP 3450 0.0890524567 0.395992182 0.178437896 0 0 0
C@CP 3451 -0.254179979 0.138602485 0.0840546793 0 0 0
C@CP 3452 0.0381326234 0.0124923826 -0.253892527 0 0 0
C@CP 3453 0.313205995 0.0700712927 0.144146702 0 0 0
C@CP 3454 -0.022805581 -0.010629926 -0.472935109 0 0 0
C@CP 3455 0.270773994 -0.366086634 -0.0291263353 0 0 0
C@CP 3456 0.236931021 0.061731125 0.216113003 0 0 0
C@CP 3457 0.122766621 0.0155997379 0.38840564 0 0 0
C@CP 3458 0.113150728 0.0869952396 -0.305224624 0 0 0
C@CP 3459 -0.0917467858 0.379954399 0.18138244 0 0 0
C@CP 3460 0.366196323 -0.245350454 0.178050663 0 0 0
C@CP 3461 0.100339103 0.293802053 -0.175774799 0 0 0
C@CP 3462 -0.169875259 -0.20534232 0.279600473 0 0 0
C@CP 3463 -0.263482189 -0.0896679194 -0.213616607 0 0 0
C@CP 3464 -0.262409163 0.122933802 0.377572211 0 0 0
C@CP 3465 0.307117148 0.318888631 0.0506443185 0 0 0
C@CP 3466 0.134754105 0.169450787 -0.120594267 0 0 0
C@CP 3467 0.122113639 0.17618831 0.189481704 0 0 0
C@CP 3468 -0.251947929 0.180927804 -0.263275124 0 0 0
C@CP 3469 0.0220893692 0.0185156282 0.183582424 0 0 0
C@CP 3470 -0.214972818 0.392654307 0.0876518664 0 0 0
C@CP 3471 -0.0580890015 -0.243499217 -0.185876659 0 0 0
C@CP 3472 0.409547578 -0.105136104 0.162780201 0 0 0
C@CP 3473 0.248532752 -0.172829671 0.0552598391 0 0 0
C@CP 3474 -0.0282339477 0.11849268 0.170696876 0 0 0
C@CP 3475 -0.247893609 -0.280960801 0.216846295 0 0 0
C@CP 3476 -0.208462236 -0.334334764 -0.239228823 0 0 0
C@CP 3477 0.133428043 -0.0455377034 0.114027156 0 0 0
C@CP 3478 0.215498412 -0.226494701 -0.0643721044 0 0 0
C@CP 3479 -0.205794313 0.281376956 -0.257658899 0 0 0
C@CP 3480 0.181994052 -0.370401127 -0.102150757 0 0 0
C@CP 3481 -0.360403496 -0.293750167 0.0478975908 0 0 0
C@CP 3482 0.213555051 -0.169687206 0.276643656 0 0 0
C@CP 3483 -0.148694802 -0.0110039072 -0.352585067 0 0 0
C@CP 3484 -0.22391196 -0.14917723 0.105100732 0 0 0
C@CP 3485 -0.193806267 -0.336033971 -0.00947006475 0 0 0
C@CP 3486 -0.220178929 -0.167149049 -0.335556139 0 0 0
C@CP 3487 -0.0487016733 -0.164660743 0.365050688 0 0 0
C@CP 3488 0.10277485 -0.106335649 0.134310948 0 0 0
C@CP 3489 0.0998638285 -0.238484561 0.241387099 0 0 0
C@CP 3490 -0.150877509 -0.231217301 -0.225723904 0 0 0
C@CP 3491 -0.147417593 -0.136256527 -0.301360892 0 0 0
C@CP 3492 -0.129303077 -0.165085153 0.205462463 0 0 0
C@CP 3493 0.0327578214 -0.429626567 -0.00595707837 0 0 0
C@CP 3494 0.105659961 -0.215764325 0.120508489 0 0 0
C@CP 3495 -0.225156924 -0.256984243 0.209734577 0 0 0
C@CP 3496 -0.15761665 -0.24478451 -0.0505242225 0 0 0
C@CP 3497 -0.352546556 0.144430714 0.0223751237 0 0 0
B@CP 3499 0.329729078 -0.113340743 -0.21787347 0 0 0
C@CP 3500 0.342250419 0.00694059095 0.241562858 0 0 0
C@CP 3501 0.0164537427 0.0148600606 0.0211286777 0 0 0
C@CP 3502 -0.105340884 -0.175584803 0.376271915 0 0 0
B@CP 3504 0.279103213 -0.268842155 0.142433474 0 0 0
C@CP 3505 -0.254457551 -0.262857427 -0.0380282851 0 0 0
