B@CP 1004 0.0314071024 0.363320202 0.0655318071 0 0 0
B@CP 1005 -0.118714568 0.0688868461 0.325598199 0 0 0
B@CP 1008 0.0690942147 -0.127233273 -0.417934844 0 0 0
B@CP 1014 0.0301196032 0.133391288 0.0184258722 0 0 0
B@CP 1018 -0.204472149 0.126357097 0.28686134 0 0 0
B@CP 1020 -0.0929078626 -0.0344182121 0.0203116047 0 0 0
B@CP 1025 -0.183818843 0.0677587163 0.367682441 0 0 0
B@CP 1026 0.0652126111 0.169432123 0.146844995 0 0 0
B@CP 1032 0.144158754 0.0571688498 0.338723172 0 0 0
B@CP 1033 0.25528249 0.0187717222 -0.16477088 0 0 0
B@CP 1034 -0.176522744 -0.381502173 0.107257067 0 0 0
B@CP 1036 0.17689753 0.306372995 -0.21330391 0 0 0
B@CP 1040 0.11510261 -0.0235945397 -0.26906173 0 0 0
B@CP 1041 -0.287902156 -0.213256558 0.0777790125 0 0 0
B@CP 1042 -0.0265778688 0.0235321611 0.0960527501 0 0 0
B@CP 1045 -0.162561007 0.124654595 -0.130467201 0 0 0
B@CP 1046 -0.188223088 0.188501571 -0.151922359 0 0 0
B@CP 1047 -0.0357267134 0.128952317 -0.36160572 0 0 0
B@CP 1055 0.00527907538 0.101834276 0.451904055 0 0 0
B@CP 1056 0.13572353 -0.114921509 -0.0729207045 0 0 0
B@CP 1059 0.208604438 0.21486492 0.276913777 0 0 0
B@CP 1063 0.173515048 0.021746717 0.208326377 0 0 0
B@CP 1065 -0.29891411 -0.117208453 0.347868143 0 0 0
B@CP 1066 -0.0680771058 0.396218157 0.137678423 0 0 0
B@CP 1068 0.0142803439 -0.300630073 0.360700251 0 0 0
B@CP 1069 -0.0849013414 0.199071548 -0.0993006499 0 0 0
B@CP 1070 -0.152007087 0.288706043 -0.131591546 0 0 0
B@CP 1077 0.032036218 0.0873775968 0.372630262 0 0 0
B@CP 1080 -0.0567854213 -0.203696316 -0.303038392 0 0 0
B@CP 1083 0.0584634753 0.0637441861 -0.163332962 0 0 0
B@CP 1084 -0.262912055 0.0797851392 0.0546646485 0 0 0
B@CP 1085 -0.163677765 0.151028043 0.302194025 0 0 0
B@CP 1089 0.115286782 -0.14930987 0.350058947 0 0 0
B@CP 1091 0.254359295 -0.22119479 -0.0474480606 0 0 0
B@CP 1092 -0.261614242 -0.045850618 -0.168261887 0 0 0
B@CP 1093 0.0930120974 -0.124906396 -0.168698382 0 0 0
B@CP 1094 -0.275586069 0.074292599 0.196488178 0 0 0
B@CP 1099 0.180607318 -0.262351214 -0.240723931 0 0 0
B@CP 1100 0.00718275705 -0.052812172 -0.346861552 0 0 0
B@CP 1104 -0.161130355 -0.372531711 0.00959567146 0 0 0
B@CP 1105 -0.106821943 -0.201976978 -0.399656378 0 0 0
B@CP 1106 -0.0734454108 0.35458944 -0.27171378 0 0 0
B@CP 1107 -0.111303238 0.00018609558 -0.381621756 0 0 0
B@CP 1109 -0.25622212 0.350269634 -0.0898427651 0 0 0
B@CP 1110 -0.149660704 -0.301401239 0.0717294602 0 0 0
B@CP 1117 -0.00529473372 0.0140377014 0.0821776932 0 0 0
B@CP 1118 0.217564798 -0.390949106 -0.0055017965 0 0 0
B@CP 1121 -0.411845985 0.121427303 0.190371869 0 0 0
B@CP 1122 -0.103895236 0.227747192 -0.106875807 0 0 0
B@CP 1123 0.254655974 -0.183518427 -0.183501373 0 0 0
B@CP 1125 0.341110949 0.00918137361 0.0880381839 0 0 0
B@CP 1131 -0.375434514 0.176763031 -0.119943829 0 0 0
B@CP 1139 0.216091795 0.0857751779 0.228393361 0 0 0
B@CP 1143 0.0874639518 0.0422316819 0.408904244 0 0 0
B@CP 1146 -0.360230392 -0.123635023 0.139937182 0 0 0
B@CP 1147 0.255850556 0.22560793 0.115608944 0 0 0
B@CP 1149 -0.0958951436 -0.304822567 -0.291293488 0 0 0
B@CP 1152 -0.0546035206 0.177164381 0.374751789 0 0 0
B@CP 1154 -0.257198701 -0.127257064 0.367743621 0 0 0
B@CP 1155 -0.0130117213 0.375024563 -0.0923625228 0 0 0
B@CP 1160 0.166884101 -0.34820837 0.228276795 0 0 0
B@CP 1161 -0.0418615928 -0.2569926 -0.170422826 0 0 0
B@CP 1162 -0.186656778 -0.119883129 -0.250168003 0 0 0
B@CP 1163 -0.054858048 0.207175463 0.184708343 0 0 0
B@CP 1166 -0.0566663473 -0.195214156 -0.354897185 0 0 0
B@CP 1167 0.0545644671 -0.109202103 -0.421019895 0 0 0
B@CP 1170 -0.433391687 -0.0738662796 -0.0227728752 0 0 0
B@CP 1171 0.278932062 0.151922794 0.293114236 0 0 0
B@CP 1176 0.0969723952 -0.046844099 0.227788505 0 0 0
B@CP 1179 0.0650482142 0.12009933 0.304395998 0 0 0
B@CP 1185 -0.249460959 0.265689699 -0.182714526 0 0 0
B@CP 1186 0.0803758999 0.00564286386 -0.176437739 0 0 0
B@CP 1187 0.244802889 -0.237130953 0.148558556 0 0 0
B@CP 1188 0.351614939 -0.109861141 -0.0745821887 0 0 0
B@CP 1189 -0.447948148 -0.0478201357 0.0629661212 0 0 0
B@CP 1190 -0.0270293535 -0.409755989 0.167131176 0 0 0
B@CP 1191 0.0010762298 -0.211815211 -0.0771682298 0 0 0
B@CP 1192 0.401372362 0.169339832 -0.0950182533 0 0 0
B@CP 1196 0.00851360939 0.256183891 -0.227342057 0 0 0
B@CP 1197 -0.409244172 -0.0130974774 0.21408448 0 0 0
B@CP 1200 0.217152715 0.343516147 -0.0978274268 0 0 0
B@CP 1206 0.421031573 0.0162171417 0.0604265622 0 0 0
B@CP 1211 0.120564288 -0.147988841 0.36118989 0 0 0
B@CP 1221 0.0122328664 -0.0868096277 0.319199797 0 0 0
B@CP 1222 -0.0538312568 -0.305361881 -0.0240022477 0 0 0
B@CP 1225 -0.00262112728 0.228576338 0.0609385557 0 0 0
B@CP 1226 -0.388556534 -0.169000267 0.0948097008 0 0 0
B@CP 1228 -0.20055296 -0.108660717 -0.0534088116 0 0 0
B@CP 1229 0.0300869299 0.449059387 0.0508177106 0 0 0
B@CP 1234 -0.144765048 0.0124178883 -0.414055539 0 0 0
B@CP 1237 0.137325926 0.362673849 0.202576984 0 0 0
B@CP 1239 -0.300547086 -0.0976573056 -0.343419854 0 0 0
B@CP 1241 -0.109206916 -0.000520526272 -0.379286026 0 0 0
B@CP 1242 -0.258088882 -0.29583593 0.154053709 0 0 0
B@CP 1245 0.149969266 0.14742479 -0.35114693 0 0 0
B@CP 1248 -0.190416393 0.105167404 -0.145777392 0 0 0
B@CP 1257 -0.342856439 -0.178575218 -0.22487033 0 0 0
B@CP 1259 0.0640305524 -0.239594673 0.379696983 0 0 0
B@CP 1262 0.0938831616 -0.409368812 0.163734939 0 0 0
B@CP 1263 -0.0910594046 0.160637107 -0.41515171 0 0 0
B@CP 1264 -0.170121782 0.4004726 0.071447807 0 0 0
B@CP 1268 0.368644008 -0.114145524 0.191665864 0 0 0
B@CP 1274 0.411343552 -0.0952873502 0.0789445103 0 0 0
B@CP 1275 0.0890502908 0.249352105 0.0375876074 0 0 0
B@CP 1280 0.0511700613 -0.188726043 -0.379591028 0 0 0
B@CP 1281 0.389570371 -0.166691224 -0.141892427 0 0 0
B@CP 1284 0.364485741 0.189956615 0.0953288449 0 0 0
B@CP 1285 -0.296246507 -0.126593766 0.266880452 0 0 0
B@CP 1291 -0.278062333 -0.277470379 -0.229605177 0 0 0
B@CP 1293 -0.184355257 -0.265458853 0.272437087 0 0 0
B@CP 1299 0.180949842 0.0223836735 -0.271360163 0 0 0
B@CP 1302 -0.149448576 -0.14800913 0.367664329 0 0 0
B@CP 1305 0.0453634719 -0.0340562422 0.367713913 0 0 0
B@CP 1306 -0.327044503 -0.121178596 -0.186761838 0 0 0
B@CP 1312 0.28061112 0.076693953 -0.332566581 0 0 0
B@CP 1318 0.246085072 0.248975538 0.248440015 0 0 0
B@CP 1320 -0.240536227 -0.107410092 0.317770417 0 0 0
B@CP 1323 0.175369465 0.0287083874 -0.343892702 0 0 0
B@CP 1324 0.375583066 0.222345023 -0.103814509 0 0 0
B@CP 1326 -0.160544862 -0.256433759 -0.30778566 0 0 0
B@CP 1330 0.300520691 0.0500177807 -0.20140647 0 0 0
B@CP 1332 -0.0730916362 0.0327759427 -0.21140161 0 0 0
B@CP 1335 -0.0454170421 0.0697862543 0.0822678224 0 0 0
B@CP 1342 -0.0437418088 -0.177898928 0.199048257 0 0 0
B@CP 1343 -0.011102943 0.0387669819 -0.258225488 0 0 0
B@CP 1345 -0.200471732 0.231947313 0.264907101 0 0 0
B@CP 1348 0.0803691627 0.374508272 0.0733855624 0 0 0
B@CP 1354 -0.175825565 -0.336262307 -0.260598389 0 0 0
B@CP 1356 -0.371695879 0.144985859 0.0147027714 0 0 0
B@CP 1362 -0.0206445282 -0.121060507 -0.322340687 0 0 0
B@CP 1363 0.218144963 0.352283103 -0.228195029 0 0 0
B@CP 1365 0.127698863 0.182542827 -0.301932966 0 0 0
B@CP 1367 0.0984845604 -0.0792632091 0.396661628 0 0 0
B@CP 1370 -0.347890467 0.206351361 0.0580350662 0 0 0
B@CP 1371 -0.0620630624 -0.0232764758 0.0835295101 0 0 0
B@CP 1372 0.0317907472 0.118387274 -0.0885941436 0 0 0
B@CP 1373 -0.301708944 -0.158640811 0.238894035 0 0 0
B@CP 1375 -0.200843834 -0.162125606 -0.0678757035 0 0 0
B@CP 1379 -0.22000996 0.196151669 0.254065437 0 0 0
B@CP 1385 0.236760183 -0.198308912 -0.251144871 0 0 0
B@CP 1387 -0.10892811 -0.182780927 -0.309867317 0 0 0
B@CP 1390 -0.106307972 0.0196147912 0.0263323495 0 0 0
B@CP 1391 -0.160938949 -0.309859068 0.190168844 0 0 0
B@CP 1393 0.0924549963 0.0971415933 -0.266011644 0 0 0
B@CP 1398 -0.00864492644 -0.423582736 -0.155431917 0 0 0
B@CP 1406 -0.202760138 0.129064653 0.411862524 0 0 0
B@CP 1408 0.136281513 0.316007325 -0.319068894 0 0 0
B@CP 1410 0.242696233 0.132579848 0.36571035 0 0 0
B@CP 1416 0.30209889 0.0298572248 0.191372166 0 0 0
B@CP 1417 0.399332741 0.171905123 0.0171529322 0 0 0
B@CP 1422 -0.0377190605 0.109208746 0.421005738 0 0 0
B@CP 1423 0.232848364 0.271834929 -0.00841392204 0 0 0
B@CP 1424 -0.172729317 0.162933726 -0.00893599416 0 0 0
B@CP 1428 -0.13072115 0.186666141 -0.19588896 0 0 0
B@CP 1429 -0.0249011831 0.278866923 0.0966423057 0 0 0
B@CP 1433 0.0720822775 0.120356071 0.00284792519 0 0 0
B@CP 1434 0.0877083201 -0.363724217 -0.092669536 0 0 0
B@CP 1436 0.29418387 -0.112001838 0.345889462 0 0 0
B@CP 1438 -0.161081527 0.203390047 -0.0200500082 0 0 0
B@CP 1439 -0.00558548825 -0.0321345282 -0.125075618 0 0 0
B@CP 1446 -0.0603746816 0.0187359092 -0.0555403975 0 0 0
B@CP 1448 0.141226412 0.00992922191 0.189117321 0 0 0
B@CP 1452 0.0425032972 0.423222915 -0.0248061181 0 0 0
B@CP 1453 0.0992613772 0.207381233 -0.344294114 0 0 0
B@CP 1454 0.315540194 -0.137304914 0.289573388 0 0 0
B@CP 1465 0.183977901 -0.272949744 0.109703862 0 0 0
B@CP 1466 -0.277455854 0.165065248 0.149867973 0 0 0
B@CP 1470 0.125182267 -0.197821923 -0.0998546996 0 0 0
B@CP 1471 0.0682719944 0.238673802 -0.170657911 0 0 0
B@CP 1478 -0.374001378 -0.0542667078 -0.119837276 0 0 0
B@CP 1481 0.269271274 -0.0591469156 -0.0558015889 0 0 0
B@CP 1482 0.0636621293 0.342908506 0.102737207 0 0 0
B@CP 1483 -0.0405195896 0.024231421 0.319639063 0 0 0
B@CP 1486 0.216645927 0.376997864 0.0352732737 0 0 0
B@CP 1489 -0.122521419 -0.214201008 0.237603637 0 0 0
B@CP 1490 -0.302803347 0.176716872 0.062914531 0 0 0
B@CP 1491 -0.19806176 0.19237975 0.341591835 0 0 0
B@CP 1492 0.100658418 0.265114158 0.224656429 0 0 0
B@CP 1495 -0.00426227561 0.419826717 0.115503468 0 0 0
B@CP 1500 0.107701215 0.09521404 0.295229729 0 0 0
B@CP 1504 -0.398317762 -0.195688377 0.150620443 0 0 0
B@CP 1505 -0.331574444 0.0128467311 -0.0370856882 0 0 0
B@CP 1509 -0.29836467 -0.0286338551 0.183957056 0 0 0
B@CP 1515 0.130409592 -0.307399362 0.118651656 0 0 0
B@CP 1519 -0.283234462 -0.232293052 0.0269519472 0 0 0
B@CP 1523 0.180232551 0.269171345 0.0997721767 0 0 0
B@CP 1524 -0.00591551036 -0.394048413 -0.249716897 0 0 0
B@CP 1526 0.147340543 0.0941422641 0.413430415 0 0 0
B@CP 1527 -0.134919989 -0.204072403 -0.126584031 0 0 0
B@CP 1530 -0.0412456776 0.236208596 -0.228935572 0 0 0
B@CP 1534 -0.238700427 -0.193643218 0.138702178 0 0 0
B@CP 1536 -0.0336834581 0.0242813785 -0.373616119 0 0 0
B@CP 1551 -0.287855399 0.172724138 0.268950572 0 0 0
B@CP 1552 -0.0474120639 0.152882563 -0.104942369 0 0 0
B@CP 1555 0.256057875 0.291643068 -0.239213024 0 0 0
B@CP 1561 0.00718091469 0.132123118 0.166230837 0 0 0
B@CP 1567 -0.181893736 0.37058697 -0.0805934107 0 0 0
B@CP 1569 -0.0762138519 -0.279367339 -0.240051114 0 0 0
B@CP 1572 -0.244003003 -0.20344109 0.0123290483 0 0 0
B@CP 1573 0.160723128 -0.117814906 -0.268360114 0 0 0
B@CP 1576 0.0405879001 -0.124481588 0.400024015 0 0 0
B@CP 1580 -0.00179115961 0.064934467 -0.0582776285 0 0 0
B@CP 1583 0.123972583 -0.317479944 0.247982086 0 0 0
B@CP 1584 -0.134536319 -0.127597203 -0.328649008 0 0 0
B@CP 1586 0.0794013303 0.168698476 -0.294069124 0 0 0
B@CP 1588 -0.0130880805 0.275025822 -0.16899706 0 0 0
B@CP 1589 0.327412261 -0.289651986 -0.149416596 0 0 0
B@CP 1596 0.0877655187 -0.00141003171 -0.460373261 0 0 0
B@CP 1600 -0.117584883 0.121518841 0.434063073 0 0 0
B@CP 1606 0.0140887007 -0.413724203 0.197772354 0 0 0
B@CP 1609 0.167288926 0.205461989 0.184548864 0 0 0
B@CP 1611 0.0306384368 0.381684245 -0.0182212505 0 0 0
B@CP 1613 -0.138593936 0.165749579 0.0894982869 0 0 0
B@CP 1625 0.1418626 0.40871571 0.201040125 0 0 0
B@CP 1630 0.0889052914 -0.0139770676 0.355815144 0 0 0
B@CP 1637 0.0846442433 0.360595728 0.278714606 0 0 0
B@CP 1638 -0.0477905156 0.0686900958 0.0597918876 0 0 0
B@CP 1642 -0.0673348825 -0.355338951 -0.294328311 0 0 0
B@CP 1645 0.305168032 0.0215111171 0.327638302 0 0 0
B@CP 1649 0.156028108 -0.294046154 -0.184873048 0 0 0
B@CP 1655 0.308717701 0.00964159086 -0.072906094 0 0 0
B@CP 1656 0.153481182 0.119656904 0.253433999 0 0 0
B@CP 1673 -0.426029737 0.16330369 -0.00287866011 0 0 0
B@CP 1678 0.208762146 -0.336868856 -0.148913883 0 0 0
B@CP 1679 -0.266654541 0.00819024998 0.150427695 0 0 0
B@CP 1681 -0.143037226 -0.114275564 -0.378563292 0 0 0
B@CP 1686 -0.0163348736 -0.299197537 0.333900186 0 0 0
B@CP 1690 -0.0167569046 0.152378252 0.0299868483 0 0 0
B@CP 1694 -0.411697019 -0.00507172177 0.0502780678 0 0 0
B@CP 1696 0.0699738803 -0.318549281 -0.0438115021 0 0 0
B@CP 1697 -0.22914786 -0.0468527152 0.00749617355 0 0 0
B@CP 1701 -0.0661724241 -0.0839923538 0.396312902 0 0 0
B@CP 1703 -0.150506161 -0.300421322 0.104583957 0 0 0
B@CP 1710 0.322719908 0.279661304 0.0970241586 0 0 0
B@CP 1719 -0.264686486 0.0674909472 -0.277201985 0 0 0
B@CP 1722 -0.127556707 0.145178203 -0.00666763741 0 0 0
B@CP 1727 -0.2082632 0.261041089 0.125488704 0 0 0
B@CP 1733 0.163208734 0.168612754 -0.216532573 0 0 0
B@CP 1735 -0.0921477852 0.14096531 0.287775842 0 0 0
B@CP 1736 0.33128603 0.107819404 -0.314939803 0 0 0
B@CP 1739 -0.0560164647 0.13569646 0.153119083 0 0 0
B@CP 1740 -0.258227337 -0.0233585852 0.177155964 0 0 0
B@CP 1743 -0.037605987 -0.38503506 0.10099448 0 0 0
B@CP 1745 -0.0336490745 -0.0591373983 -0.299347647 0 0 0
B@CP 1746 0.116864184 -0.343898592 -0.0442337132 0 0 0
B@CP 1747 -0.303026205 0.232645648 -0.00141142338 0 0 0
B@CP 1748 -0.0417632318 -0.0222225912 0.227892 0 0 0
B@CP 1751 0.320689863 -0.0635947011 -0.0685032568 0 0 0
B@CP 1752 0.377948874 -0.200273865 -0.0969042015 0 0 0
B@CP 1755 0.0655061607 -0.0212549928 0.194042611 0 0 0
B@CP 1763 -0.406493062 0.20036095 -0.00997692322 0 0 0
B@CP 1774 0.291596205 0.246390538 -0.245464899 0 0 0
B@CP 1777 0.0567262411 -0.118567316 0.394375094 0 0 0
B@CP 1781 0.0908351052 -0.0899851113 0.330874527 0 0 0
B@CP 1789 -0.0760668114 0.113624859 -0.0946169079 0 0 0
B@CP 1790 0.117146928 0.000467920242 -0.142103859 0 0 0
B@CP 1793 0.15128386 -0.0999717688 0.0787646467 0 0 0
B@CP 1800 0.393138803 0.181346815 0.114161881 0 0 0
B@CP 1802 0.0906934608 0.329926856 -0.0629973147 0 0 0
B@CP 1803 -0.249023869 0.046664515 -0.179329613 0 0 0
B@CP 1804 0.118175274 0.00631858587 0.392692194 0 0 0
B@CP 1807 0.126042781 -0.375336396 -0.116287202 0 0 0
B@CP 1814 0.0505819453 0.066178694 -0.148333553 0 0 0
B@CP 1815 -0.142062042 -0.0890211208 0.196352404 0 0 0
B@CP 1817 -0.0392755637 0.37313399 -0.241812822 0 0 0
B@CP 1819 0.039699701 0.00824448482 0.0903036074 0 0 0
B@CP 1822 -0.212723694 -0.247732567 0.279016875 0 0 0
B@CP 1823 0.389514169 0.181896286 -0.122956611 0 0 0
B@CP 1826 0.199133278 -0.0998761215 -0.369214575 0 0 0
B@CP 1828 -0.199733975 -0.190193533 0.33527219 0 0 0
B@CP 1835 0.111904881 -0.0937225979 0.126344924 0 0 0
B@CP 1836 -0.345064052 0.0805112647 0.0762856037 0 0 0
B@CP 1838 0.186982555 0.0654018439 -0.0888719244 0 0 0
B@CP 1840 0.00324085026 0.454872293 0.0140835882 0 0 0
B@CP 1842 -0.290218317 -0.0308741271 -0.243407902 0 0 0
B@CP 1844 0.0697902057 0.0865908887 -0.431143181 0 0 0
B@CP 1847 0.0363493661 -0.136685849 -0.437170838 0 0 0
B@CP 1848 -0.237262311 -0.106149368 0.308251845 0 0 0
B@CP 1851 -0.0730589601 -0.126744158 0.268848855 0 0 0
B@CP 1852 -0.111271724 0.174257677 -0.0443789043 0 0 0
B@CP 1855 0.107510735 -0.181430902 0.13415144 0 0 0
B@CP 1856 0.0297080408 0.211920126 0.306632495 0 0 0
B@CP 1858 0.201928311 -0.0999533253 0.295176893 0 0 0
B@CP 1861 -0.184413022 0.09441177 0.151893561 0 0 0
B@CP 1862 -0.204786826 -0.260876199 -0.0937037333 0 0 0
B@CP 1866 -0.245793981 -0.190020723 0.179625899 0 0 0
B@CP 1870 -0.257093494 0.0265651287 0.332968554 0 0 0
B@CP 1872 -0.327243628 0.0419900852 0.181203931 0 0 0
B@CP 1873 0.0277692089 -0.339468962 0.232060662 0 0 0
B@CP 1877 -0.222676347 0.0607443328 0.237853089 0 0 0
B@CP 1879 0.107214607 0.26721132 0.177307587 0 0 0
B@CP 1880 0.363250344 -0.121057831 0.215526097 0 0 0
B@CP 1881 0.0130642738 0.34393065 0.0284834946 0 0 0
B@CP 1883 -0.268833278 0.196542193 -0.205716451 0 0 0
B@CP 1887 0.0511918603 -0.331679936 -0.32971543 0 0 0
B@CP 1890 0.309689386 0.231511321 -0.198040031 0 0 0
B@CP 1891 -0.135664009 -0.317878593 0.288376513 0 0 0
B@CP 1892 0.23484116 0.0134975647 -0.0967268352 0 0 0
B@CP 1893 -0.430720765 0.0616370442 -0.0668839368 0 0 0
B@CP 1899 0.0792235668 -0.435790763 -0.12015928 0 0 0
B@CP 1901 -0.223325465 -0.163009559 -0.254092612 0 0 0
B@CP 1903 -0.0174909881 -0.359658087 0.239776107 0 0 0
B@CP 1906 0.247696672 -0.121874232 0.176079893 0 0 0
B@CP 1909 0.0729728166 -0.114112499 -0.0258859464 0 0 0
B@CP 1910 0.179433143 0.261014588 -0.291193323 0 0 0
B@CP 1911 0.194399465 0.211157379 -0.184518105 0 0 0
B@CP 1915 -0.130079212 -0.281697872 -0.206346406 0 0 0
B@CP 1917 0.0799099881 0.0454837024 0.194182648 0 0 0
B@CP 1920 -0.119375918 -0.33784389 0.0574334898 0 0 0
B@CP 1921 0.31860805 -0.134569696 -0.162282187 0 0 0
B@CP 1922 -0.244870569 -0.0149367108 -0.398562187 0 0 0
B@CP 1925 -0.319775311 0.221195338 0.24878018 0 0 0
B@CP 1935 0.207534466 -0.0347981272 0.111405864 0 0 0
B@CP 1937 0.43530062 0.143479339 -0.0388291486 0 0 0
B@CP 1939 0.0876106141 -0.427497232 -0.111558648 0 0 0
B@CP 1950 -0.14550551 0.265358946 -0.237076967 0 0 0
B@CP 1955 -0.119609793 0.0474843354 -0.283852694 0 0 0
B@CP 1958 -0.237395602 -0.38400127 -0.0147735081 0 0 0
B@CP 1967 0.140902666 -0.140006054 0.282737524 0 0 0
B@CP 1970 0.231017016 -0.140963651 -0.135220683 0 0 0
B@CP 1974 0.184285404 -0.342537972 -0.143954419 0 0 0
B@CP 1980 0.116036983 -0.293300745 0.263999268 0 0 0
B@CP 1993 -0.0475022567 -0.0504151556 -0.256729725 0 0 0
B@CP 1994 -0.0135130768 0.00924984456 0.23407658 0 0 0
B@CP 1996 -0.232934731 -0.248287743 0.253780218 0 0 0
B@CP 1999 -0.122329126 0.0171296327 -0.277157346 0 0 0
B@CP 2002 0.301353476 0.207419484 -0.017560583 0 0 0
B@CP 2005 0.155959428 -0.357290101 0.172526404 0 0 0
B@CP 2013 0.0893089065 -0.0826797045 0.451299836 0 0 0
B@CP 2019 0.335706333 -0.243346176 -0.0725877655 0 0 0
B@CP 2021 0.270089816 -0.13366978 0.00317477645 0 0 0
B@CP 2022 -0.403695264 0.0626513162 -0.0962668029 0 0 0
B@CP 2024 -0.338403125 -0.037563912 -0.298800341 0 0 0
B@CP 2025 0.185138864 -0.325317825 0.284570176 0 0 0
B@CP 2026 -0.114516972 0.230845017 0.102734128 0 0 0
B@CP 2028 0.128809936 0.185103456 0.251797056 0 0 0
B@CP 2029 -0.0674527675 -0.118072312 0.290187853 0 0 0
B@CP 2032 -0.118772993 -0.031409874 -0.372872163 0 0 0
B@CP 2033 0.0248549539 -0.397096902 -0.0758165952 0 0 0
B@CP 2034 0.032690535 0.0606634507 -0.355354063 0 0 0
B@CP 2036 -0.108263449 0.00441031278 0.214421823 0 0 0
B@CP 2037 0.374054832 -0.184561645 0.103632603 0 0 0
B@CP 2040 -0.215895885 -0.0812390426 0.397599648 0 0 0
B@CP 2042 0.374664663 0.151165449 -0.219327228 0 0 0
B@CP 2043 -0.0636034694 -0.311471227 -0.0875658609 0 0 0
B@CP 2048 0.267582332 -0.020590177 0.188057215 0 0 0
B@CP 2050 0.153429645 0.123128803 0.0418286513 0 0 0
B@CP 2053 0.238974724 -0.0426332564 0.293218212 0 0 0
B@CP 2057 -0.131824676 0.0180910118 0.111187227 0 0 0
B@CP 2059 -0.308191028 -0.0775112002 0.101666636 0 0 0
B@CP 2060 -0.0183727058 -0.124141327 -0.327864877 0 0 0
B@CP 2068 0.309569056 -0.224696127 -0.228880287 0 0 0
B@CP 2076 -0.0699925604 0.418350331 0.164391314 0 0 0
B@CP 2077 -0.0957414632 -0.397394508 -0.234159824 0 0 0
B@CP 2078 -0.206322259 -0.217398051 -0.313632635 0 0 0
B@CP 2079 -0.0975720745 -0.26965954 0.300974606 0 0 0
B@CP 2081 0.146891369 0.241962917 0.0100312417 0 0 0
B@CP 2082 -0.00553363083 0.206357453 -0.204925519 0 0 0
B@CP 2083 0.035768679 -0.396546811 -0.184683967 0 0 0
B@CP 2086 -0.34962492 0.0120927939 -0.237828497 0 0 0
B@CP 2087 0.318013875 -0.131434568 -0.255822119 0 0 0
B@CP 2091 0.322492711 0.108886828 -0.237713673 0 0 0
B@CP 2095 -0.109545699 0.216881685 0.309683672 0 0 0
B@CP 2103 0.0414188337 -0.0251198467 0.426135856 0 0 0
B@CP 2105 0.112748405 -0.182415167 0.197579672 0 0 0
B@CP 2109 -0.0191741367 -0.178342233 -0.0179799912 0 0 0
B@CP 2110 -0.292634882 0.259300294 0.0650391241 0 0 0
B@CP 2111 0.102170876 0.176316272 -0.189128332 0 0 0
B@CP 2113 0.097831908 0.176514159 0.326793345 0 0 0
B@CP 2114 0.02671518 0.132713834 0.284585748 0 0 0
B@CP 2115 -0.143703011 -0.149585175 0.165435792 0 0 0
B@CP 2117 -0.132376706 -0.242101545 0.0762296069 0 0 0
B@CP 2118 0.0396920493 0.297401747 0.193398118 0 0 0
B@CP 2119 -0.360815857 0.144464685 0.171123612 0 0 0
B@CP 2125 0.0442551415 0.380831382 -0.208514692 0 0 0
B@CP 2127 0.063314677 -0.301908766 -0.0274690047 0 0 0
B@CP 2130 0.36826017 -0.0922838821 0.272204421 0 0 0
B@CP 2131 -0.190528222 0.302441574 -0.118122759 0 0 0
B@CP 2133 -0.354933331 0.0365436926 -0.0197432687 0 0 0
B@CP 2134 -0.125834779 0.114380622 0.264570917 0 0 0
B@CP 2136 0.339708846 0.225713411 0.173282832 0 0 0
B@CP 2141 0.0524050484 0.156946218 -0.339174155 0 0 0
B@CP 2144 0.141876477 -0.129549692 -0.227335142 0 0 0
B@CP 2145 0.00507492955 -0.194051366 -0.29760425 0 0 0
B@CP 2149 -0.116696322 -0.391869895 0.0195599773 0 0 0
B@CP 2154 -0.0639352608 -0.141406685 0.384452472 0 0 0
B@CP 2161 0.106955161 0.0992325324 0.0441546898 0 0 0
B@CP 2164 -0.239122839 0.124656225 0.356652537 0 0 0
B@CP 2166 -0.0916585047 0.258243601 0.347192368 0 0 0
B@CP 2168 -0.195942067 -0.0527458226 0.231193513 0 0 0
B@CP 2169 -0.15302898 0.19220116 -0.193228441 0 0 0
B@CP 2175 -0.274656608 -0.0516279657 0.1033153 0 0 0
B@CP 2177 0.125311009 -0.100849764 0.0436041605 0 0 0
B@CP 2182 -0.333967059 -0.233716935 -0.10641835 0 0 0
B@CP 2186 0.0301955275 0.270952101 0.187407045 0 0 0
B@CP 2188 -0.24050001 -0.0882404975 0.0113074044 0 0 0
B@CP 2203 0.269210137 0.355195843 0.13692004 0 0 0
B@CP 2205 -0.39592608 -0.0726604209 0.158917193 0 0 0
B@CP 2207 0.174226031 -0.196411116 0.0236482714 0 0 0
B@CP 2208 -0.0996338413 0.25174668 -0.136260452 0 0 0
B@CP 2213 0.0294394866 0.459763814 0.0370689852 0 0 0
B@CP 2215 0.115837202 0.00483535188 -0.214313676 0 0 0
B@CP 2217 -0.114862517 0.0862294435 0.404437127 0 0 0
B@CP 2220 0.261231412 -0.00682399723 0.387537132 0 0 0
B@CP 2221 -0.215445705 0.27554485 -0.0811661615 0 0 0
B@CP 2222 0.220408869 -0.111173469 -0.0989005012 0 0 0
B@CP 2225 -0.204176218 0.279635437 0.0621729393 0 0 0
B@CP 2226 0.0101947781 0.426864798 -0.158285527 0 0 0
B@CP 2228 0.127209322 0.113859064 -0.298748638 0 0 0
B@CP 2230 -0.244920713 0.258621659 -0.0280346178 0 0 0
B@CP 2233 -0.186764198 0.201846322 -0.369483557 0 0 0
B@CP 2234 0.13915119 -0.0567916692 -0.32216898 0 0 0
B@CP 2248 0.305288649 -0.014142079 0.312514769 0 0 0
B@CP 2250 0.162383902 0.359788533 0.249076737 0 0 0
B@CP 2251 0.204106418 -0.0665936889 0.165406792 0 0 0
B@CP 2252 -0.0672206063 -0.127274157 0.202410286 0 0 0
B@CP 2254 -0.127559524 0.308016422 -0.0142298397 0 0 0
B@CP 2255 0.213034872 -0.364087258 0.180856381 0 0 0
B@CP 2256 -0.230608248 -0.339447386 0.207762056 0 0 0
B@CP 2263 0.0798135756 0.172427405 0.302621953 0 0 0
B@CP 2267 0.171562342 0.148709958 -0.00293281182 0 0 0
B@CP 2271 0.153600858 0.288526847 -0.130396761 0 0 0
B@CP 2272 0.116945681 0.0859035527 -0.423633927 0 0 0
B@CP 2273 -0.257608762 -0.189779306 -0.285494768 0 0 0
B@CP 2275 -0.191991122 -0.228072729 0.253201339 0 0 0
B@CP 2279 0.329937138 -0.194936331 0.0655264277 0 0 0
B@CP 2282 0.309583987 -0.141357849 0.214325014 0 0 0
B@CP 2284 0.330203077 0.173384768 -0.280728208 0 0 0
B@CP 2285 0.0684903065 -0.283678913 0.189179719 0 0 0
B@CP 2293 0.412282355 -0.0982924553 0.063158117 0 0 0
B@CP 2299 0.104712453 0.0711862312 -0.253032701 0 0 0
B@CP 2300 -0.208258948 0.247486123 0.307480137 0 0 0
B@CP 2301 -0.212762569 0.0134661253 -0.0216712231 0 0 0
B@CP 2303 -0.169413789 0.318994287 0.0752846717 0 0 0
B@CP 2305 -0.0107187935 -0.198188552 0.424379311 0 0 0
B@CP 2309 -0.113571103 0.36266137 -0.00638903667 0 0 0
B@CP 2313 0.137467147 0.139853379 0.0946723884 0 0 0
B@CP 2315 0.156731323 -0.00839150596 0.342661781 0 0 0
B@CP 2320 -0.284232267 0.369882122 -0.0526061119 0 0 0
B@CP 2325 0.0653702358 0.0435559649 -0.344049689 0 0 0
B@CP 2329 0.395388077 -0.123019344 0.212209213 0 0 0
B@CP 2331 0.0238567826 -0.10999826 -0.0390711084 0 0 0
B@CP 2332 0.362931855 0.0696837401 0.126767837 0 0 0
B@CP 2333 0.155459946 0.228206437 -0.0532962877 0 0 0
B@CP 2335 -0.264934136 0.0807045353 0.132544564 0 0 0
B@CP 2336 -0.0999689186 0.251201874 0.00878190791 0 0 0
B@CP 2340 -0.0934317744 -0.217269317 -0.157245175 0 0 0
B@CP 2343 -0.332070272 -0.147518376 0.0888445371 0 0 0
B@CP 2346 -0.0858998818 0.135647862 -0.0957148187 0 0 0
B@CP 2348 -0.360136541 0.131889881 0.217122417 0 0 0
B@CP 2350 0.188674553 -0.164949247 0.364348367 0 0 0
B@CP 2351 0.17142503 -0.16308171 -0.0743335627 0 0 0
B@CP 2356 0.219282807 0.0350175245 0.13664128 0 0 0
B@CP 2357 -0.160085969 0.237182156 0.160606475 0 0 0
B@CP 2359 -0.288406861 0.0210898751 0.112749179 0 0 0
B@CP 2363 0.352052902 0.110930578 0.0789436804 0 0 0
B@CP 2365 0.274656797 -0.0807713956 -0.062745044 0 0 0
B@CP 2368 0.302890864 0.215922498 0.220117054 0 0 0
B@CP 2369 0.293235938 0.144209225 -0.209154034 0 0 0
B@CP 2370 0.296273294 0.0221139225 0.128667085 0 0 0
B@CP 2372 -0.124541284 0.34115679 -0.130264241 0 0 0
B@CP 2373 -0.198319041 0.0471291397 0.404931728 0 0 0
B@CP 2376 0.160190347 0.272146608 0.0859408796 0 0 0
B@CP 2381 -0.29805994 -0.330368831 0.122378877 0 0 0
B@CP 2382 -0.172724449 -0.113783626 0.0882387895 0 0 0
B@CP 2383 0.192399155 0.0429200538 -0.162793998 0 0 0
B@CP 2386 0.0504987962 -0.226017024 -0.257019481 0 0 0
B@CP 2388 -0.000780976861 -0.0673199281 0.38947482 0 0 0
B@CP 2392 0.206828945 -0.156297539 0.398069193 0 0 0
B@CP 2395 -0.0125838926 0.00402322684 -0.488802105 0 0 0
B@CP 2397 0.0469634958 0.0903674106 -0.316628281 0 0 0
B@CP 2400 -0.0398319193 -0.0667068147 -0.0193492773 0 0 0
B@CP 2402 -0.163902701 -0.358157872 -0.0801852281 0 0 0
B@CP 2405 -0.282176126 -0.0996372576 -0.205399556 0 0 0
B@CP 2411 -0.0885471023 0.181338258 -0.108994972 0 0 0
B@CP 2413 -0.43040727 -0.0265620509 -0.102278124 0 0 0
B@CP 2416 -0.384821236 -0.05753001 -0.181555193 0 0 0
B@CP 2421 -0.10577496 -0.243588944 0.32317212 0 0 0
B@CP 2437 0.0278892378 -0.187754219 -0.342226157 0 0 0
B@CP 2441 -0.126842592 0.247954716 -0.268940432 0 0 0
B@CP 2456 0.239494671 0.0641188254 0.0157406359 0 0 0
B@CP 2457 -0.287583922 0.235180306 0.143576768 0 0 0
B@CP 2459 -0.382428688 -0.116935814 0.107888574 0 0 0
B@CP 2460 -0.0463288551 -0.439444007 0.101865221 0 0 0
B@CP 2461 0.0411190523 0.195546122 0.205325463 0 0 0
B@CP 2462 -0.258491482 -0.179012571 -0.242911446 0 0 0
B@CP 2467 0.193366064 0.118678111 -0.348161004 0 0 0
B@CP 2471 0.31063586 -0.0615043864 -0.304960956 0 0 0
B@CP 2475 -0.159659681 -0.336048876 -0.258738916 0 0 0
B@CP 2477 -0.240059616 -0.124735002 -0.314536488 0 0 0
B@CP 2481 0.417079191 0.156701446 0.0312892395 0 0 0
B@CP 2487 -0.0418617131 -0.362637899 0.117697473 0 0 0
B@CP 2492 -0.16288074 -0.101869476 -0.264980374 0 0 0
C@CP 2500 -0.23143898 0.0687419738 -0.100531269 0 0 0
C@CP 2501 -0.059129302 -0.330472581 0.00501310356 0 0 0
C@CP 2502 0.228571492 0.0429773824 0.288318319 0 0 0
C@CP 2503 0.09306127 -0.178064918 -0.187533737 0 0 0
C@CP 2504 -0.088406631 0.30690692 -0.29335405 0 0 0
C@CP 2505 0.0306736306 -0.261958942 0.197843574 0 0 0
C@CP 2506 -0.176163688 0.210085631 -0.266586069 0 0 0
C@CP 2507 0.28148959 0.112246092 -0.0639295496 0 0 0
C@CP 2508 -0.130478732 0.194524704 0.385089982 0 0 0
C@CP 2509 -0.109927823 -0.0227258959 0.270342537 0 0 0
C@CP 2510 -0.38601468 0.0487135346 0.0541560671 0 0 0
C@CP 2511 0.177175949 0.232120407 -0.302410795 0 0 0
C@CP 2512 -0.0199227231 0.30219683 -0.139030877 0 0 0
C@CP 2513 0.125460881 0.37820352 0.150678413 0 0 0
C@CP 2514 -0.0275068998 -0.306803259 0.120022906 0 0 0
C@CP 2515 -0.260130179 -0.282113355 0.0117420892 0 0 0
C@CP 2516 -0.184518367 -0.18883227 0.190557233 0 0 0
C@CP 2517 -0.0200594076 -0.179174957 0.138050424 0 0 0
C@CP 2518 0.177738326 0.145512342 -0.156785235 0 0 0
C@CP 2519 -0.115271076 -0.0707684013 0.361239438 0 0 0
C@CP 2520 0.259680956 0.110872539 -0.117171255 0 0 0
C@CP 2521 0.285657625 -0.147576601 0.227357768 0 0 0
C@CP 2522 -0.21851932 0.01360855 -0.274225814 0 0 0
C@CP 2523 0.187703413 -0.376174693 -0.084362944 0 0 0
C@CP 2524 -0.0494688978 -0.0757662676 0.219287235 0 0 0
C@CP 2525 0.254118173 -0.183129537 0.354630839 0 0 0
C@CP 2526 0.407253941 0.168524978 -0.117727513 0 0 0
C@CP 2527 0.163832286 -0.137674698 0.170497087 0 0 0
C@CP 2528 -0.162418466 0.0688295024 -0.0650471617 0 0 0
C@CP 2529 -0.0633020573 -0.124797893 -0.0622674833 0 0 0
C@CP 2530 0.167859793 -0.189225775 -0.328592641 0 0 0
C@CP 2531 0.0541624978 0.437301857 -0.145934459 0 0 0
C@CP 2532 -0.0578521313 -0.0296144324 0.156972908 0 0 0
C@CP 2533 -0.396501249 0.00239607485 0.185237972 0 0 0
C@CP 2534 -0.0837412268 0.275349321 0.28158618 0 0 0
C@CP 2535 0.255905458 0.20951943 0.256431953 0 0 0
C@CP 2536 -0.324026838 -0.222687953 -0.215389729 0 0 0
C@CP 2537 -0.32158993 0.00869591223 0.0189583058 0 0 0
C@CP 2538 -0.0379484201 -0.114848476 -0.0645973052 0 0 0
C@CP 2539 -0.157783316 0.096460628 0.356099672 0 0 0
C@CP 2540 0.0695280787 -0.123337468 -0.250773486 0 0 0
C@CP 2541 -0.0253821282 -0.171418903 0.0776438279 0 0 0
C@CP 2542 -0.173104678 -0.0723231206 -0.400100278 0 0 0
C@CP 2543 0.304043048 0.0292344174 0.0637327506 0 0 0
C@CP 2544 0.302186304 0.0475555167 -0.0960585972 0 0 0
C@CP 2545 -0.132263061 0.0235443265 0.409439286 0 0 0
C@CP 2546 -0.172600107 0.274462734 -0.13895152 0 0 0
C@CP 2547 -0.158978944 0.320424314 0.226164905 0 0 0
C@CP 2548 -0.194358719 -0.0243091538 0.141430014 0 0 0
C@CP 2549 -0.158498338 -0.0918062022 -0.0571732096 0 0 0
C@CP 2550 0.0635798454 0.20445777 0.0312488606 0 0 0
C@CP 2551 0.134228548 -0.143243718 -0.235799944 0 0 0
C@CP 2552 0.158102011 0.256453547 -0.109207857 0 0 0
C@CP 2553 0.217703901 0.287161358 -0.0982694385 0 0 0
C@CP 2554 0.0525401945 -0.0113517241 0.144783035 0 0 0
C@CP 2555 0.186062878 -0.0846782935 0.387214197 0 0 0
C@CP 2556 0.126072112 -0.0816995111 0.208945285 0 0 0
C@CP 2557 0.257825148 0.261917611 -0.124605309 0 0 0
C@CP 2558 -0.288302201 0.0924899222 0.335925226 0 0 0
C@CP 2559 0.00762313642 0.0917991993 -0.206589527 0 0 0
C@CP 2560 0.194980043 -0.140561831 -0.291089391 0 0 0
C@CP 2561 0.0844288775 0.283759112 -0.289181993 0 0 0
C@CP 2562 0.145088095 -0.0227992682 0.356675574 0 0 0
C@CP 2563 0.149025053 0.194116805 0.112267389 0 0 0
C@CP 2564 -0.212964595 0.256150127 0.169997539 0 0 0
C@CP 2565 0.228779419 0.331921819 -0.0766478213 0 0 0
C@CP 2566 0.283951041 0.121892579 0.262893934 0 0 0
C@CP 2567 -0.0269833271 0.0546178951 0.384874896 0 0 0
C@CP 2568 -0.0177687735 -0.011421732 -0.374641984 0 0 0
C@CP 2569 0.182902182 -0.17457107 -0.0109160336 0 0 0
C@CP 2570 -0.119506322 -0.424259515 0.0144291952 0 0 0
C@CP 2571 0.313904594 -0.0443358168 0.103118717 0 0 0
C@CP 2572 -0.089786302 -0.344927483 -0.0755311947 0 0 0
C@CP 2573 -0.171304016 0.329154039 0.0381124753 0 0 0
C@CP 2574 0.0155254603 0.0921394067 0.00806182533 0 0 0
C@CP 2575 0.369429315 -0.106094613 -0.0634678143 0 0 0
C@CP 2576 0.432643336 0.0107810204 0.045739754 0 0 0
C@CP 2577 0.324058705 -0.00152637078 -0.0316792017 0 0 0
C@CP 2578 0.0044032227 -0.294405144 -0.202606139 0 0 0
C@CP 2579 0.267751711 -0.391953227 -0.02825394 0 0 0
C@CP 2580 0.0728361192 0.0388171259 -0.374530837 0 0 0
C@CP 2581 -0.123477192 0.22174137 0.349166608 0 0 0
C@CP 2582 0.106458993 0.0432309727 -0.438478009 0 0 0
C@CP 2583 0.0460219531 -0.116327058 -0.386880066 0 0 0
C@CP 2584 -0.0731096671 -0.296921411 -0.229359301 0 0 0
C@CP 2585 -0.119620803 0.359351612 0.256835545 0 0 0
C@CP 2586 -0.17023599 0.0456866246 -0.0816574525 0 0 0
C@CP 2587 0.0529490046 -0.0687668341 -0.443968062 0 0 0
C@CP 2588 -0.214827236 -0.0619996074 -0.230527808 0 0 0
C@CP 2589 -0.195435794 -0.207480895 -0.0432126508 0 0 0
C@CP 2590 -0.160178454 0.166467116 0.245010691 0 0 0
C@CP 2591 0.292528926 -0.0829961128 0.155296541 0 0 0
C@CP 2592 0.349613062 0.0926116734 0.254084295 0 0 0
C@CP 2593 0.00234836571 0.0134299746 0.132601384 0 0 0
C@CP 2594 -0.303160857 -0.0923821215 -0.232607913 0 0 0
C@CP 2595 -0.120706912 0.178676001 -0.028254827 0 0 0
C@CP 2596 -0.265873345 0.269453372 0.0758886258 0 0 0
C@CP 2597 -0.310187591 -0.0516538745 -0.20173947 0 0 0
C@CP 2598 -0.342789121 0.11030942 -0.156522993 0 0 0
C@CP 2599 -0.049458443 -0.278922922 0.202859294 0 0 0
C@CP 2600 0.1942061 -0.237270536 -0.0212178144 0 0 0
C@CP 2601 0.221776988 -0.210257258 0.158470569 0 0 0
C@CP 2602 -0.231120674 -0.0507855985 -0.203984073 0 0 0
C@CP 2603 -0.476347311 0.0363801573 -0.0222104121 0 0 0
C@CP 2604 -0.319494861 -0.249251044 -0.110441122 0 0 0
C@CP 2605 0.196730342 -0.301953981 0.0682318795 0 0 0
C@CP 2606 -0.416142758 -0.195697085 -0.077295432 0 0 0
C@CP 2607 -0.360926408 0.238069239 0.0190724653 0 0 0
C@CP 2608 -0.0428620375 -0.311019872 -0.231221763 0 0 0
C@CP 2609 -0.207190702 0.145541303 -0.260277623 0 0 0
C@CP 2610 0.365663454 -0.121686188 -0.00863050936 0 0 0
C@CP 2611 0.252014123 -0.0671951656 -0.239780843 0 0 0
C@CP 2612 -0.202987209 0.106561076 0.10514249 0 0 0
C@CP 2613 0.307370822 0.352004857 -0.039501716 0 0 0
C@CP 2614 -0.0428087022 0.222824832 -0.00916953766 0 0 0
C@CP 2615 0.0411991168 0.193480594 0.0388294935 0 0 0
C@CP 2616 -0.114779218 0.180654875 0.246542367 0 0 0
C@CP 2617 -0.295138321 -0.177447401 0.117507994 0 0 0
C@CP 2618 0.278261959 -0.103045592 0.188216557 0 0 0
C@CP 2619 -0.0666161467 -0.12541013 0.19667028 0 0 0
C@CP 2620 -0.120081274 -0.219678401 -0.085200308 0 0 0
C@CP 2621 0.217261594 -0.0789966956 -0.224059909 0 0 0
C@CP 2622 0.136766836 0.203679734 0.405934867 0 0 0
C@CP 2623 0.0761028075 -0.0826987234 0.413223144 0 0 0
C@CP 2624 -0.0296382637 -0.0480922384 0.366186861 0 0 0
C@CP 2625 0.241429696 -0.187523438 -0.033865267 0 0 0
C@CP 2626 0.274599549 0.183595943 -0.30767788 0 0 0
C@CP 2627 -0.397260378 0.181653101 0.148945875 0 0 0
C@CP 2628 0.251681556 -0.0123720326 0.0100327674 0 0 0
C@CP 2629 -0.178804575 -0.331792226 0.123989642 0 0 0
C@CP 2630 -0.0515830395 -0.0968738001 0.421153756 0 0 0
C@CP 2631 -0.102873395 0.392583788 -0.130937057 0 0 0
C@CP 2632 -0.30518502 -0.108941165 0.0605503901 0 0 0
C@CP 2633 0.257295994 -0.208477608 -0.125236425 0 0 0
C@CP 2634 0.233385998 0.33366217 -0.212292324 0 0 0
C@CP 2635 0.240033344 0.0548855805 -0.0935219202 0 0 0
C@CP 2636 0.0593826024 0.346490633 -0.204881449 0 0 0
C@CP 2637 -0.147166076 0.242832746 -0.335359619 0 0 0
C@CP 2638 -0.235906598 0.0389883734 -0.0186063402 0 0 0
C@CP 2639 -0.00981400408 0.128668354 0.246578239 0 0 0
C@CP 2640 0.0933207081 0.167222598 0.174070016 0 0 0
C@CP 2641 -0.210057367 -0.157488981 0.217824964 0 0 0
C@CP 2642 0.0797554573 0.342759838 0.16913572 0 0 0
C@CP 2643 0.110261309 0.0924263969 -0.341650915 0 0 0
C@CP 2644 -0.262141198 -0.269593469 0.0373622366 0 0 0
C@CP 2645 0.305585932 0.197836556 -0.171567218 0 0 0
C@CP 2646 0.0923151641 -0.0873217933 0.380615054 0 0 0
C@CP 2647 0.105365547 -0.244585058 -0.121909654 0 0 0
C@CP 2648 -0.325744912 -0.287978198 0.135174174 0 0 0
C@CP 2649 0.081006561 -0.110261012 0.0913454928 0 0 0
C@CP 2650 -0.280949257 -0.237750609 -0.243755127 0 0 0
C@CP 2651 0.0752274026 -0.381534908 -0.121244326 0 0 0
C@CP 2652 0.359803691 0.0528075989 -0.119796117 0 0 0
C@CP 2653 -0.0629215261 -0.352606167 0.135452805 0 0 0
C@CP 2654 0.201460318 0.00276499585 0.309827192 0 0 0
C@CP 2655 0.00221925009 0.168848511 0.313019295 0 0 0
C@CP 2656 -0.129961013 0.358268764 0.026345717 0 0 0
C@CP 2657 -0.214567245 0.0202409965 0.317287378 0 0 0
C@CP 2658 -0.230698943 0.109051812 0.106218943 0 0 0
C@CP 2659 -0.0513298069 -0.144182076 -0.203662347 0 0 0
C@CP 2660 0.0551891493 0.325818081 0.268960822 0 0 0
C@CP 2662 0.248455276 -0.0829414876 0.343461066 0 0 0
C@CP 2663 0.232880325 -0.106533555 0.0516432785 0 0 0
C@CP 2664 0.0228031062 0.329426858 0.15625585 0 0 0
C@CP 2665 -0.221777044 0.10796967 -0.208650393 0 0 0
C@CP 2666 -0.151460782 -0.158654755 -0.0597581879 0 0 0
C@CP 2667 -0.267003219 -0.0539966183 0.118601508 0 0 0
C@CP 2668 -0.282946441 -0.00252156003 -0.357510997 0 0 0
C@CP 2669 -0.136736703 0.207458666 0.172184994 0 0 0
C@CP 2670 0.239737828 0.126030925 0.217283424 0 0 0
C@CP 2671 0.0773120322 -0.404723664 -0.183482444 0 0 0
C@CP 2672 -0.0973051225 0.158066865 0.328418354 0 0 0
C@CP 2673 -0.45349868 -0.0688789466 -0.0515422437 0 0 0
C@CP 2674 0.0347422561 -0.424257418 -0.109364702 0 0 0
C@CP 2675 -0.144778463 -0.0100350946 -0.359587695 0 0 0
C@CP 2676 -0.017444578 -0.228281475 -0.122891931 0 0 0
C@CP 2677 -0.419471621 0.133247798 0.0633321582 0 0 0
C@CP 2678 0.32373857 0.240596525 0.0763829832 0 0 0
C@CP 2679 0.110223739 0.325249986 -0.00804516339 0 0 0
C@CP 2680 -0.226519469 -0.0275596585 -0.392433778 0 0 0
C@CP 2681 -0.0667563975 0.296567143 0.204679267 0 0 0
C@CP 2682 -0.265392406 -0.18604748 0.0710947098 0 0 0
C@CP 2683 0.290320421 0.311027062 -0.0210273054 0 0 0
C@CP 2684 0.0140598374 -0.321553631 -0.310618726 0 0 0
C@CP 2685 -0.150298579 -0.0320669863 -0.274629983 0 0 0
C@CP 2686 -0.204111213 -0.296917432 -0.0695762465 0 0 0
C@CP 2687 0.072032206 -0.349719548 0.182946765 0 0 0
C@CP 2688 -0.0739156932 0.200667595 -0.397622341 0 0 0
C@CP 2689 -0.239876351 0.117691305 -0.383103773 0 0 0
C@CP 2690 -0.285099319 -0.0842088866 -0.0196624332 0 0 0
C@CP 2691 0.0304105243 0.39299163 0.101688116 0 0 0
C@CP 2692 -0.278259991 -0.256914387 0.0866131427 0 0 0
C@CP 2693 0.328427027 -0.0277362849 -0.303458116 0 0 0
C@CP 2694 0.0366406734 -0.0454416349 -0.0053579937 0 0 0
C@CP 2695 -0.258600932 -0.392212356 -0.019250396 0 0 0
C@CP 2696 -0.0298335788 -0.219691029 -0.402576757 0 0 0
C@CP 2697 -0.315806144 -0.19524709 0.213101985 0 0 0
C@CP 2698 -0.115151467 0.334146648 0.181908135 0 0 0
C@CP 2699 0.241000187 0.0989133329 0.163069905 0 0 0
C@CP 2700 -0.304482771 0.106873132 -0.269460568 0 0 0
C@CP 2701 -0.137349476 -0.233126472 -0.35568549 0 0 0
C@CP 2702 0.23226369 0.154002431 0.26158704 0 0 0
C@CP 2703 -0.157371081 0.338601994 -0.0526659162 0 0 0
C@CP 2704 0.27765243 0.13012992 0.0508649391 0 0 0
C@CP 2705 -0.131394628 -0.205448998 0.104023191 0 0 0
C@CP 2706 0.340939435 0.0229703529 0.213339593 0 0 0
C@CP 2707 0.0144441987 0.252423685 0.176518941 0 0 0
C@CP 2708 0.144174629 -0.288461817 -0.215603241 0 0 0
C@CP 2709 -0.347231869 0.045492072 0.0972703261 0 0 0
C@CP 2710 0.222316563 0.135667839 0.1795835 0 0 0
C@CP 2711 0.133166335 0.135903733 0.15230909 0 0 0
C@CP 2712 -0.115226495 -0.0364392937 -0.0974194715 0 0 0
C@CP 2713 0.338368153 -0.0516777545 0.242689813 0 0 0
C@CP 2714 -0.0646522448 0.0244618047 -0.283518554 0 0 0
C@CP 2715 0.324598085 0.00510112365 0.230911007 0 0 0
C@CP 2716 0.220635824 -0.0568561716 0.325512312 0 0 0
C@CP 2717 -0.226523956 0.151912411 0.0827772805 0 0 0
C@CP 2718 0.14702041 0.0555824799 0.00986657374 0 0 0
C@CP 2719 0.448529605 -0.0541788045 -0.0285609859 0 0 0
C@CP 2720 0.156515894 0.301223034 -0.313592056 0 0 0
C@CP 2721 -0.128391681 -0.234787256 -0.0706058426 0 0 0
C@CP 2722 -0.300731029 0.0560341694 -0.326442928 0 0 0
C@CP 2723 -0.142859897 -0.330520656 -0.0926035794 0 0 0
C@CP 2724 -0.415191259 -0.102095289 -0.121874097 0 0 0
C@CP 2725 0.287806253 -0.0559206659 0.107275497 0 0 0
C@CP 2726 -0.364509758 0.0767592544 0.029263276 0 0 0
C@CP 2727 0.0544840921 0.33056512 -0.2748178 0 0 0
C@CP 2728 -0.271023884 -0.302258011 -0.156749406 0 0 0
C@CP 2729 0.267539603 -0.355939311 -0.0095357639 0 0 0
C@CP 2730 0.203685197 -0.323450393 0.0254387194 0 0 0
C@CP 2731 -0.286064439 0.125920737 0.0967529596 0 0 0
C@CP 2732 0.00538840496 -0.262734034 -0.363046371 0 0 0
C@CP 2733 0.202818429 0.137638646 -0.399220308 0 0 0
C@CP 2734 -0.08063865 -0.238034827 -0.297047416 0 0 0
C@CP 2735 -0.0889375285 0.11486238 0.0130844107 0 0 0
C@CP 2736 -0.210799735 0.0753338705 -0.289992905 0 0 0
C@CP 2737 0.00924922884 -0.296155083 -0.186741761 0 0 0
C@CP 2738 0.123118397 -0.105733687 -0.169859699 0 0 0
C@CP 2739 0.0130816704 0.106255025 0.315570578 0 0 0
C@CP 2740 0.298520651 -0.161012996 0.0942294585 0 0 0
C@CP 2741 0.14232076 0.132057685 0.116410574 0 0 0
C@CP 2742 0.442714436 -0.119579468 0.0178964666 0 0 0
C@CP 2743 0.342633659 0.0847199239 0.175096494 0 0 0
C@CP 2744 -0.17981051 0.148898951 -0.409385269 0 0 0
C@CP 2745 -0.280893769 0.179218072 -0.0759822624 0 0 0
C@CP 2746 0.228909407 -0.181582682 0.105773125 0 0 0
C@CP 2747 -0.359324734 0.257913797 0.0575441516 0 0 0
C@CP 2748 0.120582895 0.0742791171 -0.41347315 0 0 0
C@CP 2749 0.0857185561 -0.014268429 -0.403236359 0 0 0
C@CP 2750 0.393416789 -0.11567928 -0.102277774 0 0 0
C@CP 2751 0.368813991 -0.171498733 0.0738357345 0 0 0
C@CP 2752 0.448521806 -0.0691228018 -0.0259545082 0 0 0
C@CP 2753 -0.0130119315 -0.173478278 0.102046275 0 0 0
C@CP 2754 0.247072922 0.140900604 0.0806348501 0 0 0
C@CP 2755 -0.0150422524 0.0605493803 0.275620311 0 0 0
C@CP 2756 0.0459604059 -0.208824825 0.351970089 0 0 0
C@CP 2757 -0.138213205 -0.195550163 -0.213473217 0 0 0
C@CP 2758 0.30800485 0.302543534 -0.114245818 0 0 0
C@CP 2759 -0.0634463748 -0.223222236 0.036020638 0 0 0
C@CP 2760 0.0371907251 -0.107856487 -0.228021628 0 0 0
C@CP 2761 0.271914698 0.307126381 -0.219391878 0 0 0
C@CP 2762 -0.170396904 -0.0125874873 -0.342674565 0 0 0
C@CP 2763 -0.171700616 0.153665653 -0.200796704 0 0 0
C@CP 2764 -0.170445371 -0.0980437296 0.298481727 0 0 0
C@CP 2765 -0.190643141 -0.329191265 0.0822004284 0 0 0
C@CP 2766 0.0333015503 -0.444368524 0.0459202474 0 0 0
C@CP 2767 0.0860078707 -0.147923578 0.00913496845 0 0 0
C@CP 2768 -0.265626076 0.098719405 0.0349316198 0 0 0
C@CP 2769 0.204392958 0.260980627 -0.0861917943 0 0 0
C@CP 2770 0.179671973 0.2884926 -0.0449518297 0 0 0
C@CP 2771 0.391338365 -0.163879592 0.200374757 0 0 0
C@CP 2772 -0.433792135 -0.0715813426 -0.0934540707 0 0 0
C@CP 2773 0.1330691 -0.038969589 -0.242842887 0 0 0
C@CP 2774 -0.134950373 0.173976916 0.354657657 0 0 0
C@CP 2775 -0.270200293 -0.192809542 0.0572303976 0 0 0
C@CP 2776 0.174703988 0.0403744667 0.329283945 0 0 0
C@CP 2777 0.224622319 -0.148358841 -0.290212007 0 0 0
C@CP 2778 -0.218531364 0.060703422 0.0051713087 0 0 0
C@CP 2779 0.0664843441 0.329661804 0.199481991 0 0 0
C@CP 2780 0.372967253 0.0831906233 0.0600975988 0 0 0
C@CP 2781 0.379816438 0.235787561 0.0574732341 0 0 0
C@CP 2782 0.0950365837 0.175596677 0.153848603 0 0 0
C@CP 2783 -0.335237877 0.138172305 -0.222775382 0 0 0
C@CP 2784 -0.0875081434 0.12552829 0.288345238 0 0 0
C@CP 2785 -0.370221125 -0.262189405 0.137645407 0 0 0
C@CP 2786 -0.354304917 0.0398718129 0.138978748 0 0 0
C@CP 2787 0.162406039 0.237801851 -0.0925581344 0 0 0
C@CP 2788 0.0528937647 -0.00474022618 -0.0235867137 0 0 0
C@CP 2789 0.213162067 -0.0223801592 -0.304722102 0 0 0
C@CP 2790 0.023766254 0.230702741 -0.325259947 0 0 0
C@CP 2791 0.239181333 -0.226367502 0.329711653 0 0 0
C@CP 2792 0.220720438 0.157745409 0.372943022 0 0 0
C@CP 2793 0.280483124 0.00129741644 0.184983275 0 0 0
C@CP 2794 -0.00471710838 -0.0583850369 -0.181685394 0 0 0
C@CP 2795 0.369595128 -0.0248759969 -0.182706956 0 0 0
C@CP 2796 0.0502176843 0.202504572 0.061838151 0 0 0
C@CP 2797 0.192719937 0.0364412913 -0.297156803 0 0 0
C@CP 2798 -0.0590395704 0.325234157 -0.217751598 0 0 0
C@CP 2799 0.396197401 -0.0631773924 -0.173481819 0 0 0
C@CP 2800 -0.240036381 0.186568142 0.284764811 0 0 0
C@CP 2801 0.272568906 -0.303317248 0.180373557 0 0 0
C@CP 2802 -0.0920858391 -0.199483493 -0.273888407 0 0 0
C@CP 2803 -0.113158837 -0.0227143253 0.308156279 0 0 0
C@CP 2804 0.118729749 -0.16625028 0.119534376 0 0 0
C@CP 2805 -0.14523634 -0.165709954 -0.305467719 0 0 0
C@CP 2806 -0.234534846 -0.245974735 0.222988595 0 0 0
C@CP 2807 0.0370365313 0.209073339 0.0621134444 0 0 0
C@CP 2808 -0.126491812 -0.0597386746 -0.41439203 0 0 0
C@CP 2809 0.0668106813 0.423112332 0.154649643 0 0 0
C@CP 2810 -0.223857765 0.118882208 -0.113292883 0 0 0
C@CP 2811 -0.0753309847 -0.303333956 -0.131727253 0 0 0
C@CP 2812 -0.218360933 0.00691627647 0.149337786 0 0 0
C@CP 2813 0.0405555094 -0.0135634284 0.245161479 0 0 0
C@CP 2814 -0.302387094 -0.224259768 -0.035769123 0 0 0
C@CP 2815 -0.185149599 -0.0365302566 -0.294504446 0 0 0
C@CP 2816 -0.023630785 -0.0443888314 0.355707681 0 0 0
C@CP 2817 0.394129688 -0.237330486 0.0390580809 0 0 0
C@CP 2818 0.0337970633 -0.0219618923 0.336962316 0 0 0
C@CP 2819 -0.162428613 0.296828014 -0.0768109682 0 0 0
C@CP 2820 0.350580821 0.0790830956 0.0498569477 0 0 0
C@CP 2821 0.0532159673 -0.0103844985 -0.18646532 0 0 0
C@CP 2822 0.0312380364 0.177273813 -0.0305943729 0 0 0
C@CP 2823 -0.393130506 -0.205966523 -0.106248252 0 0 0
C@CP 2824 0.0795793828 0.235817542 -0.271932366 0 0 0
C@CP 2825 0.143845719 -0.275781626 0.0742634788 0 0 0
C@CP 2826 0.092375155 -0.310499061 -0.208084205 0 0 0
C@CP 2827 -0.00478460897 0.256682633 0.194743781 0 0 0
C@CP 2828 0.126899522 -0.162787254 -0.258241071 0 0 0
C@CP 2829 -0.147938751 0.426450865 -0.0087165312 0 0 0
C@CP 2830 0.17443043 -0.187192964 -0.0267012093 0 0 0
C@CP 2831 0.102422196 -0.0443303243 0.265555692 0 0 0
C@CP 2832 -0.415725137 0.0962230081 0.0692616025 0 0 0
C@CP 2833 0.269610147 -0.0604573343 -0.0310973361 0 0 0
C@CP 2834 -0.100812199 0.162761494 0.20850655 0 0 0
C@CP 2835 0.115085768 0.226918242 0.0431639405 0 0 0
C@CP 2836 0.248635834 -0.168757244 -0.0477218373 0 0 0
C@CP 2837 -0.146933259 -0.297328535 -0.314886152 0 0 0
C@CP 2838 -0.324202621 0.138134281 -0.143371469 0 0 0
C@CP 2839 -0.29471475 -0.119415515 -0.0722861541 0 0 0
C@CP 2840 0.217710983 0.393945502 -0.0643804191 0 0 0
C@CP 2841 0.136189877 0.344781426 -0.248345548 0 0 0
C@CP 2842 0.240108489 0.1767203 -0.00230248441 0 0 0
C@CP 2843 -0.0843165762 -0.217749121 -0.113381656 0 0 0
C@CP 2844 -0.0893726486 -0.0309035689 0.119309058 0 0 0
C@CP 2845 0.0130165518 0.444160253 -0.0290886249 0 0 0
C@CP 2846 -0.119215933 -0.437728174 -0.0615588601 0 0 0
C@CP 2847 -0.216212538 0.141479792 -0.161596145 0 0 0
C@CP 2848 -0.157422485 0.279448303 -0.115374862 0 0 0
C@CP 2849 0.289109919 0.2926655 0.145563632 0 0 0
C@CP 2850 0.0200576349 0.277504728 -0.233312021 0 0 0
C@CP 2851 -0.262717866 -0.0160492453 0.235219393 0 0 0
C@CP 2852 -0.111496907 -0.370758676 0.11789356 0 0 0
C@CP 2853 -0.155796858 0.167563551 -0.0138788722 0 0 0
C@CP 2854 -0.339598807 0.146049326 0.196860537 0 0 0
C@CP 2855 -0.165772322 -0.0884771114 0.381731703 0 0 0
C@CP 2856 0.195946509 -0.0984692163 0.301762177 0 0 0
C@CP 2857 0.366887865 -0.0477731156 -0.0654818909 0 0 0
C@CP 2858 -0.106101266 0.0361531205 -0.286974473 0 0 0
C@CP 2859 0.166367391 -0.369973776 0.128937393 0 0 0
C@CP 2860 -0.181785864 -0.310523877 0.215554366 0 0 0
C@CP 2861 -0.251981661 -0.289969438 -0.0785942717 0 0 0
C@CP 2862 -0.0878443272 -0.0241953471 0.202396861 0 0 0
C@CP 2863 -0.368396297 -0.0146963295 -0.294108525 0 0 0
C@CP 2864 0.0427226945 0.112931673 -0.00510748232 0 0 0
C@CP 2865 -0.166139192 0.13935855 0.131263981 0 0 0
C@CP 2866 -0.0181566063 -0.437769625 0.138161087 0 0 0
C@CP 2867 0.187528454 -0.114052006 0.400079942 0 0 0
C@CP 2868 -0.104765824 0.101363682 0.00493444765 0 0 0
C@CP 2869 0.324346289 -0.145611056 -0.287669315 0 0 0
C@CP 2870 -0.232855141 -0.04695011 -0.00292451811 0 0 0
C@CP 2871 0.154254193 0.106828652 -0.151532337 0 0 0
C@CP 2872 -0.0882217218 -0.191324798 -0.396533236 0 0 0
C@CP 2873 -0.362324654 0.0532774436 0.303206773 0 0 0
C@CP 2874 -0.292106128 -0.217051881 -0.241874005 0 0 0
C@CP 2875 -0.127035461 0.298292432 -0.275463231 0 0 0
C@CP 2876 0.0697652605 -0.428047919 0.0838794859 0 0 0
C@CP 2877 -0.18479685 -0.15482975 0.116631257 0 0 0
C@CP 2878 -0.297474336 0.319158538 -0.169896872 0 0 0
C@CP 2879 -0.236606639 0.177378434 0.129900005 0 0 0
C@CP 2880 0.383759796 0.0912327564 -0.21791839 0 0 0
C@CP 2881 0.208519204 0.36359257 0.193365449 0 0 0
C@CP 2882 0.183605349 0.261391326 0.30733479 0 0 0
C@CP 2883 -0.154756982 0.154455219 0.143798464 0 0 0
C@CP 2884 0.194731554 0.242764417 -0.231931718 0 0 0
C@CP 2885 -0.183585213 -0.237277992 0.267900979 0 0 0
C@CP 2886 -0.291758539 0.210935492 -0.261712457 0 0 0
C@CP 2887 0.126384243 0.377621145 -0.0654727355 0 0 0
C@CP 2888 0.159398488 0.225496763 0.149881193 0 0 0
C@CP 2889 0.376697637 0.0175865818 -0.281075016 0 0 0
C@CP 2890 0.049038783 0.435154156 0.100660936 0 0 0
C@CP 2891 0.0378595342 -0.231598859 0.250255277 0 0 0
C@CP 2892 0.047579526 0.0646342581 0.023084523 0 0 0
C@CP 2893 0.191364036 -0.034713566 -0.322957866 0 0 0
C@CP 2894 0.396287613 -0.0936662896 0.0072643573 0 0 0
C@CP 2895 -0.208008003 0.198240742 0.198170087 0 0 0
C@CP 2896 0.211183919 0.307030171 0.103178203 0 0 0
C@CP 2897 -0.118604831 -0.130367211 -0.0264245866 0 0 0
C@CP 2898 0.0428436094 -0.0105150356 0.125835211 0 0 0
C@CP 2899 0.0106821284 0.415023482 0.0556823699 0 0 0
C@CP 2900 -0.163359283 -0.0551710294 0.207603366 0 0 0
C@CP 2901 0.140509711 -0.17394927 0.121242448 0 0 0
C@CP 2902 -0.171563013 0.147013623 0.0820309055 0 0 0
C@CP 2903 -0.157621966 -0.392886478 -0.176932811 0 0 0
C@CP 2904 -0.0282134853 0.0492787647 -0.0782529711 0 0 0
C@CP 2905 -0.0896966239 -0.396555796 0.11954133 0 0 0
C@CP 2906 -0.194170573 -0.0551335653 0.336980106 0 0 0
C@CP 2907 -0.0365282303 -0.292870492 0.131004413 0 0 0
C@CP 2908 0.375825828 0.133807951 -0.200389519 0 0 0
C@CP 2909 -0.36257998 0.25990119 -0.0437419955 0 0 0
C@CP 2910 0.107675035 -0.0875795737 0.39855914 0 0 0
C@CP 2911 0.0422533418 0.0635597918 -0.362250234 0 0 0
C@CP 2912 -0.281577551 0.257890643 0.121631729 0 0 0
C@CP 2913 0.227027135 -0.0859728828 0.164624938 0 0 0
C@CP 2914 0.252977662 -0.121961212 0.389111812 0 0 0
C@CP 2915 0.208350886 -0.321544896 0.255246755 0 0 0
C@CP 2916 -0.0568641999 0.0544519402 -0.390340088 0 0 0
C@CP 2917 0.405624831 -0.121748087 0.117265673 0 0 0
C@CP 2918 0.141528471 0.327231413 0.0330827142 0 0 0
C@CP 2919 0.0296413389 -0.162515319 -0.0587589677 0 0 0
C@CP 2920 0.0298541159 0.206752678 0.00858549905 0 0 0
C@CP 2921 0.25960101 -0.190997352 0.284442799 0 0 0
C@CP 2922 -0.358049394 -0.249722111 -0.0236810905 0 0 0
C@CP 2923 -0.103742782 -0.306453482 0.110915051 0 0 0
C@CP 2924 -0.0817813342 0.395110589 0.120430249 0 0 0
C@CP 2925 0.358509547 -0.257041525 0.0666592188 0 0 0
C@CP 2926 0.0951909184 0.284931939 -0.264617237 0 0 0
C@CP 2927 0.0768304754 0.0230713143 0.194030216 0 0 0
C@CP 2928 -0.0393293368 0.0463992806 0.151512009 0 0 0
C@CP 2929 0.100570057 0.127530824 0.385005253 0 0 0
C@CP 2930 0.100466165 0.381916803 0.0180190358 0 0 0
C@CP 2931 0.249063486 0.124681314 0.264097222 0 0 0
C@CP 2932 -0.0595422108 0.0788862814 0.0523432245 0 0 0
C@CP 2933 0.393298467 -0.178242924 0.0220612267 0 0 0
C@CP 2934 -0.312461506 0.26619565 0.0428927589 0 0 0
C@CP 2935 0.226623687 0.0611797629 0.211351479 0 0 0
C@CP 2936 -0.165601315 0.341203202 -0.162353509 0 0 0
C@CP 2937 -0.153768962 0.266199143 -0.324368882 0 0 0
C@CP 2938 0.0320796414 0.306408548 0.298477135 0 0 0
C@CP 2939 -0.0312381786 0.383447616 -0.115955574 0 0 0
C@CP 2940 -0.193207467 0.0615080458 -0.191621132 0 0 0
C@CP 2941 0.0761579624 -0.222897672 0.179892535 0 0 0
C@CP 2942 0.222161278 0.199118307 -0.32157679 0 0 0
C@CP 2943 -0.211604987 -0.417934685 0.0166497829 0 0 0
C@CP 2944 0.110478079 -0.0125899045 -0.151592429 0 0 0
C@CP 2945 0.154364952 -0.393054404 -0.142130737 0 0 0
C@CP 2946 -0.0267856235 0.175315249 -0.186722264 0 0 0
C@CP 2947 -0.225329047 0.0602323546 0.0392504603 0 0 0
C@CP 2948 0.132369693 0.301307569 0.173554284 0 0 0
C@CP 2949 -0.198185076 0.104572013 -0.216081364 0 0 0
C@CP 2950 -0.253391981 -0.0547134045 0.376898369 0 0 0
C@CP 2951 -0.414518982 -0.124935567 -0.0250073588 0 0 0
C@CP 2952 0.101374138 0.319614536 0.0937061093 0 0 0
C@CP 2953 0.0678277836 -0.0224260053 -0.467305857 0 0 0
C@CP 2954 -0.223101362 -0.25972213 0.118531319 0 0 0
C@CP 2955 -0.0945509089 -0.354716194 0.0689266706 0 0 0
C@CP 2956 -0.0566859392 -0.260538684 0.0986155201 0 0 0
C@CP 2957 -0.213170389 -0.154489978 -0.0841877594 0 0 0
C@CP 2958 -0.0683835174 0.00373404101 -0.304220934 0 0 0
C@CP 2959 0.0907828558 -0.137978846 -0.224311769 0 0 0
C@CP 2960 -0.13680157 0.289844165 0.259161659 0 0 0
C@CP 2961 0.408153806 0.0756816125 -0.223747779 0 0 0
C@CP 2962 0.0693894734 -0.265481098 -0.0171308484 0 0 0
C@CP 2963 -0.0667126227 -0.259141989 0.11555772 0 0 0
C@CP 2964 0.266947011 0.202369157 -0.23965024 0 0 0
C@CP 2965 -0.139837826 -0.251013698 0.298690287 0 0 0
C@CP 2966 -0.00690647259 -0.204355946 0.031415571 0 0 0
C@CP 2967 -0.175917653 0.138807749 -0.347366248 0 0 0
C@CP 2968 -0.0149797818 0.456626349 -0.077322894 0 0 0
C@CP 2969 0.173632441 0.174746677 0.287823934 0 0 0
C@CP 2970 0.0068634368 -0.0733874313 0.0612286911 0 0 0
C@CP 2971 -0.073216269 -0.00959436527 -0.233598115 0 0 0
C@CP 2972 0.342719191 0.0478065881 -0.028292082 0 0 0
C@CP 2973 -0.0387557165 -0.0577543026 0.170356404 0 0 0
C@CP 2974 -0.0416733744 0.386917738 -0.227912284 0 0 0
C@CP 2975 -0.125905552 -0.276675104 0.149917494 0 0 0
C@CP 2976 0.101218269 0.250281748 0.0451381305 0 0 0
C@CP 2977 -0.220467505 0.135364538 -0.213576285 0 0 0
C@CP 2978 -0.203670396 -0.0983474745 0.020592385 0 0 0
C@CP 2979 -0.333219537 -0.260253888 -0.152004606 0 0 0
C@CP 2980 0.276985927 0.225529636 0.0389730755 0 0 0
C@CP 2981 -0.0594137451 -0.129516627 0.327579843 0 0 0
C@CP 2982 0.069814434 -0.221772925 -0.317175036 0 0 0
C@CP 2983 0.261149466 -0.155723521 -0.212542924 0 0 0
C@CP 2984 0.145399748 0.260290148 -0.187656375 0 0 0
C@CP 2985 -0.221420621 0.0750356328 0.0607243634 0 0 0
C@CP 2986 0.403549431 -0.198288548 -0.0887698162 0 0 0
C@CP 2987 -0.329675181 -0.077165924 0.200719841 0 0 0
C@CP 2988 -0.210433034 -0.345434169 -0.0630551219 0 0 0
C@CP 2989 0.168240769 0.207316453 -0.137319889 0 0 0
C@CP 2990 -0.239381527 0.000334176399 -0.0400130215 0 0 0
C@CP 2991 -0.149086312 -0.162404898 0.0456551971 0 0 0
C@CP 2992 -0.371760994 0.19974242 0.040078767 0 0 0
C@CP 2993 -0.341811944 -0.259386349 0.0821772614 0 0 0
C@CP 2994 -0.406885842 -0.198083802 -0.0807975423 0 0 0
C@CP 2995 0.199514476 -0.206634158 -0.304548856 0 0 0
C@CP 2996 0.339803085 -0.162279866 0.239339952 0 0 0
C@CP 2997 0.25091987 -0.0841587853 -0.151814731 0 0 0
C@CP 2998 0.0709429345 0.0538334591 -0.209498413 0 0 0
C@CP 2999 -0.1410411 0.42354731 -0.0808389108 0 0 0
C@CP 3000 -0.244296723 0.228352887 0.271969888 0 0 0
C@CP 3001 -0.372791255 -0.229246588 -0.10863834 0 0 0
C@CP 3002 -0.205075562 -0.33268672 -0.00873584516 0 0 0
C@CP 3003 -0.0172598398 -0.232743276 0.1293046 0 0 0
C@CP 3004 -0.0429716812 0.198764439 -0.293986102 0 0 0
C@CP 3005 -0.0735702054 0.385966687 0.111635245 0 0 0
C@CP 3006 0.1555349 -0.313240154 -0.048438389 0 0 0
C@CP 3007 0.299557647 0.275797829 -0.144377579 0 0 0
C@CP 3008 -0.0689303284 0.440489846 -0.00655319803 0 0 0
C@CP 3009 0.227674918 -0.204007989 -0.159904821 0 0 0
C@CP 3010 0.151785417 -0.23921103 -0.101592835 0 0 0
C@CP 3011 -0.105395781 0.0545805203 0.309206876 0 0 0
C@CP 3012 0.299530612 -0.154417269 -0.21530101 0 0 0
C@CP 3013 0.0906704072 0.129664147 -0.0155977371 0 0 0
C@CP 3014 -0.334434599 -0.285305225 -0.046820012 0 0 0
C@CP 3015 0.218428055 0.0262595802 0.179088132 0 0 0
C@CP 3016 -0.393257418 -0.0766937167 0.210297435 0 0 0
C@CP 3017 0.138814402 0.188085928 0.346120317 0 0 0
C@CP 3018 -0.0774724065 -0.175970743 -0.418680532 0 0 0
C@CP 3019 0.150475754 -0.0445766601 0.333535876 0 0 0
C@CP 3020 0.0388721018 -0.386248605 0.00999354127 0 0 0
C@CP 3021 0.0440042055 -0.243298792 -0.0736628029 0 0 0
C@CP 3022 0.0635056388 0.0930452008 -0.319090229 0 0 0
C@CP 3023 -0.282962524 -0.109896859 0.357503583 0 0 0
C@CP 3024 0.353915657 0.136417426 0.215038328 0 0 0
C@CP 3025 -0.16617833 0.295164187 0.0304696227 0 0 0
C@CP 3026 -0.268920776 0.172310323 -0.25866894 0 0 0
C@CP 3027 0.300606139 -0.0601160582 0.195507569 0 0 0
C@CP 3028 0.254059434 -0.15140983 0.352497768 0 0 0
C@CP 3029 0.0442721776 -0.464687645 0.0422546896 0 0 0
C@CP 3030 0.0549368605 -0.183820751 0.415357775 0 0 0
C@CP 3031 0.0837398683 0.138333595 -0.40934767 0 0 0
C@CP 3032 0.14457029 0.0872297523 -0.0905143609 0 0 0
C@CP 3033 -0.108619248 -0.1475666 -0.35901342 0 0 0
C@CP 3034 0.319524923 -0.0155734895 -0.33493138 0 0 0
C@CP 3035 0.115954732 0.361872422 -0.11206511 0 0 0
C@CP 3036 0.0474979952 -0.0191806539 -0.280595931 0 0 0
C@CP 3037 -0.156377017 0.151646181 -0.398702638 0 0 0
C@CP 3038 0.0886854146 0.109566129 0.200642211 0 0 0
C@CP 3039 0.0810755074 0.234852232 0.306359826 0 0 0
C@CP 3040 -0.0364788479 -0.394247204 -0.246114407 0 0 0
C@CP 3041 -0.161027847 0.102224301 0.181860696 0 0 0
C@CP 3042 0.0614248952 -0.218501414 -0.0196406087 0 0 0
C@CP 3043 -0.166593319 -0.243527241 -0.0474992251 0 0 0
C@CP 3044 0.330350141 0.272071851 0.0932122087 0 0 0
C@CP 3045 -0.0229640818 0.0376204572 0.16783163 0 0 0
C@CP 3046 0.101457176 -0.0925121626 0.0728550735 0 0 0
C@CP 3047 0.280294357 -0.142942336 -0.325862463 0 0 0
C@CP 3048 0.245967708 -0.0654741266 0.396882101 0 0 0
C@CP 3049 -0.212121933 0.200740852 -0.188699383 0 0 0
C@CP 3050 0.16691529 0.168411818 -0.340642308 0 0 0
C@CP 3051 0.117967783 -0.11494894 0.433231285 0 0 0
C@CP 3052 -0.0944682089 0.0689627934 -0.24675111 0 0 0
C@CP 3053 -0.283615677 0.335831233 -0.0702414104 0 0 0
C@CP 3054 -0.339978914 0.0870074124 0.0421271105 0 0 0
C@CP 3055 0.0718472895 -0.00720388094 -0.221607679 0 0 0
C@CP 3056 0.16849209 0.197332315 -0.0326472032 0 0 0
C@CP 3057 -0.223303634 0.0913356036 -0.30796949 0 0 0
C@CP 3058 0.215487014 0.323328554 -0.113978984 0 0 0
C@CP 3059 -0.411951089 -0.00639998256 0.0377968086 0 0 0
C@CP 3060 0.150223183 0.146636721 0.251973615 0 0 0
C@CP 3061 0.235085398 -0.317285649 -0.0817865553 0 0 0
C@CP 3062 0.0596604292 -0.175100242 -0.27406093 0 0 0
C@CP 3063 0.163551334 0.420940029 -0.0931005774 0 0 0
C@CP 3064 -0.0674226287 -0.313916185 0.0284033425 0 0 0
C@CP 3065 0.123551244 -0.0132504233 -0.154508725 0 0 0
C@CP 3066 -0.120412231 0.354856114 0.107931286 0 0 0
C@CP 3067 -0.233411002 0.157454245 -0.113937808 0 0 0
C@CP 3068 0.0579053183 -0.148121957 -0.133663783 0 0 0
C@CP 3069 -0.0733799894 -0.336830412 -0.214794543 0 0 0
C@CP 3070 0.0655718726 -0.430255991 0.133020395 0 0 0
C@CP 3071 0.393702393 -0.222017747 -0.121592743 0 0 0
C@CP 3072 -0.0894234109 0.141844577 0.0816734948 0 0 0
C@CP 3073 -0.125828528 -0.332786201 -0.083244632 0 0 0
C@CP 3074 -0.0249358643 0.0182871986 0.383584983 0 0 0
C@CP 3075 -0.383030143 0.0440098227 -0.25189282 0 0 0
C@CP 3076 0.0309080369 -0.230581197 -0.331655106 0 0 0
C@CP 3077 0.173897387 0.00182399956 0.342445354 0 0 0
C@CP 3079 -0.1320487 -0.236972399 0.00732660125 0 0 0
C@CP 3080 -0.0224470905 -0.297321623 -0.251725319 0 0 0
C@CP 3081 0.396138664 0.170757424 0.109880507 0 0 0
C@CP 3082 0.339475932 -0.308860703 0.0585958743 0 0 0
C@CP 3083 -0.146143474 -0.398194805 -0.0458278178 0 0 0
C@CP 3084 -0.0728392329 -0.00807878302 -0.424467093 0 0 0
C@CP 3085 -0.0912751502 0.333961412 0.153436592 0 0 0
C@CP 3086 0.179439067 0.135639046 0.0399412091 0 0 0
C@CP 3087 0.0507306206 0.0118174094 0.116477022 0 0 0
C@CP 3088 -0.351812705 0.305854595 -0.09037949 0 0 0
C@CP 3089 -0.116055874 0.126858141 0.433154777 0 0 0
C@CP 3090 0.208140636 -0.341160027 -0.214478594 0 0 0
C@CP 3091 -0.0430326085 -0.280098151 0.257922688 0 0 0
C@CP 3092 -0.11352307 0.303179819 -0.0521954397 0 0 0
C@CP 3093 -0.213139275 -0.104563051 0.00906497374 0 0 0
C@CP 3094 -0.0489779176 0.462258476 -0.0522258105 0 0 0
C@CP 3095 0.23025757 0.312602594 -0.125919649 0 0 0
C@CP 3096 -0.0652490432 0.311710023 -0.11405665 0 0 0
C@CP 3097 -0.160536866 0.327142999 -0.156260874 0 0 0
C@CP 3098 0.036425552 -0.0987872955 -0.299015843 0 0 0
C@CP 3099 -0.0688648944 -0.162105681 -0.250438599 0 0 0
C@CP 3100 0.177513117 -0.364611595 -0.145893821 0 0 0
C@CP 3101 0.108687384 -0.346268409 -0.300852701 0 0 0
C@CP 3102 0.175727059 0.152971513 0.385947895 0 0 0
C@CP 3103 0.369511552 -0.222768249 -0.15806473 0 0 0
C@CP 3104 -0.119886772 0.288757752 -0.169931653 0 0 0
C@CP 3105 -0.0860267378 0.327730099 0.257620979 0 0 0
C@CP 3106 -0.109715212 -0.372740697 -0.123632327 0 0 0
C@CP 3107 -0.268462193 0.0604087909 0.32693623 0 0 0
C@CP 3108 0.0531251865 -0.105963226 0.297349978 0 0 0
C@CP 3109 0.025582257 -0.121198604 -0.406938727 0 0 0
C@CP 3110 0.0742867997 0.376615328 0.143121976 0 0 0
C@CP 3111 0.268630995 -0.341413615 -0.139698396 0 0 0
C@CP 3112 -0.270479344 -0.0686823398 -0.155769145 0 0 0
C@CP 3113 -0.463093392 0.0643960944 -0.0474775334 0 0 0
C@CP 3114 0.036701979 -0.189293361 -0.284636335 0 0 0
C@CP 3115 -0.0375177497 0.139978071 0.213646329 0 0 0
C@CP 3116 -0.0173099833 0.333216561 0.176879742 0 0 0
C@CP 3117 0.170850054 0.186365374 -0.0208241361 0 0 0
C@CP 3118 0.129163134 -0.083355231 0.340941842 0 0 0
C@CP 3119 -0.347909312 0.000658441865 0.166140983 0 0 0
C@CP 3120 0.316513396 0.128877121 -0.186027758 0 0 0
C@CP 3121 -0.290928762 -0.34736973 0.0548654222 0 0 0
C@CP 3122 0.190279973 -0.124784158 -0.0218919023 0 0 0
C@CP 3123 0.0199884046 -0.282266007 -0.100636339 0 0 0
C@CP 3124 -0.0861203803 -0.137863071 -0.165319023 0 0 0
C@CP 3125 0.00404796791 -0.329485942 -0.0160697858 0 0 0
C@CP 3126 0.115339541 -0.282932897 0.0322837636 0 0 0
C@CP 3127 0.0115415294 0.0586034574 0.0436862169 0 0 0
C@CP 3128 -0.180249049 0.286572739 0.196095188 0 0 0
C@CP 3129 -0.173848209 0.00294678599 0.193812287 0 0 0
C@CP 3130 -0.132698802 -0.177177135 0.262721803 0 0 0
C@CP 3131 0.360160088 -0.24013914 -0.0170276018 0 0 0
C@CP 3132 0.349472459 -0.301362929 -0.0798738209 0 0 0
C@CP 3133 -0.246561415 0.112052594 0.153185576 0 0 0
C@CP 3134 -0.020452106 -0.429427289 -0.139884973 0 0 0
C@CP 3135 0.155890715 -0.191845457 0.243905046 0 0 0
C@CP 3136 -0.0404853945 0.0193919128 0.0679983878 0 0 0
C@CP 3137 -0.0292618547 -0.405707126 0.188539803 0 0 0
C@CP 3138 0.165360123 0.311662406 -0.096698374 0 0 0
C@CP 3139 -0.0161225178 -0.0626635293 -0.107061399 0 0 0
C@CP 3140 -0.0536304588 0.430887637 -0.00787618075 0 0 0
C@CP 3141 0.140905845 -0.0655474393 0.396162656 0 0 0
C@CP 3142 -0.228173746 0.140289633 -0.19761428 0 0 0
C@CP 3143 -0.134635706 -0.268037175 -0.223627294 0 0 0
C@CP 3144 0.149471029 0.334456225 0.223820173 0 0 0
C@CP 3145 -0.394499641 -0.105856522 0.0324015105 0 0 0
C@CP 3146 0.00563190423 0.306257313 0.268353879 0 0 0
C@CP 3147 0.0301703554 -0.253418391 0.382773829 0 0 0
C@CP 3148 -0.101722696 -0.314131171 -0.130077604 0 0 0
C@CP 3149 0.415473754 -0.0825517845 0.153678714 0 0 0
C@CP 3150 -0.243641871 -0.0635149267 0.350014186 0 0 0
C@CP 3151 -0.0489349506 -0.0430044406 -0.32980905 0 0 0
C@CP 3152 0.065985175 0.0753454946 -0.134292039 0 0 0
C@CP 3153 0.171298894 -0.0906183921 -0.230409041 0 0 0
C@CP 3154 -0.304857396 0.0358529658 -0.0566357049 0 0 0
C@CP 3155 0.0489215442 -0.082930443 0.134962929 0 0 0
C@CP 3156 0.159177185 -0.42188289 -0.093067711 0 0 0
C@CP 3157 -0.0709327593 0.257120839 0.0572211674 0 0 0
C@CP 3158 -0.100126988 0.181840987 0.282101942 0 0 0
C@CP 3159 -0.161350037 0.438358753 0.0354397552 0 0 0
C@CP 3160 -0.268693404 -0.273204282 0.15991049 0 0 0
C@CP 3161 0.356782892 -0.0861496918 -0.196600785 0 0 0
C@CP 3162 0.156977448 0.0456189438 0.259045565 0 0 0
C@CP 3163 -0.0697655732 0.18300187 -0.0108761195 0 0 0
C@CP 3164 -0.222878051 0.149369832 0.00519459652 0 0 0
C@CP 3165 0.395139529 0.120195298 -0.00697043341 0 0 0
C@CP 3166 0.228382856 0.131454019 0.142664311 0 0 0
C@CP 3167 -0.369332479 0.269944764 -0.112273396 0 0 0
C@CP 3168 -0.178751385 -0.235608139 0.0405769332 0 0 0
C@CP 3169 0.218075533 0.100057759 0.041507363 0 0 0
C@CP 3170 -0.266497683 0.126398321 0.279593119 0 0 0
C@CP 3171 -0.0382537638 -0.0845611531 -0.0174213956 0 0 0
C@CP 3172 -0.405538924 -0.0416878161 -0.105791385 0 0 0
C@CP 3173 -0.375251882 -0.0859303624 0.0404742511 0 0 0
C@CP 3174 0.166225302 0.125331936 -0.108822882 0 0 0
C@CP 3175 0.224087495 -0.279927597 0.183607192 0 0 0
C@CP 3176 -0.0279347501 -0.278280987 0.285071378 0 0 0
C@CP 3177 0.0397917863 -0.273697962 0.307625933 0 0 0
C@CP 3178 -0.0995477415 0.226829436 -0.175456079 0 0 0
C@CP 3179 0.0496389965 0.186243296 -0.222409742 0 0 0
C@CP 3180 0.181090313 0.298652046 0.0801029129 0 0 0
C@CP 3181 -0.145390081 0.183957181 -0.253900653 0 0 0
C@CP 3182 0.138686958 0.118134338 0.0109886428 0 0 0
C@CP 3183 -0.303817702 0.332052344 0.0322378163 0 0 0
C@CP 3184 0.051687944 -0.13858948 0.320854785 0 0 0
C@CP 3185 -0.381151641 0.214282251 0.106513182 0 0 0
C@CP 3186 -0.108247116 -0.0464682442 -0.383452443 0 0 0
C@CP 3187 -0.24164118 0.0857610614 0.354573426 0 0 0
C@CP 3188 -0.219026369 -0.1860892 -0.174670809 0 0 0
C@CP 3189 -0.0576003511 -0.0171815895 0.469427656 0 0 0
C@CP 3190 -0.314069857 0.156257076 0.045724609 0 0 0
C@CP 3191 0.0345606179 0.165180957 -0.353413327 0 0 0
C@CP 3192 -0.102996754 -0.152640042 0.397095392 0 0 0
C@CP 3193 -0.342396443 0.182303264 0.261186361 0 0 0
C@CP 3194 0.257126066 0.221810315 -0.0560122918 0 0 0
C@CP 3195 0.175444821 -0.0244837573 -0.365666573 0 0 0
C@CP 3196 -0.144865129 0.308876186 -0.167952672 0 0 0
C@CP 3197 -7.21821357e-05 -0.0309551569 0.102580534 0 0 0
C@CP 3198 -0.46560319 -0.0195882871 0.0429014254 0 0 0
C@CP 3199 -0.21060035 0.350997713 -0.22795866 0 0 0
C@CP 3200 0.0736750476 -0.0545965444 -0.177874696 0 0 0
C@CP 3201 0.189190213 0.368083875 -0.231841451 0 0 0
C@CP 3203 0.101717734 0.166088204 0.324437046 0 0 0
C@CP 3204 -0.310869515 -0.237222826 0.160899497 0 0 0
C@CP 3205 -0.00361210468 0.113576557 -0.418278152 0 0 0
C@CP 3206 -0.243687025 0.0520487842 0.159709307 0 0 0
C@CP 3207 0.205768504 0.186875694 -0.348803109 0 0 0
C@CP 3208 -0.342933354 0.244047581 0.0904705358 0 0 0
C@CP 3209 -0.253501681 -0.172919023 0.352687277 0 0 0
C@CP 3210 -0.0983390531 0.109298985 0.242147168 0 0 0
C@CP 3211 -0.122654575 -0.177823856 0.291218438 0 0 0
C@CP 3212 0.342094236 -0.122854633 0.2707917 0 0 0
C@CP 3213 -0.159951346 -0.132199486 -0.0462193166 0 0 0
C@CP 3214 0.27247996 0.28621849 -0.0546524814 0 0 0
C@CP 3215 -0.227056957 -0.257919408 -0.213340621 0 0 0
C@CP 3216 0.00463597563 0.0727645224 -0.195245945 0 0 0
C@CP 3217 0.351864105 -0.0400028371 0.0124946302 0 0 0
C@CP 3218 0.0415934691 0.438385255 0.00938849226 0 0 0
C@CP 3219 0.252157157 0.015757126 -0.202201068 0 0 0
C@CP 3220 0.289344671 0.166431638 0.167408792 0 0 0
C@CP 3221 0.110213312 0.196144016 0.112373546 0 0 0
C@CP 3222 -0.399142957 -0.0397843062 0.212964328 0 0 0
C@CP 3223 -0.256925222 -0.101167445 -0.321549227 0 0 0
C@CP 3224 0.422515506 -0.00073770368 0.185778414 0 0 0
C@CP 3225 -0.169179292 0.0219924984 0.145183834 0 0 0
C@CP 3226 -0.171466324 -0.292482492 0.126445252 0 0 0
C@CP 3227 -0.113985754 -0.116740421 -0.159213701 0 0 0
C@CP 3228 -0.00161050891 0.0594631817 -0.0945684416 0 0 0
C@CP 3229 0.238509219 -0.0286353879 -0.0254288284 0 0 0
C@CP 3230 0.200327258 -0.137832321 0.114564235 0 0 0
C@CP 3231 0.48378193 0.00454397967 -0.00232919136 0 0 0
C@CP 3232 0.366769895 0.0145421798 -0.285160812 0 0 0
C@CP 3233 0.0476452976 -0.355132166 0.0510405491 0 0 0
C@CP 3234 0.253700943 -0.337591295 0.085683838 0 0 0
C@CP 3235 0.0503823713 0.0255280104 0.120491969 0 0 0
C@CP 3236 0.0492535371 -0.442563295 -0.000406430496 0 0 0
C@CP 3237 0.0523971669 -0.453402696 -0.0608095668 0 0 0
C@CP 3238 -0.310973529 0.0105611857 -0.276233756 0 0 0
C@CP 3239 0.268430969 0.148619585 -0.315653118 0 0 0
C@CP 3240 -0.110347764 0.418539637 -0.055215174 0 0 0
C@CP 3241 0.118771535 0.236014427 -0.352923153 0 0 0
C@CP 3242 -0.166099874 0.270510238 -0.149162788 0 0 0
C@CP 3243 0.14499987 -0.00515100372 -0.26679075 0 0 0
C@CP 3244 0.0305053863 -0.133448866 -0.320400365 0 0 0
C@CP 3245 -0.406019729 -0.126898183 -0.144579517 0 0 0
C@CP 3246 0.0613852785 -0.179906426 -0.354254623 0 0 0
C@CP 3247 -0.218576689 0.0316830624 0.130065129 0 0 0
C@CP 3248 -0.0602815751 0.0527075309 0.298385864 0 0 0
C@CP 3249 -0.0110710214 -0.434782385 0.0654508689 0 0 0
C@CP 3250 0.0944376057 -0.0637468909 -0.273887784 0 0 0
C@CP 3251 -0.145087782 -0.270224515 -0.263455171 0 0 0
C@CP 3252 0.130957795 -0.0640342725 -0.230213274 0 0 0
C@CP 3253 0.0161309266 -0.24803112 -0.191083376 0 0 0
C@CP 3254 -0.176180449 -0.242561664 -0.352287471 0 0 0
C@CP 3255 -0.148689413 0.31651796 0.153350305 0 0 0
C@CP 3256 -0.147341555 -0.287931013 0.02683102 0 0 0
C@CP 3257 0.218186891 0.182276471 0.388855327 0 0 0
C@CP 3258 -0.0594360762 -0.0934337747 0.353772542 0 0 0
C@CP 3259 0.111780895 0.159506261 0.226616155 0 0 0
C@CP 3260 0.0550052705 0.310039645 0.137752952 0 0 0
C@CP 3261 -0.0163945419 -0.38681558 -0.00258774275 0 0 0
C@CP 3262 0.0728834396 -0.0723445524 0.254237068 0 0 0
C@CP 3263 -0.15296998 -0.0548604574 -0.405438535 0 0 0
C@CP 3264 -0.283676496 -0.367003761 0.0193538534 0 0 0
C@CP 3265 0.236514376 -0.315058518 0.228685498 0 0 0
C@CP 3266 -0.11674053 0.142901894 -0.267452965 0 0 0
C@CP 3267 0.0174101037 -0.350720679 -0.130705987 0 0 0
C@CP 3268 -0.358812735 -0.151919582 0.119523102 0 0 0
C@CP 3269 0.00661179244 0.295951698 0.175275636 0 0 0
C@CP 3270 0.233128839 -0.25271436 -0.121020859 0 0 0
C@CP 3271 -0.0753248487 -0.281381914 -0.153439597 0 0 0
C@CP 3272 -0.163459973 -0.264570759 -0.316921084 0 0 0
C@CP 3273 0.276515891 0.157257105 0.156808815 0 0 0
C@CP 3274 -0.409080754 0.100663147 0.0184014988 0 0 0
C@CP 3275 -0.2272958 -0.264590711 0.019616453 0 0 0
C@CP 3277 0.0858158884 0.298834734 -0.0122689321 0 0 0
C@CP 3278 -0.230163498 -0.178071177 0.138682175 0 0 0
C@CP 3279 -0.210308682 0.150906186 -0.111359397 0 0 0
C@CP 3280 -0.0519734127 0.198067073 0.0824224218 0 0 0
C@CP 3281 -0.103470455 -0.0394516849 0.196462998 0 0 0
C@CP 3282 0.166756576 -0.0671835326 -0.417643081 0 0 0
C@CP 3283 -0.082618431 0.091599751 0.32499501 0 0 0
C@CP 3284 -0.287644998 -0.204785936 0.285823791 0 0 0
C@CP 3285 0.165107568 0.375240312 -0.257425357 0 0 0
C@CP 3286 -0.13100815 -0.122583905 0.401254415 0 0 0
C@CP 3287 -0.194912572 0.339611716 0.164129928 0 0 0
C@CP 3288 0.389894195 0.0526208231 0.091723477 0 0 0
C@CP 3289 -0.0212578822 -0.0662947862 0.0623111937 0 0 0
C@CP 3290 -0.148401787 0.117794819 -0.171640612 0 0 0
C@CP 3291 0.350848133 0.0150400799 -0.105060817 0 0 0
C@CP 3292 0.141363382 -0.0172240764 0.319406314 0 0 0
C@CP 3293 -0.243107246 -0.149425461 -0.025702509 0 0 0
C@CP 3295 0.212042106 0.177189799 -0.175422557 0 0 0
C@CP 3296 0.00818953798 0.312792614 0.322981968 0 0 0
C@CP 3297 0.246006507 -0.30012701 -0.0592468987 0 0 0
C@CP 3298 -0.000881670119 0.0357713162 -0.466126237 0 0 0
C@CP 3299 -0.266950807 -0.305254898 0.0393303064 0 0 0
C@CP 3300 0.10193529 0.208442465 -0.18844789 0 0 0
C@CP 3301 -0.0592526752 0.0553781585 0.0493822603 0 0 0
C@CP 3302 0.412456543 -0.092392385 0.0330555728 0 0 0
C@CP 3303 -0.175501077 -0.141210218 0.160559642 0 0 0
C@CP 3304 0.106792936 0.26011878 0.167681899 0 0 0
C@CP 3305 -0.403710429 -0.120971164 -0.125494128 0 0 0
C@CP 3306 -0.0296357567 -0.325835304 -0.213216741 0 0 0
C@CP 3307 0.352975467 0.219011347 0.1873539 0 0 0
C@CP 3308 0.298702843 -0.102987706 -0.00267460023 0 0 0
C@CP 3309 -0.220446251 -0.0833313483 -0.181164491 0 0 0
C@CP 3310 0.315471715 0.323417682 -0.0436057688 0 0 0
C@CP 3311 0.0138742187 0.175144997 -0.0779727905 0 0 0
C@CP 3312 0.309021891 -0.193181888 0.0289241283 0 0 0
C@CP 3313 0.127597573 -0.430233025 0.134478902 0 0 0
C@CP 3314 -0.22573444 -0.0414904024 -0.132769853 0 0 0
C@CP 3315 0.0316257645 -0.273122907 -0.112593534 0 0 0
C@CP 3316 0.273872855 -0.217923021 -0.0273586263 0 0 0
C@CP 3317 0.0320252662 0.387473882 0.119727998 0 0 0
C@CP 3318 -0.11321328 0.270070797 -0.341306546 0 0 0
C@CP 3319 0.18681716 0.240876654 -0.0649664606 0 0 0
C@CP 3320 0.193598336 0.0802361969 0.190034347 0 0 0
C@CP 3321 -0.0798355321 -0.273135576 -0.00565649919 0 0 0
C@CP 3322 0.25599751 0.0370639003 0.347141862 0 0 0
C@CP 3323 -0.252762226 0.313600346 0.0226541573 0 0 0
C@CP 3324 -0.241012251 0.363202226 -0.118874275 0 0 0
C@CP 3325 -0.169555735 0.0312173982 0.220596333 0 0 0
C@CP 3326 0.405197146 -0.20367688 -0.0108040273 0 0 0
C@CP 3327 0.197017994 -0.108881124 0.384280563 0 0 0
C@CP 3328 -0.308775039 0.193853442 -0.136552979 0 0 0
C@CP 3329 -0.235020406 -0.278967398 0.253864509 0 0 0
C@CP 3330 0.125224252 -0.195900242 0.253660788 0 0 0
C@CP 3331 0.19519432 0.0645790127 0.26697589 0 0 0
C@CP 3332 -0.153037727 0.168631204 -0.315259491 0 0 0
C@CP 3333 -0.00632395242 -0.314883583 0.263731774 0 0 0
C@CP 3334 0.00896050873 -0.395650327 -0.206558197 0 0 0
C@CP 3335 0.207987031 -0.36586948 0.0747732136 0 0 0
C@CP 3336 0.221152871 -0.229052808 0.326919399 0 0 0
C@CP 3337 0.284414055 0.212923252 0.210444741 0 0 0
C@CP 3338 0.243826096 -0.329673516 -0.200628984 0 0 0
C@CP 3339 -0.0776469305 0.00663237545 -0.0189323294 0 0 0
C@CP 3340 -0.218917009 -0.029848802 0.401911009 0 0 0
C@CP 3341 0.404127248 0.0253791294 0.0241211121 0 0 0
C@CP 3342 0.177913847 0.182803435 -0.295843965 0 0 0
C@CP 3343 -0.01319443 -0.177219397 0.412672438 0 0 0
C@CP 3344 0.304066682 -0.145397591 -0.192088072 0 0 0
C@CP 3345 0.378733462 0.166997372 -0.0901496226 0 0 0
C@CP 3346 0.352714107 -0.0879325052 0.0656334576 0 0 0
C@CP 3347 0.0695381259 0.197491452 -0.20505744 0 0 0
C@CP 3348 -0.390396031 -0.0487256098 0.242118525 0 0 0
C@CP 3349 0.0199329041 0.26516915 -0.329388017 0 0 0
C@CP 3350 -0.17015899 -0.149559513 -0.183400958 0 0 0
C@CP 3351 0.438430582 0.0795269822 -0.0618092648 0 0 0
C@CP 3353 -0.410885611 -0.153530696 0.00528410708 0 0 0
C@CP 3354 0.19237514 -0.145323409 -0.262151596 0 0 0
C@CP 3355 0.115449674 0.178224859 0.369276133 0 0 0
C@CP 3356 0.0134664953 -0.291586166 0.326702111 0 0 0
C@CP 3357 0.223692778 -0.0883291707 -0.246914269 0 0 0
C@CP 3358 0.110410952 0.193861961 0.132596935 0 0 0
C@CP 3359 0.0592412613 0.227713395 0.348178395 0 0 0
C@CP 3360 0.0310332559 0.153075481 0.0992339645 0 0 0
C@CP 3361 -0.29562973 -0.032651062 0.329485854 0 0 0
C@CP 3362 -0.373296273 -0.193880688 -0.0971814111 0 0 0
C@CP 3363 0.120783793 -0.0118741552 0.332236968 0 0 0
C@CP 3364 0.313325529 -0.223033051 0.0987168888 0 0 0
C@CP 3365 -0.205886852 0.414093977 0.0191699364 0 0 0
C@CP 3366 -0.0798237778 -0.366265201 0.269581571 0 0 0
C@CP 3367 0.0272583691 0.0834123578 -0.0712887804 0 0 0
C@CP 3368 0.26690559 -0.286754432 0.0632393268 0 0 0
C@CP 3369 0.229195338 -0.0347935829 0.113184719 0 0 0
C@CP 3370 0.172853894 0.0340785573 0.264797708 0 0 0
C@CP 3371 -0.0439044422 0.179743728 -0.133684331 0 0 0
C@CP 3372 -0.181536138 0.269476751 0.0420486557 0 0 0
C@CP 3373 -0.0155548542 -0.147375233 0.329553604 0 0 0
C@CP 3374 0.0829475044 -0.00889942963 -0.372604535 0 0 0
C@CP 3375 -0.0661918951 -0.402087272 0.00631231172 0 0 0
C@CP 3376 0.363690678 0.283599941 -0.0410571357 0 0 0
C@CP 3377 -0.202743923 0.115110004 -0.280439249 0 0 0
C@CP 3378 0.0797625423 0.0239467735 -0.461257658 0 0 0
C@CP 3379 -0.128585574 -0.0324793735 -0.0294568775 0 0 0
C@CP 3380 -0.104874424 0.0292664341 0.276837717 0 0 0
C@CP 3381 -0.181124309 -0.160222662 0.379969125 0 0 0
C@CP 3382 0.26526892 -0.248963587 0.144300566 0 0 0
C@CP 3383 -0.100006873 -0.276658009 -0.185903375 0 0 0
C@CP 3384 -0.21595588 0.367377665 -0.0377661613 0 0 0
C@CP 3385 -0.241146286 -0.170387165 -0.106569388 0 0 0
C@CP 3386 -0.0118844011 0.0794888791 0.109602884 0 0 0
C@CP 3387 -0.200911187 -0.166588298 -0.16844561 0 0 0
C@CP 3388 -0.355561635 -0.0601935238 -0.108704421 0 0 0
C@CP 3389 0.170177817 0.0183034086 0.420240265 0 0 0
C@CP 3390 -0.0343395671 0.103385668 -0.354656998 0 0 0
C@CP 3391 -0.0918396697 -0.364515478 0.101470189 0 0 0
C@CP 3392 0.181559034 -0.170162805 -0.211420479 0 0 0
C@CP 3393 0.0294329556 0.0587521089 0.0407196426 0 0 0
C@CP 3394 -0.000359172085 0.110117733 -0.39682255 0 0 0
C@CP 3395 0.304860038 0.204824266 -0.0641709665 0 0 0
C@CP 3396 0.0513622179 -0.0334699029 0.202701715 0 0 0
C@CP 3397 -0.178592752 0.29691908 0.103312898 0 0 0
C@CP 3398 0.205797046 -0.130708656 0.0826950915 0 0 0
C@CP 3399 -0.367625929 -0.0635218171 0.107515046 0 0 0
C@CP 3400 0.0296117345 0.0746775818 0.461300771 0 0 0
C@CP 3401 0.278670265 -0.312793454 0.15477896 0 0 0
C@CP 3402 0.361843424 0.0215417543 0.103091444 0 0 0
C@CP 3403 -0.364681635 0.0792254582 -0.0568189694 0 0 0
C@CP 3404 0.208859663 -0.223009477 0.109189528 0 0 0
C@CP 3405 0.0521353601 -0.416493684 0.13934642 0 0 0
C@CP 3406 -0.441830255 -0.0314692095 -0.0336315287 0 0 0
C@CP 3407 0.334051108 -0.0703085771 -0.257705125 0 0 0
C@CP 3408 -0.451141937 0.0334173563 -0.0390385093 0 0 0
C@CP 3409 0.166530365 -0.163394265 0.249365078 0 0 0
C@CP 3410 -0.018147842 0.0745637881 -0.379554924 0 0 0
C@CP 3411 0.350264704 0.229116087 0.089672756 0 0 0
C@CP 3412 0.170306723 -0.0321829885 -0.372515279 0 0 0
C@CP 3413 0.342438474 -0.205591699 -0.130718394 0 0 0
C@CP 3414 0.304644172 -0.0665308797 0.149160324 0 0 0
C@CP 3415 0.141271854 0.00460223854 -0.0631155013 0 0 0
C@CP 3416 -0.0807507043 0.124097847 0.2444335 0 0 0
C@CP 3417 -0.26414389 0.227175757 0.306697747 0 0 0
C@CP 3418 -0.137637761 -0.171048883 -0.0384555638 0 0 0
C@CP 3419 0.47853138 -0.00665128435 -0.0428344777 0 0 0
C@CP 3420 -0.229226726 0.278244994 0.168040818 0 0 0
C@CP 3421 -0.277679682 0.258852522 -0.0870432527 0 0 0
C@CP 3422 -0.185535652 -0.294923842 -0.212993976 0 0 0
C@CP 3423 -0.2811374 0.197982934 -0.0592902257 0 0 0
C@CP 3424 -0.343674707 -0.184781232 0.242273682 0 0 0
C@CP 3425 -0.203332564 0.273037614 0.0856051479 0 0 0
C@CP 3426 0.0254372029 0.413943561 -0.0277141821 0 0 0
C@CP 3427 -0.204745728 0.0674596806 0.186881918 0 0 0
C@CP 3428 0.300961585 0.135451991 -0.244980822 0 0 0
C@CP 3429 0.312915087 0.0123548352 0.272022485 0 0 0
C@CP 3430 -0.2776768 -0.212662018 -0.146729851 0 0 0
C@CP 3431 0.221753947 -0.359263586 -0.168354121 0 0 0
C@CP 3432 -0.404246146 0.110770717 0.0577377583 0 0 0
C@CP 3433 -0.262047259 -0.254554432 0.017331138 0 0 0
C@CP 3434 -0.200233711 0.117436248 -0.288608962 0 0 0
C@CP 3435 0.0136557003 -0.0506303845 -0.126241285 0 0 0
C@CP 3436 0.211835066 0.298599235 -0.20183977 0 0 0
C@CP 3437 -0.143332687 0.117588431 -0.0426989112 0 0 0
C@CP 3438 0.0449814795 0.0586683399 0.448630596 0 0 0
C@CP 3439 0.0166762764 -0.214928316 0.0316158361 0 0 0
C@CP 3440 0.0479093893 0.00796222424 0.294348555 0 0 0
C@CP 3441 0.10187881 0.305559772 -0.134395146 0 0 0
C@CP 3442 -0.204868916 -0.0304263311 -0.00290729453 0 0 0
C@CP 3443 -0.355724913 -0.085810999 -0.184996891 0 0 0
C@CP 3444 -0.0704884876 0.0341783842 -0.261791743 0 0 0
C@CP 3445 -0.303007646 -0.0791521659 0.318890566 0 0 0
C@CP 3446 -0.276174956 0.242553125 -0.142107643 0 0 0
C@CP 3447 -0.191107479 -0.0412963825 0.403089303 0 0 0
C@CP 3448 -0.166504585 0.232694037 0.21042431 0 0 0
C@CP 3449 0.224041192 -0.193605708 -0.353092491 0 0 0
C@CP 3450 0.325273387 -0.0219056686 -0.0472645087 0 0 0
C@CP 3451 -0.212189636 -0.220721289 -0.000239938467 0 0 0
C@CP 3452 -0.0779057663 -0.388388246 -0.222752444 0 0 0
C@CP 3454 -0.181406715 -0.0348483876 -0.201499682 0 0 0
C@CP 3455 -0.222690824 0.134139183 -0.201135783 0 0 0
C@CP 3456 -0.180417916 0.131490844 -0.0695186726 0 0 0
C@CP 3457 -0.161186177 0.252508876 0.0780623741 0 0 0
C@CP 3458 0.050168777 0.24247498 -0.0471548334 0 0 0
C@CP 3459 -0.0980090821 -0.174871809 -0.302575233 0 0 0
C@CP 3460 -0.196028581 0.280818402 -0.287495778 0 0 0
C@CP 3461 0.0443837834 0.292730252 -0.277757611 0 0 0
C@CP 3462 -0.0204090291 -0.460438846 0.0223171067 0 0 0
C@CP 3463 -0.408417708 0.159807908 -0.160957765 0 0 0
C@CP 3464 0.160150331 -0.198099948 0.198739861 0 0 0
C@CP 3465 0.050561555 0.127228166 -0.410755646 0 0 0
C@CP 3466 0.176850707 -0.189706543 -0.340236827 0 0 0
C@CP 3467 -0.169852375 -0.0261241576 0.375883291 0 0 0
C@CP 3468 0.170979308 0.108143228 0.396835283 0 0 0
C@CP 3469 0.420807389 0.129988708 -0.0764132491 0 0 0
C@CP 3470 0.10636314 -0.292568759 0.0354373261 0 0 0
C@CP 3471 0.0823639333 -0.339270295 -0.199230616 0 0 0
C@CP 3472 0.310997534 0.0905623585 -0.0523997297 0 0 0
C@CP 3473 -0.0748615702 -0.139090426 0.284503657 0 0 0
C@CP 3474 0.127965478 0.275579915 -0.311090187 0 0 0
C@CP 3475 -0.2833417 -0.168446273 -0.1559593 0 0 0
C@CP 3476 -0.11304177 -0.179689697 -0.100684958 0 0 0
C@CP 3477 0.0106413704 -0.182819205 -0.420887533 0 0 0
C@CP 3478 0.0422009094 0.0950383235 -0.342289058 0 0 0
C@CP 3479 -0.0710965092 -0.0523100849 -0.333612145 0 0 0
C@CP 3480 0.0547211087 -0.117312189 -0.436618264 0 0 0
C@CP 3481 -0.317283339 0.0210170998 -0.24453121 0 0 0
C@CP 3482 -0.0281114013 -0.400252162 0.117562607 0 0 0
C@CP 3483 -0.370212405 0.0401864201 -0.00951430268 0 0 0
C@CP 3484 0.165853499 0.142017884 -0.037860254 0 0 0
C@CP 3485 -0.156325903 -0.0193674224 -0.135172738 0 0 0
C@CP 3486 0.123247277 -0.116108614 0.412089728 0 0 0
C@CP 3487 0.380431634 0.165947572 -0.150616901 0 0 0
C@CP 3488 0.0787345989 0.13320877 0.324695615 0 0 0
C@CP 3489 0.101634507 0.095579144 -0.406637544 0 0 0
C@CP 3490 0.294063634 0.111363286 0.0975217983 0 0 0
C@CP 3491 -0.256805111 -0.0734555658 -0.204386831 0 0 0
C@CP 3492 -0.0276598969 -0.194857163 -0.191882735 0 0 0
C@CP 3493 0.128269564 0.311178854 0.105603843 0 0 0
C@CP 3494 0.0219704421 0.0275412251 0.128124965 0 0 0
C@CP 3495 0.00978209189 0.359163157 -0.188795585 0 0 0
C@CP 3496 -0.132311469 0.291513396 0.165706776 0 0 0
C@CP 3497 0.378915825 0.264932627 -0.104785553 0 0 0
B@CP 3499 -0.194124524 -0.169267921 0.295126834 0 0 0
C@CP 3500 0.0101631616 -0.0386983224 0.399886526 0 0 0
C@CP 3501 -0.325498177 0.0711139279 -0.221712225 0 0 0
C@CP 3502 -0.0577836532 0.301818791 -0.0378195558 0 0 0
B@CP 3504 0.241284037 -0.373416239 0.0989094392 0 0 0
C@CP 3505 0.194691739 -0.0336271119 0.126584514 0 0 0
B@CP 3507 0.11656724 0.21271153 0.288355881 0 0 0
C@CP 3508 -0.10509319 0.260968713 0.27216719 0 0 0
B@CP 3510 0.0954296164 0.0249164899 0.25359871 0 0 0
C@CP 3511 0.112870554 0.398915031 -0.248027326 0 0 0
B@CP 3513 -0.154214337 0.000530848877 -0.416901157 0 0 0
C@CP 3514 -0.274273836 0.272691967 0.118151403 0 0 0
B@CP 3516 0.27825032 0.0714930054 -0.279958657 0 0 0
C@CP 3517 -0.104055446 0.162135706 -0.105507811 0 0 0
B@CP 3519 0.331927952 -0.27502548 0.109109012 0 0 0
C@CP 3520 -0.29825849 0.318869277 0.00501910329 0 0 0
