B@CP 1004 0.140393712 0.272318547 0.270902938 0 0 0
B@CP 1005 0.24829114 -0.064746324 0.169363557 0 0 0
B@CP 1008 0.0293339262 -0.135048933 -0.33380367 0 0 0
B@CP 1014 -0.27360434 0.250169175 -0.194210273 0 0 0
B@CP 1018 0.321714303 0.324688682 0.0353990058 0 0 0
B@CP 1020 -0.159482165 -0.278651425 0.0589382356 0 0 0
B@CP 1025 -0.134717514 -0.313276654 -0.286278679 0 0 0
B@CP 1026 -0.277389649 0.0724938168 0.263889035 0 0 0
B@CP 1032 0.351521286 0.085689408 -0.220635267 0 0 0
B@CP 1033 0.268505643 -0.0404747747 0.117820636 0 0 0
B@CP 1034 0.172830712 0.305871589 -0.309056099 0 0 0
B@CP 1036 0.115287815 -0.320948961 -0.136466015 0 0 0
B@CP 1040 0.127257082 0.120258863 0.129945059 0 0 0
B@CP 1041 0.0178324072 -0.00359157082 -0.304893377 0 0 0
B@CP 1042 -0.234461582 -0.319071371 0.146817909 0 0 0
B@CP 1045 0.0931003722 -0.0306613221 -0.414263661 0 0 0
B@CP 1046 0.123883834 -0.293539726 0.321672874 0 0 0
B@CP 1047 -0.235305144 0.242530194 0.0749474829 0 0 0
B@CP 1055 0.0139137463 0.0984196783 -0.088933606 0 0 0
B@CP 1056 -0.0042218619 -0.0917025261 0.312261816 0 0 0
B@CP 1059 -0.405966531 0.15926757 -0.0470779601 0 0 0
B@CP 1063 0.253290433 -0.0825055098 0.102632845 0 0 0
B@CP 1065 -0.0904582355 0.353197116 -0.182088925 0 0 0
B@CP 1066 0.090023554 -0.408669711 -0.0576127212 0 0 0
B@CP 1068 0.307919733 0.065340803 0.106228793 0 0 0
B@CP 1069 0.113172244 0.0525405699 0.193525949 0 0 0
B@CP 1070 0.0161834965 -0.245741448 -0.179899207 0 0 0
B@CP 1077 0.326152917 0.335770914 0.0224708989 0 0 0
B@CP 1080 -0.205579118 -0.0608199458 0.336690523 0 0 0
B@CP 1083 0.237736123 -0.113424281 -0.0673756544 0 0 0
B@CP 1084 0.23060561 0.206889256 0.248775034 0 0 0
B@CP 1085 0.0729000048 -0.211632437 0.0195735386 0 0 0
B@CP 1089 -0.305224846 -0.306876363 -0.114086802 0 0 0
B@CP 1091 0.261786008 0.261243166 -0.0763950275 0 0 0
B@CP 1092 0.0772668311 0.0500555598 -0.0517363291 0 0 0
B@CP 1093 -0.312547144 0.121252173 -0.182676985 0 0 0
B@CP 1094 -0.15568815 0.344067927 -0.0375567849 0 0 0
B@CP 1099 0.100996712 0.410404117 0.0101281075 0 0 0
B@CP 1100 0.269166705 0.165424527 -0.135597363 0 0 0
B@CP 1104 -0.233277358 -0.196116725 -0.288620628 0 0 0
B@CP 1105 0.171082239 0.0243452052 0.167226149 0 0 0
B@CP 1106 -0.205371887 0.268781713 -0.232765969 0 0 0
B@CP 1107 -0.323734445 0.117945237 -0.00957042615 0 0 0
B@CP 1109 -0.135130816 -0.216041005 0.26080359 0 0 0
B@CP 1110 0.0601575157 0.22673879 0.154723702 0 0 0
B@CP 1117 0.211991317 0.189230613 -0.294259655 0 0 0
B@CP 1118 -0.0587628222 0.0785610473 -0.218687508 0 0 0
B@CP 1121 -0.0445939554 0.137094071 0.279945415 0 0 0
B@CP 1122 0.0631921646 -0.330870577 0.0954197164 0 0 0
B@CP 1123 -0.231429959 -0.129267814 -0.0815068883 0 0 0
B@CP 1125 0.00813021221 -0.100455519 0.460412069 0 0 0
B@CP 1131 0.325685409 0.0595332766 -0.199853899 0 0 0
B@CP 1139 -0.0133998472 0.17324417 0.116008192 0 0 0
B@CP 1143 -0.316770817 -0.273916495 -0.107706194 0 0 0
B@CP 1146 0.0224871073 -0.1389883 -0.0709705194 0 0 0
B@CP 1147 -0.150949875 -0.202488754 -0.249718585 0 0 0
B@CP 1149 -0.39812294 -0.10677812 -0.201849331 0 0 0
B@CP 1152 0.212886067 -0.219466904 -0.272419995 0 0 0
B@CP 1153 -0.130638665 -0.345319785 -0.078079847 0 0 0
B@CP 1154 0.133407776 -0.331057741 0.177652645 0 0 0
B@CP 1155 -0.201183232 -0.118522877 0.389011519 0 0 0
B@CP 1160 -0.110869716 -0.190403115 -0.379555233 0 0 0
B@CP 1161 -0.00794939209 0.276780644 0.160578083 0 0 0
B@CP 1162 -0.009911787 -0.158285579 -0.304423532 0 0 0
B@CP 1163 0.130989869 0.173466453 0.395429061 0 0 0
B@CP 1166 -0.112374372 -0.151803772 0.109832367 0 0 0
B@CP 1167 -0.337912488 -0.29015245 -0.0544839485 0 0 0
B@CP 1170 0.000627579455 -0.306117963 0.140410807 0 0 0
B@CP 1171 0.117255636 -0.282204877 0.0568580077 0 0 0
B@CP 1176 0.0102844212 0.0280795171 0.123311753 0 0 0
B@CP 1179 -0.138065883 0.169580926 -0.194189525 0 0 0
B@CP 1185 0.158333609 -0.131624378 -0.183761124 0 0 0
B@CP 1186 -0.245405701 0.255361281 -0.206147553 0 0 0
B@CP 1187 -0.173238722 0.313189706 0.110834449 0 0 0
B@CP 1188 0.157635397 -0.132802172 0.138310506 0 0 0
B@CP 1189 0.0372013979 0.223005772 -0.416619797 0 0 0
B@CP 1190 -0.0666032371 -0.0679361474 0.16961535 0 0 0
B@CP 1191 -0.0178974255 -0.24296437 0.101616129 0 0 0
B@CP 1192 -0.273671314 -0.0016651341 0.242688041 0 0 0
B@CP 1196 -0.334068503 -0.159205247 -0.283040088 0 0 0
B@CP 1197 -0.109765468 0.0939456247 -0.316290043 0 0 0
B@CP 1200 0.0622945155 -0.312334556 0.285260958 0 0 0
B@CP 1206 0.114437202 0.165322497 0.272978164 0 0 0
B@CP 1211 0.0856815457 0.314975917 0.0811838115 0 0 0
B@CP 1221 0.0273699151 0.229477275 0.244529155 0 0 0
B@CP 1222 -0.200267107 -0.214382621 -0.146993393 0 0 0
B@CP 1225 0.0404327466 0.183603772 0.187017058 0 0 0
B@CP 1226 -0.376045554 -0.10175849 0.0565625258 0 0 0
B@CP 1228 -0.406564988 -0.139139851 0.196488186 0 0 0
B@CP 1229 0.131899962 0.158200186 0.396236333 0 0 0
B@CP 1234 0.0298182189 -0.35577981 0.0397327904 0 0 0
B@CP 1237 0.0454776272 -0.131526707 -0.0433920989 0 0 0
B@CP 1239 0.247129986 0.00322304276 0.0854803436 0 0 0
B@CP 1241 -0.00145188908 -0.393612745 0.00924086792 0 0 0
B@CP 1242 0.0719416529 0.166835029 0.270222486 0 0 0
B@CP 1245 0.401404735 0.0825307881 -0.0276118524 0 0 0
B@CP 1248 -0.0381869896 -0.155835468 -0.339942315 0 0 0
B@CP 1257 0.0813301703 0.312602043 -0.230506357 0 0 0
B@CP 1259 0.0736932445 -0.125269266 0.0258941082 0 0 0
B@CP 1262 -0.221749043 -0.407434773 0.0893707963 0 0 0
B@CP 1263 -0.193129736 -0.189411034 -0.358846958 0 0 0
B@CP 1264 0.330136107 -0.290822699 0.081115829 0 0 0
B@CP 1268 0.169493842 0.360293668 0.103041015 0 0 0
B@CP 1274 -0.395774035 0.156195524 0.00626237596 0 0 0
B@CP 1275 0.0817047036 0.431501066 0.100552863 0 0 0
B@CP 1280 -0.391020227 -0.200338208 -0.0404175487 0 0 0
B@CP 1281 0.378742297 -0.227305588 0.0765127087 0 0 0
B@CP 1284 -0.00832959119 0.301972013 -0.250256245 0 0 0
B@CP 1285 0.160907179 -0.240593938 -0.343534631 0 0 0
B@CP 1291 0.0842395262 0.107060094 0.0805213105 0 0 0
B@CP 1293 -0.18119208 0.0903656393 0.251423724 0 0 0
B@CP 1299 0.0494929998 0.123837696 -0.194352287 0 0 0
B@CP 1302 0.347913917 -0.0589588646 0.169743905 0 0 0
B@CP 1305 -0.320473843 -0.0708029964 -0.214418767 0 0 0
B@CP 1306 0.337313178 0.318621338 0.0275170977 0 0 0
B@CP 1312 0.222048164 -0.144508484 0.135622116 0 0 0
B@CP 1318 -0.344079155 -0.265895043 0.00792116018 0 0 0
B@CP 1320 0.108660576 -0.0290893733 0.246767043 0 0 0
B@CP 1323 0.146899869 0.185335184 -0.111384436 0 0 0
B@CP 1324 -0.0276162697 -0.0667270427 -0.444051043 0 0 0
B@CP 1326 0.332987306 -0.179983111 -0.207512028 0 0 0
B@CP 1330 0.121452648 -0.019386085 0.314682056 0 0 0
B@CP 1332 0.0312520345 0.0209538825 -0.382693428 0 0 0
B@CP 1335 0.180279279 -0.345050596 0.148769134 0 0 0
B@CP 1342 0.18115046 0.268456242 0.0822112599 0 0 0
B@CP 1343 -0.290232536 -0.3512722 -0.0903584596 0 0 0
B@CP 1345 -0.400394925 0.221622026 -0.103124677 0 0 0
B@CP 1348 0.187267694 0.298387624 0.303818255 0 0 0
B@CP 1354 -0.383590483 0.0538628521 0.222676409 0 0 0
B@CP 1356 0.243834643 -0.203885746 -0.252114991 0 0 0
B@CP 1362 -0.0305033554 0.265507101 -0.234049706 0 0 0
B@CP 1363 -0.0752060215 -0.256605777 0.201861644 0 0 0
B@CP 1365 -0.168306892 -0.00775693204 -0.0846835457 0 0 0
B@CP 1367 0.115003969 -0.222868603 0.247904973 0 0 0
B@CP 1370 0.0662107301 0.114094125 -0.442629295 0 0 0
B@CP 1371 -0.0981758688 -0.302371706 0.181840813 0 0 0
B@CP 1372 -0.063875236 0.246124857 0.00170805408 0 0 0
B@CP 1373 0.103997488 0.115193497 0.281123192 0 0 0
B@CP 1375 -0.19703075 0.0128243966 -0.133310071 0 0 0
B@CP 1379 -0.129519116 0.401162571 -0.113007938 0 0 0
B@CP 1385 0.0549744069 -0.086261105 0.113845191 0 0 0
B@CP 1387 -0.0265319867 0.0709446506 0.182557316 0 0 0
B@CP 1390 0.289007392 -0.0113359662 0.071261624 0 0 0
B@CP 1391 0.414068108 0.145545604 -0.150179091 0 0 0
B@CP 1393 -0.134906584 -0.0520536176 0.10795327 0 0 0
B@CP 1398 -0.228969394 -0.138048772 -0.330179206 0 0 0
B@CP 1406 0.0500346118 -0.200672651 -0.301772593 0 0 0
B@CP 1408 0.133143379 0.205521889 0.173424879 0 0 0
B@CP 1410 -0.0231287801 0.208400927 0.047070995 0 0 0
B@CP 1416 0.31171814 -0.0756521265 -0.0344128599 0 0 0
B@CP 1417 0.14750837 -0.34995733 -0.178577132 0 0 0
B@CP 1422 -0.121357279 0.0178140672 -0.161170787 0 0 0
B@CP 1423 -0.174901602 -0.140544307 -0.0294621923 0 0 0
B@CP 1424 0.233187185 -0.187868974 0.225028707 0 0 0
B@CP 1428 0.0581010214 0.00831467113 -0.132954072 0 0 0
B@CP 1429 0.141964519 -0.273825194 -0.0688396247 0 0 0
B@CP 1433 -0.306224134 0.0832816969 0.30576677 0 0 0
B@CP 1434 -0.017881432 0.401872212 -0.15519316 0 0 0
B@CP 1436 0.0562092241 -0.243984803 -0.2155192 0 0 0
B@CP 1438 0.0701926166 0.242582918 -0.0647414986 0 0 0
B@CP 1439 -0.167020846 -0.369984338 0.140593172 0 0 0
B@CP 1446 -0.144907614 -0.250644491 -0.173407038 0 0 0
B@CP 1448 -0.188199914 -0.0063414566 0.315575497 0 0 0
B@CP 1452 -0.310814254 0.0424569811 0.0643988684 0 0 0
B@CP 1453 0.0261711643 0.290902102 -0.113539002 0 0 0
B@CP 1454 0.341696113 -0.0783095168 0.281480432 0 0 0
B@CP 1465 -0.444876549 -0.064925629 0.0101805171 0 0 0
B@CP 1466 -0.241991312 0.1620409 -0.356762619 0 0 0
B@CP 1470 -0.395507548 -0.131845084 0.0470627059 0 0 0
B@CP 1471 -0.391692673 -0.0687668459 -0.144775648 0 0 0
B@CP 1472 0.0420852193 0.376091498 -0.226567171 0 0 0
B@CP 1478 -0.284156334 0.317835736 0.0740340916 0 0 0
B@CP 1481 -0.0185268821 0.219660009 0.366277145 0 0 0
B@CP 1482 0.106752091 -0.181972177 -0.28924415 0 0 0
B@CP 1483 -0.113220753 0.426889059 -0.00361886003 0 0 0
B@CP 1486 0.000526241824 0.067740594 0.312737276 0 0 0
B@CP 1489 -0.0145943973 -0.165198045 0.314608593 0 0 0
B@CP 1490 0.152617553 0.162385288 0.41493127 0 0 0
B@CP 1491 0.198435227 0.284114651 0.0821966305 0 0 0
B@CP 1492 -0.0127464844 -0.079438583 -0.416446315 0 0 0
B@CP 1495 0.173456442 -0.123746382 -0.128841511 0 0 0
B@CP 1500 0.270273867 0.129267742 0.0496945345 0 0 0
B@CP 1504 0.141262807 -0.0581688167 0.0505243885 0 0 0
B@CP 1505 -0.166347512 0.279831047 0.181673817 0 0 0
B@CP 1509 0.239462708 -0.173552878 0.175530502 0 0 0
B@CP 1515 -0.139806461 -0.296392169 -0.0212760215 0 0 0
B@CP 1519 -0.0135135243 -0.403579396 0.0275186109 0 0 0
B@CP 1523 0.285046613 -0.0361959232 0.360245879 0 0 0
B@CP 1524 0.0493110818 0.247453277 -0.1344018 0 0 0
B@CP 1526 0.397668407 -0.101379878 0.0415317993 0 0 0
B@CP 1527 -0.338510862 0.220279361 0.116947648 0 0 0
B@CP 1530 -0.298722865 0.231487367 -0.0849696886 0 0 0
B@CP 1534 0.17006539 0.386990216 0.20345343 0 0 0
B@CP 1536 0.151520289 -0.389466159 -0.180589324 0 0 0
B@CP 1551 -0.345117629 0.189877406 -0.130036223 0 0 0
B@CP 1552 -0.208791119 -0.362718385 0.194752755 0 0 0
B@CP 1555 0.360002667 -0.123307225 -0.140648906 0 0 0
B@CP 1561 -0.0933087049 -0.331808697 0.293997497 0 0 0
B@CP 1567 0.0282919463 0.0895722666 -0.0580287036 0 0 0
B@CP 1569 -0.0886588249 -0.118397249 -0.055384963 0 0 0
B@CP 1572 -0.0227351161 0.243804384 -0.335715083 0 0 0
B@CP 1573 0.143490497 -0.0866588514 0.167724565 0 0 0
B@CP 1576 -0.0867394625 -0.086613505 -0.435953245 0 0 0
B@CP 1580 0.0920632979 -0.133536171 0.209654636 0 0 0
B@CP 1583 0.0822776887 0.0191553858 -0.421817143 0 0 0
B@CP 1584 0.359428265 0.00315313933 0.202278868 0 0 0
B@CP 1586 -0.143420987 -0.105022855 0.405073637 0 0 0
B@CP 1588 -0.232627646 0.251902519 -0.300640196 0 0 0
B@CP 1589 0.0342363191 0.444722904 -0.0775126357 0 0 0
B@CP 1596 -0.212924393 0.0563692715 0.0377405631 0 0 0
B@CP 1600 -0.209001827 0.245788425 -0.0740433335 0 0 0
B@CP 1606 0.393092599 -0.224537802 0.144410431 0 0 0
B@CP 1609 0.136638232 0.248019166 0.0117276603 0 0 0
B@CP 1611 0.233974801 0.347248912 0.0209004333 0 0 0
B@CP 1613 -0.312820352 0.271052987 -0.168263618 0 0 0
B@CP 1625 0.163095213 0.0616368895 -0.264499785 0 0 0
B@CP 1630 0.131416104 -0.329571383 -0.288362245 0 0 0
B@CP 1637 -0.102088029 0.310525598 0.182547204 0 0 0
B@CP 1638 0.168431563 0.0366875377 -0.00845678216 0 0 0
B@CP 1642 0.283509858 -0.260394518 0.18998514 0 0 0
B@CP 1645 -0.102045932 0.136042057 -0.291094283 0 0 0
B@CP 1649 0.1410171 0.0608852956 -0.0491284718 0 0 0
B@CP 1655 -0.159726133 0.116564116 -0.182445175 0 0 0
B@CP 1656 -0.184099784 0.343971787 -0.093852492 0 0 0
B@CP 1673 0.348252776 -0.0839465398 0.289301555 0 0 0
B@CP 1678 0.219576624 0.207191657 -0.213318014 0 0 0
B@CP 1679 0.393386763 0.125497585 0.190890967 0 0 0
B@CP 1681 -0.324538266 0.101538268 -0.121144521 0 0 0
B@CP 1686 -0.123356086 -0.344852748 0.0980709461 0 0 0
B@CP 1690 -0.268515355 0.321435888 0.0119219992 0 0 0
B@CP 1694 -0.11674591 0.093385511 -0.441492008 0 0 0
B@CP 1696 -0.0708744473 0.153453708 -0.173461201 0 0 0
B@CP 1697 0.248344846 0.167393627 -0.076682763 0 0 0
B@CP 1701 -0.1480187 0.361020263 0.217835491 0 0 0
B@CP 1703 0.0628422968 0.0310139809 0.280200947 0 0 0
B@CP 1705 0.0448603991 -0.174220873 0.418326384 0 0 0
B@CP 1710 0.0698417273 -0.450011931 -0.0965155956 0 0 0
B@CP 1719 -0.349449882 -0.18954184 -0.181997192 0 0 0
B@CP 1722 0.0254185969 0.10845396 0.386383754 0 0 0
B@CP 1727 -0.0697974154 0.103030821 -0.449431046 0 0 0
B@CP 1733 -0.0731193269 -0.372337134 0.0162884209 0 0 0
B@CP 1735 0.0258142593 -0.406237385 -0.000760805561 0 0 0
B@CP 1736 0.127367643 -0.335176099 -0.187310208 0 0 0
B@CP 1739 -0.29674838 -0.253551205 -0.0893003954 0 0 0
B@CP 1740 0.151824457 -0.161055013 -0.1807499 0 0 0
B@CP 1743 -0.194998457 -0.311687839 0.0436128044 0 0 0
B@CP 1745 -0.261652638 -0.179110896 -0.325648706 0 0 0
B@CP 1746 -0.294421706 0.250605257 0.0580060453 0 0 0
B@CP 1747 0.21613477 -0.0667997419 0.0750946728 0 0 0
B@CP 1748 -0.22233239 0.278026111 0.0740717621 0 0 0
B@CP 1751 0.284529477 -0.171488999 -0.0652857108 0 0 0
B@CP 1752 -0.324673165 0.0499167668 -0.335980963 0 0 0
B@CP 1755 -0.12201001 -0.199052338 -0.236040002 0 0 0
B@CP 1763 0.180486918 0.00406998558 0.243622574 0 0 0
B@CP 1774 0.0769236321 0.149786195 0.237388614 0 0 0
B@CP 1777 0.23586364 -0.333788563 -0.0300955491 0 0 0
B@CP 1781 0.307443257 -0.279784853 0.0451984805 0 0 0
B@CP 1789 -0.223487411 -0.115772218 0.403980845 0 0 0
B@CP 1790 0.293315212 0.0135935276 -0.148721398 0 0 0
B@CP 1793 -0.231262547 0.131037717 0.336904542 0 0 0
B@CP 1800 0.0272832625 -0.0119288739 0.0521477509 0 0 0
B@CP 1802 0.368394665 0.202229616 -0.0519214452 0 0 0
B@CP 1803 -0.191377349 0.182004702 0.315227354 0 0 0
B@CP 1804 0.13020834 0.163811259 0.167899927 0 0 0
B@CP 1807 -0.125837963 0.00472287294 0.137386589 0 0 0
B@CP 1814 0.117242216 0.0398240396 -0.0731651368 0 0 0
B@CP 1815 0.0537895214 -0.149215638 0.221371808 0 0 0
B@CP 1817 -0.343299523 0.26056714 -0.129298792 0 0 0
B@CP 1819 0.0215185154 -0.274564081 0.320654284 0 0 0
B@CP 1822 -0.142704876 0.0944814571 0.105709292 0 0 0
B@CP 1823 -0.29450466 -0.0859565274 -0.242778184 0 0 0
B@CP 1826 -0.441684381 0.000712397046 0.158773018 0 0 0
B@CP 1828 0.369311245 0.0143755071 -0.21840104 0 0 0
B@CP 1835 -0.384461671 -0.0411093419 0.199491365 0 0 0
B@CP 1836 0.100246319 0.0792142988 0.412432075 0 0 0
B@CP 1838 0.377928612 -0.225422985 -0.12391396 0 0 0
B@CP 1840 0.108422686 -0.40969411 -0.0132553897 0 0 0
B@CP 1842 -0.1626917 -0.0764726273 0.0033609263 0 0 0
B@CP 1844 0.0201516433 0.0604639505 0.341256691 0 0 0
B@CP 1847 0.0790676038 0.22183215 -0.314414154 0 0 0
B@CP 1848 -0.275661479 0.00314316062 0.0564888746 0 0 0
B@CP 1851 0.20968059 -0.138854143 0.130209478 0 0 0
B@CP 1852 -0.059328403 0.0528549621 -0.026143225 0 0 0
B@CP 1855 0.183433097 0.318315765 0.227920792 0 0 0
B@CP 1856 -0.302459594 -0.00139686857 0.173116753 0 0 0
B@CP 1858 0.0243972338 -0.348781588 0.155551627 0 0 0
B@CP 1861 -0.0477403168 0.256385954 0.115692779 0 0 0
B@CP 1862 0.10850056 -0.269785145 -0.181250863 0 0 0
B@CP 1866 -0.305113819 0.0221140344 -0.294155275 0 0 0
B@CP 1870 0.108388622 0.238358836 0.0642327507 0 0 0
B@CP 1872 0.0285064485 0.313979924 -0.0440118008 0 0 0
B@CP 1873 -0.332464677 0.13836057 -0.270719697 0 0 0
B@CP 1877 0.166284802 -0.20290657 -0.00751979443 0 0 0
B@CP 1879 -0.188032013 0.15198675 0.00238171512 0 0 0
B@CP 1880 0.10934819 0.325466629 0.102020564 0 0 0
B@CP 1881 0.0673711979 -0.30277443 0.32220799 0 0 0
B@CP 1883 -0.152496997 0.35297272 0.180428936 0 0 0
B@CP 1887 -0.19359783 1.05454163e-05 0.416359584 0 0 0
B@CP 1890 -0.381840441 -0.159835138 -0.112905468 0 0 0
B@CP 1891 -0.375672597 0.0903106681 -0.0331836064 0 0 0
B@CP 1892 -0.0863514228 -0.0824065745 -0.0882949556 0 0 0
B@CP 1893 -0.0640722739 -0.238958651 -0.151137203 0 0 0
B@CP 1899 -0.0801689414 0.13096434 0.0635187753 0 0 0
B@CP 1901 0.109422851 0.278819541 -0.0633953575 0 0 0
B@CP 1903 -0.0765800421 -0.110059395 0.0656179189 0 0 0
B@CP 1906 -0.108802904 -0.126235715 0.220869474 0 0 0
B@CP 1909 0.0120786318 -0.459923469 0.0607841355 0 0 0
B@CP 1910 0.34358085 -0.206943309 -0.197643474 0 0 0
B@CP 1911 -0.127245118 0.434482106 0.0418833524 0 0 0
B@CP 1915 0.307687036 -0.165381361 -0.20622574 0 0 0
B@CP 1917 -0.118000375 -0.337988229 0.235889373 0 0 0
B@CP 1920 0.133301205 -0.376260591 -0.117286549 0 0 0
B@CP 1921 0.216626036 0.0934686427 -0.0260406378 0 0 0
B@CP 1922 -0.00167399374 0.159724593 0.254583195 0 0 0
B@CP 1925 -0.0992818553 0.078453993 0.235220094 0 0 0
B@CP 1935 -0.127846765 0.0942552439 -0.0984002598 0 0 0
B@CP 1937 0.149940352 0.211654398 0.00161540576 0 0 0
B@CP 1939 -0.125733333 0.159592308 0.00292381285 0 0 0
B@CP 1950 -0.30732783 -0.221033589 -0.243950096 0 0 0
B@CP 1955 0.152181979 -0.229675689 -0.292839367 0 0 0
B@CP 1958 0.0764575974 -0.416885564 0.0396062322 0 0 0
B@CP 1960 0.0685175193 0.412817229 0.134691005 0 0 0
B@CP 1967 -0.349028339 0.158637861 0.0834809734 0 0 0
B@CP 1970 0.0419009403 -0.288072417 0.230068062 0 0 0
B@CP 1974 0.0690987275 0.061618933 0.0371794338 0 0 0
B@CP 1980 0.0372431644 -0.064828584 0.00748825908 0 0 0
B@CP 1993 0.185961493 -0.350876983 0.127916273 0 0 0
B@CP 1994 0.0381773621 0.0912810742 0.100503621 0 0 0
B@CP 1996 -0.367124585 -0.286220738 0.0416910572 0 0 0
B@CP 1999 -0.141931589 -0.0277624149 -0.00429102027 0 0 0
B@CP 2002 0.191137199 -0.377593231 0.0843588187 0 0 0
B@CP 2005 -0.211359914 -0.0664404538 -0.16230154 0 0 0
B@CP 2013 0.151947774 0.147719105 -0.074676001 0 0 0
B@CP 2019 -0.302950981 0.0984993093 0.29063053 0 0 0
B@CP 2021 -0.424725733 0.110130629 0.020874208 0 0 0
B@CP 2022 0.337083713 0.0577079378 -0.0372961767 0 0 0
B@CP 2024 0.375589265 -0.16627371 0.085542085 0 0 0
B@CP 2025 -0.0192120142 -0.00764713765 0.277118812 0 0 0
B@CP 2026 -0.254794636 -0.0539458063 -0.258978281 0 0 0
B@CP 2028 -0.0773070215 -0.298332718 0.236503125 0 0 0
B@CP 2029 -0.0488496709 0.262843161 -0.317524099 0 0 0
B@CP 2032 0.142473694 -0.100200025 -0.134611284 0 0 0
B@CP 2033 0.125442123 -0.147712103 -0.174291267 0 0 0
B@CP 2034 -0.138033015 0.106854972 -0.300260997 0 0 0
B@CP 2036 -0.323830388 -0.158638115 0.0230279922 0 0 0
B@CP 2037 0.00152381254 0.346757775 0.132594087 0 0 0
B@CP 2040 -0.0169216461 0.153643418 0.0590307612 0 0 0
B@CP 2042 0.307707066 0.139664244 0.224224392 0 0 0
B@CP 2043 0.107720445 -0.343325941 0.0520298376 0 0 0
B@CP 2048 -0.290914902 0.237001626 0.188141467 0 0 0
B@CP 2050 -0.0212809369 0.235508488 0.180834169 0 0 0
B@CP 2053 0.071909913 -0.322067606 -0.135713058 0 0 0
B@CP 2057 0.0127468275 -0.134511821 0.131561336 0 0 0
B@CP 2059 -0.184005409 -0.184460132 0.399314359 0 0 0
B@CP 2060 0.211897767 0.114747256 0.0219536159 0 0 0
B@CP 2068 -0.380312215 -0.097780368 -0.214695642 0 0 0
B@CP 2076 -0.154097559 0.242155578 0.342890631 0 0 0
B@CP 2077 0.20589529 0.266726399 -0.0400347293 0 0 0
B@CP 2078 0.0136124443 -0.263907853 -0.23182396 0 0 0
B@CP 2079 -0.185041795 0.243998926 0.146536922 0 0 0
B@CP 2081 0.199289828 -0.286269873 -0.105143786 0 0 0
B@CP 2082 0.074708264 0.102643356 0.34489551 0 0 0
B@CP 2083 -0.183118062 0.155306689 0.393450945 0 0 0
B@CP 2086 0.0558802008 0.204504395 0.183104981 0 0 0
B@CP 2087 0.164695653 -0.261730919 0.0330662331 0 0 0
B@CP 2091 0.0410624799 0.0747363817 0.14372188 0 0 0
B@CP 2095 0.0527662807 -0.168886694 -0.245800965 0 0 0
B@CP 2103 0.145146152 0.170905091 0.25421672 0 0 0
B@CP 2105 0.155340851 -0.0209907467 -0.19618041 0 0 0
B@CP 2109 -0.199387208 0.0977132259 -0.137394321 0 0 0
B@CP 2110 0.373290402 0.064041135 0.134027751 0 0 0
B@CP 2111 -0.243171844 -0.169148618 0.203012946 0 0 0
B@CP 2113 0.0792588574 -0.3697012 0.109116648 0 0 0
B@CP 2114 0.417428125 0.0413410334 -0.168806947 0 0 0
B@CP 2115 -0.219385722 -0.279506366 0.00108519416 0 0 0
B@CP 2117 -0.0358350886 -0.273084309 -0.295828845 0 0 0
B@CP 2118 0.154870018 -0.116592292 0.00471539618 0 0 0
B@CP 2119 -0.402264356 0.120242487 -0.0413965818 0 0 0
B@CP 2125 0.278627845 0.199030973 0.260170167 0 0 0
B@CP 2127 -0.24518714 -0.215532849 -0.0224143493 0 0 0
B@CP 2130 -0.0870124837 0.302762873 0.205323142 0 0 0
B@CP 2131 0.117521973 0.0384919752 -0.271624238 0 0 0
B@CP 2133 0.203361684 0.169678201 0.145085792 0 0 0
B@CP 2134 0.0877234604 0.0496627296 0.445722933 0 0 0
B@CP 2136 0.223289277 0.34428629 0.0346646464 0 0 0
B@CP 2141 -0.117293548 0.16652337 -0.103432013 0 0 0
B@CP 2144 -0.346294264 -0.0969178095 0.271675659 0 0 0
B@CP 2145 0.0665004604 0.376403943 -0.114159811 0 0 0
B@CP 2149 0.0195135033 -0.267770747 -0.221253111 0 0 0
B@CP 2154 -0.0220729608 -0.116183047 -0.419391953 0 0 0
B@CP 2161 0.196228161 -0.0443784282 -0.279704449 0 0 0
B@CP 2164 -0.31494164 0.204846365 -0.136064862 0 0 0
B@CP 2166 0.0832560888 0.0383371121 -0.1103137 0 0 0
B@CP 2168 0.0165426011 -0.156753885 0.328118599 0 0 0
B@CP 2169 -0.0322547913 0.296092369 -0.160006094 0 0 0
B@CP 2175 -0.418184228 0.154694038 -0.0496089792 0 0 0
B@CP 2177 -0.142565363 -0.238954995 -0.309068816 0 0 0
B@CP 2182 0.231631368 0.084402385 0.33359364 0 0 0
B@CP 2186 -0.0861533745 0.346462747 -0.27402688 0 0 0
B@CP 2188 -0.0113421895 -0.252466572 0.351671389 0 0 0
B@CP 2203 -0.254287437 -0.142683256 -0.197818911 0 0 0
B@CP 2205 -0.0725532191 0.401159418 -0.0644897883 0 0 0
B@CP 2207 -0.235620032 -0.239665736 -0.0786097802 0 0 0
B@CP 2208 -0.170155072 0.383162978 0.0625740507 0 0 0
B@CP 2213 -0.345976073 -0.188131285 -0.052807549 0 0 0
B@CP 2215 0.0116987915 0.176356106 -0.174234498 0 0 0
B@CP 2217 0.209028996 -0.42201626 0.0134790995 0 0 0
B@CP 2220 0.159945535 -0.106349471 0.35969981 0 0 0
B@CP 2221 -0.157459812 0.380699271 -0.0634376185 0 0 0
B@CP 2222 0.0307751654 -0.268509618 -0.241301257 0 0 0
B@CP 2225 0.219571623 -0.374923869 -0.110402982 0 0 0
B@CP 2226 0.0622414232 0.228750018 -0.119648903 0 0 0
B@CP 2228 -0.276076441 0.288224885 0.0805667704 0 0 0
B@CP 2230 -0.367483442 0.0733488557 0.050986655 0 0 0
B@CP 2233 -0.303457519 -0.155962276 0.0844743313 0 0 0
B@CP 2234 -0.104192018 -0.230694348 -0.298458642 0 0 0
B@CP 2248 -0.35418711 0.107476456 -0.0813751352 0 0 0
B@CP 2250 -0.0431291634 -0.0566253182 0.422187175 0 0 0
B@CP 2251 0.144423598 -0.0176152841 0.351004496 0 0 0
B@CP 2252 -0.084084623 0.276824765 0.187030904 0 0 0
B@CP 2254 0.316476373 -0.131293255 -0.0320991302 0 0 0
B@CP 2255 0.0218410966 -0.12688797 0.0740325981 0 0 0
B@CP 2256 -0.160953824 0.0196865521 -0.0471831613 0 0 0
B@CP 2263 -0.0424011061 0.265958647 -0.198487204 0 0 0
B@CP 2267 0.390745347 0.258105735 0.129007126 0 0 0
B@CP 2271 -0.142596818 0.297072528 0.180157206 0 0 0
B@CP 2272 -0.153213192 -0.139530502 0.0224435922 0 0 0
B@CP 2273 0.0686924788 0.268963027 -0.0389155514 0 0 0
B@CP 2275 -0.358891793 0.191296761 -0.156444011 0 0 0
B@CP 2279 0.284217312 -0.0256174751 -0.310345638 0 0 0
B@CP 2282 -0.136537422 -0.198668623 0.305901347 0 0 0
B@CP 2284 0.103614396 -0.381159437 -0.0396547696 0 0 0
B@CP 2285 0.183355091 0.0916452268 -0.378975961 0 0 0
B@CP 2293 0.215650805 0.253182423 0.0399727017 0 0 0
B@CP 2299 0.342489954 -0.148255396 0.0767991041 0 0 0
B@CP 2300 0.204263033 -0.345601024 0.150923726 0 0 0
B@CP 2301 -0.333753247 -0.229362916 0.0904680544 0 0 0
B@CP 2303 -0.162843441 -0.155229084 0.0344258975 0 0 0
B@CP 2305 0.205345529 0.0444778487 -0.337163749 0 0 0
B@CP 2309 0.184652359 -0.413326285 -0.117292149 0 0 0
B@CP 2313 -0.233072939 -0.301241871 -0.0424047914 0 0 0
B@CP 2315 0.0836093268 0.159921769 0.113628313 0 0 0
B@CP 2320 -0.159045142 -0.19731414 -0.182282557 0 0 0
B@CP 2325 -0.213382166 0.0759835734 0.368789979 0 0 0
B@CP 2329 0.0883845888 0.0902502147 0.42276743 0 0 0
B@CP 2331 0.297222062 0.242207333 0.168661191 0 0 0
B@CP 2332 0.207325834 -0.155824216 0.399247443 0 0 0
B@CP 2333 -0.177624893 -0.0140631537 0.0996693509 0 0 0
B@CP 2335 0.309454148 -0.186314437 -0.079456971 0 0 0
B@CP 2336 0.0445853587 -0.0975026548 -0.16730044 0 0 0
B@CP 2340 0.00522844556 0.272544458 -0.271880372 0 0 0
B@CP 2343 0.202128505 -0.0519750333 0.386432845 0 0 0
B@CP 2346 -0.0351827909 0.0225797485 -0.0400635099 0 0 0
B@CP 2348 -0.219967225 -0.200824194 -0.00424017685 0 0 0
B@CP 2350 0.228916961 0.263699015 -0.124608323 0 0 0
B@CP 2351 0.326825571 0.242317763 0.0641337197 0 0 0
B@CP 2352 -0.0059883664 0.0822613314 0.0229219572 0 0 0
B@CP 2356 0.011382171 0.312211779 -0.185149347 0 0 0
B@CP 2357 0.0560975179 0.127557251 -0.322951912 0 0 0
B@CP 2359 0.109220773 -0.0122756956 0.04801114 0 0 0
B@CP 2363 0.157162361 0.0807541987 0.256407174 0 0 0
B@CP 2365 -0.254191746 -0.0865736132 -0.197638055 0 0 0
B@CP 2368 -0.0403929283 0.329023849 -0.224278131 0 0 0
B@CP 2369 -0.382098928 -0.209501736 -0.185728509 0 0 0
B@CP 2370 0.155879394 0.28393795 -0.294902777 0 0 0
B@CP 2372 -0.0773262576 0.289763413 0.179830477 0 0 0
B@CP 2373 0.299291939 0.0675438858 0.194725251 0 0 0
B@CP 2376 -0.230453209 0.026956811 -0.352238638 0 0 0
B@CP 2381 -0.320406058 -0.169288263 -0.27273977 0 0 0
B@CP 2382 -0.250754209 0.0645834545 -0.243746324 0 0 0
B@CP 2383 -0.248608225 -0.0967764082 0.155692814 0 0 0
B@CP 2386 0.185598667 0.28391736 -0.16924917 0 0 0
B@CP 2388 -0.108863048 0.372451463 -0.0491448994 0 0 0
B@CP 2392 -0.415166556 0.00115262731 0.0498037084 0 0 0
B@CP 2395 -0.215242034 0.00832356012 -0.0227670934 0 0 0
B@CP 2397 0.144867017 -0.0128599479 -0.213288968 0 0 0
B@CP 2400 0.189967659 -0.324745353 0.0607788455 0 0 0
B@CP 2402 0.00240497888 -0.109047064 -0.318479206 0 0 0
B@CP 2405 -0.241776267 -0.0858335706 0.35001576 0 0 0
B@CP 2411 0.175244645 -0.0603263249 0.264355541 0 0 0
B@CP 2413 -0.0390661094 0.241900822 0.209490433 0 0 0
B@CP 2416 0.0248068151 0.159122641 -0.242641025 0 0 0
B@CP 2421 0.046659151 -0.322863106 0.296753497 0 0 0
B@CP 2437 0.0255511582 -0.0913260886 -0.337190216 0 0 0
B@CP 2441 0.404494812 0.0662916197 -0.0436363406 0 0 0
B@CP 2456 0.353984271 -0.156991196 0.0181795375 0 0 0
B@CP 2457 -0.176792095 -0.170894665 0.197648895 0 0 0
B@CP 2459 -0.0594323249 0.069380465 0.0773808387 0 0 0
B@CP 2460 0.347835543 -0.241474799 0.13111966 0 0 0
B@CP 2461 -0.0429650452 -0.0584601154 -0.335757305 0 0 0
B@CP 2462 -0.208920205 -0.14573393 0.145855583 0 0 0
B@CP 2467 -0.070680015 0.227784035 0.412342121 0 0 0
B@CP 2471 0.185085022 -0.0742398985 -0.325813363 0 0 0
B@CP 2475 0.00745679307 0.393094011 0.249057941 0 0 0
B@CP 2477 0.242463449 -0.403920222 -0.0372015832 0 0 0
B@CP 2481 0.290209134 0.320972133 0.159459955 0 0 0
B@CP 2487 0.344785528 0.117475798 -0.126460522 0 0 0
B@CP 2492 0.0692916918 0.0191726146 -0.324324816 0 0 0
C@CP 2500 0.229571059 0.184110211 0.373718344 0 0 0
C@CP 2501 0.187864886 -0.0339091261 0.0324698048 0 0 0
C@CP 2502 -0.330881471 0.227595022 -0.0668446085 0 0 0
C@CP 2503 0.155276546 -0.412293471 -0.0992207889 0 0 0
C@CP 2504 0.362067638 -0.0573795526 -0.126121796 0 0 0
C@CP 2505 0.274229647 0.251210251 0.0532901866 0 0 0
C@CP 2506 0.00716981727 0.197445832 0.294125996 0 0 0
C@CP 2507 -0.00483660538 0.210454692 -0.0818218808 0 0 0
C@CP 2508 0.289063879 -0.249938965 0.186319198 0 0 0
C@CP 2509 -0.198678718 -0.217801066 -0.129335704 0 0 0
C@CP 2510 -0.293394867 -0.210788758 0.289727676 0 0 0
C@CP 2511 -0.394543949 -0.0875544147 -0.0759327687 0 0 0
C@CP 2512 -0.0496048524 -0.342974302 0.140672997 0 0 0
C@CP 2513 -0.142990177 0.437878436 0.0622084303 0 0 0
C@CP 2514 -0.0262822381 -0.0574082383 -0.458080203 0 0 0
C@CP 2515 -0.237580064 -0.273513137 -0.267890962 0 0 0
C@CP 2516 0.317436867 0.102566528 -0.154041633 0 0 0
C@CP 2517 -0.312697199 0.250658589 -0.18172585 0 0 0
C@CP 2518 0.229518697 0.203321342 0.358657429 0 0 0
C@CP 2519 0.181142194 -0.188826265 -0.136086794 0 0 0
C@CP 2520 0.0680416037 0.2040188 -0.0173383122 0 0 0
C@CP 2521 -0.252034026 0.32114746 -0.158842826 0 0 0
C@CP 2522 0.079648044 -0.0870331127 0.192366966 0 0 0
C@CP 2523 -0.131167506 0.0797758066 0.316292102 0 0 0
C@CP 2524 0.135822361 -0.147641975 0.271271999 0 0 0
C@CP 2525 0.0581504435 -0.015147914 0.0261668047 0 0 0
C@CP 2526 -0.0976618139 0.23617641 -0.224630603 0 0 0
C@CP 2527 0.160927357 0.333324976 0.0571645222 0 0 0
C@CP 2528 -0.325112627 -0.173223596 -0.174798209 0 0 0
C@CP 2529 -0.174307636 0.285373126 0.220598673 0 0 0
C@CP 2530 -0.348120178 -0.247289297 -1.88829481e-05 0 0 0
C@CP 2531 0.381033919 0.192201786 0.193754528 0 0 0
C@CP 2532 0.183176774 0.030691136 0.239756493 0 0 0
C@CP 2533 -0.313093943 -0.0735365573 -0.13049579 0 0 0
C@CP 2534 0.0569580037 -0.297026304 0.217003385 0 0 0
C@CP 2535 -0.158795328 -0.262279238 -0.217237637 0 0 0
C@CP 2536 0.359483464 0.206659571 -0.0341457437 0 0 0
C@CP 2537 0.0273364163 -0.223767205 0.0494258739 0 0 0
C@CP 2538 0.170518462 0.259323298 -0.207474677 0 0 0
C@CP 2539 0.0914332806 0.0986511158 -0.185361144 0 0 0
C@CP 2540 -0.217819796 0.298639564 -0.171124935 0 0 0
C@CP 2541 -0.199287042 -0.154268554 0.0827261885 0 0 0
C@CP 2542 0.0346819814 -0.33747178 -0.199621112 0 0 0
C@CP 2543 0.0296221115 -0.276391942 0.39398308 0 0 0
C@CP 2544 0.428835638 0.0599548393 -0.0594279855 0 0 0
C@CP 2545 0.138494666 -0.121504759 -0.25195833 0 0 0
C@CP 2546 0.206959493 -0.281315306 0.272548419 0 0 0
C@CP 2547 0.379808723 -0.125531079 -0.105684033 0 0 0
C@CP 2548 -0.013245965 -0.0703159225 0.386330046 0 0 0
C@CP 2549 0.0261750815 -0.0652846184 0.423121018 0 0 0
C@CP 2550 -0.0349559086 0.00730597287 -0.256315564 0 0 0
C@CP 2551 0.112701344 -0.23387042 -0.310608806 0 0 0
C@CP 2552 -0.23651953 0.149530399 0.257206365 0 0 0
C@CP 2553 -0.174014595 0.296356228 0.0478477602 0 0 0
C@CP 2554 -0.270397363 0.133182091 -0.227207216 0 0 0
C@CP 2555 -0.0235587315 0.0594510231 0.282360577 0 0 0
C@CP 2556 0.149537618 0.125218943 0.369589224 0 0 0
C@CP 2557 -0.16973 -0.279978185 -0.065329923 0 0 0
C@CP 2558 0.253345851 0.254968578 -0.190794773 0 0 0
C@CP 2559 0.131015356 -0.00560532353 0.162532555 0 0 0
C@CP 2560 0.0833515766 0.122512642 0.263343924 0 0 0
C@CP 2561 0.206679051 -0.0949780878 0.246526943 0 0 0
C@CP 2562 -0.325673617 -0.068812885 0.179687999 0 0 0
C@CP 2563 0.0806422923 0.286504342 -0.0719140423 0 0 0
C@CP 2564 -0.139754888 0.0590460448 -0.388998829 0 0 0
C@CP 2565 -0.192652632 0.169347196 0.166871893 0 0 0
C@CP 2566 0.264752488 -0.0124525185 -0.094741301 0 0 0
C@CP 2567 -0.0337926927 -0.0428905351 0.121890644 0 0 0
C@CP 2568 -0.169954473 -0.375931098 -0.0993162976 0 0 0
C@CP 2569 0.230702463 -0.144317728 0.172120748 0 0 0
C@CP 2570 -0.355218114 -0.00351952005 -0.23584539 0 0 0
C@CP 2571 -0.350416108 0.277630892 -0.0449997258 0 0 0
C@CP 2572 -0.113033468 0.359243684 0.063705453 0 0 0
C@CP 2573 -0.308509725 -0.169818348 0.0144488864 0 0 0
C@CP 2574 -0.126399419 0.084801718 0.260416984 0 0 0
C@CP 2575 -0.262178838 0.057738678 0.0150495588 0 0 0
C@CP 2576 0.133892883 -0.324164662 0.0727084076 0 0 0
C@CP 2577 0.220076801 -0.0175263914 -0.15076109 0 0 0
C@CP 2578 0.0357900647 0.392064977 -0.130444761 0 0 0
C@CP 2579 0.115914544 0.344021707 -0.191780943 0 0 0
C@CP 2580 0.0814259213 0.0780996649 0.021735526 0 0 0
C@CP 2581 -0.278220532 -0.137646483 -0.0123189548 0 0 0
C@CP 2582 -0.292333235 1.14390618e-05 0.286721579 0 0 0
C@CP 2583 -0.272170021 0.183150742 -0.240936423 0 0 0
C@CP 2584 -0.222268135 0.16636451 -0.176153731 0 0 0
C@CP 2585 -0.40771808 -0.222068186 0.125543383 0 0 0
C@CP 2586 0.085258604 0.33817335 -0.0115823001 0 0 0
C@CP 2587 -0.0141842102 0.171179216 -0.220248002 0 0 0
C@CP 2588 -0.0443084287 0.130741642 -0.4091746 0 0 0
C@CP 2589 0.00956826268 0.151075399 -0.340292959 0 0 0
C@CP 2590 -0.109709937 0.386102742 -0.135106915 0 0 0
C@CP 2591 -0.257602351 0.15354792 -0.152903688 0 0 0
C@CP 2592 0.193245976 0.123003728 -0.375866236 0 0 0
C@CP 2593 -0.168695096 0.346163119 0.050835486 0 0 0
C@CP 2594 0.388795796 0.0664037311 0.162832216 0 0 0
C@CP 2595 -0.26292228 -0.104791403 -0.285877707 0 0 0
C@CP 2596 0.00683702243 0.169192855 0.164283518 0 0 0
C@CP 2597 0.0926655608 0.174713239 0.389784743 0 0 0
C@CP 2598 -0.104940228 0.196296431 -0.234695118 0 0 0
C@CP 2599 -0.296887765 -0.144474503 -0.0827955622 0 0 0
C@CP 2600 -0.049028879 0.261910697 -0.384718522 0 0 0
C@CP 2601 -0.270569398 0.286686759 0.0832509557 0 0 0
C@CP 2602 0.323468769 0.0426646706 -0.277649628 0 0 0
C@CP 2603 0.121190017 0.404184945 -0.122051878 0 0 0
C@CP 2604 -0.369726321 -0.248134125 0.0457233721 0 0 0
C@CP 2605 -0.130847942 -0.126787178 0.291801946 0 0 0
C@CP 2606 0.108315182 0.300475686 -0.0225265965 0 0 0
C@CP 2607 0.0244110623 -0.121024536 0.413307046 0 0 0
C@CP 2608 -0.154511954 -0.277516826 0.295381594 0 0 0
C@CP 2609 0.154233801 0.207199357 -0.103591539 0 0 0
C@CP 2610 -0.0633719453 0.315411313 0.0807729703 0 0 0
C@CP 2611 0.455563841 -0.049681286 -0.00507799152 0 0 0
C@CP 2612 -0.208406386 -0.199788592 -0.111395677 0 0 0
C@CP 2613 -0.136623501 0.220069619 -0.116883874 0 0 0
C@CP 2614 -0.0328185692 0.190223562 0.0857894178 0 0 0
C@CP 2615 0.414956905 0.0417702215 -0.224225913 0 0 0
C@CP 2616 0.235458579 -0.128991635 0.0809732277 0 0 0
C@CP 2617 0.0975627438 -0.285745005 0.295067852 0 0 0
C@CP 2618 -0.272820203 -0.0244106966 0.119834419 0 0 0
C@CP 2619 0.125957332 -0.165445846 0.0657936516 0 0 0
C@CP 2620 -0.336695748 -0.136378609 0.276706665 0 0 0
C@CP 2621 0.137699427 -0.173719275 -0.312894074 0 0 0
C@CP 2622 -0.0388325359 -0.198720871 0.351275587 0 0 0
C@CP 2623 -0.150265897 0.123724866 0.223395552 0 0 0
C@CP 2624 0.0933109941 0.327653322 -0.255510924 0 0 0
C@CP 2625 0.100051998 0.205106119 0.399552314 0 0 0
C@CP 2626 -0.196450459 0.0159699957 -0.209584774 0 0 0
C@CP 2627 -0.0417967852 -0.0353488698 -0.471957618 0 0 0
C@CP 2628 0.259895154 0.338824459 0.0902578799 0 0 0
C@CP 2629 0.0947270699 0.0672793174 0.00298821144 0 0 0
C@CP 2630 0.209077848 0.170441541 -0.029309188 0 0 0
C@CP 2631 0.208704736 -0.0142905057 0.122122771 0 0 0
C@CP 2632 0.360929939 0.101403756 0.026162693 0 0 0
C@CP 2633 -0.228241358 0.286496015 -0.0318610672 0 0 0
C@CP 2634 -0.132078363 0.0888061522 -0.352567943 0 0 0
C@CP 2635 0.201684051 -0.273217668 0.00370025288 0 0 0
C@CP 2636 0.252674128 0.193822607 0.0330708211 0 0 0
C@CP 2637 -0.32542848 0.288818331 0.0159891833 0 0 0
C@CP 2638 0.412151549 -0.177171599 -0.00512545989 0 0 0
C@CP 2639 0.0880864221 -0.412422933 0.184438815 0 0 0
C@CP 2640 -0.163583433 0.0923978987 0.13985573 0 0 0
C@CP 2641 0.191645877 -0.0867704352 0.0498974797 0 0 0
C@CP 2642 0.157481522 0.335588856 0.00617152207 0 0 0
C@CP 2643 0.00148094068 -0.237052261 -0.204017702 0 0 0
C@CP 2644 0.0612182343 -0.341584078 -0.202229005 0 0 0
C@CP 2645 0.062980877 -0.010480431 -0.128365629 0 0 0
C@CP 2646 -0.0899755322 0.0425410024 0.114936397 0 0 0
C@CP 2647 -0.140464365 0.193168025 -0.283314825 0 0 0
C@CP 2648 -0.215402095 -0.0181828178 -0.340204852 0 0 0
C@CP 2649 -0.338098011 0.231934877 0.0599728964 0 0 0
C@CP 2650 0.140136153 0.125976945 0.414075944 0 0 0
C@CP 2651 0.32134886 0.100845902 0.245299676 0 0 0
C@CP 2652 0.254852523 -0.171962594 0.0577940058 0 0 0
C@CP 2653 -0.00509337153 -0.107716048 0.162641733 0 0 0
C@CP 2654 0.238219469 0.197663089 0.0801888755 0 0 0
C@CP 2655 -0.230457394 -0.326103984 0.00873999555 0 0 0
C@CP 2656 0.145013245 -0.104398465 -0.431477809 0 0 0
C@CP 2657 -0.169565285 -0.372671568 0.0929509937 0 0 0
C@CP 2658 0.146083291 -0.052666896 -0.0399318256 0 0 0
C@CP 2659 0.316428389 0.191021021 0.119810235 0 0 0
C@CP 2660 -0.334300048 0.202230062 0.15074071 0 0 0
C@CP 2662 0.1938089 0.317173138 -0.151379024 0 0 0
C@CP 2663 0.259832794 0.242804486 -0.088515292 0 0 0
C@CP 2664 0.0856185268 0.222805516 -0.24260821 0 0 0
C@CP 2665 0.0917266454 0.221973923 0.40736489 0 0 0
C@CP 2666 0.186491172 -0.0178439893 -0.322902552 0 0 0
C@CP 2667 0.0397526878 0.330597075 -0.248697188 0 0 0
C@CP 2668 0.297768422 0.278070606 0.00929029319 0 0 0
C@CP 2669 -0.276501816 0.342418015 0.0783588109 0 0 0
C@CP 2670 -0.139120676 0.316782708 -0.301823708 0 0 0
C@CP 2671 -0.147220843 0.0303494127 -0.239698378 0 0 0
C@CP 2672 0.239922777 -0.0995849565 -0.155012244 0 0 0
C@CP 2673 -0.0900318704 0.33367653 -0.152481451 0 0 0
C@CP 2674 0.138113743 0.207760597 -0.383273158 0 0 0
C@CP 2675 -0.0780634477 0.0852458829 0.170852904 0 0 0
C@CP 2676 -0.335860439 0.0561325434 0.203452978 0 0 0
C@CP 2677 0.0504087116 0.0390869398 -0.150555649 0 0 0
C@CP 2678 -0.314670261 -0.142153144 0.315938684 0 0 0
C@CP 2679 -0.138270333 0.397154795 0.167749281 0 0 0
C@CP 2680 -0.0800289788 -0.170302342 0.0914463579 0 0 0
C@CP 2681 -0.263437607 -0.0788453385 0.215958856 0 0 0
C@CP 2682 0.245070083 0.00935228359 -0.36967144 0 0 0
C@CP 2683 0.173076593 -0.238457402 -0.19425994 0 0 0
C@CP 2684 -0.375365599 0.125433785 -0.0479038323 0 0 0
C@CP 2685 0.0485178946 -0.279731878 -0.072127775 0 0 0
C@CP 2686 0.0275282184 -0.0442652234 -0.441420228 0 0 0
C@CP 2687 -0.26627517 0.0682472033 0.155305321 0 0 0
C@CP 2688 -0.307484999 0.205705576 0.151811692 0 0 0
C@CP 2689 0.0629517509 0.158075803 -0.376340632 0 0 0
C@CP 2690 -0.0773110405 -0.165170061 -0.217478837 0 0 0
C@CP 2691 0.377276531 0.0584810126 0.225083116 0 0 0
C@CP 2692 -0.124009117 -0.00917456792 -0.308503818 0 0 0
C@CP 2693 -0.216272538 0.0888552606 0.0981034599 0 0 0
C@CP 2694 -0.248553453 -0.186718305 -0.114369674 0 0 0
C@CP 2695 -0.0441549013 0.254414599 0.178613577 0 0 0
C@CP 2696 0.138440128 -0.225906966 0.0124061643 0 0 0
C@CP 2697 0.247516072 -0.324254762 -0.0440606553 0 0 0
C@CP 2698 -0.0127290721 -0.29957902 0.274267355 0 0 0
C@CP 2699 -0.0956250465 0.440469545 0.0603724932 0 0 0
C@CP 2700 -0.291507866 -0.0725164821 -0.0675734756 0 0 0
C@CP 2701 -0.132198526 0.0559098677 -0.0719303817 0 0 0
C@CP 2702 0.195468544 -0.258056165 0.337029719 0 0 0
C@CP 2703 0.204562671 0.189492194 0.0355332909 0 0 0
C@CP 2704 -0.0525345972 0.250669789 0.327660936 0 0 0
C@CP 2705 -0.235185144 -0.116357743 -0.335228006 0 0 0
C@CP 2706 0.152509943 0.114560704 -0.357242824 0 0 0
C@CP 2707 0.343854837 -0.133771428 0.125265184 0 0 0
C@CP 2708 -0.305549384 -0.0545498874 0.152971107 0 0 0
C@CP 2709 0.051893112 -0.0365241342 0.0837927899 0 0 0
C@CP 2710 0.100602712 -0.216976808 -0.184419573 0 0 0
C@CP 2711 0.177831523 0.201961165 -0.348088263 0 0 0
C@CP 2712 -0.215382726 0.363078564 -0.119599079 0 0 0
C@CP 2713 -0.0779645897 0.16780929 0.102219233 0 0 0
C@CP 2714 0.284680544 0.183182517 0.100682908 0 0 0
C@CP 2715 -0.296215999 -0.0831776692 0.30822105 0 0 0
C@CP 2716 -0.226655332 0.0272902858 0.276632199 0 0 0
C@CP 2717 -0.129769588 -0.279070686 -0.0649020567 0 0 0
C@CP 2718 0.00309418858 0.0887020868 -0.255395267 0 0 0
C@CP 2719 0.303742559 -0.110421574 0.288272015 0 0 0
C@CP 2720 0.306397046 -0.242603107 0.204359098 0 0 0
C@CP 2721 -0.207954582 0.0969717326 -0.389592779 0 0 0
C@CP 2722 -0.120607362 -0.254515533 -0.100757257 0 0 0
C@CP 2723 -0.0368260114 0.350122868 0.285137261 0 0 0
C@CP 2724 -0.0526330554 0.434038844 0.0314963342 0 0 0
C@CP 2725 -0.177810314 0.0918416764 0.209049991 0 0 0
C@CP 2726 0.124843089 0.232499446 -0.0959372887 0 0 0
C@CP 2727 -0.0713931617 0.0486449957 -0.403246065 0 0 0
C@CP 2728 0.0372313424 0.31115374 -0.168952718 0 0 0
C@CP 2729 -0.00922189758 -0.297821717 0.371672217 0 0 0
C@CP 2730 -0.033800654 0.198751428 -0.425258596 0 0 0
C@CP 2731 0.21547599 -0.00580273891 -0.121854454 0 0 0
C@CP 2732 -0.369017347 -0.113632298 -0.0237940334 0 0 0
C@CP 2733 -0.337812493 -0.0123637903 -0.109793405 0 0 0
C@CP 2734 -0.0305379799 0.157922887 -0.405904088 0 0 0
C@CP 2735 0.383280797 -0.055558201 -0.227532415 0 0 0
C@CP 2736 0.154674779 0.256347359 -0.0760259938 0 0 0
C@CP 2737 -0.0575677802 -0.050691787 0.37048466 0 0 0
C@CP 2738 -0.0376373866 -0.0852294251 0.162716869 0 0 0
C@CP 2739 -0.0523891525 -0.0823757398 -0.362061155 0 0 0
C@CP 2740 -0.0359124687 0.101572303 0.210747915 0 0 0
C@CP 2741 -0.32505507 -0.325842919 -0.081621067 0 0 0
C@CP 2742 -0.173702726 -0.228985896 -0.224883839 0 0 0
C@CP 2743 0.0361458305 -0.200999317 -0.260387357 0 0 0
C@CP 2744 -0.229407677 0.14094945 0.338865357 0 0 0
C@CP 2745 0.164221852 -0.317160602 0.044426651 0 0 0
C@CP 2746 -0.0836402144 -0.357101546 -0.1211013 0 0 0
C@CP 2747 0.0322877289 -0.00442185709 0.0673471908 0 0 0
C@CP 2748 -0.0920967464 0.412582397 0.112195676 0 0 0
C@CP 2749 -0.234937919 -0.356416066 -0.0591915668 0 0 0
C@CP 2750 0.158244156 0.293208522 0.195229249 0 0 0
C@CP 2751 -0.13709572 0.127358582 0.198619177 0 0 0
C@CP 2752 -0.0829011407 -0.0831305832 -0.263498288 0 0 0
C@CP 2753 -0.165910184 -0.204568903 0.105406427 0 0 0
C@CP 2754 0.238448666 -0.382528059 -0.113076637 0 0 0
C@CP 2755 -0.0406988911 -0.0892878945 -0.253131847 0 0 0
C@CP 2756 -0.245956357 -0.237081416 -0.109467219 0 0 0
C@CP 2757 -0.0665319609 0.05541665 -0.398212009 0 0 0
C@CP 2758 -0.0668133818 -0.331211585 -0.229858698 0 0 0
C@CP 2759 0.0215229098 0.309638866 0.292111538 0 0 0
C@CP 2760 -0.0673255587 0.0100955078 -0.29167339 0 0 0
C@CP 2761 0.307964914 0.18714463 0.250845393 0 0 0
C@CP 2762 -0.120799357 0.111695513 0.413553851 0 0 0
C@CP 2763 0.148500066 0.231958264 0.277576338 0 0 0
C@CP 2764 -0.172273358 0.0152620338 -0.201028368 0 0 0
C@CP 2765 0.315948659 -0.293057713 0.00254638736 0 0 0
C@CP 2766 -0.288738236 -0.174974385 0.120530103 0 0 0
C@CP 2767 -0.145986814 -0.321263301 0.280847366 0 0 0
C@CP 2768 -0.0897746077 0.10007276 0.394119624 0 0 0
C@CP 2769 0.0776526874 -0.321962931 -0.236371911 0 0 0
C@CP 2770 -0.324012336 0.0167870978 -0.0921400616 0 0 0
C@CP 2771 -0.234642161 0.0490280275 -0.39359482 0 0 0
C@CP 2772 -0.154146306 -0.153017649 -0.0257328622 0 0 0
C@CP 2773 -0.347921018 -0.0245682729 0.291288693 0 0 0
C@CP 2774 -0.113818488 0.317866074 -0.0461147469 0 0 0
C@CP 2775 -0.32572921 0.278991833 -0.134921725 0 0 0
C@CP 2776 -0.0593511452 -0.0160204835 0.39151586 0 0 0
C@CP 2777 0.00609785789 -0.212508248 -0.0284510479 0 0 0
C@CP 2778 0.285075753 0.158840444 0.109439403 0 0 0
C@CP 2779 0.280696536 -0.311863774 0.116227442 0 0 0
C@CP 2780 0.0550223719 0.185071834 -0.406678501 0 0 0
C@CP 2781 0.32840636 0.10346917 -0.232673581 0 0 0
C@CP 2782 -0.165783746 -0.233949622 -0.00147272376 0 0 0
C@CP 2783 0.125574121 -0.111688472 0.413073803 0 0 0
C@CP 2784 0.341908416 -0.254451088 0.174182116 0 0 0
C@CP 2785 -0.0216665763 -0.335667835 -0.00371504417 0 0 0
C@CP 2786 -0.176429991 -0.0488887629 -0.418721803 0 0 0
C@CP 2787 0.390122614 -0.00137637819 -0.190425913 0 0 0
C@CP 2788 -0.217931629 0.0900754193 -0.382592794 0 0 0
C@CP 2789 -0.346024529 0.0540692213 -0.171139132 0 0 0
C@CP 2790 0.045360252 -0.224281831 0.369115465 0 0 0
C@CP 2791 0.415394835 0.0315042309 -0.00573936271 0 0 0
C@CP 2792 0.141628767 0.0283054291 -0.129265886 0 0 0
C@CP 2793 -0.159182526 0.108264578 0.245597326 0 0 0
C@CP 2794 0.219090789 -0.052649875 -0.0358501681 0 0 0
C@CP 2795 -0.249804148 -0.0747063705 0.0505077661 0 0 0
C@CP 2796 -0.216497966 0.0418051571 0.113611859 0 0 0
C@CP 2797 0.158641178 0.128734775 0.161577292 0 0 0
C@CP 2798 -0.242248184 -0.0890685865 0.319704804 0 0 0
C@CP 2799 0.00640931029 0.0922640131 0.0870956676 0 0 0
C@CP 2800 0.354426321 -0.275223942 -0.128594954 0 0 0
C@CP 2801 -0.0919500722 -0.383699167 -0.0862812064 0 0 0
C@CP 2802 0.123419739 -0.268257186 0.163798371 0 0 0
C@CP 2803 0.162559672 -0.191342731 0.200716849 0 0 0
C@CP 2804 0.0959610012 -0.0155599284 -0.0237600697 0 0 0
C@CP 2805 -0.147253242 0.185567436 -0.0548963527 0 0 0
C@CP 2806 0.121406537 0.254567172 -0.294407735 0 0 0
C@CP 2807 0.0303525968 -0.377245581 0.109128304 0 0 0
C@CP 2808 0.24613248 -0.321228871 0.088017523 0 0 0
C@CP 2809 -0.25378194 -0.371197082 -0.0124043705 0 0 0
C@CP 2810 0.286885086 0.185003646 0.022559369 0 0 0
C@CP 2811 -0.11272805 0.101674397 -0.42321877 0 0 0
C@CP 2812 0.111867846 -0.0316884115 -0.336098289 0 0 0
C@CP 2813 0.409102501 -0.10375347 -0.0165135812 0 0 0
C@CP 2814 -0.0697747298 0.0484821222 -0.0755556009 0 0 0
C@CP 2815 -0.186026187 -0.151676529 0.396084427 0 0 0
C@CP 2816 -0.112343394 0.118484912 0.32509506 0 0 0
C@CP 2817 -0.0423316127 -0.309711611 -0.240542047 0 0 0
C@CP 2818 -0.0988868469 -0.344205484 0.0251069132 0 0 0
C@CP 2819 0.0499790618 0.0701735065 -0.286711239 0 0 0
C@CP 2820 -0.0116054506 -0.1242464 0.176129008 0 0 0
C@CP 2821 -0.0599141929 -0.234610965 -0.0289024936 0 0 0
C@CP 2822 -0.272140113 0.107122234 -0.00422425106 0 0 0
C@CP 2823 -0.257072897 -0.100079149 0.0886030205 0 0 0
C@CP 2824 0.142317792 -0.104807066 -0.171784769 0 0 0
C@CP 2825 0.0629007146 -0.168424266 0.408160981 0 0 0
C@CP 2826 0.101454903 0.0155951815 -0.0807699354 0 0 0
C@CP 2827 -0.115207962 -0.338500886 0.0410864876 0 0 0
C@CP 2828 -0.159637479 -0.0680413648 -0.307753816 0 0 0
C@CP 2829 -0.209054784 -0.242774769 -0.0767819665 0 0 0
C@CP 2830 0.204771083 0.263750103 0.21611322 0 0 0
C@CP 2831 -0.308841333 -0.0237071119 -0.164670191 0 0 0
C@CP 2832 0.00140119241 -0.238706063 -0.271073059 0 0 0
C@CP 2833 -0.26094728 0.189968482 -0.0814465835 0 0 0
C@CP 2834 -0.0145213 -0.333737664 -0.109971181 0 0 0
C@CP 2835 -0.0664728844 -0.161071804 -0.237727993 0 0 0
C@CP 2836 0.30722966 0.220488375 0.104599561 0 0 0
C@CP 2837 0.268290907 -0.0940043125 -0.218014325 0 0 0
C@CP 2838 -0.353789384 0.0845083749 0.173258011 0 0 0
C@CP 2839 -0.295059004 -0.06864839 0.0985017425 0 0 0
C@CP 2840 -0.0418138145 0.216741592 -0.410904454 0 0 0
C@CP 2841 -0.211405606 0.135788588 -0.17414208 0 0 0
C@CP 2842 0.0683185322 0.0375173709 0.0419643559 0 0 0
C@CP 2843 -0.213988817 0.0463471774 -0.159990128 0 0 0
C@CP 2844 -0.368413491 -0.104156058 -0.0180379629 0 0 0
C@CP 2845 0.0860556365 -0.145594437 0.234841804 0 0 0
C@CP 2846 -0.170260037 -0.116392366 0.407458827 0 0 0
C@CP 2847 -0.0299948322 -0.186987935 -0.363464859 0 0 0
C@CP 2848 -0.379755198 0.235903649 -0.143556588 0 0 0
C@CP 2849 0.335334642 0.0404051669 0.0100333463 0 0 0
C@CP 2850 0.0852401222 -0.278007366 0.245921923 0 0 0
C@CP 2851 -0.406700361 0.20878243 0.0674238727 0 0 0
C@CP 2852 0.279442955 -0.332834258 0.0954148613 0 0 0
C@CP 2853 0.019692534 -0.401350524 0.0930948845 0 0 0
C@CP 2854 0.0707599438 0.218609676 0.189695652 0 0 0
C@CP 2855 0.00326777089 -0.175003381 0.307039903 0 0 0
C@CP 2856 0.0183851372 0.156892896 0.20444952 0 0 0
C@CP 2857 -0.0884388596 -0.215959293 -0.117492358 0 0 0
C@CP 2858 -0.070682347 0.049253988 -0.0368437194 0 0 0
C@CP 2859 0.0626195252 0.194945796 -0.181809921 0 0 0
C@CP 2860 0.0409881644 -0.166747326 0.0826085715 0 0 0
C@CP 2861 -0.090725005 -0.193600164 -0.0558475913 0 0 0
C@CP 2862 0.246996894 -0.027581124 -0.0291676824 0 0 0
C@CP 2863 -0.105603313 0.370985254 -0.169883822 0 0 0
C@CP 2864 0.0415071329 0.301909485 0.164359352 0 0 0
C@CP 2865 -0.213847417 0.392450174 -0.112958748 0 0 0
C@CP 2866 -0.0515304468 0.270248488 -0.0908869481 0 0 0
C@CP 2867 0.175392329 0.297372358 -0.273392898 0 0 0
C@CP 2868 -0.0580741419 -0.164040851 -0.0516390265 0 0 0
C@CP 2869 0.0736846086 -0.383951159 0.0655662972 0 0 0
C@CP 2870 0.352802788 0.0478832656 0.235811689 0 0 0
C@CP 2871 0.164196696 0.0559486429 -0.261082227 0 0 0
C@CP 2872 -0.0745959758 0.204790423 0.192479796 0 0 0
C@CP 2873 0.330709188 -0.220384308 0.00699617014 0 0 0
C@CP 2874 -0.0250799058 -0.295295433 0.0381930379 0 0 0
C@CP 2875 0.037653704 -0.0212807234 -0.301474748 0 0 0
C@CP 2876 0.19198861 -0.229850181 0.320682838 0 0 0
C@CP 2877 -0.121389999 -0.0553743839 0.0358718359 0 0 0
C@CP 2878 0.290960899 0.0325003427 -0.225455032 0 0 0
C@CP 2879 0.23804097 0.393766084 0.08688706 0 0 0
C@CP 2880 0.0989147358 0.325548335 0.190122308 0 0 0
C@CP 2881 0.0663038345 0.310946253 0.0825161379 0 0 0
C@CP 2882 0.0136165019 -0.156390949 0.190920318 0 0 0
C@CP 2883 -0.113472964 -0.041732995 0.329436437 0 0 0
C@CP 2884 0.205106102 0.353355032 0.219151813 0 0 0
C@CP 2885 0.024397281 -0.448047409 0.0699710526 0 0 0
C@CP 2886 0.348996658 -0.121582532 0.121538434 0 0 0
C@CP 2887 0.286170671 0.329917849 0.028498673 0 0 0
C@CP 2888 0.17075956 0.379373465 -0.138679091 0 0 0
C@CP 2889 -0.0245869609 -0.0999274601 0.0712041742 0 0 0
C@CP 2890 0.13069629 0.128213921 0.000993565462 0 0 0
C@CP 2891 0.0416627754 -0.0254365238 0.240019954 0 0 0
C@CP 2892 0.350375296 -0.0415370197 -0.26946671 0 0 0
C@CP 2893 0.192914233 -0.145859505 0.140514269 0 0 0
C@CP 2894 -0.343718326 0.0667124351 -0.209328754 0 0 0
C@CP 2895 0.233488149 -0.0574223022 0.134180973 0 0 0
C@CP 2896 -0.270649998 -0.392763987 0.000397901587 0 0 0
C@CP 2897 0.126703974 -0.321395519 0.139511607 0 0 0
C@CP 2898 -0.0502189732 -0.119304352 -0.050951466 0 0 0
C@CP 2899 0.0387842309 0.394590482 0.159881919 0 0 0
C@CP 2900 -0.0975036957 0.00221091514 0.207861023 0 0 0
C@CP 2901 -0.223271927 -0.117272442 -0.215095967 0 0 0
C@CP 2902 0.168444325 0.113477928 -0.422841264 0 0 0
C@CP 2903 -0.141978892 0.0356675877 -0.133402423 0 0 0
C@CP 2904 0.189306009 -0.37527204 0.177189405 0 0 0
C@CP 2905 -0.171709625 -0.075378799 -0.361070409 0 0 0
C@CP 2906 -0.0909290314 -0.338924065 0.0819833857 0 0 0
C@CP 2907 -0.311193281 -0.0904148499 -0.201190205 0 0 0
C@CP 2908 0.0506794644 -0.150130437 0.101094138 0 0 0
C@CP 2909 -0.00174790437 -0.0307025937 -0.264777781 0 0 0
C@CP 2910 0.136633112 0.162331638 -0.01409512 0 0 0
C@CP 2911 0.0150343709 -0.268072804 -0.0684247267 0 0 0
C@CP 2912 -0.0550190835 0.373568467 -0.08405762 0 0 0
C@CP 2913 0.206161661 -0.184108981 -0.159350886 0 0 0
C@CP 2914 -0.104775732 0.414356927 -0.116718174 0 0 0
C@CP 2915 -0.0841456167 0.144399984 -0.0789926005 0 0 0
C@CP 2916 -0.0466520514 -0.132867608 -0.35377392 0 0 0
C@CP 2917 -0.197840463 0.106360066 0.399281788 0 0 0
C@CP 2918 -0.0424005749 0.348237498 0.180850461 0 0 0
C@CP 2919 0.057748339 0.359414944 -0.150395279 0 0 0
C@CP 2920 -0.277480367 0.13434981 0.268552122 0 0 0
C@CP 2921 0.204754258 -0.230861075 0.186144587 0 0 0
C@CP 2922 -0.308684304 0.167712266 0.0275564969 0 0 0
C@CP 2923 -0.124799289 -0.131304835 0.0699261826 0 0 0
C@CP 2924 0.308612821 -0.0850716111 -0.15198366 0 0 0
C@CP 2925 0.113274607 -0.224877404 -0.156121769 0 0 0
C@CP 2926 -0.176576767 0.020737773 0.0619944212 0 0 0
C@CP 2927 0.0032548535 -0.0373703336 -0.0321584189 0 0 0
C@CP 2928 -0.232548748 0.198516473 -0.22130314 0 0 0
C@CP 2929 -0.106803876 0.109768821 0.344146296 0 0 0
C@CP 2930 -0.182626391 -0.152248985 -0.129705505 0 0 0
C@CP 2931 0.352420347 -0.22813713 -0.0217128109 0 0 0
C@CP 2932 -0.0246621034 0.0255239879 -0.312697127 0 0 0
C@CP 2933 0.0983142075 0.319934825 0.131717147 0 0 0
C@CP 2934 0.344763658 -0.109717989 -0.0911178866 0 0 0
C@CP 2935 0.278589676 0.217843808 0.0123720905 0 0 0
C@CP 2936 0.225266082 0.101307217 0.351148641 0 0 0
C@CP 2937 0.0289986999 -0.0481673132 -0.170487723 0 0 0
C@CP 2938 0.0594672753 0.175769835 0.020513252 0 0 0
C@CP 2939 -0.271603251 -0.198323634 -0.163154865 0 0 0
C@CP 2940 -0.11826307 -0.12386107 0.200771575 0 0 0
C@CP 2941 -0.399136207 0.0827487664 -0.210950887 0 0 0
C@CP 2942 0.0921245587 0.00504383556 0.386117898 0 0 0
C@CP 2943 -0.407582555 0.0446545929 0.0236949513 0 0 0
C@CP 2944 0.305550005 -0.071152579 0.104463928 0 0 0
C@CP 2945 0.253190409 0.233915385 0.0530527816 0 0 0
C@CP 2946 -0.124227692 0.373006052 -0.104376598 0 0 0
C@CP 2947 -0.0731853818 0.0911176951 0.32205804 0 0 0
C@CP 2948 0.113538613 -0.088110537 0.245178179 0 0 0
C@CP 2949 0.0411892811 0.165960032 0.0602244501 0 0 0
C@CP 2950 0.00995349663 0.0470000861 0.0507816266 0 0 0
C@CP 2951 0.00918018516 0.127765005 -0.0459921356 0 0 0
C@CP 2952 -0.117843029 0.174422706 -0.00725329593 0 0 0
C@CP 2953 -0.208960552 -0.00145060118 -0.299490812 0 0 0
C@CP 2954 0.177869241 0.121006541 -0.0636634213 0 0 0
C@CP 2955 -0.213404545 0.0988576445 -0.0933967191 0 0 0
C@CP 2956 0.194154141 0.0497475226 -0.0446376716 0 0 0
C@CP 2957 0.351976289 0.287840853 -0.104506418 0 0 0
C@CP 2958 -0.174020967 -0.133811577 0.137568636 0 0 0
C@CP 2959 -0.115595292 -0.186591528 -0.0187839321 0 0 0
C@CP 2960 -0.0148386483 -0.217199558 -0.00757825397 0 0 0
C@CP 2961 0.158614898 -0.00754474683 0.223510862 0 0 0
C@CP 2962 0.0948878619 -0.00260601877 0.0925793116 0 0 0
C@CP 2963 -0.249663762 0.238186721 0.205593254 0 0 0
C@CP 2964 -0.242329861 -0.220342527 -0.136729737 0 0 0
C@CP 2965 -0.0851035588 0.0186303431 -0.210872345 0 0 0
C@CP 2966 -0.0598936238 -0.135593662 0.234710521 0 0 0
C@CP 2967 0.0582997393 -0.244156329 0.295511554 0 0 0
C@CP 2968 -0.0161473522 -0.154323799 -0.0888662619 0 0 0
C@CP 2969 -0.147246849 -0.0911175967 -0.183833841 0 0 0
C@CP 2970 0.26329499 0.209514343 -0.159369926 0 0 0
C@CP 2971 -0.256757184 -0.329522932 0.0490381503 0 0 0
C@CP 2972 -0.0736721214 -0.146154718 0.183340275 0 0 0
C@CP 2973 -0.137566616 0.0719783828 0.195165842 0 0 0
C@CP 2974 -0.176871892 -0.205070316 0.272288632 0 0 0
C@CP 2975 -0.232200391 0.0368389139 0.401949446 0 0 0
C@CP 2976 0.254475991 -0.0227688637 -0.323742011 0 0 0
C@CP 2977 0.0168739747 -0.219543727 0.24138543 0 0 0
C@CP 2978 0.296569276 -0.0879417924 0.297738579 0 0 0
C@CP 2979 -0.202266571 -0.137726075 0.342773469 0 0 0
C@CP 2980 0.344599546 -0.261914378 0.103695118 0 0 0
C@CP 2981 0.309736002 -0.260047669 0.121539429 0 0 0
C@CP 2982 -0.13114572 -0.0695473844 -0.245538968 0 0 0
C@CP 2983 -0.227461923 0.107333749 0.294961521 0 0 0
C@CP 2984 -0.0284524269 0.0494237338 -0.0648004677 0 0 0
C@CP 2985 0.0805222424 -0.10297931 -0.241053763 0 0 0
C@CP 2986 0.0331138296 -0.205889454 0.358581026 0 0 0
C@CP 2987 -0.162555964 0.418796034 -0.0103681905 0 0 0
C@CP 2988 -0.436136223 -0.0957864025 -0.030585992 0 0 0
C@CP 2989 0.0525177723 0.0127760575 -0.267260899 0 0 0
C@CP 2990 0.316275409 0.312762489 0.0921680923 0 0 0
C@CP 2991 0.0796566149 -0.00189690017 -0.180310363 0 0 0
C@CP 2992 -0.0176803572 0.455995187 -0.0244910799 0 0 0
C@CP 2993 0.0640365159 0.227583269 0.180614721 0 0 0
C@CP 2994 0.145561851 0.150697941 -0.144531359 0 0 0
C@CP 2995 0.0766583453 -0.153655011 -0.0542623988 0 0 0
C@CP 2996 0.253005483 -0.239952855 -0.0455334352 0 0 0
C@CP 2997 -0.165039087 0.149841779 0.338554645 0 0 0
C@CP 2998 0.303011907 0.261903224 0.187569007 0 0 0
C@CP 2999 0.29767457 0.2334334 -0.219302072 0 0 0
C@CP 3000 -0.155498036 0.122229336 0.424954133 0 0 0
C@CP 3001 -0.106073609 0.137068557 -0.432361225 0 0 0
C@CP 3002 -0.273244194 0.164707291 -0.28918115 0 0 0
C@CP 3003 -0.428859501 0.113984423 0.00963016456 0 0 0
C@CP 3004 -0.0517043155 0.311566316 -0.316751767 0 0 0
C@CP 3005 -0.0806281735 -0.273416871 -0.000787717114 0 0 0
C@CP 3006 0.296376288 -0.0390844941 -0.21390994 0 0 0
C@CP 3007 -0.212120034 -0.0122437371 0.214237671 0 0 0
C@CP 3008 0.393447118 0.207319023 0.0695888952 0 0 0
C@CP 3009 -0.019284239 -0.261748778 0.234491299 0 0 0
C@CP 3010 -0.126513612 0.0574794638 -0.166657039 0 0 0
C@CP 3011 -0.0348630315 0.198957248 0.348579866 0 0 0
C@CP 3012 -0.00565924763 -0.481604466 0.0240444747 0 0 0
C@CP 3013 -0.440612361 -0.014299582 0.112656663 0 0 0
C@CP 3014 -0.441029439 0.0826913495 0.0495760147 0 0 0
C@CP 3015 -0.142632961 -0.276318243 -0.165316663 0 0 0
C@CP 3016 -0.0512761279 0.159822776 0.100962303 0 0 0
C@CP 3017 -0.0157586736 0.34551235 0.203493001 0 0 0
C@CP 3018 0.212093516 -0.0297558722 -0.261253262 0 0 0
C@CP 3019 0.238779133 0.22131405 0.210280865 0 0 0
C@CP 3020 -0.10203705 -0.0844171055 0.0559087813 0 0 0
C@CP 3021 -0.195231485 -0.126543073 -0.261614782 0 0 0
C@CP 3022 0.365407112 0.247757855 0.151974393 0 0 0
C@CP 3023 0.00217693734 0.264727112 -0.174518562 0 0 0
C@CP 3024 0.0645812061 -0.0706181307 0.254072996 0 0 0
C@CP 3025 0.147669711 -0.342681224 -0.199211948 0 0 0
C@CP 3026 0.05129629 -0.202139733 -0.111519009 0 0 0
C@CP 3027 -0.232221954 -0.228304113 0.0890924399 0 0 0
C@CP 3028 -0.201794766 -0.0117105319 0.112958102 0 0 0
C@CP 3029 -0.221369415 0.0741158538 0.275598017 0 0 0
C@CP 3030 -0.151124943 -0.410744844 -0.0992771594 0 0 0
C@CP 3031 -0.338672443 -0.128177024 0.0914639808 0 0 0
C@CP 3032 -0.128248316 -0.028120617 -0.176203996 0 0 0
C@CP 3033 -0.0598151506 0.213021397 0.0692323461 0 0 0
C@CP 3034 -0.0105193257 0.00489340802 -0.161491037 0 0 0
C@CP 3035 -0.0404647824 0.182651426 0.156999402 0 0 0
C@CP 3036 -0.030184338 -0.307769266 0.267428053 0 0 0
C@CP 3037 -0.220976405 -0.336751732 0.053082376 0 0 0
C@CP 3038 -0.150669193 0.357779662 -0.163460526 0 0 0
C@CP 3039 0.365258212 -0.233840047 0.19717474 0 0 0
C@CP 3040 0.359567504 0.113092084 -0.0276560968 0 0 0
C@CP 3041 -0.292688368 -0.317692916 0.18047361 0 0 0
C@CP 3042 -0.165614387 0.112366485 0.1017423 0 0 0
C@CP 3043 0.357794093 0.184132131 -0.189382266 0 0 0
C@CP 3044 0.119127537 0.315615136 -0.0934363298 0 0 0
C@CP 3045 -0.232626689 0.125054449 0.334980961 0 0 0
C@CP 3046 0.178753912 0.195108859 0.0772271729 0 0 0
C@CP 3047 0.00528235283 0.201604289 -0.109451985 0 0 0
C@CP 3048 0.27876767 0.187018569 -0.261971602 0 0 0
C@CP 3049 -0.121065538 -0.295445221 -0.165335431 0 0 0
C@CP 3050 0.303509988 -0.182556932 -0.282516475 0 0 0
C@CP 3051 -0.228550841 -0.294407757 0.073849472 0 0 0
C@CP 3052 -0.133812609 -0.112634933 0.397956974 0 0 0
C@CP 3053 0.330354332 0.240679735 -0.0779131145 0 0 0
C@CP 3054 -0.117226673 0.311200322 -0.0844119032 0 0 0
C@CP 3055 0.180058999 0.0337105721 0.335729726 0 0 0
C@CP 3056 -0.229888475 -0.0398666971 -0.0303315987 0 0 0
C@CP 3057 0.102340937 0.369472424 0.090947123 0 0 0
C@CP 3058 0.433213286 0.0759687541 0.0506264188 0 0 0
C@CP 3059 -0.11629679 0.0834279487 -0.443620675 0 0 0
C@CP 3060 0.0780964818 0.140613103 -0.00645563367 0 0 0
C@CP 3061 0.248582019 0.3319646 -0.0226931942 0 0 0
C@CP 3062 0.387081814 0.14993709 -0.112482506 0 0 0
C@CP 3063 0.271276839 -0.0453665762 -0.072753106 0 0 0
C@CP 3064 0.0544504963 0.134533675 -0.132690356 0 0 0
C@CP 3065 0.22300029 -0.0878921156 0.317915943 0 0 0
C@CP 3066 -0.281681724 -0.36860416 0.0618427814 0 0 0
C@CP 3067 0.0151293761 0.371763594 0.0170798699 0 0 0
C@CP 3068 0.269968681 0.27883628 -0.187611655 0 0 0
C@CP 3069 0.42793887 0.128327855 0.0304654129 0 0 0
C@CP 3070 -0.414138711 0.118300723 0.00115504794 0 0 0
C@CP 3071 -0.13633905 -0.364869618 -0.254351954 0 0 0
C@CP 3072 0.0821647509 -0.316749247 0.307058021 0 0 0
C@CP 3073 0.31018113 -0.231697509 -0.154977789 0 0 0
C@CP 3074 -0.171528118 -0.0255299074 0.383999694 0 0 0
C@CP 3075 0.20256971 -0.262555407 -0.258754534 0 0 0
C@CP 3076 -0.295429708 -0.273638465 0.202135481 0 0 0
C@CP 3077 0.258841109 0.342968172 0.181193823 0 0 0
C@CP 3078 0.230497784 0.0795950125 -0.403198419 0 0 0
C@CP 3079 -0.0831228888 -0.28371191 0.123126068 0 0 0
C@CP 3080 -0.309752492 0.0914869669 0.0317964033 0 0 0
C@CP 3081 0.370094601 0.260910714 0.150384656 0 0 0
C@CP 3082 -0.436004578 -0.0183016557 -0.0176028811 0 0 0
C@CP 3083 0.241308971 0.16031508 0.230856535 0 0 0
C@CP 3084 0.0224036369 -0.311108457 0.307599894 0 0 0
C@CP 3085 0.190124784 0.202058898 0.320251615 0 0 0
C@CP 3086 0.0532917257 0.226042316 0.24224508 0 0 0
C@CP 3087 -0.0692962843 -0.30140465 -0.0863630943 0 0 0
C@CP 3088 -0.00627261341 0.306769306 -0.123609919 0 0 0
C@CP 3089 0.070741716 -0.127374117 0.401015196 0 0 0
C@CP 3090 0.114279187 0.421332881 0.127078881 0 0 0
C@CP 3091 0.257457446 0.357294501 -0.0339985568 0 0 0
C@CP 3092 -0.144116337 0.128601265 -0.20745502 0 0 0
C@CP 3093 0.219229485 0.400062161 0.113149706 0 0 0
C@CP 3094 0.0201131796 0.0927049085 -0.345328645 0 0 0
C@CP 3095 0.119707909 -0.0803548032 0.295585363 0 0 0
C@CP 3096 0.0867619047 0.397052286 -0.235741415 0 0 0
C@CP 3097 -0.382997298 -0.117364613 -0.0750107984 0 0 0
C@CP 3098 -0.250707282 -0.223897327 0.0487523297 0 0 0
C@CP 3099 0.15825807 0.202525211 -0.369380585 0 0 0
C@CP 3100 0.162435295 0.142336091 0.120658855 0 0 0
C@CP 3101 -0.0929017533 0.399759221 0.0825808773 0 0 0
C@CP 3102 -0.0940310891 -0.205459488 -0.411087809 0 0 0
C@CP 3103 -0.145290234 -0.373223288 -0.0955597746 0 0 0
C@CP 3104 0.00774126634 0.106693953 0.312571902 0 0 0
C@CP 3105 0.299855096 0.120166985 0.0453460852 0 0 0
C@CP 3106 0.116569164 0.272779757 -0.142063417 0 0 0
C@CP 3107 -0.184119319 0.333668832 -0.243427241 0 0 0
C@CP 3108 -0.202010066 -0.36670216 -0.224510948 0 0 0
C@CP 3109 0.0779688177 0.0135781657 0.187040798 0 0 0
C@CP 3110 0.408096633 0.001830823 0.11968903 0 0 0
C@CP 3111 -0.0888256103 -0.0538153781 -0.367953404 0 0 0
C@CP 3112 -0.15185968 -0.128885984 0.00489155184 0 0 0
C@CP 3113 0.0320383975 -0.0722643468 -0.163031205 0 0 0
C@CP 3114 -0.00431940173 -0.0253258365 -0.149735151 0 0 0
C@CP 3115 0.310086641 -0.135989203 -0.210323346 0 0 0
C@CP 3116 0.0284310113 0.351045314 0.0772915366 0 0 0
C@CP 3117 -0.230424774 -0.207063595 -0.108794597 0 0 0
C@CP 3118 -0.120730553 0.0994329178 -0.426897288 0 0 0
C@CP 3119 0.158117628 -0.162093271 -0.211945845 0 0 0
C@CP 3120 0.0297442113 -0.211830079 0.0696679003 0 0 0
C@CP 3121 0.0432048584 -0.118030902 -0.145604867 0 0 0
C@CP 3122 0.142271515 0.405773018 -0.110996017 0 0 0
C@CP 3123 0.215282423 -0.0327621209 0.0214718808 0 0 0
C@CP 3124 -0.10800903 0.222507682 -0.101988364 0 0 0
C@CP 3125 0.238059469 0.0756182195 0.0239653333 0 0 0
C@CP 3126 -0.145228336 0.0849740899 0.0588090805 0 0 0
C@CP 3127 -0.0621946158 0.164847438 -0.296666266 0 0 0
C@CP 3128 0.0634558004 -0.0660674515 -0.342560192 0 0 0
C@CP 3129 -0.348259873 -0.206359159 0.0145582308 0 0 0
C@CP 3130 0.269307738 -0.0315514452 0.181395835 0 0 0
C@CP 3131 -0.0348759944 -0.406841936 -0.128534985 0 0 0
C@CP 3132 0.300627899 -0.0858104239 -0.341925855 0 0 0
C@CP 3133 -0.206293791 -0.0372166284 -0.071469726 0 0 0
C@CP 3134 -0.159593075 0.173836991 0.252833137 0 0 0
C@CP 3135 -0.0513128843 -0.119558371 -0.128255738 0 0 0
C@CP 3136 -0.284539707 -0.159249063 0.320293392 0 0 0
C@CP 3137 0.301709072 -0.00892760869 0.0929409216 0 0 0
C@CP 3138 -0.348693674 0.0463996138 -0.301246295 0 0 0
C@CP 3139 0.235408869 0.110369183 0.15137453 0 0 0
C@CP 3140 0.241956908 -0.0768816623 0.325319008 0 0 0
C@CP 3141 -0.23386599 -0.0034768899 0.158693765 0 0 0
C@CP 3142 -0.0100856051 -0.280767471 -0.164739671 0 0 0
C@CP 3143 -0.155736818 0.266653318 0.0858164896 0 0 0
C@CP 3144 -0.351000344 -0.107546562 -0.0663098085 0 0 0
C@CP 3145 -0.196579817 -0.0732864505 -0.369907052 0 0 0
C@CP 3146 -0.315276945 -0.0453072175 0.290220299 0 0 0
C@CP 3147 -0.400965195 0.0211353908 0.218245129 0 0 0
C@CP 3148 -0.149183837 0.00690222607 -0.404022342 0 0 0
C@CP 3149 -0.0338413402 0.243939532 -0.212070442 0 0 0
C@CP 3150 0.321337572 0.045983976 0.0432614496 0 0 0
C@CP 3151 0.364836387 -0.216189321 0.137621005 0 0 0
C@CP 3152 0.0244219327 0.209690683 -0.33906383 0 0 0
C@CP 3153 -0.0411694216 0.0221369243 -0.206706934 0 0 0
C@CP 3154 0.205280724 -0.208258025 0.317165571 0 0 0
C@CP 3155 0.448672628 0.0288137126 0.0951974951 0 0 0
C@CP 3156 0.0930422251 -0.184496895 -0.0109973106 0 0 0
C@CP 3157 -0.0871916971 0.129523183 0.248671293 0 0 0
C@CP 3158 0.340217177 0.141224411 0.248766021 0 0 0
C@CP 3159 0.104710659 -0.00598435808 -0.398441588 0 0 0
C@CP 3160 0.329661204 0.281313788 0.164385677 0 0 0
C@CP 3161 -0.00902467251 0.162139734 0.118323071 0 0 0
C@CP 3162 0.259965391 -0.244365448 -0.223114299 0 0 0
C@CP 3163 -0.236578531 0.167804023 0.090205964 0 0 0
C@CP 3164 -0.267329232 0.0257907498 -0.250862895 0 0 0
C@CP 3165 0.23764329 -0.188776587 -0.0877267077 0 0 0
C@CP 3166 0.128413119 0.168682917 -0.0435165354 0 0 0
C@CP 3167 0.228037277 -0.37040275 0.0949079978 0 0 0
C@CP 3168 0.357090822 -0.00855560608 0.0148175357 0 0 0
C@CP 3169 0.00277296438 -0.195192684 -0.166414583 0 0 0
C@CP 3170 -0.0526753793 -0.169820231 0.203346519 0 0 0
C@CP 3171 0.150018359 0.251190621 -0.283390978 0 0 0
C@CP 3172 0.0419452273 -0.107719963 0.0247877024 0 0 0
C@CP 3173 -0.155117598 -0.21308549 0.298869975 0 0 0
C@CP 3174 0.375769409 0.0672246993 -0.184253646 0 0 0
C@CP 3175 -0.206543024 0.0339770881 -0.320638024 0 0 0
C@CP 3176 -0.260441697 -0.0732916449 -0.353701448 0 0 0
C@CP 3177 -0.29489057 -0.105657761 0.0351325493 0 0 0
C@CP 3178 -0.150707269 -0.23733346 0.113125913 0 0 0
C@CP 3179 -0.1822992 0.0382637046 0.0461108376 0 0 0
C@CP 3180 0.27929917 -0.338330335 -0.0841738994 0 0 0
C@CP 3181 0.368230949 0.0546996854 -0.233383861 0 0 0
C@CP 3182 -0.241967377 -0.296761007 -0.0299712767 0 0 0
C@CP 3183 -0.215332823 -0.37742633 -0.0891408014 0 0 0
C@CP 3184 0.336648093 -0.0994186274 0.112716288 0 0 0
C@CP 3185 -0.0505315838 0.192976251 0.0556278705 0 0 0
C@CP 3186 0.150242893 0.323449295 0.165664007 0 0 0
C@CP 3187 -0.256293609 0.0786197899 0.180918695 0 0 0
C@CP 3188 0.116181923 0.0822492504 0.212268156 0 0 0
C@CP 3189 0.0573732834 -0.252042901 0.118457948 0 0 0
C@CP 3190 0.28692578 -0.169410854 0.256219511 0 0 0
C@CP 3191 -0.132670344 -0.319015666 -0.25349112 0 0 0
C@CP 3192 0.148511829 -0.384094887 0.189206394 0 0 0
C@CP 3193 0.0236628408 0.165802188 0.316549873 0 0 0
C@CP 3194 0.157863929 -0.211704621 -0.261870861 0 0 0
C@CP 3195 0.0416027665 0.278833913 0.237076164 0 0 0
C@CP 3196 -0.381593432 -0.150365496 -0.0205030665 0 0 0
C@CP 3197 0.0245244447 0.0962101692 -0.319637426 0 0 0
C@CP 3198 -0.00285902432 -0.0574651878 0.395819524 0 0 0
C@CP 3199 -0.230854504 -0.156150393 0.181776091 0 0 0
C@CP 3200 -0.220238855 -0.0820087834 -0.333391018 0 0 0
C@CP 3201 -0.0682059867 0.178863162 -0.188574403 0 0 0
C@CP 3202 -0.0107546476 -0.084670489 0.0562020456 0 0 0
C@CP 3203 -0.341886486 -0.300975341 -0.116920101 0 0 0
C@CP 3204 -0.0571131767 0.230264423 0.339245336 0 0 0
C@CP 3205 0.0121135935 0.392181554 -0.193212274 0 0 0
C@CP 3206 -0.117346254 -0.0912988341 -0.0192038702 0 0 0
C@CP 3207 -0.191906213 -0.00789182055 0.21215419 0 0 0
C@CP 3208 0.266475032 0.129954088 0.347907317 0 0 0
C@CP 3209 -0.10921765 -0.0220713603 0.326640963 0 0 0
C@CP 3210 0.148527332 0.0459907982 0.339631674 0 0 0
C@CP 3211 -0.0423536516 0.0443737016 -0.0275065023 0 0 0
C@CP 3212 0.396884774 0.0199004009 -0.0278254408 0 0 0
C@CP 3213 -0.254586699 0.00184531849 0.0355345704 0 0 0
C@CP 3214 0.00388048897 -0.0605964638 -0.469501833 0 0 0
C@CP 3215 0.36076346 -0.056203443 0.0245804954 0 0 0
C@CP 3216 -0.250747471 -0.280295284 0.0645970569 0 0 0
C@CP 3217 -0.125127372 0.152567263 0.0623252854 0 0 0
C@CP 3218 -0.155702966 0.255993958 -0.258651501 0 0 0
C@CP 3219 -0.464249038 0.0111648912 0.0893525689 0 0 0
C@CP 3220 -0.0462717768 0.186476087 0.170125475 0 0 0
C@CP 3221 0.0841982115 -0.302846799 0.0207112841 0 0 0
C@CP 3222 -0.237206406 -0.227874424 0.222339271 0 0 0
C@CP 3223 -0.0115054732 0.290120128 -0.0888004606 0 0 0
C@CP 3224 0.417784136 0.0285731155 -0.0163645892 0 0 0
C@CP 3225 -0.168809602 0.148083367 0.0750150874 0 0 0
C@CP 3226 -0.30874362 -0.0297055557 -0.328038732 0 0 0
C@CP 3227 -0.0686645726 0.1036463 -0.226631902 0 0 0
C@CP 3228 -0.120805537 -0.037184062 -0.13222311 0 0 0
C@CP 3229 -0.0271101636 0.0180192466 -0.0770973271 0 0 0
C@CP 3230 -0.12948637 0.269144221 0.264080303 0 0 0
C@CP 3231 0.0285614108 0.402371914 -0.0339428436 0 0 0
C@CP 3232 -0.173853272 -0.247459426 -0.233372264 0 0 0
C@CP 3233 0.0613055293 -0.145061694 -0.170750806 0 0 0
C@CP 3234 -0.328121531 -0.126350925 0.264217283 0 0 0
C@CP 3235 -0.21947766 0.164383435 -0.218569067 0 0 0
C@CP 3236 0.136860712 0.0307327694 -0.150774243 0 0 0
C@CP 3237 -0.266090249 0.292707938 -0.174925295 0 0 0
C@CP 3238 -0.194782222 -0.413617393 0.0139427481 0 0 0
C@CP 3239 -0.335621449 0.277619983 0.0589601904 0 0 0
C@CP 3240 0.282220697 -0.00847684376 0.329531906 0 0 0
C@CP 3241 0.0189047788 -0.108426632 -0.0695064425 0 0 0
C@CP 3242 0.119745065 -0.202642657 0.372282176 0 0 0
C@CP 3243 -0.271681524 0.264133816 0.157884699 0 0 0
C@CP 3244 -0.444986132 -0.0781797447 0.0247912857 0 0 0
C@CP 3245 0.359835718 0.00740033193 0.213951692 0 0 0
C@CP 3246 -0.0929607514 -0.0301066507 0.231033147 0 0 0
C@CP 3247 -0.268056238 0.091182023 0.0935182955 0 0 0
C@CP 3248 0.0249931732 0.330397388 0.240891535 0 0 0
C@CP 3249 0.0690699261 0.0380727746 0.0554392659 0 0 0
C@CP 3250 -0.162731858 0.398385284 -0.0928629782 0 0 0
C@CP 3251 0.282625009 -0.0408048562 -0.174027895 0 0 0
C@CP 3252 0.20480822 0.284264043 0.260614961 0 0 0
C@CP 3253 0.0619468214 0.0431666333 -0.453763702 0 0 0
C@CP 3254 0.0798358628 0.128537047 -0.0592938347 0 0 0
C@CP 3255 0.275651575 0.164250339 0.00533561454 0 0 0
C@CP 3256 0.142297248 0.136377306 0.212451233 0 0 0
C@CP 3257 -0.231564001 -0.231992925 0.278856371 0 0 0
C@CP 3258 0.00232804813 -0.115806977 0.211257158 0 0 0
C@CP 3259 0.210456773 -0.0593021309 0.149124313 0 0 0
C@CP 3260 0.399596385 -0.0474908532 -0.255180598 0 0 0
C@CP 3261 0.123178796 -0.0695844917 -0.338382041 0 0 0
C@CP 3262 -0.0261081946 -0.128312116 -0.349048958 0 0 0
C@CP 3263 -0.196090394 -0.253097087 -0.28876003 0 0 0
C@CP 3264 0.307504515 -0.0369775707 0.343145999 0 0 0
C@CP 3265 0.262951318 -0.2156016 -0.107961137 0 0 0
C@CP 3266 0.302139709 -0.0188654524 0.253357597 0 0 0
C@CP 3267 0.219210721 -0.158954269 -0.367810147 0 0 0
C@CP 3268 -0.431858096 -0.0947016726 -0.149191615 0 0 0
C@CP 3269 -0.123738413 0.0885857175 -0.383607544 0 0 0
C@CP 3270 0.119665097 -0.0154551914 0.36995899 0 0 0
C@CP 3271 0.251905128 -0.359558431 0.0491138489 0 0 0
C@CP 3272 0.0647736685 -0.127002197 0.156649929 0 0 0
C@CP 3273 0.292959033 -0.295291193 0.0635268737 0 0 0
C@CP 3274 -0.0368731224 -0.353064076 0.0402186375 0 0 0
C@CP 3275 -0.382803629 -0.00581581493 -0.168563467 0 0 0
C@CP 3276 -0.358620479 -0.199365808 0.0855615331 0 0 0
C@CP 3277 -0.391159844 0.040245613 -0.21771399 0 0 0
C@CP 3278 -0.169067353 -0.16272528 -0.0781815825 0 0 0
C@CP 3279 0.123236096 0.102469823 0.3096134 0 0 0
C@CP 3280 0.279092595 0.000514270242 0.288513426 0 0 0
C@CP 3281 -0.24146253 -0.282930793 -0.104810524 0 0 0
C@CP 3282 0.2115653 0.180824847 0.292762459 0 0 0
C@CP 3283 -0.0254250181 -0.210966927 -0.283346544 0 0 0
C@CP 3284 0.159635139 0.00536233243 -0.108475435 0 0 0
C@CP 3285 -0.322524342 0.0532514189 -0.079405582 0 0 0
C@CP 3286 0.125475695 -0.196776644 0.00943105914 0 0 0
C@CP 3287 -0.0641679842 0.0428651151 -0.336840567 0 0 0
C@CP 3288 -0.0257053221 0.00187037909 -0.184975226 0 0 0
C@CP 3289 0.174808015 0.0648002728 -0.0486549103 0 0 0
C@CP 3290 -0.0248673337 0.0163244552 0.371132381 0 0 0
C@CP 3291 0.122786697 0.066166905 -0.112902915 0 0 0
C@CP 3292 0.170390242 0.21964921 0.282240572 0 0 0
C@CP 3293 0.301051617 -0.13585536 -0.00950514948 0 0 0
C@CP 3295 -0.0617490053 0.0247375948 0.0643430944 0 0 0
C@CP 3296 0.0193979693 0.129187261 0.241272653 0 0 0
C@CP 3297 -0.208653649 0.00918272213 0.386396191 0 0 0
C@CP 3298 -0.107043163 -0.336371977 0.0901761733 0 0 0
C@CP 3299 0.411837857 -0.137158963 0.127456626 0 0 0
C@CP 3300 -0.0181655869 0.257007317 0.156629407 0 0 0
C@CP 3301 -0.0189527833 -0.0209251662 -0.453210795 0 0 0
C@CP 3302 -0.190455086 -0.0564241727 0.117557906 0 0 0
C@CP 3303 0.177998987 -0.134400954 0.283322725 0 0 0
C@CP 3304 -0.201011305 0.154407432 0.254957339 0 0 0
C@CP 3305 0.351458418 0.170842486 0.0648123624 0 0 0
C@CP 3306 0.368947932 0.0238838132 -0.0697564063 0 0 0
C@CP 3307 0.271538799 -0.272389138 0.0799031163 0 0 0
C@CP 3308 0.315153444 -0.0365098045 0.240372069 0 0 0
C@CP 3309 -0.284923729 0.0285860444 0.117485641 0 0 0
C@CP 3310 -0.0401850697 0.42374031 0.0537716552 0 0 0
C@CP 3311 -0.36111189 -0.23233982 -0.152395204 0 0 0
C@CP 3312 -0.150763224 0.210912551 -0.143580353 0 0 0
C@CP 3313 -0.247022465 0.279427355 -0.134104606 0 0 0
C@CP 3314 -0.188429347 0.103679301 0.24075522 0 0 0
C@CP 3315 -0.0985621574 0.0697011542 -0.176365234 0 0 0
C@CP 3316 0.154921823 -0.100432242 -0.234474996 0 0 0
C@CP 3317 -0.137179025 0.389389149 0.034301009 0 0 0
C@CP 3318 0.146342874 0.171190344 -0.179683339 0 0 0
C@CP 3319 0.0655245858 -0.252037256 -0.20870722 0 0 0
C@CP 3320 0.205722507 -0.226065823 0.354874299 0 0 0
C@CP 3321 0.0176072339 0.197065564 -0.0307184411 0 0 0
C@CP 3322 0.107336367 -0.0464088821 -0.433631867 0 0 0
C@CP 3323 0.24042846 0.145822439 0.316959557 0 0 0
C@CP 3324 -0.0280236223 0.348626188 -0.0531305885 0 0 0
C@CP 3325 0.0708022609 0.252648546 0.303297084 0 0 0
C@CP 3326 -0.145023621 0.0943476203 0.192316579 0 0 0
C@CP 3327 0.170800329 0.410344998 0.0476208895 0 0 0
C@CP 3328 0.285735647 -0.176948775 -0.0971261231 0 0 0
C@CP 3329 -0.197944267 0.00619183284 0.347355965 0 0 0
C@CP 3330 0.14836171 -0.178907453 -0.320756988 0 0 0
C@CP 3331 0.333999513 -0.0771255196 0.314243866 0 0 0
C@CP 3332 -0.222539015 -0.0113387314 -0.218296072 0 0 0
C@CP 3333 0.338448314 -0.286952769 -0.0144943232 0 0 0
C@CP 3334 -0.305899537 -0.206958414 -0.0242405497 0 0 0
C@CP 3335 -0.176245297 0.210999371 -0.265636637 0 0 0
C@CP 3336 -0.250444116 0.32334788 -0.0749700091 0 0 0
C@CP 3337 -0.0168250747 -0.448028792 0.00985850767 0 0 0
C@CP 3338 -0.0951433837 -0.00427883351 0.0432209488 0 0 0
C@CP 3339 0.23214994 0.102526471 -0.385781989 0 0 0
C@CP 3340 0.217642828 0.28000425 -0.260947104 0 0 0
C@CP 3341 -0.174150217 -0.17841065 0.120392056 0 0 0
C@CP 3342 0.334924257 -0.00133596306 0.000960596302 0 0 0
C@CP 3343 -0.027539241 0.0302098575 0.33044296 0 0 0
C@CP 3344 -0.258397392 -0.147316125 -0.311980011 0 0 0
C@CP 3345 0.189043974 0.229923314 0.0921527732 0 0 0
C@CP 3346 -0.216050076 -0.0957418531 -0.260066519 0 0 0
C@CP 3347 0.167428792 0.267185818 0.0769441075 0 0 0
C@CP 3348 -0.409493666 -0.153902991 -0.00817411823 0 0 0
C@CP 3349 0.39128106 0.101380719 -0.189758336 0 0 0
C@CP 3350 0.0288478685 0.14700538 0.0552146615 0 0 0
C@CP 3351 0.125490761 -0.166843844 -0.193133995 0 0 0
C@CP 3352 0.349462675 -0.0458955383 0.217184541 0 0 0
C@CP 3353 -0.129642867 -0.167069374 0.332931141 0 0 0
C@CP 3354 0.169186404 0.0694587036 0.284309284 0 0 0
C@CP 3355 0.153322133 -0.00417090935 -0.121210179 0 0 0
C@CP 3356 0.142390729 0.407041077 -0.0419278431 0 0 0
C@CP 3357 -0.0900223502 0.0453712399 -0.13581629 0 0 0
C@CP 3358 0.204211863 -0.0835813576 -0.307765256 0 0 0
C@CP 3359 0.342095457 -0.193701821 0.195679456 0 0 0
C@CP 3360 -0.115820185 0.0957378152 0.0173668153 0 0 0
C@CP 3361 0.0367379375 0.439798357 0.125735314 0 0 0
C@CP 3362 -0.0657474772 -0.0889521946 -0.358956226 0 0 0
C@CP 3363 -0.10906162 -0.137315178 0.16518709 0 0 0
C@CP 3364 0.0726713326 0.197638313 0.0718597794 0 0 0
C@CP 3365 0.0123661543 0.323095937 0.274244818 0 0 0
C@CP 3366 0.0511924291 -0.364325917 -0.122417526 0 0 0
C@CP 3367 -0.424452932 -0.0937741614 -0.174563458 0 0 0
C@CP 3368 -0.447671253 0.0508976035 -0.0466121125 0 0 0
C@CP 3369 -0.37470383 -0.00550591748 -0.103856299 0 0 0
C@CP 3370 0.249976143 -0.091260032 -0.2118704 0 0 0
C@CP 3371 -0.260983312 0.0679273106 -0.0993460397 0 0 0
C@CP 3372 0.164242246 0.0449074683 -0.0633392065 0 0 0
C@CP 3373 0.236611657 0.389446069 0.0774770768 0 0 0
C@CP 3374 -0.19542887 0.0678651268 0.402856888 0 0 0
C@CP 3375 -0.234056469 -0.089111807 0.113450693 0 0 0
C@CP 3376 -0.361065396 0.00715338755 -0.073577156 0 0 0
C@CP 3377 0.137987383 0.407076873 -0.027633112 0 0 0
C@CP 3378 -0.177127963 -0.275193703 0.241385971 0 0 0
C@CP 3379 -0.193503792 0.118763106 -0.000141893398 0 0 0
C@CP 3380 0.297413185 0.0101621532 0.290909691 0 0 0
C@CP 3381 0.369331564 -0.123947358 -0.097687944 0 0 0
C@CP 3382 -0.268372454 0.227860476 0.203296442 0 0 0
C@CP 3383 -0.204159532 0.275644947 -0.311348566 0 0 0
C@CP 3384 -0.348036161 -0.0460808543 -0.228645296 0 0 0
C@CP 3385 0.343293326 0.0160648292 0.307863088 0 0 0
C@CP 3386 0.175960954 -0.123284652 0.272608172 0 0 0
C@CP 3387 0.337951967 -0.0377654057 -0.321831268 0 0 0
C@CP 3388 -0.183616992 -0.0920678715 0.300137672 0 0 0
C@CP 3389 -0.0775883451 -0.149874502 -0.00373487375 0 0 0
C@CP 3390 -0.0103338554 -0.239545987 -0.0181500512 0 0 0
C@CP 3391 0.0088432494 0.293662611 0.0407480945 0 0 0
C@CP 3392 -0.0532714194 -0.0997462112 0.0376341304 0 0 0
C@CP 3393 -0.0753320608 0.244943967 -0.023506594 0 0 0
C@CP 3394 0.146707152 -0.0399781527 0.0317094278 0 0 0
C@CP 3395 0.329752514 0.167149202 -0.250053047 0 0 0
C@CP 3396 -0.377609498 0.0395977116 0.217852269 0 0 0
C@CP 3397 -0.0223985472 0.214596848 -0.357985521 0 0 0
C@CP 3398 0.0388496821 0.115528055 -0.143540483 0 0 0
C@CP 3399 0.053003495 -0.206424036 0.26202392 0 0 0
C@CP 3400 0.213874 -0.126347326 -0.127035121 0 0 0
C@CP 3401 -0.178166964 0.268100201 0.229699289 0 0 0
C@CP 3402 -0.164647527 -0.0291892805 -0.271867095 0 0 0
C@CP 3403 0.342977386 -0.13678881 0.0296529627 0 0 0
C@CP 3404 -0.00310381959 -0.162263991 -0.298554337 0 0 0
C@CP 3405 -0.195241276 -0.179774009 -0.0365716909 0 0 0
C@CP 3406 -0.344235026 0.0859315643 -0.292895273 0 0 0
C@CP 3407 0.140293389 -0.380956971 0.226686943 0 0 0
C@CP 3408 0.246802128 -0.110508225 0.37702126 0 0 0
C@CP 3409 -0.233157073 0.19373992 0.00046289545 0 0 0
C@CP 3410 0.220295411 0.248523566 0.317479034 0 0 0
C@CP 3411 -0.0157287448 0.1513707 0.179230058 0 0 0
C@CP 3412 0.0641953716 -0.238514635 -0.0403406491 0 0 0
C@CP 3413 0.265159568 0.100590748 -0.081581665 0 0 0
C@CP 3414 0.272476799 0.018389852 0.00928026977 0 0 0
C@CP 3415 0.0454292963 0.211274732 0.286939126 0 0 0
C@CP 3416 0.106286002 0.306565055 -0.192965815 0 0 0
C@CP 3417 0.0945635522 -0.118747902 -0.275144442 0 0 0
C@CP 3418 0.396221452 -0.190310694 0.0462056861 0 0 0
C@CP 3419 -0.212021731 -0.0911325276 0.00773933017 0 0 0
C@CP 3420 -0.00900691493 -0.270505885 -0.270986808 0 0 0
C@CP 3421 0.0866740844 -0.0393915273 0.413152532 0 0 0
C@CP 3422 -0.0110635723 -0.316583285 0.300182739 0 0 0
C@CP 3423 0.111585608 -0.231722378 -0.130538911 0 0 0
C@CP 3424 0.148279256 0.264175666 -0.182986569 0 0 0
C@CP 3425 -0.110033944 0.183205707 0.289140027 0 0 0
C@CP 3426 -0.280343792 -0.0519956632 -0.167864638 0 0 0
C@CP 3427 0.162192383 0.340570784 -0.210166046 0 0 0
C@CP 3428 -0.189448504 0.257926652 0.138941954 0 0 0
C@CP 3429 0.159911706 0.146087721 0.381989915 0 0 0
C@CP 3430 -0.191110914 0.123689784 -0.371579786 0 0 0
C@CP 3431 0.333245968 -0.0212626485 0.135054912 0 0 0
C@CP 3432 0.190748577 0.147090322 0.29078633 0 0 0
C@CP 3433 -0.0754684073 -0.179973268 0.0497977682 0 0 0
C@CP 3434 0.362816786 0.247319862 0.131730977 0 0 0
C@CP 3435 0.310154554 -0.227400246 0.184280704 0 0 0
C@CP 3436 -0.433122337 -0.0563758613 0.0706398947 0 0 0
C@CP 3437 -0.00518173249 -0.28335609 0.107338978 0 0 0
C@CP 3438 -0.0822958316 0.340294202 0.0686809716 0 0 0
C@CP 3439 0.0955200592 0.379089673 0.0412242185 0 0 0
C@CP 3440 -0.377257456 0.076649873 0.132181153 0 0 0
C@CP 3441 0.409418287 -0.0536307517 0.212277687 0 0 0
C@CP 3442 0.0735650842 -0.14519494 0.294762427 0 0 0
C@CP 3443 0.174781562 -0.0745288868 0.293027265 0 0 0
C@CP 3444 -0.148729722 -0.186413773 0.35066279 0 0 0
C@CP 3445 0.100131461 -0.197286967 -0.250444934 0 0 0
C@CP 3446 0.341650129 0.19884725 -0.0831252066 0 0 0
C@CP 3447 0.15081077 -0.279745159 0.285077267 0 0 0
C@CP 3448 -0.162829599 0.061677314 0.104928446 0 0 0
C@CP 3449 0.186663767 0.152901354 0.135005368 0 0 0
C@CP 3450 0.17103152 0.223230967 -0.0475828428 0 0 0
C@CP 3451 0.402572167 0.186256601 -0.0421644324 0 0 0
C@CP 3452 0.14774386 0.278649805 -0.258914198 0 0 0
C@CP 3453 0.45984218 -0.0383730611 0.0231634718 0 0 0
C@CP 3454 -0.158739609 -0.0590913175 -0.229462438 0 0 0
C@CP 3455 -0.120459147 0.160888397 0.20497644 0 0 0
C@CP 3456 0.200888037 -0.318512698 -0.0331423594 0 0 0
C@CP 3457 0.316889114 0.125091843 -0.121081055 0 0 0
C@CP 3458 -0.144881312 0.0480920651 0.109630727 0 0 0
C@CP 3459 -0.0805120155 -0.172737115 0.37583595 0 0 0
C@CP 3460 0.352499246 -0.185463166 0.0339405565 0 0 0
C@CP 3461 -0.416227907 0.0973973929 -0.195299321 0 0 0
C@CP 3462 -0.0571626114 0.33998652 -0.0920584182 0 0 0
C@CP 3463 0.074778655 -0.0853809746 -0.343476214 0 0 0
C@CP 3464 -0.0118582749 0.201443325 0.0443070273 0 0 0
C@CP 3465 -0.0541534853 0.210719719 -0.260927322 0 0 0
C@CP 3466 0.0551405825 -0.0987403527 -0.303133398 0 0 0
C@CP 3467 -0.00801985089 0.0223031529 0.0848770715 0 0 0
C@CP 3468 -0.110031245 -0.177167343 -0.287074849 0 0 0
C@CP 3469 0.123198316 0.223963721 -0.3443676 0 0 0
C@CP 3470 -0.312884179 0.0597546396 0.300209458 0 0 0
C@CP 3471 -0.183359352 -0.0540663904 -0.110325368 0 0 0
C@CP 3472 0.0240405933 0.42504332 -0.0349844349 0 0 0
C@CP 3473 -0.349485519 0.303477135 0.00966519428 0 0 0
C@CP 3474 0.394578995 0.0737963293 0.182978081 0 0 0
C@CP 3475 0.297177333 0.0114632245 -0.265884676 0 0 0
C@CP 3476 -0.209407206 -0.0712269162 -0.368485392 0 0 0
C@CP 3477 -0.354072611 0.217139024 0.174413128 0 0 0
C@CP 3478 0.19601869 0.0714312557 0.20886995 0 0 0
C@CP 3479 0.271227571 -0.0868387544 0.0840363617 0 0 0
C@CP 3480 0.232926106 -0.0322280307 0.302927288 0 0 0
C@CP 3481 -0.202178857 0.383072207 -0.0520421678 0 0 0
C@CP 3482 -0.190446085 -0.140349397 -0.381273923 0 0 0
C@CP 3483 0.13912019 0.391562767 -0.171794108 0 0 0
C@CP 3484 -0.00638621904 0.125256381 0.261604619 0 0 0
C@CP 3485 0.0684220513 0.0739732242 0.100561832 0 0 0
C@CP 3486 -0.0328867973 -0.402647504 0.150142176 0 0 0
C@CP 3487 -0.155125638 0.352126627 0.0506106815 0 0 0
C@CP 3488 0.377492532 -0.0377055125 -0.127027011 0 0 0
C@CP 3489 -0.39738677 -0.0484109702 0.171632097 0 0 0
C@CP 3490 -0.0714875597 -0.36702811 0.196582461 0 0 0
C@CP 3491 0.18240305 0.142077388 0.0421145003 0 0 0
C@CP 3492 0.0654703512 0.311705136 -0.253176484 0 0 0
C@CP 3493 -0.20177088 -0.234593273 0.0939027429 0 0 0
C@CP 3494 0.385401603 0.105859974 0.204215806 0 0 0
C@CP 3495 -0.271992751 -0.215162178 -0.245993236 0 0 0
C@CP 3496 -0.0565069552 0.240497079 0.231561256 0 0 0
C@CP 3497 0.151731139 0.133955396 0.258365033 0 0 0
B@CP 3499 -0.243288831 0.293734772 -0.00340734475 0 0 0
C@CP 3500 -0.352147644 0.267930842 -0.121143463 0 0 0
C@CP 3501 0.265304607 -0.196654358 0.129809376 0 0 0
C@CP 3502 -0.308436185 -0.140884319 -0.204567056 0 0 0
B@CP 3504 0.243327549 -0.0221178546 0.0921771939 0 0 0
C@CP 3505 -0.241963973 -0.095040169 -0.0299292106 0 0 0
