B@CP 1004 0.0502343631 0.402433115 0.0631724339 0 0 0
B@CP 1005 0.325376614 -0.122284732 0.0824785806 0 0 0
B@CP 1008 0.191286854 0.374768011 -0.214953704 0 0 0
B@CP 1014 -0.0149763488 0.0943583594 0.342895237 0 0 0
B@CP 1018 0.198460297 0.169175073 -0.157391848 0 0 0
B@CP 1020 -0.222519759 0.0142860603 0.0459219475 0 0 0
B@CP 1025 0.1106779 0.0419398041 -0.214289537 0 0 0
B@CP 1026 0.253515114 -0.0732353977 -0.0485990363 0 0 0
B@CP 1032 -0.41227226 -0.149477828 -0.134581302 0 0 0
B@CP 1033 -0.144518849 -0.321748931 -0.107135408 0 0 0
B@CP 1034 0.0468888302 0.349287783 -0.112546919 0 0 0
B@CP 1036 0.115773408 -0.294076104 -0.0056533966 0 0 0
B@CP 1040 -0.0540401516 -0.398229345 -0.238120603 0 0 0
B@CP 1041 -0.283527297 -0.322379161 0.102680252 0 0 0
B@CP 1042 0.0788927313 -0.0288172253 -0.249797377 0 0 0
B@CP 1045 0.230752225 -0.223970547 -0.276439442 0 0 0
B@CP 1046 0.31900808 0.0881749831 -0.246589884 0 0 0
B@CP 1047 0.0376283386 -0.178751286 -0.189570069 0 0 0
B@CP 1055 0.263092311 -0.365758016 -0.0269863642 0 0 0
B@CP 1056 0.16867961 -0.109852068 -0.315694715 0 0 0
B@CP 1059 0.162664334 0.228250825 -0.182238905 0 0 0
B@CP 1063 -0.340511602 0.00387810266 -0.115245395 0 0 0
B@CP 1065 -0.286732447 0.120016773 -0.0937027347 0 0 0
B@CP 1066 0.387059381 0.0817127047 -0.190802712 0 0 0
B@CP 1068 -0.243568952 -0.329135503 -0.0811886996 0 0 0
B@CP 1069 0.14629974 0.0667063416 0.37500693 0 0 0
B@CP 1070 -0.190430718 0.181065122 -0.109598803 0 0 0
B@CP 1077 0.112552643 -0.0108173186 -0.233467252 0 0 0
B@CP 1080 -0.094494465 0.144983927 0.289604101 0 0 0
B@CP 1083 -0.0455327275 -0.0709643433 0.0684430493 0 0 0
B@CP 1084 -0.0823444552 -0.194911333 0.294176511 0 0 0
B@CP 1085 -0.20527871 -0.284153791 0.171343178 0 0 0
B@CP 1089 0.403564195 0.117973026 -0.196749045 0 0 0
B@CP 1091 0.10163779 -0.260458498 0.100121496 0 0 0
B@CP 1092 -0.120177546 -0.206232016 0.256523151 0 0 0
B@CP 1093 -0.0903078208 0.378220945 -0.0514304686 0 0 0
B@CP 1094 -0.108216152 -0.202391797 0.200219722 0 0 0
B@CP 1099 0.0174202527 -0.300594998 -0.261155105 0 0 0
B@CP 1100 0.115743316 0.0383021315 -0.345947094 0 0 0
B@CP 1104 0.0383553293 -0.286375995 -0.225433968 0 0 0
B@CP 1105 0.260823703 0.0725623828 -0.0966214651 0 0 0
B@CP 1106 -0.22052962 -0.147347579 0.395311884 0 0 0
B@CP 1107 -0.192850981 -0.301003058 -0.0266065687 0 0 0
B@CP 1109 0.221325195 0.182942875 -0.381427905 0 0 0
B@CP 1110 -0.14963361 0.33501203 -0.000184121877 0 0 0
B@CP 1117 -0.137912557 -0.123230712 0.414217235 0 0 0
B@CP 1118 0.033145666 -0.00148610844 0.0884753632 0 0 0
B@CP 1121 0.0795277884 -0.202007735 -0.330156813 0 0 0
B@CP 1122 0.132894362 -0.199390391 -0.357213816 0 0 0
B@CP 1123 -0.31491342 0.0683645716 0.142525536 0 0 0
B@CP 1125 0.0265134267 -0.070700736 0.275675026 0 0 0
B@CP 1131 0.181344299 0.222321464 -0.0155934764 0 0 0
B@CP 1139 0.126899701 -0.277879335 -0.120945562 0 0 0
B@CP 1143 0.128839464 0.299724035 0.310289539 0 0 0
B@CP 1146 0.174707999 0.199115923 0.384268833 0 0 0
B@CP 1147 -0.127464317 0.427985894 -0.0501460093 0 0 0
B@CP 1149 0.308244124 0.0619586842 0.226946033 0 0 0
B@CP 1152 -0.089067043 0.250237226 -0.0374800229 0 0 0
B@CP 1154 0.399811213 -0.0469104575 -0.200385267 0 0 0
B@CP 1155 -0.0824368299 0.181531901 -0.147798995 0 0 0
B@CP 1160 -0.0616471974 0.148080602 -0.318667507 0 0 0
B@CP 1161 -0.274747018 0.365497112 -0.0623976288 0 0 0
B@CP 1162 -0.0681508912 0.365900292 0.0190420814 0 0 0
B@CP 1163 0.0122507843 -0.361383305 0.26720843 0 0 0
B@CP 1166 0.44915914 0.0297816627 -0.130614135 0 0 0
B@CP 1167 -0.0157226337 0.0169026204 -0.15371399 0 0 0
B@CP 1170 0.182233641 0.180020987 0.169352286 0 0 0
B@CP 1171 0.229978259 -0.339853297 0.0756334419 0 0 0
B@CP 1176 0.110761315 -0.104002775 -0.382918137 0 0 0
B@CP 1179 0.156478838 0.310987782 0.167724914 0 0 0
B@CP 1185 -0.0321777923 0.0138134822 -0.364603913 0 0 0
B@CP 1186 0.141269595 -0.181281488 0.275177088 0 0 0
B@CP 1187 -0.269417842 0.171749055 -0.196049069 0 0 0
B@CP 1188 -0.260772824 0.164401856 -0.239201134 0 0 0
B@CP 1189 0.0514249421 -0.231938212 -0.225804343 0 0 0
B@CP 1190 -0.359133341 -0.0564765808 -0.292842921 0 0 0
B@CP 1191 0.00410121455 -0.449067958 0.0624378116 0 0 0
B@CP 1192 0.00553594624 0.0864932982 0.458506356 0 0 0
B@CP 1196 0.11465676 -0.125649048 -0.307143068 0 0 0
B@CP 1197 0.256808197 -0.0103786979 0.131415677 0 0 0
B@CP 1200 0.307216614 -0.089422741 -0.175101931 0 0 0
B@CP 1206 -0.0331296604 -0.0344762981 0.383585707 0 0 0
B@CP 1211 -0.235005625 0.0745280493 0.100111089 0 0 0
B@CP 1221 0.0536358668 0.127095248 -0.0878271564 0 0 0
B@CP 1222 0.401676662 -0.114231615 -0.0236189483 0 0 0
B@CP 1225 -0.0759784946 -0.334888672 0.223790846 0 0 0
B@CP 1226 -0.340635753 -0.15261115 -0.257282069 0 0 0
B@CP 1228 0.156982667 -0.31163602 -0.233829481 0 0 0
B@CP 1229 -0.403272776 -0.222346658 0.0826711223 0 0 0
B@CP 1234 0.21076009 0.275069275 -0.298343554 0 0 0
B@CP 1237 -0.236779832 -0.0765590868 -0.380922014 0 0 0
B@CP 1239 0.148863415 -0.140566351 0.160435637 0 0 0
B@CP 1241 0.175151184 0.353277599 -0.256000198 0 0 0
B@CP 1242 0.0440503097 -0.125132565 -0.01198182 0 0 0
B@CP 1245 0.00340456281 -0.0894467543 -0.118282648 0 0 0
B@CP 1248 0.125961168 0.201030222 0.353926219 0 0 0
B@CP 1257 -0.0187709857 0.0768963233 0.151666077 0 0 0
B@CP 1259 -0.124444537 -0.1158838 -0.203266422 0 0 0
B@CP 1262 -0.140796685 0.361236634 0.249082101 0 0 0
B@CP 1263 -0.0272006446 -0.151974493 -0.278311665 0 0 0
B@CP 1264 0.110298548 -0.350968871 0.136538021 0 0 0
B@CP 1268 0.167712569 -0.279430709 -0.231241714 0 0 0
B@CP 1274 -0.40250494 0.0478952193 0.215096214 0 0 0
B@CP 1275 0.112233904 0.349599291 0.261006599 0 0 0
B@CP 1280 -0.224154586 -0.0371778624 -0.24442895 0 0 0
B@CP 1281 0.257348823 -0.293639534 0.201200187 0 0 0
B@CP 1284 0.261235297 -0.174147547 -0.296931861 0 0 0
B@CP 1285 -0.385954444 0.148005372 -0.1828049 0 0 0
B@CP 1291 -0.00381847853 0.0931705074 0.278381521 0 0 0
B@CP 1293 -0.0910208405 0.288570945 0.280395122 0 0 0
B@CP 1299 -0.350983656 0.21586424 -0.133511419 0 0 0
B@CP 1302 0.404815323 0.0667618459 -0.190360661 0 0 0
B@CP 1305 0.105741406 -0.0270977686 -0.404799838 0 0 0
B@CP 1306 0.0138468666 -0.273839467 0.194591389 0 0 0
B@CP 1312 0.406447115 0.0283508302 0.219939281 0 0 0
B@CP 1318 -0.191081392 -0.335688737 0.240585632 0 0 0
B@CP 1320 -0.0408519404 -0.26987753 -0.0416050653 0 0 0
B@CP 1323 0.0183316867 -0.220013766 0.188250173 0 0 0
B@CP 1324 -0.00179271018 -0.28921862 -0.135224846 0 0 0
B@CP 1326 0.00566667108 -0.174781798 0.0579344525 0 0 0
B@CP 1330 0.331402662 -0.175258715 -0.0471420571 0 0 0
B@CP 1332 -0.0439581733 0.458492302 -0.0343592928 0 0 0
B@CP 1335 0.0596270323 0.171584342 0.358389052 0 0 0
B@CP 1342 0.161631659 -0.0131416843 -0.367882031 0 0 0
B@CP 1343 0.197330245 0.000525213889 -0.406948295 0 0 0
B@CP 1345 0.125219269 0.390198306 -0.15214701 0 0 0
B@CP 1348 0.121371867 0.409152018 0.151525768 0 0 0
B@CP 1354 0.00609867123 0.203150979 0.245023572 0 0 0
B@CP 1356 -0.248479022 -0.0834803383 -0.378263633 0 0 0
B@CP 1362 0.0618442236 0.100884384 0.416421647 0 0 0
B@CP 1363 -0.233611059 -0.22860563 -0.194760679 0 0 0
B@CP 1365 0.135274717 0.191950435 0.287771942 0 0 0
B@CP 1367 -0.113028085 0.340863862 -0.0159997739 0 0 0
B@CP 1370 -0.404642008 -0.141425259 -0.0914737188 0 0 0
B@CP 1371 0.266761355 -0.113308524 0.144178961 0 0 0
B@CP 1372 -0.391106472 -0.188203835 -0.0412521046 0 0 0
B@CP 1373 0.0715440136 -0.00530789449 0.192778144 0 0 0
B@CP 1375 -0.367175535 0.105810039 0.181866542 0 0 0
B@CP 1379 -0.246722511 -0.184049632 -0.143255266 0 0 0
B@CP 1385 0.350309116 -0.235485711 0.00403778648 0 0 0
B@CP 1387 -0.0270479996 -0.265289307 0.125818383 0 0 0
B@CP 1390 -0.18259331 -0.214764675 -0.0476440316 0 0 0
B@CP 1391 -0.401210848 -0.185547917 -0.0903248354 0 0 0
B@CP 1393 -0.247908451 0.0375825647 0.0796712803 0 0 0
B@CP 1398 -0.256244476 0.131372031 0.145381748 0 0 0
B@CP 1406 -0.118169358 0.384089939 0.23555236 0 0 0
B@CP 1408 0.0760291826 0.258061849 -0.293790108 0 0 0
B@CP 1410 -0.208381357 0.189998771 -0.278666419 0 0 0
B@CP 1416 -0.263130117 -0.185898643 -0.164394408 0 0 0
B@CP 1417 -0.166030469 0.0792443067 0.173430129 0 0 0
B@CP 1422 0.098162814 0.209945746 -0.399949854 0 0 0
B@CP 1423 -0.145528744 0.222697698 0.165000588 0 0 0
B@CP 1424 0.265929489 -0.149160035 0.0141504948 0 0 0
B@CP 1428 -0.000855725701 0.0661706876 0.0993961145 0 0 0
B@CP 1429 -0.122412211 0.134720026 -0.428949524 0 0 0
B@CP 1433 0.066564099 0.1529443 -0.165098613 0 0 0
B@CP 1434 0.00775139403 0.0851063343 -0.0426443803 0 0 0
B@CP 1436 0.0688221523 0.386260455 0.098903368 0 0 0
B@CP 1438 -0.386640491 -0.0963678907 0.225088814 0 0 0
B@CP 1439 -0.10791086 -0.283008667 0.0149613467 0 0 0
B@CP 1446 0.0434266639 0.406616038 -0.0345222666 0 0 0
B@CP 1448 0.235776112 0.0750236857 -0.177710889 0 0 0
B@CP 1452 -0.251339818 0.267712785 0.184501833 0 0 0
B@CP 1453 -0.156575965 -0.370997407 -0.225802429 0 0 0
B@CP 1454 -0.206033764 0.167249431 -0.00504434495 0 0 0
B@CP 1465 0.303036158 -0.102830298 0.126523954 0 0 0
B@CP 1466 -0.212646347 0.0844639958 -0.325609085 0 0 0
B@CP 1470 -0.0444400049 -0.28324449 -0.101520909 0 0 0
B@CP 1471 0.274336527 -0.0667472056 -0.0786965169 0 0 0
B@CP 1478 0.0918331136 -0.256667329 -0.0137340906 0 0 0
B@CP 1481 -0.275928538 0.0113917568 -0.304095946 0 0 0
B@CP 1482 0.196282463 -0.266601907 0.25504554 0 0 0
B@CP 1483 -0.114290218 -0.415437895 0.17768487 0 0 0
B@CP 1486 0.236008148 0.172485565 0.194109533 0 0 0
B@CP 1489 0.0656208698 0.260242596 0.315110734 0 0 0
B@CP 1490 0.0646651254 0.0603326147 -0.334619277 0 0 0
B@CP 1491 0.0161245967 -0.0278953963 -0.471863879 0 0 0
B@CP 1492 -0.0973503252 0.317499351 -0.267048895 0 0 0
B@CP 1495 -0.173140619 -0.00563389888 -0.24998518 0 0 0
B@CP 1500 -0.0837768634 -0.398231983 0.219683756 0 0 0
B@CP 1504 0.248087932 -0.296766771 0.062223252 0 0 0
B@CP 1505 0.320395003 -0.207097281 -0.212617071 0 0 0
B@CP 1509 0.192197909 0.360646761 -0.176978409 0 0 0
B@CP 1515 0.0870379748 -0.199976491 -0.226772221 0 0 0
B@CP 1519 0.388159284 0.109832612 0.152523739 0 0 0
B@CP 1523 -0.229245248 -0.374375497 -0.0795346212 0 0 0
B@CP 1524 -0.141274383 -0.262244679 0.261452986 0 0 0
B@CP 1526 -0.275261225 0.150665305 -0.16655734 0 0 0
B@CP 1527 -0.14446452 0.319486179 0.0549682891 0 0 0
B@CP 1530 -0.137661605 -0.203547552 0.343940131 0 0 0
B@CP 1534 -0.15970618 -0.217028778 -0.233273538 0 0 0
B@CP 1536 0.0324998654 -0.148318889 -0.433416159 0 0 0
B@CP 1551 -0.340743665 -0.288015234 -0.0193264857 0 0 0
B@CP 1552 0.237053604 -0.220357332 -0.297099164 0 0 0
B@CP 1555 -0.173796687 -0.0676160324 -0.187425662 0 0 0
B@CP 1561 -0.172854724 0.197064969 0.33627006 0 0 0
B@CP 1567 0.358542266 -0.135908905 -0.0508451797 0 0 0
B@CP 1569 -0.214142758 0.333848024 0.125562582 0 0 0
B@CP 1572 0.0720029141 0.27806407 0.178548237 0 0 0
B@CP 1573 0.0790743837 0.09127388 0.0336249537 0 0 0
B@CP 1576 -0.299285343 -0.0814902801 0.21924266 0 0 0
B@CP 1580 -0.0584147836 -0.279025223 0.0161635296 0 0 0
B@CP 1583 0.452278312 -0.0469703665 0.0534968364 0 0 0
B@CP 1584 -0.0428799817 0.0289288132 -0.151430586 0 0 0
B@CP 1586 0.164481826 -0.183941587 -0.213452858 0 0 0
B@CP 1588 -0.304981611 -0.301403649 -0.0477181933 0 0 0
B@CP 1589 0.314622554 -0.0356435741 -0.0585115178 0 0 0
B@CP 1596 0.28748411 0.346447782 -0.0561583101 0 0 0
B@CP 1600 0.098760451 -0.155819128 0.273475339 0 0 0
B@CP 1606 -0.20590715 -0.0903417428 0.0337315565 0 0 0
B@CP 1609 -0.148039421 0.193445043 0.0440352672 0 0 0
B@CP 1611 -0.144561987 -0.101020272 -0.426769678 0 0 0
B@CP 1613 0.383165518 -0.0843296444 -0.00340945333 0 0 0
B@CP 1625 -0.239763655 -0.23153018 0.0723699955 0 0 0
B@CP 1630 0.149851364 -0.155247332 -0.249819438 0 0 0
B@CP 1637 -0.23779106 0.0573431104 0.195372975 0 0 0
B@CP 1638 -0.223398229 -0.220243038 0.343087188 0 0 0
B@CP 1642 0.077858614 0.167884565 -0.121529405 0 0 0
B@CP 1645 0.242774731 0.170879003 0.328045745 0 0 0
B@CP 1649 -0.265630194 -0.0159957706 -0.15684917 0 0 0
B@CP 1655 0.0042109075 0.168828202 -0.125790784 0 0 0
B@CP 1656 -0.348834736 -0.00598833624 -0.13057935 0 0 0
B@CP 1673 0.0366275856 0.273051644 -0.366781629 0 0 0
B@CP 1678 0.053528189 -0.199464846 0.061498971 0 0 0
B@CP 1679 -0.328662989 0.243670333 0.00884772772 0 0 0
B@CP 1681 0.0663012515 -0.294775909 -0.210835293 0 0 0
B@CP 1686 0.0290503684 0.151893759 0.162492026 0 0 0
B@CP 1690 0.375591371 0.209155538 -0.190443014 0 0 0
B@CP 1694 -0.0567586933 0.150365278 0.259289422 0 0 0
B@CP 1696 -0.183582889 0.321081083 -0.145923649 0 0 0
B@CP 1697 0.277100291 0.316349876 -0.153052329 0 0 0
B@CP 1701 0.0155237844 0.082743571 -0.435707584 0 0 0
B@CP 1703 -0.317271345 0.0769493332 0.12219274 0 0 0
B@CP 1710 0.262168766 0.129209606 -0.012129861 0 0 0
B@CP 1719 -0.325268199 0.193387988 0.198606093 0 0 0
B@CP 1722 -0.231327611 0.0651594215 -0.197644872 0 0 0
B@CP 1727 -0.0470507146 -0.138340307 0.13254254 0 0 0
B@CP 1733 0.362090121 -0.188769031 -0.213524731 0 0 0
B@CP 1735 -0.00872106916 0.400594187 -0.0970274492 0 0 0
B@CP 1736 0.158789393 0.114221983 -0.368399753 0 0 0
B@CP 1739 -0.015725236 -0.215405617 -0.087585705 0 0 0
B@CP 1740 -0.299605669 0.19153326 -0.137947882 0 0 0
B@CP 1743 0.177236362 -0.255568496 -0.199166189 0 0 0
B@CP 1745 0.322846734 0.242632923 0.199524584 0 0 0
B@CP 1746 0.159927541 0.0875338948 0.371970574 0 0 0
B@CP 1747 -0.270193272 0.119597567 -0.192299603 0 0 0
B@CP 1748 0.342009422 0.16871174 0.0235748332 0 0 0
B@CP 1751 -0.0348644079 0.299906609 0.26488176 0 0 0
B@CP 1752 -0.388378306 0.0333358399 0.0331455074 0 0 0
B@CP 1755 -0.339620169 -0.059848435 -0.269346041 0 0 0
B@CP 1763 0.128599633 0.0467801441 -0.0284710835 0 0 0
B@CP 1774 0.19800461 0.121583972 0.0861828767 0 0 0
B@CP 1777 -0.277042882 -0.158493221 -0.179886559 0 0 0
B@CP 1781 -0.0487688791 0.079021424 -0.251586118 0 0 0
B@CP 1789 0.0979207097 0.0226491294 0.0842964484 0 0 0
B@CP 1790 0.216341431 -0.238961953 0.335797065 0 0 0
B@CP 1793 0.338684189 0.249879396 0.0293482639 0 0 0
B@CP 1800 -0.0731992413 0.330235087 0.204448057 0 0 0
B@CP 1802 -0.203876191 0.372619499 0.168287978 0 0 0
B@CP 1803 0.430394906 -0.0573838318 0.0847965764 0 0 0
B@CP 1804 0.114699748 -0.298300798 0.00817397236 0 0 0
B@CP 1807 0.136253021 0.414750678 -0.177718357 0 0 0
B@CP 1814 0.136769556 -0.113356446 -0.246043302 0 0 0
B@CP 1815 0.0653395347 0.430927206 0.154696495 0 0 0
B@CP 1817 0.214529287 -0.266729445 0.230188529 0 0 0
B@CP 1819 -0.0809301247 -0.249095355 0.0199290985 0 0 0
B@CP 1822 0.0260318488 0.379129914 0.24499268 0 0 0
B@CP 1823 0.263168938 0.0677416652 -0.333064371 0 0 0
B@CP 1826 0.0767691384 0.335945019 0.116491226 0 0 0
B@CP 1828 -0.123307661 -0.00997330595 0.367393361 0 0 0
B@CP 1835 0.15064638 0.280839784 0.0249105827 0 0 0
B@CP 1836 -0.0966057538 -0.25224989 0.0834236233 0 0 0
B@CP 1838 0.0482313373 0.00981137339 0.360384567 0 0 0
B@CP 1840 -0.376478064 0.0549255259 -0.160040274 0 0 0
B@CP 1842 0.0546296862 0.0961487029 -0.178931428 0 0 0
B@CP 1844 0.0562501172 -0.0939390392 0.00373253906 0 0 0
B@CP 1847 0.1600683 -0.15731379 0.281381448 0 0 0
B@CP 1848 0.122191884 -0.0132356835 -0.104345421 0 0 0
B@CP 1851 0.35828151 0.201933373 0.0514990705 0 0 0
B@CP 1852 0.0665069825 0.12680069 -0.156086105 0 0 0
B@CP 1855 0.0766696197 0.303624488 -0.109437022 0 0 0
B@CP 1856 -0.105672553 -0.279077308 0.261585226 0 0 0
B@CP 1858 -0.0413106695 0.405718075 0.0810320567 0 0 0
B@CP 1861 0.0796307267 0.0306432482 0.366971836 0 0 0
B@CP 1862 0.152874381 0.251710766 -0.166096844 0 0 0
B@CP 1866 -0.0781720756 0.0590177818 0.212874193 0 0 0
B@CP 1870 -0.21959806 0.000219238967 0.248711531 0 0 0
B@CP 1872 -0.107387096 0.127072434 -0.198369987 0 0 0
B@CP 1873 0.197053109 -0.229411427 0.028197947 0 0 0
B@CP 1877 0.0153543538 0.0795890392 -0.138209279 0 0 0
B@CP 1879 -0.26244739 -0.265056557 -0.218341652 0 0 0
B@CP 1880 0.214818225 -0.207577152 -0.284849293 0 0 0
B@CP 1881 0.0398826329 -0.0532308973 -0.0875317106 0 0 0
B@CP 1883 -0.219711022 0.0649289933 -0.379044643 0 0 0
B@CP 1887 0.0930997262 0.129348749 0.00871469135 0 0 0
B@CP 1890 -0.189722577 0.372716676 -0.206347608 0 0 0
B@CP 1891 -0.131484413 0.331388078 -0.254075438 0 0 0
B@CP 1892 -0.287805972 -0.207684006 0.270928025 0 0 0
B@CP 1893 -0.246113728 -0.0930174636 -0.0466570116 0 0 0
B@CP 1899 0.0967241308 -0.360647001 0.101011655 0 0 0
B@CP 1901 -0.222225956 0.00844623767 -0.0730465566 0 0 0
B@CP 1903 -0.294700312 -0.0583328556 0.251860665 0 0 0
B@CP 1906 0.102102175 -0.27874881 0.297956534 0 0 0
B@CP 1909 -0.381573053 0.115913558 -0.0118666404 0 0 0
B@CP 1910 0.182971422 -0.114697934 -0.00715211188 0 0 0
B@CP 1911 0.400668041 -0.100509131 0.168146893 0 0 0
B@CP 1915 0.0763562655 -0.266758107 -0.0956973541 0 0 0
B@CP 1917 -0.268787299 0.0129730733 0.0940911433 0 0 0
B@CP 1920 -0.00311354631 -0.181621828 0.181468749 0 0 0
B@CP 1921 0.367903403 0.270767374 -0.060877127 0 0 0
B@CP 1922 -0.205185229 -0.0258844644 0.113767293 0 0 0
B@CP 1925 -0.0210248453 -0.366041712 0.0399992463 0 0 0
B@CP 1935 0.0518799427 0.310883866 -0.160993845 0 0 0
B@CP 1937 0.28085282 -0.244757159 -0.0716250493 0 0 0
B@CP 1939 0.308121541 -0.0165689231 -0.330768191 0 0 0
B@CP 1950 0.0904830028 -0.158713919 -0.154688246 0 0 0
B@CP 1955 -0.210687184 0.117144755 0.149578695 0 0 0
B@CP 1958 -0.0530238749 -0.266328835 0.308367308 0 0 0
B@CP 1967 0.129042617 -0.212549287 -0.0809870035 0 0 0
B@CP 1970 0.426625327 -0.0871340951 0.0409032473 0 0 0
B@CP 1974 -0.241750107 0.155371701 0.0742014335 0 0 0
B@CP 1980 0.0295602146 -0.124641455 -0.172804038 0 0 0
B@CP 1993 0.30024675 -0.211470569 -0.229590067 0 0 0
B@CP 1994 0.398327069 -0.0628355319 -0.186613124 0 0 0
B@CP 1996 0.192162004 0.286343814 -0.157646117 0 0 0
B@CP 1999 0.124435438 -0.209417633 -0.082667191 0 0 0
B@CP 2002 0.022641521 0.13677078 -0.0349366872 0 0 0
B@CP 2005 -0.297037279 -0.225810858 0.184012993 0 0 0
B@CP 2013 -0.135840373 -0.238639646 -0.292043533 0 0 0
B@CP 2019 0.0802342587 0.017403874 -0.00864504293 0 0 0
B@CP 2021 -0.286936107 0.164515624 -0.000598225786 0 0 0
B@CP 2022 0.132454068 0.14618515 0.341738433 0 0 0
B@CP 2024 0.088004328 0.314137177 -0.103648039 0 0 0
B@CP 2025 -0.243703296 -0.308824296 0.0137596322 0 0 0
B@CP 2026 0.0549758961 0.298675943 -0.162964444 0 0 0
B@CP 2028 -0.103507883 0.230060983 0.266672181 0 0 0
B@CP 2029 0.336299879 -0.108245916 0.281247103 0 0 0
B@CP 2032 0.136503423 -0.0491092573 -0.186014838 0 0 0
B@CP 2033 0.169741629 -0.295432353 0.0314629925 0 0 0
B@CP 2034 0.0932934321 0.244252979 0.159448548 0 0 0
B@CP 2036 -0.359820206 -0.103146773 -0.152324179 0 0 0
B@CP 2037 -0.0335436522 -0.369081776 -0.0582350466 0 0 0
B@CP 2040 -0.209446288 0.260804971 0.00827165801 0 0 0
B@CP 2042 -0.00315275035 -0.0482870416 0.422747337 0 0 0
B@CP 2043 -0.220812587 0.0422870643 0.11542169 0 0 0
B@CP 2048 -0.0774650433 -0.107205609 -0.248958541 0 0 0
B@CP 2050 -0.212616343 0.0682892732 -0.0269810908 0 0 0
B@CP 2053 0.134300168 -0.141784788 -0.128994887 0 0 0
B@CP 2057 0.340382251 -0.310902191 0.0342788886 0 0 0
B@CP 2059 -0.059571085 0.0377903647 0.129344543 0 0 0
B@CP 2060 0.393793369 -0.00664258891 -0.0966596431 0 0 0
B@CP 2068 0.0503232295 0.157139425 -0.354856412 0 0 0
B@CP 2076 0.323770529 -0.259709991 -0.147606942 0 0 0
B@CP 2077 -0.119308566 0.172585457 0.0866510317 0 0 0
B@CP 2078 -0.221215315 0.174875224 -0.189030241 0 0 0
B@CP 2079 -0.333769903 0.0968830746 -0.312647284 0 0 0
B@CP 2081 0.159891494 0.155074984 -0.371641691 0 0 0
B@CP 2082 0.0742215865 0.290026063 -0.298064479 0 0 0
B@CP 2083 0.0884072316 0.288267765 0.0457442777 0 0 0
B@CP 2086 -0.236841614 -0.0807701062 0.000580600437 0 0 0
B@CP 2087 0.0595518411 -0.286348704 -0.165343579 0 0 0
B@CP 2091 -0.357413894 -0.0568830472 -0.0376315264 0 0 0
B@CP 2095 -0.136414804 0.0418441074 0.298968081 0 0 0
B@CP 2103 -0.320779246 0.0707443531 -0.0108134977 0 0 0
B@CP 2105 -0.214950836 0.0879542516 0.105398296 0 0 0
B@CP 2109 0.087843711 0.24638373 -0.260460249 0 0 0
B@CP 2110 0.12504653 -0.21273854 0.069725631 0 0 0
B@CP 2111 -0.148092314 -0.0665724626 0.431943888 0 0 0
B@CP 2113 0.0682276643 -0.370814931 -0.227418387 0 0 0
B@CP 2114 0.230064297 -0.101570106 0.13542257 0 0 0
B@CP 2115 -0.296899088 -0.0902399338 0.315820397 0 0 0
B@CP 2117 -0.100839915 0.229229072 -0.31318371 0 0 0
B@CP 2118 0.383227981 0.0527244026 -0.0343792734 0 0 0
B@CP 2119 -0.0749868647 0.234337385 -0.251305497 0 0 0
B@CP 2125 -0.0173368452 -0.0041430322 -0.12474714 0 0 0
B@CP 2127 -0.210075801 0.319957448 -0.0113619609 0 0 0
B@CP 2130 0.0891058473 -0.199295384 -0.307899807 0 0 0
B@CP 2131 -0.143673354 0.385979671 -0.0457466053 0 0 0
B@CP 2133 0.426740171 0.0834372497 0.0281084668 0 0 0
B@CP 2134 0.209349782 -0.258969522 0.306772564 0 0 0
B@CP 2136 0.140766087 -0.148739284 -0.000857403774 0 0 0
B@CP 2141 0.218940287 0.368065663 -0.0670353507 0 0 0
B@CP 2144 0.311624876 -0.116284083 -0.0342989316 0 0 0
B@CP 2145 0.261124233 -0.049725139 0.0246149666 0 0 0
B@CP 2149 0.065239214 -0.0140896902 0.128549467 0 0 0
B@CP 2154 -0.259147354 -0.158870266 0.349471741 0 0 0
B@CP 2161 -0.0817846237 -0.209156239 -0.0696732299 0 0 0
B@CP 2164 0.327240152 -0.0719232204 0.270611553 0 0 0
B@CP 2166 0.152734208 -0.406352247 -0.191234456 0 0 0
B@CP 2168 0.432967079 0.0336378265 0.00136181304 0 0 0
B@CP 2169 0.16079347 -0.160605287 0.229819622 0 0 0
B@CP 2175 0.135640426 0.0127034083 0.385662631 0 0 0
B@CP 2177 0.36097578 -0.0607132618 0.026298571 0 0 0
B@CP 2182 -0.285395522 -0.151912491 -0.339462358 0 0 0
B@CP 2186 0.0699800089 0.310210219 0.128536577 0 0 0
B@CP 2188 0.219877846 -0.221064642 -0.0725015216 0 0 0
B@CP 2203 0.224620707 0.332758283 -0.217023929 0 0 0
B@CP 2205 -0.270111542 -0.0620604383 0.275669594 0 0 0
B@CP 2207 0.105709118 -0.109639183 -0.180848423 0 0 0
B@CP 2208 -0.365513245 -0.16691309 -0.0962822276 0 0 0
B@CP 2213 0.117688411 -0.0460812603 -0.400652169 0 0 0
B@CP 2215 -0.14113972 -0.329851582 -0.25072584 0 0 0
B@CP 2217 0.0263862054 0.34419279 -0.275130647 0 0 0
B@CP 2220 0.0452552186 0.339806106 0.257302239 0 0 0
B@CP 2221 -0.402610363 0.0504320092 0.13101439 0 0 0
B@CP 2222 0.225378157 -0.202098105 0.20640687 0 0 0
B@CP 2225 -0.106273879 0.188247382 -0.0101471513 0 0 0
B@CP 2226 0.31210638 0.0511538567 -0.0682614704 0 0 0
B@CP 2228 -0.295891703 0.103345839 0.148379859 0 0 0
B@CP 2230 0.320718662 0.238297799 -0.157744575 0 0 0
B@CP 2233 -0.0338329574 -0.162286141 -0.275581137 0 0 0
B@CP 2234 0.291463054 -0.151026576 0.224697772 0 0 0
B@CP 2248 0.0827873833 -0.166832944 0.28061897 0 0 0
B@CP 2250 0.0984312738 0.12761975 0.411950016 0 0 0
B@CP 2251 0.227790089 0.197306519 0.126311315 0 0 0
B@CP 2252 0.397540317 0.215871895 0.104579269 0 0 0
B@CP 2254 0.131037479 0.4047643 0.105752783 0 0 0
B@CP 2255 0.386848367 -0.194388009 0.136972813 0 0 0
B@CP 2256 -0.314749466 0.0382507973 0.0384994113 0 0 0
B@CP 2263 -0.0524694809 -0.160110407 0.0462818904 0 0 0
B@CP 2267 0.0277690653 0.0124294187 -0.443317054 0 0 0
B@CP 2271 0.241483057 -0.291194064 0.21784362 0 0 0
B@CP 2272 0.0579711143 -0.265951952 0.232947057 0 0 0
B@CP 2273 0.0256004862 -0.219568337 0.12966077 0 0 0
B@CP 2275 -0.198792307 -0.337503479 -0.0154354544 0 0 0
B@CP 2279 -0.137016721 0.0509120663 0.437731499 0 0 0
B@CP 2282 -0.21489806 -0.269304892 0.0864193574 0 0 0
B@CP 2284 -0.105132564 -0.0697354817 -0.413694678 0 0 0
B@CP 2285 -0.172482169 0.140739351 -0.179341117 0 0 0
B@CP 2293 0.28530217 -0.0808183793 -0.202885562 0 0 0
B@CP 2299 0.0416293892 0.0820475796 0.0572372895 0 0 0
B@CP 2300 -0.179651061 0.021434872 0.163596113 0 0 0
B@CP 2301 0.207934071 -0.0980268368 -0.38437042 0 0 0
B@CP 2303 0.239333001 0.0641531232 -0.340863707 0 0 0
B@CP 2305 0.221333027 0.18955897 -0.286087608 0 0 0
B@CP 2309 0.0933498428 0.0378474622 -0.135994122 0 0 0
B@CP 2313 -0.0121359359 -0.0179467062 -0.183552934 0 0 0
B@CP 2315 0.0080715765 0.371851778 0.198787139 0 0 0
B@CP 2320 0.0620672723 -0.309135239 -0.0196893168 0 0 0
B@CP 2325 -0.201724629 0.164598034 -0.0598980194 0 0 0
B@CP 2329 -0.234975889 0.072528929 0.377806804 0 0 0
B@CP 2331 -0.00992896326 0.282743014 0.159992533 0 0 0
B@CP 2332 0.386837208 0.196397919 0.0646024573 0 0 0
B@CP 2333 0.144207736 -0.0953802341 -0.112592941 0 0 0
B@CP 2335 -0.158764231 -0.123238938 -0.289805508 0 0 0
B@CP 2336 0.246600141 -0.0546512121 -0.177243507 0 0 0
B@CP 2340 -0.176622216 -0.218949395 0.22377218 0 0 0
B@CP 2343 0.222410916 0.093913147 -0.094944019 0 0 0
B@CP 2346 0.21586582 -0.321635668 0.254477504 0 0 0
B@CP 2348 -0.0443301166 0.177928856 -0.417198008 0 0 0
B@CP 2350 -0.0778874733 -0.174688761 0.0280008133 0 0 0
B@CP 2351 -0.0141247208 -0.305179181 0.0147221414 0 0 0
B@CP 2356 -0.0905536986 -0.19754453 -0.340544223 0 0 0
B@CP 2357 -0.116514861 0.0993610041 0.104736858 0 0 0
B@CP 2359 -0.126794495 0.0845672391 -0.421024545 0 0 0
B@CP 2363 0.220922911 -0.212972833 0.0907747901 0 0 0
B@CP 2365 -0.0105321591 0.0963540296 -0.0983672589 0 0 0
B@CP 2368 -0.276301216 0.119852701 0.0922410267 0 0 0
B@CP 2369 0.0770038177 0.386365025 0.179870585 0 0 0
B@CP 2370 0.125197171 -0.241618427 0.192364429 0 0 0
B@CP 2372 -0.122405758 -0.0952854039 -0.145184464 0 0 0
B@CP 2373 -0.0524858104 0.418388867 -0.177894575 0 0 0
B@CP 2376 0.417961991 0.146611086 0.14344253 0 0 0
B@CP 2381 -0.224074326 0.281108745 0.236619981 0 0 0
B@CP 2382 0.094368411 0.143212678 0.00264132884 0 0 0
B@CP 2383 -0.00435326934 0.0124558139 -0.311880842 0 0 0
B@CP 2386 -0.141011118 0.0888117988 0.0891925864 0 0 0
B@CP 2388 -0.13918718 0.344911245 0.117400658 0 0 0
B@CP 2392 0.238138652 0.174358157 -0.249952552 0 0 0
B@CP 2395 -0.0380428664 0.0209049991 0.406641744 0 0 0
B@CP 2397 -0.150199109 -0.0887418577 -0.415820538 0 0 0
B@CP 2400 0.244755252 0.346802708 0.0803470081 0 0 0
B@CP 2402 0.404350832 0.0897731339 -0.15034145 0 0 0
B@CP 2405 0.144621405 -0.0520423949 -0.124413052 0 0 0
B@CP 2411 -0.353822671 0.0852449655 -0.147958032 0 0 0
B@CP 2413 0.247934514 -0.226544106 0.31855061 0 0 0
B@CP 2416 0.161373511 0.0540141904 -0.0968792729 0 0 0
B@CP 2421 0.311148899 0.0548453164 -0.346282542 0 0 0
B@CP 2437 0.324640484 0.139610416 0.182367483 0 0 0
B@CP 2441 0.227397907 -0.31259913 0.0284531207 0 0 0
B@CP 2456 -0.397986719 0.0422526771 0.157776655 0 0 0
B@CP 2457 -0.413002525 0.010359662 0.0949154611 0 0 0
B@CP 2459 -0.0103362675 0.177278771 -0.296529206 0 0 0
B@CP 2460 0.00220634333 -0.116262756 -0.305232017 0 0 0
B@CP 2461 0.0502596525 0.368698373 0.0518498788 0 0 0
B@CP 2462 -0.0320020203 0.308412755 0.0177873813 0 0 0
B@CP 2467 0.227448082 -0.187435879 0.279769208 0 0 0
B@CP 2471 -0.0632137741 -0.353210488 0.203206188 0 0 0
B@CP 2475 0.203167849 -0.104763353 0.0529164863 0 0 0
B@CP 2477 -0.311420413 0.0738005817 0.150774381 0 0 0
B@CP 2481 0.178020811 -0.16758943 -0.0330021649 0 0 0
B@CP 2487 0.106583615 -0.113125951 -0.296271476 0 0 0
B@CP 2492 -0.43559098 -0.144265912 -0.0099567326 0 0 0
C@CP 2500 -0.136091587 0.127163288 -0.0797100574 0 0 0
C@CP 2501 0.218801436 -0.0184581042 -0.0797474429 0 0 0
C@CP 2502 0.110558003 0.167371639 -0.177880578 0 0 0
C@CP 2503 0.0530169727 0.214487166 -0.058127644 0 0 0
C@CP 2504 0.180041422 -0.201628001 0.164319392 0 0 0
C@CP 2505 0.0377501924 -0.0789511542 0.447356062 0 0 0
C@CP 2506 0.37940513 -0.0603916852 0.00158357437 0 0 0
C@CP 2507 -0.430365288 -0.110594754 0.0377860927 0 0 0
C@CP 2508 -0.319864226 0.0255344008 -0.154592554 0 0 0
C@CP 2509 -0.235638382 0.00270738858 -0.124320209 0 0 0
C@CP 2510 -0.0748131051 -0.293057373 0.153276694 0 0 0
C@CP 2511 0.0416351226 0.100797498 -0.148835639 0 0 0
C@CP 2512 -0.0177834141 -0.137632437 0.231738646 0 0 0
C@CP 2513 0.230813362 -0.2861404 -0.140882461 0 0 0
C@CP 2514 0.022910043 0.247879064 -0.283079578 0 0 0
C@CP 2515 -0.240898235 0.117510529 0.131001571 0 0 0
C@CP 2516 0.0717154228 0.119078242 0.150092927 0 0 0
C@CP 2517 -0.324182039 0.22878018 0.0455079482 0 0 0
C@CP 2518 0.047530749 0.247455234 0.330157663 0 0 0
C@CP 2519 0.250363942 1.96951599e-05 0.251218962 0 0 0
C@CP 2520 -0.12462642 0.326247036 0.100713655 0 0 0
C@CP 2521 -0.37942745 -0.0522060317 0.162256172 0 0 0
C@CP 2522 -0.0596883819 0.261305144 0.288140575 0 0 0
C@CP 2523 -0.148500953 -0.118070593 -0.0884415695 0 0 0
C@CP 2524 0.363164349 0.105863154 0.137969765 0 0 0
C@CP 2525 -0.24431247 0.0490274265 -0.110574285 0 0 0
C@CP 2526 -0.0712325964 -0.206231646 -0.18557969 0 0 0
C@CP 2527 0.141289048 -0.191086274 -0.142403664 0 0 0
C@CP 2528 -0.119657034 0.372741518 -0.161189981 0 0 0
C@CP 2529 0.0905532418 -0.176557184 0.0545666324 0 0 0
C@CP 2530 0.307089162 -0.225811926 -0.0518327637 0 0 0
C@CP 2531 0.376259875 -0.0843304747 0.0204596558 0 0 0
C@CP 2532 0.248539622 -0.00200289356 0.00566365702 0 0 0
C@CP 2533 0.0708112564 -0.260208766 -0.256726657 0 0 0
C@CP 2534 0.202392587 -0.130066485 0.235483944 0 0 0
C@CP 2535 0.41548595 -0.0243290094 0.186337354 0 0 0
C@CP 2536 -0.0011832731 -0.18236987 0.359974088 0 0 0
C@CP 2537 0.246205864 0.0570393653 0.082374978 0 0 0
C@CP 2538 0.240054059 0.127582087 -0.0451525371 0 0 0
C@CP 2539 -0.341851757 0.144031404 -0.163906423 0 0 0
C@CP 2540 0.150354722 0.102072617 0.291890269 0 0 0
C@CP 2541 0.275332535 -0.19797837 0.237807239 0 0 0
C@CP 2542 0.334324516 0.148573421 0.287115154 0 0 0
C@CP 2543 0.341994581 0.188003097 -0.00828289433 0 0 0
C@CP 2544 0.128948918 -0.223372074 0.305776286 0 0 0
C@CP 2545 0.324328571 0.17519113 -0.167238998 0 0 0
C@CP 2546 0.000262049976 -0.257717579 -0.371573424 0 0 0
C@CP 2547 0.00247202873 -0.0416736125 -0.00539259591 0 0 0
C@CP 2548 0.250687768 0.396355572 -0.0189596024 0 0 0
C@CP 2549 -0.052287452 -0.217234615 -0.237923773 0 0 0
C@CP 2550 -0.25809045 0.082813633 -0.307155572 0 0 0
C@CP 2551 -0.0999210756 0.0147965639 -0.380841912 0 0 0
C@CP 2552 -0.0361281934 -0.195695303 0.212212041 0 0 0
C@CP 2553 0.146229831 -0.146384596 0.15531119 0 0 0
C@CP 2554 0.187022574 -0.329666454 -0.250827223 0 0 0
C@CP 2555 0.17130489 -0.319838817 0.158030471 0 0 0
C@CP 2556 -0.0651359682 0.318674496 0.229735055 0 0 0
C@CP 2557 0.0742742625 -0.120556648 -0.353230639 0 0 0
C@CP 2558 -0.23058975 0.231803937 -0.155817297 0 0 0
C@CP 2559 -0.382025717 0.0302828365 0.2235172 0 0 0
C@CP 2560 0.0434030913 -0.348497278 0.143360267 0 0 0
C@CP 2561 0.282083415 -0.158243311 -0.31295141 0 0 0
C@CP 2562 0.0149615825 0.0119195427 0.274834483 0 0 0
C@CP 2563 -0.0562104041 -0.00120935108 0.44230485 0 0 0
C@CP 2564 -0.0955691633 -0.430241033 0.0996447497 0 0 0
C@CP 2565 0.0643496878 -0.0756336957 0.308442554 0 0 0
C@CP 2566 0.304335174 0.0498698594 -0.165688541 0 0 0
C@CP 2567 -0.241534101 -0.353904311 0.108697664 0 0 0
C@CP 2568 0.210200352 -0.266272571 0.180262872 0 0 0
C@CP 2569 -0.272061941 0.104662192 0.326437174 0 0 0
C@CP 2570 -0.0882939686 -0.304301759 -0.192502733 0 0 0
C@CP 2571 -0.300195675 -0.14539125 0.0901037723 0 0 0
C@CP 2572 -0.165427226 0.054014527 0.339997631 0 0 0
C@CP 2573 0.0823728809 0.0739475847 -0.207216025 0 0 0
C@CP 2574 0.184808255 0.183265794 0.394082598 0 0 0
C@CP 2575 -0.217881887 -0.335094116 0.0752315783 0 0 0
C@CP 2576 -0.426260165 0.0986394935 -0.0799021794 0 0 0
C@CP 2577 -0.185714497 -0.229659169 -0.225115305 0 0 0
C@CP 2578 0.418778672 -0.0257764586 0.191681923 0 0 0
C@CP 2579 -0.0761894641 0.264651373 0.0768522551 0 0 0
C@CP 2580 -0.287995766 -0.109588399 0.326527986 0 0 0
C@CP 2581 0.205740596 -0.0463653927 0.183637714 0 0 0
C@CP 2582 -0.294272711 0.12959998 0.339437159 0 0 0
C@CP 2583 0.0422055033 -0.340382693 -0.159328588 0 0 0
C@CP 2584 0.226386751 0.143518875 -0.147659445 0 0 0
C@CP 2585 -0.348210164 -0.117027532 -0.231639358 0 0 0
C@CP 2586 -0.33910186 0.304613943 -0.0961150783 0 0 0
C@CP 2587 -0.0683992134 -0.231878947 -0.170547528 0 0 0
C@CP 2588 0.209641512 -0.322382249 0.0711038744 0 0 0
C@CP 2589 -0.0195326786 -0.239805533 0.0464125138 0 0 0
C@CP 2590 -0.174127756 -0.36194506 -0.101641964 0 0 0
C@CP 2591 -0.174615693 0.232899246 -0.127366184 0 0 0
C@CP 2592 -0.157847103 0.343445543 0.035518835 0 0 0
C@CP 2593 0.175855277 0.412338139 0.130845188 0 0 0
C@CP 2594 0.270376852 -0.237070948 -0.254330001 0 0 0
C@CP 2595 0.31392271 -0.208100006 0.0204360825 0 0 0
C@CP 2596 0.194913277 -0.0567995603 0.107224633 0 0 0
C@CP 2597 0.174126904 0.0540886863 -0.231330934 0 0 0
C@CP 2598 -0.282120375 0.0113514843 -0.296051657 0 0 0
C@CP 2599 -0.112999101 0.379955757 -0.0907053529 0 0 0
C@CP 2600 -0.0639131875 0.0171811929 0.273469073 0 0 0
C@CP 2601 0.300089291 0.258398413 -0.150902506 0 0 0
C@CP 2602 0.129884572 0.232360151 -0.0919038035 0 0 0
C@CP 2603 0.126832618 0.272615566 0.00881918131 0 0 0
C@CP 2604 -0.267751478 0.0342534935 -0.267149332 0 0 0
C@CP 2605 0.0129015332 -0.112668448 0.431516853 0 0 0
C@CP 2606 0.0929688492 0.080589469 0.0430791987 0 0 0
C@CP 2607 -0.294173013 -0.0988367086 0.0554763005 0 0 0
C@CP 2608 0.133633308 0.000173087327 -0.335984188 0 0 0
C@CP 2609 -0.119773854 -0.41571675 0.105405504 0 0 0
C@CP 2610 -0.282894403 0.0517523109 -0.138606972 0 0 0
C@CP 2611 0.223410848 -0.169759632 0.378879043 0 0 0
C@CP 2612 -0.255538752 0.0256729684 0.238481909 0 0 0
C@CP 2613 -0.0776099345 -0.425106236 -0.0713003956 0 0 0
C@CP 2614 -0.172657689 -0.269887886 0.0864828968 0 0 0
C@CP 2615 -0.255918953 -0.234338331 0.0140344596 0 0 0
C@CP 2616 -0.380187228 -0.16789252 -0.213030437 0 0 0
C@CP 2617 0.103978978 0.305329315 0.185483797 0 0 0
C@CP 2618 -0.0611050834 -0.398378142 -0.0481680876 0 0 0
C@CP 2619 -0.0889526203 0.122046426 0.158824478 0 0 0
C@CP 2620 -0.068277252 0.27940493 0.0662597958 0 0 0
C@CP 2621 0.00966033017 0.33510855 0.0389705442 0 0 0
C@CP 2622 0.0853546159 -0.220709509 0.24261859 0 0 0
C@CP 2623 -0.260275415 0.304140646 0.133526208 0 0 0
C@CP 2624 0.162407565 -0.284487293 -0.181903984 0 0 0
C@CP 2625 -0.0393591969 0.233560186 0.132144907 0 0 0
C@CP 2626 -0.155848374 0.257625159 0.291838283 0 0 0
C@CP 2627 0.296310225 0.358944736 0.0186100821 0 0 0
C@CP 2628 0.00368641939 0.0174183154 0.261084083 0 0 0
C@CP 2629 -0.380656871 -0.263446481 -0.121006382 0 0 0
C@CP 2630 -0.213446831 -0.107272302 -0.189378718 0 0 0
C@CP 2631 -0.0201509453 -0.00962514676 -0.205980472 0 0 0
C@CP 2632 -0.024417927 0.047984919 0.128605839 0 0 0
C@CP 2633 -0.174858442 0.186807863 -0.132985009 0 0 0
C@CP 2634 0.0444714085 0.253554657 -0.342827842 0 0 0
C@CP 2635 -0.184730542 -0.110846203 0.399265795 0 0 0
C@CP 2636 0.0706378865 -0.235953842 0.368925881 0 0 0
C@CP 2637 -0.378859697 0.255322097 0.0499849568 0 0 0
C@CP 2638 -0.385073841 -0.0562037092 0.0106959557 0 0 0
C@CP 2639 -0.00269325678 -0.0431574794 -0.341403961 0 0 0
C@CP 2640 -0.326737947 0.110063007 0.152146725 0 0 0
C@CP 2641 -0.129722761 0.129659902 0.303707821 0 0 0
C@CP 2642 0.298082073 0.131389064 -0.316412921 0 0 0
C@CP 2643 -0.203363315 -0.00140201771 0.199248948 0 0 0
C@CP 2644 -0.324613346 -0.107807122 0.257405796 0 0 0
C@CP 2645 -0.239318169 0.228638569 -0.0197526508 0 0 0
C@CP 2646 0.208217277 -0.172069938 -0.254713724 0 0 0
C@CP 2647 0.0688679272 -0.379246474 -0.00566900912 0 0 0
C@CP 2648 -0.151476958 0.14199394 -0.13697853 0 0 0
C@CP 2649 -0.029898371 -0.123958709 -0.267961411 0 0 0
C@CP 2650 0.107245855 0.210326209 0.300560316 0 0 0
C@CP 2651 -0.254575437 -0.307047192 0.204211865 0 0 0
C@CP 2652 0.274306573 0.0407622408 0.216384325 0 0 0
C@CP 2653 -0.054678978 -0.174755284 -0.133121922 0 0 0
C@CP 2654 0.164327833 -0.0917481096 0.00974955164 0 0 0
C@CP 2655 0.191133239 -0.0589244256 -0.256355676 0 0 0
C@CP 2656 0.0239308104 0.140294445 -0.315421949 0 0 0
C@CP 2657 0.157822834 -0.194768359 0.011848106 0 0 0
C@CP 2658 0.0310329928 -0.0289816043 0.409525439 0 0 0
C@CP 2659 0.15092908 0.187662363 -0.111350708 0 0 0
C@CP 2660 -0.16974721 0.175668093 -0.132649586 0 0 0
C@CP 2662 -0.123545683 0.0363003446 0.338888667 0 0 0
C@CP 2663 0.299649611 0.0420832544 -0.194906885 0 0 0
C@CP 2664 0.255194572 -0.268389874 -0.186738486 0 0 0
C@CP 2665 -0.340533645 0.123577392 0.0392613505 0 0 0
C@CP 2666 0.323187185 -0.182013933 0.098534204 0 0 0
C@CP 2667 0.228743581 -0.155165338 -0.251592207 0 0 0
C@CP 2668 0.110536604 -0.265717815 0.126664092 0 0 0
C@CP 2669 0.05369284 0.38705505 -0.00733600453 0 0 0
C@CP 2670 -0.0928059127 0.146543067 0.28264889 0 0 0
C@CP 2671 0.0383664828 0.191434012 0.132545051 0 0 0
C@CP 2672 -0.384868702 -0.00135101887 0.178633255 0 0 0
C@CP 2673 0.0121159082 0.182706214 -0.280065404 0 0 0
C@CP 2674 -0.00760235745 0.399177645 -0.0903948911 0 0 0
C@CP 2675 -0.108817448 -0.274382912 0.192422143 0 0 0
C@CP 2676 -0.0702867712 -0.451087107 -0.0851465548 0 0 0
C@CP 2677 -0.134102658 -0.0558866079 -0.0829297757 0 0 0
C@CP 2678 0.0779937012 -0.143704495 -0.108491314 0 0 0
C@CP 2679 -0.0604391662 0.244686702 0.328411206 0 0 0
C@CP 2680 0.131755445 0.0767448133 -0.146655541 0 0 0
C@CP 2681 0.0380829013 0.0646013457 -0.418046524 0 0 0
C@CP 2682 -0.346294342 0.236483092 -0.0971141669 0 0 0
C@CP 2683 -0.207422445 -0.0595946272 -0.0182630901 0 0 0
C@CP 2684 -0.246823035 -0.199420966 0.150356345 0 0 0
C@CP 2685 0.173887103 -0.223197527 0.0497718254 0 0 0
C@CP 2686 0.0897086216 -0.0408906146 0.42876321 0 0 0
C@CP 2687 0.286430631 -0.0611054218 -0.332836283 0 0 0
C@CP 2688 -0.0680752049 -0.171250001 0.0919632703 0 0 0
C@CP 2689 -0.197119388 -0.0454692776 -0.0433172193 0 0 0
C@CP 2690 0.209841156 0.194439587 -0.330426083 0 0 0
C@CP 2691 -0.00217801814 -0.334787273 -0.225990782 0 0 0
C@CP 2692 0.204872455 0.0192845999 -0.177259469 0 0 0
C@CP 2693 0.13120402 0.185379152 -0.220398145 0 0 0
C@CP 2694 0.357203855 -0.22870725 -0.00139641538 0 0 0
C@CP 2695 -0.281872688 -0.0182537833 0.0694351401 0 0 0
C@CP 2696 0.116086928 0.313995324 -0.313323145 0 0 0
C@CP 2697 0.106113263 0.200952314 -0.202499682 0 0 0
C@CP 2698 0.0255172125 -0.33670594 0.154174653 0 0 0
C@CP 2699 -0.128549234 -0.234299442 0.0878256579 0 0 0
C@CP 2700 0.0527189216 -0.0332999016 -0.351587365 0 0 0
C@CP 2701 -0.0120654816 -0.246025301 0.0368296106 0 0 0
C@CP 2702 -0.345562571 0.0354471081 0.25639648 0 0 0
C@CP 2703 -0.314163994 -0.237698924 0.0300630839 0 0 0
C@CP 2704 -0.286200997 0.083566773 -0.0022156431 0 0 0
C@CP 2705 0.124759141 0.28559017 -0.0141779465 0 0 0
C@CP 2706 0.387789841 0.157564526 -0.135751863 0 0 0
C@CP 2707 -0.169732679 0.149732391 -0.0568986465 0 0 0
C@CP 2708 -0.0746796458 -0.0703537994 -0.190980645 0 0 0
C@CP 2709 -0.313634898 0.214488613 -0.0394833196 0 0 0
C@CP 2710 0.306544657 -0.18232139 -0.0310503776 0 0 0
C@CP 2711 -0.380633054 0.112972954 -0.116665677 0 0 0
C@CP 2712 -0.309534891 -0.0469053777 0.223608751 0 0 0
C@CP 2713 -0.0695686125 -0.334501582 0.294243349 0 0 0
C@CP 2714 -0.0737066414 -0.216112962 0.000707111032 0 0 0
C@CP 2715 0.268160565 0.0409363527 -0.0843203967 0 0 0
C@CP 2716 -0.00115019122 0.0356249605 -0.0297839416 0 0 0
C@CP 2717 0.0723040185 0.118679765 -0.261974186 0 0 0
C@CP 2718 0.0257779885 -0.131686871 0.0503388678 0 0 0
C@CP 2719 -0.105362938 0.235681264 -0.103783189 0 0 0
C@CP 2720 0.0184908786 -0.219898684 0.37172452 0 0 0
C@CP 2721 0.157214108 -0.346769715 0.0688884907 0 0 0
C@CP 2722 0.163711967 0.368227278 -0.0242800611 0 0 0
C@CP 2723 0.227079063 0.38645615 0.074580434 0 0 0
C@CP 2724 0.293681586 0.181991644 -0.0686833723 0 0 0
C@CP 2725 -0.279447071 -0.214976962 0.0809785034 0 0 0
C@CP 2726 0.40016191 0.0108806945 0.162749343 0 0 0
C@CP 2727 0.381564453 -0.138136867 0.126204173 0 0 0
C@CP 2728 0.34669048 0.19132853 0.215942217 0 0 0
C@CP 2729 -0.196667326 -0.233495109 -0.177325342 0 0 0
C@CP 2730 -0.208781721 -0.0967457918 0.391870806 0 0 0
C@CP 2731 -0.142423805 -0.185867752 0.327244597 0 0 0
C@CP 2732 0.398558177 0.0548202253 -0.241175428 0 0 0
C@CP 2733 -0.303265372 0.00428022935 -0.131726881 0 0 0
C@CP 2734 -0.268959746 0.0907722025 -0.239068236 0 0 0
C@CP 2735 0.0501065861 -0.0854264493 0.120925916 0 0 0
C@CP 2736 0.0497293036 -0.260482251 0.168021651 0 0 0
C@CP 2737 -0.311403532 -0.122273732 0.0100546934 0 0 0
C@CP 2738 -0.00252988016 -0.052434941 -0.200391736 0 0 0
C@CP 2739 0.283160036 0.208382589 0.0462984527 0 0 0
C@CP 2740 0.166936758 -0.197137261 0.260897396 0 0 0
C@CP 2741 0.00609959116 -0.357541131 0.0569327697 0 0 0
C@CP 2742 -0.0351504566 0.189836089 -0.379491856 0 0 0
C@CP 2743 0.294200622 0.236704256 -0.184827756 0 0 0
C@CP 2744 -0.435979341 0.09235526 0.0896956491 0 0 0
C@CP 2745 0.167314104 -0.12022482 -0.154075967 0 0 0
C@CP 2746 0.307258654 -0.205464802 0.142123377 0 0 0
C@CP 2747 0.0508520692 0.0517441748 -0.0606222163 0 0 0
C@CP 2748 0.24247964 -0.0594355714 0.0105198452 0 0 0
C@CP 2749 0.00891621103 0.0821312625 0.346293828 0 0 0
C@CP 2750 -0.428847837 -0.0758513585 0.0947200518 0 0 0
C@CP 2751 0.174000908 -0.179667233 -0.343987538 0 0 0
C@CP 2752 -0.272118898 0.0464484555 -0.204219768 0 0 0
C@CP 2753 0.453111301 0.00671215612 -0.0656548398 0 0 0
C@CP 2754 0.236651958 -0.18191645 -0.327817465 0 0 0
C@CP 2755 -0.0780160313 0.217083566 -0.239366496 0 0 0
C@CP 2756 -0.0434377723 -0.324991331 0.265816001 0 0 0
C@CP 2757 0.23739692 0.108458004 0.322396627 0 0 0
C@CP 2758 -0.0203564226 -0.168706292 -0.0109615638 0 0 0
C@CP 2759 0.26056993 -0.0580908204 -0.0967954431 0 0 0
C@CP 2760 -0.338889096 0.107065401 -0.227749558 0 0 0
C@CP 2761 -0.14588124 -0.0567387729 0.395354081 0 0 0
C@CP 2762 -0.31013348 0.320664009 -0.0866775973 0 0 0
C@CP 2763 0.157724626 -0.103438482 0.171156914 0 0 0
C@CP 2764 -0.378722398 -0.0848753828 0.0858423625 0 0 0
C@CP 2765 0.18568934 -0.156878964 0.106590958 0 0 0
C@CP 2766 -0.354478412 0.135426519 0.191200587 0 0 0
C@CP 2767 0.25757249 -0.126915277 -0.195049697 0 0 0
C@CP 2768 -0.0967217125 0.25700639 0.26358231 0 0 0
C@CP 2769 -0.112098865 0.239686347 0.113527693 0 0 0
C@CP 2770 -0.414097923 -0.047341738 -0.164131285 0 0 0
C@CP 2771 0.316459565 0.136016736 -0.193729141 0 0 0
C@CP 2772 0.137481225 -0.0667056524 0.371675832 0 0 0
C@CP 2773 0.325863737 -0.075238742 -0.192347386 0 0 0
C@CP 2774 0.18720379 -0.0608912227 0.303213523 0 0 0
C@CP 2775 0.0931293039 0.101592891 -0.0192118416 0 0 0
C@CP 2776 0.0395244239 0.394465211 -0.246677717 0 0 0
C@CP 2777 -0.189579296 -0.153200537 -0.368859849 0 0 0
C@CP 2778 0.16492479 -0.407707718 0.0869817949 0 0 0
C@CP 2779 0.0980421557 -0.0469707114 -0.182751692 0 0 0
C@CP 2780 -0.186777717 0.340262726 0.00412251783 0 0 0
C@CP 2781 -0.0932152978 0.135972252 -0.37420375 0 0 0
C@CP 2782 -0.22839532 -0.324727197 0.179376061 0 0 0
C@CP 2783 -0.0918825642 0.159892986 -0.0733923589 0 0 0
C@CP 2784 -0.261112546 0.102646436 -0.226770855 0 0 0
C@CP 2785 0.188839372 0.289374755 -0.197228153 0 0 0
C@CP 2786 0.372590321 0.151122887 0.0893665051 0 0 0
C@CP 2787 -0.406225091 0.1659591 0.149567875 0 0 0
C@CP 2788 0.0304793061 -0.038345712 0.323864874 0 0 0
C@CP 2789 -0.181267071 -0.38573483 -0.16425771 0 0 0
C@CP 2790 -0.105059278 0.297464476 -0.216736094 0 0 0
C@CP 2791 0.00350223326 -0.228682556 -0.297911652 0 0 0
C@CP 2792 -0.080476932 -0.0141953344 0.149286102 0 0 0
C@CP 2793 0.144938941 0.335994145 -0.0783124567 0 0 0
C@CP 2794 -0.158648251 0.355835343 0.144359973 0 0 0
C@CP 2795 0.227205644 0.0997061957 0.125952826 0 0 0
C@CP 2796 0.0850912991 -0.0657867187 -0.363625943 0 0 0
C@CP 2797 -0.257252712 -0.122052679 -0.184377402 0 0 0
C@CP 2798 -0.0836562185 -0.296613481 0.0418341294 0 0 0
C@CP 2799 0.176665756 -0.224249967 0.0219575583 0 0 0
C@CP 2800 0.0399259526 0.18008447 -0.262189681 0 0 0
C@CP 2801 0.354601739 0.0591696562 0.132293295 0 0 0
C@CP 2802 -0.0667874685 0.0662877889 -0.113420559 0 0 0
C@CP 2803 0.0171656455 -0.0121412435 -0.0308889726 0 0 0
C@CP 2804 -0.395260929 0.0373838156 -0.0343382929 0 0 0
C@CP 2805 0.0590939761 0.111909942 0.353271662 0 0 0
C@CP 2806 -0.200540708 -0.219638225 -0.166679691 0 0 0
C@CP 2807 -0.300828717 -0.12159259 0.156067947 0 0 0
C@CP 2808 0.241127297 0.234684074 -0.228639333 0 0 0
C@CP 2809 0.248755969 -0.0670728033 0.31454051 0 0 0
C@CP 2810 0.105314719 0.426472609 -0.11484832 0 0 0
C@CP 2811 0.178996936 0.191631212 0.287155331 0 0 0
C@CP 2812 -0.151208305 0.242723768 -0.288527812 0 0 0
C@CP 2813 0.0664082515 0.303761558 0.325345268 0 0 0
C@CP 2814 -0.253913515 0.0951217304 0.0596544123 0 0 0
C@CP 2815 0.28712158 -0.0708107672 0.244735045 0 0 0
C@CP 2816 -0.30569831 0.35608543 -0.0582192615 0 0 0
C@CP 2817 0.406958218 -0.175543665 0.0709241166 0 0 0
C@CP 2818 -0.137107345 0.247696428 0.0433160107 0 0 0
C@CP 2819 0.276042933 0.177248096 -0.214576402 0 0 0
C@CP 2820 -0.0374255233 -0.474827411 0.00410034915 0 0 0
C@CP 2821 -0.20779478 -0.174471082 -0.376066377 0 0 0
C@CP 2822 0.315740795 -0.185728999 -0.0896560065 0 0 0
C@CP 2823 -0.394502777 0.0476963265 -0.25029063 0 0 0
C@CP 2824 -0.361759692 -0.159262258 0.173334522 0 0 0
C@CP 2825 -0.160519549 -0.289739982 0.0733657432 0 0 0
C@CP 2826 0.0891961493 -0.102744452 0.291176793 0 0 0
C@CP 2827 0.286526211 0.187550793 0.0734944428 0 0 0
C@CP 2828 0.232125054 -0.339461527 -0.186726888 0 0 0
C@CP 2829 -0.104382318 -0.0463842338 -0.0578032576 0 0 0
C@CP 2830 0.0602220828 -0.439582138 0.128452568 0 0 0
C@CP 2831 -0.114930546 0.139904596 0.0365651542 0 0 0
C@CP 2832 -0.420316998 0.00437289953 -0.0335387423 0 0 0
C@CP 2833 0.116614792 0.0171099507 -0.0763671192 0 0 0
C@CP 2834 0.144649995 -0.146407093 -0.0290661543 0 0 0
C@CP 2835 0.361336888 -0.294553207 -0.0943971326 0 0 0
C@CP 2836 0.360041385 -0.115829627 0.186105218 0 0 0
C@CP 2837 0.231385336 0.105801454 0.207259896 0 0 0
C@CP 2838 0.257340864 -0.201474254 0.114670363 0 0 0
C@CP 2839 -0.237244509 0.0443004831 -0.255659661 0 0 0
C@CP 2840 0.169849888 0.0451771491 -0.418378473 0 0 0
C@CP 2841 -0.0252630966 0.248470844 -0.30824313 0 0 0
C@CP 2842 0.139609504 -0.252096923 -0.17460948 0 0 0
C@CP 2843 -0.19987371 0.104020575 0.078944494 0 0 0
C@CP 2844 -0.348192732 -0.297846457 0.0487686492 0 0 0
C@CP 2845 0.086227801 -0.275722374 -0.0357150424 0 0 0
C@CP 2846 0.0297294571 0.102738144 0.136949924 0 0 0
C@CP 2847 -0.165952527 0.228518116 0.0387863998 0 0 0
C@CP 2848 0.242345935 -0.392539064 0.0551086512 0 0 0
C@CP 2849 0.0386429043 -0.159317216 -0.238944983 0 0 0
C@CP 2850 -0.294898171 -0.333582096 -0.0673977615 0 0 0
C@CP 2851 0.210403656 -0.261548437 0.310960057 0 0 0
C@CP 2852 -0.138818808 -0.00598040512 0.262117563 0 0 0
C@CP 2853 -0.155712103 0.0652755944 -0.0509620781 0 0 0
C@CP 2854 -0.150109095 -0.213461756 0.225612917 0 0 0
C@CP 2855 0.167700306 -0.0104650261 0.328240805 0 0 0
C@CP 2856 -0.0423827185 0.279034936 0.152525296 0 0 0
C@CP 2857 -0.094079356 -0.161962875 0.149054338 0 0 0
C@CP 2858 0.124663144 -0.349298573 0.00878479022 0 0 0
C@CP 2859 0.0806814495 -0.0039502617 -0.223588934 0 0 0
C@CP 2860 -0.0536934856 -0.363623612 -0.0491456419 0 0 0
C@CP 2861 -0.273673226 -0.288595409 -0.224083713 0 0 0
C@CP 2862 -0.155864519 0.30856344 0.0405895093 0 0 0
C@CP 2863 -0.359382325 0.25873589 0.174477475 0 0 0
C@CP 2864 -0.368657481 -0.191778035 0.0306031367 0 0 0
C@CP 2865 0.21556753 -0.0601550631 -0.323097516 0 0 0
C@CP 2866 0.11638556 0.190496531 -0.413093017 0 0 0
C@CP 2867 0.348915312 -0.217640108 -0.206361839 0 0 0
C@CP 2868 -0.290194638 -0.131895363 -0.170708795 0 0 0
C@CP 2869 0.391934595 -0.057291174 -0.102775474 0 0 0
C@CP 2870 0.273844191 0.157034756 -0.26290213 0 0 0
C@CP 2871 -0.241245592 0.0717649012 -0.372445556 0 0 0
C@CP 2872 0.123942866 -0.318576635 0.108207035 0 0 0
C@CP 2873 -0.31742746 -0.094992697 -0.27365356 0 0 0
C@CP 2874 0.159248241 0.233950606 0.10866936 0 0 0
C@CP 2875 0.262801471 0.131013237 -0.0567514464 0 0 0
C@CP 2876 -0.219991784 -0.172532214 0.19279663 0 0 0
C@CP 2877 0.0490617294 -0.00232024144 -0.425629124 0 0 0
C@CP 2878 -0.107945674 0.102881505 0.206492564 0 0 0
C@CP 2879 -0.131003464 0.135939932 -0.212265538 0 0 0
C@CP 2880 -0.110068579 0.0052035627 -0.0398728279 0 0 0
C@CP 2881 0.16164196 -0.242464426 0.334611144 0 0 0
C@CP 2882 -0.144160977 0.0121710386 -0.300710414 0 0 0
C@CP 2883 -0.297486273 0.045107425 -0.219246854 0 0 0
C@CP 2884 -0.267226185 -0.250150817 0.0377388844 0 0 0
C@CP 2885 -0.238592396 0.0157815091 0.191652088 0 0 0
C@CP 2886 -0.337325241 0.172579083 0.262254601 0 0 0
C@CP 2887 0.0318086567 0.245349022 0.359826406 0 0 0
C@CP 2888 0.0817538867 0.0318365271 0.00541038275 0 0 0
C@CP 2889 0.112065498 0.305778962 -0.214397241 0 0 0
C@CP 2890 0.0679906366 0.0758042522 0.18872779 0 0 0
C@CP 2891 0.188063416 -0.0993336304 -0.285954773 0 0 0
C@CP 2892 0.331460871 -0.040607965 -0.0295427158 0 0 0
C@CP 2893 0.0400016699 0.0704649332 -0.320718933 0 0 0
C@CP 2894 -0.150859439 0.0533163726 0.389260251 0 0 0
C@CP 2895 0.0640358878 0.110112122 0.0446665488 0 0 0
C@CP 2896 0.173114219 -0.143602427 0.236854669 0 0 0
C@CP 2897 0.180191844 -0.0377603553 -0.0207176967 0 0 0
C@CP 2898 -0.380148082 -0.00286389468 0.129244066 0 0 0
C@CP 2899 0.0153301222 0.403926351 -0.195932483 0 0 0
C@CP 2900 -0.183843486 -0.223146143 -0.313506393 0 0 0
C@CP 2901 0.180654106 0.211002403 0.351981666 0 0 0
C@CP 2902 -0.19203 -0.302601911 -0.173504921 0 0 0
C@CP 2903 0.250039808 -0.0301895456 0.374061001 0 0 0
C@CP 2904 0.0986963386 -0.00297783935 -0.399143649 0 0 0
C@CP 2905 -0.102496679 -0.221529093 -0.183207222 0 0 0
C@CP 2906 -0.17714563 -0.386978593 0.14852151 0 0 0
C@CP 2907 0.0239836382 0.117265664 0.413085827 0 0 0
C@CP 2908 -0.0275337241 0.0767659578 -0.0972066643 0 0 0
C@CP 2909 -0.10725891 -0.328198915 0.162446178 0 0 0
C@CP 2910 0.277179052 -0.123384931 0.0448776834 0 0 0
C@CP 2911 -0.116681935 0.387368466 -0.034217121 0 0 0
C@CP 2912 -0.0770238623 0.156400353 -0.190493896 0 0 0
C@CP 2913 0.354559005 -0.0749733021 -0.124170139 0 0 0
C@CP 2914 0.257489143 -0.0911511283 0.290087311 0 0 0
C@CP 2915 0.383791215 -0.0227324904 -0.24968699 0 0 0
C@CP 2916 0.0606859353 -0.325734825 -0.0258204662 0 0 0
C@CP 2917 0.0664748219 -0.120307016 -0.263336509 0 0 0
C@CP 2918 0.0515414744 0.218725603 -0.253491946 0 0 0
C@CP 2919 0.374941331 0.176635415 -0.178371322 0 0 0
C@CP 2920 0.109553238 -0.285165292 -0.353568238 0 0 0
C@CP 2921 0.236698988 -0.294263859 0.195438801 0 0 0
C@CP 2922 0.400498184 -0.0130374908 0.252782414 0 0 0
C@CP 2923 0.139394899 0.336260121 -0.0425460053 0 0 0
C@CP 2924 -0.249679677 0.316623953 -0.0798702081 0 0 0
C@CP 2925 0.0155907803 0.174838897 -0.162890386 0 0 0
C@CP 2926 0.0998508839 0.210744644 -0.287184642 0 0 0
C@CP 2927 0.253959701 -0.0446268451 -0.166885944 0 0 0
C@CP 2928 0.275236362 0.243386671 -0.255387696 0 0 0
C@CP 2929 -0.101137941 0.397008121 0.100263095 0 0 0
C@CP 2930 0.00339733804 -0.160696193 0.040619281 0 0 0
C@CP 2931 0.415192615 0.15956969 0.14738178 0 0 0
C@CP 2932 -0.156562215 -0.0727434757 -0.14632944 0 0 0
C@CP 2933 0.251489171 0.366399006 0.000847227019 0 0 0
C@CP 2934 -0.136686511 -0.22405771 0.229065959 0 0 0
C@CP 2935 -0.153732142 0.309055605 0.087779136 0 0 0
C@CP 2936 -0.197239716 -0.038739583 0.342568987 0 0 0
C@CP 2937 -0.165268411 0.059042959 0.397552168 0 0 0
C@CP 2938 -0.0235838891 0.0923973281 -0.34149792 0 0 0
C@CP 2939 -0.130971987 -0.221546595 -0.0523710581 0 0 0
C@CP 2940 0.242436868 0.00841485392 -0.198669276 0 0 0
C@CP 2941 -0.240954969 -0.273562193 0.257151809 0 0 0
C@CP 2942 -0.267546431 0.0778224947 0.23818539 0 0 0
C@CP 2943 -0.112929851 -0.0531224552 -0.28495155 0 0 0
C@CP 2944 -0.38151141 -0.108850368 0.0567508254 0 0 0
C@CP 2945 0.283756759 -0.00264854826 0.115029203 0 0 0
C@CP 2946 0.420919431 0.133872356 0.139293249 0 0 0
C@CP 2947 -0.017634877 0.068900798 0.177056606 0 0 0
C@CP 2948 -0.136657947 0.356112901 -0.0911881379 0 0 0
C@CP 2949 0.0274442522 -0.116677402 -0.139390756 0 0 0
C@CP 2950 -0.181679967 -0.15231143 0.153311974 0 0 0
C@CP 2951 -0.0713691994 -0.42135172 -0.103506175 0 0 0
C@CP 2952 0.283285117 -0.354534993 0.0168901055 0 0 0
C@CP 2953 -0.0347536294 -0.0403945888 -0.381107288 0 0 0
C@CP 2954 -0.023926388 0.186384583 -0.34804246 0 0 0
C@CP 2955 -0.297830299 0.243420882 -0.0544319049 0 0 0
C@CP 2956 -0.0460565987 0.321621722 -0.289848536 0 0 0
C@CP 2957 -0.206186871 0.220861395 0.206836376 0 0 0
C@CP 2958 0.102368812 -0.338553503 0.096316474 0 0 0
C@CP 2959 -0.352044549 0.116499429 -0.0545671718 0 0 0
C@CP 2960 0.232120724 -0.191190024 -0.038687448 0 0 0
C@CP 2961 -0.185086899 -0.387021527 0.200533151 0 0 0
C@CP 2962 -0.104698907 -0.360607844 0.14399628 0 0 0
C@CP 2963 -0.16748765 -0.145193589 -0.244141922 0 0 0
C@CP 2964 -0.0177676556 -0.0294118357 0.359948053 0 0 0
C@CP 2965 -0.058497972 0.18204565 -0.0238919114 0 0 0
C@CP 2966 -0.219452072 -0.0573674237 0.0412816022 0 0 0
C@CP 2967 0.124874237 0.179591341 -0.0256578811 0 0 0
C@CP 2968 0.108185676 -0.316173447 -0.140516465 0 0 0
C@CP 2969 0.19011805 0.374129316 0.0791021178 0 0 0
C@CP 2970 0.208321111 -0.341432975 -0.245071517 0 0 0
C@CP 2971 -0.17940165 0.14130266 0.349162317 0 0 0
C@CP 2972 -0.302101743 -0.0695339048 -0.352083885 0 0 0
C@CP 2973 -0.0408992486 0.0308499339 0.30790819 0 0 0
C@CP 2974 0.0935605677 0.233286422 0.296870041 0 0 0
C@CP 2975 0.255103736 -0.20484066 0.312112795 0 0 0
C@CP 2976 -0.0884631989 -0.290850038 0.35308394 0 0 0
C@CP 2977 0.225230229 -0.0149133509 0.0762807002 0 0 0
C@CP 2978 -0.0493662468 0.0960447923 -0.262210891 0 0 0
C@CP 2979 -0.0837824332 -0.0480896816 -0.0327678849 0 0 0
C@CP 2980 -0.316817246 -0.338933938 0.0539217177 0 0 0
C@CP 2981 0.0634969933 -0.0784096174 0.104887877 0 0 0
C@CP 2982 0.286651216 -0.0035571881 -0.190728393 0 0 0
C@CP 2983 -0.294884595 0.102907339 -0.0151067448 0 0 0
C@CP 2984 -0.237005688 -0.129779564 -0.306635891 0 0 0
C@CP 2985 -0.25199335 0.210919583 -0.323462188 0 0 0
C@CP 2986 -0.118941411 -0.206132984 0.0239254845 0 0 0
C@CP 2987 -0.134732632 0.152107769 -0.391355583 0 0 0
C@CP 2988 0.124601848 0.128754746 0.378895678 0 0 0
C@CP 2989 0.247319872 -0.0804730766 -0.0411407311 0 0 0
C@CP 2990 0.07131492 -0.0345875448 -0.425413167 0 0 0
C@CP 2991 -0.160367565 0.044600702 -0.343141053 0 0 0
C@CP 2992 -0.138248727 -0.160574729 -0.231199941 0 0 0
C@CP 2993 0.436665042 -0.0717825182 0.0781464222 0 0 0
C@CP 2994 -0.0258098096 0.172905405 0.0842601153 0 0 0
C@CP 2995 0.147242645 -0.189345366 -0.14914128 0 0 0
C@CP 2996 -0.303425769 -0.0459992486 0.0607642053 0 0 0
C@CP 2997 -0.109525154 0.0494609862 -0.285039634 0 0 0
C@CP 2998 0.107317304 -0.0309440959 -0.248576272 0 0 0
C@CP 2999 0.310406702 0.234107707 -0.134867724 0 0 0
C@CP 3000 0.147464403 0.362755891 -0.088342063 0 0 0
C@CP 3001 0.117310942 -0.261185982 -0.262365267 0 0 0
C@CP 3002 -0.0742199067 -0.201628802 -0.213324774 0 0 0
C@CP 3003 0.233414827 0.090631614 -0.385485372 0 0 0
C@CP 3004 -0.265251099 -0.0410608484 -0.33760456 0 0 0
C@CP 3005 -0.141592925 -0.192399081 -0.166726304 0 0 0
C@CP 3006 -0.442031617 0.127787915 -0.0438998595 0 0 0
C@CP 3007 -0.0659057669 0.321378227 -0.231230571 0 0 0
C@CP 3008 -0.055459973 0.39470929 -0.149266282 0 0 0
C@CP 3009 0.289986228 -0.0871331907 0.184721366 0 0 0
C@CP 3010 0.200996194 0.0337495876 0.368836055 0 0 0
C@CP 3011 0.36170685 0.0439213 -0.0225064056 0 0 0
C@CP 3012 0.126315607 -0.0043388331 0.0544777757 0 0 0
C@CP 3013 -0.221646146 -0.358038233 -0.00170831519 0 0 0
C@CP 3014 -0.156406059 0.369708926 -0.214645313 0 0 0
C@CP 3015 -0.0248830873 -0.378316303 0.189679081 0 0 0
C@CP 3016 0.249298658 0.230056049 0.137226246 0 0 0
C@CP 3017 -0.161257961 0.403137358 -0.129880624 0 0 0
C@CP 3018 0.0473264123 -0.317867576 0.173350357 0 0 0
C@CP 3019 -0.307122205 0.101762504 -0.253787527 0 0 0
C@CP 3020 -0.195499571 -0.0996527818 -0.064450251 0 0 0
C@CP 3021 -0.146442995 -0.0941020608 -0.357256252 0 0 0
C@CP 3022 0.0915967652 -0.0363178119 0.351923417 0 0 0
C@CP 3023 -0.267622361 -0.332016677 0.141446613 0 0 0
C@CP 3024 -0.136876548 3.74430047e-05 0.381103596 0 0 0
C@CP 3025 -0.264386228 -0.00933878937 0.121806679 0 0 0
C@CP 3026 0.0229028395 0.282091953 0.344176333 0 0 0
C@CP 3027 -0.165664292 -0.280817176 -0.196242611 0 0 0
C@CP 3028 0.0122844269 0.354750404 -0.211028966 0 0 0
C@CP 3029 -0.389084494 0.144406432 -0.0866351734 0 0 0
C@CP 3030 -0.0155753213 -0.306361951 0.0220000113 0 0 0
C@CP 3031 -0.125086476 0.0879565087 0.354468622 0 0 0
C@CP 3032 0.0757206797 -0.216508207 -0.233929533 0 0 0
C@CP 3033 -0.0486636886 0.229215423 0.201142507 0 0 0
C@CP 3034 0.328590364 0.00567051132 -0.147505555 0 0 0
C@CP 3035 -0.150878491 0.0394700526 -0.108094643 0 0 0
C@CP 3036 -0.126484761 0.137755691 -0.332321473 0 0 0
C@CP 3037 -0.323878901 0.206145099 0.108507166 0 0 0
C@CP 3038 -0.128493859 0.302323894 -0.0215646808 0 0 0
C@CP 3039 0.0878147235 0.0645476414 -0.102155444 0 0 0
C@CP 3040 -0.412717975 0.0290394576 0.235623776 0 0 0
C@CP 3041 -0.321227303 -0.206452011 -0.244265065 0 0 0
C@CP 3042 0.0207475808 -0.185724091 -0.285885563 0 0 0
C@CP 3043 -0.107388496 -0.00448743581 -0.368408648 0 0 0
C@CP 3044 0.0831451991 -0.0504535848 0.091035902 0 0 0
C@CP 3045 0.384981138 0.175633908 -0.195118258 0 0 0
C@CP 3046 -0.205694774 -0.404577817 -0.0893512036 0 0 0
C@CP 3047 0.0978276667 -0.210004911 0.0585354835 0 0 0
C@CP 3048 0.106068126 0.0783115078 0.327643593 0 0 0
C@CP 3049 0.35381963 0.214018287 0.166582552 0 0 0
C@CP 3050 0.13892316 -0.230532404 -0.284117011 0 0 0
C@CP 3051 0.065467741 0.00741942613 -0.0354767389 0 0 0
C@CP 3052 -0.0582927694 0.0579625386 -0.342754161 0 0 0
C@CP 3053 -0.0760002993 0.229365941 -0.406664416 0 0 0
C@CP 3054 0.264110958 -0.129610984 -0.0415041304 0 0 0
C@CP 3055 0.0489165354 0.110599619 0.439900624 0 0 0
C@CP 3056 -0.160888853 0.253853094 0.0110822863 0 0 0
C@CP 3057 -0.0432467604 0.211219656 0.0974010231 0 0 0
C@CP 3058 0.0637209613 -0.0957336262 -0.0813627801 0 0 0
C@CP 3059 0.301785945 0.281394564 -0.0407155985 0 0 0
C@CP 3060 0.279268313 0.0023450761 0.35327009 0 0 0
C@CP 3061 0.0138212369 -0.458008946 0.00712439637 0 0 0
C@CP 3062 -0.0622035627 -0.406531965 -0.0100891136 0 0 0
C@CP 3063 -0.382775692 -0.207221904 -0.0532485219 0 0 0
C@CP 3064 -0.0682423747 0.365960379 0.270880973 0 0 0
C@CP 3065 0.398608821 0.0555685704 -0.189656132 0 0 0
C@CP 3066 0.150415784 0.269953226 0.0982280717 0 0 0
C@CP 3067 0.115585117 0.159175294 -0.315990399 0 0 0
C@CP 3068 0.179214451 -0.11783451 -0.279553999 0 0 0
C@CP 3069 -0.135921336 -0.26792064 -0.344166166 0 0 0
C@CP 3070 -0.059683619 -0.157579176 -0.243774404 0 0 0
C@CP 3071 0.360633259 0.0887766768 0.244613968 0 0 0
C@CP 3072 -0.102609701 0.428262975 0.0983731548 0 0 0
C@CP 3073 -0.0895831213 -0.254226044 -0.0737661671 0 0 0
C@CP 3074 0.0661360969 -0.391085794 0.0315200586 0 0 0
C@CP 3075 -0.148615177 -0.280030992 0.313906099 0 0 0
C@CP 3076 0.35900679 -0.243971494 0.165470826 0 0 0
C@CP 3077 0.306392264 -0.013599209 0.177879056 0 0 0
C@CP 3079 -0.0885205708 -0.10377833 -0.0379174272 0 0 0
C@CP 3080 -0.205963499 -0.156479861 0.170871151 0 0 0
C@CP 3081 0.0669759911 -0.309591147 0.214495238 0 0 0
C@CP 3082 -0.29619557 0.0947294827 0.253113248 0 0 0
C@CP 3083 0.035534533 -0.409993592 0.0152559758 0 0 0
C@CP 3084 0.0216614296 -0.286748928 -0.221874066 0 0 0
C@CP 3085 -0.372111692 -0.136829949 -0.0587055968 0 0 0
C@CP 3086 -0.0600925881 -0.425176426 0.00262082489 0 0 0
C@CP 3087 -0.289027579 -0.259627572 0.0835376159 0 0 0
C@CP 3088 0.0291092035 -0.32024859 -0.100438717 0 0 0
C@CP 3089 0.197610574 -0.0377146074 -0.204123496 0 0 0
C@CP 3090 -0.215146949 -8.76246417e-05 0.197164398 0 0 0
C@CP 3091 0.0615924503 0.34434326 0.125489232 0 0 0
C@CP 3092 -0.297460176 0.330619694 0.000584484475 0 0 0
C@CP 3093 0.306556252 0.160063551 -0.126963333 0 0 0
C@CP 3094 -0.0282317961 0.0702740996 0.201160674 0 0 0
C@CP 3095 -0.314472091 0.204792657 0.0114113311 0 0 0
C@CP 3096 0.389147911 0.14722899 0.111307815 0 0 0
C@CP 3097 -0.13217223 -0.189430314 0.0203599282 0 0 0
C@CP 3098 -0.171186008 -0.109173161 -0.161637326 0 0 0
C@CP 3099 0.0707698391 -0.257470358 0.0137296644 0 0 0
C@CP 3100 0.130411232 -0.277376676 -0.133177542 0 0 0
C@CP 3101 0.120895913 0.11376684 -0.214474152 0 0 0
C@CP 3102 -0.200301159 0.0166858592 -0.36027387 0 0 0
C@CP 3103 0.320246461 0.0132712515 -0.146331223 0 0 0
C@CP 3104 -0.347827745 -0.237267269 -0.0844490301 0 0 0
C@CP 3105 -0.0214939008 0.0524965079 0.155175733 0 0 0
C@CP 3106 0.202171944 -0.0762843938 0.281008556 0 0 0
C@CP 3107 0.37415453 -0.162229455 0.182746926 0 0 0
C@CP 3108 0.414544939 0.0392257526 0.0739259979 0 0 0
C@CP 3109 0.0307578491 -0.0957724772 -0.134275795 0 0 0
C@CP 3110 0.186636002 -0.146155376 0.399616817 0 0 0
C@CP 3111 0.0240234265 0.0328181285 0.267527147 0 0 0
C@CP 3112 0.400610536 0.0176061389 -0.207234966 0 0 0
C@CP 3113 0.149237262 -0.0548084959 0.363185079 0 0 0
C@CP 3114 0.197237604 -0.0376301867 0.298732707 0 0 0
C@CP 3115 0.268045387 -0.017568407 0.287500781 0 0 0
C@CP 3116 0.206131015 0.238330296 0.097901472 0 0 0
C@CP 3117 -0.219363279 0.147034086 -0.205206306 0 0 0
C@CP 3118 0.318431852 -0.26051287 0.198164217 0 0 0
C@CP 3119 -0.0936543976 -0.204799581 -0.277031233 0 0 0
C@CP 3120 -0.280329239 -0.0554363394 -0.0695489457 0 0 0
C@CP 3121 0.0301617429 -0.0137037074 -0.207962763 0 0 0
C@CP 3122 -0.389032625 -0.247129419 -0.105516713 0 0 0
C@CP 3123 0.125751177 0.338013662 0.217549761 0 0 0
C@CP 3124 -0.365239448 -0.0246286237 0.231795829 0 0 0
C@CP 3125 -0.019698484 -0.429087863 -0.0639694583 0 0 0
C@CP 3126 0.239238032 0.089670748 0.192911887 0 0 0
C@CP 3127 -0.263782384 -0.117230698 -0.00467714396 0 0 0
C@CP 3128 0.00220419661 0.124595522 -0.190549742 0 0 0
C@CP 3129 0.105407325 0.00683137099 -0.325918139 0 0 0
C@CP 3130 0.0562354927 -0.42098026 0.0661787049 0 0 0
C@CP 3131 -0.336001639 -0.0789234002 0.0571068084 0 0 0
C@CP 3132 0.0111419347 -0.054950522 0.199424144 0 0 0
C@CP 3133 -0.143801848 0.357427386 -0.223905281 0 0 0
C@CP 3134 0.14058739 -0.299803195 -0.258234726 0 0 0
C@CP 3135 -0.165958951 -0.228220298 -0.210516385 0 0 0
C@CP 3136 0.420733333 -0.182305029 0.0307992998 0 0 0
C@CP 3137 -0.0196592289 -0.341198799 0.18970723 0 0 0
C@CP 3138 -0.0962533153 0.330657899 0.0728138841 0 0 0
C@CP 3139 -0.367275829 0.123907987 -0.0218109547 0 0 0
C@CP 3140 -0.129090006 0.20545983 -0.0370659167 0 0 0
C@CP 3141 -0.233341596 0.0301086534 -0.0529637549 0 0 0
C@CP 3142 0.0743665336 -0.111512149 0.0945063792 0 0 0
C@CP 3143 -0.217185752 -0.0111960721 0.37872118 0 0 0
C@CP 3144 0.140730805 -0.130093833 0.0334425951 0 0 0
C@CP 3145 0.167227093 0.270405013 -0.30094074 0 0 0
C@CP 3146 0.412608396 -0.040422754 0.103003235 0 0 0
C@CP 3147 0.184621448 -0.100800631 0.376347821 0 0 0
C@CP 3148 -0.375481925 0.123959735 0.144571077 0 0 0
C@CP 3149 -0.154615015 0.00442637053 0.201184718 0 0 0
C@CP 3150 0.112974266 -0.021919215 0.372008705 0 0 0
C@CP 3151 -0.00309886903 -0.323389434 -0.0248542693 0 0 0
C@CP 3152 -0.168296794 -0.166833416 0.0775942302 0 0 0
C@CP 3153 0.0636366954 0.422425701 0.0616587486 0 0 0
C@CP 3154 -0.163679722 -0.155056285 0.217180823 0 0 0
C@CP 3155 -0.0655478571 0.287966087 -0.25971515 0 0 0
C@CP 3156 -0.0167773095 -0.263518119 -0.102398386 0 0 0
C@CP 3157 0.3007569 -0.261587178 -0.0575564104 0 0 0
C@CP 3158 0.400998956 0.0248118311 -0.0487779713 0 0 0
C@CP 3159 -0.162804292 0.0954855934 0.0801235255 0 0 0
C@CP 3160 -0.12706725 0.38988094 -0.165687021 0 0 0
C@CP 3161 0.163661811 0.135555171 -0.310521642 0 0 0
C@CP 3162 0.033360031 -0.22055972 -0.166642075 0 0 0
C@CP 3163 0.0661617968 -0.0909840117 0.0919694433 0 0 0
C@CP 3164 0.260630442 0.20902217 0.209965536 0 0 0
C@CP 3165 -0.334400738 -0.0878425457 0.188899668 0 0 0
C@CP 3166 -0.0562635936 -0.114605808 -0.229745874 0 0 0
C@CP 3167 -0.0582064762 -0.0977418105 0.136487367 0 0 0
C@CP 3168 0.364923042 0.168910957 0.0696557835 0 0 0
C@CP 3169 0.145083617 0.0785689004 0.0953096625 0 0 0
C@CP 3170 0.0416351111 0.0543616895 -0.280144342 0 0 0
C@CP 3171 -0.384330316 0.12737621 -0.112727136 0 0 0
C@CP 3172 -0.375299768 -0.0711419874 -0.176119509 0 0 0
C@CP 3173 -0.0365406973 0.427349891 -0.0998145038 0 0 0
C@CP 3174 -0.340362443 0.0938410123 -0.279951923 0 0 0
C@CP 3175 -0.194198854 -0.256025899 -0.153525568 0 0 0
C@CP 3176 -0.00787373139 0.353313897 -0.246430665 0 0 0
C@CP 3177 -0.214646756 0.326316597 0.0977602064 0 0 0
C@CP 3178 0.273179945 -0.0116459988 0.0878234088 0 0 0
C@CP 3179 0.085753307 0.0343009273 0.1755615 0 0 0
C@CP 3180 0.0922067869 -0.25016291 0.182736854 0 0 0
C@CP 3181 -0.408443587 -0.12935165 0.120621798 0 0 0
C@CP 3182 0.322603028 -0.0466464008 0.0122236316 0 0 0
C@CP 3183 0.165697114 -0.369433388 -0.193129506 0 0 0
C@CP 3184 0.200846996 -0.246516265 -0.206779013 0 0 0
C@CP 3185 0.274985147 -0.17483052 0.348799947 0 0 0
C@CP 3186 -0.390733554 0.255161256 0.0227760955 0 0 0
C@CP 3187 -0.0344365618 -0.326574801 -0.227003608 0 0 0
C@CP 3188 0.117963296 0.265471988 0.337656182 0 0 0
C@CP 3189 -0.182996826 0.206622823 0.262352728 0 0 0
C@CP 3190 0.258583915 0.13822804 0.102400931 0 0 0
C@CP 3191 -0.372618992 -0.0743508311 0.135574496 0 0 0
C@CP 3192 0.0310408154 0.211603315 -0.231544193 0 0 0
C@CP 3193 -0.137284974 -0.297893623 -0.0215311837 0 0 0
C@CP 3194 -0.141734645 -0.312478036 0.113123369 0 0 0
C@CP 3195 -0.109251491 0.283229629 -0.0358650106 0 0 0
C@CP 3196 -0.199907898 -0.167212281 -0.196589181 0 0 0
C@CP 3197 0.0721051659 -0.166012717 -0.0147438413 0 0 0
C@CP 3198 0.311239602 0.143367476 -0.0281941157 0 0 0
C@CP 3199 0.0718320379 -0.0726089422 -0.306451624 0 0 0
C@CP 3200 -0.0821167913 0.0995888504 0.0847084242 0 0 0
C@CP 3201 -0.313183353 0.0964185882 -0.280007037 0 0 0
C@CP 3203 -0.32214317 -0.139857803 -0.116055503 0 0 0
C@CP 3204 0.0585039921 -0.0511937107 0.0738121045 0 0 0
C@CP 3205 0.0467596303 -0.093539603 0.389181032 0 0 0
C@CP 3206 -0.231636086 0.0225183933 -0.227104285 0 0 0
C@CP 3207 -0.0988650218 -0.090397776 -0.239386034 0 0 0
C@CP 3208 -0.0903828386 -0.391138831 0.19603703 0 0 0
C@CP 3209 0.314595578 0.0506593782 0.235415103 0 0 0
C@CP 3210 -0.179576687 -0.193546728 -0.0249823718 0 0 0
C@CP 3211 0.441308045 -0.0509265082 -0.0237002025 0 0 0
C@CP 3212 -0.0368643171 0.29822617 0.299574981 0 0 0
C@CP 3213 -0.060347005 -0.193584043 -0.183901327 0 0 0
C@CP 3214 0.0845563674 0.153189697 -0.151642278 0 0 0
C@CP 3215 0.0404645716 -0.295762089 0.271191626 0 0 0
C@CP 3216 0.307963912 -0.215663209 0.0436693624 0 0 0
C@CP 3217 0.267936579 0.0385411725 -0.274163389 0 0 0
C@CP 3218 -0.161939587 -0.0531396236 0.400085889 0 0 0
C@CP 3219 0.170112301 0.228578461 -0.0839332624 0 0 0
C@CP 3220 -0.00208044831 -0.246822931 0.0143062149 0 0 0
C@CP 3221 -0.144656085 -0.411833445 -0.0446134363 0 0 0
C@CP 3222 0.204054855 -0.0441425665 0.0112745472 0 0 0
C@CP 3223 -0.0669092427 -0.126465014 -0.0291634035 0 0 0
C@CP 3224 -0.0764926721 -0.0133704893 0.145294658 0 0 0
C@CP 3225 0.323645557 -0.267969981 0.120221729 0 0 0
C@CP 3226 0.28458256 0.0332157758 -0.259086086 0 0 0
C@CP 3227 0.410863267 -0.103897652 -0.0310994931 0 0 0
C@CP 3228 0.226305931 0.25469684 -0.0130095177 0 0 0
C@CP 3229 -0.278658789 -0.0998070055 -0.0464980917 0 0 0
C@CP 3230 0.0611911502 0.181241044 -0.237730196 0 0 0
C@CP 3231 -0.0394820949 -0.322162861 0.311743848 0 0 0
C@CP 3232 0.378792505 0.230985345 -0.0143403146 0 0 0
C@CP 3233 -0.0456711214 0.139608962 0.0158025778 0 0 0
C@CP 3234 -0.303661826 0.34856362 -0.0385870454 0 0 0
C@CP 3235 0.152256472 -0.273037649 0.0285455035 0 0 0
C@CP 3236 0.0787845452 -0.313152386 -0.109957322 0 0 0
C@CP 3237 -0.255524376 -0.0310082848 0.305457676 0 0 0
C@CP 3238 -0.241387876 -0.157798762 0.315630897 0 0 0
C@CP 3239 0.284859965 0.0637782227 0.24356201 0 0 0
C@CP 3240 0.0827339768 -0.206282278 0.0779649519 0 0 0
C@CP 3241 -0.13228845 -0.0373227525 -0.211098708 0 0 0
C@CP 3242 -0.353054911 0.100208976 -0.0646220844 0 0 0
C@CP 3243 0.0544206136 0.409470099 -0.0329778315 0 0 0
C@CP 3244 0.0953121554 0.0969781577 0.143168862 0 0 0
C@CP 3245 0.409827818 0.0569348008 0.232186806 0 0 0
C@CP 3246 -0.223918586 0.0158858287 0.364604369 0 0 0
C@CP 3247 -0.00111624884 0.168863433 0.203351811 0 0 0
C@CP 3248 0.184287328 0.190747775 -0.251611061 0 0 0
C@CP 3249 -0.342599031 -0.0809934102 -0.0241638032 0 0 0
C@CP 3250 -0.19156881 0.00414863216 -0.314571228 0 0 0
C@CP 3251 0.2183132 0.0452244269 -0.231376848 0 0 0
C@CP 3252 -0.232881541 -0.18566224 -0.0863485135 0 0 0
C@CP 3253 -0.0120536434 0.388324664 -0.246614639 0 0 0
C@CP 3254 0.105012236 -0.292377736 0.20011878 0 0 0
C@CP 3255 0.242112986 0.0183459178 -0.395578755 0 0 0
C@CP 3256 -0.35095045 0.0444609276 0.180469186 0 0 0
C@CP 3257 -0.253492832 0.0402674679 0.00752482273 0 0 0
C@CP 3258 0.285982889 0.0580028565 -0.0718602538 0 0 0
C@CP 3259 -0.162010447 -0.0825049252 -0.365535042 0 0 0
C@CP 3260 -0.032756801 0.0596370787 -0.0970028526 0 0 0
C@CP 3261 0.0983655124 0.109254559 -0.276816146 0 0 0
C@CP 3262 -0.180928993 0.321222877 -0.0170669005 0 0 0
C@CP 3263 -0.0432742057 0.222829348 0.328985887 0 0 0
C@CP 3264 0.113193083 -0.146432719 0.260847641 0 0 0
C@CP 3265 0.302582834 0.109763336 0.309415193 0 0 0
C@CP 3266 -0.294753989 -0.0307938002 -0.0427989978 0 0 0
C@CP 3267 0.153773919 0.131874972 -0.00676468766 0 0 0
C@CP 3268 0.00756776373 0.166295933 -0.19999579 0 0 0
C@CP 3269 -0.381223574 -0.250276377 0.156631073 0 0 0
C@CP 3270 0.163851221 -0.0451510725 0.327819844 0 0 0
C@CP 3271 -0.0363866418 0.423763759 0.145438595 0 0 0
C@CP 3272 0.047374426 0.380744083 -0.00892080179 0 0 0
C@CP 3273 0.0609073371 -0.412998693 0.029170571 0 0 0
C@CP 3274 -0.169936606 0.171967615 -0.374812585 0 0 0
C@CP 3275 0.264042143 0.10318166 -0.121953486 0 0 0
C@CP 3277 -0.0924354548 -0.19924687 -0.261151635 0 0 0
C@CP 3278 0.0998779654 -0.169236578 -0.0971448639 0 0 0
C@CP 3279 0.158724114 -0.167616482 0.120746717 0 0 0
C@CP 3280 0.169763367 0.37230747 -0.151617796 0 0 0
C@CP 3281 0.253664775 -0.138880628 0.308665378 0 0 0
C@CP 3282 0.106677615 -0.368741444 0.120321878 0 0 0
C@CP 3283 0.0717835594 0.190939628 0.013078903 0 0 0
C@CP 3284 -0.0575366367 -0.239001602 -0.297901558 0 0 0
C@CP 3285 0.284460028 -0.0475066248 0.120897735 0 0 0
C@CP 3286 0.116026611 0.28966514 -0.314444483 0 0 0
C@CP 3287 -0.298062885 0.0117305354 0.264126559 0 0 0
C@CP 3288 -0.100967305 -0.211255308 0.214279255 0 0 0
C@CP 3289 -0.0329880426 0.121167732 0.405111252 0 0 0
C@CP 3290 0.352340398 -0.0890132357 0.0779742043 0 0 0
C@CP 3291 0.272054437 -0.0911403466 0.0726290323 0 0 0
C@CP 3292 -0.141123329 -0.163030043 0.312301021 0 0 0
C@CP 3293 0.245711837 -0.208729144 -0.0409077086 0 0 0
C@CP 3295 -0.226214567 0.145389761 -0.363700672 0 0 0
C@CP 3296 -0.185426171 -0.00439139079 0.354486379 0 0 0
C@CP 3297 -0.141453434 -0.366162967 -0.194809192 0 0 0
C@CP 3298 -0.087403719 0.035132357 -0.0701292081 0 0 0
C@CP 3299 0.176217787 -0.219453741 -0.140085969 0 0 0
C@CP 3300 0.0734050837 -0.274456321 -0.27950036 0 0 0
C@CP 3301 0.126212538 -0.152033793 0.378555216 0 0 0
C@CP 3302 0.181000657 -0.199237914 -0.0447636558 0 0 0
C@CP 3303 -0.144888316 -0.279401787 -0.0384067717 0 0 0
C@CP 3304 0.0535690407 -0.0229161164 0.0291405782 0 0 0
C@CP 3305 0.10780826 -0.11155201 -0.311220087 0 0 0
C@CP 3306 0.0803088722 0.239567279 -0.4019732 0 0 0
C@CP 3307 -0.0321338092 0.260499498 -0.387621478 0 0 0
C@CP 3308 0.344299102 0.10974359 -0.0788754406 0 0 0
C@CP 3309 -0.132262127 0.0261971638 -0.185957432 0 0 0
C@CP 3310 -0.229750221 -0.197646852 0.186522544 0 0 0
C@CP 3311 -0.209209855 0.256771232 -0.0956071103 0 0 0
C@CP 3312 0.185767777 0.0708315031 -0.322221314 0 0 0
C@CP 3313 0.227748404 -0.279459357 0.0971756489 0 0 0
C@CP 3314 -0.0332788963 -0.220978334 0.0218359985 0 0 0
C@CP 3315 0.0437823702 -0.325561899 -0.205564962 0 0 0
C@CP 3316 0.0938971687 -0.282400356 -0.236002184 0 0 0
C@CP 3317 -0.255198884 0.348070677 0.0128043479 0 0 0
C@CP 3318 -0.264925107 0.16163665 0.00803029061 0 0 0
C@CP 3319 -0.257412214 -0.167438928 -0.234258433 0 0 0
C@CP 3320 0.0473043498 -0.0991974847 -0.00606113678 0 0 0
C@CP 3321 0.140001176 -0.365151254 0.0540487578 0 0 0
C@CP 3322 0.289224033 -0.0763757681 -0.0888945786 0 0 0
C@CP 3323 -0.231026946 -0.388701061 0.125781894 0 0 0
C@CP 3324 -0.0724805872 -0.087108268 0.0729652532 0 0 0
C@CP 3325 -0.110749213 0.00389736984 -0.0358614724 0 0 0
C@CP 3326 -0.282935889 0.0652037987 -0.237311891 0 0 0
C@CP 3327 0.161030806 -0.0585752619 0.151474447 0 0 0
C@CP 3328 -0.293139701 0.325913732 0.00716228621 0 0 0
C@CP 3329 -0.251383524 0.0258813159 0.222030548 0 0 0
C@CP 3330 0.175052427 -0.0139070482 0.349953523 0 0 0
C@CP 3331 0.226316477 -0.240760408 -0.0164299304 0 0 0
C@CP 3332 0.0175631491 -0.241727793 -0.0323044816 0 0 0
C@CP 3333 -0.28426674 -0.277044127 -0.0744097047 0 0 0
C@CP 3334 -0.0570067282 -0.0407992373 0.084048542 0 0 0
C@CP 3335 -0.0530155658 0.077349216 0.131079663 0 0 0
C@CP 3336 -0.138969085 0.302659858 0.0351159199 0 0 0
C@CP 3337 0.339240353 -0.274328026 -0.0453677051 0 0 0
C@CP 3338 0.227215966 -0.288677741 -0.126617117 0 0 0
C@CP 3339 -0.0547914897 -0.105984464 -0.205096051 0 0 0
C@CP 3340 -0.139317391 -0.0635824274 -0.0513834672 0 0 0
C@CP 3341 -0.0199140206 0.0613658883 0.236458687 0 0 0
C@CP 3342 -0.222718406 -0.0528903191 0.00392114659 0 0 0
C@CP 3343 0.429018289 -0.0084534276 -0.112240298 0 0 0
C@CP 3344 0.11836538 0.0341384388 -0.192847015 0 0 0
C@CP 3345 -0.263211458 -0.0311240545 -0.0811034014 0 0 0
C@CP 3346 -0.108230314 -0.209155772 -0.305349106 0 0 0
C@CP 3347 0.170326068 0.127946808 -0.370021104 0 0 0
C@CP 3348 0.2547081 0.294647468 -0.199866717 0 0 0
C@CP 3349 0.193161605 -0.0341724251 -0.30879864 0 0 0
C@CP 3350 0.352199171 0.251912353 0.131579604 0 0 0
C@CP 3351 0.159586845 0.266507841 -0.0370474272 0 0 0
C@CP 3353 0.272955379 -0.0819610137 -0.26108129 0 0 0
C@CP 3354 -0.157660924 -0.319801043 0.105709887 0 0 0
C@CP 3355 0.346853041 0.180601419 0.103699399 0 0 0
C@CP 3356 0.0999512583 0.161376176 0.193092215 0 0 0
C@CP 3357 0.1045171 -0.0856764245 0.380799233 0 0 0
C@CP 3358 -0.258711739 -0.272331675 -0.104831423 0 0 0
C@CP 3359 0.32491481 -0.110034217 -0.276569024 0 0 0
C@CP 3360 -0.0754203979 -0.0825669279 0.238939037 0 0 0
C@CP 3361 0.249011385 -0.0528753093 -0.0865961222 0 0 0
C@CP 3362 0.174503727 0.153508772 -0.380749773 0 0 0
C@CP 3363 -0.22547737 -0.0381797229 0.196752048 0 0 0
C@CP 3364 -0.0551149515 -0.324579667 -0.154261975 0 0 0
C@CP 3365 -0.114126458 0.055316071 0.0797918856 0 0 0
C@CP 3366 0.0917981522 0.231586848 -0.287829832 0 0 0
C@CP 3367 -0.101110602 -0.0143956393 -0.186210615 0 0 0
C@CP 3368 -0.302785065 0.12920522 0.120962065 0 0 0
C@CP 3369 0.16746945 0.358601604 -0.110597981 0 0 0
C@CP 3370 -0.355662054 0.172920395 -0.0132892456 0 0 0
C@CP 3371 0.13592634 0.299291648 0.154180629 0 0 0
C@CP 3372 0.0560557673 -0.268852732 -0.122878384 0 0 0
C@CP 3373 0.137547963 0.191054261 0.14382029 0 0 0
C@CP 3374 0.369650667 -0.194816875 -0.00606678385 0 0 0
C@CP 3375 -0.258149436 0.165530575 -0.0236013122 0 0 0
C@CP 3376 -0.0476243292 -0.284592762 0.28479691 0 0 0
C@CP 3377 -0.0222210302 0.270805168 0.0771212598 0 0 0
C@CP 3378 -0.0845400353 0.0298444151 0.036990743 0 0 0
C@CP 3379 0.390548334 -0.0421639218 0.104950133 0 0 0
C@CP 3380 -0.144954239 0.158269631 -0.163367382 0 0 0
C@CP 3381 -0.0875767599 -0.0610446288 0.0260204186 0 0 0
C@CP 3382 -0.0731089153 0.0360593697 0.0712412952 0 0 0
C@CP 3383 -0.263966611 -0.349190014 -0.159705837 0 0 0
C@CP 3384 -0.223025798 0.153348135 0.0279750417 0 0 0
C@CP 3385 0.0949272391 -0.0512458098 0.180955714 0 0 0
C@CP 3386 0.146039086 -0.117769342 0.0273401347 0 0 0
C@CP 3387 0.0456989308 0.0640340721 -0.455851696 0 0 0
C@CP 3388 0.0694048227 -0.262959971 -0.0342157152 0 0 0
C@CP 3389 -0.111308332 0.0906689639 0.364352632 0 0 0
C@CP 3390 0.243384391 0.073283938 0.270927796 0 0 0
C@CP 3391 -0.0185753203 -0.304091871 -0.0665835913 0 0 0
C@CP 3392 0.275656032 0.124387829 -0.178960499 0 0 0
C@CP 3393 0.347867428 -0.219869803 0.220159651 0 0 0
C@CP 3394 -0.206036316 -0.114224348 -0.36589315 0 0 0
C@CP 3395 -0.378003383 0.0450379681 -0.244135949 0 0 0
C@CP 3396 0.04431245 0.255759985 -0.303225992 0 0 0
C@CP 3397 -0.291673322 -0.162754897 0.305177378 0 0 0
C@CP 3398 0.00469377742 -0.259232048 0.347218022 0 0 0
C@CP 3399 -0.279248209 0.142113102 -0.0894709536 0 0 0
C@CP 3400 -0.231177059 -0.170603379 -0.0705696795 0 0 0
C@CP 3401 0.211453177 -0.193998997 -0.34137007 0 0 0
C@CP 3402 0.0971639462 0.216296236 0.054034943 0 0 0
C@CP 3403 0.0751703887 -0.292503708 -0.345666304 0 0 0
C@CP 3404 0.106048668 0.173598982 -0.273322569 0 0 0
C@CP 3405 -0.0890812548 -0.202834344 -0.15071023 0 0 0
C@CP 3406 0.00415870955 0.167804423 0.378532947 0 0 0
C@CP 3407 -0.302094731 -0.34400301 0.0433976611 0 0 0
C@CP 3408 -0.0809462058 -0.323749998 -0.142751206 0 0 0
C@CP 3409 0.192006081 -0.30183418 0.176329167 0 0 0
C@CP 3410 -0.278633099 -0.101420564 -0.21150561 0 0 0
C@CP 3411 0.0165809042 -0.0311870226 0.0762493518 0 0 0
C@CP 3412 0.361187607 0.0545295287 0.282711849 0 0 0
C@CP 3413 -0.309721333 0.328362297 -0.0975996694 0 0 0
C@CP 3414 -0.0927873433 -0.0188590183 0.385287979 0 0 0
C@CP 3415 -0.323833147 0.0970186904 0.297982082 0 0 0
C@CP 3416 0.341836559 -0.0780419083 -0.284394972 0 0 0
C@CP 3417 -0.397332028 0.138500195 0.0546661457 0 0 0
C@CP 3418 -0.291881838 0.0705496667 0.229948677 0 0 0
C@CP 3419 0.121989055 -0.349209948 0.120928467 0 0 0
C@CP 3420 -0.240633007 0.348133915 0.0313305847 0 0 0
C@CP 3421 0.283892158 -0.291840512 0.0150200388 0 0 0
C@CP 3422 0.0558797962 -0.090192611 0.448387006 0 0 0
C@CP 3423 0.416425852 -0.00512414497 -0.124361267 0 0 0
C@CP 3424 -0.237172191 0.0297938963 -0.195093169 0 0 0
C@CP 3425 0.129736901 -0.101395973 -0.304100053 0 0 0
C@CP 3426 0.381099148 0.137345216 -0.137634031 0 0 0
C@CP 3427 -0.342691895 -0.0358423799 0.111565948 0 0 0
C@CP 3428 0.321597324 0.108814025 0.0750312733 0 0 0
C@CP 3429 0.00147643802 0.454889449 0.0873804827 0 0 0
C@CP 3430 0.0116443736 -0.402263125 -0.203043848 0 0 0
C@CP 3431 -0.206933434 0.0207533994 -0.17251012 0 0 0
C@CP 3432 -0.111157959 -0.117495496 0.0645795059 0 0 0
C@CP 3433 0.355744183 -0.175774845 0.0652100343 0 0 0
C@CP 3434 -0.0245309087 0.145216318 -0.432749592 0 0 0
C@CP 3435 0.126171935 -0.269539516 0.349297535 0 0 0
C@CP 3436 0.0624112404 0.229911915 0.17005751 0 0 0
C@CP 3437 0.0913038893 0.193441413 -0.0861813192 0 0 0
C@CP 3438 -0.16590896 0.155390659 0.258482708 0 0 0
C@CP 3439 0.222988719 0.0620598296 0.215264097 0 0 0
C@CP 3440 -0.0772393974 0.22915637 0.31592227 0 0 0
C@CP 3441 0.256030447 -0.173630869 -0.360727117 0 0 0
C@CP 3442 -0.27534138 0.0655930355 -0.345373782 0 0 0
C@CP 3443 -0.0305288649 -0.181235722 0.306368704 0 0 0
C@CP 3444 -0.127126507 -0.10670706 -0.118586418 0 0 0
C@CP 3445 0.408554402 -0.0363177514 0.167645085 0 0 0
C@CP 3446 -0.435465222 0.126622876 -0.0214884177 0 0 0
C@CP 3447 0.156461431 0.059695971 -0.41854936 0 0 0
C@CP 3448 0.142754541 -0.142679585 -0.217466522 0 0 0
C@CP 3449 0.10422821 -0.0497114413 -0.191019134 0 0 0
C@CP 3450 0.347262894 -0.0195186509 -0.16616598 0 0 0
C@CP 3451 0.158133873 -0.124267138 0.0471279462 0 0 0
C@CP 3452 -0.034802939 0.00741123199 0.159529438 0 0 0
C@CP 3454 0.108902445 -0.294808688 -0.296564738 0 0 0
C@CP 3455 -0.0882134811 -0.02457832 -0.0808912803 0 0 0
C@CP 3456 0.412570644 -0.152531954 -0.0687541591 0 0 0
C@CP 3457 0.370154302 -0.0919854329 -0.18151365 0 0 0
C@CP 3458 -0.224690149 -0.151316076 -0.321869726 0 0 0
C@CP 3459 0.297207917 0.0927399743 -0.279397911 0 0 0
C@CP 3460 -0.0238431439 -0.16282906 -0.414010589 0 0 0
C@CP 3461 0.339572105 0.0819610496 0.0563570208 0 0 0
C@CP 3462 0.151779229 -0.314043668 -0.177795405 0 0 0
C@CP 3463 0.35120873 -0.0445420431 0.080765968 0 0 0
C@CP 3464 -0.366791273 0.0178224165 -0.253756635 0 0 0
C@CP 3465 0.209703842 -0.334785574 0.23434164 0 0 0
C@CP 3466 0.167570735 -0.338809322 0.0269853438 0 0 0
C@CP 3467 0.0207036499 0.373338875 -0.0531197616 0 0 0
C@CP 3468 -0.414713665 -0.0656436261 -0.185986812 0 0 0
C@CP 3469 -0.268824139 -0.194940517 -0.220683233 0 0 0
C@CP 3470 0.0726032497 0.177002833 0.419492466 0 0 0
C@CP 3471 -0.120151044 -0.140432554 -0.323654455 0 0 0
C@CP 3472 0.395012463 0.249519285 -0.142261668 0 0 0
C@CP 3473 0.0138024443 -0.361362338 0.220388888 0 0 0
C@CP 3474 -0.00225368859 0.469304146 -0.043539721 0 0 0
C@CP 3475 0.36600242 0.0402239052 -0.171256217 0 0 0
C@CP 3476 -0.167881715 0.272008516 0.142843561 0 0 0
C@CP 3477 0.347571718 -0.0359913621 -0.313318417 0 0 0
C@CP 3478 0.0173943937 0.236123122 0.262412282 0 0 0
C@CP 3479 0.288011497 0.203068985 0.086817743 0 0 0
C@CP 3480 -0.0796583295 -0.349427042 -0.054836421 0 0 0
C@CP 3481 0.126993919 0.386752328 -0.250853844 0 0 0
C@CP 3482 0.322679848 0.259621446 0.187719559 0 0 0
C@CP 3483 -0.112773832 0.40290275 -0.0370518782 0 0 0
C@CP 3484 -0.25532125 0.152007053 -0.214329061 0 0 0
C@CP 3485 0.0140842555 -0.299236887 0.271978508 0 0 0
C@CP 3486 -0.238962378 -0.065432731 -0.379643913 0 0 0
C@CP 3487 -0.0250201161 0.35909377 0.0314878394 0 0 0
C@CP 3488 -0.0983824341 0.401324069 -0.195057674 0 0 0
C@CP 3489 0.311243405 -0.17726917 -0.244970372 0 0 0
C@CP 3490 0.0635901659 0.0501200462 -0.266954688 0 0 0
C@CP 3491 -0.349111131 -0.188930075 -0.0347808848 0 0 0
C@CP 3492 -0.0221858881 0.308721289 -0.156754087 0 0 0
C@CP 3493 -0.0969807153 0.308339358 -0.311192861 0 0 0
C@CP 3494 0.286876699 -0.331382193 -0.0796153144 0 0 0
C@CP 3495 0.194734563 -0.232298249 -0.258414846 0 0 0
C@CP 3496 0.196398706 0.151609186 -0.164320882 0 0 0
C@CP 3497 0.0421009403 -0.15335623 -0.0888331218 0 0 0
B@CP 3499 0.140210196 -0.380418425 0.256654786 0 0 0
C@CP 3500 0.220433071 0.353401555 0.0371426662 0 0 0
C@CP 3501 0.238297196 -0.377138181 0.0529251463 0 0 0
C@CP 3502 0.280003971 0.288995039 0.185484016 0 0 0
B@CP 3504 -0.258247456 -0.0573640921 0.233107321 0 0 0
C@CP 3505 -0.328323989 0.127124803 0.234159983 0 0 0
B@CP 3507 0.105227794 0.0650460499 0.450826192 0 0 0
C@CP 3508 0.0418271179 -0.0649680036 0.24359899 0 0 0
B@CP 3510 0.0295524731 0.0516691068 0.330268327 0 0 0
C@CP 3511 0.0239835314 -0.0596568665 -0.23870241 0 0 0
B@CP 3513 0.0995371298 0.0695759692 -0.239385277 0 0 0
C@CP 3514 -0.131196362 0.1325517 -0.294098143 0 0 0
B@CP 3516 -0.0583924727 -0.093076956 -0.226516533 0 0 0
C@CP 3517 -0.228870184 -0.137884614 0.285536943 0 0 0
B@CP 3519 0.0240951046 -0.303507498 -0.0943683899 0 0 0
C@CP 3520 -0.215754016 0.139156903 -0.410060468 0 0 0
