B@CP 1004 -0.33806589 -0.052462779 -0.262000243 0 0 0
B@CP 1005 -0.39024217 -0.220672782 0.118868153 0 0 0
B@CP 1008 0.0584591797 -0.0939515161 0.306727705 0 0 0
B@CP 1014 0.103674189 0.232188475 -0.134970047 0 0 0
B@CP 1018 0.059364082 0.276786908 0.0273040788 0 0 0
B@CP 1020 0.0237556475 -0.438978914 0.0423549425 0 0 0
B@CP 1025 0.368793816 0.0938478478 -0.266998049 0 0 0
B@CP 1026 -0.116803569 0.316855934 -0.316575135 0 0 0
B@CP 1032 0.293601207 -0.0424510179 -0.0723959371 0 0 0
B@CP 1033 -0.111051142 0.0265426113 0.0580732465 0 0 0
B@CP 1034 -0.434695538 0.0504666079 0.129090022 0 0 0
B@CP 1036 0.137315439 0.424948866 0.0401135132 0 0 0
B@CP 1040 0.167362095 0.325109224 -0.280782506 0 0 0
B@CP 1041 0.108042106 -0.0202019996 -0.085692737 0 0 0
B@CP 1042 0.4017331 0.060376465 0.0258927966 0 0 0
B@CP 1045 0.261288151 0.1842916 0.0520186147 0 0 0
B@CP 1046 -0.0788314476 0.0228398454 -0.463432162 0 0 0
B@CP 1047 -0.220701065 0.215457688 0.239960039 0 0 0
B@CP 1055 0.418175621 -0.00976868063 0.00423193396 0 0 0
B@CP 1056 -0.245555728 -0.0108007062 -0.0281044829 0 0 0
B@CP 1059 0.086835055 -0.0241766213 0.387814223 0 0 0
B@CP 1063 0.229637839 -0.107470932 0.0342637671 0 0 0
B@CP 1065 0.269503911 -0.177657157 0.183625342 0 0 0
B@CP 1066 0.138912856 -0.296958107 -0.266306328 0 0 0
B@CP 1068 -0.0846231932 0.0496407171 -0.367937189 0 0 0
B@CP 1069 0.265641826 -0.209574902 0.0824620732 0 0 0
B@CP 1070 0.131161201 -0.36472792 0.173077637 0 0 0
B@CP 1077 -0.0119513721 -0.205453484 0.0605987181 0 0 0
B@CP 1080 -0.466181315 -0.00920661006 -0.0373128217 0 0 0
B@CP 1083 -0.154155782 -0.241961175 -0.229973895 0 0 0
B@CP 1084 -0.258154947 0.371043575 -0.120144539 0 0 0
B@CP 1085 0.108112478 -0.359181547 -0.0989050199 0 0 0
B@CP 1089 -0.00468533513 0.00504408144 0.291331233 0 0 0
B@CP 1091 -0.133399432 -0.402332195 -0.0514586887 0 0 0
B@CP 1092 -0.361426573 -0.0335783031 0.177721315 0 0 0
B@CP 1093 0.247742618 -0.227375733 0.0201475479 0 0 0
B@CP 1094 -0.0414975283 0.0179594085 -0.037608434 0 0 0
B@CP 1099 0.217830536 -0.126680813 -0.283462423 0 0 0
B@CP 1100 0.0497688334 -0.231550473 -0.157149641 0 0 0
B@CP 1104 0.206201039 0.263016297 0.289349579 0 0 0
B@CP 1105 0.0548163158 -0.165935618 -0.331105321 0 0 0
B@CP 1106 -0.103747827 -0.260466555 0.337327675 0 0 0
B@CP 1107 0.179926405 0.0970051915 0.202559788 0 0 0
B@CP 1109 -0.00863448105 -0.0510191054 -0.379392303 0 0 0
B@CP 1110 0.405487833 0.0297349595 0.20662492 0 0 0
B@CP 1117 -0.377626694 0.052582763 -0.0598937691 0 0 0
B@CP 1118 0.300539573 -0.0229791002 0.260285001 0 0 0
B@CP 1121 -0.294504337 -0.136618683 0.258796879 0 0 0
B@CP 1122 -0.287001143 0.0259492585 -0.0127800991 0 0 0
B@CP 1123 -0.160085643 0.0513803652 0.381589335 0 0 0
B@CP 1125 -0.222786712 -0.257370416 -0.119783182 0 0 0
B@CP 1131 0.1622111 -0.255522757 0.31432437 0 0 0
B@CP 1139 -0.168637909 0.118860797 0.0770363476 0 0 0
B@CP 1143 -0.121643076 0.402183962 -0.0149433656 0 0 0
B@CP 1146 0.0230482145 0.237520642 0.244351736 0 0 0
B@CP 1147 0.0958640871 0.246394395 0.364652847 0 0 0
B@CP 1149 -0.191050012 0.149984009 0.395486712 0 0 0
B@CP 1152 -0.0409123735 0.184544792 0.252356446 0 0 0
B@CP 1154 -0.228883058 -0.272896394 0.108510657 0 0 0
B@CP 1155 0.172257594 -0.017141643 0.073063236 0 0 0
B@CP 1160 -0.163909181 0.348970902 0.243368755 0 0 0
B@CP 1161 0.268697234 -0.327087514 0.194012216 0 0 0
B@CP 1162 0.0781440356 -0.208289866 0.417804309 0 0 0
B@CP 1163 -0.0228202551 -0.118686089 0.435947293 0 0 0
B@CP 1166 0.309772011 0.0326656826 -0.0502305487 0 0 0
B@CP 1167 -0.0273755669 0.390191293 0.112130389 0 0 0
B@CP 1170 -0.147410967 -0.198144495 -0.382376989 0 0 0
B@CP 1171 -0.408407813 0.103424548 0.0418185094 0 0 0
B@CP 1176 -0.163917909 0.203642882 0.00268716623 0 0 0
B@CP 1179 0.0412825669 0.113292405 -0.116611968 0 0 0
B@CP 1185 0.0223808844 0.3429477 -0.0429773323 0 0 0
B@CP 1186 -0.332571442 -0.106568354 0.180458604 0 0 0
B@CP 1187 -0.373506344 -0.164824701 -0.211133981 0 0 0
B@CP 1188 0.098986422 0.00537171708 0.430908574 0 0 0
B@CP 1189 0.386185851 -0.0681124942 -0.197036401 0 0 0
B@CP 1190 0.224687085 0.17409806 0.252807564 0 0 0
B@CP 1191 0.0374489577 -0.0276946831 -0.305992954 0 0 0
B@CP 1192 -0.225463848 -0.0112524616 0.0674182714 0 0 0
B@CP 1196 -0.015075232 -0.221854518 0.0516499616 0 0 0
B@CP 1197 -0.228114209 -0.205300181 -0.0152070158 0 0 0
B@CP 1200 -0.230607426 0.0243909751 0.271936817 0 0 0
B@CP 1206 0.259144932 0.0342043955 -0.00318466473 0 0 0
B@CP 1211 0.0245337612 0.249916679 0.219713924 0 0 0
B@CP 1221 0.291027768 -0.0631970806 0.321002148 0 0 0
B@CP 1222 -0.0440643255 0.225402068 -0.297468846 0 0 0
B@CP 1225 -0.284422407 -0.0906625975 0.0479236179 0 0 0
B@CP 1226 0.252869148 -0.158872929 -0.0880001631 0 0 0
B@CP 1228 -0.18970781 -0.362294446 -0.037916061 0 0 0
B@CP 1229 -0.268816599 0.0624189913 0.326175151 0 0 0
B@CP 1234 -0.0704480424 0.4236775 0.00456641844 0 0 0
B@CP 1237 -0.110347922 0.413659738 0.0280363557 0 0 0
B@CP 1239 0.160269398 -0.0118303207 0.246089485 0 0 0
B@CP 1241 0.254718595 0.038786573 0.341670491 0 0 0
B@CP 1242 0.240551972 -0.167614393 0.274013638 0 0 0
B@CP 1245 0.123568645 -0.120276676 0.304909094 0 0 0
B@CP 1248 0.145129669 -0.0498299042 0.305230618 0 0 0
B@CP 1257 0.117240665 0.345072826 -0.130046784 0 0 0
B@CP 1259 0.406839984 -0.194667653 0.0792685553 0 0 0
B@CP 1262 -0.105104139 0.171893283 -0.186460444 0 0 0
B@CP 1263 0.105945269 0.272167113 -0.345568759 0 0 0
B@CP 1264 -0.0438999608 0.381429228 -0.0387253463 0 0 0
B@CP 1268 0.364277217 -0.0760735505 0.0788589841 0 0 0
B@CP 1274 0.382191821 0.21952466 0.168540244 0 0 0
B@CP 1275 -0.383768445 0.0802064392 -0.0921710261 0 0 0
B@CP 1280 -0.0483896287 -0.174624132 -0.0135945204 0 0 0
B@CP 1281 -0.342177994 -0.10203429 -0.113621132 0 0 0
B@CP 1284 0.0449662853 0.35360113 -0.0224714441 0 0 0
B@CP 1285 0.0320859376 0.0758894832 0.0828109036 0 0 0
B@CP 1291 -0.232537298 -0.110549251 0.241776313 0 0 0
B@CP 1293 -0.231176842 0.00327123992 -0.275982582 0 0 0
B@CP 1299 -0.145738514 -0.091123334 -0.160166331 0 0 0
B@CP 1302 -0.117682275 0.196129461 -0.382721961 0 0 0
B@CP 1305 0.0751734811 -0.0660544906 -0.379361162 0 0 0
B@CP 1306 -0.212362985 0.0619194548 -0.0559210055 0 0 0
B@CP 1312 0.160500818 0.210667769 0.321727851 0 0 0
B@CP 1318 0.151207163 0.0201367321 -0.0192257206 0 0 0
B@CP 1320 -0.187614701 -0.250566695 -0.279015523 0 0 0
B@CP 1323 0.180234962 -0.134998836 -0.381830825 0 0 0
B@CP 1324 -0.195023012 -0.297930394 -0.285408383 0 0 0
B@CP 1326 0.0806175095 0.138119005 -0.0568738677 0 0 0
B@CP 1330 0.429174879 0.149406014 0.0832273404 0 0 0
B@CP 1332 -0.103883033 0.30245235 0.0589156292 0 0 0
B@CP 1335 0.120148539 0.246442608 -0.0398185073 0 0 0
B@CP 1342 -0.114122919 -0.134551129 -0.259750683 0 0 0
B@CP 1343 0.244981021 -0.138635539 0.153859756 0 0 0
B@CP 1345 0.0989185992 -0.379100602 0.121627596 0 0 0
B@CP 1348 -0.0318951461 0.00459293267 0.21803633 0 0 0
B@CP 1354 0.0446922101 -0.106444706 -0.0112147096 0 0 0
B@CP 1356 0.0230449298 -0.00852168072 -0.178138079 0 0 0
B@CP 1362 0.246579329 0.147554264 0.142913735 0 0 0
B@CP 1363 0.0417120811 -0.0929668334 0.201153441 0 0 0
B@CP 1365 0.277692205 0.126721044 -0.07524151 0 0 0
B@CP 1367 -0.100899011 -0.253261277 -0.183959219 0 0 0
B@CP 1370 0.0549855971 0.0870107912 -0.253366714 0 0 0
B@CP 1371 0.232564648 -0.213140335 -0.111939793 0 0 0
B@CP 1372 -0.367177582 0.0958755305 0.0787253065 0 0 0
B@CP 1373 0.0191810569 -0.200960135 -0.141489587 0 0 0
B@CP 1375 -0.144359544 0.199712049 0.131554687 0 0 0
B@CP 1379 0.350931702 0.273015879 0.105113632 0 0 0
B@CP 1385 0.0158848516 -0.0712794343 0.0800896517 0 0 0
B@CP 1387 0.268982573 -0.361086606 -0.110675622 0 0 0
B@CP 1390 0.226732555 -0.171848647 -0.0821800446 0 0 0
B@CP 1391 0.266912784 -0.0339409848 0.262522123 0 0 0
B@CP 1393 -0.0971145274 0.0955283258 -0.264734311 0 0 0
B@CP 1398 -0.00184206461 -0.270065091 0.038161157 0 0 0
B@CP 1406 0.031975842 0.187502027 -0.299074678 0 0 0
B@CP 1408 -0.275183682 -0.112268172 -0.0252676911 0 0 0
B@CP 1410 0.157154686 0.332475598 0.0959839163 0 0 0
B@CP 1416 0.422483805 -0.183621587 0.0771418095 0 0 0
B@CP 1417 0.346709477 -0.282896024 0.00787498083 0 0 0
B@CP 1422 0.20746646 -0.154783701 0.234109985 0 0 0
B@CP 1423 -0.248282187 0.318428555 -0.115001206 0 0 0
B@CP 1424 0.0357692966 -0.0822336379 -0.35541815 0 0 0
B@CP 1428 0.12445284 -0.124039237 0.139724774 0 0 0
B@CP 1429 -0.236261439 -0.320819927 -0.0511348685 0 0 0
B@CP 1433 -0.228883505 -0.0659772176 -0.318869545 0 0 0
B@CP 1434 -0.0803437531 -0.400120517 0.0993059573 0 0 0
B@CP 1436 -0.236781328 -0.307194478 -0.0435342057 0 0 0
B@CP 1438 0.161306326 -0.275658512 -0.13680893 0 0 0
B@CP 1439 -0.0659581311 -0.13444012 0.0384982251 0 0 0
B@CP 1446 -0.148266454 -0.118193652 0.221135372 0 0 0
B@CP 1448 0.237341689 0.269216208 0.179304961 0 0 0
B@CP 1452 0.248509248 -0.159399903 -0.291653546 0 0 0
B@CP 1453 0.12200015 0.125791532 -0.137611198 0 0 0
B@CP 1454 -0.341764774 -0.250789418 -0.181022381 0 0 0
B@CP 1465 0.35096793 -0.147260247 -0.114894858 0 0 0
B@CP 1466 0.360673526 -0.0853114776 -0.281118547 0 0 0
B@CP 1470 0.0494736118 0.0656702719 0.076662494 0 0 0
B@CP 1471 0.0404160308 -0.135759207 -0.198496603 0 0 0
B@CP 1478 -0.191042471 0.215098371 0.0568148606 0 0 0
B@CP 1481 -0.372034266 0.128764767 -0.189074959 0 0 0
B@CP 1482 0.112737174 -0.352894082 0.282349357 0 0 0
B@CP 1483 -0.0522286085 -0.0633339633 0.334156543 0 0 0
B@CP 1486 0.188311554 -0.227194014 0.000985775541 0 0 0
B@CP 1489 0.324760227 -0.147696005 -0.274395398 0 0 0
B@CP 1490 0.0626651409 -0.0463489277 0.103077259 0 0 0
B@CP 1491 0.296403516 0.0517433772 -0.24789851 0 0 0
B@CP 1492 -0.15803032 -0.267574062 0.0480068365 0 0 0
B@CP 1495 -0.119015053 0.173363563 0.111231039 0 0 0
B@CP 1500 -0.0342746906 0.180826948 0.0979794677 0 0 0
B@CP 1504 -0.267431752 0.314712572 -0.176928726 0 0 0
B@CP 1505 -0.312685617 -0.131207473 0.209621239 0 0 0
B@CP 1509 0.0917899095 -0.0890957403 0.0659358185 0 0 0
B@CP 1515 -0.357354027 0.216645711 0.154529922 0 0 0
B@CP 1519 0.0796669977 -0.0581717808 0.424884688 0 0 0
B@CP 1523 0.0549369488 -0.0266323661 0.33243947 0 0 0
B@CP 1524 -0.231479159 0.19130404 -0.0855733972 0 0 0
B@CP 1526 0.378608808 0.089926548 -0.194131092 0 0 0
B@CP 1527 0.309005041 0.247413984 0.00167445882 0 0 0
B@CP 1530 0.0752327153 0.384213682 -0.237375221 0 0 0
B@CP 1534 -0.174412935 -0.410898446 0.0298421143 0 0 0
B@CP 1536 -0.0382432766 -0.026752293 -0.376399157 0 0 0
B@CP 1551 -0.407941494 0.151522925 -0.112348782 0 0 0
B@CP 1552 -0.425685754 -0.10879178 -0.130883708 0 0 0
B@CP 1555 0.0823024925 0.180683028 0.422089816 0 0 0
B@CP 1561 0.188359509 -0.165394736 -0.216596789 0 0 0
B@CP 1567 -0.201997665 0.105451546 0.271664229 0 0 0
B@CP 1569 -0.0563567843 0.00291413737 -0.346592886 0 0 0
B@CP 1572 0.140623446 -0.0538204728 0.126155751 0 0 0
B@CP 1573 0.159908145 -0.246617019 -0.275966912 0 0 0
B@CP 1576 -0.223109299 0.14886093 0.380527477 0 0 0
B@CP 1580 0.318527127 -0.089261075 0.240291762 0 0 0
B@CP 1583 -0.404818084 -0.012982139 -0.265426801 0 0 0
B@CP 1584 0.429970774 0.0798306994 0.0348804394 0 0 0
B@CP 1586 0.165526626 0.399822208 0.0289635075 0 0 0
B@CP 1588 0.166013283 0.110712366 -0.00902358344 0 0 0
B@CP 1589 -0.0526218713 -0.150585382 0.281695425 0 0 0
B@CP 1596 -0.170248068 -0.239007864 0.0603963869 0 0 0
B@CP 1600 -0.165845887 0.367820016 -0.198751146 0 0 0
B@CP 1606 0.21970172 0.175645196 0.0893017571 0 0 0
B@CP 1609 -0.0887395494 -0.171498787 0.244240499 0 0 0
B@CP 1611 -0.249566268 0.112552647 -0.177747082 0 0 0
B@CP 1613 -0.151500322 0.404557954 0.076947431 0 0 0
B@CP 1625 0.0178199604 -0.105618222 0.412804107 0 0 0
B@CP 1630 -0.12237367 -0.35661461 0.0886752993 0 0 0
B@CP 1637 -0.00393816597 -0.350161334 0.116293406 0 0 0
B@CP 1638 0.214941444 0.0134123831 0.208990617 0 0 0
B@CP 1642 -0.391064501 0.00961506375 0.107106555 0 0 0
B@CP 1645 0.0658641604 -0.0782654047 0.286516341 0 0 0
B@CP 1649 -0.153659432 -0.223922201 0.276376398 0 0 0
B@CP 1655 0.161251681 0.0814379284 -0.201318875 0 0 0
B@CP 1656 -0.0471864209 -0.038268088 0.323047851 0 0 0
B@CP 1673 0.380390192 -0.0368585774 -0.0275585748 0 0 0
B@CP 1678 0.104919773 -0.229153683 0.101342435 0 0 0
B@CP 1679 0.0421619463 0.280098332 -0.0835358918 0 0 0
B@CP 1681 0.00902498246 -0.0127761319 0.105361359 0 0 0
B@CP 1686 0.39300346 0.0290016645 0.124824306 0 0 0
B@CP 1690 -0.023277812 0.324140668 -0.198519833 0 0 0
B@CP 1694 0.106494063 -0.380788449 -0.218729195 0 0 0
B@CP 1696 0.0864158145 0.271089977 -0.165521774 0 0 0
B@CP 1697 -0.170815712 0.281814214 -0.0529854835 0 0 0
B@CP 1701 0.0672757668 0.0791468487 0.0922823543 0 0 0
B@CP 1703 -0.224817975 0.235728936 -0.315970759 0 0 0
B@CP 1710 -0.230956434 -0.114718301 -0.0442439068 0 0 0
B@CP 1719 0.00202847653 0.223603861 0.0846520587 0 0 0
B@CP 1722 -0.37089082 0.0661682623 0.116986723 0 0 0
B@CP 1727 -0.112270498 0.153702891 -0.274924194 0 0 0
B@CP 1733 -0.256521253 0.0208763459 -0.0491490724 0 0 0
B@CP 1735 -0.0289771398 0.409738213 0.0936502057 0 0 0
B@CP 1736 -0.108051072 0.00026355357 0.412590412 0 0 0
B@CP 1739 0.193549053 -0.282557571 -0.0980548768 0 0 0
B@CP 1740 0.316241323 0.160413439 0.258365759 0 0 0
B@CP 1743 0.218048242 0.035213573 0.0416028947 0 0 0
B@CP 1745 0.0622966618 0.0994722384 -0.352381168 0 0 0
B@CP 1746 0.0301815728 -0.108369741 -0.285993547 0 0 0
B@CP 1747 -0.0164847049 0.310287553 0.0250601668 0 0 0
B@CP 1748 0.297467459 0.166488503 -0.224736291 0 0 0
B@CP 1751 -0.0370674395 -0.433366061 0.0512463653 0 0 0
B@CP 1752 -0.223718197 -0.156833782 0.367904361 0 0 0
B@CP 1755 -0.0795787197 -0.419795486 -0.0242532619 0 0 0
B@CP 1763 0.0582265179 0.149574583 -0.214245703 0 0 0
B@CP 1774 -0.0377715823 -0.24569542 -0.253492034 0 0 0
B@CP 1777 0.204973547 -0.0198783775 0.387730742 0 0 0
B@CP 1781 0.147254719 0.253114377 0.290079651 0 0 0
B@CP 1789 -0.167799574 0.0163057994 0.0588011096 0 0 0
B@CP 1790 -0.0745526262 0.228038035 0.183006104 0 0 0
B@CP 1793 -0.243234709 0.0689065021 -0.307054516 0 0 0
B@CP 1800 -0.0419428181 -0.402674082 -0.166929757 0 0 0
B@CP 1802 0.156000489 -0.334447229 0.0338182079 0 0 0
B@CP 1803 0.0556331125 0.271454352 -0.272489397 0 0 0
B@CP 1804 -0.133936018 0.197571204 0.145301347 0 0 0
B@CP 1807 -0.251889972 -0.266917413 -0.259280086 0 0 0
B@CP 1814 -0.0426599858 0.0284713673 0.466094573 0 0 0
B@CP 1815 -0.119564955 -0.107846795 -0.186302447 0 0 0
B@CP 1817 -0.330672874 0.187859822 0.173550877 0 0 0
B@CP 1819 -0.146319778 -0.0714256617 0.417747034 0 0 0
B@CP 1822 0.0119849138 0.230304196 0.2107177 0 0 0
B@CP 1823 0.268618337 0.351167479 -0.102198608 0 0 0
B@CP 1826 0.311097011 0.00544592554 -0.285566829 0 0 0
B@CP 1828 -0.0344422568 0.101040294 -0.00926429722 0 0 0
B@CP 1835 -0.310718409 0.232810977 0.18132276 0 0 0
B@CP 1836 -0.0144979257 0.267350838 0.176802546 0 0 0
B@CP 1838 -0.190357493 0.000488247571 0.0492555743 0 0 0
B@CP 1840 0.0329279504 -0.347108176 -0.171113103 0 0 0
B@CP 1842 -0.277851122 -0.23480657 -0.138424346 0 0 0
B@CP 1844 -0.206157766 -0.0730218828 0.26463737 0 0 0
B@CP 1847 -0.324967152 -0.0622692524 -0.328565124 0 0 0
B@CP 1848 0.22715948 0.229074628 0.321936889 0 0 0
B@CP 1851 0.0309827463 -0.119856557 0.0607471092 0 0 0
B@CP 1852 0.159372549 0.11513512 0.408195667 0 0 0
B@CP 1855 -0.0103512791 0.0553216997 -0.404219131 0 0 0
B@CP 1856 -0.120078738 0.151679028 0.367929278 0 0 0
B@CP 1858 0.075010704 0.308524259 -0.276082487 0 0 0
B@CP 1861 -0.165327523 -0.344701424 -0.197489291 0 0 0
B@CP 1862 -0.373754647 -0.108556686 0.00134083978 0 0 0
B@CP 1866 -0.0878113271 -0.179074657 0.370916152 0 0 0
B@CP 1870 -0.131375927 0.180538386 0.07077907 0 0 0
B@CP 1872 0.109338964 0.109800444 0.295120624 0 0 0
B@CP 1873 -0.202433528 0.17525894 0.20726988 0 0 0
B@CP 1877 0.0404787592 0.405632221 0.058940104 0 0 0
B@CP 1879 -0.132529312 0.432875504 0.092849256 0 0 0
B@CP 1880 0.0189908324 -0.415687158 -0.010600737 0 0 0
B@CP 1881 -0.180295041 0.0181430521 0.312028514 0 0 0
B@CP 1883 0.0423208521 -0.0444119948 0.280380858 0 0 0
B@CP 1887 -0.330958667 0.319411531 0.0325939755 0 0 0
B@CP 1890 -0.184259781 0.352299211 -0.227274485 0 0 0
B@CP 1891 -0.197923652 -0.222280239 -0.287886667 0 0 0
B@CP 1892 0.214213291 -0.333878099 -0.132818141 0 0 0
B@CP 1893 -0.0932964106 0.0136179335 0.268537499 0 0 0
B@CP 1899 0.260776534 0.216444489 -0.116186096 0 0 0
B@CP 1901 -0.250386401 -0.203475199 -0.0514642813 0 0 0
B@CP 1903 -0.0844437386 0.281189026 -0.316277689 0 0 0
B@CP 1906 0.275822153 -0.110603469 -0.149383032 0 0 0
B@CP 1909 -0.174581805 -0.0115474421 -0.22136695 0 0 0
B@CP 1910 -0.162404517 0.391419274 0.240506268 0 0 0
B@CP 1911 0.197301739 -0.390560258 0.0688961461 0 0 0
B@CP 1915 0.131091323 0.337932874 -0.0411980136 0 0 0
B@CP 1917 0.0284341948 -0.153583013 -0.148136518 0 0 0
B@CP 1920 -0.0572732807 0.261024739 0.231461343 0 0 0
B@CP 1921 0.139551978 0.19441245 -0.378099145 0 0 0
B@CP 1922 -0.027357241 0.306400109 -0.0179786127 0 0 0
B@CP 1925 0.074648249 -0.263196349 0.0657772031 0 0 0
B@CP 1935 0.361205432 -0.138834212 -0.238013813 0 0 0
B@CP 1937 0.00783357917 0.475489381 0.0410173636 0 0 0
B@CP 1939 -0.0820072347 0.00451839244 0.360796957 0 0 0
B@CP 1950 -0.253587684 0.0887390629 0.131374561 0 0 0
B@CP 1955 0.0766507125 0.383648279 -0.0791958429 0 0 0
B@CP 1958 -0.076060037 0.202527541 0.378395425 0 0 0
B@CP 1967 -0.116848542 0.39103595 0.14646473 0 0 0
B@CP 1970 -0.127729843 0.107228913 -0.144276423 0 0 0
B@CP 1974 0.389308597 -0.0873695102 -0.199381171 0 0 0
B@CP 1980 0.199136841 -0.0929128625 -0.313962679 0 0 0
B@CP 1993 -0.0908727555 0.323165707 0.0327212817 0 0 0
B@CP 1994 -0.132663931 0.332953509 0.23188601 0 0 0
B@CP 1996 0.11622517 -0.330537488 -0.236819502 0 0 0
B@CP 1999 -0.315474765 -0.0773594616 -0.206255894 0 0 0
B@CP 2002 -0.0920012832 0.0456319767 0.143202842 0 0 0
B@CP 2005 0.173488818 -0.397883461 0.135621593 0 0 0
B@CP 2013 0.129160704 -0.274326043 0.0651536026 0 0 0
B@CP 2019 0.186414932 -0.211148145 0.24266006 0 0 0
B@CP 2021 0.150867198 -0.170883137 -0.373439838 0 0 0
B@CP 2022 -0.0473407019 0.0550912879 -0.31238182 0 0 0
B@CP 2024 -0.112424459 -0.117933315 -0.00359173076 0 0 0
B@CP 2025 -0.143258215 0.368845868 -0.0655257816 0 0 0
B@CP 2026 0.292018772 0.089942229 0.0747539938 0 0 0
B@CP 2028 0.0839855841 0.29767645 0.186688616 0 0 0
B@CP 2029 0.0549233323 0.417486292 -0.0116765176 0 0 0
B@CP 2032 0.145295752 -0.288257535 -0.0968125849 0 0 0
B@CP 2033 -0.111673251 0.351728309 -0.0450709489 0 0 0
B@CP 2034 0.0560698837 -0.0729271616 0.330174644 0 0 0
B@CP 2036 -0.276047007 0.162004166 -0.187888893 0 0 0
B@CP 2037 -0.271965862 0.27157741 0.0720219853 0 0 0
B@CP 2040 0.300897137 -0.0476923236 -0.103845026 0 0 0
B@CP 2042 -0.029948786 0.429875188 0.127141946 0 0 0
B@CP 2043 0.0433626133 -0.0300186038 -0.0781392862 0 0 0
B@CP 2048 -0.0664038711 -0.0248718191 -0.159164909 0 0 0
B@CP 2050 0.297712064 -0.113604423 0.224457394 0 0 0
B@CP 2053 0.258888504 -0.0939384299 -0.220731756 0 0 0
B@CP 2057 0.190517666 -0.382876724 -0.0386902998 0 0 0
B@CP 2059 0.087395902 -0.201784649 0.0640015936 0 0 0
B@CP 2060 0.443182739 0.0972491018 0.0653852395 0 0 0
B@CP 2068 0.0680928866 -0.422538695 -0.110172912 0 0 0
B@CP 2076 -0.0634353247 0.217559247 0.306887867 0 0 0
B@CP 2077 -0.0691647589 0.245591132 -0.133517094 0 0 0
B@CP 2078 0.0609465333 0.0217120446 -0.174911226 0 0 0
B@CP 2079 0.118129227 0.0933987194 -0.25365175 0 0 0
B@CP 2081 -0.215641332 -0.185915404 -0.215854164 0 0 0
B@CP 2082 -0.222061964 -0.183283107 0.0191055513 0 0 0
B@CP 2083 -0.0788514603 0.216705647 0.363966207 0 0 0
B@CP 2086 -0.161566929 0.0181075278 0.300656816 0 0 0
B@CP 2087 -0.196224835 0.0306354849 0.0172215861 0 0 0
B@CP 2091 0.346659028 0.123298959 -0.155725093 0 0 0
B@CP 2095 -0.153230263 -0.313661505 0.0635630455 0 0 0
B@CP 2103 -0.395835289 -0.11638856 0.223923016 0 0 0
B@CP 2105 0.426736326 0.031322663 -0.0853977023 0 0 0
B@CP 2109 -0.0596918444 0.291648917 -0.297413378 0 0 0
B@CP 2110 0.37748707 0.105455242 -0.195153946 0 0 0
B@CP 2111 0.0734096397 -0.441182703 -0.012921768 0 0 0
B@CP 2113 -0.13074348 -0.219828138 -0.0620536801 0 0 0
B@CP 2114 -0.0740964179 0.240736149 0.11587688 0 0 0
B@CP 2115 0.0385695648 0.185993623 0.210316394 0 0 0
B@CP 2117 0.0262962117 0.395096454 0.00376952191 0 0 0
B@CP 2118 -0.288521067 -0.218219154 0.139443997 0 0 0
B@CP 2119 0.339656186 -0.00791833361 -0.0261990158 0 0 0
B@CP 2125 0.148801787 -0.0340525866 0.0341964021 0 0 0
B@CP 2127 -0.264530819 -0.0422574316 0.244170473 0 0 0
B@CP 2130 -0.201589415 -0.184920591 -0.17593845 0 0 0
B@CP 2131 -0.197761291 0.130303111 -0.264915781 0 0 0
B@CP 2133 0.194325429 -0.103211013 -0.248887024 0 0 0
B@CP 2134 -0.0448432212 -0.224989121 0.0961118807 0 0 0
B@CP 2136 -0.0664844149 0.325041354 0.136422879 0 0 0
B@CP 2141 -0.106575379 -0.194471504 0.103257038 0 0 0
B@CP 2144 -0.0770721294 -0.0721301207 -0.0360406369 0 0 0
B@CP 2145 -0.0149085372 -0.341414992 -0.167406755 0 0 0
B@CP 2149 0.175714848 0.0738101243 -0.192945344 0 0 0
B@CP 2154 0.364027947 -0.0894560294 0.0354786655 0 0 0
B@CP 2161 0.228250001 0.012413669 0.398062317 0 0 0
B@CP 2164 -0.274520802 -0.232664074 -0.13504694 0 0 0
B@CP 2166 -0.129390573 0.196618185 -0.354967519 0 0 0
B@CP 2168 -0.157557751 0.316574636 -0.228203699 0 0 0
B@CP 2169 0.148028629 0.335287113 0.284764324 0 0 0
B@CP 2175 0.000994732962 0.111197585 -0.149249793 0 0 0
B@CP 2177 -0.224429124 -0.11294774 0.27388599 0 0 0
B@CP 2182 -0.0686955593 0.187887309 0.133854435 0 0 0
B@CP 2186 0.17137229 0.101004173 -0.0719389182 0 0 0
B@CP 2188 0.106158606 -0.406322453 -0.132144985 0 0 0
B@CP 2203 -0.0941940613 0.0928961595 0.315413253 0 0 0
B@CP 2205 -0.309475831 0.227151783 0.0220011904 0 0 0
B@CP 2207 0.172933184 -0.362587769 0.225837985 0 0 0
B@CP 2208 0.0563891444 -0.0760475061 -0.359210854 0 0 0
B@CP 2213 -0.248196114 -0.0949702884 -0.12335441 0 0 0
B@CP 2215 0.00218494998 -0.158727902 0.00958387589 0 0 0
B@CP 2217 0.0908436051 -0.228808773 0.40619685 0 0 0
B@CP 2220 -0.00914652675 0.314064324 0.103415261 0 0 0
B@CP 2221 0.198626362 0.146309987 -0.385445197 0 0 0
B@CP 2222 -0.281384248 0.0200591144 -0.355100534 0 0 0
B@CP 2225 -0.315465266 -0.141454244 -0.211121443 0 0 0
B@CP 2226 0.0243587136 0.246473375 0.196763899 0 0 0
B@CP 2228 -0.0677389981 -0.0073502378 0.0286612484 0 0 0
B@CP 2230 0.033982857 -0.0754917891 -0.417519991 0 0 0
B@CP 2233 -0.243200293 -0.181567821 -0.118896027 0 0 0
B@CP 2234 0.0971198175 0.190583866 0.391303775 0 0 0
B@CP 2248 -0.0085004158 0.0690479359 -0.246152143 0 0 0
B@CP 2250 0.129341787 0.0796702181 0.030886788 0 0 0
B@CP 2251 -0.0204891351 0.205904226 -0.103442565 0 0 0
B@CP 2252 0.130253227 -0.173429625 -0.0150339127 0 0 0
B@CP 2254 0.00815755755 0.173964093 -0.277467109 0 0 0
B@CP 2255 0.354029883 0.296792951 -0.0882417336 0 0 0
B@CP 2256 -0.0334120006 -0.0572853604 -0.213737029 0 0 0
B@CP 2263 -0.218526897 -0.228267968 0.0660193879 0 0 0
B@CP 2267 0.335708423 0.28918964 0.0605727614 0 0 0
B@CP 2271 -0.106406666 0.162119753 -0.32855998 0 0 0
B@CP 2272 -0.0269425984 -0.0815725751 0.192683231 0 0 0
B@CP 2273 -0.24475592 0.0770600108 0.36557295 0 0 0
B@CP 2275 0.195201545 0.0488412777 -0.147975141 0 0 0
B@CP 2279 0.315672593 0.248009354 0.150243734 0 0 0
B@CP 2282 0.197988872 0.259721111 0.0641508017 0 0 0
B@CP 2284 0.17133276 -0.0808789508 -0.19482343 0 0 0
B@CP 2285 0.438859907 -0.0749417393 -0.020787377 0 0 0
B@CP 2293 -0.153976014 0.33687991 -0.190252088 0 0 0
B@CP 2299 0.430010776 -0.133837338 0.026217095 0 0 0
B@CP 2300 -0.266346223 -0.272787691 -0.158760229 0 0 0
B@CP 2301 0.416483907 -0.0908678642 0.14495993 0 0 0
B@CP 2303 0.120370356 -0.0144987463 -0.353658327 0 0 0
B@CP 2305 0.225045427 0.213549717 0.018949309 0 0 0
B@CP 2309 -0.0177309718 -0.0421932255 -0.0377515405 0 0 0
B@CP 2313 0.424111227 -0.00854447937 -0.119063011 0 0 0
B@CP 2315 -0.0367494507 -0.222843268 0.219813023 0 0 0
B@CP 2320 -0.0136058096 0.31760773 -0.270954098 0 0 0
B@CP 2325 -0.33078201 -0.0512859885 -0.117388074 0 0 0
B@CP 2329 0.404070013 0.156277335 -0.126437421 0 0 0
B@CP 2331 -0.342894962 -0.240383801 -0.204177496 0 0 0
B@CP 2332 -0.333214425 0.234387726 -0.0256385204 0 0 0
B@CP 2333 -0.0173320901 0.100147683 -0.107603053 0 0 0
B@CP 2335 0.088422097 -0.28468926 -0.032617039 0 0 0
B@CP 2336 0.0195429953 0.352974749 0.206632403 0 0 0
B@CP 2340 -0.0526031205 -0.292223517 -0.267191786 0 0 0
B@CP 2343 -0.118230995 0.185033864 0.390895016 0 0 0
B@CP 2346 0.0929204023 -0.219418427 -0.00930606866 0 0 0
B@CP 2348 0.241074172 -0.0793920748 -0.339985727 0 0 0
B@CP 2350 0.160145313 -0.0498236281 0.164571891 0 0 0
B@CP 2351 0.179105865 0.214387309 0.154326821 0 0 0
B@CP 2356 -0.376574546 0.149077623 -0.00906228736 0 0 0
B@CP 2357 -0.137902866 0.34863142 0.141181172 0 0 0
B@CP 2359 0.366610214 -0.0433798689 0.0675429263 0 0 0
B@CP 2363 0.071402459 0.39599735 0.171514259 0 0 0
B@CP 2365 -0.0822133805 -0.181105786 0.411431398 0 0 0
B@CP 2368 0.169931335 -0.313774566 0.101410258 0 0 0
B@CP 2369 -0.0694487327 -0.201734226 -0.224505057 0 0 0
B@CP 2370 0.29965814 0.260435137 -0.0854192991 0 0 0
B@CP 2372 -0.40184018 -0.123934494 -0.167652327 0 0 0
B@CP 2373 0.0572252318 -0.466392794 -0.0390260069 0 0 0
B@CP 2376 -0.1383264 0.0410559846 -0.283187902 0 0 0
B@CP 2381 0.0514642929 -0.179159037 -0.296966031 0 0 0
B@CP 2382 -0.106456089 -0.0782581239 0.193835481 0 0 0
B@CP 2383 0.165500186 0.323156641 -0.2232546 0 0 0
B@CP 2386 0.221197073 -0.361701469 0.0664830433 0 0 0
B@CP 2388 0.275571355 0.194859881 0.150955693 0 0 0
B@CP 2392 0.0360332056 -0.149573165 0.292535406 0 0 0
B@CP 2395 0.0906285044 0.0342487386 -0.310356535 0 0 0
B@CP 2397 -0.139925149 -0.115269954 -0.190327327 0 0 0
B@CP 2400 -0.085410526 -0.0995100533 0.0845923654 0 0 0
B@CP 2402 -0.215361613 -0.240272669 0.230875583 0 0 0
B@CP 2405 -0.209999388 0.277302776 -0.156623524 0 0 0
B@CP 2411 -0.362658631 0.080642238 -0.281427268 0 0 0
B@CP 2413 -0.121109381 0.313625586 0.0349928355 0 0 0
B@CP 2416 -0.0677999961 0.0818888421 0.345219548 0 0 0
B@CP 2421 0.226853427 -0.103705485 0.260484933 0 0 0
B@CP 2437 0.144970702 -0.164987393 -0.248449685 0 0 0
B@CP 2441 0.153224717 -0.0575761517 -0.217339438 0 0 0
B@CP 2456 0.101791148 -0.217660832 0.239799674 0 0 0
B@CP 2457 -0.137852041 0.330316737 -0.070946735 0 0 0
B@CP 2459 0.0417793016 -0.385285096 -0.102401837 0 0 0
B@CP 2460 0.402624012 0.0680075203 0.14954336 0 0 0
B@CP 2461 -0.280946791 -0.165367926 -0.00904525808 0 0 0
B@CP 2462 -0.423981324 0.0396859722 0.0533298799 0 0 0
B@CP 2467 -0.207454156 0.18944125 0.15784958 0 0 0
B@CP 2471 0.21460054 -0.106219644 0.315441931 0 0 0
B@CP 2475 -0.34475677 0.220545637 0.123838875 0 0 0
B@CP 2477 -0.13135804 -0.118818741 0.0487210423 0 0 0
B@CP 2481 -0.367842259 0.066182177 0.164179852 0 0 0
B@CP 2487 -0.141577033 0.112067365 0.17409733 0 0 0
B@CP 2492 0.210287294 0.131223268 -0.00550259312 0 0 0
C@CP 2500 0.116705463 0.134225281 0.0569198373 0 0 0
C@CP 2501 0.281238832 0.0883139965 -0.352838062 0 0 0
C@CP 2502 0.0578357333 0.113297821 -0.409332468 0 0 0
C@CP 2503 0.128991907 0.304947633 0.0256940564 0 0 0
C@CP 2504 0.189541534 0.0257384354 0.322008348 0 0 0
C@CP 2505 0.369385046 -0.058554268 -0.0674615537 0 0 0
C@CP 2506 -0.265572008 -0.0593636275 -0.255571085 0 0 0
C@CP 2507 -0.171146164 0.034337786 0.333100836 0 0 0
C@CP 2508 0.228401951 -0.328759382 -0.178812355 0 0 0
C@CP 2509 -0.405742405 0.0461843793 -0.0349286099 0 0 0
C@CP 2510 -0.111439534 -0.384495905 -0.261072567 0 0 0
C@CP 2511 -0.0550838719 0.227779968 -0.256625615 0 0 0
C@CP 2512 0.0367349251 0.105365909 -0.108268843 0 0 0
C@CP 2513 0.119204403 -0.259263986 0.35420762 0 0 0
C@CP 2514 -0.221742508 -0.0321694671 -0.230413693 0 0 0
C@CP 2515 -0.0166959721 0.150574173 0.362370637 0 0 0
C@CP 2516 0.0667864374 0.234851487 0.101420412 0 0 0
C@CP 2517 -0.263872678 -0.181027235 0.0763990565 0 0 0
C@CP 2518 0.0913299154 -0.13125766 0.371331796 0 0 0
C@CP 2519 0.00319289288 0.337724924 -0.104856086 0 0 0
C@CP 2520 0.35290765 -0.251928929 0.0406518436 0 0 0
C@CP 2521 0.233842569 0.390789009 0.0290727592 0 0 0
C@CP 2522 -0.00898377636 0.113564792 0.224557859 0 0 0
C@CP 2523 0.221982948 -0.381377451 -0.0316192287 0 0 0
C@CP 2524 -0.152085414 -0.0109289204 0.262881021 0 0 0
C@CP 2525 -0.265917812 0.26523498 -0.263053056 0 0 0
C@CP 2526 0.324834062 -0.233124961 0.17447794 0 0 0
C@CP 2527 0.21357774 0.0409722732 0.0533626825 0 0 0
C@CP 2528 -0.0668119766 0.0969948389 -2.40273859e-05 0 0 0
C@CP 2529 -0.0188246376 -0.235512523 0.316199927 0 0 0
C@CP 2530 -0.34904655 0.265970012 0.182611303 0 0 0
C@CP 2531 -0.177203523 0.245383066 -0.144394518 0 0 0
C@CP 2532 0.242255009 0.163246259 0.271370016 0 0 0
C@CP 2533 0.0153165888 0.164775792 0.103065767 0 0 0
C@CP 2534 -0.118387696 -0.299599584 -0.10013269 0 0 0
C@CP 2535 0.120732069 0.209024792 -0.260603128 0 0 0
C@CP 2536 -0.0756372998 0.43818556 0.142208461 0 0 0
C@CP 2537 0.107371208 0.0714570994 0.106942426 0 0 0
C@CP 2538 -0.334174886 0.02290844 -0.0105942116 0 0 0
C@CP 2539 0.265791091 0.132531938 0.0724439427 0 0 0
C@CP 2540 0.0175364831 0.339394613 0.172963307 0 0 0
C@CP 2541 0.167198208 -0.383440062 -0.0459676135 0 0 0
C@CP 2542 0.289406541 0.0262928633 0.181358117 0 0 0
C@CP 2543 0.361844703 0.179067827 -0.142058989 0 0 0
C@CP 2544 -0.370816412 -0.0109604282 -0.0880429989 0 0 0
C@CP 2545 -0.183106478 0.0619667436 -0.406755381 0 0 0
C@CP 2546 -0.147453578 -0.264120206 -0.0341293672 0 0 0
C@CP 2547 0.21103832 0.00256544173 -0.347865539 0 0 0
C@CP 2548 0.142253014 0.307702931 -0.266003677 0 0 0
C@CP 2549 -0.189444276 -0.137208915 -0.364555591 0 0 0
C@CP 2550 -0.0978637491 0.379990735 -0.183167982 0 0 0
C@CP 2551 0.302000976 -0.0255383428 0.272607873 0 0 0
C@CP 2552 -0.0331703018 -0.277273546 0.144572433 0 0 0
C@CP 2553 0.216466435 -0.219363956 0.286856128 0 0 0
C@CP 2554 -0.0424606792 -0.0795212397 0.332848073 0 0 0
C@CP 2555 0.0738833277 0.353753965 -0.275023959 0 0 0
C@CP 2556 0.0654178355 0.13531516 -0.424747136 0 0 0
C@CP 2557 -0.15429663 -0.353888776 -0.235395612 0 0 0
C@CP 2558 -0.134029349 0.244456964 0.138568838 0 0 0
C@CP 2559 -0.033605497 0.108655219 0.399437243 0 0 0
C@CP 2560 -0.00654895681 0.273191675 0.0877941243 0 0 0
C@CP 2561 -0.33002824 -0.0416035074 0.0351519843 0 0 0
C@CP 2562 -0.141782123 -0.263711144 0.261742265 0 0 0
C@CP 2563 0.306761133 0.204169324 0.273969403 0 0 0
C@CP 2564 0.134425185 -0.220154042 -0.258288043 0 0 0
C@CP 2565 -0.219343302 0.308704034 0.254144966 0 0 0
C@CP 2566 0.123574552 -0.358980883 0.124438306 0 0 0
C@CP 2567 -0.244040439 0.181536514 -0.0756990714 0 0 0
C@CP 2568 0.307725798 0.13690045 0.0372635945 0 0 0
C@CP 2569 -0.238279072 -0.27842162 -0.133640929 0 0 0
C@CP 2570 0.104232937 0.404623544 -0.183987507 0 0 0
C@CP 2571 0.137308596 0.41703854 0.0184082687 0 0 0
C@CP 2572 0.229588957 -0.310454922 0.208947429 0 0 0
C@CP 2573 0.333697704 0.127524913 0.122192239 0 0 0
C@CP 2574 -0.173507998 -0.277737111 -0.247596985 0 0 0
C@CP 2575 0.123396593 0.330342335 -0.209672631 0 0 0
C@CP 2576 -0.371634116 -0.18123066 0.034556756 0 0 0
C@CP 2577 -0.0133162369 0.0961379415 0.404798697 0 0 0
C@CP 2578 0.0682386825 -0.2876787 -0.00730032704 0 0 0
C@CP 2579 -0.0174789994 -0.261202682 0.360457593 0 0 0
C@CP 2580 0.340687698 0.225927838 0.193783815 0 0 0
C@CP 2581 -0.0607746656 0.16051906 0.350191146 0 0 0
C@CP 2582 -0.0309361259 -0.143736028 0.238582694 0 0 0
C@CP 2583 -0.142130293 -0.168961515 -0.40989808 0 0 0
C@CP 2584 0.0731215345 0.0291235331 0.125480292 0 0 0
C@CP 2585 0.203073945 -0.133902197 0.160293087 0 0 0
C@CP 2586 -0.11497434 0.275952415 -0.198836813 0 0 0
C@CP 2587 0.387537727 -0.25803249 -0.079845357 0 0 0
C@CP 2588 -0.101428334 -0.0893685343 -0.405008371 0 0 0
C@CP 2589 0.0699141069 -0.147687321 -0.179971477 0 0 0
C@CP 2590 -0.153238394 -0.00277836736 0.3790994 0 0 0
C@CP 2591 -0.120124574 -0.421929045 -0.0669130387 0 0 0
C@CP 2592 -0.0834195712 0.331338356 -0.139156107 0 0 0
C@CP 2593 -0.131960373 -0.03133156 -0.012233054 0 0 0
C@CP 2594 -0.101884786 0.026052529 -0.392200725 0 0 0
C@CP 2595 -0.0911703678 0.0928158924 -0.0680775351 0 0 0
C@CP 2596 -0.200537795 0.221869004 -0.16499633 0 0 0
C@CP 2597 0.0156201377 0.264366658 -0.0781381839 0 0 0
C@CP 2598 -0.1313849 -0.253662214 0.353264276 0 0 0
C@CP 2599 0.0200559964 -0.0604774015 0.0659125645 0 0 0
C@CP 2600 0.234530301 -0.138682708 -0.295394024 0 0 0
C@CP 2601 0.0136979159 0.0120587774 -0.465539038 0 0 0
C@CP 2602 -0.0596502519 0.0985341515 0.347696534 0 0 0
C@CP 2603 -0.124074366 0.221239723 0.329967688 0 0 0
C@CP 2604 -0.22423172 -0.16444203 0.118004254 0 0 0
C@CP 2605 -0.106135918 0.0036429964 -0.0673975747 0 0 0
C@CP 2606 -0.049170633 -0.0660640296 0.178884258 0 0 0
C@CP 2607 0.13684121 -0.27745343 0.0613655586 0 0 0
C@CP 2608 -0.184551328 0.0483964138 0.242635188 0 0 0
C@CP 2609 0.106756113 0.148176946 -0.0906109163 0 0 0
C@CP 2610 0.0463981389 -0.117824273 -0.0085011867 0 0 0
C@CP 2611 -0.0257259775 -0.389619848 0.0809391976 0 0 0
C@CP 2612 0.186511614 -0.233866965 -0.0208301369 0 0 0
C@CP 2613 0.340806667 -0.215596012 0.176754003 0 0 0
C@CP 2614 -0.222456809 -0.0354110585 -0.387965362 0 0 0
C@CP 2615 0.33123611 0.189098545 -0.136092413 0 0 0
C@CP 2616 0.224550058 -0.343536675 -0.139062613 0 0 0
C@CP 2617 -0.0485953157 -0.068222829 -0.0108787197 0 0 0
C@CP 2618 -0.0924910722 -0.251797551 -0.123086627 0 0 0
C@CP 2619 -0.223210001 0.249111384 -0.0627061256 0 0 0
C@CP 2620 -0.364736356 -0.22212346 0.155685009 0 0 0
C@CP 2621 -0.0458467496 0.371331048 -0.182187721 0 0 0
C@CP 2622 0.310034042 -0.109825263 0.00400553853 0 0 0
C@CP 2623 0.0436426994 0.0364383028 -0.38269889 0 0 0
C@CP 2624 -0.280065515 -0.239317693 0.120091497 0 0 0
C@CP 2625 0.243909977 0.178439843 0.0415511637 0 0 0
C@CP 2626 -0.0452231964 -0.267720034 -0.203401833 0 0 0
C@CP 2627 0.190981134 -0.160623028 0.199228291 0 0 0
C@CP 2628 0.095413604 0.216880993 -0.1594941 0 0 0
C@CP 2629 0.206352928 0.217281529 -0.0731902101 0 0 0
C@CP 2630 -0.0105033237 -0.357126712 0.243143821 0 0 0
C@CP 2631 0.0540720032 0.411989066 0.145367351 0 0 0
C@CP 2632 -0.321924521 -0.063907029 -0.106895034 0 0 0
C@CP 2633 0.338569026 -0.135232124 0.172222318 0 0 0
C@CP 2634 -0.0930160555 -0.22487253 0.172566679 0 0 0
C@CP 2635 -0.314315808 0.0468520758 0.0845129682 0 0 0
C@CP 2636 0.0285897641 0.0874783478 0.078351368 0 0 0
C@CP 2637 0.1071345 0.28248051 -0.326633558 0 0 0
C@CP 2638 0.27421687 -0.104538246 0.31354898 0 0 0
C@CP 2639 -0.353008169 0.232078673 -0.0115053849 0 0 0
C@CP 2640 0.196047075 -0.184223757 0.054311418 0 0 0
C@CP 2641 -0.387669951 -0.0758420383 -0.120876272 0 0 0
C@CP 2642 -0.0713628584 0.259610742 -0.353429197 0 0 0
C@CP 2643 -0.172444587 -0.0409607258 -0.292324585 0 0 0
C@CP 2644 0.208330913 -0.23710389 0.187698237 0 0 0
C@CP 2645 0.327977031 0.267672142 -0.147032161 0 0 0
C@CP 2646 -0.239062397 -0.171606106 -0.0574177261 0 0 0
C@CP 2647 -0.145992828 0.188025845 0.0254647648 0 0 0
C@CP 2648 0.0159246415 0.0453341131 0.117022763 0 0 0
C@CP 2649 0.198730761 -0.216101442 0.0866618799 0 0 0
C@CP 2650 -0.271615429 -0.266693847 -0.0691494462 0 0 0
C@CP 2651 -0.3187902 0.0663824668 -0.0686550116 0 0 0
C@CP 2652 0.0433982554 -0.406888579 0.164940847 0 0 0
C@CP 2653 0.0797743236 0.104648658 -0.0592004719 0 0 0
C@CP 2654 -0.370441697 -0.211038795 -0.0799308993 0 0 0
C@CP 2655 0.0512578957 -0.00122760131 -0.221616877 0 0 0
C@CP 2656 0.166649895 -0.210559557 -0.134089247 0 0 0
C@CP 2657 0.223887458 -0.175427642 -0.0515489205 0 0 0
C@CP 2658 -0.1691448 -0.106097203 0.144556457 0 0 0
C@CP 2659 0.294755255 -0.170467892 -0.0125234466 0 0 0
C@CP 2660 -0.0839778024 -0.421219119 0.0406493826 0 0 0
C@CP 2662 0.0236168444 0.38356614 -0.233772136 0 0 0
C@CP 2663 0.0491325706 -0.271388858 -0.252333154 0 0 0
C@CP 2664 0.330473569 0.121685933 0.282744606 0 0 0
C@CP 2665 -0.273107401 -0.0654775801 0.0477815494 0 0 0
C@CP 2666 0.184458034 0.0932704265 0.143736139 0 0 0
C@CP 2667 -0.386343084 0.0594482818 -0.259950742 0 0 0
C@CP 2668 0.0551395295 0.0945486887 -0.166443731 0 0 0
C@CP 2669 0.426757061 -0.0129298579 0.14309179 0 0 0
C@CP 2670 -0.136169908 -0.303891842 -0.226720336 0 0 0
C@CP 2671 0.0733782517 -0.303460882 -0.299900461 0 0 0
C@CP 2672 -0.392289297 -0.0641414587 0.0856629118 0 0 0
C@CP 2673 0.317245552 -0.224524381 0.249820168 0 0 0
C@CP 2674 0.122307947 -0.0117737159 -0.00160154651 0 0 0
C@CP 2675 0.288119975 0.0623423786 0.294844607 0 0 0
C@CP 2676 -0.161337494 0.03939154 0.149014221 0 0 0
C@CP 2677 0.359113345 0.0125179851 -0.195156476 0 0 0
C@CP 2678 -0.00512334446 0.0456125379 0.366809912 0 0 0
C@CP 2679 -0.00784029642 0.0617534979 -0.00368044082 0 0 0
C@CP 2680 0.152964813 -0.36333445 0.0906906592 0 0 0
C@CP 2681 -0.303304784 0.0268210737 0.34333745 0 0 0
C@CP 2682 0.291538186 -0.0309048608 -0.280625085 0 0 0
C@CP 2683 0.100865132 0.0465248307 0.406087779 0 0 0
C@CP 2684 -0.188873924 0.214725905 0.141962142 0 0 0
C@CP 2685 0.0201927906 -0.395845335 -0.125974975 0 0 0
C@CP 2686 -0.0728775892 -0.210641341 0.321624887 0 0 0
C@CP 2687 -0.0434705686 0.119948524 0.393349903 0 0 0
C@CP 2688 -0.246634729 0.307023544 -0.220793837 0 0 0
C@CP 2689 -0.429728397 0.0646036506 0.180097063 0 0 0
C@CP 2690 0.27666996 -0.233685459 0.0306545958 0 0 0
C@CP 2691 0.0739951713 0.177922968 -0.220896556 0 0 0
C@CP 2692 -0.151184038 -0.355182476 0.138843378 0 0 0
C@CP 2693 0.1685375 -0.0689009088 -0.288452967 0 0 0
C@CP 2694 -0.157738706 0.00147618577 -0.410131605 0 0 0
C@CP 2695 -0.304281562 0.0724261593 0.141457521 0 0 0
C@CP 2696 -0.000747295232 -0.0362654041 -0.270198229 0 0 0
C@CP 2697 -0.224927305 -0.11148447 0.360429094 0 0 0
C@CP 2698 -0.340160563 -0.281041045 0.0798981453 0 0 0
C@CP 2699 -0.0887262548 -0.0202498223 -0.308768965 0 0 0
C@CP 2700 0.0117878724 -0.209185593 0.0519036698 0 0 0
C@CP 2701 -0.0703880453 -0.199717332 -0.153384326 0 0 0
C@CP 2702 0.302029131 -0.09558771 0.0308308303 0 0 0
C@CP 2703 -0.261611176 -0.0329463965 0.196385093 0 0 0
C@CP 2704 -0.378586451 0.152416183 0.0468518597 0 0 0
C@CP 2705 0.309254969 -0.111495399 0.317301475 0 0 0
C@CP 2706 0.141230651 -0.0579450041 -0.251957482 0 0 0
C@CP 2707 0.378573422 0.252814231 -0.0961805938 0 0 0
C@CP 2708 0.232572949 0.341547612 0.192241852 0 0 0
C@CP 2709 -0.00358477209 0.164834072 0.0306245765 0 0 0
C@CP 2710 -0.193926778 0.0647153646 -0.184997392 0 0 0
C@CP 2711 0.269284634 0.0738261288 -0.377551747 0 0 0
C@CP 2712 -0.18546836 0.138914529 0.210695701 0 0 0
C@CP 2713 -0.0757888048 0.0375166745 -0.464596058 0 0 0
C@CP 2714 0.223936616 -0.356522295 -0.170557276 0 0 0
C@CP 2715 -0.137320478 0.286874354 -0.117137081 0 0 0
C@CP 2716 -0.0123573453 -0.259415568 0.258306722 0 0 0
C@CP 2717 0.00197598167 -0.259147912 0.379425956 0 0 0
C@CP 2718 0.278105978 0.0451265993 -0.227770446 0 0 0
C@CP 2719 -0.153694801 -0.137725017 -0.255388602 0 0 0
C@CP 2720 -0.00582671521 0.363850718 0.184030921 0 0 0
C@CP 2721 0.0849492259 -0.252035329 -0.108548008 0 0 0
C@CP 2722 0.078122669 -0.291585386 -0.0056881312 0 0 0
C@CP 2723 -0.234078435 0.126701625 -0.0810458549 0 0 0
C@CP 2724 0.00874429867 -0.32565509 0.171498715 0 0 0
C@CP 2725 -0.0293531073 0.44981803 0.0885689498 0 0 0
C@CP 2726 0.0130339378 0.119491747 0.338589535 0 0 0
C@CP 2727 0.246812251 0.16793334 0.0772998637 0 0 0
C@CP 2728 0.334655743 0.243473192 -0.188825523 0 0 0
C@CP 2729 -0.289726228 -0.316056507 -0.146771707 0 0 0
C@CP 2730 -0.124294701 0.0452474609 0.292551897 0 0 0
C@CP 2731 -0.227516661 0.175596724 0.153425808 0 0 0
C@CP 2732 0.119846173 -0.00268465292 -0.0663329369 0 0 0
C@CP 2733 0.00292956194 0.267986854 0.231165616 0 0 0
C@CP 2734 0.0664593403 0.00578892318 0.130033145 0 0 0
C@CP 2735 0.0549667584 -0.130042899 -0.140116566 0 0 0
C@CP 2736 -0.300939136 -0.120450822 0.253589289 0 0 0
C@CP 2737 0.258805806 -0.262187982 0.0294234805 0 0 0
C@CP 2738 0.0825103362 -0.0268330149 0.0147917574 0 0 0
C@CP 2739 -0.189697931 -0.300887805 0.291796033 0 0 0
C@CP 2740 0.0075997162 0.36530479 0.0905384095 0 0 0
C@CP 2741 0.195525394 0.0324914078 -0.328981424 0 0 0
C@CP 2742 0.117898739 -0.0367069869 0.362199488 0 0 0
C@CP 2743 0.0777321901 -0.287128292 -0.266136125 0 0 0
C@CP 2744 -0.232345489 0.0192737669 0.183750537 0 0 0
C@CP 2745 -0.362188781 0.0742752722 0.266154752 0 0 0
C@CP 2746 0.457667493 -0.0283167748 0.087404055 0 0 0
C@CP 2747 0.240341206 -0.172368458 0.235836197 0 0 0
C@CP 2748 -0.0984691752 -0.106654024 0.0220438813 0 0 0
C@CP 2749 0.0186546365 -0.385682776 0.0962139021 0 0 0
C@CP 2750 0.187696228 -0.109481897 0.267032011 0 0 0
C@CP 2751 -0.283555619 0.0961639256 -0.0359971057 0 0 0
C@CP 2752 -0.10298105 -0.331546808 -0.110698308 0 0 0
C@CP 2753 0.411298498 -0.198996373 -0.0233209401 0 0 0
C@CP 2754 0.258745478 -0.222645344 -0.0785581378 0 0 0
C@CP 2755 0.098814176 0.359346028 -0.0954189226 0 0 0
C@CP 2756 -0.264986705 0.0563806349 -0.307963101 0 0 0
C@CP 2757 -0.21652303 -0.0312895286 0.190302967 0 0 0
C@CP 2758 -0.0798072677 -0.185855806 0.403317794 0 0 0
C@CP 2759 -0.148818876 0.162092306 -0.200354205 0 0 0
C@CP 2760 -0.071291156 -0.230057866 0.23432127 0 0 0
C@CP 2761 0.0301704212 0.212888508 0.265502945 0 0 0
C@CP 2762 0.252207331 -0.129235918 -0.161866708 0 0 0
C@CP 2763 0.226199631 0.150022264 -0.225300137 0 0 0
C@CP 2764 0.156990189 -0.254294305 -0.0811760487 0 0 0
C@CP 2765 -0.0337511343 0.204364627 -0.315376369 0 0 0
C@CP 2766 0.0695680323 -0.285098189 0.00953062837 0 0 0
C@CP 2767 0.439478196 -0.020702546 0.0595073 0 0 0
C@CP 2768 -0.258460883 -0.204509303 -0.204894757 0 0 0
C@CP 2769 0.209876144 -0.12279449 0.269407237 0 0 0
C@CP 2770 0.142128639 -0.245298841 0.178177485 0 0 0
C@CP 2771 0.143195601 0.207298781 -0.100874441 0 0 0
C@CP 2772 -0.398116266 0.0108205137 -0.176736721 0 0 0
C@CP 2773 -0.0235400356 -0.158656679 0.155653059 0 0 0
C@CP 2774 0.304676788 -0.00813136288 0.289044382 0 0 0
C@CP 2775 0.176679559 -0.429753737 -0.0236750939 0 0 0
C@CP 2776 -0.224712059 0.039695665 -0.356740423 0 0 0
C@CP 2777 -0.337269222 0.17054633 0.0284837651 0 0 0
C@CP 2778 0.0350810955 -0.00695035347 -0.345360694 0 0 0
C@CP 2779 -0.0192587219 -0.146449315 0.445058529 0 0 0
C@CP 2780 0.335506317 0.23828127 0.0854630217 0 0 0
C@CP 2781 0.0656024192 0.176549242 0.352340721 0 0 0
C@CP 2782 -0.094395457 0.0602598327 -0.328669092 0 0 0
C@CP 2783 0.231162836 -0.308898384 0.0785023466 0 0 0
C@CP 2784 -0.0646327547 0.236109632 -0.351265927 0 0 0
C@CP 2785 0.0466717524 0.0730605721 0.393113822 0 0 0
C@CP 2786 -0.302434243 0.188007227 -0.0175485395 0 0 0
C@CP 2787 0.0907535023 -0.165476858 -0.135785005 0 0 0
C@CP 2788 0.205245786 0.127389677 0.21016289 0 0 0
C@CP 2789 0.247131496 0.373255044 0.0654270843 0 0 0
C@CP 2790 -0.450250923 -0.0840571314 0.0166897187 0 0 0
C@CP 2791 0.000938742467 -0.367177873 -0.0720839957 0 0 0
C@CP 2792 0.118787852 -0.257529124 0.0598201019 0 0 0
C@CP 2793 0.300464717 0.187475625 0.0368986665 0 0 0
C@CP 2794 0.00554678673 0.22109643 0.422072721 0 0 0
C@CP 2795 0.0419331226 0.0444723285 -0.318895249 0 0 0
C@CP 2796 -0.215432993 -0.108867057 -0.0893149169 0 0 0
C@CP 2797 -0.152888008 0.0795826872 -0.225449325 0 0 0
C@CP 2798 0.133912023 -0.159062186 -0.412483891 0 0 0
C@CP 2799 -0.219461582 -0.172752114 -0.0579458397 0 0 0
C@CP 2800 -0.327089976 -0.00377070623 -0.291950443 0 0 0
C@CP 2801 -0.154120947 0.405775894 -0.0153617149 0 0 0
C@CP 2802 -0.123889025 0.170581966 -0.353108704 0 0 0
C@CP 2803 -0.21515559 -0.150537085 -0.221018949 0 0 0
C@CP 2804 0.144387643 0.23035705 -0.200906627 0 0 0
C@CP 2805 -0.280096124 0.344983523 0.108894121 0 0 0
C@CP 2806 -0.393240518 0.0034218237 -0.216762362 0 0 0
C@CP 2807 0.0201142466 0.112290396 -0.453817597 0 0 0
C@CP 2808 -0.243484132 0.0281991889 0.341060966 0 0 0
C@CP 2809 -0.28838786 -0.195772658 -0.249719851 0 0 0
C@CP 2810 0.0952480162 0.100051029 0.263418738 0 0 0
C@CP 2811 -0.167180116 0.0641660188 -0.217648297 0 0 0
C@CP 2812 -0.376981133 0.218179747 0.157617685 0 0 0
C@CP 2813 0.0253140301 -0.290419817 0.379886338 0 0 0
C@CP 2814 -0.323403258 -0.12902713 -0.268155304 0 0 0
C@CP 2815 -0.062448916 -0.326533958 -0.261512837 0 0 0
C@CP 2816 0.118153031 0.12352097 -0.397386031 0 0 0
C@CP 2817 0.338675057 -0.000609405041 0.252223262 0 0 0
C@CP 2818 -0.243267131 0.122187366 -0.105828156 0 0 0
C@CP 2819 -0.304609664 -0.0878414363 0.091394696 0 0 0
C@CP 2820 0.0231722551 0.306917783 -0.0243240246 0 0 0
C@CP 2821 -0.137939065 0.0851150782 0.249991966 0 0 0
C@CP 2822 -0.0371485019 -0.140817634 0.389086973 0 0 0
C@CP 2823 0.19826731 0.241608851 0.240941073 0 0 0
C@CP 2824 0.246042146 -0.0163684062 -0.221852683 0 0 0
C@CP 2825 0.316239701 -0.0102642724 -0.00295957299 0 0 0
C@CP 2826 0.32788732 -0.184583581 0.115860325 0 0 0
C@CP 2827 0.0135196814 0.458288432 -0.0542020676 0 0 0
C@CP 2828 -0.217174761 -0.342558232 -0.0240269477 0 0 0
C@CP 2829 -0.00463792718 -0.154670058 0.269941771 0 0 0
C@CP 2830 -0.350211892 -0.217050248 0.165618516 0 0 0
C@CP 2831 0.0166255539 0.217063029 -0.2885578 0 0 0
C@CP 2832 -0.23116344 -0.390552545 0.0417308718 0 0 0
C@CP 2833 0.307028164 -0.186040236 0.215181416 0 0 0
C@CP 2834 -0.21924413 0.124027432 0.239053245 0 0 0
C@CP 2835 0.308258358 -0.0867652878 0.045993411 0 0 0
C@CP 2836 -0.427419392 0.1366993 0.0319533245 0 0 0
C@CP 2837 0.0201699603 0.0389775175 -0.187549536 0 0 0
C@CP 2838 -0.322253931 -0.0206465182 0.1491837 0 0 0
C@CP 2839 0.166145876 -0.281338993 -0.186245557 0 0 0
C@CP 2840 -0.0289312022 0.164871967 -0.428883624 0 0 0
C@CP 2841 0.353250123 0.176088364 0.135247725 0 0 0
C@CP 2842 0.312173147 0.0720566505 -0.116784617 0 0 0
C@CP 2843 -0.140012655 -0.162958379 0.195746525 0 0 0
C@CP 2844 -0.300612652 -0.0037730934 0.196117382 0 0 0
C@CP 2845 0.1306211 0.0746693818 0.254616996 0 0 0
C@CP 2846 0.16444108 -0.0110052464 0.0376996445 0 0 0
C@CP 2847 0.00483036667 0.0332516547 -0.078424279 0 0 0
C@CP 2848 0.194924468 0.276599372 0.031395554 0 0 0
C@CP 2849 0.00886062825 -0.175724355 0.327863052 0 0 0
C@CP 2850 0.168985475 -0.242308934 0.0762431486 0 0 0
C@CP 2851 0.0441893016 0.316488934 -0.0820456258 0 0 0
C@CP 2852 -0.107334159 -0.0785243954 -0.119954612 0 0 0
C@CP 2853 0.366822795 -0.186063264 -0.0889483848 0 0 0
C@CP 2854 0.0485541245 0.112334016 -0.192564824 0 0 0
C@CP 2855 -0.127911149 0.36387281 0.153185712 0 0 0
C@CP 2856 -0.18975039 -0.269004834 -0.193390057 0 0 0
C@CP 2857 0.318166569 0.28655345 0.0329852577 0 0 0
C@CP 2858 -0.134379008 0.295433754 -0.00295650528 0 0 0
C@CP 2859 -0.3108512 0.176665074 -0.0518687229 0 0 0
C@CP 2860 0.0691759699 -0.0339287027 0.245790317 0 0 0
C@CP 2861 -0.168792668 0.318649567 0.119845824 0 0 0
C@CP 2862 -0.431260813 0.0604652629 0.146169156 0 0 0
C@CP 2863 -0.226803188 -0.390411173 -0.0861528739 0 0 0
C@CP 2864 -0.070119318 -0.130438262 -0.293028851 0 0 0
C@CP 2865 0.355131077 0.106085931 -0.194304138 0 0 0
C@CP 2866 -0.191704115 -0.0373294383 -0.138081559 0 0 0
C@CP 2867 -0.0367888764 0.302504934 -0.226118625 0 0 0
C@CP 2868 -0.381168797 0.0232498251 0.0405032462 0 0 0
C@CP 2869 -0.379469137 -0.154839808 -0.213414749 0 0 0
C@CP 2870 0.387980398 0.211210563 0.130176805 0 0 0
C@CP 2871 -0.253359296 0.0593582059 -0.256245305 0 0 0
C@CP 2872 -0.0622055018 0.175031997 -0.370850776 0 0 0
C@CP 2873 0.288533368 0.0606212661 0.0881229999 0 0 0
C@CP 2874 -0.284875046 0.290094262 -0.134884631 0 0 0
C@CP 2875 -0.0657439891 -0.204240568 -0.0615707362 0 0 0
C@CP 2876 0.388386008 -0.242022963 -0.0116197663 0 0 0
C@CP 2877 0.0295231922 -0.00436676819 0.437886685 0 0 0
C@CP 2878 0.353032753 -0.103321495 0.135959694 0 0 0
C@CP 2879 0.336651841 -0.151810777 0.141950526 0 0 0
C@CP 2880 -0.0989177838 -0.296675487 -0.255312105 0 0 0
C@CP 2881 0.22143774 0.0834262582 -0.235865936 0 0 0
C@CP 2882 -0.0552637779 0.214580266 -0.405180893 0 0 0
C@CP 2883 0.248981118 -0.299249663 0.0444834407 0 0 0
C@CP 2884 0.279274656 0.00464263618 0.129248505 0 0 0
C@CP 2885 -0.0718651956 0.184788775 0.390750681 0 0 0
C@CP 2886 -0.171616068 0.187446194 0.179841871 0 0 0
C@CP 2887 0.197054072 -0.307466212 0.0115181305 0 0 0
C@CP 2888 -0.127487247 0.375199793 0.0543597663 0 0 0
C@CP 2889 0.128930986 0.00352208184 0.0799708963 0 0 0
C@CP 2890 0.344772111 0.0644239767 -0.0114073906 0 0 0
C@CP 2891 -0.18191417 0.17865202 -0.179163604 0 0 0
C@CP 2892 0.246173661 0.239479175 -0.0913863928 0 0 0
C@CP 2893 0.226055389 0.189688978 0.328200437 0 0 0
C@CP 2894 0.157378551 0.231058006 0.208288586 0 0 0
C@CP 2895 0.143556591 0.117990019 -0.380431084 0 0 0
C@CP 2896 0.174404749 0.162137051 0.00730357732 0 0 0
C@CP 2897 -0.134276197 -0.0745416201 -0.212953179 0 0 0
C@CP 2898 -0.188163609 -0.109476258 0.0187700288 0 0 0
C@CP 2899 0.204588261 -0.0627937871 -0.321603309 0 0 0
C@CP 2900 -0.193042238 0.164435034 0.262034334 0 0 0
C@CP 2901 0.0455961784 -0.170510152 -0.267889375 0 0 0
C@CP 2902 0.376905331 -0.00486735569 -0.289451432 0 0 0
C@CP 2903 0.25319439 0.130964834 0.0299309623 0 0 0
C@CP 2904 0.169490718 0.229677856 -0.0231260675 0 0 0
C@CP 2905 0.126767588 0.376957227 -0.168973532 0 0 0
C@CP 2906 -0.34653089 0.0897324023 -0.050446689 0 0 0
C@CP 2907 0.0021637634 -0.326449112 0.119832662 0 0 0
C@CP 2908 0.0515310039 -0.175496254 -0.189684583 0 0 0
C@CP 2909 0.0433151644 -0.319578796 -0.0366085982 0 0 0
C@CP 2910 0.0625085572 0.219434679 -0.396084166 0 0 0
C@CP 2911 -0.0664796225 -0.401586421 0.216322126 0 0 0
C@CP 2912 -0.0251455921 -0.200529541 0.0152112155 0 0 0
C@CP 2913 -0.0203905036 -0.300546595 0.156787939 0 0 0
C@CP 2914 -0.116989343 0.0213874612 -0.233783045 0 0 0
C@CP 2915 0.178524566 0.156333354 -0.31274552 0 0 0
C@CP 2916 -0.241018893 0.317512335 0.165940005 0 0 0
C@CP 2917 0.274378284 -0.204524546 0.258986276 0 0 0
C@CP 2918 0.206149916 0.207785156 -0.228624884 0 0 0
C@CP 2919 0.212349114 -0.047917606 0.0554232827 0 0 0
C@CP 2920 0.405125762 -0.0708022812 -0.0840870373 0 0 0
C@CP 2921 0.163873711 0.330138805 -0.150704721 0 0 0
C@CP 2922 -0.358209107 0.158561847 0.199970099 0 0 0
C@CP 2923 0.175839487 -0.15153354 -0.360828333 0 0 0
C@CP 2924 0.113511223 -0.149509613 -0.260293602 0 0 0
C@CP 2925 -0.213677575 -0.377442762 -0.17394755 0 0 0
C@CP 2926 0.0144014934 -0.415315576 0.0211034867 0 0 0
C@CP 2927 -0.176275512 0.0908043866 -0.316877357 0 0 0
C@CP 2928 -0.1417687 -0.0190142776 0.362435918 0 0 0
C@CP 2929 -0.328290362 0.136921548 0.238698255 0 0 0
C@CP 2930 -0.113027845 0.274034974 0.274807709 0 0 0
C@CP 2931 0.0151137746 0.260797302 -0.0868800223 0 0 0
C@CP 2932 0.147751584 -0.112210959 0.36662802 0 0 0
C@CP 2933 0.100872508 -0.0435780921 -0.0171877219 0 0 0
C@CP 2934 0.00330942361 -0.318600404 0.086766874 0 0 0
C@CP 2935 -0.175715375 0.187590553 -0.281123783 0 0 0
C@CP 2936 -0.402203854 -0.0602553104 -0.103048233 0 0 0
C@CP 2937 -0.325516272 0.053147936 -0.150957447 0 0 0
C@CP 2938 -0.0789623216 -0.199358981 -0.0120160292 0 0 0
C@CP 2939 -0.143835589 0.15132687 -0.149962243 0 0 0
C@CP 2940 -0.345998903 -0.267629566 -0.171347373 0 0 0
C@CP 2941 0.0971180038 -0.0746837298 -0.450806024 0 0 0
C@CP 2942 -0.255791268 0.0176630849 -0.213629024 0 0 0
C@CP 2943 -0.0144770302 0.194428687 0.255912438 0 0 0
C@CP 2944 0.107871492 0.191181511 0.199070329 0 0 0
C@CP 2945 -0.130159894 0.380711936 0.109225419 0 0 0
C@CP 2946 -0.0157644539 -0.309141687 0.214515984 0 0 0
C@CP 2947 0.201930382 0.182307807 0.264500746 0 0 0
C@CP 2948 -0.13965326 0.223896393 0.034640526 0 0 0
C@CP 2949 0.0113927414 0.386301006 0.239499334 0 0 0
C@CP 2950 0.259708969 -0.0121388306 -0.196324826 0 0 0
C@CP 2951 -0.0496477341 0.348689064 0.0584006867 0 0 0
C@CP 2952 0.0837665495 -0.145500031 0.237024285 0 0 0
C@CP 2953 -0.260737799 0.23111788 -0.100832144 0 0 0
C@CP 2954 0.183962398 0.384589098 -0.0870008147 0 0 0
C@CP 2955 0.108913783 0.108075098 0.302287149 0 0 0
C@CP 2956 0.352507982 -0.22742329 0.10560276 0 0 0
C@CP 2957 -0.425727794 -0.149842122 -0.0370943905 0 0 0
C@CP 2958 -0.019398619 0.0363996674 0.465513753 0 0 0
C@CP 2959 -0.325384642 -0.21798688 -0.0752776932 0 0 0
C@CP 2960 -0.0348440309 0.206693669 -0.285396854 0 0 0
C@CP 2961 -0.265754962 -0.134259583 -0.197668642 0 0 0
C@CP 2962 0.198198418 0.0912018134 0.24987555 0 0 0
C@CP 2963 -0.0722206945 0.0288043255 -0.406069785 0 0 0
C@CP 2964 0.0621957927 -0.251761232 0.169135122 0 0 0
C@CP 2965 0.0112973619 0.401296479 0.139788928 0 0 0
C@CP 2966 0.278615 -0.261007583 -0.0937922218 0 0 0
C@CP 2967 0.124724072 0.209522779 -0.358803114 0 0 0
C@CP 2968 0.333552199 -0.075265486 -0.144345138 0 0 0
C@CP 2969 -0.160757101 0.17668107 0.207942555 0 0 0
C@CP 2970 0.278434736 0.119761647 0.150115495 0 0 0
C@CP 2971 -0.209611914 -0.147159459 0.179621392 0 0 0
C@CP 2972 0.190940313 -0.043571028 -0.32944354 0 0 0
C@CP 2973 0.0270064919 0.171088068 -0.34695127 0 0 0
C@CP 2974 0.0772222958 0.322141509 0.00830431091 0 0 0
C@CP 2975 -0.282464668 0.0609640469 -0.293661893 0 0 0
C@CP 2976 0.344814184 0.0545779135 0.036129424 0 0 0
C@CP 2977 0.134240567 0.301224057 0.0567467545 0 0 0
C@CP 2978 0.272725967 0.0964716479 0.128360135 0 0 0
C@CP 2979 0.0102983547 0.0681778324 0.0199446443 0 0 0
C@CP 2980 0.0284300265 0.0570755546 0.00153889996 0 0 0
C@CP 2981 -0.0355604707 0.382532881 0.235679722 0 0 0
C@CP 2982 -0.19500054 -0.0499573411 -0.009570194 0 0 0
C@CP 2983 -0.223737446 0.232607665 0.0541342681 0 0 0
C@CP 2984 0.0633432729 -0.175726967 -0.308454289 0 0 0
C@CP 2985 -0.35253983 -0.0189746553 -0.218326362 0 0 0
C@CP 2986 0.225505913 0.0586358747 -0.282930603 0 0 0
C@CP 2987 0.240855588 0.0784479343 0.281778566 0 0 0
C@CP 2988 -0.24729103 -0.0524971711 0.222156409 0 0 0
C@CP 2989 0.05433269 -0.174401495 -0.181712101 0 0 0
C@CP 2990 -0.196807793 -0.186201863 -0.173342753 0 0 0
C@CP 2991 -0.177135626 -0.275991081 -0.179271806 0 0 0
C@CP 2992 -0.390383395 -0.148582931 0.0318190124 0 0 0
C@CP 2993 -0.00224214306 0.134838616 0.451060814 0 0 0
C@CP 2994 0.107943416 -0.380227359 0.0529413443 0 0 0
C@CP 2995 -0.314569196 -0.304922001 -0.163374539 0 0 0
C@CP 2996 -0.186637026 0.0161980658 0.380577569 0 0 0
C@CP 2997 0.122867762 0.397097322 0.0645355571 0 0 0
C@CP 2998 0.0211358861 0.224732529 0.366908114 0 0 0
C@CP 2999 0.436764714 0.0249324089 0.0487987926 0 0 0
C@CP 3000 -0.0556009635 0.0138027913 -0.26662 0 0 0
C@CP 3001 0.139940259 0.0417867085 0.331946554 0 0 0
C@CP 3002 0.279464484 -0.0571262256 -0.313719592 0 0 0
C@CP 3003 0.309389393 0.25171457 0.0670692962 0 0 0
C@CP 3004 -0.0877069521 0.312453615 -0.31723949 0 0 0
C@CP 3005 0.0346320847 0.0226304204 -0.474741884 0 0 0
C@CP 3006 -0.0527397246 -0.342712311 -0.223179918 0 0 0
C@CP 3007 0.0974363681 0.337328704 0.21362263 0 0 0
C@CP 3008 0.230033722 0.00140489686 -0.235074908 0 0 0
C@CP 3009 0.319222977 0.0205812453 0.104226573 0 0 0
C@CP 3010 -0.398967055 0.138394116 -0.155253953 0 0 0
C@CP 3011 0.239670532 -0.242396377 -0.172426313 0 0 0
C@CP 3012 0.0688833065 -0.0271994205 -0.230095981 0 0 0
C@CP 3013 -0.10923253 -0.236524382 -0.329209419 0 0 0
C@CP 3014 -0.234811891 -0.038006091 -0.151054927 0 0 0
C@CP 3015 0.173042915 0.0576616373 -0.0863822337 0 0 0
C@CP 3016 0.0929269942 0.0323792685 0.437002755 0 0 0
C@CP 3017 -0.26584665 -0.085112118 -0.287348946 0 0 0
C@CP 3018 0.0303035405 -0.237411403 0.109353578 0 0 0
C@CP 3019 -0.225623217 -0.365534017 -0.100285749 0 0 0
C@CP 3020 -0.0952281195 0.39791153 -0.0190226993 0 0 0
C@CP 3021 0.11096207 0.310279546 0.127535145 0 0 0
C@CP 3022 0.0155352758 0.204739087 -0.361706714 0 0 0
C@CP 3023 0.127050431 0.214437916 0.0500058555 0 0 0
C@CP 3024 -0.286105747 -0.235208969 0.106106826 0 0 0
C@CP 3025 -0.120019716 -0.406704171 -0.107718456 0 0 0
C@CP 3026 -0.0296233781 -0.221053077 -0.0240255711 0 0 0
C@CP 3027 0.346716935 0.0577838648 -0.00215622535 0 0 0
C@CP 3028 0.45401362 -0.0371175931 -0.0119981115 0 0 0
C@CP 3029 0.422973292 0.0347266351 0.0763248183 0 0 0
C@CP 3030 0.275572301 -0.174139788 0.279436873 0 0 0
C@CP 3031 -0.159365081 0.00388865335 0.0491496401 0 0 0
C@CP 3032 -0.324615595 -0.265521883 0.00246936608 0 0 0
C@CP 3033 -0.114630123 0.362246949 0.232636714 0 0 0
C@CP 3034 -0.384032221 0.146388613 0.159952072 0 0 0
C@CP 3035 0.0504889645 -0.0610481014 -0.218022633 0 0 0
C@CP 3036 0.0356085147 -0.33478133 -0.199671627 0 0 0
C@CP 3037 0.0994529785 -0.106284766 0.130816989 0 0 0
C@CP 3038 -0.0184593254 0.134280206 0.0994694308 0 0 0
C@CP 3039 0.159777233 -0.378462541 -0.0126259074 0 0 0
C@CP 3040 0.282737349 -0.0439281308 -0.0801856254 0 0 0
C@CP 3041 0.108241226 -0.28958503 0.194360578 0 0 0
C@CP 3042 0.049416458 -0.0533303898 -0.300848985 0 0 0
C@CP 3043 -0.0688073636 0.181091587 -0.224690639 0 0 0
C@CP 3044 0.124125539 -0.0601907656 0.181615083 0 0 0
C@CP 3045 0.0823781351 0.367013837 0.159408632 0 0 0
C@CP 3046 0.391902254 -0.230357402 0.142295461 0 0 0
C@CP 3047 -0.428439043 0.0726954525 -0.119208892 0 0 0
C@CP 3048 0.138995117 -0.051797025 0.30073885 0 0 0
C@CP 3049 -0.0460491014 0.329410343 -0.276757249 0 0 0
C@CP 3050 0.0280991142 -0.0882580216 0.205624472 0 0 0
C@CP 3051 0.133678305 0.252598434 0.254683918 0 0 0
C@CP 3052 0.318604575 0.125898493 0.093287139 0 0 0
C@CP 3053 0.344944028 0.000484158199 -0.132602956 0 0 0
C@CP 3054 0.234542359 -0.0265416724 0.302117986 0 0 0
C@CP 3055 0.0633978209 -0.0892377436 -0.0289159349 0 0 0
C@CP 3056 -0.0318684066 0.275076448 -0.30906233 0 0 0
C@CP 3057 -0.127493984 0.129232774 0.184082859 0 0 0
C@CP 3058 -0.0919250736 -0.00588695226 0.058752548 0 0 0
C@CP 3059 0.251157309 0.0395154701 -0.210335501 0 0 0
C@CP 3060 -0.0463378773 -0.123931792 -0.0687329383 0 0 0
C@CP 3061 0.014635579 -0.288047181 0.0581031192 0 0 0
C@CP 3062 0.116122438 -0.180288191 0.339934835 0 0 0
C@CP 3063 0.336024228 -0.251237062 0.194961709 0 0 0
C@CP 3064 0.266633182 -0.196910512 -0.0940194105 0 0 0
C@CP 3065 -0.378206455 -0.0311699218 0.0246260378 0 0 0
C@CP 3066 0.267644824 0.143227558 -0.0523998257 0 0 0
C@CP 3067 -0.276276294 -0.00675495361 -0.107673387 0 0 0
C@CP 3068 0.402365678 -0.156875737 0.0283442903 0 0 0
C@CP 3069 0.263807719 0.208954276 -0.241362198 0 0 0
C@CP 3070 -0.0382927235 -0.0347595516 -0.44616932 0 0 0
C@CP 3071 -0.366396681 -0.133757153 -0.0338761329 0 0 0
C@CP 3072 0.0131458984 -0.140647089 -0.261076277 0 0 0
C@CP 3073 0.134922284 0.0474466009 0.263609989 0 0 0
C@CP 3074 0.348445347 0.04656447 -0.279738232 0 0 0
C@CP 3075 -0.24211779 0.128202709 -0.0129493815 0 0 0
C@CP 3076 0.0286749645 0.23809733 0.128306883 0 0 0
C@CP 3077 -0.278925723 0.216908277 0.133087635 0 0 0
C@CP 3079 0.090493902 0.0986131303 0.438305939 0 0 0
C@CP 3080 0.0579855519 0.318089767 -0.145654761 0 0 0
C@CP 3081 -0.121297683 -0.0912677622 0.139828427 0 0 0
C@CP 3082 -0.0885618753 0.071057234 -0.421932301 0 0 0
C@CP 3083 0.170399773 0.247209514 0.00887132102 0 0 0
C@CP 3084 -0.258399483 -0.185114118 0.267014492 0 0 0
C@CP 3085 0.193538275 -0.289814657 -0.282655017 0 0 0
C@CP 3086 0.153654239 -0.0148228354 0.306732159 0 0 0
C@CP 3087 0.454808952 -0.0564899467 -0.0664330745 0 0 0
C@CP 3088 -0.0171119397 -0.200268863 0.141882629 0 0 0
C@CP 3089 0.136510568 -0.114297697 -0.345647852 0 0 0
C@CP 3090 -0.202218053 0.371661373 0.0555136798 0 0 0
C@CP 3091 0.0714163516 -0.117036727 -0.362557566 0 0 0
C@CP 3092 0.320810739 0.0504126995 -0.168515142 0 0 0
C@CP 3093 0.320246296 -0.166699043 -0.211111651 0 0 0
C@CP 3094 0.247991379 -0.0821969208 -0.297369657 0 0 0
C@CP 3095 -0.383976189 0.183826839 0.181377478 0 0 0
C@CP 3096 -0.330609539 -0.215932255 -0.19639992 0 0 0
C@CP 3097 0.219548634 -0.0291751863 0.0919126034 0 0 0
C@CP 3098 -0.00693206112 0.0168260221 0.300952656 0 0 0
C@CP 3099 0.187561975 0.204728895 -0.267173528 0 0 0
C@CP 3100 -0.176390356 0.293372157 -0.131790577 0 0 0
C@CP 3101 -0.0929086393 0.321642186 0.247481356 0 0 0
C@CP 3102 -0.0312718318 -0.0282593792 0.131466643 0 0 0
C@CP 3103 0.283793033 -0.184012499 0.288864069 0 0 0
C@CP 3104 -0.214664945 -0.00357533778 0.0875059603 0 0 0
C@CP 3105 -0.379766118 -0.245131568 -0.170752541 0 0 0
C@CP 3106 -0.110141538 0.200732298 0.316857938 0 0 0
C@CP 3107 0.375484307 -0.0396756493 -0.118396562 0 0 0
C@CP 3108 0.0628962813 0.230012837 -0.119186564 0 0 0
C@CP 3109 -0.100265831 -0.320937437 0.313721145 0 0 0
C@CP 3110 -0.0760844485 0.447758921 0.0549445521 0 0 0
C@CP 3111 0.0659782034 0.264925983 -0.248665528 0 0 0
C@CP 3112 -0.0820196249 -0.0819074115 0.394357766 0 0 0
C@CP 3113 0.0776487901 -0.110335906 0.398162008 0 0 0
C@CP 3114 0.0629892975 0.211359196 0.311333833 0 0 0
C@CP 3115 0.127091544 0.123236676 -0.312526455 0 0 0
C@CP 3116 0.0076714431 -0.0969572834 0.340219034 0 0 0
C@CP 3117 -0.0127341421 -0.19334576 0.128247654 0 0 0
C@CP 3118 0.401079303 -0.00903037001 -0.201344622 0 0 0
C@CP 3119 -0.142588152 -0.226226649 -0.264917759 0 0 0
C@CP 3120 0.2071393 -0.316312352 -0.0345390036 0 0 0
C@CP 3121 0.252824238 0.119136555 0.0560516983 0 0 0
C@CP 3122 -0.0627111393 0.044496852 0.146087841 0 0 0
C@CP 3123 -0.281650604 -0.188653085 0.269153339 0 0 0
C@CP 3124 0.0052869844 -0.202415258 -0.322923676 0 0 0
C@CP 3125 -0.127681154 -0.0780559202 0.0316852831 0 0 0
C@CP 3126 -0.0690031699 0.0408714037 -0.0565408733 0 0 0
C@CP 3127 -0.0847027669 -0.298147744 0.144164498 0 0 0
C@CP 3128 0.359805813 0.246922516 -0.096972093 0 0 0
C@CP 3129 0.21620467 0.353886055 0.202323803 0 0 0
C@CP 3130 0.00375423421 -0.0502047246 -0.222039562 0 0 0
C@CP 3131 -0.131351973 0.355956534 -0.0452054436 0 0 0
C@CP 3132 0.326057258 0.00330006835 0.047427465 0 0 0
C@CP 3133 -0.367941542 -0.225878106 0.0928040833 0 0 0
C@CP 3134 -0.00628089653 -0.0298893213 -0.327692486 0 0 0
C@CP 3135 0.176233258 0.150899224 0.0405178162 0 0 0
C@CP 3136 0.146412858 -0.188350349 -0.126164571 0 0 0
C@CP 3137 0.0494439377 -0.244856118 0.230077234 0 0 0
C@CP 3138 -0.439781968 -0.00600016517 -0.0066572225 0 0 0
C@CP 3139 0.31600635 0.126826988 0.137633272 0 0 0
C@CP 3140 0.340119131 0.0275005367 -0.00136329837 0 0 0
C@CP 3141 -0.00274234285 0.143377509 0.0675786182 0 0 0
C@CP 3142 0.207558847 -0.212172116 0.264153395 0 0 0
C@CP 3143 0.236775449 0.207851902 -0.172787557 0 0 0
C@CP 3144 0.189712109 0.384343311 -0.0382453526 0 0 0
C@CP 3145 -0.147080945 -0.201571043 0.178806147 0 0 0
C@CP 3146 -0.294605586 -0.162001181 0.105826674 0 0 0
C@CP 3147 0.0733587758 0.117848125 -0.00755415534 0 0 0
C@CP 3148 -0.0759242895 -0.304693282 0.161847642 0 0 0
C@CP 3149 -0.0641530205 -0.307917281 0.332013245 0 0 0
C@CP 3150 -0.0255543607 0.0469993822 0.00689616515 0 0 0
C@CP 3151 0.15091833 0.29091856 -0.239310214 0 0 0
C@CP 3152 0.25457945 -0.162791386 -0.172535824 0 0 0
C@CP 3153 -0.085330771 0.202089719 -0.40070397 0 0 0
C@CP 3154 0.441516588 0.0333709413 -0.0615788282 0 0 0
C@CP 3155 -0.270342667 -0.345637578 -0.105767595 0 0 0
C@CP 3156 0.393866667 0.13041278 0.16500958 0 0 0
C@CP 3157 0.0112407213 -0.0386386824 0.439285319 0 0 0
C@CP 3158 -0.083406575 0.211234292 -0.193670661 0 0 0
C@CP 3159 0.10276795 0.090222534 -0.159626642 0 0 0
C@CP 3160 0.232772542 0.0371506754 -0.00282899599 0 0 0
C@CP 3161 -0.199122028 -0.0536039997 -0.0558595408 0 0 0
C@CP 3162 0.298052885 -0.033340515 0.263642416 0 0 0
C@CP 3163 0.327027594 -0.246147609 0.0397615999 0 0 0
C@CP 3164 -0.168439991 -0.305722856 -0.052711117 0 0 0
C@CP 3165 0.324898828 0.0905277037 -0.0886587591 0 0 0
C@CP 3166 -0.10011731 0.281811712 -0.201859703 0 0 0
C@CP 3167 -0.0441142722 -0.124623826 -0.410054369 0 0 0
C@CP 3168 -0.147908625 0.149429012 -0.25729261 0 0 0
C@CP 3169 0.17049905 0.124507516 -0.266455878 0 0 0
C@CP 3170 -0.2963607 0.146551002 0.0698797868 0 0 0
C@CP 3171 0.103935707 0.139451824 -0.103100949 0 0 0
C@CP 3172 -0.0859991626 0.213296251 0.378278656 0 0 0
C@CP 3173 0.282235412 -0.0854454254 -0.282651356 0 0 0
C@CP 3174 -0.0616334385 -0.288610605 -0.369164617 0 0 0
C@CP 3175 0.237151047 0.107598164 -0.400601868 0 0 0
C@CP 3176 0.081186535 -0.421781062 0.0429634571 0 0 0
C@CP 3177 -0.198685876 -0.131971945 -0.354761866 0 0 0
C@CP 3178 0.21052876 -0.1667549 0.0919738339 0 0 0
C@CP 3179 -0.19082673 0.278481655 0.22360759 0 0 0
C@CP 3180 0.21580762 -0.0264981672 0.409135161 0 0 0
C@CP 3181 0.00449242383 0.317273363 0.0358276372 0 0 0
C@CP 3182 -0.261481346 -0.348666807 0.16248659 0 0 0
C@CP 3183 -0.143507231 0.0737474184 0.139406793 0 0 0
C@CP 3184 0.100261668 0.127482481 0.112534795 0 0 0
C@CP 3185 0.25327344 -0.165417082 -0.35517981 0 0 0
C@CP 3186 -0.229585047 0.228565537 0.28143148 0 0 0
C@CP 3187 -0.231970332 -0.16237703 -0.0375076975 0 0 0
C@CP 3188 0.307931628 -0.0899164304 -0.190755698 0 0 0
C@CP 3189 0.123452471 -0.173278852 -0.0986125264 0 0 0
C@CP 3190 0.046558992 -0.0169699764 -0.382455919 0 0 0
C@CP 3191 0.296530674 0.042187211 -0.0893467564 0 0 0
C@CP 3192 -0.221503387 -0.313420575 -0.0842698476 0 0 0
C@CP 3193 0.147376306 -0.0456547278 0.419237795 0 0 0
C@CP 3194 0.0941488348 -0.436189469 0.115582684 0 0 0
C@CP 3195 -0.166899167 -0.362796942 0.115323577 0 0 0
C@CP 3196 -0.177910051 -0.235404664 0.344974821 0 0 0
C@CP 3197 -0.000830537105 -0.158332614 0.241442184 0 0 0
C@CP 3198 -0.0181236044 0.262660414 -0.141874721 0 0 0
C@CP 3199 -0.121547146 -0.0996242004 -0.389736218 0 0 0
C@CP 3200 0.147063044 0.0247320211 0.0417416251 0 0 0
C@CP 3201 -0.16183842 -0.148358725 0.357868035 0 0 0
C@CP 3203 -0.0883986962 0.101761988 -0.198904087 0 0 0
C@CP 3204 -0.00262325142 0.340274584 -0.17465113 0 0 0
C@CP 3205 -0.140656833 -0.320654561 -0.0588665063 0 0 0
C@CP 3206 -0.250315615 -0.0657529772 0.00447816439 0 0 0
C@CP 3207 -0.311551084 -0.0279592344 0.0754141646 0 0 0
C@CP 3208 -0.368501569 0.14555176 0.103524452 0 0 0
C@CP 3209 -0.0715624329 0.35802458 0.136743793 0 0 0
C@CP 3210 0.142553895 -0.144118553 0.18685132 0 0 0
C@CP 3211 -0.00500686815 -0.277102426 -0.153823565 0 0 0
C@CP 3212 0.134857605 -0.158035609 -0.188876407 0 0 0
C@CP 3213 0.221708437 0.0410769955 -0.244345375 0 0 0
C@CP 3214 0.439031484 -0.109518209 -0.077379096 0 0 0
C@CP 3215 -0.117689253 0.0581110392 0.0980180996 0 0 0
C@CP 3216 0.245379539 -0.284127566 -0.24633542 0 0 0
C@CP 3217 0.0243067433 -0.102560117 0.229717792 0 0 0
C@CP 3218 -0.0178649252 -0.421189162 0.0517962822 0 0 0
C@CP 3219 -0.277483282 0.135958635 0.15830643 0 0 0
C@CP 3220 0.0269447532 -0.391219887 0.167045447 0 0 0
C@CP 3221 -0.333317564 -0.104094292 -0.0555062733 0 0 0
C@CP 3222 0.233477722 -0.201136381 0.335410504 0 0 0
C@CP 3223 -0.414718512 0.116871306 0.0677301646 0 0 0
C@CP 3224 -0.0501984667 0.308799784 0.175130849 0 0 0
C@CP 3225 0.0710504162 0.0720954982 -0.160626567 0 0 0
C@CP 3226 -0.473161839 0.00329435234 0.0293851644 0 0 0
C@CP 3227 -0.227325546 -0.138422632 0.316709454 0 0 0
C@CP 3228 0.0634258789 0.263046082 0.359072918 0 0 0
C@CP 3229 -0.27646839 -0.22141123 -0.267213355 0 0 0
C@CP 3230 -0.00741246769 0.154078859 0.316587535 0 0 0
C@CP 3231 -0.297260919 0.0732440438 -0.223209499 0 0 0
C@CP 3232 0.217348446 0.303723547 0.23684736 0 0 0
C@CP 3233 -0.0695908346 0.125821207 0.400381622 0 0 0
C@CP 3234 -0.141096174 0.115179825 -0.0442664876 0 0 0
C@CP 3235 0.0265073405 -0.361941415 -0.0382683617 0 0 0
C@CP 3236 0.214473433 0.361317088 -0.00112709117 0 0 0
C@CP 3237 -0.280776741 0.159952087 0.0385640622 0 0 0
C@CP 3238 -0.207291718 -0.0524268312 -0.155871481 0 0 0
C@CP 3239 -0.214128428 -0.209091838 -0.161243447 0 0 0
C@CP 3240 0.0064795824 0.415091162 0.0912240284 0 0 0
C@CP 3241 0.278477723 0.0503848149 -0.0823050887 0 0 0
C@CP 3242 -0.203558066 -0.33168791 0.0484197192 0 0 0
C@CP 3243 0.278149106 0.0483827507 -0.231557274 0 0 0
C@CP 3244 -0.103545189 -0.286422944 -0.0682246508 0 0 0
C@CP 3245 0.0211913596 0.377262407 0.0754976272 0 0 0
C@CP 3246 -0.372208632 0.0667238121 -0.261534196 0 0 0
C@CP 3247 0.0790877143 -0.135299648 0.255501663 0 0 0
C@CP 3248 0.155188267 0.184830505 -0.243963866 0 0 0
C@CP 3249 -0.195518224 0.358962187 -0.00998586809 0 0 0
C@CP 3250 -0.213388176 -0.0630571978 -0.295008875 0 0 0
C@CP 3251 0.0967306663 0.0899179365 0.422695636 0 0 0
C@CP 3252 0.153935387 -0.318671186 -0.0316084756 0 0 0
C@CP 3253 -0.0536700342 -0.0778997833 0.375576108 0 0 0
C@CP 3254 -0.316647655 0.295288855 0.139482341 0 0 0
C@CP 3255 -0.0358629329 0.347692693 -0.232018533 0 0 0
C@CP 3256 0.109931045 0.204133177 -0.281392555 0 0 0
C@CP 3257 -0.315247446 0.0327355889 0.0443008215 0 0 0
C@CP 3258 0.297498483 -0.209031471 -0.275206991 0 0 0
C@CP 3259 -0.282270218 0.364038993 -0.0191436744 0 0 0
C@CP 3260 -0.0448370659 -0.191008018 0.226418607 0 0 0
C@CP 3261 -0.244481642 0.151188777 -0.24473113 0 0 0
C@CP 3262 -0.128474156 0.342485711 -0.0059946599 0 0 0
C@CP 3263 -0.337639527 -0.0920626573 -0.168719533 0 0 0
C@CP 3264 0.214557612 0.243445147 -0.20546125 0 0 0
C@CP 3265 0.0837691321 0.274051332 -0.0530276727 0 0 0
C@CP 3266 -0.216502108 0.145128653 -0.129476336 0 0 0
C@CP 3267 -0.31364795 -0.0363157428 -0.253229976 0 0 0
C@CP 3268 0.388597769 0.183433653 0.180845193 0 0 0
C@CP 3269 0.0255028819 0.339846223 -0.320368691 0 0 0
C@CP 3270 0.412064948 -0.163240035 0.114059847 0 0 0
C@CP 3271 -0.00399935485 0.295397186 -0.0742970011 0 0 0
C@CP 3272 -0.0425112092 0.0125499556 0.267798141 0 0 0
C@CP 3273 0.0133106232 0.176599264 -0.0771663546 0 0 0
C@CP 3274 -0.357506208 -0.179604999 -0.149983016 0 0 0
C@CP 3275 0.364646151 -0.116664037 -0.00742732537 0 0 0
C@CP 3277 -0.206421983 -0.0978260778 0.113112914 0 0 0
C@CP 3278 -0.268909722 0.0615695763 -0.054686133 0 0 0
C@CP 3279 0.0365266295 -0.363295334 0.037933827 0 0 0
C@CP 3280 -0.293450696 0.234858273 -0.154964168 0 0 0
C@CP 3281 0.0840987741 0.121350469 0.00248248137 0 0 0
C@CP 3282 0.30609753 0.193231072 0.234916602 0 0 0
C@CP 3283 -0.35227789 -0.29375637 -0.127396538 0 0 0
C@CP 3284 -0.1847364 0.19078333 0.337393567 0 0 0
C@CP 3285 -0.0339270069 0.348380532 -0.00826848909 0 0 0
C@CP 3286 0.109866421 -0.0309277513 -0.256562481 0 0 0
C@CP 3287 0.310852479 -0.117151185 0.306427594 0 0 0
C@CP 3288 -0.402595525 0.133394848 -0.0559662491 0 0 0
C@CP 3289 -0.131141091 -0.299852909 -0.168829559 0 0 0
C@CP 3290 0.236604301 -0.235868443 0.0848513807 0 0 0
C@CP 3291 0.0994927396 -0.0878789203 0.29767735 0 0 0
C@CP 3292 0.0568032297 -0.355909195 0.01503067 0 0 0
C@CP 3293 -0.263454975 0.323106229 -0.143322494 0 0 0
C@CP 3295 0.205685152 -0.15056617 0.117089088 0 0 0
C@CP 3296 -0.140388889 -0.398175723 -0.0839711409 0 0 0
C@CP 3297 -0.344137151 0.0772863842 0.0825535939 0 0 0
C@CP 3298 -0.134888045 -0.264602891 0.113961285 0 0 0
C@CP 3299 -0.13299474 0.0055196775 0.0735872492 0 0 0
C@CP 3300 0.156843196 -0.0845733023 0.424753939 0 0 0
C@CP 3301 -0.0605546467 -0.297341137 0.295370011 0 0 0
C@CP 3302 0.368243982 -0.117862316 0.218424898 0 0 0
C@CP 3303 0.173030847 -0.253376664 0.290249579 0 0 0
C@CP 3304 0.0556075862 0.254093027 -0.16330416 0 0 0
C@CP 3305 -0.055701852 0.34765082 0.226490825 0 0 0
C@CP 3306 -0.165514809 0.303169551 -0.198107109 0 0 0
C@CP 3307 0.340088574 -0.134494284 0.182077352 0 0 0
C@CP 3308 0.0620478647 -0.120577347 0.101632402 0 0 0
C@CP 3309 -0.13301173 0.240391802 0.134157824 0 0 0
C@CP 3310 0.00898810256 -0.135259134 0.195168475 0 0 0
C@CP 3311 0.0900553036 -0.17880074 0.293844794 0 0 0
C@CP 3312 0.0602512104 -0.200018157 0.406299325 0 0 0
C@CP 3313 0.322006858 0.231225361 -0.0769819858 0 0 0
C@CP 3314 0.0521066385 0.00684545142 -0.0901233409 0 0 0
C@CP 3315 -0.0807406784 -0.202127078 -0.164701201 0 0 0
C@CP 3316 -0.407980757 -0.0952318093 -0.0973013137 0 0 0
C@CP 3317 0.359491334 0.181602952 0.213769351 0 0 0
C@CP 3318 -0.269617662 0.12616957 0.215777962 0 0 0
C@CP 3319 -0.117026775 0.0274256786 0.0348349907 0 0 0
C@CP 3320 -0.316195928 -0.201020748 0.0832920648 0 0 0
C@CP 3321 -0.0583603948 0.2319715 0.11105897 0 0 0
C@CP 3322 -0.362815026 -0.0982848626 0.00679114302 0 0 0
C@CP 3323 0.23318256 -0.157327744 0.0990071152 0 0 0
C@CP 3324 -0.0289742685 0.048836484 -0.272635054 0 0 0
C@CP 3325 0.0629466678 -0.398595594 0.103642546 0 0 0
C@CP 3326 -0.0898250035 0.178983803 0.209955776 0 0 0
C@CP 3327 0.130343411 0.298908439 0.196068867 0 0 0
C@CP 3328 0.15882516 0.0890134604 0.207937639 0 0 0
C@CP 3329 0.301139662 -0.243222526 0.179061761 0 0 0
C@CP 3330 -0.247649361 0.354063481 0.0488766554 0 0 0
C@CP 3331 0.13540844 -0.318914286 0.0497951508 0 0 0
C@CP 3332 0.049699923 -0.09552227 -0.341400148 0 0 0
C@CP 3333 -0.228188888 0.139937872 -0.200002325 0 0 0
C@CP 3334 -0.00799461574 0.471355197 -0.0224179794 0 0 0
C@CP 3335 0.179011122 -0.0354554458 -0.271699901 0 0 0
C@CP 3336 -0.342726887 -0.209400387 -0.23118134 0 0 0
C@CP 3337 0.0152041554 -0.280911612 0.0599460142 0 0 0
C@CP 3338 -0.0477114907 -0.416251338 0.0952781984 0 0 0
C@CP 3339 -0.194775942 0.0881688713 0.233165898 0 0 0
C@CP 3340 0.00445005078 0.109202398 -0.163915451 0 0 0
C@CP 3341 0.0924375676 0.0443764963 0.250853379 0 0 0
C@CP 3342 -0.232449898 -0.158819515 0.0371345267 0 0 0
C@CP 3343 0.274991424 0.0152695655 0.254515232 0 0 0
C@CP 3344 -0.109134279 0.284393438 -0.275043482 0 0 0
C@CP 3345 0.109822225 0.0158963142 -0.373301463 0 0 0
C@CP 3346 0.0164388448 0.149884486 0.287362773 0 0 0
C@CP 3347 0.232470885 -0.102872983 -0.194469304 0 0 0
C@CP 3348 0.00354137968 0.117098923 -0.163405577 0 0 0
C@CP 3349 -0.0740206706 -0.284961969 0.315704784 0 0 0
C@CP 3350 0.00377517548 -0.38314577 -0.0855721505 0 0 0
C@CP 3351 0.150792085 -0.150906888 0.0956053856 0 0 0
C@CP 3353 -0.0312551293 -0.119456925 -0.158836686 0 0 0
C@CP 3354 -0.0419051749 -0.338800726 -0.255574952 0 0 0
C@CP 3355 0.00197850829 0.0344703405 0.056420853 0 0 0
C@CP 3356 0.072355608 -0.353977286 -0.124900133 0 0 0
C@CP 3357 -0.375512499 -0.0383876277 -0.0464616959 0 0 0
C@CP 3358 -0.225156797 -0.0665099765 -0.177266197 0 0 0
C@CP 3359 0.326915143 0.289076957 0.145047029 0 0 0
C@CP 3360 -0.219088872 -0.0719034667 -0.102582583 0 0 0
C@CP 3361 0.283571844 0.0230241732 0.05678381 0 0 0
C@CP 3362 -0.166090712 0.155475679 0.278351983 0 0 0
C@CP 3363 0.0516889107 0.295175785 0.229869801 0 0 0
C@CP 3364 -0.0661341972 0.148526664 -0.0267510426 0 0 0
C@CP 3365 0.234587167 0.174766748 0.308085167 0 0 0
C@CP 3366 -0.0292352935 -0.152913993 -0.178567313 0 0 0
C@CP 3367 0.228180744 -0.0193310185 0.15785775 0 0 0
C@CP 3368 0.279807803 -0.196096308 0.224139631 0 0 0
C@CP 3369 -0.0152035066 -0.154801145 0.116093748 0 0 0
C@CP 3370 -0.125318743 -0.410490969 -0.123598912 0 0 0
C@CP 3371 -0.0111052437 -0.168894672 -0.346307436 0 0 0
C@CP 3372 -0.294397225 0.30401696 -0.0620691791 0 0 0
C@CP 3373 0.190609748 -0.231933398 0.073018466 0 0 0
C@CP 3374 -0.239140396 -0.417417642 0.03598353 0 0 0
C@CP 3375 0.173029877 0.0358112566 0.369125462 0 0 0
C@CP 3376 -0.29980846 -0.0777417595 -0.278158319 0 0 0
C@CP 3377 -0.371550855 -0.136591976 0.0773123339 0 0 0
C@CP 3378 -0.416097418 0.0110498506 0.00876734627 0 0 0
C@CP 3379 -0.0992906924 -0.383170784 0.231649773 0 0 0
C@CP 3380 0.254829919 0.248718173 -0.285030836 0 0 0
C@CP 3381 -0.031279029 0.0907604539 -0.0995815717 0 0 0
C@CP 3382 0.115976473 -0.34066505 -0.263535499 0 0 0
C@CP 3383 0.376512982 0.00122788328 0.194223925 0 0 0
C@CP 3384 0.33602697 -0.0585548937 0.128259015 0 0 0
C@CP 3385 0.289020161 0.0856358377 0.300288809 0 0 0
C@CP 3386 -0.0560877965 0.273914797 0.354770483 0 0 0
C@CP 3387 0.142111987 0.230806031 -0.165456971 0 0 0
C@CP 3388 0.0784016396 0.261165873 0.250920145 0 0 0
C@CP 3389 -0.156750197 0.0676706275 -0.00719120787 0 0 0
C@CP 3390 -0.0498643158 -0.032802146 -0.0466433752 0 0 0
C@CP 3391 0.0724900923 0.461168806 0.0554625151 0 0 0
C@CP 3392 -0.12309931 -0.0867884951 -0.322023453 0 0 0
C@CP 3393 0.0121729841 0.310620652 -0.272706993 0 0 0
C@CP 3394 0.392085424 0.10900124 0.183135186 0 0 0
C@CP 3395 -0.224604425 -0.0573344032 -0.0446231125 0 0 0
C@CP 3396 0.115647148 -0.0001917076 -0.413254518 0 0 0
C@CP 3397 -0.00872871176 -0.352546101 -0.238069832 0 0 0
C@CP 3398 0.0386860413 0.431102068 -0.0667038249 0 0 0
C@CP 3399 -0.207604277 -0.18695873 -0.327873947 0 0 0
C@CP 3400 -0.0650518676 0.298645635 0.167580922 0 0 0
C@CP 3401 -0.249768684 0.0206355439 0.285390133 0 0 0
C@CP 3402 -0.351302894 -0.0296957805 0.0886789895 0 0 0
C@CP 3403 -0.275827786 0.0292769385 0.238659758 0 0 0
C@CP 3404 -0.360820632 0.0782559255 0.162221769 0 0 0
C@CP 3405 0.0119705402 -0.161508287 -0.134611526 0 0 0
C@CP 3406 0.168247842 -0.0390458118 0.3443871 0 0 0
C@CP 3407 -0.162547087 -0.0823322878 -0.294139469 0 0 0
C@CP 3408 0.049974152 -0.379577706 -0.177200159 0 0 0
C@CP 3409 0.176668483 -0.0783971267 0.380363596 0 0 0
C@CP 3410 0.021154297 0.111412858 -0.39031524 0 0 0
C@CP 3411 0.125549198 0.325275097 0.28674423 0 0 0
C@CP 3412 0.340375197 -0.16781866 0.189039292 0 0 0
C@CP 3413 -0.0171573795 -0.0387105537 0.279261653 0 0 0
C@CP 3414 0.3318119 -0.187742314 0.0642790706 0 0 0
C@CP 3415 0.0484682783 -0.336749535 -0.0619017219 0 0 0
C@CP 3416 0.00111809268 0.161341284 0.343823364 0 0 0
C@CP 3417 0.364572914 -0.210244486 0.15140381 0 0 0
C@CP 3418 0.0806635795 0.116015593 -0.0128378715 0 0 0
C@CP 3419 -0.210865209 -0.133357908 0.227667009 0 0 0
C@CP 3420 0.35566852 -0.124084038 -0.22656953 0 0 0
C@CP 3421 0.436813279 -0.0566692265 0.155937717 0 0 0
C@CP 3422 -0.360616409 -0.139536922 0.197569504 0 0 0
C@CP 3423 0.362401014 0.254996881 -0.0472457586 0 0 0
C@CP 3424 0.429810585 -0.111074792 -0.0971612808 0 0 0
C@CP 3425 0.227874547 0.246820322 -0.294109998 0 0 0
C@CP 3426 0.115664541 0.258132577 0.0257942586 0 0 0
C@CP 3427 0.118568141 0.0931071162 -0.0958880328 0 0 0
C@CP 3428 0.200485586 0.201296144 -0.108262344 0 0 0
C@CP 3429 0.259247378 -0.0489271705 -0.202657622 0 0 0
C@CP 3430 -0.0853815802 0.0473598973 -0.0750606069 0 0 0
C@CP 3431 0.361288402 -0.0634191551 0.137254105 0 0 0
C@CP 3432 -0.22313491 0.133003739 0.284329997 0 0 0
C@CP 3433 -0.122242112 0.363387239 -0.181840885 0 0 0
C@CP 3434 0.000615194283 0.0706083034 -0.0247387349 0 0 0
C@CP 3435 0.163957629 -0.359380076 0.126428254 0 0 0
C@CP 3436 -0.360971739 -0.0986091478 0.247073139 0 0 0
C@CP 3437 -0.227259781 -0.0188948404 -0.0237626518 0 0 0
C@CP 3438 -0.195867918 0.244962782 0.0955940305 0 0 0
C@CP 3439 0.289536587 0.205407653 0.0490678678 0 0 0
C@CP 3440 0.256925709 0.0601541849 0.242797737 0 0 0
C@CP 3441 0.129521244 0.142303693 0.335493804 0 0 0
C@CP 3442 0.0367930965 0.0997355751 0.0600943971 0 0 0
C@CP 3443 0.240924844 0.0723559209 -0.127391131 0 0 0
C@CP 3444 0.113615713 0.139232126 0.050154099 0 0 0
C@CP 3445 0.0351916868 -0.0355010577 -0.23614202 0 0 0
C@CP 3446 0.0749050491 0.187187268 0.174120648 0 0 0
C@CP 3447 0.0145937804 0.224709439 -0.339396875 0 0 0
C@CP 3448 -0.0784663259 -0.242028447 -0.077781348 0 0 0
C@CP 3449 -0.106794783 0.442378479 0.0375356327 0 0 0
C@CP 3450 0.0483436815 0.163208567 -0.0364325587 0 0 0
C@CP 3451 -0.0828126718 -0.157969406 0.079770965 0 0 0
C@CP 3452 0.210761543 0.19959783 0.155181927 0 0 0
C@CP 3454 0.298314886 0.234381234 -0.0490738872 0 0 0
C@CP 3455 -0.354387756 -0.0322498243 0.0958892597 0 0 0
C@CP 3456 0.0321084671 0.392043369 0.14760788 0 0 0
C@CP 3457 0.406339999 -0.158276215 0.135499512 0 0 0
C@CP 3458 -0.200237043 0.0208782425 0.219971687 0 0 0
C@CP 3459 -0.0359069298 0.183587087 0.372305171 0 0 0
C@CP 3460 0.35307968 0.0132261938 -0.228296783 0 0 0
C@CP 3461 0.219520759 -0.0490949095 0.0809065293 0 0 0
C@CP 3462 0.261984006 0.00883391665 -0.240443905 0 0 0
C@CP 3463 -0.274013823 0.0172763227 -0.274409834 0 0 0
C@CP 3464 0.0425826698 0.238503432 -0.342626731 0 0 0
C@CP 3465 0.437892227 0.00505274246 0.121608738 0 0 0
C@CP 3466 -0.171294116 -0.151921264 0.267517985 0 0 0
C@CP 3467 -0.0556677647 0.137567423 -0.423298149 0 0 0
C@CP 3468 -0.367858623 0.252410331 0.15525832 0 0 0
C@CP 3469 0.211901008 -0.168980856 0.240864681 0 0 0
C@CP 3470 0.344749155 -0.010109285 0.0138215357 0 0 0
C@CP 3471 -0.257134341 -0.0755961876 0.124646901 0 0 0
C@CP 3472 0.0275926947 0.358257253 -0.268381825 0 0 0
C@CP 3473 -0.104457081 -0.0536568185 -0.0568040458 0 0 0
C@CP 3474 -0.194418935 0.349942338 -0.0795105185 0 0 0
C@CP 3475 -0.169275921 0.401683314 0.167754194 0 0 0
C@CP 3476 -0.228059803 0.246239805 -0.193079324 0 0 0
C@CP 3477 0.287795168 -0.232221603 0.246546381 0 0 0
C@CP 3478 0.320980883 0.12898275 0.213923715 0 0 0
C@CP 3479 0.0690022496 -0.0149327549 0.0371782138 0 0 0
C@CP 3480 0.190167895 -0.120988417 -0.309944819 0 0 0
C@CP 3481 -0.182370928 0.292597498 -0.287199186 0 0 0
C@CP 3482 0.412578931 0.149811328 0.0611384922 0 0 0
C@CP 3483 -0.185049386 0.109240946 0.262410144 0 0 0
C@CP 3484 0.13819711 -0.0981109269 0.0495908169 0 0 0
C@CP 3485 -0.0432359911 -0.175804555 -0.104319744 0 0 0
C@CP 3486 0.117792862 -0.105502413 -0.43895488 0 0 0
C@CP 3487 -0.0860782606 0.283647302 -0.302951615 0 0 0
C@CP 3488 0.235823141 0.145463111 -0.147269458 0 0 0
C@CP 3489 -0.330195388 0.224812898 0.218134922 0 0 0
C@CP 3490 0.401266688 0.0768726453 -0.149857814 0 0 0
C@CP 3491 0.213366985 -0.0123454452 0.261006526 0 0 0
C@CP 3492 -0.008231063 0.0685362683 -0.0749750849 0 0 0
C@CP 3493 -0.16443027 0.430247676 -0.016317612 0 0 0
C@CP 3494 -0.274468096 -0.17708448 -0.347367084 0 0 0
C@CP 3495 0.101967879 0.289238609 0.14356123 0 0 0
C@CP 3496 -0.0255625306 -0.127519845 -0.357505975 0 0 0
C@CP 3497 0.0422452911 -0.327848771 0.120736252 0 0 0
B@CP 3499 0.348456064 0.00936222963 0.170781742 0 0 0
C@CP 3500 -0.0416393251 0.00938075108 0.377320461 0 0 0
C@CP 3501 0.336232292 0.157331755 -0.28235738 0 0 0
C@CP 3502 0.407514199 0.108965749 0.191040225 0 0 0
B@CP 3504 0.119794068 0.237706639 -0.0269838433 0 0 0
C@CP 3505 0.0222993049 0.0896521984 -0.0571968271 0 0 0
B@CP 3507 -0.10424957 0.022110714 0.0835176375 0 0 0
C@CP 3508 -0.0187775978 -0.152691395 -0.0465785823 0 0 0
B@CP 3510 0.165697316 0.0196689917 0.36498472 0 0 0
C@CP 3511 0.453324573 0.00840794869 -0.0573567654 0 0 0
B@CP 3513 0.0847254917 0.171033047 -0.216489998 0 0 0
C@CP 3514 -0.264337135 -0.276897422 0.0699073203 0 0 0
B@CP 3516 0.258214714 0.106774977 0.00894320824 0 0 0
C@CP 3517 0.0618789964 0.0612334853 -0.303910558 0 0 0
B@CP 3519 -0.155888243 -0.333125605 -0.218590914 0 0 0
C@CP 3520 0.0640439619 -0.0444239509 -0.281309128 0 0 0
