B@CP 1004 0.171666814 0.319883963 -0.205792348 0 0 0
B@CP 1005 -0.329783911 0.253147371 -0.0361113514 0 0 0
B@CP 1008 -0.147186685 -0.0369077512 0.402234256 0 0 0
B@CP 1014 0.130484534 0.127011136 -0.231798693 0 0 0
B@CP 1018 0.264681615 -0.131533984 -0.0512683904 0 0 0
B@CP 1020 -0.0963653365 -0.392597606 -0.11398643 0 0 0
B@CP 1025 0.146611906 -0.141458214 -0.382135523 0 0 0
B@CP 1026 -0.141901442 -0.162575697 0.198498908 0 0 0
B@CP 1032 0.215880773 -0.134501201 -0.301832619 0 0 0
B@CP 1033 0.204056614 -0.23977977 0.18103121 0 0 0
B@CP 1034 -0.395534028 -0.189955968 0.077778039 0 0 0
B@CP 1036 -0.0163638182 -0.1415043 -0.399608099 0 0 0
B@CP 1040 0.206542643 0.383296952 -0.134183382 0 0 0
B@CP 1041 0.359937944 0.19654769 -0.194477241 0 0 0
B@CP 1042 0.031458332 0.317569793 -0.285103073 0 0 0
B@CP 1045 0.225153322 -0.120239646 -0.398452691 0 0 0
B@CP 1046 -0.0428235471 -0.417036219 0.186073437 0 0 0
B@CP 1047 0.206517788 -0.0962529465 0.270311946 0 0 0
B@CP 1055 0.189110625 0.0681503097 0.145258371 0 0 0
B@CP 1056 0.216285589 0.0732993159 0.00292136537 0 0 0
B@CP 1059 0.179540115 -0.110893931 0.410260926 0 0 0
B@CP 1063 0.0927971009 -0.0596236368 0.371023535 0 0 0
B@CP 1065 0.385696501 0.197525843 0.0165424736 0 0 0
B@CP 1066 0.291314099 -0.0553838401 0.0638553309 0 0 0
B@CP 1068 -0.0690574611 -0.106809029 -0.0884780498 0 0 0
B@CP 1069 -0.0677154417 -0.121873268 0.368863758 0 0 0
B@CP 1070 -0.0205296432 -0.320317289 -0.151244546 0 0 0
B@CP 1077 -0.0761435508 0.13297585 -0.0935079226 0 0 0
B@CP 1080 -0.175122455 -0.0197806764 -0.21702362 0 0 0
B@CP 1083 -0.364440111 -0.205538488 0.0868644948 0 0 0
B@CP 1084 -0.18850014 0.0551678198 0.260834241 0 0 0
B@CP 1085 0.256394808 0.192483189 0.210980191 0 0 0
B@CP 1089 -0.0660983905 -0.235060366 -0.103383631 0 0 0
B@CP 1091 -0.0929482329 -0.376858002 -0.0242151397 0 0 0
B@CP 1092 -0.136155192 0.0651935734 0.141024001 0 0 0
B@CP 1093 0.210150536 -0.293737124 -0.120092196 0 0 0
B@CP 1094 0.0344808392 0.135573689 0.112845394 0 0 0
B@CP 1099 -0.274648873 0.150677754 -0.159037412 0 0 0
B@CP 1100 -0.245878402 0.116167312 0.216753207 0 0 0
B@CP 1104 0.0576485994 -0.385813465 0.208193986 0 0 0
B@CP 1105 -0.235377013 -0.265541207 -0.11031001 0 0 0
B@CP 1106 -0.0621973388 -0.248002626 0.2060688 0 0 0
B@CP 1107 0.122337734 -0.2901955 -0.0672231734 0 0 0
B@CP 1109 -0.155222665 0.412707158 0.133215483 0 0 0
B@CP 1110 0.344652825 -0.108863211 0.116955746 0 0 0
B@CP 1117 0.201831224 0.321039919 0.0652311921 0 0 0
B@CP 1118 -0.177057853 -0.14488031 -0.393258562 0 0 0
B@CP 1121 0.0474732513 -0.0836672399 0.0202876033 0 0 0
B@CP 1122 0.00478576672 -0.0222771133 -0.395623705 0 0 0
B@CP 1123 -0.0707558759 0.0903432525 0.310775369 0 0 0
B@CP 1125 0.3004355 -0.148824391 0.174875379 0 0 0
B@CP 1131 -0.0432607258 -0.09153453 0.31356552 0 0 0
B@CP 1139 -0.32077045 0.0415867597 0.21222794 0 0 0
B@CP 1143 -0.138501996 -0.317049773 -0.209989198 0 0 0
B@CP 1146 0.0185950511 -0.365454296 0.0808637785 0 0 0
B@CP 1147 -0.00731810312 -0.019652314 -0.165395721 0 0 0
B@CP 1149 -0.101248212 0.414354538 -0.0447697074 0 0 0
B@CP 1152 0.219642246 -0.0801362981 0.325841705 0 0 0
B@CP 1153 0.273021385 0.269899722 0.19491475 0 0 0
B@CP 1154 0.084889676 0.0116782104 -0.0511916674 0 0 0
B@CP 1155 -0.228885045 -0.11539613 0.111470857 0 0 0
B@CP 1160 -0.00890735151 -0.180823809 0.244402611 0 0 0
B@CP 1161 -0.173201929 0.0117318176 0.37510853 0 0 0
B@CP 1162 -0.395181519 -0.145321683 -0.0574684061 0 0 0
B@CP 1163 -0.0408754152 -0.105377784 0.300945391 0 0 0
B@CP 1166 -0.245160413 -0.0403821301 -0.154236555 0 0 0
B@CP 1167 0.100982521 0.4154702 -0.02723917 0 0 0
B@CP 1170 -0.108646491 -0.0241876274 -0.247838925 0 0 0
B@CP 1171 0.000398048715 -0.227429523 0.0759591845 0 0 0
B@CP 1176 0.138543618 -0.25555136 0.314667934 0 0 0
B@CP 1179 -0.0607912344 -0.315439601 0.121234103 0 0 0
B@CP 1185 0.149046371 0.0292510422 -0.283629026 0 0 0
B@CP 1186 0.204330838 0.256597557 0.00317077195 0 0 0
B@CP 1187 -0.243423219 0.145645901 -0.0874175951 0 0 0
B@CP 1188 -0.0370748469 -0.180097369 -0.424466864 0 0 0
B@CP 1189 0.264855284 0.234555452 0.0387092775 0 0 0
B@CP 1190 0.0347955559 -0.111380151 -0.157014344 0 0 0
B@CP 1191 -0.00587724864 0.150480399 -0.292738531 0 0 0
B@CP 1192 0.00986531086 -0.183425213 0.319002023 0 0 0
B@CP 1196 0.29426133 0.000550930162 -0.202004493 0 0 0
B@CP 1197 -0.0404177943 -0.421912883 0.174284416 0 0 0
B@CP 1200 -0.209751066 -0.0967407299 -0.106794205 0 0 0
B@CP 1206 0.253988575 -0.143198833 -0.241916533 0 0 0
B@CP 1211 0.260471428 0.1760055 -0.222602478 0 0 0
B@CP 1221 0.0711141477 0.0702510943 0.422840752 0 0 0
B@CP 1222 0.296192426 0.126079297 -0.249262495 0 0 0
B@CP 1225 0.356840296 0.0501463337 0.163165545 0 0 0
B@CP 1226 -0.0284784625 0.0010020585 -0.0131784814 0 0 0
B@CP 1228 0.0762400247 -0.32552557 0.0759001169 0 0 0
B@CP 1229 0.0397868553 0.153033281 0.136530167 0 0 0
B@CP 1234 0.0570073752 0.396465343 -0.183035222 0 0 0
B@CP 1237 -0.00281948425 -0.247606895 -0.144095931 0 0 0
B@CP 1239 0.0869364632 -0.15912223 -0.0421487662 0 0 0
B@CP 1241 -0.135690029 0.212748966 0.146428012 0 0 0
B@CP 1242 -0.110080577 0.176760518 -0.0845430642 0 0 0
B@CP 1245 0.214315412 -0.168234466 0.24947101 0 0 0
B@CP 1248 -0.396844949 -0.0667562354 0.243194685 0 0 0
B@CP 1257 -0.185134939 0.349953884 0.0235535477 0 0 0
B@CP 1259 0.0869799272 0.325079944 -0.126180114 0 0 0
B@CP 1262 0.36130949 -0.112640017 -0.0535802742 0 0 0
B@CP 1263 -0.100062377 0.108638291 -0.192555772 0 0 0
B@CP 1264 -0.344236414 0.0703364239 0.15806925 0 0 0
B@CP 1268 -0.102052376 -0.35240168 0.0400561323 0 0 0
B@CP 1274 0.39861768 0.245891111 0.111264422 0 0 0
B@CP 1275 -0.12581321 0.292880573 0.102396382 0 0 0
B@CP 1280 0.218680594 0.147393743 -0.380159288 0 0 0
B@CP 1281 0.156470483 0.374681585 0.127197148 0 0 0
B@CP 1284 0.0913503026 -0.236434417 -0.369030867 0 0 0
B@CP 1285 0.217213481 -0.176473223 0.0762763513 0 0 0
B@CP 1291 0.148427618 0.266620265 0.219569386 0 0 0
B@CP 1293 0.0395794796 -0.17819549 -0.299878543 0 0 0
B@CP 1299 -0.0951762564 0.00121045405 0.26436068 0 0 0
B@CP 1302 0.337371725 -0.0545589388 -0.0997657825 0 0 0
B@CP 1305 0.0934451189 0.0207541515 0.398321899 0 0 0
B@CP 1306 0.238836661 -0.299088812 -0.238347386 0 0 0
B@CP 1312 0.165069053 0.337851342 -0.0579095565 0 0 0
B@CP 1318 0.0138201608 -0.0788236757 -0.116059704 0 0 0
B@CP 1320 0.300738269 -0.0964845607 -0.263441968 0 0 0
B@CP 1323 -0.0806133505 -0.366232506 0.10486201 0 0 0
B@CP 1324 0.298606857 -0.200333337 -0.289675951 0 0 0
B@CP 1326 -0.408983789 0.109690131 -0.0973458784 0 0 0
B@CP 1330 -0.104414398 0.133803657 0.227934593 0 0 0
B@CP 1332 0.0714933781 0.0421737372 -0.0484515689 0 0 0
B@CP 1335 0.272697543 -0.0724909322 -0.239157677 0 0 0
B@CP 1342 0.105824056 0.288201445 0.117004644 0 0 0
B@CP 1343 0.0569662693 0.129980366 -0.066574534 0 0 0
B@CP 1345 0.100219249 -0.212148018 -0.301516817 0 0 0
B@CP 1348 -0.209990082 0.192223971 0.281346556 0 0 0
B@CP 1354 0.0909128871 0.0741293476 -0.0557750015 0 0 0
B@CP 1356 -0.0860917349 -0.305965578 0.15622724 0 0 0
B@CP 1362 0.165102416 -0.20138126 -0.120764834 0 0 0
B@CP 1363 0.225024054 0.0527126594 0.0430518196 0 0 0
B@CP 1365 -0.341114683 -0.231608884 0.22367354 0 0 0
B@CP 1367 0.0716282969 -0.319695953 0.27442715 0 0 0
B@CP 1370 -0.0546281985 -0.278126328 -0.19801778 0 0 0
B@CP 1371 -0.244843769 -0.274552522 -0.235256085 0 0 0
B@CP 1372 0.205712905 -0.213414637 -0.130170798 0 0 0
B@CP 1373 0.374435047 -0.0878311899 0.222676993 0 0 0
B@CP 1375 -0.200320689 -0.160278745 -0.266853119 0 0 0
B@CP 1379 0.243896858 -0.00987559221 0.112861745 0 0 0
B@CP 1385 -0.183000941 -0.0762169693 0.357770243 0 0 0
B@CP 1387 0.292842292 -0.148498457 -0.21958811 0 0 0
B@CP 1390 0.29373065 -0.216319437 -0.21057036 0 0 0
B@CP 1391 0.304526599 0.161986077 0.165152452 0 0 0
B@CP 1393 -0.057739606 -0.0204729453 -0.0619249481 0 0 0
B@CP 1398 -0.354258754 -0.064783084 -0.25580133 0 0 0
B@CP 1406 -0.228219915 0.251160156 -0.18742373 0 0 0
B@CP 1408 0.141664611 0.132666244 0.408213404 0 0 0
B@CP 1410 0.0457881223 0.315915836 -0.109993277 0 0 0
B@CP 1416 0.26512292 0.294255198 0.0697533457 0 0 0
B@CP 1417 0.106449663 0.0544298128 -0.317482429 0 0 0
B@CP 1422 -0.211800969 0.21159191 -0.0977705914 0 0 0
B@CP 1423 0.196719332 -0.254537285 0.241961095 0 0 0
B@CP 1424 0.398116195 -0.16058653 0.0238496664 0 0 0
B@CP 1428 -0.381159037 -0.228523854 0.10271743 0 0 0
B@CP 1429 -0.118485435 -0.0943703009 0.0489425165 0 0 0
B@CP 1433 -0.180497145 -0.0473446801 0.3853566 0 0 0
B@CP 1434 -0.227789286 0.075583784 0.102481012 0 0 0
B@CP 1436 -0.065391232 0.0509851151 0.198379274 0 0 0
B@CP 1438 -0.00540070156 0.113173923 -0.145252344 0 0 0
B@CP 1439 0.323940376 -0.165906849 -0.107337003 0 0 0
B@CP 1446 0.0546645109 -0.147566933 -0.184247948 0 0 0
B@CP 1448 -0.043581287 -0.132039101 0.222503517 0 0 0
B@CP 1452 -0.144287737 0.342504635 0.203127052 0 0 0
B@CP 1453 0.0931213453 -0.0287888467 0.0212077866 0 0 0
B@CP 1454 0.0711363028 0.143105065 0.369037438 0 0 0
B@CP 1465 0.112855 0.0522401114 0.0595883103 0 0 0
B@CP 1466 0.070271595 0.0675134106 0.395519032 0 0 0
B@CP 1470 -0.0881079116 -0.0609491598 0.446423429 0 0 0
B@CP 1471 0.179667939 -0.102743567 0.129387852 0 0 0
B@CP 1472 0.0483847762 -0.305473908 -0.0263730456 0 0 0
B@CP 1478 -0.458923727 -0.0138873534 0.0761947764 0 0 0
B@CP 1481 0.174773642 0.368579555 -0.149979531 0 0 0
B@CP 1482 -0.313202302 -0.0278658377 -0.261425783 0 0 0
B@CP 1483 -0.207393732 -0.345980075 -0.202878447 0 0 0
B@CP 1486 -0.180521491 0.0541356896 -0.159134985 0 0 0
B@CP 1489 0.0664283094 -0.029315118 0.0655547105 0 0 0
B@CP 1490 -0.175415033 -0.0274485708 0.260415632 0 0 0
B@CP 1491 0.161649452 0.401671335 -0.0570371851 0 0 0
B@CP 1492 -0.0732508267 -0.0705938428 0.410606168 0 0 0
B@CP 1495 -0.181405092 0.309940528 -0.198067487 0 0 0
B@CP 1500 0.104847184 0.152926609 0.141292103 0 0 0
B@CP 1504 0.0745668424 -0.0553668829 -0.0215218081 0 0 0
B@CP 1505 -0.160806803 -0.0692460209 -0.282312197 0 0 0
B@CP 1509 -0.249942513 -0.1938962 -0.308846783 0 0 0
B@CP 1515 0.120217283 -0.0764115987 0.239519901 0 0 0
B@CP 1519 0.109956518 0.215693558 -0.0242295906 0 0 0
B@CP 1523 -0.195533694 0.238136149 0.215360125 0 0 0
B@CP 1524 -0.036111755 0.403486564 -0.150712554 0 0 0
B@CP 1526 0.230487143 -0.311171825 0.0125649866 0 0 0
B@CP 1527 0.319766367 -0.0164994054 -0.219654054 0 0 0
B@CP 1530 -0.244005573 0.00882219714 -0.136777552 0 0 0
B@CP 1534 -0.0493211368 -0.160027052 -0.15569885 0 0 0
B@CP 1536 0.201546762 0.112174433 0.198484515 0 0 0
B@CP 1551 -0.182463403 -0.169719442 -0.369850774 0 0 0
B@CP 1552 -0.255575517 -0.115048338 0.0383252083 0 0 0
B@CP 1555 -0.0625398622 0.0695907852 -0.0691048316 0 0 0
B@CP 1561 0.260286067 -0.0780670268 0.287202661 0 0 0
B@CP 1567 0.108222572 0.341079476 0.247625732 0 0 0
B@CP 1569 -0.189938889 -0.253053522 0.0754454047 0 0 0
B@CP 1572 -0.0153624723 -0.0571925089 -0.1830164 0 0 0
B@CP 1573 0.26764195 -0.181114263 -0.149925472 0 0 0
B@CP 1576 0.0617318953 0.250212098 0.140162626 0 0 0
B@CP 1580 0.234193791 -0.242688344 0.0356939064 0 0 0
B@CP 1583 -0.0804369284 -0.18172391 -0.291628396 0 0 0
B@CP 1584 -0.194896717 -0.261713484 -0.0570771769 0 0 0
B@CP 1586 -0.246346813 0.147432896 0.0936268712 0 0 0
B@CP 1588 0.346110769 0.00997074119 0.0276153124 0 0 0
B@CP 1589 0.363947738 0.0936056979 -0.206628422 0 0 0
B@CP 1596 0.0975552305 0.366452754 0.18730593 0 0 0
B@CP 1600 -0.242244667 -0.0478082801 0.117007431 0 0 0
B@CP 1606 -0.168159594 0.329475795 -0.149692698 0 0 0
B@CP 1609 -0.246349031 -0.215493287 0.288003654 0 0 0
B@CP 1611 -0.187361034 -0.227864588 -0.319839697 0 0 0
B@CP 1613 0.142699094 0.354680197 -0.275199045 0 0 0
B@CP 1625 -0.196603671 -0.322276503 0.123412339 0 0 0
B@CP 1630 -0.253606402 0.139622902 -0.296467419 0 0 0
B@CP 1637 0.267014652 0.0821681983 -0.0282500674 0 0 0
B@CP 1638 -0.283680318 -0.148450507 0.0755075429 0 0 0
B@CP 1642 0.0107778317 0.118898687 -0.325948667 0 0 0
B@CP 1645 -0.231347358 0.112304331 0.28448811 0 0 0
B@CP 1649 0.246192375 -0.161665459 -0.296277142 0 0 0
B@CP 1655 0.421408383 0.0657609575 -0.078796223 0 0 0
B@CP 1656 0.140241951 0.153054814 0.271356901 0 0 0
B@CP 1673 -0.33959814 0.0132357026 -0.062234259 0 0 0
B@CP 1678 -0.118210174 -0.26560068 -0.281044717 0 0 0
B@CP 1679 0.253710188 -0.012017077 -0.0855904544 0 0 0
B@CP 1681 0.0779424057 -0.0502795851 0.0424981782 0 0 0
B@CP 1686 -0.0283184832 0.370494188 0.0734350476 0 0 0
B@CP 1690 -0.267205774 0.266061938 0.079953513 0 0 0
B@CP 1694 -0.139766371 0.108575381 0.420848575 0 0 0
B@CP 1696 0.0649568111 -0.297301208 0.356689011 0 0 0
B@CP 1697 -0.194680881 -0.404507288 -0.0125852074 0 0 0
B@CP 1701 -0.154079534 0.336383901 0.268808651 0 0 0
B@CP 1703 0.162436347 -0.255043838 0.0521937445 0 0 0
B@CP 1710 0.120176486 -0.326301961 -0.297336486 0 0 0
B@CP 1719 -0.199246652 -0.341621428 -0.16112864 0 0 0
B@CP 1722 0.0415700645 -0.204948385 -0.337076403 0 0 0
B@CP 1727 -0.0966290756 0.112816012 0.151367027 0 0 0
B@CP 1733 0.012880477 0.263703283 -0.358689485 0 0 0
B@CP 1735 -0.0106835543 0.176544459 -0.137252711 0 0 0
B@CP 1736 -0.12569247 0.147524301 0.15488206 0 0 0
B@CP 1739 0.242408981 -0.313917844 0.218382861 0 0 0
B@CP 1740 -0.0705302899 -0.213381081 0.0178332013 0 0 0
B@CP 1743 0.152329177 0.187517868 0.213642911 0 0 0
B@CP 1745 -0.26430209 -0.0688348234 0.270766624 0 0 0
B@CP 1746 0.00703990187 0.0931245246 -0.131228194 0 0 0
B@CP 1747 0.00756871086 -0.324299476 -0.189061781 0 0 0
B@CP 1748 0.120304144 -0.221838078 -0.00630035411 0 0 0
B@CP 1751 0.16723075 0.292958057 0.032317099 0 0 0
B@CP 1752 -0.359470201 0.0552015248 -0.0890245737 0 0 0
B@CP 1755 0.182333729 0.111808841 -0.245326341 0 0 0
B@CP 1763 0.00601352624 0.0229760775 -0.23980619 0 0 0
B@CP 1774 -0.270623702 -0.17973773 0.229269576 0 0 0
B@CP 1777 -0.126900951 -0.197385103 0.284074121 0 0 0
B@CP 1781 -0.0543549433 0.322902693 0.172192209 0 0 0
B@CP 1789 0.0940476935 -0.258740577 -0.269380262 0 0 0
B@CP 1790 -0.0720068687 0.410894593 0.0857760149 0 0 0
B@CP 1793 0.201682487 0.351993814 -0.113657822 0 0 0
B@CP 1800 -0.260718354 -0.168391069 0.028319554 0 0 0
B@CP 1802 0.203208264 0.121614585 0.137917254 0 0 0
B@CP 1803 -0.00449782273 -0.0737477475 -0.349162922 0 0 0
B@CP 1804 -0.102390198 -0.137059424 0.364760164 0 0 0
B@CP 1807 -0.241374305 0.408341843 -0.0365309038 0 0 0
B@CP 1814 0.355254792 -0.217237577 -0.0745422161 0 0 0
B@CP 1815 -0.175587153 0.163558232 0.376209862 0 0 0
B@CP 1817 -0.301564961 -0.101595575 -0.00181297928 0 0 0
B@CP 1819 0.249023252 -0.186530107 -0.0464611014 0 0 0
B@CP 1822 0.0697498535 -0.385333051 0.108459991 0 0 0
B@CP 1823 -0.226869984 0.147911192 -0.0577605691 0 0 0
B@CP 1826 -0.0735771714 -0.265733409 0.163582798 0 0 0
B@CP 1828 0.248020531 -0.280162175 -0.187050663 0 0 0
B@CP 1835 -0.452613599 0.100059158 0.00959350356 0 0 0
B@CP 1836 0.0366412292 0.438107667 0.132956956 0 0 0
B@CP 1838 0.33473332 -0.190023032 0.182223535 0 0 0
B@CP 1840 0.132058118 0.0220510848 0.245685742 0 0 0
B@CP 1842 0.310299425 -0.0717609249 -0.208158984 0 0 0
B@CP 1844 0.0765374342 -0.235447481 -0.330752139 0 0 0
B@CP 1847 -0.113735945 -0.405200401 -0.155624694 0 0 0
B@CP 1848 -0.0521987999 0.292917372 -0.247979431 0 0 0
B@CP 1851 -0.258036623 0.124843714 0.351003842 0 0 0
B@CP 1852 0.351198087 0.23057278 0.115808115 0 0 0
B@CP 1855 0.184090093 0.0562967777 -0.149591163 0 0 0
B@CP 1856 0.220528448 0.00235985675 -0.0581294616 0 0 0
B@CP 1858 0.123586899 0.364236574 -0.163969089 0 0 0
B@CP 1861 0.0559157201 -0.157106953 -0.387174284 0 0 0
B@CP 1862 -0.28360492 -0.0187045376 0.354724047 0 0 0
B@CP 1866 -0.000714179243 0.229490743 0.252611682 0 0 0
B@CP 1870 0.184353145 0.249915949 -0.0662075607 0 0 0
B@CP 1872 0.309065899 -0.00608910221 -0.147945569 0 0 0
B@CP 1873 -0.292444249 -0.338487708 0.0337892892 0 0 0
B@CP 1877 -0.0102620032 -0.296499551 0.17775075 0 0 0
B@CP 1879 0.163151751 -0.21233245 0.0156457328 0 0 0
B@CP 1880 0.142566593 -0.251338118 -0.213967444 0 0 0
B@CP 1881 -0.407010898 -0.0975482202 0.186582744 0 0 0
B@CP 1883 0.149415737 -0.167277853 -0.256274063 0 0 0
B@CP 1887 -0.0979138652 -0.278307742 -0.340805105 0 0 0
B@CP 1890 -0.214711716 -0.39392736 -0.0409715269 0 0 0
B@CP 1891 -0.0895459801 -0.11724265 -0.148018654 0 0 0
B@CP 1892 0.0810727266 0.00537152955 -0.24217043 0 0 0
B@CP 1893 0.0709467857 -0.279476206 0.143790421 0 0 0
B@CP 1899 0.10405079 -0.176592876 -0.0628064067 0 0 0
B@CP 1901 0.0444774808 0.234958935 0.0809626513 0 0 0
B@CP 1903 -0.233591113 0.294759583 -0.139846602 0 0 0
B@CP 1906 0.189154381 -0.0574589466 0.421654086 0 0 0
B@CP 1909 -0.173743008 0.335137751 -0.177232007 0 0 0
B@CP 1910 -0.221306326 0.127472892 -0.335604145 0 0 0
B@CP 1911 -0.126490053 0.205107884 -0.341077451 0 0 0
B@CP 1915 0.173774038 0.181250455 0.400010869 0 0 0
B@CP 1917 -0.218366677 0.0999687472 0.221796151 0 0 0
B@CP 1920 -0.0861075539 -0.0839225731 -0.401332249 0 0 0
B@CP 1921 0.296308413 -0.0265415025 -0.150058068 0 0 0
B@CP 1922 -0.148902634 0.0439602669 -0.0342355404 0 0 0
B@CP 1925 -0.168446836 0.103861302 -0.310104792 0 0 0
B@CP 1935 0.0706310751 0.238202418 -0.399333939 0 0 0
B@CP 1937 0.23452662 -0.297537416 0.242270209 0 0 0
B@CP 1939 0.231244888 0.345518713 0.171017504 0 0 0
B@CP 1950 0.111020758 0.0628168975 0.227246662 0 0 0
B@CP 1955 0.32161968 -0.298453616 -0.120849791 0 0 0
B@CP 1958 -0.144600129 0.374551332 -0.166747617 0 0 0
B@CP 1967 0.274158906 -0.339799043 0.0442312535 0 0 0
B@CP 1970 0.0983537516 0.0431393071 -0.119452209 0 0 0
B@CP 1974 -0.113345285 -0.354891843 -0.0403324738 0 0 0
B@CP 1980 -0.157521053 -0.0603859633 -0.433528856 0 0 0
B@CP 1993 -0.0975475552 -0.301076115 0.020791119 0 0 0
B@CP 1994 0.274550244 -0.212449268 -0.0830717974 0 0 0
B@CP 1996 -0.0480008677 -0.28212609 0.124839062 0 0 0
B@CP 1999 -0.100427683 -0.00854980663 0.153994255 0 0 0
B@CP 2002 0.164086361 0.0790643336 -0.416892905 0 0 0
B@CP 2005 -0.286888476 -0.275857382 0.150116589 0 0 0
B@CP 2013 0.233594762 0.160908245 -0.387449632 0 0 0
B@CP 2019 0.137088733 0.0137136435 0.18934201 0 0 0
B@CP 2021 -0.0210539978 0.0876987231 -0.188939123 0 0 0
B@CP 2022 -0.0746974245 0.0148268308 -0.419938151 0 0 0
B@CP 2024 0.15867964 -0.0891015928 0.0855244039 0 0 0
B@CP 2025 -0.0322583186 0.434420792 0.011445348 0 0 0
B@CP 2026 0.0680133646 0.458950659 0.0225594838 0 0 0
B@CP 2028 0.0567163643 -0.203756132 0.420431348 0 0 0
B@CP 2029 -0.212168068 0.0160388137 0.0332537863 0 0 0
B@CP 2032 -0.295399315 0.0165965147 -0.212627629 0 0 0
B@CP 2033 -0.226388928 0.0879803 -0.196244085 0 0 0
B@CP 2034 -0.102613786 0.234897592 -0.179187295 0 0 0
B@CP 2036 0.382228287 -0.129665755 0.0273424602 0 0 0
B@CP 2037 -0.210805475 -0.0659947957 -0.405019552 0 0 0
B@CP 2040 0.246601366 0.227171119 -0.310636756 0 0 0
B@CP 2042 0.051731833 -0.0431414313 -0.0137369018 0 0 0
B@CP 2043 0.390464667 -0.23307183 0.153276146 0 0 0
B@CP 2048 0.360686764 -0.0577123923 0.131906694 0 0 0
B@CP 2050 0.125171697 -0.252973896 -0.112186266 0 0 0
B@CP 2053 0.0286067768 -0.127474816 0.16188658 0 0 0
B@CP 2057 0.141586019 -0.220074216 0.348057706 0 0 0
B@CP 2059 0.060380887 -0.277738079 0.144210055 0 0 0
B@CP 2060 0.0984924928 0.293229312 0.239341021 0 0 0
B@CP 2068 0.215964517 -0.348666936 -0.20538265 0 0 0
B@CP 2076 0.0978228269 -0.196265106 -0.308071555 0 0 0
B@CP 2077 0.255387627 0.194054723 -0.281476542 0 0 0
B@CP 2078 -0.008304472 0.263692707 -0.0522775911 0 0 0
B@CP 2079 0.239310291 0.165466855 0.299691755 0 0 0
B@CP 2081 0.0553984718 -0.278014726 0.263849118 0 0 0
B@CP 2082 0.148355349 0.0958065319 0.106183888 0 0 0
B@CP 2083 -0.231133277 0.335725241 0.107111936 0 0 0
B@CP 2086 -0.0584372627 0.0126688999 -0.0412918884 0 0 0
B@CP 2087 -0.0661948044 -0.0824827242 -0.354714296 0 0 0
B@CP 2091 -0.0866462362 -0.0191992873 0.0195587683 0 0 0
B@CP 2095 -0.0523132996 0.362258116 0.0198574773 0 0 0
B@CP 2103 -0.376144587 0.157143498 0.207082909 0 0 0
B@CP 2105 -0.0946650064 0.18509991 0.103499347 0 0 0
B@CP 2109 0.111395733 0.0496021906 0.0228509613 0 0 0
B@CP 2110 -0.269082817 0.0101082969 -0.0808308462 0 0 0
B@CP 2111 0.373884797 -0.0163104131 0.108476726 0 0 0
B@CP 2113 0.17827386 -0.146327236 -0.142084843 0 0 0
B@CP 2114 0.0377628247 0.175000375 -0.126593509 0 0 0
B@CP 2115 -0.125471618 0.0950745821 -0.0661241146 0 0 0
B@CP 2117 -0.319280302 0.267522539 -0.0547392355 0 0 0
B@CP 2118 0.318525434 -0.00907526708 0.326414035 0 0 0
B@CP 2119 -0.0588503053 0.022502215 -0.393622452 0 0 0
B@CP 2125 0.348572009 -0.145402138 0.0375716284 0 0 0
B@CP 2127 0.168515072 -0.238681471 9.02545889e-05 0 0 0
B@CP 2130 0.111983187 0.197968721 0.322395032 0 0 0
B@CP 2131 0.297678685 -0.0631240853 -0.100584993 0 0 0
B@CP 2133 -0.334078724 -0.247609718 -0.162228759 0 0 0
B@CP 2134 -0.127158293 -0.217373729 0.224214738 0 0 0
B@CP 2136 -0.367040115 0.160170872 0.219417929 0 0 0
B@CP 2141 -0.113028113 -0.258496969 0.373464498 0 0 0
B@CP 2144 -0.0251786158 0.27561375 0.0934073093 0 0 0
B@CP 2145 -0.419634927 0.0291297845 -0.124491021 0 0 0
B@CP 2149 -0.143520775 0.0552609516 -0.154192877 0 0 0
B@CP 2154 0.306574117 0.00831930069 0.270742412 0 0 0
B@CP 2161 0.121221456 0.337619091 0.0722351857 0 0 0
B@CP 2164 0.190870411 0.178496922 -0.237885955 0 0 0
B@CP 2166 0.1526949 0.220420623 0.343004526 0 0 0
B@CP 2168 0.266659484 -0.16615819 0.232437478 0 0 0
B@CP 2169 -0.0957225549 -0.0626874359 -0.26961631 0 0 0
B@CP 2175 0.275344725 -0.339326558 -0.0723005149 0 0 0
B@CP 2177 0.36759959 0.157267555 -0.0193685047 0 0 0
B@CP 2182 0.379942539 0.11799901 0.0600533267 0 0 0
B@CP 2186 -0.148263142 0.403967491 0.123047486 0 0 0
B@CP 2188 -0.105248321 -0.109996663 -0.258870902 0 0 0
B@CP 2203 -0.363175355 -0.173675061 0.18185254 0 0 0
B@CP 2205 0.0658770126 0.153993577 -0.35887353 0 0 0
B@CP 2207 0.116557811 0.0361959461 -0.319271193 0 0 0
B@CP 2208 -0.0287126054 -0.171691279 -0.24289123 0 0 0
B@CP 2213 0.158270249 -0.250121306 -0.0231129429 0 0 0
B@CP 2215 -0.359765738 -0.184490428 0.041838732 0 0 0
B@CP 2217 0.267484317 -0.0791968293 0.357861948 0 0 0
B@CP 2220 0.139977404 -0.152918478 -0.0127293218 0 0 0
B@CP 2221 -0.0958972147 -0.27714341 -0.232789329 0 0 0
B@CP 2222 -0.44532103 -0.0971395774 -0.0105280879 0 0 0
B@CP 2225 -0.254655473 -0.267337208 -0.179213098 0 0 0
B@CP 2226 -0.0673767415 -0.320579871 -0.28887487 0 0 0
B@CP 2228 -0.0158899971 -0.429118694 -0.12848495 0 0 0
B@CP 2230 -0.0647664191 0.344352473 -0.0653018887 0 0 0
B@CP 2233 0.303145984 0.27935317 -0.0365086859 0 0 0
B@CP 2234 -0.0218609533 -0.0925035994 0.199241108 0 0 0
B@CP 2248 0.253874082 -0.179094203 -0.335113409 0 0 0
B@CP 2250 -0.0039728554 0.390306815 0.00728860262 0 0 0
B@CP 2251 0.371003837 0.00706632146 -0.0729182402 0 0 0
B@CP 2252 0.0601287624 -0.190871568 0.403352473 0 0 0
B@CP 2254 -0.133015933 -0.156834456 -0.140899398 0 0 0
B@CP 2255 -0.273791136 0.139294738 -0.0540414493 0 0 0
B@CP 2256 -0.292683996 -0.128966487 0.0222162129 0 0 0
B@CP 2263 0.235580372 0.228652745 0.0319967484 0 0 0
B@CP 2267 0.254464444 0.271412384 0.0202401219 0 0 0
B@CP 2271 0.0447683313 -0.0660162003 0.197649421 0 0 0
B@CP 2272 0.296552059 0.200792823 0.0657631666 0 0 0
B@CP 2273 0.0765396099 -0.00619499043 0.00134395154 0 0 0
B@CP 2275 0.226553396 -0.0287836873 -0.37504442 0 0 0
B@CP 2279 0.0390460092 0.30089222 0.231190528 0 0 0
B@CP 2282 -0.101364635 0.165740733 0.327335669 0 0 0
B@CP 2284 0.317007268 -0.336795044 0.0832955193 0 0 0
B@CP 2285 0.303090461 0.215790877 0.0605035481 0 0 0
B@CP 2293 0.026608154 -0.289385522 -0.0731072398 0 0 0
B@CP 2299 0.202323346 -0.101823567 0.11375804 0 0 0
B@CP 2300 -0.304648011 -0.0372096901 -0.0402648036 0 0 0
B@CP 2301 -0.106281719 -0.189013708 0.126160601 0 0 0
B@CP 2303 0.0942124229 -0.322643836 -0.0350861124 0 0 0
B@CP 2305 0.218507575 -0.0688051848 0.3616097 0 0 0
B@CP 2309 -0.11524654 -0.153613519 0.224760793 0 0 0
B@CP 2313 0.306433621 -0.149840424 -0.00395480124 0 0 0
B@CP 2315 -0.00876384758 0.0851362663 -0.0895798096 0 0 0
B@CP 2320 0.0172322861 0.319139658 0.25037279 0 0 0
B@CP 2325 -0.00239566713 -0.288024186 -0.291046005 0 0 0
B@CP 2329 -0.0182164745 -0.072397254 -0.230770907 0 0 0
B@CP 2331 0.139141557 -0.0734686297 -0.0411037404 0 0 0
B@CP 2332 0.0182229151 0.416716029 0.109738441 0 0 0
B@CP 2333 0.277168716 -0.0825183153 0.000253171256 0 0 0
B@CP 2335 0.345021659 0.156443101 0.212245834 0 0 0
B@CP 2336 0.016521155 0.246682495 0.154658759 0 0 0
B@CP 2340 -0.123807991 0.101869199 0.0927843559 0 0 0
B@CP 2343 -0.129979309 0.136501459 -0.0966683775 0 0 0
B@CP 2346 -0.363556437 -0.0527731456 -0.105766583 0 0 0
B@CP 2348 0.3195102 0.269647755 -0.156207588 0 0 0
B@CP 2350 -0.0570754882 0.344965969 -0.186018634 0 0 0
B@CP 2351 -0.128095757 0.227455683 0.0684937308 0 0 0
B@CP 2356 -0.0202488749 -0.157133939 0.248425409 0 0 0
B@CP 2357 0.284784164 0.268528421 0.185019132 0 0 0
B@CP 2359 0.138992228 0.316037347 -0.00160250557 0 0 0
B@CP 2363 0.110194834 0.251290877 -0.171366994 0 0 0
B@CP 2365 -0.308166136 -0.175121578 0.222188726 0 0 0
B@CP 2368 -0.2054987 0.207563324 -0.252336866 0 0 0
B@CP 2369 0.236737101 0.108403678 0.112174683 0 0 0
B@CP 2370 0.12207859 0.280162624 -0.0213673881 0 0 0
B@CP 2372 -0.0223984909 -0.238684378 0.351969241 0 0 0
B@CP 2373 -0.157080334 0.0383494454 0.42037427 0 0 0
B@CP 2376 0.262754069 -0.211319351 0.021615591 0 0 0
B@CP 2381 0.301085047 0.170403949 0.224635679 0 0 0
B@CP 2382 0.0179465271 -0.00716289297 0.0491194823 0 0 0
B@CP 2383 -0.409783256 0.207332978 0.01983531 0 0 0
B@CP 2386 0.0205573538 0.406640521 0.0617653743 0 0 0
B@CP 2388 0.284972017 -0.32279848 -0.0889492991 0 0 0
B@CP 2392 0.124171471 0.223169579 0.0978224188 0 0 0
B@CP 2395 -0.0539313651 0.456735875 0.0899018261 0 0 0
B@CP 2397 -0.00805963543 -0.00129438802 0.227758653 0 0 0
B@CP 2400 -0.410434745 -0.206492258 0.130543466 0 0 0
B@CP 2402 -0.106995209 0.352920427 -0.0882058785 0 0 0
B@CP 2405 0.251333488 -0.197452923 0.0207851454 0 0 0
B@CP 2411 0.236301466 -0.104085685 -0.33131203 0 0 0
B@CP 2413 0.164607192 0.152010611 0.321854172 0 0 0
B@CP 2416 -0.010290861 -0.228786849 -0.0407507312 0 0 0
B@CP 2421 -0.113921793 -0.424312107 -0.0519295129 0 0 0
B@CP 2437 0.2811388 0.247209547 -0.0941205866 0 0 0
B@CP 2441 -0.113143654 -0.27141879 0.329528672 0 0 0
B@CP 2456 -0.173364391 0.235451565 0.281345084 0 0 0
B@CP 2457 -0.24744085 -0.299865763 -0.159358915 0 0 0
B@CP 2459 -0.102570723 0.109223995 -0.371079999 0 0 0
B@CP 2460 -0.107472973 -0.208956908 0.267148863 0 0 0
B@CP 2461 0.0386161146 0.0359969676 -0.348739788 0 0 0
B@CP 2462 -0.138019231 0.159012545 -0.348737258 0 0 0
B@CP 2467 -0.249669972 0.166716012 0.283405467 0 0 0
B@CP 2471 -0.221519839 -0.0196136654 -0.33924958 0 0 0
B@CP 2475 -0.361792687 0.168893569 -0.00261652546 0 0 0
B@CP 2477 0.0838868044 0.374061078 0.0406640298 0 0 0
B@CP 2481 0.172545366 -0.133328087 0.310444624 0 0 0
B@CP 2487 0.0829957732 0.256375296 -0.0427535434 0 0 0
B@CP 2492 0.079229207 -0.156035662 -0.198880124 0 0 0
C@CP 2500 0.370437194 -0.233954244 -0.133694111 0 0 0
C@CP 2501 -0.171896895 0.20133409 -0.168271848 0 0 0
C@CP 2502 0.267337637 -0.342454141 0.165106267 0 0 0
C@CP 2503 -0.178184703 0.00844036173 0.0388998415 0 0 0
C@CP 2504 -0.174577796 -0.161763761 -0.359490997 0 0 0
C@CP 2505 -0.172118945 0.302414066 -0.0290250236 0 0 0
C@CP 2506 -0.365535073 -0.128879952 -0.185697361 0 0 0
C@CP 2507 0.105744054 -0.00587298397 -0.401723939 0 0 0
C@CP 2508 -0.411008125 -0.0934572847 0.133018531 0 0 0
C@CP 2509 0.146619381 0.223182033 -0.301138575 0 0 0
C@CP 2510 0.366135907 0.0418421007 0.257375938 0 0 0
C@CP 2511 0.264869814 -0.0996547793 0.196456805 0 0 0
C@CP 2512 -0.311371743 -0.0747988979 0.0512651739 0 0 0
C@CP 2513 -0.320846367 -0.218633885 -0.0753877022 0 0 0
C@CP 2514 -0.193332818 -0.00383774744 -0.114195949 0 0 0
C@CP 2515 0.134051839 -0.0959895232 -0.211904322 0 0 0
C@CP 2516 -0.205723592 -0.282015633 0.051132375 0 0 0
C@CP 2517 -0.190712988 0.403677515 -0.16482222 0 0 0
C@CP 2518 -0.0411358021 0.00508581878 -0.43498415 0 0 0
C@CP 2519 0.0622240259 -0.170673964 -0.397580526 0 0 0
C@CP 2520 -0.449657754 -0.0695622084 0.036205992 0 0 0
C@CP 2521 0.0428416854 0.140543672 0.245141597 0 0 0
C@CP 2522 0.235366204 0.0165932989 0.03825429 0 0 0
C@CP 2523 -0.315498237 0.202045874 0.174766587 0 0 0
C@CP 2524 0.397357011 -0.0282928592 -0.267768262 0 0 0
C@CP 2525 0.201810676 0.342370316 -0.239238405 0 0 0
C@CP 2526 -0.223179499 0.180981889 0.229872868 0 0 0
C@CP 2527 -0.170644495 -0.0516190804 -0.116892251 0 0 0
C@CP 2528 0.201159757 0.208834904 -0.136360415 0 0 0
C@CP 2529 0.281518153 0.117318982 0.0449616444 0 0 0
C@CP 2530 -0.189883719 -0.0425585911 -0.361034347 0 0 0
C@CP 2531 -0.190851405 -0.353728028 -0.219595708 0 0 0
C@CP 2532 -0.0823342658 -0.29861893 -0.121931349 0 0 0
C@CP 2533 0.226078868 0.215306372 -0.0662362764 0 0 0
C@CP 2534 0.22060085 -0.04577441 -0.044084751 0 0 0
C@CP 2535 -0.309512453 -0.0584678465 -0.274777322 0 0 0
C@CP 2536 0.33252796 0.0172623854 -0.0319992255 0 0 0
C@CP 2537 0.378211761 -0.0389364285 -0.105758456 0 0 0
C@CP 2538 0.130730029 -0.268491657 0.200444155 0 0 0
C@CP 2539 -0.175648123 -0.388156559 -0.0428725829 0 0 0
C@CP 2540 -0.0812624217 0.334677767 -0.000553828455 0 0 0
C@CP 2541 0.0606411053 0.204246113 -0.0426740669 0 0 0
C@CP 2542 -0.103338497 0.426490802 -0.0497618232 0 0 0
C@CP 2543 -0.313511641 0.159287028 0.283524609 0 0 0
C@CP 2544 0.331828415 -0.209491747 -0.210597724 0 0 0
C@CP 2545 -0.267640222 -0.255621115 0.2355856 0 0 0
C@CP 2546 0.32194725 0.0317614321 -0.266765599 0 0 0
C@CP 2547 -0.359583648 0.218396661 0.162083816 0 0 0
C@CP 2548 -0.0327325633 0.385974737 0.0467584167 0 0 0
C@CP 2549 0.0312617652 -0.149474855 -0.0889557599 0 0 0
C@CP 2550 -0.0277411014 -0.0375360493 -0.121450085 0 0 0
C@CP 2551 0.454137557 -0.0594851583 -0.0439095075 0 0 0
C@CP 2552 0.123141095 0.178083306 0.374022461 0 0 0
C@CP 2553 0.031742909 -0.116669321 -0.0483401612 0 0 0
C@CP 2554 -0.0117202257 -0.0454595387 -0.269266085 0 0 0
C@CP 2555 -0.313070203 0.135116512 -0.232690182 0 0 0
C@CP 2556 0.22275395 -0.316009676 0.147037065 0 0 0
C@CP 2557 0.0922197183 -0.0885962502 -0.0107035457 0 0 0
C@CP 2558 -0.344491255 0.11238694 0.106168643 0 0 0
C@CP 2559 0.347004353 -0.085165374 -0.0523961318 0 0 0
C@CP 2560 0.348290008 0.16653477 0.0256407968 0 0 0
C@CP 2561 -0.0440936426 0.0838854595 -0.0266042857 0 0 0
C@CP 2562 0.0242424682 -0.318519048 -0.231233158 0 0 0
C@CP 2563 0.286802556 -0.0376605284 -0.0362141011 0 0 0
C@CP 2564 -0.139557495 -0.121216589 -0.296493551 0 0 0
C@CP 2565 0.077366007 -0.414828228 0.0779543608 0 0 0
C@CP 2566 0.289050607 -0.134304878 -0.0955553202 0 0 0
C@CP 2567 0.225337534 -0.254582298 0.284983571 0 0 0
C@CP 2568 0.149945121 0.395722493 -0.225675555 0 0 0
C@CP 2569 0.183495443 0.117659304 0.254745015 0 0 0
C@CP 2570 0.110021988 -0.138121693 0.275528892 0 0 0
C@CP 2571 -0.00353023618 0.342870542 0.0377253013 0 0 0
C@CP 2572 -0.0912245606 0.114271849 0.359492632 0 0 0
C@CP 2573 -0.186510195 -0.160955269 -0.243722531 0 0 0
C@CP 2574 -0.0687894917 0.0659034816 0.369843872 0 0 0
C@CP 2575 0.141472646 -0.150450579 -0.389212736 0 0 0
C@CP 2576 -0.188364327 -0.189702855 -0.246326703 0 0 0
C@CP 2577 0.143811525 0.243903802 -0.212788083 0 0 0
C@CP 2578 -0.215370263 0.0165640594 -0.284013786 0 0 0
C@CP 2579 -0.39983219 -0.0473150057 -0.220281009 0 0 0
C@CP 2580 0.377181143 0.20109623 -0.113719533 0 0 0
C@CP 2581 -0.325753914 0.23164404 0.138572202 0 0 0
C@CP 2582 0.0205444112 -0.315371446 0.331670609 0 0 0
C@CP 2583 0.097854585 0.158888757 0.415346173 0 0 0
C@CP 2584 -0.00680913563 -0.0725308035 0.324549725 0 0 0
C@CP 2585 0.13271941 0.0870643446 -0.43320811 0 0 0
C@CP 2586 -0.0258460542 -0.102134094 0.20213461 0 0 0
C@CP 2587 0.0509545728 -0.243823911 -0.0965169797 0 0 0
C@CP 2588 -0.0573815469 -0.0632097358 0.38978869 0 0 0
C@CP 2589 0.22906823 0.0945700326 -0.268467457 0 0 0
C@CP 2590 -0.0272596804 0.135572048 0.409425453 0 0 0
C@CP 2591 0.138230449 0.050117635 0.0681435884 0 0 0
C@CP 2592 0.0287063582 -0.133860261 -0.0907189534 0 0 0
C@CP 2593 -0.325108446 -0.129386797 -0.276589496 0 0 0
C@CP 2594 0.252393252 0.18129943 0.262595871 0 0 0
C@CP 2595 -0.272831038 0.147528398 -0.310217901 0 0 0
C@CP 2596 -0.180087081 -0.060437142 -0.402079857 0 0 0
C@CP 2597 0.235508803 -0.116531077 -0.281802002 0 0 0
C@CP 2598 0.146732284 0.310635259 -0.295338265 0 0 0
C@CP 2599 -0.181476488 -0.14833224 0.245654989 0 0 0
C@CP 2600 0.0874124844 -0.251797017 -0.079971409 0 0 0
C@CP 2601 -0.431343527 0.120709265 -0.111825853 0 0 0
C@CP 2602 0.204121554 -0.0483158257 0.28247084 0 0 0
C@CP 2603 0.08237168 -0.257197121 0.216274014 0 0 0
C@CP 2604 0.222892979 -0.403785341 0.0775124648 0 0 0
C@CP 2605 -0.111399724 0.170259069 0.177896696 0 0 0
C@CP 2606 -0.311582797 -0.0045918473 -0.0447243397 0 0 0
C@CP 2607 0.284477537 0.262845904 0.0177533944 0 0 0
C@CP 2608 0.408493017 -0.0380242209 0.248009528 0 0 0
C@CP 2609 -0.0700218464 0.102556277 0.38351957 0 0 0
C@CP 2610 0.0498393821 -0.349565342 0.0251710194 0 0 0
C@CP 2611 -0.407307175 -0.167666187 -0.0254679134 0 0 0
C@CP 2612 0.188835543 0.157459738 0.265883622 0 0 0
C@CP 2613 -0.0453937834 -0.26250675 -0.220562131 0 0 0
C@CP 2614 -0.0992926649 0.105136891 0.361236547 0 0 0
C@CP 2615 0.366678427 0.177889861 -0.155664324 0 0 0
C@CP 2616 0.0212154687 -0.137800787 0.221625875 0 0 0
C@CP 2617 -0.179503751 -0.151312576 -0.3341192 0 0 0
C@CP 2618 0.0886889251 -0.0206341729 -0.123391613 0 0 0
C@CP 2619 -0.153862983 0.265895611 -0.309802147 0 0 0
C@CP 2620 -0.00417140505 0.101775578 -0.252029318 0 0 0
C@CP 2621 0.115160926 -0.0328285575 -0.181210161 0 0 0
C@CP 2622 -0.237205332 -0.285559334 -0.210372983 0 0 0
C@CP 2623 0.38110108 0.0430916182 -0.218275902 0 0 0
C@CP 2624 -0.00779918905 0.433248376 -0.154887546 0 0 0
C@CP 2625 -0.331476834 -0.0995736955 0.293597793 0 0 0
C@CP 2626 0.123729604 -0.0651158818 -0.25338225 0 0 0
C@CP 2627 0.450091345 0.0743443907 -0.0886189193 0 0 0
C@CP 2628 -0.151266566 -0.337689749 0.216784772 0 0 0
C@CP 2629 -0.365418082 0.0289084513 -0.147816617 0 0 0
C@CP 2630 -0.200546826 -0.145851571 0.168919702 0 0 0
C@CP 2631 0.280963964 -0.206791896 -0.227208489 0 0 0
C@CP 2632 -0.359440624 0.0897355825 0.161023796 0 0 0
C@CP 2633 0.106357707 0.369711632 0.119506673 0 0 0
C@CP 2634 -0.301874349 0.279300006 0.0338758692 0 0 0
C@CP 2635 -0.137562903 0.0168062579 0.406691846 0 0 0
C@CP 2636 0.187248112 0.0953930306 0.010810904 0 0 0
C@CP 2637 0.115772042 -0.301002144 0.176155923 0 0 0
C@CP 2638 -0.222628777 0.109101796 -0.253091846 0 0 0
C@CP 2639 0.158581599 0.192033397 0.0186754583 0 0 0
C@CP 2640 0.0580240246 -0.0540078529 0.140121854 0 0 0
C@CP 2641 -0.161085482 -0.0273102228 -0.31380305 0 0 0
C@CP 2642 -0.137674033 -0.196610761 -0.408373871 0 0 0
C@CP 2643 -0.258489568 0.259934142 0.0132980867 0 0 0
C@CP 2644 0.135673281 0.0512496545 0.391949487 0 0 0
C@CP 2645 0.1717416 0.116705754 0.159973102 0 0 0
C@CP 2646 0.188752545 0.158626543 -0.368947662 0 0 0
C@CP 2647 0.334146408 -0.0544480285 -0.244012875 0 0 0
C@CP 2648 0.33629455 0.227786802 0.017906488 0 0 0
C@CP 2649 0.0998171775 -0.0911283169 0.152906272 0 0 0
C@CP 2650 -0.360955227 -0.153090491 -0.0234071797 0 0 0
C@CP 2651 0.233658005 0.170660381 -0.0801901847 0 0 0
C@CP 2652 0.042824547 0.213883299 0.239628867 0 0 0
C@CP 2653 -0.225386945 -0.242515915 0.144667639 0 0 0
C@CP 2654 -0.360169051 -0.0152473283 -0.212594183 0 0 0
C@CP 2655 -0.1854222 -0.104057253 -0.158487324 0 0 0
C@CP 2656 -0.206316516 -0.219247078 -0.0582664852 0 0 0
C@CP 2657 0.0226770344 -0.261362549 -0.19726173 0 0 0
C@CP 2658 -0.151269162 -0.0513858266 -0.411521177 0 0 0
C@CP 2659 -0.322317765 0.213536333 0.068024699 0 0 0
C@CP 2660 -0.195451387 0.0565429264 0.356567011 0 0 0
C@CP 2662 -0.135398616 -0.0370007024 -0.0596940813 0 0 0
C@CP 2663 0.223309094 -0.17565921 0.0133984025 0 0 0
C@CP 2664 0.203340199 -0.294716818 0.197848101 0 0 0
C@CP 2665 -0.136954963 0.413765645 -0.0572323125 0 0 0
C@CP 2666 0.069287537 -0.440767204 0.0394618555 0 0 0
C@CP 2667 0.166369469 -0.134727846 0.0966130129 0 0 0
C@CP 2668 0.0240870605 -0.402902119 0.188494147 0 0 0
C@CP 2669 0.139219379 0.0302122596 0.296132636 0 0 0
C@CP 2670 -0.120911701 -0.409166521 -0.167565599 0 0 0
C@CP 2671 0.197779554 0.2970952 0.0795633221 0 0 0
C@CP 2672 0.299823639 0.15269879 0.186221474 0 0 0
C@CP 2673 0.0283005304 -0.0829032035 0.139678186 0 0 0
C@CP 2674 -0.25427637 0.0239995534 -0.150257641 0 0 0
C@CP 2675 -0.263274142 0.111195113 0.159671345 0 0 0
C@CP 2676 0.400189707 0.194861296 0.113814296 0 0 0
C@CP 2677 -0.138266644 0.183284808 0.263233072 0 0 0
C@CP 2678 -0.130435714 0.33937434 -0.0194939828 0 0 0
C@CP 2679 0.37177389 0.146268622 0.153092768 0 0 0
C@CP 2680 -0.0191683059 0.166130885 -0.0857989091 0 0 0
C@CP 2681 0.197471176 -0.262350387 -0.193149045 0 0 0
C@CP 2682 -0.309823529 -0.2190413 0.0936766506 0 0 0
C@CP 2683 -0.141017343 0.242064733 0.15395181 0 0 0
C@CP 2684 0.0152605772 0.0103007887 -0.146940114 0 0 0
C@CP 2685 0.147277788 0.177527554 0.0622929916 0 0 0
C@CP 2686 0.0891965713 -0.0852369148 0.137560011 0 0 0
C@CP 2687 0.00453167201 -0.1275154 0.0258253458 0 0 0
C@CP 2688 0.202984552 0.128209594 0.285574966 0 0 0
C@CP 2689 -0.014114081 -0.0833650846 -0.0988504591 0 0 0
C@CP 2690 -0.0362822227 -0.221966736 0.392885912 0 0 0
C@CP 2691 -0.122651654 0.364206755 -0.0514047979 0 0 0
C@CP 2692 0.13431629 0.291486626 -0.0770350051 0 0 0
C@CP 2693 0.0973454948 -0.152317629 0.0501261286 0 0 0
C@CP 2694 0.227230804 -0.24495929 -0.00496438381 0 0 0
C@CP 2695 -0.309151041 0.227290365 -0.197609403 0 0 0
C@CP 2696 -0.0184715911 -0.199258166 -0.31268556 0 0 0
C@CP 2697 0.13130468 -0.413370113 -0.125559016 0 0 0
C@CP 2698 0.0712779187 -0.0543054612 0.266390778 0 0 0
C@CP 2699 0.107844024 0.0449246664 0.165772371 0 0 0
C@CP 2700 -0.155092507 0.381802472 -0.13939148 0 0 0
C@CP 2701 -0.054382966 -0.119265587 0.00131233481 0 0 0
C@CP 2702 -0.383370685 -0.0628292468 -0.0525270886 0 0 0
C@CP 2703 0.198807127 -0.135908951 -0.0131892663 0 0 0
C@CP 2704 -0.00214570574 -0.372075468 -0.179451002 0 0 0
C@CP 2705 -0.0682243641 0.219792046 -0.307380823 0 0 0
C@CP 2706 -0.442407169 -0.105847693 0.00443528041 0 0 0
C@CP 2707 0.117971461 -0.136128654 -0.41188108 0 0 0
C@CP 2708 0.277359653 -0.304213772 -0.199145081 0 0 0
C@CP 2709 0.131954129 0.275321352 0.0539250137 0 0 0
C@CP 2710 0.17105166 -0.111759713 0.325651787 0 0 0
C@CP 2711 0.0655992751 0.192267416 0.389913208 0 0 0
C@CP 2712 -0.157630577 -0.102570964 -0.388795566 0 0 0
C@CP 2713 0.345262202 -0.0427241467 -0.138209343 0 0 0
C@CP 2714 -0.228010933 -0.198995051 -0.12855243 0 0 0
C@CP 2715 -0.158868186 0.0162985814 0.37179018 0 0 0
C@CP 2716 0.206710924 -0.219444868 -0.0966922683 0 0 0
C@CP 2717 -0.334391337 -0.0152409388 -0.283704207 0 0 0
C@CP 2718 -0.141700509 0.163713499 0.0819366516 0 0 0
C@CP 2719 0.0864637849 0.335132198 0.177310701 0 0 0
C@CP 2720 0.0368926061 0.376241975 0.189551522 0 0 0
C@CP 2721 -0.0962650826 -0.16753156 -0.057861531 0 0 0
C@CP 2722 -0.0430294058 -0.150728273 -0.0167336504 0 0 0
C@CP 2723 -0.0057337042 -0.358167474 -0.253603912 0 0 0
C@CP 2724 -0.343030841 -0.250949346 -0.141734286 0 0 0
C@CP 2725 0.408853087 -0.0370643903 -0.0727471133 0 0 0
C@CP 2726 -0.00463121339 -0.399401946 -0.191291707 0 0 0
C@CP 2727 -0.130692539 0.432245813 -0.0316457108 0 0 0
C@CP 2728 0.35161459 -0.224313622 0.21895801 0 0 0
C@CP 2729 -0.143113911 -0.175823732 0.228181863 0 0 0
C@CP 2730 0.092371344 -0.159869469 0.2192551 0 0 0
C@CP 2731 0.398529009 -0.136390873 -0.177606196 0 0 0
C@CP 2732 -0.308898947 0.316386537 -0.077624555 0 0 0
C@CP 2733 -0.00991017508 0.238527591 0.16052277 0 0 0
C@CP 2734 -0.26853966 -0.257797138 -0.0354598608 0 0 0
C@CP 2735 -0.0984361508 -0.0499062423 -0.384610474 0 0 0
C@CP 2736 -0.0446071386 -0.091025148 -0.03960516 0 0 0
C@CP 2737 -0.264415124 0.121786443 0.316336461 0 0 0
C@CP 2738 0.0776439402 0.0903231668 0.0124501312 0 0 0
C@CP 2739 -0.143900548 0.0875143139 -0.105625937 0 0 0
C@CP 2740 -0.0459327082 0.0130086818 0.414456036 0 0 0
C@CP 2741 0.14567149 -0.119219512 -0.072945588 0 0 0
C@CP 2742 0.377205924 -0.192979283 0.116643407 0 0 0
C@CP 2743 0.263978849 -0.293944236 0.0327436348 0 0 0
C@CP 2744 0.0825656456 -0.225904712 0.158211561 0 0 0
C@CP 2745 0.234697846 -0.0841109457 -0.135574692 0 0 0
C@CP 2746 -0.16128653 0.287919548 0.276100398 0 0 0
C@CP 2747 -0.269048519 -0.0480720601 0.0167858542 0 0 0
C@CP 2748 0.0909123759 -0.192163354 -0.0261266975 0 0 0
C@CP 2749 0.256832347 -0.329572166 -0.0629773186 0 0 0
C@CP 2750 0.0359055064 0.400911521 -0.11592494 0 0 0
C@CP 2751 0.0235520889 -0.45546683 -0.0695142971 0 0 0
C@CP 2752 0.370433566 0.0588545079 0.168318314 0 0 0
C@CP 2753 0.0751409833 -0.371932078 0.154120106 0 0 0
C@CP 2754 -0.289704305 -0.108510859 -0.346696305 0 0 0
C@CP 2755 0.0494969664 0.0489456965 -0.460826975 0 0 0
C@CP 2756 0.106632209 -0.299988236 0.284970111 0 0 0
C@CP 2757 0.156328077 0.0760150114 -0.278130174 0 0 0
C@CP 2758 0.209847662 0.373527751 0.014556719 0 0 0
C@CP 2759 0.132788318 -0.241286009 0.224749083 0 0 0
C@CP 2760 0.468679564 -0.0318296124 -0.0345782621 0 0 0
C@CP 2761 -0.220874387 -0.358720784 0.108229983 0 0 0
C@CP 2762 0.0904770479 0.160234262 0.132418267 0 0 0
C@CP 2763 0.174888477 0.0793602804 -0.275108751 0 0 0
C@CP 2764 -0.264470517 0.0449674758 0.124270351 0 0 0
C@CP 2765 -0.132685808 0.225521985 -0.299919798 0 0 0
C@CP 2766 -0.105195181 -0.301676561 0.173001865 0 0 0
C@CP 2767 -0.234018889 -0.158331352 0.168171515 0 0 0
C@CP 2768 -0.0387551178 0.110238962 -0.272369736 0 0 0
C@CP 2769 0.383417683 0.106080931 0.110792459 0 0 0
C@CP 2770 0.231608408 0.0607674118 -0.325625473 0 0 0
C@CP 2771 -0.270123943 -0.129696975 -0.326561284 0 0 0
C@CP 2772 0.107083664 0.195973696 0.0889595108 0 0 0
C@CP 2773 0.289921995 -0.0761978203 -0.1048956 0 0 0
C@CP 2774 -0.434866157 0.137105073 0.0611253167 0 0 0
C@CP 2775 0.117471033 -0.166163982 0.192916723 0 0 0
C@CP 2776 -0.271678103 -0.173469006 0.0853791242 0 0 0
C@CP 2777 -0.0924465416 0.280701461 0.13025788 0 0 0
C@CP 2778 -0.123838664 0.128473512 -0.232369076 0 0 0
C@CP 2779 0.013469726 0.256861347 -0.270945452 0 0 0
C@CP 2780 0.155756539 -0.0111298595 -0.20754874 0 0 0
C@CP 2781 -0.163954995 -0.159248606 0.049539452 0 0 0
C@CP 2782 -0.114055553 0.000865266847 -0.0661677469 0 0 0
C@CP 2783 -0.0903845485 -0.00370738687 0.284515162 0 0 0
C@CP 2784 -0.146528843 -0.0830062448 -0.046570839 0 0 0
C@CP 2785 -0.356472794 0.117318444 -0.0665178056 0 0 0
C@CP 2786 -0.381829117 0.153074611 0.0129380096 0 0 0
C@CP 2787 0.108489724 -0.0187332141 0.0626154253 0 0 0
C@CP 2788 -0.0889809781 -0.308659725 -0.306223395 0 0 0
C@CP 2789 0.19996518 0.21232003 0.183273196 0 0 0
C@CP 2790 -0.321578606 0.233186301 -0.176298064 0 0 0
C@CP 2791 -0.192975542 0.0364532236 0.0785722992 0 0 0
C@CP 2792 -0.283209992 -0.262014314 -0.137250003 0 0 0
C@CP 2793 -0.195223027 0.157968583 -0.0697455355 0 0 0
C@CP 2794 0.344933888 -0.291373434 0.0602703142 0 0 0
C@CP 2795 0.0649819939 -0.126954556 0.312168706 0 0 0
C@CP 2796 0.16691877 0.233233026 -0.0323914029 0 0 0
C@CP 2797 0.228739526 0.226282909 0.10911829 0 0 0
C@CP 2798 0.0114064657 0.225342139 -0.130751435 0 0 0
C@CP 2799 0.325689744 -0.289661675 -0.118289924 0 0 0
C@CP 2800 -0.384163282 -0.0530478647 -0.239736208 0 0 0
C@CP 2801 -0.0335317206 0.0521786028 -0.345658758 0 0 0
C@CP 2802 0.112849562 0.314007796 -0.0788677199 0 0 0
C@CP 2803 -0.353103503 0.24274463 -0.137903008 0 0 0
C@CP 2804 -0.339825374 -0.194661565 -0.0607339523 0 0 0
C@CP 2805 -0.0846618553 0.301643666 -0.216789083 0 0 0
C@CP 2806 -0.325566506 -0.225493762 -0.194490418 0 0 0
C@CP 2807 0.0557438422 0.0321107419 -0.173506691 0 0 0
C@CP 2808 0.389807795 -0.0659373193 0.233281193 0 0 0
C@CP 2809 -0.186790989 -0.0791350383 0.352084222 0 0 0
C@CP 2810 -0.216757616 -0.11023077 0.0561544445 0 0 0
C@CP 2811 0.219604298 0.0384072253 -0.310583254 0 0 0
C@CP 2812 -0.361062373 -0.254067823 -0.0814024455 0 0 0
C@CP 2813 0.268272111 -0.0440399804 0.37552802 0 0 0
C@CP 2814 0.109110396 -0.197118532 -0.0236169966 0 0 0
C@CP 2815 -0.432231365 0.0719936924 0.091898033 0 0 0
C@CP 2816 0.14862972 -0.230952291 0.0691132185 0 0 0
C@CP 2817 0.0464417687 0.0411279259 -0.264304364 0 0 0
C@CP 2818 -0.0225754021 -0.0878249354 0.196924033 0 0 0
C@CP 2819 0.0532526355 0.0476912791 -0.352257015 0 0 0
C@CP 2820 -0.0459378438 -0.249463855 0.0284822484 0 0 0
C@CP 2821 0.00895578003 -0.075237133 -0.373501597 0 0 0
C@CP 2822 0.0275051212 -0.401162789 -0.120202458 0 0 0
C@CP 2823 0.0556269294 0.308014342 0.254535333 0 0 0
C@CP 2824 0.255533291 -0.24483765 0.0273167466 0 0 0
C@CP 2825 -0.245607947 0.356129023 0.153326761 0 0 0
C@CP 2826 0.346112098 -0.151736362 -0.086727571 0 0 0
C@CP 2827 -0.101622362 0.347303024 -0.236084954 0 0 0
C@CP 2828 -0.29514208 0.133262967 0.199946472 0 0 0
C@CP 2829 0.326188066 -0.0942655685 -0.152826927 0 0 0
C@CP 2830 -0.0926275315 0.00825727797 -0.433212851 0 0 0
C@CP 2831 0.172973637 0.237087354 0.0682943971 0 0 0
C@CP 2832 -0.126725984 0.141722143 0.313703258 0 0 0
C@CP 2833 0.286023593 0.0342385899 -0.199986583 0 0 0
C@CP 2834 0.37192904 0.0997442588 0.141733093 0 0 0
C@CP 2835 0.312002674 -0.0971096593 -0.0337199826 0 0 0
C@CP 2836 -0.11072138 0.155988438 -0.391282668 0 0 0
C@CP 2837 -0.0191636363 0.0267574047 0.126217122 0 0 0
C@CP 2838 0.0448261617 -0.312324861 0.3474086 0 0 0
C@CP 2839 0.268608304 0.0217168081 -0.234229788 0 0 0
C@CP 2840 -0.197041564 -0.00695000486 0.412462032 0 0 0
C@CP 2841 -0.297927873 -0.188204482 -0.197161434 0 0 0
C@CP 2842 0.383097761 -0.0798760568 -0.175304748 0 0 0
C@CP 2843 -0.0352361908 0.201766004 -0.0708672054 0 0 0
C@CP 2844 -0.164076693 -0.0152728473 -0.186884592 0 0 0
C@CP 2845 0.248259926 0.101064526 0.369283809 0 0 0
C@CP 2846 -0.379873443 -0.260414645 -0.144605466 0 0 0
C@CP 2847 -0.0189742985 0.204187345 0.226562847 0 0 0
C@CP 2848 -0.00950974993 -0.0118383711 0.198045401 0 0 0
C@CP 2849 -0.0475025329 0.211851587 -0.315899936 0 0 0
C@CP 2850 -0.156837022 0.00979176361 -0.231322819 0 0 0
C@CP 2851 0.133934306 -0.111246984 0.431994538 0 0 0
C@CP 2852 -0.144860647 0.125074212 0.368155601 0 0 0
C@CP 2853 -0.15431411 0.113861572 0.359355042 0 0 0
C@CP 2854 0.273587221 0.166099082 -0.0615167005 0 0 0
C@CP 2855 -0.101760616 -0.293915484 -0.149171042 0 0 0
C@CP 2856 -0.331672368 0.199802782 -0.168252615 0 0 0
C@CP 2857 -0.127581557 0.421881533 0.162149182 0 0 0
C@CP 2858 0.0553549642 -0.117210958 -0.31472093 0 0 0
C@CP 2859 0.238625173 0.0992315397 0.0255347387 0 0 0
C@CP 2860 0.0183899138 -0.138064727 -0.134857383 0 0 0
C@CP 2861 -0.332176785 -0.273181942 -0.112221979 0 0 0
C@CP 2862 -0.0105103831 0.139555969 0.315996342 0 0 0
C@CP 2863 -0.228874995 -0.129763727 -0.23164764 0 0 0
C@CP 2864 -0.217993711 -0.0735612507 -0.196576998 0 0 0
C@CP 2865 -0.308664627 0.156349386 0.202511199 0 0 0
C@CP 2866 -0.141715912 0.188219654 -0.19613571 0 0 0
C@CP 2867 0.16197116 0.166566132 0.162343333 0 0 0
C@CP 2868 0.000564915721 0.175205195 0.309236907 0 0 0
C@CP 2869 -0.109270166 0.183234488 -0.322750612 0 0 0
C@CP 2870 0.339785537 -0.105538963 -0.260312014 0 0 0
C@CP 2871 -0.0364705054 -0.17386483 -0.276034696 0 0 0
C@CP 2872 0.361421593 0.0915008217 0.0479450956 0 0 0
C@CP 2873 -0.060221992 0.11559102 -0.0921401537 0 0 0
C@CP 2874 0.042586414 0.0527227915 -0.0987068853 0 0 0
C@CP 2875 0.0829664201 0.122091593 -0.0609956734 0 0 0
C@CP 2876 0.217704069 0.0192668409 -0.190880741 0 0 0
C@CP 2877 -0.308858093 0.128402517 -0.148421836 0 0 0
C@CP 2878 -0.142440965 -0.0467607757 -0.331728691 0 0 0
C@CP 2879 -0.0469096972 0.10050201 0.0945448927 0 0 0
C@CP 2880 0.22410189 0.00205501977 0.266170968 0 0 0
C@CP 2881 0.175125838 0.0736003041 0.0949687479 0 0 0
C@CP 2882 0.207090821 0.362948742 -0.06863281 0 0 0
C@CP 2883 -0.234107024 0.162444533 0.0418208778 0 0 0
C@CP 2884 0.0177387135 -0.119914448 -0.0604782382 0 0 0
C@CP 2885 0.0793542829 0.0667576953 -0.2456701 0 0 0
C@CP 2886 0.135119678 -0.0205761491 0.179676037 0 0 0
C@CP 2887 -0.331124489 0.107993417 0.159142693 0 0 0
C@CP 2888 0.381228175 -0.0176157849 0.278064466 0 0 0
C@CP 2889 -0.173558804 0.114037298 -0.203647595 0 0 0
C@CP 2890 -0.0828950207 0.0824697164 0.114440741 0 0 0
C@CP 2891 0.130686274 0.0972042795 -0.136794482 0 0 0
C@CP 2892 0.0913705861 -0.0844695947 0.408699345 0 0 0
C@CP 2893 -0.0271499904 0.0671671087 0.206381614 0 0 0
C@CP 2894 -0.308215337 0.277070332 -0.19004675 0 0 0
C@CP 2895 0.0184258043 -0.12550936 -0.00704578393 0 0 0
C@CP 2896 -0.168841527 -0.140655621 -0.275411399 0 0 0
C@CP 2897 -0.279981748 0.0544128569 -0.0674567868 0 0 0
C@CP 2898 -0.242268126 0.165959661 0.11275756 0 0 0
C@CP 2899 -0.319770025 -0.242751297 -0.179547198 0 0 0
C@CP 2900 0.0661305141 0.175213845 -0.0504016284 0 0 0
C@CP 2901 -0.0718632777 0.0532599902 0.186609393 0 0 0
C@CP 2902 0.414987946 -0.125177924 0.142414991 0 0 0
C@CP 2903 -0.00118427013 -0.332378707 0.328981821 0 0 0
C@CP 2904 0.019969155 0.103046682 0.0921182383 0 0 0
C@CP 2905 0.224419708 0.209053917 0.177000601 0 0 0
C@CP 2906 0.282094023 0.126372077 -0.0910801446 0 0 0
C@CP 2907 -0.116037338 -0.135891929 0.429643243 0 0 0
C@CP 2908 0.200926061 -0.251523894 0.28252735 0 0 0
C@CP 2909 0.259639471 0.0785455716 -0.381929922 0 0 0
C@CP 2910 -0.399609243 0.0972906051 0.154798445 0 0 0
C@CP 2911 0.414006639 0.153883488 -0.107162132 0 0 0
C@CP 2912 0.256310116 0.0577807482 -0.324419015 0 0 0
C@CP 2913 0.0675952759 0.239081725 0.368258161 0 0 0
C@CP 2914 0.285572488 0.22194355 0.110654003 0 0 0
C@CP 2915 -0.200174636 0.0585814232 -0.227354607 0 0 0
C@CP 2916 0.160279615 0.140003256 0.0613917915 0 0 0
C@CP 2917 0.119483418 -0.426900474 -0.0853985165 0 0 0
C@CP 2918 -0.214372905 0.111240184 0.0248272983 0 0 0
C@CP 2919 -0.0815123505 -0.26982498 0.16517583 0 0 0
C@CP 2920 -0.433562399 0.00505128856 -0.0278279299 0 0 0
C@CP 2921 -0.220885314 -0.0629403813 -0.315362648 0 0 0
C@CP 2922 -0.112479844 0.268907302 -0.153699346 0 0 0
C@CP 2923 -0.0753585313 -0.153889946 -0.311324287 0 0 0
C@CP 2924 0.172394621 0.0187754499 -0.152768694 0 0 0
C@CP 2925 -0.408135867 0.103180887 -0.108302254 0 0 0
C@CP 2926 -0.216981617 -0.116893135 0.38031363 0 0 0
C@CP 2927 -0.21019386 -0.195463852 -0.244949994 0 0 0
C@CP 2928 0.164146101 -0.390481919 -0.0484908422 0 0 0
C@CP 2929 0.14004319 -0.0546786846 -0.344685675 0 0 0
C@CP 2930 0.0789758965 0.19876125 0.131040335 0 0 0
C@CP 2931 0.201219561 0.0352340208 -0.223813155 0 0 0
C@CP 2932 -0.00948116388 -0.00512683988 -0.376268271 0 0 0
C@CP 2933 0.103086018 0.193363811 -0.261958492 0 0 0
C@CP 2934 0.0112853885 0.222787238 -0.22323497 0 0 0
C@CP 2935 0.236019563 0.300097902 -0.226143131 0 0 0
C@CP 2936 0.152421123 -0.411595264 0.0891838118 0 0 0
C@CP 2937 0.233556155 -0.121098274 -0.108316344 0 0 0
C@CP 2938 0.221654618 -0.0543695235 0.0264178634 0 0 0
C@CP 2939 0.119738937 -0.0945887852 0.399857753 0 0 0
C@CP 2940 0.148543502 0.18275352 0.00567000649 0 0 0
C@CP 2941 0.143369621 0.269493745 0.0388751132 0 0 0
C@CP 2942 -0.169819407 0.0911061277 -0.119085295 0 0 0
C@CP 2943 0.108624026 0.24671064 0.039248406 0 0 0
C@CP 2944 0.377745725 0.238968166 0.0730511126 0 0 0
C@CP 2945 -0.428561532 -0.0379132759 0.0573338486 0 0 0
C@CP 2946 0.140197386 -0.0707143204 0.31085563 0 0 0
C@CP 2947 -0.302808027 0.0953491384 -0.128615333 0 0 0
C@CP 2948 -0.012121953 -0.0281540786 -0.00935019175 0 0 0
C@CP 2949 0.0843653698 -0.0540266695 -0.40329394 0 0 0
C@CP 2950 -0.0338810265 0.222935352 -0.390208276 0 0 0
C@CP 2951 -0.334101439 -0.0949159576 -0.199766109 0 0 0
C@CP 2952 -0.0328820616 0.253709641 -0.279835334 0 0 0
C@CP 2953 -0.120271423 -0.267516759 0.255558152 0 0 0
C@CP 2954 -0.334814791 0.322976439 -0.0252538592 0 0 0
C@CP 2955 -0.159625363 -0.376867457 0.0316760274 0 0 0
C@CP 2956 -0.421384087 0.00123784736 0.172311231 0 0 0
C@CP 2957 -0.40070737 -0.119694388 0.14846064 0 0 0
C@CP 2958 0.202249702 0.038362058 0.385227417 0 0 0
C@CP 2959 0.0959819254 -0.269808433 0.156142047 0 0 0
C@CP 2960 -0.0841247275 0.0897447347 0.212674649 0 0 0
C@CP 2961 0.354978528 0.111964864 0.225354761 0 0 0
C@CP 2962 0.174745447 0.212838319 0.31555454 0 0 0
C@CP 2963 0.0868631218 0.339465449 -0.100814532 0 0 0
C@CP 2964 0.260783349 0.22778959 0.0386894891 0 0 0
C@CP 2965 0.218917574 -0.141330593 0.367249206 0 0 0
C@CP 2966 -0.156762774 -0.0761989115 -0.157504871 0 0 0
C@CP 2967 0.293607952 0.0602684587 0.28660956 0 0 0
C@CP 2968 -0.00830226759 -0.187011008 -0.409667247 0 0 0
C@CP 2969 0.246484001 -0.000306135418 0.282576581 0 0 0
C@CP 2970 -0.327243469 -0.155709811 -0.133437746 0 0 0
C@CP 2971 -0.314028479 -0.280273684 -0.10889425 0 0 0
C@CP 2972 0.257236454 0.0149250684 0.226015095 0 0 0
C@CP 2973 0.13096923 -0.125245808 -0.28347771 0 0 0
C@CP 2974 -0.0707421464 0.248709132 0.0578034171 0 0 0
C@CP 2975 0.0240963204 -0.399432455 0.192720917 0 0 0
C@CP 2976 -0.398177942 0.221984845 0.152616279 0 0 0
C@CP 2977 0.120483033 0.166889297 -0.2153163 0 0 0
C@CP 2978 0.285166469 -0.0749380209 -0.0284150846 0 0 0
C@CP 2979 0.222385442 0.1516109 -0.0169636776 0 0 0
C@CP 2980 0.0636134759 0.0577614004 0.175680759 0 0 0
C@CP 2981 -0.0869158492 0.114845498 0.100867975 0 0 0
C@CP 2982 0.431706394 -0.132584886 -0.0768154172 0 0 0
C@CP 2983 -0.0880978997 -0.428995858 0.124451618 0 0 0
C@CP 2984 -0.0482920121 0.294482946 0.0651601986 0 0 0
C@CP 2985 0.0240530898 -0.0298067795 -0.0521819984 0 0 0
C@CP 2986 0.211171269 0.200653468 0.0731116791 0 0 0
C@CP 2987 -0.104386576 0.258010513 0.194940921 0 0 0
C@CP 2988 -0.126040837 0.151800944 -0.0878110421 0 0 0
C@CP 2989 -0.0872896161 0.239597047 0.375618585 0 0 0
C@CP 2990 0.113840235 0.285474848 -0.296749312 0 0 0
C@CP 2991 0.209963141 0.118563355 -0.133669483 0 0 0
C@CP 2992 -0.200311518 -0.135559123 0.188772469 0 0 0
C@CP 2993 0.100524898 0.0710891111 -0.141941601 0 0 0
C@CP 2994 0.248913293 0.18764494 -0.202263267 0 0 0
C@CP 2995 0.0792332685 0.0241065638 -0.383102101 0 0 0
C@CP 2996 -0.0115682145 0.0791514675 0.245028844 0 0 0
C@CP 2997 -0.0487605327 0.177816128 -0.359962992 0 0 0
C@CP 2998 0.0788700047 -0.0614317935 0.146719954 0 0 0
C@CP 2999 -0.27394288 -0.157885491 -0.10639403 0 0 0
C@CP 3000 -0.337697846 0.0227546683 -0.0905836632 0 0 0
C@CP 3001 0.157737531 0.0177784269 -0.399186954 0 0 0
C@CP 3002 -0.0467586396 -0.297912847 -0.366054423 0 0 0
C@CP 3003 -0.163582699 0.152822535 -0.40865464 0 0 0
C@CP 3004 0.15356592 0.335909148 -0.216152859 0 0 0
C@CP 3005 0.404796716 0.133827276 0.123255015 0 0 0
C@CP 3006 0.348251166 -0.151485738 0.0612295689 0 0 0
C@CP 3007 -0.0799829916 -0.242655263 0.0560432445 0 0 0
C@CP 3008 -0.0718910489 -0.163889241 -0.010532355 0 0 0
C@CP 3009 -0.0901221684 -0.0956117567 -0.129565833 0 0 0
C@CP 3010 -0.260171935 0.349840488 0.106849895 0 0 0
C@CP 3011 0.12138764 -0.0120383054 0.00335654529 0 0 0
C@CP 3012 -0.0396762572 -0.0829119488 -0.0776795484 0 0 0
C@CP 3013 0.0508128352 0.40868139 -0.0782434306 0 0 0
C@CP 3014 0.0210538658 0.153156485 0.114868256 0 0 0
C@CP 3015 -0.376706614 -0.127711211 0.0946233408 0 0 0
C@CP 3016 0.00011518847 -0.268356692 -0.402157243 0 0 0
C@CP 3017 -0.0957313334 0.314458235 0.293192719 0 0 0
C@CP 3018 -0.382141186 -0.0303252438 -0.0565483366 0 0 0
C@CP 3019 -0.201278822 -0.0152238449 -0.0192575692 0 0 0
C@CP 3020 -0.329608017 -0.290322805 0.0023076172 0 0 0
C@CP 3021 0.0743820569 0.167391534 0.0805998444 0 0 0
C@CP 3022 -0.320913828 0.183679944 0.0389233224 0 0 0
C@CP 3023 0.0436521564 0.0853713062 -0.414904282 0 0 0
C@CP 3024 -0.158946624 0.128398871 0.296629185 0 0 0
C@CP 3025 0.0133409196 -0.231131727 -0.121791717 0 0 0
C@CP 3026 0.181962111 0.250952728 0.0805396093 0 0 0
C@CP 3027 -0.16827389 0.0728202335 -0.0746495412 0 0 0
C@CP 3028 -0.141596178 0.138513665 0.221159389 0 0 0
C@CP 3029 -0.2598837 -0.0582628112 0.119369848 0 0 0
C@CP 3030 -0.0102206603 -0.144036546 0.25023282 0 0 0
C@CP 3031 -0.024943987 -0.333253478 -0.0755557944 0 0 0
C@CP 3032 -0.173398312 -0.219156015 -0.117466548 0 0 0
C@CP 3033 -0.15550555 0.272579698 0.328934973 0 0 0
C@CP 3034 -0.292443805 -0.238504929 -0.0734420122 0 0 0
C@CP 3035 0.179098906 0.301649562 -0.194256976 0 0 0
C@CP 3036 0.202784529 -0.24527618 0.282674549 0 0 0
C@CP 3037 0.234399189 -0.00254426686 0.375559274 0 0 0
C@CP 3038 0.143916881 0.112767333 -0.0617615371 0 0 0
C@CP 3039 0.0485683795 -0.00926258055 0.302058536 0 0 0
C@CP 3040 -0.154541041 0.409656458 0.0998847164 0 0 0
C@CP 3041 0.19151157 -0.120605638 0.175853684 0 0 0
C@CP 3042 -0.0138485333 -0.239282732 -0.0687492319 0 0 0
C@CP 3043 0.248150507 0.109422019 -0.363231459 0 0 0
C@CP 3044 0.043040676 -0.127925669 -0.295339032 0 0 0
C@CP 3045 -0.153938194 0.258657619 0.0768496711 0 0 0
C@CP 3046 -0.0761620251 0.113113505 0.310005892 0 0 0
C@CP 3047 -0.0601945895 -0.40960659 -0.0502255805 0 0 0
C@CP 3048 0.11430333 -0.132164514 0.414001411 0 0 0
C@CP 3049 -0.192688808 0.19329563 -0.376899515 0 0 0
C@CP 3050 0.0219432287 -0.12697263 -0.274326822 0 0 0
C@CP 3051 -0.144723076 -0.170624739 0.166983864 0 0 0
C@CP 3052 0.467615641 0.0381894996 -0.0290806878 0 0 0
C@CP 3053 -0.304405141 0.222779734 -0.042570732 0 0 0
C@CP 3054 0.101327997 -0.0330042823 -0.00789947093 0 0 0
C@CP 3055 -0.117250389 -0.0415355372 -0.279320143 0 0 0
C@CP 3056 -0.294674874 -0.0603397931 -0.0936578862 0 0 0
C@CP 3057 -0.375001065 -0.202528725 0.148827996 0 0 0
C@CP 3058 0.0184679959 -0.240735478 -0.0733016434 0 0 0
C@CP 3059 -0.221793566 -0.0322553128 0.0403627107 0 0 0
C@CP 3060 -0.164544116 0.305521634 -0.149850131 0 0 0
C@CP 3061 0.306977469 -0.0851088653 -0.117542319 0 0 0
C@CP 3062 0.258748669 0.24350994 -0.0108108931 0 0 0
C@CP 3063 -0.00622714114 0.331891663 -0.321014316 0 0 0
C@CP 3064 -0.0912678172 -0.315190263 -0.0990930176 0 0 0
C@CP 3065 -0.217283193 0.174263267 0.39028 0 0 0
C@CP 3066 -0.0709408785 -0.33682593 -0.240777273 0 0 0
C@CP 3067 0.35737489 -0.100326085 -0.283683276 0 0 0
C@CP 3068 0.0362429783 0.111916069 0.022533702 0 0 0
C@CP 3069 -0.154367554 -0.0210747733 0.354098436 0 0 0
C@CP 3070 0.325398166 -0.100083929 0.164862387 0 0 0
C@CP 3071 -0.234852339 -0.12775713 0.166996183 0 0 0
C@CP 3072 0.277018185 0.340802672 0.0846497541 0 0 0
C@CP 3073 -0.135953071 0.144550279 0.422663803 0 0 0
C@CP 3074 0.335700106 -0.0527439918 -0.232109518 0 0 0
C@CP 3075 -0.178431478 0.278905801 0.304231768 0 0 0
C@CP 3076 -0.0854071008 -0.13715668 -0.105227101 0 0 0
C@CP 3077 -0.0319238573 0.307440042 0.0619444346 0 0 0
C@CP 3078 -0.0154596442 0.386609009 0.102440441 0 0 0
C@CP 3079 -0.43166056 0.0304565468 -0.0705376755 0 0 0
C@CP 3080 -0.185700524 -0.0151999984 0.226776346 0 0 0
C@CP 3081 0.298865517 -0.167890162 0.134555025 0 0 0
C@CP 3082 0.00495123198 0.156514891 -0.196833684 0 0 0
C@CP 3083 -0.121450769 -0.0303569334 0.408983059 0 0 0
C@CP 3084 -0.0596876924 -0.150466647 0.24214415 0 0 0
C@CP 3085 0.0529649414 0.106327255 0.372829906 0 0 0
C@CP 3086 -0.051815497 0.189118924 -0.192997375 0 0 0
C@CP 3087 0.321160291 -0.0170284956 -0.332706608 0 0 0
C@CP 3088 0.307397903 -0.188021059 -0.0223220498 0 0 0
C@CP 3089 -0.423011771 -0.0072063744 0.110952833 0 0 0
C@CP 3090 0.108145217 -0.266497499 -0.286775604 0 0 0
C@CP 3091 0.06788922 -0.147302516 0.185899777 0 0 0
C@CP 3092 -0.275489131 0.267609042 -0.129863628 0 0 0
C@CP 3093 -0.218028142 -0.175938228 -0.0124645492 0 0 0
C@CP 3094 -0.0375091294 -0.298411791 0.148507918 0 0 0
C@CP 3095 0.183640507 0.0524629954 -0.179115667 0 0 0
C@CP 3096 0.150564498 -0.130335257 0.176455053 0 0 0
C@CP 3097 0.00251830645 -0.0901683693 -0.397630382 0 0 0
C@CP 3098 0.294498613 0.0540105643 0.293517663 0 0 0
C@CP 3099 0.217264779 0.230640324 -0.0106261706 0 0 0
C@CP 3100 0.0288398624 -0.0361293431 -0.0251907069 0 0 0
C@CP 3101 -0.363369983 -0.125442646 0.0893796923 0 0 0
C@CP 3102 -0.137328041 -0.135558879 -0.292872918 0 0 0
C@CP 3103 0.0736754966 -0.0847554748 -0.271791803 0 0 0
C@CP 3104 -0.135020403 -0.268252237 0.227316017 0 0 0
C@CP 3105 0.0295717029 0.322613664 -0.337946365 0 0 0
C@CP 3106 0.196781223 -0.0701517434 0.404376444 0 0 0
C@CP 3107 -0.176172077 -0.396069078 -0.073086033 0 0 0
C@CP 3108 -0.158490398 -0.230248485 0.183913808 0 0 0
C@CP 3109 -0.214886642 0.193711128 -0.350650079 0 0 0
C@CP 3110 -0.0769919412 0.288717943 -0.196848778 0 0 0
C@CP 3111 0.45203773 -0.0265397543 0.0269926864 0 0 0
C@CP 3112 -0.146939227 -0.0626629343 -0.0194544877 0 0 0
C@CP 3113 0.39886239 0.225592092 0.00421982025 0 0 0
C@CP 3114 0.118428101 -0.108237859 -0.331736998 0 0 0
C@CP 3115 -0.38174305 0.100280238 -0.053645604 0 0 0
C@CP 3116 0.198733206 0.181999019 0.225501478 0 0 0
C@CP 3117 -0.359625109 -0.0990462298 -0.266845648 0 0 0
C@CP 3118 -0.19526505 -0.0318270905 -0.389444457 0 0 0
C@CP 3119 -0.244796009 0.0193041388 -0.0686404348 0 0 0
C@CP 3120 0.152279523 -0.0845501459 0.118813622 0 0 0
C@CP 3121 0.136798715 -0.128355569 -0.347917734 0 0 0
C@CP 3122 -0.118284103 0.333117615 -0.0194608251 0 0 0
C@CP 3123 0.0122263302 0.413354827 -0.151357717 0 0 0
C@CP 3124 0.300666925 -0.189791531 -0.0225021025 0 0 0
C@CP 3125 -0.000906358649 0.24105285 0.161667565 0 0 0
C@CP 3126 -0.270824434 -0.0409089773 -0.214873573 0 0 0
C@CP 3127 -0.217327119 -0.219287224 -0.143341585 0 0 0
C@CP 3128 -0.130177486 -0.047365614 -0.214442931 0 0 0
C@CP 3129 -0.367028639 0.152562785 -0.161179391 0 0 0
C@CP 3130 0.227106991 -0.146025519 -0.376679291 0 0 0
C@CP 3131 -0.00454684724 0.241097998 -0.295771612 0 0 0
C@CP 3132 -0.108418864 -0.0386618954 0.303006488 0 0 0
C@CP 3133 -0.012843092 -0.233106236 -0.165613968 0 0 0
C@CP 3134 0.193639949 0.227913959 -0.280222826 0 0 0
C@CP 3135 -0.136967739 -0.158216919 -0.319367183 0 0 0
C@CP 3136 -0.0803198256 0.11756892 0.236701269 0 0 0
C@CP 3137 -0.176430448 0.396546224 -0.0575164371 0 0 0
C@CP 3138 -0.197458573 -0.144607956 0.192871075 0 0 0
C@CP 3139 -0.156101772 0.248845822 0.093806354 0 0 0
C@CP 3140 -0.0230757471 0.234055726 -0.258141502 0 0 0
C@CP 3141 0.027307978 0.197921989 0.144827081 0 0 0
C@CP 3142 0.121068757 -0.0272575308 -0.301654805 0 0 0
C@CP 3143 0.347803926 0.178342608 0.11689279 0 0 0
C@CP 3144 0.344149986 -0.0564114706 0.266223324 0 0 0
C@CP 3145 -0.0201485505 -0.159010437 0.105640893 0 0 0
C@CP 3146 -0.381420752 -0.0573227268 -0.119035681 0 0 0
C@CP 3147 -0.206873994 0.283420097 -0.00723290596 0 0 0
C@CP 3148 0.0754992574 0.215206653 -0.388710663 0 0 0
C@CP 3149 0.0313386391 0.13934417 -0.373155305 0 0 0
C@CP 3150 0.00509828782 -0.387072503 -0.156277272 0 0 0
C@CP 3151 0.193425786 0.253150076 0.186572831 0 0 0
C@CP 3152 -0.111630851 0.0352945474 0.00304597054 0 0 0
C@CP 3153 0.221129611 0.303395927 0.0947953474 0 0 0
C@CP 3154 -0.0824015311 -0.223908152 -0.158096881 0 0 0
C@CP 3155 0.159784434 -0.196078691 0.133317469 0 0 0
C@CP 3156 0.153556293 0.10678634 -0.0564772872 0 0 0
C@CP 3157 -0.230229958 -0.206178551 0.00364464841 0 0 0
C@CP 3158 -0.209376423 -0.300417679 -0.178958812 0 0 0
C@CP 3159 -0.228995124 -0.379134575 0.14890801 0 0 0
C@CP 3160 0.152597681 0.357723411 -0.0612392152 0 0 0
C@CP 3161 -0.327715445 0.00566583977 0.145608455 0 0 0
C@CP 3162 -0.384863536 -0.141368778 -0.0492560789 0 0 0
C@CP 3163 -0.254410859 0.0560069116 0.205527012 0 0 0
C@CP 3164 -0.0282678226 -0.42043237 -0.0910756162 0 0 0
C@CP 3165 -0.189442882 -0.404607524 0.0363123144 0 0 0
C@CP 3166 -0.134512146 -0.404091545 -0.0809044268 0 0 0
C@CP 3167 -0.0810935743 -0.386900968 -0.0464984615 0 0 0
C@CP 3168 0.162131387 0.266915365 -0.274755124 0 0 0
C@CP 3169 -0.0112803596 0.113074092 -0.251512434 0 0 0
C@CP 3170 0.144950266 -0.437695412 0.0115177134 0 0 0
C@CP 3171 -0.338533246 0.0700079134 0.152855183 0 0 0
C@CP 3172 0.284680282 0.154837158 -0.00148291033 0 0 0
C@CP 3173 -0.269228342 0.370837594 0.0394854118 0 0 0
C@CP 3174 0.314752293 -0.163493259 -0.0278176284 0 0 0
C@CP 3175 0.253554182 -0.129886445 -0.0607483142 0 0 0
C@CP 3176 0.0445892909 -0.0876187845 0.205413112 0 0 0
C@CP 3177 -0.0072879274 0.0378109491 0.267544855 0 0 0
C@CP 3178 0.0972891371 -0.359678185 0.0522769886 0 0 0
C@CP 3179 0.0573898279 -0.186561907 0.0211525756 0 0 0
C@CP 3180 0.131308831 0.16172142 0.0671878154 0 0 0
C@CP 3181 0.435852795 0.117258188 0.119658351 0 0 0
C@CP 3182 0.233838054 0.031755397 -0.120319559 0 0 0
C@CP 3183 -0.310978105 -0.322716717 -0.0906043203 0 0 0
C@CP 3184 -0.207547515 -0.033862969 -0.0129672619 0 0 0
C@CP 3185 -0.282720883 -0.191185994 -0.237254035 0 0 0
C@CP 3186 0.0440452443 -0.233058461 0.130924514 0 0 0
C@CP 3187 0.318238479 -0.128153326 -0.211209629 0 0 0
C@CP 3188 -0.0514708389 -0.0963477231 -0.0471557949 0 0 0
C@CP 3189 -0.0144983899 -0.119427157 0.16814572 0 0 0
C@CP 3190 0.139363099 0.148218603 0.382494908 0 0 0
C@CP 3191 -0.402196336 -0.0942999328 0.171637513 0 0 0
C@CP 3192 0.0194852799 -0.193346951 0.433611804 0 0 0
C@CP 3193 -0.075994895 -0.192329268 0.0589337564 0 0 0
C@CP 3194 -0.211486921 -0.328475236 0.0874798829 0 0 0
C@CP 3195 -0.217029374 -0.098362595 0.316003968 0 0 0
C@CP 3196 0.0813456366 0.181297232 0.0520897519 0 0 0
C@CP 3197 -0.0335536543 -0.00664935705 0.474441678 0 0 0
C@CP 3198 0.0750426181 -0.0459467669 -0.258842025 0 0 0
C@CP 3199 0.103022112 0.0331759991 0.101193778 0 0 0
C@CP 3200 0.00529820169 0.248847329 0.313613665 0 0 0
C@CP 3201 0.199058996 0.183453356 -0.0332097797 0 0 0
C@CP 3202 0.2477581 -0.164500609 0.176333156 0 0 0
C@CP 3203 0.153308287 -0.307519902 -0.187901194 0 0 0
C@CP 3204 -0.417474161 0.0265071626 0.0238907394 0 0 0
C@CP 3205 0.0292438837 0.387648893 0.00984936693 0 0 0
C@CP 3206 0.201023997 0.230575806 -0.059347844 0 0 0
C@CP 3207 -0.367137812 0.0216762746 -0.162586069 0 0 0
C@CP 3208 -0.129482384 -0.41507045 0.0550269522 0 0 0
C@CP 3209 0.0889160792 0.216841602 0.0412907976 0 0 0
C@CP 3210 0.0135739406 0.041723973 -0.178561743 0 0 0
C@CP 3211 0.0786664329 -0.294220712 -0.014641045 0 0 0
C@CP 3212 -0.361890089 -0.178390044 0.129454482 0 0 0
C@CP 3213 -0.0893878035 -0.368551265 0.128180679 0 0 0
C@CP 3214 0.0500237476 0.394983544 -0.223178498 0 0 0
C@CP 3215 0.122983692 0.102288586 0.172973833 0 0 0
C@CP 3216 0.10163146 -0.131608235 0.0669477236 0 0 0
C@CP 3217 0.367959307 -0.129904548 0.165654335 0 0 0
C@CP 3218 -0.0289215357 0.346047961 -0.296331811 0 0 0
C@CP 3219 0.0933004071 0.135256391 0.057230111 0 0 0
C@CP 3220 -0.296700786 -0.0461586242 -0.0820866366 0 0 0
C@CP 3221 0.0657772585 -0.36171278 -0.0431982325 0 0 0
C@CP 3222 0.131598016 -0.296222026 0.0773855306 0 0 0
C@CP 3223 -0.00288836472 -0.24884524 0.274359076 0 0 0
C@CP 3224 -0.143378499 0.271771511 -0.229029903 0 0 0
C@CP 3225 -0.30673647 -0.0122012218 0.319588039 0 0 0
C@CP 3226 0.0815005797 0.306555316 0.124477813 0 0 0
C@CP 3227 0.0514290572 0.41049616 0.133355305 0 0 0
C@CP 3228 0.169411908 -0.0849287648 0.149801718 0 0 0
C@CP 3229 0.0302984872 -0.190216095 0.313617663 0 0 0
C@CP 3230 -0.0616797095 -0.150346315 -0.156923925 0 0 0
C@CP 3231 -0.0199058337 0.323164701 0.15225981 0 0 0
C@CP 3232 -0.100653698 -0.194524861 -0.00209591371 0 0 0
C@CP 3233 -0.0676893926 -0.187519733 0.180358304 0 0 0
C@CP 3234 -0.0336399287 0.427293852 -0.00926961499 0 0 0
C@CP 3235 -0.099742163 -0.199177085 -0.301938326 0 0 0
C@CP 3236 -0.255363504 0.0770073641 -0.368645593 0 0 0
C@CP 3237 -0.288464596 0.143468019 0.0419900149 0 0 0
C@CP 3238 -0.223978241 -0.217194664 0.106385347 0 0 0
C@CP 3239 -0.0470662276 -0.173578979 0.092972849 0 0 0
C@CP 3240 -0.0197735556 0.113458344 -0.330898626 0 0 0
C@CP 3241 0.144344224 -0.191181885 -0.256869288 0 0 0
C@CP 3242 -0.371394428 -0.0318031993 0.207115589 0 0 0
C@CP 3243 0.0539374425 0.167997154 0.0453118556 0 0 0
C@CP 3244 -0.0668139547 -0.236567464 0.324231364 0 0 0
C@CP 3245 0.224801387 0.315151303 -0.105407458 0 0 0
C@CP 3246 0.217460146 -0.0146909071 -0.0853616056 0 0 0
C@CP 3247 0.12234705 -0.373267784 -0.274942016 0 0 0
C@CP 3248 -0.112745897 0.15701114 -0.401929203 0 0 0
C@CP 3249 0.12431623 -0.06932863 0.419355219 0 0 0
C@CP 3250 0.396969433 0.072241866 0.104639304 0 0 0
C@CP 3251 -0.104481441 0.0979995757 -0.247349543 0 0 0
C@CP 3252 0.312600608 -0.015475193 0.125954988 0 0 0
C@CP 3253 0.331083947 -0.0368482492 0.229078796 0 0 0
C@CP 3254 -0.0899266995 0.0659885272 -0.36195549 0 0 0
C@CP 3255 0.302929753 0.210690193 0.171380775 0 0 0
C@CP 3256 -0.00313002421 -0.117218448 0.02449181 0 0 0
C@CP 3257 0.0602651706 -0.357507933 -0.116141239 0 0 0
C@CP 3258 -0.0174291185 -0.435167827 0.144219043 0 0 0
C@CP 3259 0.199030807 0.104696268 -0.404733847 0 0 0
C@CP 3260 0.340821201 -0.159947641 -0.268545568 0 0 0
C@CP 3261 0.282460416 0.109602553 0.30604416 0 0 0
C@CP 3262 0.165189456 0.00171780753 -0.165765493 0 0 0
C@CP 3263 -0.351922089 -0.215856851 -0.00513040838 0 0 0
C@CP 3264 0.212395214 0.322881184 0.177074252 0 0 0
C@CP 3265 0.0263834018 -0.0328605854 -0.265054968 0 0 0
C@CP 3266 0.0153968288 -0.184201583 -0.428503519 0 0 0
C@CP 3267 0.0605194782 -0.0599697792 0.378615865 0 0 0
C@CP 3268 -0.0908909361 -0.315159846 0.0997036608 0 0 0
C@CP 3269 0.36302595 0.1269455 0.179417252 0 0 0
C@CP 3270 -0.4051691 0.0418774175 -0.0105962856 0 0 0
C@CP 3271 0.0244080452 -0.0879308544 0.311153094 0 0 0
C@CP 3272 -0.0511779849 -0.28531436 0.232896643 0 0 0
C@CP 3273 -0.132420711 -0.102276221 -0.124669536 0 0 0
C@CP 3274 -0.0923337511 0.00253457823 0.245727158 0 0 0
C@CP 3275 0.00368288371 -0.463864275 -0.0567298334 0 0 0
C@CP 3277 -0.35891565 -0.039330308 -0.179569615 0 0 0
C@CP 3278 0.126209024 0.395600191 0.0805014651 0 0 0
C@CP 3279 -0.263960968 0.171396113 -0.27324551 0 0 0
C@CP 3280 -0.429718252 -0.0795611906 0.0565474514 0 0 0
C@CP 3281 -0.339470183 -0.076864796 -0.0534136298 0 0 0
C@CP 3282 -0.308107353 -0.297270598 -0.0592567877 0 0 0
C@CP 3283 0.155437519 0.302121593 -0.308507279 0 0 0
C@CP 3284 -0.302218916 0.125332451 0.225997145 0 0 0
C@CP 3285 0.0288863169 -0.308367257 0.120453477 0 0 0
C@CP 3286 0.308700508 0.240313462 0.154219126 0 0 0
C@CP 3287 -0.0946368084 -0.271480903 0.352235442 0 0 0
C@CP 3288 0.0950569777 0.0803624313 -0.439790554 0 0 0
C@CP 3289 -0.192377566 0.232300365 -0.0458333488 0 0 0
C@CP 3290 0.196847844 -0.280861286 -0.0295810098 0 0 0
C@CP 3291 -0.115126759 0.347561073 0.187256587 0 0 0
C@CP 3292 0.266760053 0.199472094 -0.280639929 0 0 0
C@CP 3293 0.266088305 0.0458900416 -0.365948502 0 0 0
C@CP 3295 0.0431075975 0.147680768 -0.166011804 0 0 0
C@CP 3296 0.0158681148 -0.373502297 0.243995796 0 0 0
C@CP 3297 -0.181264604 0.209731309 -0.296666419 0 0 0
C@CP 3298 -0.25284286 0.0296758881 -0.142319972 0 0 0
C@CP 3299 0.094205412 0.364928808 -0.00966507946 0 0 0
C@CP 3300 -0.100056511 -0.162534899 0.0898401948 0 0 0
C@CP 3301 0.0187417149 -0.00127329412 -0.181997669 0 0 0
C@CP 3302 -0.0502634051 0.253607966 -0.398364895 0 0 0
C@CP 3303 0.0333114437 0.0754870536 -0.359773827 0 0 0
C@CP 3304 0.228411423 -0.145460139 0.367039194 0 0 0
C@CP 3305 -0.229727274 0.285147314 -0.270295172 0 0 0
C@CP 3306 -0.100177206 0.362712532 -0.0492805596 0 0 0
C@CP 3307 -0.146502528 0.131358586 0.196638897 0 0 0
C@CP 3308 0.0178887262 0.191811297 0.217512766 0 0 0
C@CP 3309 -0.387757817 -0.154572006 -0.0251322089 0 0 0
C@CP 3310 0.275160271 -0.06899533 -0.219225767 0 0 0
C@CP 3311 0.286893735 -0.227982604 -0.101038728 0 0 0
C@CP 3312 -0.0599675699 -0.17494335 -0.207927875 0 0 0
C@CP 3313 -0.186785648 0.351253272 0.0914582498 0 0 0
C@CP 3314 -0.0691376107 -0.162404658 -0.22452987 0 0 0
C@CP 3315 0.185706412 -0.418549183 0.0819082714 0 0 0
C@CP 3316 -0.0329778088 -0.0131638937 -0.270689548 0 0 0
C@CP 3317 -0.0162962923 0.196708904 0.372113199 0 0 0
C@CP 3318 0.240775027 0.0512714044 -0.139502804 0 0 0
C@CP 3319 0.0147830525 0.149872543 0.184005871 0 0 0
C@CP 3320 0.114409398 -0.179958584 -0.154982127 0 0 0
C@CP 3321 0.117931905 0.202848953 -0.330797888 0 0 0
C@CP 3322 -0.0703487221 0.172319736 -0.378530016 0 0 0
C@CP 3323 -0.0409952215 -0.0402500687 0.100592061 0 0 0
C@CP 3324 -0.355721539 -0.121008918 0.175607801 0 0 0
C@CP 3325 -0.089886163 -0.156082325 0.172244855 0 0 0
C@CP 3326 -0.116347243 0.174494889 0.08205168 0 0 0
C@CP 3327 0.00759272854 0.21801367 0.040697473 0 0 0
C@CP 3328 -0.191314062 -0.264383478 0.0161274581 0 0 0
C@CP 3329 0.142466503 -0.0699857054 -0.400981598 0 0 0
C@CP 3330 0.0636347604 -0.0724912335 0.279295305 0 0 0
C@CP 3331 -0.00976987369 0.188937465 -0.311717486 0 0 0
C@CP 3332 0.0250051367 -0.375468008 -0.212077225 0 0 0
C@CP 3333 -0.291798779 0.295973223 -0.0527092724 0 0 0
C@CP 3334 -0.422632932 -0.11613337 0.0322053515 0 0 0
C@CP 3335 0.0311643955 0.00237842392 0.0274705188 0 0 0
C@CP 3336 0.380252382 -0.0607681321 0.10756142 0 0 0
C@CP 3337 0.22091608 0.244605848 -0.131325525 0 0 0
C@CP 3338 0.300949134 0.139722118 0.0548670774 0 0 0
C@CP 3339 -0.173051756 0.355113638 0.0779360228 0 0 0
C@CP 3340 -0.32520201 0.123424073 -0.112249127 0 0 0
C@CP 3341 -0.251860381 -0.176758716 0.243640201 0 0 0
C@CP 3342 0.0342773881 -0.356000095 -0.260625424 0 0 0
C@CP 3343 -0.188556773 -0.104751146 -0.156427894 0 0 0
C@CP 3344 0.0420961623 -0.188250566 0.0196660039 0 0 0
C@CP 3345 -0.276158783 0.103889003 -0.267519205 0 0 0
C@CP 3346 0.235166086 -0.278865418 -0.0274929254 0 0 0
C@CP 3347 0.00925061742 -0.371649238 0.171341892 0 0 0
C@CP 3348 -0.186458295 0.173648785 -0.34537088 0 0 0
C@CP 3349 -0.234398289 0.347443738 0.124807096 0 0 0
C@CP 3350 -0.258337918 -0.248761741 -0.258221232 0 0 0
C@CP 3351 -0.0464869195 -0.243631411 0.344691457 0 0 0
C@CP 3353 0.14301232 0.209826998 -0.0672518456 0 0 0
C@CP 3354 0.332308379 -0.221833803 0.0760107736 0 0 0
C@CP 3355 -0.199109566 -0.254145933 0.180308256 0 0 0
C@CP 3356 -0.307520175 0.0582219442 0.0286355675 0 0 0
C@CP 3357 0.396237334 -0.0526386752 -0.186235484 0 0 0
C@CP 3358 0.162194719 0.0371370025 -0.357464249 0 0 0
C@CP 3359 0.153847224 0.144415489 -0.383818511 0 0 0
C@CP 3360 0.201411488 0.0478490789 -0.0125548362 0 0 0
C@CP 3361 -0.0472653268 -0.433905701 -0.0907860931 0 0 0
C@CP 3362 -0.0488347159 0.438108556 0.0483625266 0 0 0
C@CP 3363 -0.0230920545 -0.34020052 -0.272362189 0 0 0
C@CP 3364 -0.215918131 0.0998982081 -0.352321557 0 0 0
C@CP 3365 0.132932451 -0.0239986069 0.0779960912 0 0 0
C@CP 3366 -0.244186858 -0.305332042 0.148785564 0 0 0
C@CP 3367 0.119385224 0.312732662 0.195844264 0 0 0
C@CP 3368 0.165508778 -0.181688125 -0.113898005 0 0 0
C@CP 3369 -0.150263495 -0.377377906 -0.216563591 0 0 0
C@CP 3370 0.160982462 0.0273494984 0.32363832 0 0 0
C@CP 3371 -0.11920721 0.226535114 0.0124527699 0 0 0
C@CP 3372 -0.0115551092 0.263449111 -0.130676735 0 0 0
C@CP 3373 0.218089175 -0.124925101 -0.226853874 0 0 0
C@CP 3374 0.2343775 0.0470276159 -0.220908968 0 0 0
C@CP 3375 -0.153449675 -0.136841859 0.361662294 0 0 0
C@CP 3376 -0.22119662 -0.00082000463 0.29006425 0 0 0
C@CP 3377 -0.282630758 -0.168066237 0.236615946 0 0 0
C@CP 3378 -0.11195706 -0.268439083 0.292914025 0 0 0
C@CP 3379 0.0642657194 0.248509296 0.0598891395 0 0 0
C@CP 3380 -0.124096864 -0.113340485 0.145006452 0 0 0
C@CP 3381 0.1228462 0.17391349 0.151310611 0 0 0
C@CP 3382 0.314936883 0.105233948 -0.131436774 0 0 0
C@CP 3383 0.131962444 0.100831436 -0.276668751 0 0 0
C@CP 3384 -0.211099892 0.0764867505 0.252669869 0 0 0
C@CP 3385 -0.33820384 0.128695439 -0.0196651859 0 0 0
C@CP 3386 0.405852715 -0.125541163 -0.0731206388 0 0 0
C@CP 3387 0.158139143 -0.0487577361 0.127687978 0 0 0
C@CP 3388 -0.389043747 -0.0882144557 -0.238059065 0 0 0
C@CP 3389 -0.266178526 -0.258829451 0.0714011048 0 0 0
C@CP 3390 0.0579421272 -0.223145941 -0.286206962 0 0 0
C@CP 3391 0.0560494952 -0.172844591 -0.342203312 0 0 0
C@CP 3392 0.146967011 -0.0401000257 -0.348431342 0 0 0
C@CP 3393 0.00665825174 0.41974935 0.168750815 0 0 0
C@CP 3394 0.0823202733 -0.255589904 0.163728986 0 0 0
C@CP 3395 0.183916919 0.0156367579 -0.201022463 0 0 0
C@CP 3396 0.0949120535 0.183883511 -0.0142001497 0 0 0
C@CP 3397 -0.0167312027 -0.178176159 0.096553624 0 0 0
C@CP 3398 -0.217054834 -0.137401952 -0.341762695 0 0 0
C@CP 3399 0.21807029 -0.309904686 0.0893608764 0 0 0
C@CP 3400 0.0479592743 0.237473742 0.385642143 0 0 0
C@CP 3401 -0.0835455801 -0.210180836 0.40062228 0 0 0
C@CP 3402 0.277085575 -0.0153539789 -0.371844949 0 0 0
C@CP 3403 -0.044737841 -0.199988978 -0.310480367 0 0 0
C@CP 3404 -0.0331882939 0.0360594637 0.475645715 0 0 0
C@CP 3405 0.221042871 0.153660669 -0.24655686 0 0 0
C@CP 3406 0.185233688 -0.250162329 0.047794492 0 0 0
C@CP 3407 0.232169465 0.216873976 -0.180567584 0 0 0
C@CP 3408 0.0919428462 0.0395768367 -0.427238536 0 0 0
C@CP 3409 0.00907653619 -0.0542650909 -0.247458152 0 0 0
C@CP 3410 0.150405275 -0.131002299 0.176992225 0 0 0
C@CP 3411 -0.341879735 -0.180050512 0.122854439 0 0 0
C@CP 3412 -0.236529731 0.195004607 -0.132755103 0 0 0
C@CP 3413 -0.312599142 -0.181415034 -0.247445924 0 0 0
C@CP 3414 -0.0870480755 0.333261005 -0.0636169389 0 0 0
C@CP 3415 0.165919504 0.331125692 0.0707191167 0 0 0
C@CP 3416 0.0632933665 -0.40948471 -0.182541333 0 0 0
C@CP 3417 0.0961941713 0.408588175 -0.151806315 0 0 0
C@CP 3418 -0.428278345 0.147142625 -0.085120542 0 0 0
C@CP 3419 0.143968862 -0.282520891 -0.221773652 0 0 0
C@CP 3420 0.0637620163 0.249229 -0.374976139 0 0 0
C@CP 3421 0.0593762541 0.183217487 -0.347537921 0 0 0
C@CP 3422 0.196801991 0.384027581 -0.178571939 0 0 0
C@CP 3423 -0.247235989 0.0549811304 -0.0555359062 0 0 0
C@CP 3424 -0.230088945 -0.103639828 -0.224175318 0 0 0
C@CP 3425 0.298929538 -0.245131567 -0.0491820638 0 0 0
C@CP 3426 -0.322824585 -0.189669101 0.107843998 0 0 0
C@CP 3427 0.0370069852 0.0797726683 -0.251106816 0 0 0
C@CP 3428 0.0543825901 0.106644004 0.30751965 0 0 0
C@CP 3429 -0.108720608 -0.0358384418 -0.0183875316 0 0 0
C@CP 3430 -0.0658700707 -0.0895461937 0.0843496847 0 0 0
C@CP 3431 -0.300754475 0.144587747 -0.139769186 0 0 0
C@CP 3432 0.040718549 0.0839693037 0.00420938895 0 0 0
C@CP 3433 0.10271772 0.194464108 -0.409930446 0 0 0
C@CP 3434 0.079873816 0.0131439183 0.331870832 0 0 0
C@CP 3435 -0.0934803082 -0.247146247 0.023792709 0 0 0
C@CP 3436 -0.412634884 -0.00601700231 0.060761368 0 0 0
C@CP 3437 -0.0122700796 0.278630209 0.100312994 0 0 0
C@CP 3438 0.262252007 -0.301877881 0.0842680024 0 0 0
C@CP 3439 0.103907786 0.122476323 0.166400793 0 0 0
C@CP 3440 0.246921523 -0.261313688 0.0654797412 0 0 0
C@CP 3441 -0.347847489 -0.0427869113 -0.0792977909 0 0 0
C@CP 3442 0.30865996 0.0372200393 0.108296051 0 0 0
C@CP 3443 -0.14577158 -0.345771036 0.131829953 0 0 0
C@CP 3444 -0.189126318 0.182223614 0.0997789456 0 0 0
C@CP 3445 0.172577205 -0.308308478 -0.0870966404 0 0 0
C@CP 3446 0.0450578579 -0.309352167 -0.295078813 0 0 0
C@CP 3447 0.260891623 0.0989936873 0.0123420203 0 0 0
C@CP 3448 -0.243318799 -0.105446007 -0.337686483 0 0 0
C@CP 3449 -0.416883138 -0.0756374286 0.0588110085 0 0 0
C@CP 3450 0.0252299038 -0.0127168944 -0.262097103 0 0 0
C@CP 3451 0.220554104 -0.303461938 -0.0605417924 0 0 0
C@CP 3452 -0.145458577 -0.368903398 0.057561685 0 0 0
C@CP 3454 -0.0987288966 -0.250629685 0.00361003557 0 0 0
C@CP 3455 0.094210287 0.292766221 0.209742151 0 0 0
C@CP 3456 0.300267731 0.216777767 0.279089829 0 0 0
C@CP 3457 -0.121918399 -0.25442409 -0.295413682 0 0 0
C@CP 3458 -0.260754283 0.109657576 -0.154100189 0 0 0
C@CP 3459 -0.369047469 -0.122228046 0.0069370258 0 0 0
C@CP 3460 -0.119904018 0.136443036 0.352693276 0 0 0
C@CP 3461 -0.111885781 -0.221337126 0.138169781 0 0 0
C@CP 3462 0.0634751036 -0.282664397 0.114056725 0 0 0
C@CP 3463 0.131034293 0.154247427 0.0984529829 0 0 0
C@CP 3464 -0.0462870855 -0.0265585661 0.26321787 0 0 0
C@CP 3465 -0.000857731754 0.192333887 0.0566706902 0 0 0
C@CP 3466 0.126644545 0.433172944 -0.105531001 0 0 0
C@CP 3467 0.326233658 -0.231027812 0.0404468421 0 0 0
C@CP 3468 0.0787805268 -0.259391794 -0.14971659 0 0 0
C@CP 3469 0.0222132502 0.060311292 -0.164751544 0 0 0
C@CP 3470 -0.0858228603 -0.246049395 0.0994922604 0 0 0
C@CP 3471 -0.0702410539 -0.362527442 0.00748705085 0 0 0
C@CP 3472 0.162229924 0.223746374 0.228854506 0 0 0
C@CP 3473 -0.177237132 -0.267362441 -0.181114047 0 0 0
C@CP 3474 -0.108717845 -0.354858638 0.269199285 0 0 0
C@CP 3475 -0.428648575 0.129766807 -0.00235323474 0 0 0
C@CP 3476 0.0245715713 0.356378822 0.0767055003 0 0 0
C@CP 3477 0.0330930781 -0.261072828 -0.167185415 0 0 0
C@CP 3478 0.165967153 -0.132810278 0.414171371 0 0 0
C@CP 3479 0.306999423 -0.0766525388 -0.145006564 0 0 0
C@CP 3480 0.0945770892 -0.017148822 -0.138787981 0 0 0
C@CP 3481 0.324649486 -0.0250144179 0.0245482443 0 0 0
C@CP 3482 0.234810145 -0.0714107529 0.00148481449 0 0 0
C@CP 3483 0.210745687 0.395889394 -0.0668406298 0 0 0
C@CP 3484 -0.0359301574 0.266021953 -0.0710094408 0 0 0
C@CP 3485 -0.229468337 -0.0346232051 0.296495339 0 0 0
C@CP 3486 0.179076779 -0.40020317 0.157835541 0 0 0
C@CP 3487 0.396218315 0.185426721 0.173550964 0 0 0
C@CP 3488 0.187157893 0.183757846 0.339778531 0 0 0
C@CP 3489 0.291284169 -0.118368367 0.326804784 0 0 0
C@CP 3490 0.299839888 0.149896436 0.131332602 0 0 0
C@CP 3491 -0.309917871 0.316580446 -0.129818584 0 0 0
C@CP 3492 0.138948104 0.0783391326 -0.154561661 0 0 0
C@CP 3493 -0.0753102278 -0.413142111 0.207983418 0 0 0
C@CP 3494 0.208839108 0.0210930108 -0.0542000043 0 0 0
C@CP 3495 -0.318106307 -0.046980047 -0.166414283 0 0 0
C@CP 3496 0.328793836 0.110473769 0.170891845 0 0 0
C@CP 3497 0.379758263 0.0305976056 0.247591877 0 0 0
B@CP 3499 -0.282736253 -0.0496875724 0.182932217 0 0 0
C@CP 3500 0.00813672846 -0.218456821 0.396641695 0 0 0
C@CP 3501 0.283194761 -0.0292181596 -0.142736991 0 0 0
C@CP 3502 -0.24529714 -0.0653668939 -0.0651677766 0 0 0
B@CP 3504 0.22703247 -0.202519296 -0.309289554 0 0 0
C@CP 3505 -0.178383743 -0.0892343479 -0.358871768 0 0 0
B@CP 3507 -0.218501197 0.136982263 -0.189861014 0 0 0
C@CP 3508 0.143916559 -0.040046087 0.326096796 0 0 0
B@CP 3510 -0.363042443 -0.112687849 -0.173563747 0 0 0
C@CP 3511 0.0259235029 0.26278416 -0.15333539 0 0 0
B@CP 3513 0.271277201 0.2234685 -0.0802423629 0 0 0
C@CP 3514 -0.137813232 0.198087891 -0.050328236 0 0 0
