B@CP 1004 0.131919975 0.00522058217 -0.219999553 0 0 0
B@CP 1005 0.153530573 -0.0147799794 -0.294978342 0 0 0
B@CP 1008 0.00159904831 -0.16553872 -0.175748519 0 0 0
B@CP 1014 -0.126528275 -0.157263537 0.226170575 0 0 0
B@CP 1018 -0.247469425 -0.251279271 0.286326399 0 0 0
B@CP 1020 0.0493358682 0.0959798177 0.0162548714 0 0 0
B@CP 1025 0.351575422 -0.157893794 0.232755732 0 0 0
B@CP 1026 0.343889646 -0.146587395 -0.166078057 0 0 0
B@CP 1032 -0.285670693 0.330996956 -0.000204749071 0 0 0
B@CP 1033 -0.318304185 -0.275078461 -0.0879309169 0 0 0
B@CP 1034 -0.0963784321 0.420534239 0.0362041342 0 0 0
B@CP 1036 -0.354051407 0.233203741 0.211859443 0 0 0
B@CP 1040 0.23680219 -0.129783525 -0.0720326917 0 0 0
B@CP 1041 0.176100824 0.0364513539 -0.285272414 0 0 0
B@CP 1042 0.24756082 0.28780054 -0.110064549 0 0 0
B@CP 1045 0.0832794365 -0.180372829 0.420950173 0 0 0
B@CP 1046 -0.194371577 0.336488509 -0.164821739 0 0 0
B@CP 1047 0.183007503 -0.055712284 -0.423768603 0 0 0
B@CP 1055 -0.238929953 -0.300871235 -0.195108038 0 0 0
B@CP 1056 -0.120180689 -0.318912636 0.0891599156 0 0 0
B@CP 1059 0.273554284 -0.198662684 0.327233922 0 0 0
B@CP 1063 0.173035598 -0.0830739091 0.344714503 0 0 0
B@CP 1065 0.156634997 -0.282848456 -0.30720314 0 0 0
B@CP 1066 -0.0383547476 -0.277263395 -0.0340073071 0 0 0
B@CP 1068 0.170641088 0.19159732 -0.124670085 0 0 0
B@CP 1069 0.283510146 -0.0462226884 -0.119602354 0 0 0
B@CP 1070 0.1895624 -0.282270097 -0.00540031709 0 0 0
B@CP 1077 0.196531973 -0.276426572 0.148017295 0 0 0
B@CP 1080 0.336623428 -0.0369930384 -0.282382019 0 0 0
B@CP 1083 0.229779448 0.0947498815 0.11189047 0 0 0
B@CP 1084 0.149421476 -0.160508232 0.0915767585 0 0 0
B@CP 1085 -0.0133501504 -0.0571598126 0.267306229 0 0 0
B@CP 1089 -0.239707404 -0.175583868 0.102067046 0 0 0
B@CP 1091 -0.161953619 -0.00214746749 -0.379962383 0 0 0
B@CP 1092 0.317731439 -0.272888128 0.0936522466 0 0 0
B@CP 1093 -0.0903127127 -0.282876533 -0.277360681 0 0 0
B@CP 1094 -0.0330242409 -0.439099705 0.0476351356 0 0 0
B@CP 1099 -0.135622392 0.215100595 -0.0416594172 0 0 0
B@CP 1100 -0.119012802 -0.224453371 -0.192575235 0 0 0
B@CP 1104 -0.200188299 -0.232986735 0.0562310374 0 0 0
B@CP 1105 -0.317222226 0.0397357432 -0.253947095 0 0 0
B@CP 1106 -0.355403276 -0.119577547 -0.202309945 0 0 0
B@CP 1107 -0.0476290659 0.190808393 0.182032917 0 0 0
B@CP 1109 -0.205368169 -0.110616068 0.204564193 0 0 0
B@CP 1110 -0.0963001119 0.422333454 -0.0790401319 0 0 0
B@CP 1117 0.143029195 0.152201497 0.415502444 0 0 0
B@CP 1118 -0.151167848 -0.432694538 -0.0608046545 0 0 0
B@CP 1121 -0.202860962 -0.157163567 -0.0408474704 0 0 0
B@CP 1122 -0.291600801 0.130064242 -0.334156082 0 0 0
B@CP 1123 0.135878192 0.186918132 -0.0747895619 0 0 0
B@CP 1125 -0.259813541 0.0212715373 -0.0285246216 0 0 0
B@CP 1131 0.22308935 0.00258347306 -0.332532726 0 0 0
B@CP 1139 -0.254875533 0.112206408 0.348046588 0 0 0
B@CP 1143 -0.0999897463 0.243814204 -0.331415767 0 0 0
B@CP 1146 0.359034888 0.0834755967 -0.249129133 0 0 0
B@CP 1147 0.354559 0.0505296939 -0.0653766112 0 0 0
B@CP 1149 -0.0463098788 0.00203049797 0.296022196 0 0 0
B@CP 1152 0.0502536532 0.174566517 0.16938243 0 0 0
B@CP 1154 -0.264001386 -0.128920109 0.191988276 0 0 0
B@CP 1155 -0.0459843211 0.0994695568 0.106540639 0 0 0
B@CP 1160 -0.144654162 -0.0345483965 0.414546548 0 0 0
B@CP 1161 0.123854523 -0.28897493 -0.339873576 0 0 0
B@CP 1162 -0.319203079 0.169633459 -0.0617133007 0 0 0
B@CP 1163 -0.121591371 -0.330902359 0.177054939 0 0 0
B@CP 1166 -0.390214769 0.14726114 0.128601556 0 0 0
B@CP 1167 -0.218967543 -0.17308203 0.144266025 0 0 0
B@CP 1170 0.324177523 0.198505911 0.231751033 0 0 0
B@CP 1171 0.0403211619 0.362625077 -0.139035322 0 0 0
B@CP 1176 0.29773916 0.1879863 0.164804358 0 0 0
B@CP 1179 -0.157587167 -0.366751077 -0.255116055 0 0 0
B@CP 1185 0.356081302 -0.0590125335 -0.0890846013 0 0 0
B@CP 1186 0.346735442 -0.193740564 0.248524404 0 0 0
B@CP 1187 0.116809891 0.0125331402 0.107455727 0 0 0
B@CP 1188 0.177173819 0.183539747 0.343961053 0 0 0
B@CP 1189 0.243196842 -0.274758308 -0.259848722 0 0 0
B@CP 1190 0.0741007783 0.0845696294 -0.181805563 0 0 0
B@CP 1191 0.163485847 0.0389745762 0.170625601 0 0 0
B@CP 1192 0.0610449197 0.185060065 -0.192288753 0 0 0
B@CP 1196 0.0637660125 -0.157481433 0.14334763 0 0 0
B@CP 1197 0.448840704 0.0519394976 -0.105302214 0 0 0
B@CP 1200 0.389083595 -0.0491808592 -0.125772576 0 0 0
B@CP 1206 0.037927489 -0.290739324 -0.00117646325 0 0 0
B@CP 1211 -0.128340844 -0.369888945 0.212543274 0 0 0
B@CP 1221 0.241929458 -0.0461750667 0.0271728015 0 0 0
B@CP 1222 -0.203460781 0.406209212 0.110746235 0 0 0
B@CP 1225 -0.294157052 0.0118899755 0.238273741 0 0 0
B@CP 1226 -0.0019137319 0.247636076 0.273835309 0 0 0
B@CP 1228 -0.0168848569 0.420204109 -0.155199146 0 0 0
B@CP 1229 0.0236575936 -0.467440669 -0.0341789044 0 0 0
B@CP 1234 -0.104275641 -0.362965063 -0.0788606328 0 0 0
B@CP 1237 -0.22043575 0.341837055 -0.0532878319 0 0 0
B@CP 1239 -0.135590438 -0.224272048 -0.135440297 0 0 0
B@CP 1241 0.282641713 -0.198108544 -0.239768612 0 0 0
B@CP 1242 -0.322465245 0.139545246 0.240285192 0 0 0
B@CP 1245 0.0756284311 0.156696098 0.287920347 0 0 0
B@CP 1248 -0.313783777 0.221420161 -0.10555233 0 0 0
B@CP 1257 9.70797759e-05 -0.0836007491 -0.029897975 0 0 0
B@CP 1259 -0.0355199842 -0.289484819 -0.18527321 0 0 0
B@CP 1262 -0.141780312 0.181218271 -0.39962572 0 0 0
B@CP 1263 0.136779344 -0.0560984482 -0.377029172 0 0 0
B@CP 1264 0.275670145 -0.110615968 0.109329982 0 0 0
B@CP 1268 0.0935964917 0.421292771 -0.00309603519 0 0 0
B@CP 1274 -0.248937738 0.166500806 -0.300969392 0 0 0
B@CP 1275 0.0234856818 0.203573544 -0.312266511 0 0 0
B@CP 1280 0.0636400848 0.256271531 -0.0438360485 0 0 0
B@CP 1281 -0.231362832 -0.0637256803 0.107465245 0 0 0
B@CP 1284 -0.30107487 -0.21975861 0.208440277 0 0 0
B@CP 1285 -0.281442079 -0.211684654 0.170517679 0 0 0
B@CP 1291 0.343668768 -0.204868439 -0.0672955938 0 0 0
B@CP 1293 0.13498001 -0.146530399 -0.0860596667 0 0 0
B@CP 1299 -0.344217416 -0.304007376 -0.102010629 0 0 0
B@CP 1302 0.0205371198 0.309212045 -0.204120688 0 0 0
B@CP 1305 -0.198675996 0.2110184 0.223793064 0 0 0
B@CP 1306 -0.103752441 -0.00896620022 -0.08423787 0 0 0
B@CP 1312 -0.00640025012 -0.141416246 0.249513118 0 0 0
B@CP 1318 0.34058225 0.20537338 0.0875833935 0 0 0
B@CP 1320 0.251494746 -0.182721494 -0.241652623 0 0 0
B@CP 1323 0.00212689188 0.102567412 0.0107717069 0 0 0
B@CP 1324 -0.363892019 -0.251822167 -0.16091131 0 0 0
B@CP 1326 -0.0269179484 -0.35580352 0.141992567 0 0 0
B@CP 1330 0.0930057936 0.431294925 0.0611675708 0 0 0
B@CP 1332 -0.447286967 -0.0463021474 -0.0842364709 0 0 0
B@CP 1335 -0.191814865 -0.121457966 0.192817594 0 0 0
B@CP 1342 -0.23654488 -0.145829075 0.335203857 0 0 0
B@CP 1343 0.221815598 -0.296363976 -0.0960953223 0 0 0
B@CP 1345 -0.211048071 0.0499597107 0.0740971628 0 0 0
B@CP 1348 0.265625082 0.335929838 0.0261875654 0 0 0
B@CP 1354 -0.30755506 0.0420195923 0.320415678 0 0 0
B@CP 1356 -0.305471921 -0.0374831353 -0.104391264 0 0 0
B@CP 1362 0.351747166 -0.170422049 0.195162852 0 0 0
B@CP 1363 0.0281309527 0.282928692 -0.212945434 0 0 0
B@CP 1365 -0.014513585 -0.0667007049 0.253451718 0 0 0
B@CP 1367 -0.178135481 0.195528105 0.236518482 0 0 0
B@CP 1370 -0.281486574 -0.288824436 -0.0910217207 0 0 0
B@CP 1371 -0.103752447 -0.428517882 0.0428119272 0 0 0
B@CP 1372 -0.273580263 0.142464616 0.199271319 0 0 0
B@CP 1373 -0.404110009 0.197419629 0.104388533 0 0 0
B@CP 1375 -0.111117728 0.319764603 0.00155675168 0 0 0
B@CP 1379 0.292640883 -0.230344976 -0.185631375 0 0 0
B@CP 1385 -0.359357552 0.0605484235 0.0810524579 0 0 0
B@CP 1387 0.12596706 -0.217496177 -0.36254667 0 0 0
B@CP 1390 -0.123382806 0.209830161 0.120207705 0 0 0
B@CP 1391 0.289726317 -0.116003029 0.036902029 0 0 0
B@CP 1393 -0.327714889 0.0443170791 -0.290619818 0 0 0
B@CP 1398 0.311178415 -0.145339215 -0.139741243 0 0 0
B@CP 1406 0.117448829 -0.14115763 0.165689992 0 0 0
B@CP 1408 -0.268921151 -0.218316405 0.160129022 0 0 0
B@CP 1410 -0.0198678531 0.393468841 -0.218474528 0 0 0
B@CP 1416 -0.395138805 -0.159963524 -0.182468609 0 0 0
B@CP 1417 -0.0904873078 -0.000122942825 -0.253257695 0 0 0
B@CP 1422 0.100970263 -0.0505654024 0.41268742 0 0 0
B@CP 1423 -0.206842005 -0.225934089 -0.282233596 0 0 0
B@CP 1424 -0.0638102526 0.300970505 -0.238663514 0 0 0
B@CP 1428 -0.134289329 -0.223804759 -0.191927988 0 0 0
B@CP 1429 0.0601478189 -0.174174592 0.34249937 0 0 0
B@CP 1433 -0.312727159 0.114929528 -0.117555533 0 0 0
B@CP 1434 0.358247476 -0.013141782 -0.0714089442 0 0 0
B@CP 1436 0.113003139 -0.13935326 0.119379763 0 0 0
B@CP 1438 -0.163213756 -0.0194657545 0.0318878517 0 0 0
B@CP 1439 -0.257492271 0.146467916 0.207200709 0 0 0
B@CP 1446 -0.116457453 -0.304583207 -0.145461776 0 0 0
B@CP 1448 -0.0266352644 0.0789403746 -0.460329241 0 0 0
B@CP 1452 -0.103040989 -0.306089793 0.329826704 0 0 0
B@CP 1453 0.074151459 0.217019382 0.029197837 0 0 0
B@CP 1454 0.0238437786 0.0504221159 -0.334225893 0 0 0
B@CP 1465 0.346716441 -0.258655342 0.0613381545 0 0 0
B@CP 1466 0.206537124 0.143318374 -0.0584803765 0 0 0
B@CP 1470 0.159430005 -0.205968877 -0.286125951 0 0 0
B@CP 1471 -0.324587144 0.268063552 0.098268687 0 0 0
B@CP 1478 0.112763309 -0.129645119 0.141839704 0 0 0
B@CP 1481 0.025531193 -0.460549056 -0.0105744236 0 0 0
B@CP 1482 -0.0730009274 -0.0266977532 -0.433848672 0 0 0
B@CP 1483 0.0765902766 0.131758791 0.407457585 0 0 0
B@CP 1486 -0.229062048 -0.00596866809 0.0225980448 0 0 0
B@CP 1489 -0.0628700062 -0.333101661 -0.102826779 0 0 0
B@CP 1490 -0.33529881 0.127677455 -0.0502952938 0 0 0
B@CP 1491 -0.093904289 0.0151443379 0.219747731 0 0 0
B@CP 1492 0.184420836 -0.174177382 0.382668712 0 0 0
B@CP 1495 0.390017765 -0.071624854 -0.153812563 0 0 0
B@CP 1500 -0.364545856 -0.115802813 -0.131921699 0 0 0
B@CP 1504 -0.021140525 -0.0680950998 0.377980918 0 0 0
B@CP 1505 -0.213224944 0.046397892 -0.287387478 0 0 0
B@CP 1509 0.243323065 0.323644826 0.213119182 0 0 0
B@CP 1515 -0.279565427 0.0582711927 -0.256489626 0 0 0
B@CP 1519 -0.384943821 -0.102598708 0.144318391 0 0 0
B@CP 1523 -0.123888756 -0.0943465452 0.284849974 0 0 0
B@CP 1524 -0.0240945825 -0.16666905 -0.110425702 0 0 0
B@CP 1526 0.0587429079 -0.0384925483 0.394432677 0 0 0
B@CP 1527 0.014673491 -0.238197107 -0.0200628553 0 0 0
B@CP 1530 -0.0550209263 -0.286339255 -0.157870643 0 0 0
B@CP 1534 -0.079605003 0.44016675 -0.064787966 0 0 0
B@CP 1536 0.428463364 -0.0635443135 0.00949325478 0 0 0
B@CP 1551 -0.0322726732 0.407071283 0.095754826 0 0 0
B@CP 1552 -0.249111572 -0.130286183 -0.121021049 0 0 0
B@CP 1555 0.404254074 0.15746793 -0.157354045 0 0 0
B@CP 1561 -0.0854648097 0.261327816 0.315903249 0 0 0
B@CP 1567 -0.0908727827 0.359499603 0.0611279572 0 0 0
B@CP 1569 0.118429328 -0.265696578 0.279343098 0 0 0
B@CP 1572 0.270571189 -0.341080187 -0.0958879398 0 0 0
B@CP 1573 0.29736615 -0.170581176 -0.241970519 0 0 0
B@CP 1576 0.276922984 0.256085406 0.18838379 0 0 0
B@CP 1580 0.393737606 0.172027171 0.180012223 0 0 0
B@CP 1583 -0.0215720281 0.44985098 0.0969579233 0 0 0
B@CP 1584 0.300888212 0.314094985 -0.126368947 0 0 0
B@CP 1586 -0.201582712 -0.256271548 0.292767172 0 0 0
B@CP 1588 0.0371915443 0.0566131605 0.39038708 0 0 0
B@CP 1589 0.449088257 -0.0424816779 0.106102892 0 0 0
B@CP 1596 -0.223005621 0.309623602 -0.0632865284 0 0 0
B@CP 1600 -0.183087125 0.0833208033 -0.130114302 0 0 0
B@CP 1606 0.107991693 0.227163105 -0.26457724 0 0 0
B@CP 1609 -0.167932224 0.144746223 0.185071153 0 0 0
B@CP 1611 0.0196064083 0.0622451988 -0.326294938 0 0 0
B@CP 1613 -0.035397807 0.083724749 0.294437648 0 0 0
B@CP 1625 -0.176567804 0.296334168 0.294331495 0 0 0
B@CP 1630 0.190546243 0.174395809 0.394658029 0 0 0
B@CP 1637 0.00586863634 0.307734651 0.274611776 0 0 0
B@CP 1638 0.200353717 0.270604179 -0.197867538 0 0 0
B@CP 1642 0.115738961 0.0938965442 -0.162550895 0 0 0
B@CP 1645 0.259450217 0.188756894 -0.149048224 0 0 0
B@CP 1649 0.224817595 0.103536171 -0.324330472 0 0 0
B@CP 1655 0.334880827 0.203843768 0.189200268 0 0 0
B@CP 1656 -0.390891081 0.0580420369 0.252881124 0 0 0
B@CP 1673 0.0466301979 -0.0579800217 0.0819981673 0 0 0
B@CP 1678 -0.0260361988 -0.267740689 -0.351168063 0 0 0
B@CP 1679 0.0467886128 0.159657364 0.0392366395 0 0 0
B@CP 1681 0.373139439 0.0113651449 -0.140377866 0 0 0
B@CP 1686 -0.241889196 0.270022869 0.254885146 0 0 0
B@CP 1690 -0.197468571 0.181598272 -0.0195462087 0 0 0
B@CP 1694 -0.350196972 -0.0210402552 0.302882068 0 0 0
B@CP 1696 -0.106553474 -0.0336558057 -0.315855202 0 0 0
B@CP 1697 0.00155722565 -0.090273525 0.3095241 0 0 0
B@CP 1701 0.264243592 0.318080086 -0.14935056 0 0 0
B@CP 1703 0.0817832723 -0.0274288699 -0.45506778 0 0 0
B@CP 1710 0.106384928 -0.369303762 0.165908433 0 0 0
B@CP 1719 0.120884531 -0.00137381408 0.312017193 0 0 0
B@CP 1722 0.116148338 -0.375304198 0.25771807 0 0 0
B@CP 1727 -0.136437644 0.420102534 0.1123806 0 0 0
B@CP 1733 0.275728538 -0.104375875 0.146862926 0 0 0
B@CP 1735 0.0532103003 0.0959609474 -0.0841977779 0 0 0
B@CP 1736 -0.4419504 -0.0479763269 0.132055161 0 0 0
B@CP 1739 -0.346624566 -0.102764224 -0.189552517 0 0 0
B@CP 1740 -0.151810641 -0.10277284 0.271249918 0 0 0
B@CP 1743 0.33117423 -0.192597596 0.0111828815 0 0 0
B@CP 1745 -0.156768586 0.188970899 0.333259008 0 0 0
B@CP 1746 0.038059284 0.010732558 0.360571981 0 0 0
B@CP 1747 0.321050184 -0.0309130555 -0.218550411 0 0 0
B@CP 1748 -0.281193796 0.0500644138 -0.168231642 0 0 0
B@CP 1751 0.310511573 -0.254707378 0.089176035 0 0 0
B@CP 1752 -0.103209013 0.22953179 -0.222211984 0 0 0
B@CP 1755 0.316801199 -0.271410646 -0.189004545 0 0 0
B@CP 1763 0.116503251 -0.0669448854 -0.0737587831 0 0 0
B@CP 1774 0.130203837 0.339575218 -0.243898988 0 0 0
B@CP 1777 0.127866592 0.129253038 -0.0204403851 0 0 0
B@CP 1781 0.00798046396 0.136722952 -0.0507543961 0 0 0
B@CP 1789 0.173700553 -0.196655132 0.174147566 0 0 0
B@CP 1790 -0.0713742209 -0.0730670782 0.104011688 0 0 0
B@CP 1793 -0.380314813 0.073837012 0.150341807 0 0 0
B@CP 1800 -0.100455488 -0.154404174 -0.344610138 0 0 0
B@CP 1802 -0.235899523 0.185144897 -0.116069856 0 0 0
B@CP 1803 -0.104164599 -0.32587928 0.160215772 0 0 0
B@CP 1804 -0.0906649451 -0.248733967 -0.204773934 0 0 0
B@CP 1807 -0.00568864969 -0.145247815 0.19278258 0 0 0
B@CP 1814 0.33393842 0.02783642 0.2346813 0 0 0
B@CP 1815 -0.221189469 0.0542441785 0.385924587 0 0 0
B@CP 1817 0.0776729955 -0.210563852 -0.257518703 0 0 0
B@CP 1819 -0.427789975 0.0156387877 -0.0764848278 0 0 0
B@CP 1822 -0.36480623 -0.0707518516 0.138300138 0 0 0
B@CP 1823 0.0922432013 -0.181644488 0.0657970221 0 0 0
B@CP 1826 0.0832548191 -0.29347422 -0.228979577 0 0 0
B@CP 1828 -0.00931762407 -0.313335048 -0.175655353 0 0 0
B@CP 1835 -0.187142742 -0.0506013359 -0.119581633 0 0 0
B@CP 1836 0.115470688 -0.301426298 -0.0967912969 0 0 0
B@CP 1838 0.161997455 -0.0913453409 -0.0184518351 0 0 0
B@CP 1840 0.0433667421 -0.079251331 0.199822214 0 0 0
B@CP 1842 0.358868895 0.0250550555 -0.147911135 0 0 0
B@CP 1844 -0.405658752 -0.206849015 0.0367945301 0 0 0
B@CP 1847 -0.367877678 0.113486701 0.0210085637 0 0 0
B@CP 1848 -0.194179684 0.383566013 -0.0333724281 0 0 0
B@CP 1851 0.172180082 0.147975683 0.0431666619 0 0 0
B@CP 1852 -0.267251548 0.30343826 0.153947998 0 0 0
B@CP 1855 0.0117253985 0.446837364 -0.0156825214 0 0 0
B@CP 1856 -0.279302712 0.261823458 -0.243544881 0 0 0
B@CP 1858 0.0456432449 -0.234671494 -0.124492539 0 0 0
B@CP 1861 0.401126959 -0.0565382255 0.123385654 0 0 0
B@CP 1862 -0.0134573579 0.356710952 0.000966073156 0 0 0
B@CP 1866 -0.13584167 0.0796848644 -0.0422545752 0 0 0
B@CP 1870 0.332124746 0.133457007 -0.10506966 0 0 0
B@CP 1872 -0.170601779 -0.0446832703 0.171233221 0 0 0
B@CP 1873 -0.294875046 -0.328340914 0.150581841 0 0 0
B@CP 1877 0.0149292208 0.313223769 0.163979906 0 0 0
B@CP 1879 -0.120994206 0.0850722662 -0.387686837 0 0 0
B@CP 1880 -0.361016424 0.150470118 -0.120368713 0 0 0
B@CP 1881 -0.0839672464 -0.269827246 0.370968862 0 0 0
B@CP 1883 -0.212639448 0.282302836 0.0208945574 0 0 0
B@CP 1887 -0.143070013 -0.115617441 0.119739905 0 0 0
B@CP 1890 0.417899126 -0.165914936 -0.0727200867 0 0 0
B@CP 1891 0.323195394 -0.293955555 0.0313540673 0 0 0
B@CP 1892 -0.0144975661 0.403940895 -0.151897403 0 0 0
B@CP 1893 -0.210684608 -0.00532837896 0.137806384 0 0 0
B@CP 1899 -0.158722227 -0.143461457 -0.287217904 0 0 0
B@CP 1901 0.089081573 0.384995491 -0.165718528 0 0 0
B@CP 1903 0.296609018 0.15252497 -0.318626786 0 0 0
B@CP 1906 -0.110812651 -0.0650289654 -0.331232034 0 0 0
B@CP 1909 0.315186959 -0.194527245 -0.281160314 0 0 0
B@CP 1910 0.180972607 -0.2502197 -0.0549212006 0 0 0
B@CP 1911 0.129838221 -0.173583465 -0.168697718 0 0 0
B@CP 1915 -0.30611188 -0.0366416969 -0.0363868332 0 0 0
B@CP 1917 0.190611664 -0.0277414303 0.419855151 0 0 0
B@CP 1920 0.00261633308 0.331248069 0.0352095591 0 0 0
B@CP 1921 -0.317245485 0.105278703 -0.216259819 0 0 0
B@CP 1922 -0.448681261 0.0898323853 0.0477731425 0 0 0
B@CP 1925 -0.0401316251 0.00724327233 -0.351232526 0 0 0
B@CP 1935 -0.0550329853 -0.332695298 -0.104903356 0 0 0
B@CP 1937 -0.11528246 -0.0228171957 0.224593213 0 0 0
B@CP 1939 -0.248840071 -0.223571014 0.166204955 0 0 0
B@CP 1950 0.251104564 -0.339870553 -0.0494804352 0 0 0
B@CP 1955 0.050807511 0.0702617268 -0.422032155 0 0 0
B@CP 1958 0.00964171636 0.167564339 -0.050782736 0 0 0
B@CP 1967 0.252051375 0.0192407086 -0.169306369 0 0 0
B@CP 1970 0.353944125 0.0269016931 0.264322749 0 0 0
B@CP 1974 0.217480052 0.424193307 -0.00539202636 0 0 0
B@CP 1980 -0.123613945 0.1522984 -0.311543763 0 0 0
B@CP 1993 -0.177324193 -0.363862843 0.0730828892 0 0 0
B@CP 1994 -0.331542708 -0.0533136321 -0.0490716757 0 0 0
B@CP 1996 0.0601860899 -0.0586352404 0.184070529 0 0 0
B@CP 1999 -0.0302592475 0.340382026 0.0784605302 0 0 0
B@CP 2002 0.0508067407 0.036214065 -0.0377408905 0 0 0
B@CP 2005 0.35965379 -0.175618934 0.0212878406 0 0 0
B@CP 2013 -0.000910982031 0.186673694 0.310131327 0 0 0
B@CP 2019 0.255428711 -0.267171778 -0.138572142 0 0 0
B@CP 2021 -0.183508914 -0.0839836783 -0.0124100103 0 0 0
B@CP 2022 -0.130766768 0.0451250105 0.204856111 0 0 0
B@CP 2024 -0.171388532 -0.394097654 -0.0336023345 0 0 0
B@CP 2025 -0.220679825 -0.0535330529 -0.00212774844 0 0 0
B@CP 2026 -0.0463958135 0.275114815 -0.149039075 0 0 0
B@CP 2028 -0.171375707 0.370439621 0.081182288 0 0 0
B@CP 2029 -0.0458792525 0.3589518 -0.230840312 0 0 0
B@CP 2032 0.185623085 0.206167005 -0.0816413526 0 0 0
B@CP 2033 0.105741192 0.313492254 -0.0203966264 0 0 0
B@CP 2034 -0.388283213 -0.218935087 0.0272726904 0 0 0
B@CP 2036 0.0667950134 0.0388516867 0.364782893 0 0 0
B@CP 2037 -0.0454162596 0.164698365 -0.0369744844 0 0 0
B@CP 2040 0.0623521179 0.13763235 0.123186249 0 0 0
B@CP 2042 -0.0339068575 0.00442256488 -0.0416640157 0 0 0
B@CP 2043 0.108088738 0.42435558 -0.0505498735 0 0 0
B@CP 2048 -0.0244469902 -0.146400863 0.0601386569 0 0 0
B@CP 2050 -0.068732685 -0.284665383 0.0716326721 0 0 0
B@CP 2053 0.0764089559 -0.0633116481 -0.232982318 0 0 0
B@CP 2057 -0.183605791 0.321323044 0.0232026606 0 0 0
B@CP 2059 0.166895573 -0.00745637761 -0.26104995 0 0 0
B@CP 2060 0.153762712 -0.0755023642 -0.0662802661 0 0 0
B@CP 2068 0.00658875741 -0.312506974 -0.193035309 0 0 0
B@CP 2076 0.0162183009 0.29723883 0.141243404 0 0 0
B@CP 2077 -0.162260771 -0.352903419 0.157787065 0 0 0
B@CP 2078 0.266604404 -0.196115735 -0.328013844 0 0 0
B@CP 2079 0.364759833 -0.15349706 0.11299068 0 0 0
B@CP 2081 -0.120677314 -0.207102713 0.0412672659 0 0 0
B@CP 2082 0.166315345 -0.203417406 0.192116499 0 0 0
B@CP 2083 -0.265245089 0.321692526 0.141391703 0 0 0
B@CP 2086 -0.0559126392 -0.0736855387 0.282248724 0 0 0
B@CP 2087 -0.197323128 -0.0292619306 0.130108456 0 0 0
B@CP 2091 0.350015028 -0.195060107 0.0975937259 0 0 0
B@CP 2095 0.292750194 -0.160650136 -0.171758232 0 0 0
B@CP 2103 0.0465453702 0.177084427 0.308103899 0 0 0
B@CP 2105 -0.190664665 -0.0787327756 0.403949639 0 0 0
B@CP 2109 0.0931915391 -0.233677356 0.0447385421 0 0 0
B@CP 2110 0.315801383 -0.338332057 -0.0447852703 0 0 0
B@CP 2111 0.0364062197 0.24318778 0.109103309 0 0 0
B@CP 2113 0.202306564 -0.146267889 0.082991952 0 0 0
B@CP 2114 -0.099875059 -0.0217860008 0.369637373 0 0 0
B@CP 2115 0.0316893499 0.00172051604 0.296983774 0 0 0
B@CP 2117 0.220774466 0.162020129 -0.306725804 0 0 0
B@CP 2118 -0.238591535 0.0531856873 -0.267555532 0 0 0
B@CP 2119 0.0584845559 0.148839013 -0.0605532977 0 0 0
B@CP 2125 -0.273928403 -0.251698619 0.227916754 0 0 0
B@CP 2127 -0.283649191 0.0652948762 0.243812097 0 0 0
B@CP 2130 -0.218212465 0.256380706 -0.077128117 0 0 0
B@CP 2131 -0.139331047 -0.407800387 -0.1818075 0 0 0
B@CP 2133 0.212890212 -0.102602076 -0.4073319 0 0 0
B@CP 2134 -0.105411185 -0.325736802 -0.226469703 0 0 0
B@CP 2136 -0.280084157 0.144890016 -0.294603961 0 0 0
B@CP 2141 0.302913012 0.176423609 -0.287354068 0 0 0
B@CP 2144 -0.102557174 0.29090762 0.261085335 0 0 0
B@CP 2145 0.293471201 0.220438821 0.26324258 0 0 0
B@CP 2149 -0.153296688 -0.32224685 -0.234823668 0 0 0
B@CP 2154 0.361682032 0.035907324 -0.262627652 0 0 0
B@CP 2161 -0.338029622 -0.31106698 -0.0109895707 0 0 0
B@CP 2164 -0.0783869471 0.0175249637 -0.402455505 0 0 0
B@CP 2166 -0.101425225 0.0399412464 0.414883638 0 0 0
B@CP 2168 -0.209342446 -0.243279622 -0.17058091 0 0 0
B@CP 2169 -0.350137931 0.0660744775 0.222087291 0 0 0
B@CP 2175 -0.231024521 0.040330721 -0.385887279 0 0 0
B@CP 2177 0.0724874449 0.245100243 0.362726341 0 0 0
B@CP 2182 -0.045113964 -0.266341483 0.260597132 0 0 0
B@CP 2186 0.105993639 -0.237480748 -0.366730192 0 0 0
B@CP 2188 0.43310186 0.110379314 -0.104408092 0 0 0
B@CP 2203 -0.277540943 -0.246755413 -0.110679546 0 0 0
B@CP 2205 0.0157912225 -0.136906119 -0.235245258 0 0 0
B@CP 2207 0.0284059915 0.410981432 -0.0416759179 0 0 0
B@CP 2208 -0.0858587595 -0.352573741 -0.0830050576 0 0 0
B@CP 2213 -0.238728102 -0.0773438786 -0.332211755 0 0 0
B@CP 2215 0.253587496 0.339065822 0.0505707191 0 0 0
B@CP 2217 -0.391998147 0.0242420737 0.21565925 0 0 0
B@CP 2220 0.0190382935 -0.11130724 -0.211046284 0 0 0
B@CP 2221 0.0269311159 -0.174294963 -0.432985922 0 0 0
B@CP 2222 0.0888496559 -0.257971772 -0.313235323 0 0 0
B@CP 2225 0.229862285 0.197854262 0.00589908094 0 0 0
B@CP 2226 0.0786210053 0.0574311833 0.28041148 0 0 0
B@CP 2228 0.0696879832 0.08052331 -0.305652854 0 0 0
B@CP 2230 -0.0655954113 0.214404694 0.341227007 0 0 0
B@CP 2233 0.101245661 0.153142647 -0.114315528 0 0 0
B@CP 2234 0.281818185 0.257877946 -0.248155411 0 0 0
B@CP 2248 -0.00924424132 -0.223619619 0.0992514464 0 0 0
B@CP 2250 -0.300814772 0.171608571 0.0477867189 0 0 0
B@CP 2251 -0.0964465563 0.113236251 -0.348899867 0 0 0
B@CP 2252 0.0795807991 -0.0600247186 -0.129246524 0 0 0
B@CP 2254 -0.112499403 -0.0677456311 0.145383478 0 0 0
B@CP 2255 -0.285202277 0.218766723 -0.0491605032 0 0 0
B@CP 2256 0.288199278 0.239547274 0.26642081 0 0 0
B@CP 2263 0.37123931 -0.174060792 0.198015306 0 0 0
B@CP 2267 0.0456398036 0.0802537085 -0.0273480631 0 0 0
B@CP 2271 -0.149615991 0.303824495 -0.300809718 0 0 0
B@CP 2272 -0.392213934 -0.0792920651 -0.0997016337 0 0 0
B@CP 2273 0.24322893 -0.292877634 -0.24508992 0 0 0
B@CP 2275 0.0556455978 -0.0668372746 0.380593961 0 0 0
B@CP 2279 0.21292697 -0.264569485 0.193455676 0 0 0
B@CP 2282 0.0952062794 -0.107757675 0.158996548 0 0 0
B@CP 2284 -0.200319937 0.309032708 -0.233656605 0 0 0
B@CP 2285 0.393517317 0.190732175 0.0124346245 0 0 0
B@CP 2293 -0.0269917957 -0.221798869 0.0313853353 0 0 0
B@CP 2299 0.310254375 0.0426161834 -0.0151072777 0 0 0
B@CP 2300 0.438981426 -0.0441558258 -0.0703727878 0 0 0
B@CP 2301 -0.310108043 -0.0906492531 0.218012593 0 0 0
B@CP 2303 0.313447456 -0.0172501433 0.0716119267 0 0 0
B@CP 2305 0.309053563 -0.140638755 -0.313422011 0 0 0
B@CP 2309 -0.0410920743 0.0605837905 0.248600299 0 0 0
B@CP 2313 0.132494406 -0.146412914 0.127673872 0 0 0
B@CP 2315 0.338353082 0.272282356 0.0786457994 0 0 0
B@CP 2320 -0.316320138 -0.296365357 -0.143170382 0 0 0
B@CP 2325 0.0501828924 0.296223482 0.123676502 0 0 0
B@CP 2329 -0.37358139 0.00575169658 -0.102435898 0 0 0
B@CP 2331 -0.265074231 0.131480824 -0.0121381282 0 0 0
B@CP 2332 0.182298407 0.32447413 -0.0231623356 0 0 0
B@CP 2333 0.137272946 0.047474868 0.314538528 0 0 0
B@CP 2335 -0.376710096 -0.240067087 0.0329431218 0 0 0
B@CP 2336 -0.0864377295 0.0511355355 -0.219995863 0 0 0
B@CP 2340 -0.163345436 -0.230384986 -0.0565702624 0 0 0
B@CP 2343 -0.0923541814 0.200153763 0.216943882 0 0 0
B@CP 2346 -0.163392274 0.056305894 0.398262212 0 0 0
B@CP 2348 -0.257643906 0.341987498 0.0343703206 0 0 0
B@CP 2350 -0.206699505 -0.147968877 0.0787145264 0 0 0
B@CP 2351 0.310266747 -0.115696547 -0.337384463 0 0 0
B@CP 2356 0.327469585 -0.273344291 0.104335942 0 0 0
B@CP 2357 -0.246681785 -0.241950956 -0.286358312 0 0 0
B@CP 2359 0.228314432 -0.269281012 0.248178379 0 0 0
B@CP 2363 -0.0289719551 -0.191533678 0.346160838 0 0 0
B@CP 2365 -0.188303749 0.0124807683 0.186384741 0 0 0
B@CP 2368 -0.141656271 -0.225180887 0.165007218 0 0 0
B@CP 2369 0.0148467219 -0.285831793 0.27912479 0 0 0
B@CP 2370 0.188039531 -0.294070411 0.0851331542 0 0 0
B@CP 2372 0.17762836 0.120435217 0.236155764 0 0 0
B@CP 2373 0.0521203398 0.0469643492 0.0407961369 0 0 0
B@CP 2376 0.139757683 -0.109761869 0.167669327 0 0 0
B@CP 2381 0.0722472425 0.431841452 0.108836523 0 0 0
B@CP 2382 -0.285455879 0.116972852 -0.122665666 0 0 0
B@CP 2383 -0.193358545 0.345377311 -0.231298953 0 0 0
B@CP 2386 0.00360105094 0.178545663 -0.349589761 0 0 0
B@CP 2388 0.00366266645 -0.366220821 -0.0569238788 0 0 0
B@CP 2392 0.0286360854 -0.100255722 0.227245471 0 0 0
B@CP 2395 -0.0168571779 0.0136619471 0.097020419 0 0 0
B@CP 2397 0.13631055 -0.229231961 -0.147759942 0 0 0
B@CP 2400 0.316767132 -0.138095973 -0.289230941 0 0 0
B@CP 2402 0.212248905 -0.297590583 -0.0163717279 0 0 0
B@CP 2405 -0.076494527 0.273370526 0.222649087 0 0 0
B@CP 2411 0.150918685 0.179831396 0.247505315 0 0 0
B@CP 2413 -0.331889381 0.185263401 0.208128214 0 0 0
B@CP 2416 0.176924756 0.0336782411 -0.189909424 0 0 0
B@CP 2421 0.143151054 0.0638234043 0.411237749 0 0 0
B@CP 2437 -0.326908154 0.210520311 -0.218762496 0 0 0
B@CP 2441 -0.0242393542 0.06320142 0.127549979 0 0 0
B@CP 2456 -0.218899443 0.342336962 -0.226240187 0 0 0
B@CP 2457 -0.263830449 0.219690274 -0.0895434283 0 0 0
B@CP 2459 0.148846045 -0.230285343 0.147977276 0 0 0
B@CP 2460 -0.0451312601 0.0802511095 0.102999054 0 0 0
B@CP 2461 0.336488083 0.129788921 -0.252641172 0 0 0
B@CP 2462 -0.207730021 -0.319601203 -0.0720020552 0 0 0
B@CP 2467 0.27893502 -0.110608853 0.0269548929 0 0 0
B@CP 2471 0.0281615187 0.182573632 0.362780729 0 0 0
B@CP 2475 0.272410995 -0.12494877 -0.223971444 0 0 0
B@CP 2477 0.133040157 -0.0270333872 0.269175043 0 0 0
B@CP 2481 0.36973549 0.125238607 -0.108257261 0 0 0
B@CP 2487 -0.292848661 0.24139775 0.239528291 0 0 0
B@CP 2492 -0.342535272 0.0652523984 0.0682631806 0 0 0
C@CP 2500 -0.334916728 -0.181250157 -0.066266426 0 0 0
C@CP 2501 0.304554819 0.240938229 -0.200851521 0 0 0
C@CP 2502 0.0664157211 0.41750328 0.11831429 0 0 0
C@CP 2503 -0.0546452435 -0.272262157 -0.368101791 0 0 0
C@CP 2504 -0.109202522 0.104185814 -0.437374418 0 0 0
C@CP 2505 0.173133975 -0.0462466517 0.411731835 0 0 0
C@CP 2506 0.338340586 0.141291172 -0.070973398 0 0 0
C@CP 2507 0.140484738 0.272000324 -0.13659471 0 0 0
C@CP 2508 0.10652871 0.262088259 0.0617759265 0 0 0
C@CP 2509 0.208108646 0.0301760214 -0.349979919 0 0 0
C@CP 2510 -0.170270316 0.401432624 -0.147446139 0 0 0
C@CP 2511 0.200103775 -0.0503322717 -0.00340124376 0 0 0
C@CP 2512 0.444191398 -0.0668390896 -0.00345518895 0 0 0
C@CP 2513 0.038767862 0.393857623 -0.214741692 0 0 0
C@CP 2514 0.357971939 -0.238644378 -0.0818542322 0 0 0
C@CP 2515 0.0296229413 0.0686022482 -0.177665088 0 0 0
C@CP 2516 0.0500510587 0.366436538 -0.263586456 0 0 0
C@CP 2517 -0.286295891 0.159179757 -0.224598488 0 0 0
C@CP 2518 -0.257196447 0.199110169 0.078766717 0 0 0
C@CP 2519 -0.329349775 -0.190564948 -0.23973675 0 0 0
C@CP 2520 0.109979567 0.200144526 -0.335758259 0 0 0
C@CP 2521 0.124605342 -0.263010572 -0.28861208 0 0 0
C@CP 2522 -0.184400363 -0.332957237 0.223504276 0 0 0
C@CP 2523 0.0629394503 -0.0993511651 0.236420443 0 0 0
C@CP 2524 0.214186463 0.247688891 0.270471972 0 0 0
C@CP 2525 0.153494548 -0.345205692 0.196360794 0 0 0
C@CP 2526 0.294313465 0.167337786 0.254259794 0 0 0
C@CP 2527 0.255948721 -0.12731177 0.370654577 0 0 0
C@CP 2528 -0.26803348 0.161798637 0.163351973 0 0 0
C@CP 2529 -0.0256109475 -0.241033802 0.0056974791 0 0 0
C@CP 2530 -0.34319833 0.1601142 0.0633883422 0 0 0
C@CP 2531 0.175393365 -0.247593155 0.14765824 0 0 0
C@CP 2532 0.266765953 -0.121270167 -0.202796582 0 0 0
C@CP 2533 -0.378864206 -0.252364108 0.072236185 0 0 0
C@CP 2534 0.121640254 -0.0745282318 -0.353984552 0 0 0
C@CP 2535 0.0187878085 -0.00194834055 0.487053787 0 0 0
C@CP 2536 0.121482722 -0.140875005 -0.233134866 0 0 0
C@CP 2537 0.0826519029 -0.236416275 -0.320587719 0 0 0
C@CP 2538 0.329204479 0.089995575 -0.28671365 0 0 0
C@CP 2539 -0.275340421 0.0241023214 0.24371634 0 0 0
C@CP 2540 -0.0732409876 0.0109072059 0.137534762 0 0 0
C@CP 2541 0.185620975 0.0726785038 -0.196273925 0 0 0
C@CP 2542 -0.222267938 0.108459782 -0.170468767 0 0 0
C@CP 2543 0.0994815868 0.0249962226 -0.289208141 0 0 0
C@CP 2544 -0.022739461 -0.226943708 -0.0644130163 0 0 0
C@CP 2545 -0.284827236 -0.0755398446 -0.155126782 0 0 0
C@CP 2546 -0.305228908 -0.31749233 0.147165055 0 0 0
C@CP 2547 -0.42749904 -0.113184506 -0.11002448 0 0 0
C@CP 2548 -0.00539998377 -0.402179159 0.230138844 0 0 0
C@CP 2549 -0.151282671 0.00775647295 -0.272227946 0 0 0
C@CP 2550 -0.132849362 0.0178197681 0.1589035 0 0 0
C@CP 2551 -0.000917878012 0.0346093024 -0.186569038 0 0 0
C@CP 2552 0.0340583163 0.313578832 0.0462548217 0 0 0
C@CP 2553 0.299660855 -0.011911925 0.328327484 0 0 0
C@CP 2554 -0.145597661 0.238392126 0.0460076299 0 0 0
C@CP 2555 -0.321276162 0.0364928183 -0.311805438 0 0 0
C@CP 2556 -0.116462758 0.287278112 0.0186582965 0 0 0
C@CP 2557 -0.22657349 -0.222198456 -0.07266962 0 0 0
C@CP 2558 0.106728313 -0.4423636 0.0335786613 0 0 0
C@CP 2559 -0.104690449 0.256288195 -0.202679483 0 0 0
C@CP 2560 0.280565741 -0.108667247 0.0209663955 0 0 0
C@CP 2561 -0.182256138 -0.233253104 0.309852207 0 0 0
C@CP 2562 -0.021610786 0.114606889 0.265755341 0 0 0
C@CP 2563 0.113545368 0.080726637 -0.34753521 0 0 0
C@CP 2564 -0.159800859 -0.0246977944 0.0475996715 0 0 0
C@CP 2565 -0.370076382 0.219463109 0.0198792605 0 0 0
C@CP 2566 -0.335723891 -0.21669063 -0.126270912 0 0 0
C@CP 2567 0.108139702 -0.416110755 0.114231531 0 0 0
C@CP 2568 -0.423469203 0.073930311 0.0975217121 0 0 0
C@CP 2569 -0.155002174 0.202802155 -0.211628219 0 0 0
C@CP 2570 -0.161377564 0.132751527 -0.175289957 0 0 0
C@CP 2571 0.231955479 0.214333222 0.215247315 0 0 0
C@CP 2572 0.226135837 0.287781208 -0.153162276 0 0 0
C@CP 2573 -0.229693573 -0.0704834902 -0.3495821 0 0 0
C@CP 2574 0.0545145609 0.293371335 0.253404875 0 0 0
C@CP 2575 -0.176293719 0.069464757 0.0145419306 0 0 0
C@CP 2576 -0.196394951 0.269297862 -0.217493848 0 0 0
C@CP 2577 -0.104862808 -0.273697475 0.123163117 0 0 0
C@CP 2578 -0.129457608 0.180834534 0.330472592 0 0 0
C@CP 2579 0.145734114 0.150473976 0.34506286 0 0 0
C@CP 2580 -0.0631323243 0.405176686 0.185998366 0 0 0
C@CP 2581 0.177332447 -0.0946748266 0.290318112 0 0 0
C@CP 2582 0.0102512649 0.164657297 -0.246416991 0 0 0
C@CP 2583 0.0324627452 -0.303654991 0.215035275 0 0 0
C@CP 2584 -0.229147074 0.144542039 0.0310144299 0 0 0
C@CP 2585 -0.287736389 0.178909336 0.328244431 0 0 0
C@CP 2586 -0.00916482077 -0.333320926 0.279916571 0 0 0
C@CP 2587 -0.272871887 -0.0816266471 0.0190518536 0 0 0
C@CP 2588 -0.221501482 0.348033448 -0.0268243765 0 0 0
C@CP 2589 -0.200830476 0.322406406 -0.142120598 0 0 0
C@CP 2590 0.323195861 -0.129368181 0.296870983 0 0 0
C@CP 2591 0.370704085 0.14673729 0.134150188 0 0 0
C@CP 2592 -0.245556976 0.268840358 0.0524906753 0 0 0
C@CP 2593 0.326971339 0.0845121742 0.260029078 0 0 0
C@CP 2594 -0.0451827057 0.308518835 -0.0824255107 0 0 0
C@CP 2595 0.0666474909 0.105493001 0.404185017 0 0 0
C@CP 2596 0.0640457221 -0.285854401 -0.0741821266 0 0 0
C@CP 2597 -0.230413954 0.143444304 -0.275850036 0 0 0
C@CP 2598 -0.402088631 -0.120558426 -0.0667570273 0 0 0
C@CP 2599 -0.000799739724 -0.446785512 0.0714682834 0 0 0
C@CP 2600 -0.00736918922 0.314187593 0.224318448 0 0 0
C@CP 2601 -0.0788852541 0.301718032 0.184265546 0 0 0
C@CP 2602 -0.0210370107 0.421802795 -0.0429003132 0 0 0
C@CP 2603 0.352242858 -0.159185804 0.121483662 0 0 0
C@CP 2604 0.142944963 0.0903964384 -0.305008053 0 0 0
C@CP 2605 0.312213574 -0.0732463946 -0.0333183932 0 0 0
C@CP 2606 -0.024886343 -0.206383485 -0.182097248 0 0 0
C@CP 2607 -0.222958663 0.293582104 -0.168450385 0 0 0
C@CP 2608 0.0524240062 -0.431682304 0.0803942536 0 0 0
C@CP 2609 0.163841045 -0.0103100634 0.261848054 0 0 0
C@CP 2610 0.222997995 -0.119273397 0.397904917 0 0 0
C@CP 2611 -0.257027708 -0.0954473743 0.389557403 0 0 0
C@CP 2612 -0.178229567 0.130179685 0.0655294339 0 0 0
C@CP 2613 -0.123784518 0.372745925 -0.141344543 0 0 0
C@CP 2614 -0.216960465 -0.189392263 0.0176199386 0 0 0
C@CP 2615 -0.184257747 0.199357088 0.165979126 0 0 0
C@CP 2616 -0.281643719 -0.0635540738 0.338333328 0 0 0
C@CP 2617 -0.173136944 -0.15325229 -0.174593372 0 0 0
C@CP 2618 -0.0234233993 -0.184912264 -0.255598276 0 0 0
C@CP 2619 0.431203774 -0.130699443 -0.0935281521 0 0 0
C@CP 2620 0.193528996 -0.407285617 0.0654125734 0 0 0
C@CP 2621 -0.0405021335 0.278469378 0.119239414 0 0 0
C@CP 2622 -0.151474291 0.150577536 0.305261997 0 0 0
C@CP 2623 -0.316831946 0.101662345 0.211278626 0 0 0
C@CP 2624 -0.304571009 -0.165646857 0.265051266 0 0 0
C@CP 2625 -0.0510954497 -0.459659863 -0.0199209913 0 0 0
C@CP 2626 0.295315247 -0.0569430057 -0.218703463 0 0 0
C@CP 2627 0.109304221 0.150430285 -0.237543756 0 0 0
C@CP 2628 0.39908287 -0.058072819 0.171377983 0 0 0
C@CP 2629 0.270930901 0.279160276 -0.202653093 0 0 0
C@CP 2630 -0.178720154 0.125450716 0.256527139 0 0 0
C@CP 2631 -0.0914088002 -0.0553966333 0.379489346 0 0 0
C@CP 2632 0.215276362 -0.0675640843 -0.36148039 0 0 0
C@CP 2633 0.161197585 0.10037226 -0.189283685 0 0 0
C@CP 2634 -0.0178372225 0.27365796 -0.351343581 0 0 0
C@CP 2635 -0.109094282 0.126093787 0.151557694 0 0 0
C@CP 2636 0.190342561 -0.282399181 0.00843715755 0 0 0
C@CP 2637 -0.0659126837 0.195510984 0.14837911 0 0 0
C@CP 2638 0.230642237 -0.048221213 -0.316813997 0 0 0
C@CP 2639 -0.237498652 0.0537129381 -0.213886364 0 0 0
C@CP 2640 -0.0843500702 0.337071378 -0.203365893 0 0 0
C@CP 2641 -0.0940952001 -0.060540111 0.101310585 0 0 0
C@CP 2642 0.412410197 0.171628433 0.00978135939 0 0 0
C@CP 2643 -0.206547465 -0.0383915469 0.118584077 0 0 0
C@CP 2644 0.0654860076 -0.103961755 -0.27057924 0 0 0
C@CP 2645 -0.184935193 0.119300234 0.0854612047 0 0 0
C@CP 2646 0.154320321 -0.203650041 0.362310074 0 0 0
C@CP 2647 0.239621295 0.244722676 -0.190162952 0 0 0
C@CP 2648 -0.083731389 -0.234829614 0.0375191597 0 0 0
C@CP 2649 -0.167348983 -0.352378222 -0.00686893465 0 0 0
C@CP 2650 0.0801577484 0.311573403 0.290966227 0 0 0
C@CP 2651 0.258118565 0.193054618 -0.0279372731 0 0 0
C@CP 2652 -0.0732558445 0.0248291204 0.32619266 0 0 0
C@CP 2653 -0.276370081 -0.0765315566 0.132295795 0 0 0
C@CP 2654 0.100518361 0.00686117816 0.00878544968 0 0 0
C@CP 2655 -0.0484210358 0.229223511 0.163824178 0 0 0
C@CP 2656 -0.131107694 -0.106675535 0.240378127 0 0 0
C@CP 2657 -0.142116727 -0.0846286317 0.192368822 0 0 0
C@CP 2658 -0.32459329 0.099814086 0.287397115 0 0 0
C@CP 2659 -0.00733684612 0.197822146 -0.194090198 0 0 0
C@CP 2660 -0.251319126 0.0932634565 0.348840331 0 0 0
C@CP 2662 -0.208514524 -0.0621139366 -0.135692896 0 0 0
C@CP 2663 0.111785344 0.366222005 0.261539328 0 0 0
C@CP 2664 0.124020128 -0.0264393995 -0.207131762 0 0 0
C@CP 2665 -0.108891714 0.0223144829 0.333200801 0 0 0
C@CP 2666 0.165199416 0.135297111 -0.180041568 0 0 0
C@CP 2667 0.168615122 -0.310773217 -0.0626730402 0 0 0
C@CP 2668 -0.0176524255 0.445453746 -0.0201320118 0 0 0
C@CP 2669 0.222272646 0.149462821 0.374878862 0 0 0
C@CP 2670 -0.278974482 -0.225458342 -0.0515745875 0 0 0
C@CP 2671 -0.169980521 0.0596087731 0.340216589 0 0 0
C@CP 2672 -0.0444109423 0.186799951 -0.22633944 0 0 0
C@CP 2673 -0.0883225132 -0.231630356 0.315154959 0 0 0
C@CP 2674 0.0812342933 0.123428337 -0.186086372 0 0 0
C@CP 2675 0.302510248 0.0422087651 0.161054131 0 0 0
C@CP 2676 0.0016693744 -0.0297731967 -0.346633046 0 0 0
C@CP 2677 -0.149114907 0.356705549 0.270651952 0 0 0
C@CP 2678 -0.187379163 0.178065356 0.00460937514 0 0 0
C@CP 2679 0.272872714 -0.207709848 -0.252541274 0 0 0
C@CP 2680 0.43246436 -0.066957528 0.0662816242 0 0 0
C@CP 2681 0.243434886 -0.148881595 -0.145432275 0 0 0
C@CP 2682 -0.291491138 -0.0244571843 -0.234298325 0 0 0
C@CP 2683 0.223614313 0.295320252 0.151985759 0 0 0
C@CP 2684 -0.0193477988 0.185970425 -0.2731431 0 0 0
C@CP 2685 -0.105630707 0.367878214 0.160938063 0 0 0
C@CP 2686 -0.0378149908 -0.114028901 -0.134920821 0 0 0
C@CP 2687 0.0138616152 0.129543822 0.197476146 0 0 0
C@CP 2688 0.243123131 -0.106181323 -0.14746819 0 0 0
C@CP 2689 0.25308672 -0.0464682198 0.357041832 0 0 0
C@CP 2690 -0.342300038 -0.0508566133 0.0864613133 0 0 0
C@CP 2691 -0.0238207425 0.0284048662 0.315402457 0 0 0
C@CP 2692 0.13246379 0.114366318 -0.271748329 0 0 0
C@CP 2693 -0.202171298 -0.184044253 -0.309921613 0 0 0
C@CP 2694 0.0645441983 -0.212830031 0.11596973 0 0 0
C@CP 2695 -0.222420487 -0.161274193 0.15532512 0 0 0
C@CP 2696 0.359186381 -0.0168098804 0.273343198 0 0 0
C@CP 2697 0.0610085877 0.0225180786 0.0197326405 0 0 0
C@CP 2698 0.0103578192 -0.417379899 -0.187680223 0 0 0
C@CP 2699 0.0686949179 -0.278265108 -0.365333851 0 0 0
C@CP 2700 -0.230717089 -0.318903461 0.17196399 0 0 0
C@CP 2701 -0.0641879423 -0.151035205 0.158436712 0 0 0
C@CP 2702 0.374104305 0.12719621 -0.134013863 0 0 0
C@CP 2703 -0.175242088 0.17680633 0.137449127 0 0 0
C@CP 2704 0.388843915 0.0299334487 -0.000864687166 0 0 0
C@CP 2705 0.155230636 0.0847066367 0.347239395 0 0 0
C@CP 2706 0.00502467795 0.423731671 -0.175984136 0 0 0
C@CP 2707 0.415220874 0.0636905494 0.162612099 0 0 0
C@CP 2708 -0.377635388 -0.0899907623 -0.225936791 0 0 0
C@CP 2709 0.307733099 0.18685266 -0.164973447 0 0 0
C@CP 2710 0.327178949 0.238770391 -0.0172080888 0 0 0
C@CP 2711 0.344763606 -0.119736232 0.0900068399 0 0 0
C@CP 2712 0.454292486 -0.0376528743 0.0586985045 0 0 0
C@CP 2713 0.0257680138 -0.250549868 0.198672706 0 0 0
C@CP 2714 0.126620583 -0.154216138 -0.0106341627 0 0 0
C@CP 2715 0.260062878 -0.379990506 0.00708709943 0 0 0
C@CP 2716 -0.408723771 -0.0245250749 0.247484801 0 0 0
C@CP 2717 -0.0418219001 -0.149882482 -0.35416907 0 0 0
C@CP 2718 -0.0568154897 0.202621451 -0.415026028 0 0 0
C@CP 2719 -0.386193782 0.113151881 -0.225628234 0 0 0
C@CP 2720 0.313504364 -0.140781155 -0.0508284226 0 0 0
C@CP 2721 0.365899394 -0.0503227256 -0.226718468 0 0 0
C@CP 2722 0.246543738 -0.142163231 -0.25378628 0 0 0
C@CP 2723 0.140922032 -0.223286067 -0.30176875 0 0 0
C@CP 2724 0.129245667 -0.327444213 -0.0301933505 0 0 0
C@CP 2725 0.0807411874 0.364185986 0.0320124177 0 0 0
C@CP 2726 0.102264853 0.226473384 -0.262898587 0 0 0
C@CP 2727 -0.31846528 -0.325926025 0.0165174125 0 0 0
C@CP 2728 -0.310043521 0.0726360532 -0.307244274 0 0 0
C@CP 2729 0.0802749058 0.00448434597 0.215857944 0 0 0
C@CP 2730 -0.277904072 -0.309935802 0.113461373 0 0 0
C@CP 2731 -0.313902524 0.130195493 -0.0910028884 0 0 0
C@CP 2732 -0.15275581 -0.0357514377 0.335193414 0 0 0
C@CP 2733 0.18580707 -0.0922227792 0.0173127962 0 0 0
C@CP 2734 0.131134017 0.0388827717 -0.137992199 0 0 0
C@CP 2735 0.118509229 0.0676183781 -0.235831051 0 0 0
C@CP 2736 -0.213973567 0.0647078293 0.206408412 0 0 0
C@CP 2737 0.317581899 0.177893779 0.171175615 0 0 0
C@CP 2738 0.0528697789 0.316419624 0.302575248 0 0 0
C@CP 2739 0.184849893 -0.173759457 0.101107633 0 0 0
C@CP 2740 -0.0414255149 -0.184478771 -0.410886636 0 0 0
C@CP 2741 0.0638742639 -0.199720042 -0.248394629 0 0 0
C@CP 2742 -0.242389923 -0.125552466 0.179513323 0 0 0
C@CP 2743 -0.143085801 -0.20124728 -0.0795317322 0 0 0
C@CP 2744 0.39803165 0.228764149 -0.0824666418 0 0 0
C@CP 2745 -0.0672351775 -0.357282583 0.124104074 0 0 0
C@CP 2746 -0.0828775618 0.0381099843 0.0816112509 0 0 0
C@CP 2747 -0.245007681 0.0344278314 0.382591868 0 0 0
C@CP 2748 -0.150552465 -0.0471773555 -0.0304596385 0 0 0
C@CP 2749 -0.36231407 0.0249882667 0.0826034564 0 0 0
C@CP 2750 -0.185956066 -0.0678385374 0.212353233 0 0 0
C@CP 2751 0.214455275 0.118517336 -0.355548285 0 0 0
C@CP 2752 0.429781268 -0.0939821423 -0.0155395916 0 0 0
C@CP 2753 0.269719651 -0.329417584 0.00814259793 0 0 0
C@CP 2754 -0.179196739 0.415647162 -0.0847346062 0 0 0
C@CP 2755 0.210685607 0.0537431912 -0.340214168 0 0 0
C@CP 2756 -0.175877901 -0.264367246 -0.267895486 0 0 0
C@CP 2757 0.0412529502 0.22209607 -0.369736899 0 0 0
C@CP 2758 -0.122333587 -0.281421173 0.00646204612 0 0 0
C@CP 2759 0.0197935117 0.0860142422 0.303304269 0 0 0
C@CP 2760 -0.215964892 -0.249805537 -0.106690771 0 0 0
C@CP 2761 0.103964882 -0.0637131746 -0.22928036 0 0 0
C@CP 2762 0.233537338 -0.119069555 -0.271126824 0 0 0
C@CP 2763 0.0749017371 0.168856152 0.330733782 0 0 0
C@CP 2764 0.0276586457 0.284700715 0.250758544 0 0 0
C@CP 2765 -0.0276724375 -0.0706767069 0.44015747 0 0 0
C@CP 2766 0.0121372404 0.268679445 -0.309709815 0 0 0
C@CP 2767 0.228581631 -0.0940188855 0.0776561064 0 0 0
C@CP 2768 -0.129400363 0.0336450879 -0.0163680848 0 0 0
C@CP 2769 0.00872299614 -0.289884818 -0.0703943758 0 0 0
C@CP 2770 -0.359049933 0.251942498 0.00557438396 0 0 0
C@CP 2771 -0.0796031789 0.309505643 0.10492459 0 0 0
C@CP 2772 0.218709637 -0.146694889 0.351521805 0 0 0
C@CP 2773 0.344500834 0.0985804904 -0.144439593 0 0 0
C@CP 2774 -0.0456573424 -0.194567089 0.181769295 0 0 0
C@CP 2775 -0.0849119417 -0.0957508055 -0.382090309 0 0 0
C@CP 2776 -0.184239261 0.201697139 0.107047882 0 0 0
C@CP 2777 -0.109134879 -0.31556786 -0.0568335783 0 0 0
C@CP 2778 -0.0453586891 -0.369764988 0.107677733 0 0 0
C@CP 2779 -0.0896189502 -0.089542055 0.290194177 0 0 0
C@CP 2780 -0.0460205799 0.369257057 -0.141297712 0 0 0
C@CP 2781 0.0217575271 -0.440449014 0.140437374 0 0 0
C@CP 2782 -0.332703069 0.135580519 -0.0280207759 0 0 0
C@CP 2783 0.0850979393 0.233270851 -0.133198155 0 0 0
C@CP 2784 0.282543846 -0.123917917 0.277842484 0 0 0
C@CP 2785 -0.0575841325 -0.183017525 0.077397375 0 0 0
C@CP 2786 -0.114202749 -0.387718615 0.122216406 0 0 0
C@CP 2787 -0.301468371 0.0475607127 0.235479854 0 0 0
C@CP 2788 -0.231773113 0.0629575853 -0.141189626 0 0 0
C@CP 2789 -0.0216040143 -0.0281106665 -0.14144832 0 0 0
C@CP 2790 0.028681317 0.181439112 0.00198128449 0 0 0
C@CP 2791 -0.288356282 -0.202851225 -0.228068353 0 0 0
C@CP 2792 0.307259828 0.152042082 0.242466917 0 0 0
C@CP 2793 0.0242178455 0.105936068 -0.205593127 0 0 0
C@CP 2794 -0.0490983292 -0.247265835 0.196209286 0 0 0
C@CP 2795 0.356769914 -0.0404583839 -0.0314505438 0 0 0
C@CP 2796 0.132805402 -0.214930638 0.0721719898 0 0 0
C@CP 2797 -0.294137651 -0.246109493 0.137798079 0 0 0
C@CP 2798 -0.232009204 -0.307174408 -0.228513507 0 0 0
C@CP 2799 -0.0857331371 -0.442998057 0.000461533783 0 0 0
C@CP 2800 -0.0625162347 0.0197303303 -0.398791401 0 0 0
C@CP 2801 -0.271257452 0.0245878368 -0.372933015 0 0 0
C@CP 2802 -0.201299169 0.255086686 -0.205628487 0 0 0
C@CP 2803 0.299445526 -0.332804424 0.050990327 0 0 0
C@CP 2804 -0.221249598 0.138390049 0.341881045 0 0 0
C@CP 2805 -0.140104744 -0.116801603 -0.303771529 0 0 0
C@CP 2806 0.13114921 -0.104316808 -0.395775906 0 0 0
C@CP 2807 0.35832453 -0.185835266 0.143864419 0 0 0
C@CP 2808 -0.131306997 -0.0109203955 0.149740921 0 0 0
C@CP 2809 -0.0322155277 -0.220785838 -0.188266778 0 0 0
C@CP 2810 0.100908864 -0.0043317626 0.0132663272 0 0 0
C@CP 2811 -0.269996148 0.0815139865 0.342428942 0 0 0
C@CP 2812 -0.115865039 -0.207018893 -0.113387663 0 0 0
C@CP 2813 -0.218995423 -0.183267587 -0.227348483 0 0 0
C@CP 2814 0.278126074 -0.215309566 0.0460931059 0 0 0
C@CP 2815 0.100075414 -0.272853786 0.161564032 0 0 0
C@CP 2816 -0.056964555 0.0259411035 -0.0949518722 0 0 0
C@CP 2817 0.365171599 -0.0343034064 0.22669547 0 0 0
C@CP 2818 -0.257681689 0.208185314 -0.226249625 0 0 0
C@CP 2819 -0.338463309 0.308985081 -0.0942845607 0 0 0
C@CP 2820 -0.282006117 -0.255858004 0.157638947 0 0 0
C@CP 2821 0.111832757 -0.172592018 -0.357734271 0 0 0
C@CP 2822 -0.190709763 0.157980612 -0.14148609 0 0 0
C@CP 2823 -0.219419105 -0.398075757 0.0749838747 0 0 0
C@CP 2824 -0.0547868529 0.238835293 0.192312842 0 0 0
C@CP 2825 -0.0237793884 -0.120083622 0.363026521 0 0 0
C@CP 2826 -0.234564383 -0.140889279 -0.32827034 0 0 0
C@CP 2827 0.122227186 0.0243590162 0.0554590947 0 0 0
C@CP 2828 -0.0740837958 0.155599007 -0.155195809 0 0 0
C@CP 2829 0.174768934 -0.127392944 0.369087506 0 0 0
C@CP 2830 -0.209254854 -0.186506959 0.274012856 0 0 0
C@CP 2831 -0.0890794615 0.176876536 0.194438826 0 0 0
C@CP 2832 -0.0508211325 -0.147616233 -0.0970491452 0 0 0
C@CP 2833 -0.213373035 0.293001847 0.0343017738 0 0 0
C@CP 2834 -0.288955077 -0.273133256 -0.177242558 0 0 0
C@CP 2835 -0.08913775 0.156190763 -0.356599461 0 0 0
C@CP 2836 -0.16371075 -0.211656942 -0.0811557292 0 0 0
C@CP 2837 0.343975943 -0.0401200185 -0.31312688 0 0 0
C@CP 2838 -0.175375727 -0.292352777 -0.170795161 0 0 0
C@CP 2839 0.0110930256 0.0990042315 0.39614384 0 0 0
C@CP 2840 -0.0230950262 0.223025336 0.0920457025 0 0 0
C@CP 2841 -0.0806510739 0.0466588152 -0.278338458 0 0 0
C@CP 2842 0.255824838 -0.239467241 0.0948194783 0 0 0
C@CP 2843 -0.11352619 -0.194281802 0.263304373 0 0 0
C@CP 2844 0.104920695 0.422148233 -0.100578462 0 0 0
C@CP 2845 -0.207241108 0.0352892845 -0.384973728 0 0 0
C@CP 2846 -0.0214154246 -0.089190145 -0.0830227405 0 0 0
C@CP 2847 0.313057473 -0.174260275 -0.22422693 0 0 0
C@CP 2848 -0.142472115 0.144241889 -0.420782416 0 0 0
C@CP 2849 -0.0734379992 0.134587421 -0.236015445 0 0 0
C@CP 2850 0.050312426 -0.00992781547 0.0975604426 0 0 0
C@CP 2851 0.114025609 0.277078767 0.271651648 0 0 0
C@CP 2852 0.057820845 0.172049604 0.155524368 0 0 0
C@CP 2853 0.233712067 -0.069865954 -0.10062674 0 0 0
C@CP 2854 -0.124384782 0.161058336 0.146864276 0 0 0
C@CP 2855 -0.141684924 0.1844222 -0.0890856748 0 0 0
C@CP 2856 -0.151093033 0.313832016 0.109048758 0 0 0
C@CP 2857 -0.125797568 -0.161454673 -0.183357678 0 0 0
C@CP 2858 0.212444621 0.109753949 0.358304941 0 0 0
C@CP 2859 0.239476868 -0.291598483 0.0141749175 0 0 0
C@CP 2860 0.318197771 0.00636098617 0.187617307 0 0 0
C@CP 2861 -0.0368020987 -0.240080656 0.362687346 0 0 0
C@CP 2862 0.236961953 0.140612744 -0.236139761 0 0 0
C@CP 2863 0.039461694 0.000694270522 0.284742296 0 0 0
C@CP 2864 0.00643576305 -0.22566169 -0.0820501637 0 0 0
C@CP 2865 -0.333456113 -0.260672406 0.192096811 0 0 0
C@CP 2866 0.0121192056 -0.334377782 -0.325043428 0 0 0
C@CP 2867 0.395659704 -0.078914276 0.163147075 0 0 0
C@CP 2868 -0.261990601 0.133576037 0.172896918 0 0 0
C@CP 2869 -0.134406874 0.0733638879 -0.276264816 0 0 0
C@CP 2870 -0.123121578 -0.27805902 0.0521169961 0 0 0
C@CP 2871 0.263183256 0.142274267 0.173272087 0 0 0
C@CP 2872 0.0569483807 0.312372416 -0.251310669 0 0 0
C@CP 2873 -0.0438737453 0.0946783806 -0.450299306 0 0 0
C@CP 2874 0.0262320243 -0.0907681301 0.375761295 0 0 0
C@CP 2875 0.117379958 0.324803491 -0.18542135 0 0 0
C@CP 2876 0.258986934 0.277210921 0.0870987898 0 0 0
C@CP 2877 -0.314667303 0.214098513 0.0498633543 0 0 0
C@CP 2878 -0.23562623 -0.25574055 -0.147110819 0 0 0
C@CP 2879 -0.0345856689 -0.379517669 -0.144127138 0 0 0
C@CP 2880 -0.0918488598 -0.0632534898 0.247469471 0 0 0
C@CP 2881 0.19319182 -0.0593853695 0.261852356 0 0 0
C@CP 2882 0.0610456806 -0.374617941 0.0900702893 0 0 0
C@CP 2883 0.0782038994 0.156776885 -0.419030739 0 0 0
C@CP 2884 -0.0694493866 0.37074329 -0.177391732 0 0 0
C@CP 2885 0.257430622 -0.125680497 -0.107679956 0 0 0
C@CP 2886 -0.0586686085 0.195836558 -0.215852201 0 0 0
C@CP 2887 -0.113715615 -0.143291465 -0.161242722 0 0 0
C@CP 2888 -0.335328939 0.262166846 -0.0321363679 0 0 0
C@CP 2889 -0.224710036 0.163706843 -0.251985641 0 0 0
C@CP 2890 -0.146901989 -0.116531126 0.00237362244 0 0 0
C@CP 2891 0.402755819 0.133651988 0.17284171 0 0 0
C@CP 2892 -0.173201463 -0.100109544 0.0857180451 0 0 0
C@CP 2893 -0.287464971 -0.27654093 -0.086909242 0 0 0
C@CP 2894 0.0607252604 0.296879754 0.110265681 0 0 0
C@CP 2895 0.0327024404 -0.0571104854 -0.0940207465 0 0 0
C@CP 2896 0.208802277 0.211658214 0.116900053 0 0 0
C@CP 2897 -0.137234122 -0.0470978745 -0.426410615 0 0 0
C@CP 2898 -0.330253192 0.170705242 0.181502944 0 0 0
C@CP 2899 0.0545307351 -0.418584035 0.0442470873 0 0 0
C@CP 2900 -0.292239259 -0.00689876737 -0.347008181 0 0 0
C@CP 2901 0.169743663 -0.239440426 0.104546321 0 0 0
C@CP 2902 -0.272468527 0.105939669 -0.150577031 0 0 0
C@CP 2903 -0.0503493094 -0.263686793 0.0307047359 0 0 0
C@CP 2904 -0.118384189 -0.296918909 0.211830564 0 0 0
C@CP 2905 0.233091241 -0.0521483259 -0.286570009 0 0 0
C@CP 2906 -0.261558414 -0.304010074 0.172125511 0 0 0
C@CP 2907 -0.041184344 0.0631002621 0.333939947 0 0 0
C@CP 2908 0.229801722 -0.00401581357 0.199331486 0 0 0
C@CP 2909 -0.114778486 0.158368611 -0.356220609 0 0 0
C@CP 2910 0.216452933 -0.0683219347 -0.363532426 0 0 0
C@CP 2911 0.134673854 -0.00498062191 0.37714153 0 0 0
C@CP 2912 0.168404124 0.168271873 -0.384393671 0 0 0
C@CP 2913 0.127865615 -0.252994389 -0.216211248 0 0 0
C@CP 2914 0.0295396802 -0.0610372702 0.313697762 0 0 0
C@CP 2915 0.404903456 -0.212931566 0.0747556728 0 0 0
C@CP 2916 0.185731618 0.190907425 -0.183211616 0 0 0
C@CP 2917 0.114261742 -0.195312984 -0.349662016 0 0 0
C@CP 2918 -0.18554715 0.00515972866 -0.386180828 0 0 0
C@CP 2919 0.0397801732 -0.385047866 0.103639141 0 0 0
C@CP 2920 0.146720259 0.164216926 -0.0834159148 0 0 0
C@CP 2921 0.320021879 0.0548203959 0.00258293398 0 0 0
C@CP 2922 0.231204369 -0.0795986721 -0.400287623 0 0 0
C@CP 2923 -0.266155052 -0.373728619 0.0580487916 0 0 0
C@CP 2924 -0.0833960784 0.0194905598 -0.435772487 0 0 0
C@CP 2925 0.14324169 -0.19196261 -0.275275862 0 0 0
C@CP 2926 0.00459363623 0.302453845 -0.164909493 0 0 0
C@CP 2927 -0.0833439771 0.0408017946 -0.0531259082 0 0 0
C@CP 2928 0.1927093 0.171338959 0.105772946 0 0 0
C@CP 2929 -0.0988153943 -0.258239436 0.211282788 0 0 0
C@CP 2930 0.251443555 -0.245913424 -0.111708793 0 0 0
C@CP 2931 0.0980550631 0.229316957 0.171576401 0 0 0
C@CP 2932 -0.169235575 0.32376591 0.0736027134 0 0 0
C@CP 2933 -0.0913583518 0.0463611496 0.433704397 0 0 0
C@CP 2934 0.260664581 -0.10871855 0.127663646 0 0 0
C@CP 2935 -0.0245999361 -0.370939015 -0.242490922 0 0 0
C@CP 2936 0.134164276 -0.274412535 0.144837928 0 0 0
C@CP 2937 -0.341936396 0.0916803798 0.0912471899 0 0 0
C@CP 2938 -0.135937537 -0.333054105 -0.208775138 0 0 0
C@CP 2939 -0.218180121 -0.00323831382 -0.233995772 0 0 0
C@CP 2940 0.0609886546 0.0108774882 0.0120207055 0 0 0
C@CP 2941 -0.188991268 -0.171691939 0.0465869305 0 0 0
C@CP 2942 -0.0564090428 0.241839728 -0.279517246 0 0 0
C@CP 2943 -0.335087338 0.19722375 0.14058233 0 0 0
C@CP 2944 0.235335993 0.127661095 0.11459428 0 0 0
C@CP 2945 0.447261385 -0.0868117138 0.0471728251 0 0 0
C@CP 2946 0.0336650994 -0.18812089 0.114639725 0 0 0
C@CP 2947 0.121669695 -0.257648995 -0.0334604822 0 0 0
C@CP 2948 0.392439846 0.132391644 -0.15789413 0 0 0
C@CP 2949 -0.282856402 -0.373007912 -0.00566468398 0 0 0
C@CP 2950 -0.00368621994 -0.307224376 -0.00597550708 0 0 0
C@CP 2951 -0.0682767434 -0.242668679 0.0371459588 0 0 0
C@CP 2952 0.223583421 0.282992799 -0.206951709 0 0 0
C@CP 2953 -0.243389665 0.174254714 0.00355762374 0 0 0
C@CP 2954 0.331033109 0.0187399352 -0.29253645 0 0 0
C@CP 2955 0.165779861 -0.276624989 0.233834941 0 0 0
C@CP 2956 -0.165841098 0.148299082 0.200133384 0 0 0
C@CP 2957 0.277304045 0.221205683 0.117920148 0 0 0
C@CP 2958 0.0772682554 -0.0271145568 0.193295074 0 0 0
C@CP 2959 0.155491144 -0.348011227 0.109785071 0 0 0
C@CP 2960 -0.167738108 -0.270861009 -0.336017627 0 0 0
C@CP 2961 0.177781074 -0.338268813 0.0967666406 0 0 0
C@CP 2962 0.395503392 0.0102063249 0.187864054 0 0 0
C@CP 2963 -0.266208719 0.0990970558 -0.120669271 0 0 0
C@CP 2964 0.171999067 0.084147431 0.275734082 0 0 0
C@CP 2965 -0.275495938 0.0328594448 -0.317630366 0 0 0
C@CP 2966 -0.219007903 0.2442845 0.0917664555 0 0 0
C@CP 2967 -0.294550366 -0.203962747 0.155737469 0 0 0
C@CP 2968 -0.113491313 0.249344707 0.178777912 0 0 0
C@CP 2969 -0.112858508 0.0643899891 -0.254016115 0 0 0
C@CP 2970 -0.279465281 -0.198622021 0.283397047 0 0 0
C@CP 2971 0.157161239 0.262161416 0.023108253 0 0 0
C@CP 2972 0.00491642931 -0.288019582 0.310694803 0 0 0
C@CP 2973 0.175538187 -0.310352278 -0.081030754 0 0 0
C@CP 2974 -0.0457220574 0.0235351376 -0.402176734 0 0 0
C@CP 2975 -0.298509513 -0.196729046 0.140226009 0 0 0
C@CP 2976 0.337421209 -0.202572978 0.0669310204 0 0 0
C@CP 2977 -0.332300745 0.228832876 0.168817614 0 0 0
C@CP 2978 0.285156117 -0.227813216 0.0187276411 0 0 0
C@CP 2979 -0.0340355052 -0.208892636 -0.0506989983 0 0 0
C@CP 2980 0.220319486 0.175469906 0.014097861 0 0 0
C@CP 2981 0.302762093 -0.113596465 -0.199496161 0 0 0
C@CP 2982 0.115047671 0.194680749 -0.052359019 0 0 0
C@CP 2983 0.22836395 -0.172760807 -0.342114476 0 0 0
C@CP 2984 -0.297733401 -0.261188451 -0.236179005 0 0 0
C@CP 2985 -0.371303737 -0.254044533 -0.0820369554 0 0 0
C@CP 2986 -0.184920502 -0.0192031803 0.138775661 0 0 0
C@CP 2987 -0.343706758 0.194396888 0.122650418 0 0 0
C@CP 2988 0.191275238 0.279542545 -0.213103371 0 0 0
C@CP 2989 -0.00906320886 -0.299034034 0.227828265 0 0 0
C@CP 2990 -0.0304564834 0.186864953 0.344304374 0 0 0
C@CP 2991 0.0547038544 0.229678409 -0.333245737 0 0 0
C@CP 2992 0.445691902 0.0506563784 -0.00864699317 0 0 0
C@CP 2993 -0.0658952194 -0.349488865 0.229524801 0 0 0
C@CP 2994 -0.0198406253 0.197158527 0.305829957 0 0 0
C@CP 2995 -0.240953204 0.0241486468 0.132864407 0 0 0
C@CP 2996 0.0951029303 -0.426085731 -0.116588044 0 0 0
C@CP 2997 -0.136570968 -0.36333003 0.0828896639 0 0 0
C@CP 2998 -0.278820136 -0.259485617 -0.240482834 0 0 0
C@CP 2999 -0.382999569 0.0694708403 0.249477352 0 0 0
C@CP 3000 0.315951471 -0.18735424 0.114379599 0 0 0
C@CP 3001 -0.435064807 -0.0240108628 -0.00918465768 0 0 0
C@CP 3002 0.0479844661 -0.28972302 0.0207171443 0 0 0
C@CP 3003 0.31241956 0.227819711 -0.18768491 0 0 0
C@CP 3004 0.225821368 -0.304299912 0.240831234 0 0 0
C@CP 3005 -0.32244884 0.030276974 0.153757582 0 0 0
C@CP 3006 -0.10751703 0.382174793 0.0423216803 0 0 0
C@CP 3007 0.379870618 -0.0559242642 -0.23991403 0 0 0
C@CP 3008 0.0942613771 -0.191540334 -0.289557502 0 0 0
C@CP 3009 -0.327992995 0.186254502 -0.201934056 0 0 0
C@CP 3010 0.0971891366 -0.152066602 0.180881999 0 0 0
C@CP 3011 -0.40261495 0.0119502945 -0.0941451546 0 0 0
C@CP 3012 0.150817495 0.00480203685 0.143982025 0 0 0
C@CP 3013 -0.284140375 0.158906144 -0.118110607 0 0 0
C@CP 3014 -0.0666673524 0.0759372723 -0.009362041 0 0 0
C@CP 3015 -0.0529397929 -0.265483776 0.344133937 0 0 0
C@CP 3016 0.253850063 0.0831255473 0.14526036 0 0 0
C@CP 3017 -0.162122242 0.438591241 -0.0293563557 0 0 0
C@CP 3018 0.266034121 0.13620308 0.21412025 0 0 0
C@CP 3019 -0.103462761 0.392603603 0.230726739 0 0 0
C@CP 3020 -0.00391125652 0.316696683 0.343892999 0 0 0
C@CP 3021 -0.223573326 -0.152404078 0.287487643 0 0 0
C@CP 3022 -0.235714388 -0.267416818 -0.263304167 0 0 0
C@CP 3023 0.277989461 0.138132569 -0.00380895009 0 0 0
C@CP 3024 0.0623238226 -0.0310697666 -0.0742827033 0 0 0
C@CP 3025 -0.0585394801 0.218516217 -0.0422289013 0 0 0
C@CP 3026 0.15361263 -0.268928588 0.107285055 0 0 0
C@CP 3027 -0.344224912 0.0982843047 -0.10191359 0 0 0
C@CP 3028 0.118976159 -0.30368799 -0.30548685 0 0 0
C@CP 3029 0.132373348 -0.0424165437 0.427847582 0 0 0
C@CP 3030 -0.01935447 0.159619331 -0.173852395 0 0 0
C@CP 3031 -0.177334141 -0.0267265232 -0.196925221 0 0 0
C@CP 3032 0.417553439 -0.0481859766 -0.192936118 0 0 0
C@CP 3033 0.113797773 0.0474301449 -0.293540017 0 0 0
C@CP 3034 0.168758831 -0.381352189 0.0131096599 0 0 0
C@CP 3035 -0.108370141 -0.0850791327 -0.268977806 0 0 0
C@CP 3036 -0.15780822 0.211865071 0.369941293 0 0 0
C@CP 3037 0.117373436 -0.241381347 -0.346697125 0 0 0
C@CP 3038 -0.21687319 0.258812496 -0.305506205 0 0 0
C@CP 3039 0.100108972 -0.356506466 0.260675928 0 0 0
C@CP 3040 -0.107780488 0.0324154679 -0.104963701 0 0 0
C@CP 3041 -0.0210465093 0.302075094 -0.138799347 0 0 0
C@CP 3042 0.247689582 0.145516404 -0.205718233 0 0 0
C@CP 3043 -0.244115103 0.22745189 0.0621652521 0 0 0
C@CP 3044 0.144678097 0.0115229908 -0.245937262 0 0 0
C@CP 3045 -0.0198060495 0.210834274 -0.136869057 0 0 0
C@CP 3046 -0.0872810409 -0.280911336 -0.0540803135 0 0 0
C@CP 3047 -0.199967467 0.179008606 0.268571778 0 0 0
C@CP 3048 -0.0608956671 0.0870426227 0.426547242 0 0 0
C@CP 3049 0.09576189 -0.199886813 0.239398339 0 0 0
C@CP 3050 -0.0764335275 -0.414543726 -0.0919826676 0 0 0
C@CP 3051 -0.236973873 0.0452977233 -0.109851779 0 0 0
C@CP 3052 0.228062009 0.329938602 -0.101993485 0 0 0
C@CP 3053 -0.0494971621 -0.176514216 0.118569001 0 0 0
C@CP 3054 -0.322560365 0.0631688695 -0.225108283 0 0 0
C@CP 3055 -0.0877824576 0.34284506 0.0639896838 0 0 0
C@CP 3056 0.157153502 -0.128923876 -0.0885293714 0 0 0
C@CP 3057 0.0741915267 0.297293923 -0.348665078 0 0 0
C@CP 3058 0.30647789 0.013113337 0.0464173852 0 0 0
C@CP 3059 0.421296782 0.102900589 -0.124633889 0 0 0
C@CP 3060 0.142342164 -0.204079495 -0.22089707 0 0 0
C@CP 3061 -0.137640585 0.0326028647 -0.304041438 0 0 0
C@CP 3062 -0.0812306753 0.140779171 -0.0344410482 0 0 0
C@CP 3063 0.347122463 -0.260950409 -0.0600562986 0 0 0
C@CP 3064 0.10039355 0.0530746981 0.438144294 0 0 0
C@CP 3065 0.275251 0.0044929133 -0.354837213 0 0 0
C@CP 3066 -0.0299026842 -0.157808744 0.41402119 0 0 0
C@CP 3067 -0.23092978 -0.363448259 -0.0105913372 0 0 0
C@CP 3068 -0.127621357 0.161829297 0.325423919 0 0 0
C@CP 3069 0.212733259 0.271774573 0.0321508632 0 0 0
C@CP 3070 -0.0310950988 -0.277208124 -0.161031154 0 0 0
C@CP 3071 -0.18372502 0.0651073363 0.0611677676 0 0 0
C@CP 3072 -0.0526529824 0.0567384554 -0.370915248 0 0 0
C@CP 3073 0.257041287 0.234620351 -0.049450542 0 0 0
C@CP 3074 0.31188858 -0.14126028 0.0412794603 0 0 0
C@CP 3075 -0.243593211 0.323755406 -0.161294202 0 0 0
C@CP 3076 -0.0491517731 -0.291349039 0.148484248 0 0 0
C@CP 3077 0.474708764 0.00172057016 -0.00216891631 0 0 0
C@CP 3079 0.27073933 -0.366483833 0.0123144944 0 0 0
C@CP 3080 0.355842332 -0.0896295485 0.131580078 0 0 0
C@CP 3081 -0.185554282 0.114595674 0.104169428 0 0 0
C@CP 3082 -0.22256812 0.163551662 0.290331388 0 0 0
C@CP 3083 -0.00347940879 0.0332914326 0.384032136 0 0 0
C@CP 3084 -0.267804097 0.274187846 -0.0713672556 0 0 0
C@CP 3085 -0.098203495 -0.110024329 -0.0747826381 0 0 0
C@CP 3086 0.0627765101 0.239106501 0.18248127 0 0 0
C@CP 3087 -0.0761298338 -0.350923981 0.174504787 0 0 0
C@CP 3088 -0.200789652 0.0980141565 0.336325436 0 0 0
C@CP 3089 0.0997662986 -0.309218285 -0.259544842 0 0 0
C@CP 3090 -0.167346685 0.285865233 0.0784671637 0 0 0
C@CP 3091 0.432733608 -0.0660132636 -0.150985546 0 0 0
C@CP 3092 0.141221195 -0.215114757 0.311164135 0 0 0
C@CP 3093 -0.0275763264 0.338257273 0.134903668 0 0 0
C@CP 3094 -0.20162709 0.180055204 0.233805003 0 0 0
C@CP 3095 -0.111265295 0.261386605 0.10502612 0 0 0
C@CP 3096 -0.133862225 0.149465717 0.125156548 0 0 0
C@CP 3097 0.0804638258 -0.373587732 0.0501916028 0 0 0
C@CP 3098 0.219333107 0.145680127 -0.0975391642 0 0 0
C@CP 3099 0.277539919 0.302276919 -0.0724888617 0 0 0
C@CP 3100 -0.185705381 0.245123731 0.0130594859 0 0 0
C@CP 3101 -0.400487154 0.0871696294 0.219486592 0 0 0
C@CP 3102 0.113644243 -0.345337511 0.163270112 0 0 0
C@CP 3103 -0.0832245998 -0.247771277 0.189297089 0 0 0
C@CP 3104 -0.128048628 0.0565361734 -0.393821448 0 0 0
C@CP 3105 0.24189077 -0.341158441 -0.027989075 0 0 0
C@CP 3106 -0.0143143085 0.286438839 0.095966444 0 0 0
C@CP 3107 -0.0168979036 -0.111937829 -0.104459911 0 0 0
C@CP 3108 -0.0167837416 0.292389719 0.347428973 0 0 0
C@CP 3109 -0.0363362191 0.261125408 0.183463431 0 0 0
C@CP 3110 -0.00183751835 -0.124761912 -0.436566272 0 0 0
C@CP 3111 0.306330213 -0.011383121 0.206163804 0 0 0
C@CP 3112 0.0469535301 0.163750009 0.204731604 0 0 0
C@CP 3113 0.111518556 -0.370625319 0.259104168 0 0 0
C@CP 3114 0.169890673 0.209986542 -0.262954829 0 0 0
C@CP 3115 -0.0192844723 0.12529651 0.34610921 0 0 0
C@CP 3116 -0.124993015 -0.319610785 -0.251096046 0 0 0
C@CP 3117 0.321107561 0.290009878 0.153221403 0 0 0
C@CP 3118 -0.117351536 -0.12458436 -0.324355786 0 0 0
C@CP 3119 0.0105246459 0.237992924 -0.389832824 0 0 0
C@CP 3120 0.0673273016 -0.292512525 0.241431357 0 0 0
C@CP 3121 -0.0219851344 0.197969436 0.266632703 0 0 0
C@CP 3122 -0.32151688 -0.249043647 -0.0222555708 0 0 0
C@CP 3123 -0.239852642 0.0993778647 -0.323293259 0 0 0
C@CP 3124 0.139389987 -0.39641151 -0.24101618 0 0 0
C@CP 3125 -0.354072504 -0.276979403 -0.10034448 0 0 0
C@CP 3126 -0.236379085 -0.0723123473 -0.0320628305 0 0 0
C@CP 3127 -0.357316437 0.0996871167 -0.145966485 0 0 0
C@CP 3128 -0.193239659 0.0359103442 0.218923803 0 0 0
C@CP 3129 -0.385507414 0.129228491 0.0181266966 0 0 0
C@CP 3130 -0.0731603364 0.297424659 -0.0850072588 0 0 0
C@CP 3131 -0.285457459 0.295505199 0.0190278393 0 0 0
C@CP 3132 0.144817683 -0.0882862441 -0.198831772 0 0 0
C@CP 3133 0.0422369148 0.108054203 -0.181533642 0 0 0
C@CP 3134 0.448609376 0.00109056471 -0.0414281369 0 0 0
C@CP 3135 0.00991709321 0.244937777 -0.136077128 0 0 0
C@CP 3136 0.323783584 0.147987066 -0.271593724 0 0 0
C@CP 3137 -0.295048394 0.296146492 0.0635466856 0 0 0
C@CP 3138 0.151398507 -0.082145919 -0.0832516355 0 0 0
C@CP 3139 -0.152227384 0.0563843263 -0.0398887288 0 0 0
C@CP 3140 -0.190387904 -0.0995035208 0.320207442 0 0 0
C@CP 3141 -0.295052799 -0.0162503809 0.0114787269 0 0 0
C@CP 3142 -0.390281391 0.204509415 0.00913481039 0 0 0
C@CP 3143 0.10939437 0.13556232 0.156734125 0 0 0
C@CP 3144 -0.418141512 -0.115639269 -0.0904016207 0 0 0
C@CP 3145 -0.0699930596 -0.224748595 -0.277164244 0 0 0
C@CP 3146 0.289812586 -0.13722696 -0.254868515 0 0 0
C@CP 3147 0.34130741 0.0408426454 0.0258799013 0 0 0
C@CP 3148 -0.0344800121 0.196010093 0.282042229 0 0 0
C@CP 3149 0.351486175 -0.0165597282 0.310911635 0 0 0
C@CP 3150 0.00570160644 0.349173524 -0.274537715 0 0 0
C@CP 3151 0.0579195071 0.178014524 0.218343459 0 0 0
C@CP 3152 0.180771476 -0.0378222505 0.0384427929 0 0 0
C@CP 3153 0.0728350708 -0.378149819 -0.245740726 0 0 0
C@CP 3154 -0.365055504 -0.217653874 0.178131326 0 0 0
C@CP 3155 -0.207727558 -0.243066916 -0.111179153 0 0 0
C@CP 3156 0.0765044204 -0.0130627104 0.344452777 0 0 0
C@CP 3157 -0.0789193439 0.0663308357 -0.237579572 0 0 0
C@CP 3158 -0.0391243176 0.177219374 0.0110949739 0 0 0
C@CP 3159 -0.00590785806 0.0726692211 -0.292549425 0 0 0
C@CP 3160 -0.0647341252 0.0187362845 0.462036332 0 0 0
C@CP 3161 0.174973542 -0.162920663 0.345828193 0 0 0
C@CP 3162 0.455194837 -0.0110909365 0.00893480254 0 0 0
C@CP 3163 0.102376204 0.293879853 0.254668288 0 0 0
C@CP 3164 0.0820778845 0.235825971 -0.0777596649 0 0 0
C@CP 3165 0.0651798873 0.132236676 -0.319860023 0 0 0
C@CP 3166 -0.371978195 -0.10699344 0.21353531 0 0 0
C@CP 3167 0.21805941 0.122561601 0.110591855 0 0 0
C@CP 3168 0.391564855 -0.0473563859 0.0288837476 0 0 0
C@CP 3169 -0.229896054 -0.133360728 0.100930239 0 0 0
C@CP 3170 0.191059283 0.414562272 0.0235700495 0 0 0
C@CP 3171 0.0327653438 0.35670832 -0.221435326 0 0 0
C@CP 3172 -0.0392012802 -0.0844209461 -0.214801968 0 0 0
C@CP 3173 -0.110345934 -0.110864325 -0.243313227 0 0 0
C@CP 3174 -0.128668806 -0.252845557 -0.0273446707 0 0 0
C@CP 3175 0.0396908635 -0.0622907462 -0.247784603 0 0 0
C@CP 3176 0.161971599 -0.111756177 -0.0429757629 0 0 0
C@CP 3177 -0.443034458 -0.0690424229 0.0638527069 0 0 0
C@CP 3178 0.154038939 0.0847716627 -0.236813677 0 0 0
C@CP 3179 0.0863759523 0.0438147116 -0.0515787586 0 0 0
C@CP 3180 -0.336935914 0.171556032 -0.0561354164 0 0 0
C@CP 3181 0.0130812486 0.0998009834 -0.024292457 0 0 0
C@CP 3182 -0.304324377 -0.237263547 -0.124805892 0 0 0
C@CP 3183 -0.0570350445 -0.314317362 -0.0494662367 0 0 0
C@CP 3184 0.0572585604 0.253583375 0.246525223 0 0 0
C@CP 3185 -0.115199233 0.106196218 0.122705506 0 0 0
C@CP 3186 0.156424252 0.0795564561 -0.180291835 0 0 0
C@CP 3187 -0.273878318 -0.123260356 0.196484555 0 0 0
C@CP 3188 -0.24534904 0.11863047 0.136550833 0 0 0
C@CP 3189 0.185406182 -0.362045421 -0.0308307281 0 0 0
C@CP 3190 0.30432716 -0.0860036708 0.327725483 0 0 0
C@CP 3191 0.121943152 0.229183056 -0.334615574 0 0 0
C@CP 3192 0.150088091 0.0683825917 0.0605756453 0 0 0
C@CP 3193 -0.158505681 0.0166095357 -0.353087556 0 0 0
C@CP 3194 0.175987106 -0.352641713 0.246443743 0 0 0
C@CP 3195 -0.035658554 0.284681724 0.274592569 0 0 0
C@CP 3196 -0.00275724704 -0.375359577 -0.220034825 0 0 0
C@CP 3197 -0.32403827 0.12421765 0.306386811 0 0 0
C@CP 3198 -0.226715434 -0.387548419 -0.0687237293 0 0 0
C@CP 3199 0.378522149 0.220243368 0.114613753 0 0 0
C@CP 3200 0.0554522942 -0.361095751 0.162540351 0 0 0
C@CP 3201 -0.323454409 0.111959426 0.256815825 0 0 0
C@CP 3203 -0.0721087117 0.282541927 -0.270500155 0 0 0
C@CP 3204 -0.343735178 0.0635328076 0.186073025 0 0 0
C@CP 3205 -0.0318497825 -0.210979057 -0.13896595 0 0 0
C@CP 3206 0.0271329684 -0.394788845 0.135542734 0 0 0
C@CP 3207 0.159205125 -0.207428435 0.0510872935 0 0 0
C@CP 3208 0.37777979 0.111636942 0.229303143 0 0 0
C@CP 3209 0.188469225 0.274775267 -0.157610574 0 0 0
C@CP 3210 -0.241717485 -0.184780204 -0.294949549 0 0 0
C@CP 3211 0.347076505 -0.0385640192 0.0366029523 0 0 0
C@CP 3212 -0.0559014664 0.195925536 -0.00837590971 0 0 0
C@CP 3213 -0.000890429873 -0.262142009 0.0179693956 0 0 0
C@CP 3214 0.134589032 0.416232519 0.117168153 0 0 0
C@CP 3215 0.180779191 -0.259175395 -0.217680638 0 0 0
C@CP 3216 0.0615834477 -0.203186906 0.373560783 0 0 0
C@CP 3217 -0.251351274 0.284534933 -0.0779461769 0 0 0
C@CP 3218 0.114527432 0.00339869725 -0.341350762 0 0 0
C@CP 3219 -0.0312383143 0.163556901 0.420046365 0 0 0
C@CP 3220 0.0947231482 -0.0705351537 0.243200467 0 0 0
C@CP 3221 0.0978166434 -0.220259414 0.338886658 0 0 0
C@CP 3222 -0.0194337286 -0.335812234 0.189553318 0 0 0
C@CP 3223 -0.428145603 -0.0681280759 0.0571838719 0 0 0
C@CP 3224 0.123683942 -0.0731726448 -0.029079755 0 0 0
C@CP 3225 -0.135608879 -0.246064058 -0.0775166228 0 0 0
C@CP 3226 0.0659263235 0.229301001 0.210465515 0 0 0
C@CP 3227 -0.188708595 0.120794316 -0.405698719 0 0 0
C@CP 3228 0.337308358 0.0735562598 0.196742571 0 0 0
C@CP 3229 -0.114109308 -0.340662756 -0.127871355 0 0 0
C@CP 3230 0.0547459896 -0.195531042 -0.191071624 0 0 0
C@CP 3231 0.072602476 -0.272810901 0.049910744 0 0 0
C@CP 3232 0.232890153 -0.145409949 -0.313434511 0 0 0
C@CP 3233 0.109190192 -0.23300195 0.191681628 0 0 0
C@CP 3234 0.31646789 -0.251163608 0.0663081203 0 0 0
C@CP 3235 0.117686697 0.061907137 -0.046900012 0 0 0
C@CP 3236 -0.41620967 -0.124681642 -0.0290233656 0 0 0
C@CP 3237 -0.0473013924 0.0597223396 -0.255892043 0 0 0
C@CP 3238 -0.246530086 -0.0932183893 0.345696328 0 0 0
C@CP 3239 -0.310901478 0.238215108 -0.0818728419 0 0 0
C@CP 3240 -0.33238331 0.11400052 0.0393988311 0 0 0
C@CP 3241 -0.377811897 -0.0337700017 0.207502933 0 0 0
C@CP 3242 0.0469034066 0.0708350561 0.060269917 0 0 0
C@CP 3243 0.363535343 0.0871839114 0.147827723 0 0 0
C@CP 3244 0.0324570536 0.0564764858 0.420686265 0 0 0
C@CP 3245 -0.248596906 -0.0203555457 0.147265281 0 0 0
C@CP 3246 -0.0167169472 -0.253737678 -0.218200548 0 0 0
C@CP 3247 0.195837701 -0.0383515221 -0.268007721 0 0 0
C@CP 3248 0.11595342 0.144995551 -0.019219233 0 0 0
C@CP 3249 -0.00480431851 -0.320615479 -0.215936913 0 0 0
C@CP 3250 -0.0796495787 -0.292803925 0.0785096061 0 0 0
C@CP 3251 0.201299499 0.390945171 -0.153603956 0 0 0
C@CP 3252 -0.315830392 -0.144325548 0.188329956 0 0 0
C@CP 3253 -0.205140991 -0.30201759 0.284889081 0 0 0
C@CP 3254 -0.185796492 -0.184280124 0.0487839959 0 0 0
C@CP 3255 0.0242540272 0.277319073 -0.0169348636 0 0 0
C@CP 3256 0.175942496 0.387625351 0.0562165261 0 0 0
C@CP 3257 0.217599996 -0.127067618 -0.386180162 0 0 0
C@CP 3258 -0.240469627 -0.156726754 0.0936116909 0 0 0
C@CP 3259 0.0135623998 0.0667368632 0.297195384 0 0 0
C@CP 3260 -0.139382902 0.0248434838 -0.162709903 0 0 0
C@CP 3261 0.354713771 -0.226924364 0.0190601763 0 0 0
C@CP 3262 0.26492342 0.18304342 -0.31076577 0 0 0
C@CP 3263 -0.328312201 -0.0354880044 0.190281083 0 0 0
C@CP 3264 -0.329719083 -0.0706524082 -0.328367026 0 0 0
C@CP 3265 -0.0657726441 0.111112463 -0.192291327 0 0 0
C@CP 3266 -0.00988273068 -0.0926634745 -0.30035808 0 0 0
C@CP 3267 0.0404929263 -0.11010681 0.425640069 0 0 0
C@CP 3268 -0.183792625 0.119207236 0.220262496 0 0 0
C@CP 3269 -0.277744029 -0.0598935962 -0.162007784 0 0 0
C@CP 3270 -0.234856399 0.199023445 -0.250177009 0 0 0
C@CP 3271 -0.297913536 0.140398129 -0.1902145 0 0 0
C@CP 3272 -0.351443584 0.119404662 -0.275431778 0 0 0
C@CP 3273 -0.068622044 0.0884336967 0.316484794 0 0 0
C@CP 3274 -0.096940075 0.171301615 0.346629938 0 0 0
C@CP 3275 0.281164399 0.267220761 0.0867285992 0 0 0
C@CP 3277 -0.0473095696 0.356665863 0.172172531 0 0 0
C@CP 3278 0.0654722154 0.207707448 0.416223544 0 0 0
C@CP 3279 0.191562884 0.381095761 0.188030119 0 0 0
C@CP 3280 0.00353722899 0.34647441 -0.145414478 0 0 0
C@CP 3281 0.0261859623 0.192097143 -0.0813148615 0 0 0
C@CP 3282 -0.0962523901 -0.184274677 0.113338949 0 0 0
C@CP 3283 -0.32218211 0.115247754 0.212865284 0 0 0
C@CP 3284 -0.419973917 0.0880226184 -0.112559214 0 0 0
C@CP 3285 -0.382341187 -0.17584464 -0.116656549 0 0 0
C@CP 3286 -0.284618356 -0.17896805 0.0492506358 0 0 0
C@CP 3287 0.24511775 0.170825549 -0.139295795 0 0 0
C@CP 3288 0.140631363 -0.280821761 0.245190609 0 0 0
C@CP 3289 -0.164281394 0.333196854 -0.227044659 0 0 0
C@CP 3290 -0.287005681 -0.0558962371 0.0996683969 0 0 0
C@CP 3291 -0.122733082 -0.0326563126 0.143512658 0 0 0
C@CP 3292 -0.178501514 0.174886497 0.27471282 0 0 0
C@CP 3293 0.0575297542 -0.0750971217 0.187367171 0 0 0
C@CP 3295 0.170938689 0.0435455652 0.255084672 0 0 0
C@CP 3296 -0.39063872 -0.118823879 0.0604651063 0 0 0
C@CP 3297 0.352698968 0.0586133363 0.240742592 0 0 0
C@CP 3298 -0.445320414 -0.00404883717 -0.132676384 0 0 0
C@CP 3299 -0.232363736 0.141361948 -0.000465240507 0 0 0
C@CP 3300 0.175097597 -0.25962685 0.105420899 0 0 0
C@CP 3301 0.319980454 -0.15798882 -0.248016178 0 0 0
C@CP 3302 -0.0284439598 -0.0721126569 -0.1919303 0 0 0
C@CP 3303 0.0299915439 0.0486333182 0.0547919275 0 0 0
C@CP 3304 -0.015474645 -0.2466674 0.0880611081 0 0 0
C@CP 3305 0.154733393 -0.0182961198 -0.154754102 0 0 0
C@CP 3306 0.220559245 0.176549105 0.0212079614 0 0 0
C@CP 3307 0.174203936 0.0105535417 0.242897211 0 0 0
C@CP 3308 -0.0572983041 0.273407945 0.296618636 0 0 0
C@CP 3309 0.226097738 -0.0802801108 -0.29542336 0 0 0
C@CP 3310 -0.206383212 -0.232390089 -0.0601180337 0 0 0
C@CP 3311 0.169470421 -0.00513393777 0.261064812 0 0 0
C@CP 3312 0.25213663 -0.156188253 -0.10663608 0 0 0
C@CP 3313 -0.0433528949 -0.0719526307 0.183885188 0 0 0
C@CP 3314 0.279113512 0.324810896 0.107529474 0 0 0
C@CP 3315 0.166399262 0.375822304 0.146831673 0 0 0
C@CP 3316 -0.0303052752 -0.381686255 0.0863230406 0 0 0
C@CP 3317 -0.0998713622 -0.0907198257 0.0422935178 0 0 0
C@CP 3318 -0.188651075 0.0424997688 -0.23939226 0 0 0
C@CP 3319 0.148889677 0.417654299 0.0287608919 0 0 0
C@CP 3320 -0.18670562 0.342287109 -0.257601004 0 0 0
C@CP 3321 -0.187407132 0.26307467 -0.273792973 0 0 0
C@CP 3322 0.353958877 0.272045601 -0.148393713 0 0 0
C@CP 3323 0.051608469 -0.143310157 -0.131663399 0 0 0
C@CP 3324 -0.201038084 -0.0796692017 -0.0876388378 0 0 0
C@CP 3325 0.29132801 -0.0959840634 0.135803707 0 0 0
C@CP 3326 -0.11467093 0.0563385325 0.390036526 0 0 0
C@CP 3327 -0.0142807825 0.288772214 0.239593784 0 0 0
C@CP 3328 -0.134414032 0.282082056 0.216761632 0 0 0
C@CP 3329 -0.355748393 0.174499751 -0.0667529181 0 0 0
C@CP 3330 0.124859217 -0.0263866853 0.0856961387 0 0 0
C@CP 3331 -0.408494992 -0.108749933 -0.0977713015 0 0 0
C@CP 3332 0.0242822774 -0.266166063 -0.0965034458 0 0 0
C@CP 3333 0.208587148 0.138084594 -0.0459260304 0 0 0
C@CP 3334 -0.283445662 -0.144899651 -0.24971102 0 0 0
C@CP 3335 -0.14522928 0.176376749 -0.326294979 0 0 0
C@CP 3336 0.139287145 0.00125040463 0.40913221 0 0 0
C@CP 3337 0.0226630957 -0.365644118 0.288524057 0 0 0
C@CP 3338 0.0237806488 0.00153825192 -0.299241994 0 0 0
C@CP 3339 0.0455815355 0.0314647237 -0.330082783 0 0 0
C@CP 3340 0.344082857 0.0617884072 -0.0147286658 0 0 0
C@CP 3341 -0.40693543 0.177088898 -0.158288982 0 0 0
C@CP 3342 0.0472975967 0.0711615477 0.27065814 0 0 0
C@CP 3343 -0.29038691 -0.0823848988 0.262086601 0 0 0
C@CP 3344 0.239037666 -0.132344739 0.0155662366 0 0 0
C@CP 3345 -0.0996188511 0.271208965 0.203222019 0 0 0
C@CP 3346 -0.253417169 0.0881825434 0.0745852135 0 0 0
C@CP 3347 -0.140877468 -0.0795075943 0.190523702 0 0 0
C@CP 3348 0.161755828 -0.314732001 0.0476464378 0 0 0
C@CP 3349 0.156518092 -0.347469328 -0.12484283 0 0 0
C@CP 3350 0.124114592 0.339613537 -0.0915458901 0 0 0
C@CP 3351 0.21843431 0.291520259 -0.271489176 0 0 0
C@CP 3353 0.293486916 -0.294746308 0.0781405073 0 0 0
C@CP 3354 0.0450126945 0.0724887226 0.0538571644 0 0 0
C@CP 3355 0.375800691 -0.0174926102 -0.144800407 0 0 0
C@CP 3356 -0.0739566717 -0.0260442501 -0.0843109605 0 0 0
C@CP 3357 0.417391058 0.151190995 -0.0187606644 0 0 0
C@CP 3358 -0.145466211 0.128092571 0.351329873 0 0 0
C@CP 3359 -0.0313080192 -0.231614887 0.416994376 0 0 0
C@CP 3360 -0.0671744608 0.0687985458 -0.420895615 0 0 0
C@CP 3361 -0.0590649051 -0.271160363 0.17322746 0 0 0
C@CP 3362 -0.30829077 -0.234621898 -0.230151841 0 0 0
C@CP 3363 0.186122337 0.392358973 0.160980472 0 0 0
C@CP 3364 -0.082270034 -0.259367939 -0.121756722 0 0 0
C@CP 3365 -0.256174182 -0.0640755818 0.256816009 0 0 0
C@CP 3366 0.166530925 0.220322006 0.20672584 0 0 0
C@CP 3367 -0.043578576 0.227560067 -0.0375717671 0 0 0
C@CP 3368 -0.337331536 -0.062458714 0.251143168 0 0 0
C@CP 3369 -0.0319351614 -0.249972529 0.161029465 0 0 0
C@CP 3370 -0.280778469 -0.1469959 0.326279754 0 0 0
C@CP 3371 -0.171220254 0.0205182296 0.282768777 0 0 0
C@CP 3372 -0.232351266 0.135266291 0.10278178 0 0 0
C@CP 3373 0.189086051 0.0503356606 -0.24028656 0 0 0
C@CP 3374 0.256373323 -0.149974611 0.283870093 0 0 0
C@CP 3375 0.176036964 -0.296759763 0.0106224333 0 0 0
C@CP 3376 -0.276007388 0.25381597 -0.0787425375 0 0 0
C@CP 3377 0.13212635 -0.240598656 -0.232405142 0 0 0
C@CP 3378 -0.0182021768 -0.247057954 0.25470469 0 0 0
C@CP 3379 -0.187811849 0.24172058 -0.154156749 0 0 0
C@CP 3380 0.0410781049 0.102079497 0.0358894183 0 0 0
C@CP 3381 -0.134204963 0.252182057 0.30309053 0 0 0
C@CP 3382 -0.0409904652 -0.409963206 0.157786747 0 0 0
C@CP 3383 -0.294606943 -0.185556241 -0.210013987 0 0 0
C@CP 3384 0.105980075 -0.273983996 0.362871464 0 0 0
C@CP 3385 -0.131896428 -0.322059037 0.111143604 0 0 0
C@CP 3386 -0.247258852 0.0430084877 -0.284782611 0 0 0
C@CP 3387 -0.132380231 0.166306826 0.260898464 0 0 0
C@CP 3388 -0.194817788 -0.0548900902 -0.0234612424 0 0 0
C@CP 3389 0.0301669441 0.0546011132 0.00831928594 0 0 0
C@CP 3390 0.0135012151 0.326451142 0.00350008755 0 0 0
C@CP 3391 -0.32861259 0.136109999 -0.207569708 0 0 0
C@CP 3392 -0.366667079 -0.00152834078 -0.0811610524 0 0 0
C@CP 3393 0.40894087 0.0769827889 -0.0121863852 0 0 0
C@CP 3394 0.252144681 0.116402342 0.19260247 0 0 0
C@CP 3395 -0.253906983 0.215333805 0.145222804 0 0 0
C@CP 3396 0.0908928642 -0.254113218 0.14026737 0 0 0
C@CP 3397 0.258222434 -0.0218324446 -0.0133243821 0 0 0
C@CP 3398 0.239579495 0.251474864 -0.131132214 0 0 0
C@CP 3399 -0.110658258 0.295226423 0.137423357 0 0 0
C@CP 3400 -0.120315967 -0.298879298 0.025019815 0 0 0
C@CP 3401 -0.023515491 -0.0306236339 -0.0647488131 0 0 0
C@CP 3402 -0.182477564 -0.106586096 0.180594361 0 0 0
C@CP 3403 0.302380798 0.304256173 -0.176708425 0 0 0
C@CP 3404 -0.0335748973 -0.167060087 -0.337602112 0 0 0
C@CP 3405 -0.314549052 0.088523622 -0.256854178 0 0 0
C@CP 3406 -0.0941885367 0.327009261 0.274027299 0 0 0
C@CP 3407 0.298952395 0.123979313 -0.105422846 0 0 0
C@CP 3408 0.351403927 0.137295006 -0.0979100891 0 0 0
C@CP 3409 -0.305189272 0.194480111 0.122943136 0 0 0
C@CP 3410 -0.0458885688 -0.0343970223 -0.241321964 0 0 0
C@CP 3411 -0.246704191 -0.031932907 -0.298917583 0 0 0
C@CP 3412 0.311257005 0.0274155126 0.308219183 0 0 0
C@CP 3413 -0.156372012 -0.090050063 -0.0943708985 0 0 0
C@CP 3414 0.155551745 0.319316571 0.0400698672 0 0 0
C@CP 3415 -0.00590547065 -0.238094641 -0.234017805 0 0 0
C@CP 3416 -0.280776004 -0.223568558 -0.098372523 0 0 0
C@CP 3417 -0.183903137 -0.361896545 -0.191362244 0 0 0
C@CP 3418 -0.0961184272 0.303018307 0.0758954514 0 0 0
C@CP 3419 0.0462919499 -0.128100153 0.274017081 0 0 0
C@CP 3420 0.325027984 0.10731622 -0.242077704 0 0 0
C@CP 3421 -0.121690758 -0.413594788 0.0501146466 0 0 0
C@CP 3422 -0.328264326 -0.138069744 0.145425308 0 0 0
C@CP 3423 -0.247222702 0.00337392131 0.181998775 0 0 0
C@CP 3424 0.40585315 0.080738808 0.11976913 0 0 0
C@CP 3425 0.298845496 0.152797356 0.133568619 0 0 0
C@CP 3426 -0.145123745 -0.208310824 0.11585814 0 0 0
C@CP 3427 -0.0900601376 -0.0108195614 0.0966433692 0 0 0
C@CP 3428 0.305518505 0.0788429558 0.0911677239 0 0 0
C@CP 3429 0.139414374 -0.275975478 0.137965889 0 0 0
C@CP 3430 -0.365471571 -0.25602174 -0.145157093 0 0 0
C@CP 3431 -0.0705142655 -0.00529628598 0.45238633 0 0 0
C@CP 3432 0.192374248 -0.111982735 0.0577467655 0 0 0
C@CP 3433 0.377033312 -0.0766178991 0.241622064 0 0 0
C@CP 3434 0.0122248193 0.450233497 -0.033316954 0 0 0
C@CP 3435 0.131770262 0.0261234034 0.399231512 0 0 0
C@CP 3436 0.223844293 0.183377093 -0.0585211068 0 0 0
C@CP 3437 -0.215016144 -0.0430570563 -0.119589275 0 0 0
C@CP 3438 -0.290422772 -0.02687049 0.0878567678 0 0 0
C@CP 3439 -0.0459940042 0.341939328 0.125412224 0 0 0
C@CP 3440 0.208611086 0.362425924 0.154982383 0 0 0
C@CP 3441 0.25572766 0.176992721 0.177410988 0 0 0
C@CP 3442 0.128707822 -0.266677894 -0.25208471 0 0 0
C@CP 3443 0.262863671 -0.0237874834 0.0783970795 0 0 0
C@CP 3444 -0.112886335 0.294792822 -0.00302237875 0 0 0
C@CP 3445 0.349533998 0.163642645 0.170895335 0 0 0
C@CP 3446 -0.0902558874 0.0778119236 -0.439445321 0 0 0
C@CP 3447 -0.428333834 -0.131543853 0.127701132 0 0 0
C@CP 3448 0.118961728 -0.008185596 -0.417944057 0 0 0
C@CP 3449 -0.0682736881 0.25216514 0.28154358 0 0 0
C@CP 3450 -0.205312053 -0.113723717 -0.279546345 0 0 0
C@CP 3451 -0.0578438707 0.347094706 0.299304176 0 0 0
C@CP 3452 -0.258265585 -0.104525441 -0.216742348 0 0 0
C@CP 3454 0.14248983 -0.16130028 0.413073476 0 0 0
C@CP 3455 -0.000537506861 0.41099287 -0.0496198035 0 0 0
C@CP 3456 -0.225972931 -0.285366889 0.0199856134 0 0 0
C@CP 3457 -0.263965604 0.219815647 0.160574186 0 0 0
C@CP 3458 0.271082045 0.349057421 0.115294168 0 0 0
C@CP 3459 -0.137659436 0.30945833 -0.195802188 0 0 0
C@CP 3460 -0.217355191 -0.217192137 0.351542144 0 0 0
C@CP 3461 0.266171981 0.036543515 0.130886623 0 0 0
C@CP 3462 -0.00423237601 0.029543731 0.0721142889 0 0 0
C@CP 3463 0.045922276 0.0329854629 -0.0701515096 0 0 0
C@CP 3464 -0.171169775 -0.046806761 -0.218041796 0 0 0
C@CP 3465 -0.304458591 0.00570295667 -0.305844074 0 0 0
C@CP 3466 -0.321048061 0.0711791976 0.208545821 0 0 0
C@CP 3467 -0.158934607 0.0935847829 0.340502952 0 0 0
C@CP 3468 -0.41933527 0.0944325019 -0.0526132773 0 0 0
C@CP 3469 -0.10188182 0.428320706 -0.0737014206 0 0 0
C@CP 3470 -0.130530947 -0.288847401 0.0797296863 0 0 0
C@CP 3471 -0.309940723 -0.325627935 0.0745058149 0 0 0
C@CP 3472 0.186923108 -0.0608704288 0.090849555 0 0 0
C@CP 3473 -0.317200963 0.0739438215 0.115194603 0 0 0
C@CP 3474 -0.191637206 0.248294441 0.260615709 0 0 0
C@CP 3475 -0.167461229 -0.215979528 0.373422468 0 0 0
C@CP 3476 0.381797187 -0.0375268953 0.183213924 0 0 0
C@CP 3477 -0.136991025 0.28177496 0.0935364894 0 0 0
C@CP 3478 0.211970943 -0.317978413 0.0926901694 0 0 0
C@CP 3479 -0.0490362155 -0.153566404 -0.0199269368 0 0 0
C@CP 3480 0.35290196 0.0192946755 0.0048972013 0 0 0
C@CP 3481 0.0554416801 0.268003515 0.262714175 0 0 0
C@CP 3482 -0.128239085 -0.307034388 0.151821246 0 0 0
C@CP 3483 -0.125456183 -0.0659526473 -0.231693037 0 0 0
C@CP 3484 0.278572237 0.0986246307 0.0636995948 0 0 0
C@CP 3485 -0.0321464475 -0.0252858293 -0.0364520873 0 0 0
C@CP 3486 0.202155281 -0.0359238198 0.2539866 0 0 0
C@CP 3487 0.22214157 -0.148311241 0.018547946 0 0 0
C@CP 3488 -0.15226361 0.0685298343 -0.423210574 0 0 0
C@CP 3489 -0.160368573 0.18448659 -0.304722677 0 0 0
C@CP 3490 0.307315585 0.2785379 0.0787542899 0 0 0
C@CP 3491 -0.390048805 0.100368145 0.205784448 0 0 0
C@CP 3492 0.150208159 -0.191836506 0.202871997 0 0 0
C@CP 3493 -0.2178688 -0.186087217 -0.277418644 0 0 0
C@CP 3494 -0.164448015 -0.223986668 -0.350314655 0 0 0
C@CP 3495 -0.0753625807 0.302555975 -0.0754056177 0 0 0
C@CP 3496 0.366599386 -0.0186282246 -0.0829831232 0 0 0
C@CP 3497 -0.232017136 -0.252071901 -0.0906094201 0 0 0
B@CP 3499 0.185730468 -0.389699703 0.0997394589 0 0 0
C@CP 3500 -0.0135253483 0.202798313 -0.39557317 0 0 0
C@CP 3501 -0.0506114446 0.0626720662 -0.1111392 0 0 0
C@CP 3502 0.0389535599 0.269032139 0.320838369 0 0 0
B@CP 3504 -0.0145703622 0.330691833 0.283165053 0 0 0
C@CP 3505 0.141823402 0.302492601 -0.132884965 0 0 0
B@CP 3507 0.387519325 0.132440372 0.153742547 0 0 0
C@CP 3508 0.289369676 -0.161865013 -0.0406699968 0 0 0
B@CP 3510 -0.0960186821 -0.0778637714 -0.331863659 0 0 0
C@CP 3511 0.0117690945 0.105197726 0.144120322 0 0 0
B@CP 3513 -0.298736006 -0.24614591 0.0285309581 0 0 0
C@CP 3514 0.303484182 -0.143738112 0.324608959 0 0 0
B@CP 3516 0.245535382 0.311928713 -0.188219833 0 0 0
C@CP 3517 0.230809574 0.270911294 -0.0202416675 0 0 0
B@CP 3519 0.263942075 -0.179888006 -0.203401094 0 0 0
C@CP 3520 0.0287369569 0.412726733 0.0231446046 0 0 0
