B@CP 1004 0.340821491 -0.028475063 -0.0320275872 0 0 0
B@CP 1005 0.0396043979 0.085682256 0.173279344 0 0 0
B@CP 1008 -0.154641535 -0.309113754 0.0912098799 0 0 0
B@CP 1014 0.151223754 -0.0754649561 -0.006505107 0 0 0
B@CP 1018 0.048267971 0.103838814 -0.219478882 0 0 0
B@CP 1020 -0.0525008585 0.225580137 0.210287104 0 0 0
B@CP 1025 -0.0769392281 0.167689263 -0.286828622 0 0 0
B@CP 1026 0.0862574087 -0.258670592 0.230038468 0 0 0
B@CP 1032 0.200481312 0.0932542675 0.216232294 0 0 0
B@CP 1033 -0.30258092 0.362372712 -0.0234899514 0 0 0
B@CP 1034 0.167660113 -0.0273756186 0.11030497 0 0 0
B@CP 1036 -0.194780009 -0.401573271 -0.107982379 0 0 0
B@CP 1040 -0.111053822 0.0491798859 -0.205198485 0 0 0
B@CP 1041 -0.0986080376 0.06696899 -0.151540229 0 0 0
B@CP 1042 0.430472874 -0.00261145887 0.0373504256 0 0 0
B@CP 1045 -0.0891690684 0.180513973 -0.202177891 0 0 0
B@CP 1046 -0.116078854 0.0788294186 0.0239671329 0 0 0
B@CP 1047 -0.108849912 -0.102796704 0.00819824397 0 0 0
B@CP 1055 0.0661388757 0.269631019 -0.355035244 0 0 0
B@CP 1056 -0.418171724 -0.0506703368 -0.087068477 0 0 0
B@CP 1059 0.116504303 -0.264314234 0.313571913 0 0 0
B@CP 1063 -0.0379234474 -0.118544467 -0.00998620728 0 0 0
B@CP 1065 0.0320053102 -0.39137535 0.0550678435 0 0 0
B@CP 1066 -0.141049578 0.304020023 0.305143658 0 0 0
B@CP 1068 -0.0809090927 -0.0238503583 0.272363929 0 0 0
B@CP 1069 -0.389701972 0.156764327 0.19047041 0 0 0
B@CP 1070 0.315064415 -0.0864298753 0.0445710166 0 0 0
B@CP 1077 -0.166280128 0.266951849 -0.143567552 0 0 0
B@CP 1080 0.382528858 -0.180649981 0.110750584 0 0 0
B@CP 1083 0.315791984 -0.223187949 0.0166726169 0 0 0
B@CP 1084 0.106192294 0.141948342 -0.129172129 0 0 0
B@CP 1085 0.156935385 0.172924814 0.300275748 0 0 0
B@CP 1089 0.350948467 0.266774011 -0.149308071 0 0 0
B@CP 1091 0.147679939 0.115874243 -0.0555816671 0 0 0
B@CP 1092 0.180276024 0.33057964 0.077165129 0 0 0
B@CP 1093 -0.0707417791 -0.104904054 0.395606338 0 0 0
B@CP 1094 -0.253003438 0.27799554 -0.0816609081 0 0 0
B@CP 1099 -0.32773074 -0.23773117 -0.0755068442 0 0 0
B@CP 1100 -0.0617759706 -0.118958159 0.310322977 0 0 0
B@CP 1104 0.33466621 0.11634958 -0.306048469 0 0 0
B@CP 1105 0.0648542009 0.289884071 0.0713096506 0 0 0
B@CP 1106 0.0609201565 -0.0244174598 -0.255453211 0 0 0
B@CP 1107 -0.113983779 0.0113989835 -0.0189326175 0 0 0
B@CP 1109 -0.11528302 -0.404320644 0.134927298 0 0 0
B@CP 1110 0.30011473 -0.00795820347 -0.350470258 0 0 0
B@CP 1117 -0.0798627151 -0.0509670139 0.0275632503 0 0 0
B@CP 1118 0.395532726 -0.0861655751 -0.159492443 0 0 0
B@CP 1121 0.133556987 -0.149267436 0.163858996 0 0 0
B@CP 1122 0.184602108 0.020067743 0.180669036 0 0 0
B@CP 1123 -0.302346774 -0.0300154953 0.092706877 0 0 0
B@CP 1125 -0.0190092439 0.404756797 0.172964728 0 0 0
B@CP 1131 -0.306589442 0.273027459 -0.0738103548 0 0 0
B@CP 1139 0.0927732435 -0.246624012 -0.290753842 0 0 0
B@CP 1143 0.241796601 0.235999218 -0.0344378418 0 0 0
B@CP 1146 0.372664884 -0.112341606 -0.136952474 0 0 0
B@CP 1147 0.103373757 0.179914033 0.17470373 0 0 0
B@CP 1149 0.136386546 0.0351923262 -0.381244581 0 0 0
B@CP 1152 -0.189247228 0.151523227 -0.387267766 0 0 0
B@CP 1154 -0.380197538 -0.0668432525 -0.0326825534 0 0 0
B@CP 1155 0.0292009395 -0.234475573 0.0204786709 0 0 0
B@CP 1160 -0.130236329 -0.142807771 0.33287891 0 0 0
B@CP 1161 -0.0720611503 -0.163656828 -0.0127832532 0 0 0
B@CP 1162 0.270782233 0.206321677 -0.116930727 0 0 0
B@CP 1163 -0.195955657 0.378658862 0.205965603 0 0 0
B@CP 1166 -0.257839254 0.309786564 -0.110099262 0 0 0
B@CP 1167 0.15383046 0.0379870504 -0.13805342 0 0 0
B@CP 1170 0.37108772 0.0189397111 -0.0249879141 0 0 0
B@CP 1171 -0.131474423 0.0131614521 0.356279979 0 0 0
B@CP 1176 -0.0252370758 -0.254654412 -0.0732407055 0 0 0
B@CP 1179 -0.40078202 0.0880131288 -0.150311095 0 0 0
B@CP 1185 0.287197629 0.0311889493 0.0780233728 0 0 0
B@CP 1186 -0.246842893 -0.139288054 -0.281171982 0 0 0
B@CP 1187 0.0621090921 -0.0731084456 0.00923703574 0 0 0
B@CP 1188 0.0507545442 -0.307998169 -0.32127524 0 0 0
B@CP 1189 0.104783365 -0.109589852 -0.112248024 0 0 0
B@CP 1190 0.172790749 -0.219288654 -0.306857358 0 0 0
B@CP 1191 0.0663244142 0.426990358 0.00652354231 0 0 0
B@CP 1192 0.00181165398 0.143241101 -0.172344742 0 0 0
B@CP 1196 -0.0162450456 0.0794713397 -0.218219955 0 0 0
B@CP 1197 0.0238057057 -0.130345121 0.299874308 0 0 0
B@CP 1206 0.278068694 -0.352626737 -0.124804733 0 0 0
B@CP 1211 -0.254646108 -0.220392893 0.162803124 0 0 0
B@CP 1221 0.196793538 0.135744704 0.143085762 0 0 0
B@CP 1222 -0.138298292 0.0180389645 0.386096095 0 0 0
B@CP 1225 -0.0825690542 -0.268748635 -0.266129428 0 0 0
B@CP 1226 -0.297925132 0.19586758 -0.132207017 0 0 0
B@CP 1228 -0.0247687556 0.107913685 0.356299351 0 0 0
B@CP 1229 0.182972913 0.115306492 0.302653837 0 0 0
B@CP 1234 0.0780219611 0.147770742 0.35751735 0 0 0
B@CP 1237 -0.0272493982 0.128002282 -0.195146014 0 0 0
B@CP 1239 -0.0479595046 -0.311398148 -0.0783088486 0 0 0
B@CP 1241 0.192428239 0.167911022 0.318754241 0 0 0
B@CP 1242 0.203715474 0.215654321 -0.344347043 0 0 0
B@CP 1245 -0.0339251451 -0.442701282 -0.0787583224 0 0 0
B@CP 1248 0.179009866 0.090897121 -0.0538543359 0 0 0
B@CP 1257 -0.125894423 -0.0987334952 0.0709312159 0 0 0
B@CP 1259 0.306847356 -0.125478514 0.240865773 0 0 0
B@CP 1262 0.278146964 0.0842441239 -0.266959055 0 0 0
B@CP 1263 -0.19588887 -0.151825645 -0.255806761 0 0 0
B@CP 1264 0.164589467 -0.137222213 0.344533919 0 0 0
B@CP 1268 -0.24316463 0.121381719 -0.213355332 0 0 0
B@CP 1274 -0.23885332 0.235762003 -0.0741531778 0 0 0
B@CP 1275 0.137151969 0.251557125 -0.217537017 0 0 0
B@CP 1280 0.461753257 0.0363647978 0.0673478941 0 0 0
B@CP 1281 0.372942894 -0.0882437818 0.00168702338 0 0 0
B@CP 1284 0.379997673 -0.114778491 -0.228022351 0 0 0
B@CP 1285 -0.121306176 0.323902641 -0.168384126 0 0 0
B@CP 1291 -0.341510643 -0.0285435477 0.244547044 0 0 0
B@CP 1293 0.0396644775 -0.235870675 -0.392327603 0 0 0
B@CP 1299 -0.333844417 -0.288041066 0.160482612 0 0 0
B@CP 1302 -0.0265093402 0.234864906 0.121145451 0 0 0
B@CP 1305 -0.143970357 -0.173235391 -0.0994174115 0 0 0
B@CP 1306 0.281007291 -0.0413189108 0.0647938976 0 0 0
B@CP 1312 -0.0955189634 0.134496266 0.323130558 0 0 0
B@CP 1318 -0.383342313 0.0953157485 0.181524398 0 0 0
B@CP 1320 -0.0167926984 -0.123594264 -0.103419872 0 0 0
B@CP 1323 0.401949714 -0.126882747 0.12863701 0 0 0
B@CP 1324 0.42334616 -0.00840972226 0.194449379 0 0 0
B@CP 1326 -0.0321529137 0.40189504 0.0500834262 0 0 0
B@CP 1330 0.0332158182 -0.34629529 -0.237457985 0 0 0
B@CP 1332 -0.0407411695 -0.081911887 -0.0539014287 0 0 0
B@CP 1335 0.137840509 0.135557395 -0.222859164 0 0 0
B@CP 1342 -0.050338226 -0.126989565 -0.0366727061 0 0 0
B@CP 1343 0.202782528 -0.206453738 -0.138248641 0 0 0
B@CP 1345 -0.0918030884 -0.146531784 0.412801744 0 0 0
B@CP 1348 -0.151148719 -0.0716916274 0.3336974 0 0 0
B@CP 1354 0.00868930506 0.343037924 -0.054099509 0 0 0
B@CP 1356 0.0354008372 -0.262097968 0.0221375251 0 0 0
B@CP 1362 -0.014877072 0.299856758 -0.213285213 0 0 0
B@CP 1363 -0.143614095 0.112459498 -0.0865765454 0 0 0
B@CP 1365 0.104996293 -0.390110582 0.116050468 0 0 0
B@CP 1367 0.107724032 -0.212945511 0.00483302639 0 0 0
B@CP 1370 -0.437576845 0.0776118425 -0.00337016217 0 0 0
B@CP 1371 -0.163205797 -0.25445758 0.153101267 0 0 0
B@CP 1372 -0.119403286 0.344933535 0.140219805 0 0 0
B@CP 1373 0.35339674 -0.165048355 0.0205546457 0 0 0
B@CP 1375 0.0353372466 -0.0621264733 0.0043702431 0 0 0
B@CP 1379 -0.0324771555 -0.466304663 0.0178975315 0 0 0
B@CP 1385 -0.20307376 -0.1840563 -0.137246694 0 0 0
B@CP 1387 -0.261632682 0.29169598 -0.0998939839 0 0 0
B@CP 1390 -0.394522053 0.155969438 -0.027518342 0 0 0
B@CP 1391 0.361615527 0.104333965 0.210322166 0 0 0
B@CP 1393 0.297553114 -0.0177015851 -0.0225278776 0 0 0
B@CP 1398 0.101761833 -0.223859157 0.305934461 0 0 0
B@CP 1406 0.00702649642 0.254839326 0.241624445 0 0 0
B@CP 1408 -0.0743427444 -0.374186319 -0.109116601 0 0 0
B@CP 1410 0.129298862 0.4146715 0.139711914 0 0 0
B@CP 1416 0.308555604 0.228853579 0.13944165 0 0 0
B@CP 1417 -0.283799982 -0.0458164663 -0.157882358 0 0 0
B@CP 1422 -0.0675872177 0.199899653 0.303579677 0 0 0
B@CP 1423 0.155996834 -0.165681029 -0.140949725 0 0 0
B@CP 1424 0.0396308536 -0.226575585 -0.372912345 0 0 0
B@CP 1428 0.308362103 0.186347159 0.172797166 0 0 0
B@CP 1429 -0.0386205068 0.421917968 -0.0469009032 0 0 0
B@CP 1433 -0.335359861 -0.109548374 -0.0838954236 0 0 0
B@CP 1434 0.0201015464 0.0614246547 -0.376710518 0 0 0
B@CP 1436 -0.26400235 0.0893150035 0.302053833 0 0 0
B@CP 1438 -0.201711734 0.204295022 -0.373810227 0 0 0
B@CP 1439 0.245570337 -0.225813006 0.127694136 0 0 0
B@CP 1446 0.211943613 0.301638176 0.0605736728 0 0 0
B@CP 1448 -0.301155678 -0.0418141915 -0.290861044 0 0 0
B@CP 1452 0.0304881418 0.287820005 -0.0474569005 0 0 0
B@CP 1453 0.18043812 0.368768079 -0.196324802 0 0 0
B@CP 1454 -0.330806491 -0.0571573491 0.257298281 0 0 0
B@CP 1465 -0.375919941 -0.109200677 -0.100972168 0 0 0
B@CP 1466 -0.0433291892 -0.417085605 -0.0624639837 0 0 0
B@CP 1470 0.119764215 0.171005105 0.371250214 0 0 0
B@CP 1471 -0.24726216 -0.205827351 0.195147028 0 0 0
B@CP 1478 0.0599156666 0.144204307 0.314969295 0 0 0
B@CP 1481 0.223152583 0.200360489 -0.24070973 0 0 0
B@CP 1482 -0.214120714 0.0139785813 0.339419811 0 0 0
B@CP 1483 -0.098988572 0.0621604659 -0.0448382323 0 0 0
B@CP 1486 -0.353617589 -0.0523124978 0.243996808 0 0 0
B@CP 1489 0.107807471 -0.0365667752 0.360702877 0 0 0
B@CP 1490 -0.0540222119 0.168404053 -0.331038233 0 0 0
B@CP 1491 0.0837749295 -0.0819177055 -0.215590117 0 0 0
B@CP 1492 0.059681935 -0.0794643087 -0.381419681 0 0 0
B@CP 1495 0.145099051 0.410426124 -0.146986809 0 0 0
B@CP 1500 -0.333646293 -0.100958262 -0.204412938 0 0 0
B@CP 1504 -0.192225345 -0.137636576 0.241529426 0 0 0
B@CP 1505 -0.057487743 0.384839828 0.0766628927 0 0 0
B@CP 1509 -0.192574737 -0.168185445 0.226345678 0 0 0
B@CP 1515 0.126810189 -0.18157889 -0.0792997198 0 0 0
B@CP 1519 0.0692062079 -0.463916205 0.0115360406 0 0 0
B@CP 1523 -0.220771639 0.134937617 0.201077509 0 0 0
B@CP 1524 0.0806500741 -0.402867702 -0.134233209 0 0 0
B@CP 1526 0.11715612 0.376602554 0.248950284 0 0 0
B@CP 1527 0.178269411 0.0328922175 0.0926451537 0 0 0
B@CP 1530 -0.194806533 0.14842978 0.331308698 0 0 0
B@CP 1534 -0.133667683 -0.279312494 0.292567843 0 0 0
B@CP 1536 -0.0094043658 0.19756199 -0.245087715 0 0 0
B@CP 1551 -0.239306144 0.00633773998 0.326857819 0 0 0
B@CP 1552 -0.281923089 -0.0098230952 0.246370719 0 0 0
B@CP 1555 -0.173929137 0.173015169 -0.156692427 0 0 0
B@CP 1561 -0.376677869 -0.148786328 -0.0106679026 0 0 0
B@CP 1567 -0.105667861 -0.20820527 -0.0287480856 0 0 0
B@CP 1569 -0.425326984 0.0220425306 0.193127061 0 0 0
B@CP 1572 0.239350041 -0.202654098 0.150777944 0 0 0
B@CP 1573 -0.0678174438 0.151163511 0.423372984 0 0 0
B@CP 1576 -0.0672689318 -0.0612858634 0.243019054 0 0 0
B@CP 1580 -0.212479382 -0.0114352451 0.0186997664 0 0 0
B@CP 1583 0.0159158033 0.239282204 -0.141724185 0 0 0
B@CP 1584 -0.0938407446 0.084662353 0.166083427 0 0 0
B@CP 1586 -0.0586534776 -0.151648183 0.316067041 0 0 0
B@CP 1588 0.00212431857 0.0527488189 -0.207058983 0 0 0
B@CP 1589 -0.140976427 0.345049455 -0.240122954 0 0 0
B@CP 1596 -0.0769479083 0.250698697 0.194016403 0 0 0
B@CP 1600 -0.00336331939 -0.0355954585 -0.226625073 0 0 0
B@CP 1606 -0.0390011604 -0.0465807618 0.125195501 0 0 0
B@CP 1609 0.110852163 0.292525016 0.101047185 0 0 0
B@CP 1611 -0.316207752 0.142266614 -0.256101674 0 0 0
B@CP 1613 0.337202603 0.2749655 0.0862783947 0 0 0
B@CP 1625 -0.00147101879 0.10564074 0.260561138 0 0 0
B@CP 1630 -0.0838009839 0.264993944 0.359814992 0 0 0
B@CP 1637 0.158689344 0.420942081 -0.0435258043 0 0 0
B@CP 1638 -0.247577963 0.112067451 0.132738902 0 0 0
B@CP 1642 -0.305200176 0.233288642 -0.101846262 0 0 0
B@CP 1645 -0.0710483126 -0.0756935165 0.399862426 0 0 0
B@CP 1649 -0.0627899261 -0.156327682 0.0255256653 0 0 0
B@CP 1655 0.2103264 0.362698015 0.173827417 0 0 0
B@CP 1656 0.0791443289 0.00254316201 0.131985463 0 0 0
B@CP 1673 0.365312813 0.0651460049 -0.206965631 0 0 0
B@CP 1678 0.36873385 -0.0502462659 0.195949907 0 0 0
B@CP 1679 -0.203850061 -0.351847948 0.0241356037 0 0 0
B@CP 1681 -0.326025687 0.0514725307 -0.136698716 0 0 0
B@CP 1686 -0.181572169 -0.0114232803 -0.280571145 0 0 0
B@CP 1690 0.241090801 -0.302885836 0.114524299 0 0 0
B@CP 1694 0.309932322 -0.141602533 -0.115846401 0 0 0
B@CP 1696 0.169570656 -0.206110742 -0.152061814 0 0 0
B@CP 1697 -0.0227901589 -0.0738438365 0.0929720287 0 0 0
B@CP 1701 0.368470666 -0.0504939601 -0.0224505695 0 0 0
B@CP 1703 -0.23703609 0.0412874786 0.134780005 0 0 0
B@CP 1710 0.172937166 -0.0642672621 -0.00215135764 0 0 0
B@CP 1719 0.194289113 0.274048133 -0.0180316668 0 0 0
B@CP 1722 0.283948753 -0.196902228 0.288846214 0 0 0
B@CP 1727 -0.243527624 -0.388075547 0.0233410253 0 0 0
B@CP 1733 -0.109052859 0.354521204 0.0440384246 0 0 0
B@CP 1735 0.131281649 -0.0373115637 -0.0252499187 0 0 0
B@CP 1736 -0.369537042 -0.123619641 0.0108137947 0 0 0
B@CP 1739 0.0267466549 -0.416590073 -0.0583703327 0 0 0
B@CP 1740 0.177846915 -0.253186471 -0.127317218 0 0 0
B@CP 1743 0.162733217 -0.177704543 0.081428517 0 0 0
B@CP 1745 -0.102019451 -0.253951207 -0.0541214191 0 0 0
B@CP 1746 -0.224189086 0.2903998 -0.0585118359 0 0 0
B@CP 1747 0.0767304813 0.380440576 -0.144600254 0 0 0
B@CP 1748 -0.358193436 0.0749502502 0.150190406 0 0 0
B@CP 1751 0.116985252 0.281837731 0.314451247 0 0 0
B@CP 1752 0.299485841 -0.172171784 0.152587836 0 0 0
B@CP 1755 -0.135180809 -0.208123226 -0.0821776227 0 0 0
B@CP 1763 0.267143672 -0.0690542411 0.0939866164 0 0 0
B@CP 1774 -0.365442445 -0.178564093 0.0594028233 0 0 0
B@CP 1777 -0.213102561 0.33512752 0.026513195 0 0 0
B@CP 1781 -0.286658545 -0.114836724 0.34484911 0 0 0
B@CP 1789 -0.272638142 0.376483034 0.0128018543 0 0 0
B@CP 1790 0.059976501 0.219247946 0.257012969 0 0 0
B@CP 1793 -0.35428229 0.156291657 -0.223131935 0 0 0
B@CP 1800 0.163126918 0.302599505 -0.182290589 0 0 0
B@CP 1802 -0.0985513556 -0.294564951 -0.097122297 0 0 0
B@CP 1803 0.0652926483 0.0620040314 -0.104245046 0 0 0
B@CP 1804 0.0659646259 -0.257457923 -0.143039504 0 0 0
B@CP 1807 0.207759424 0.150650107 -0.0105951804 0 0 0
B@CP 1814 -0.213148177 0.0606269123 0.327111853 0 0 0
B@CP 1815 -0.307610635 0.0309932316 0.311245498 0 0 0
B@CP 1817 0.343348461 0.015558448 0.288404302 0 0 0
B@CP 1819 -0.117565876 0.238099475 0.220584874 0 0 0
B@CP 1822 -0.064703931 -0.186483035 0.376943793 0 0 0
B@CP 1823 -0.0913689722 -0.363180937 -0.0549604296 0 0 0
B@CP 1826 0.351917344 -0.0823545435 -0.152147805 0 0 0
B@CP 1828 -0.221128332 -0.00849647922 -0.00822986467 0 0 0
B@CP 1835 -0.123636898 0.139387492 -0.377177217 0 0 0
B@CP 1836 0.129234092 0.113433834 -0.163385989 0 0 0
B@CP 1838 0.361108047 0.253433355 -0.078009063 0 0 0
B@CP 1840 0.120160149 0.178866209 -0.392943153 0 0 0
B@CP 1842 -0.332320196 -0.0982586659 -0.215546582 0 0 0
B@CP 1844 0.393955417 0.0577683034 -0.0971929793 0 0 0
B@CP 1847 0.248495655 0.141763107 0.219019579 0 0 0
B@CP 1848 -0.39020251 0.00991017287 -0.126859531 0 0 0
B@CP 1851 -0.0215272127 -0.344027412 0.0993243944 0 0 0
B@CP 1852 0.164417515 -0.414627106 -0.0669797659 0 0 0
B@CP 1855 -0.201694844 0.332469645 -0.18366179 0 0 0
B@CP 1856 -0.0955654337 0.0568308357 -0.328524775 0 0 0
B@CP 1858 0.0182055406 -0.249471638 0.192554904 0 0 0
B@CP 1861 -0.0303934544 -0.26571792 0.0975612858 0 0 0
B@CP 1862 -0.0094213594 0.31077438 -0.268626171 0 0 0
B@CP 1866 0.355722044 -0.173678865 0.101514402 0 0 0
B@CP 1870 0.234516446 0.15368393 0.190012462 0 0 0
B@CP 1872 -0.00351825901 -0.197088374 0.18290167 0 0 0
B@CP 1873 -0.124558303 -0.1372187 -0.244906322 0 0 0
B@CP 1877 -0.318294831 0.153222654 0.0339881383 0 0 0
B@CP 1879 0.0639651615 0.137089739 0.240642491 0 0 0
B@CP 1880 -0.111384035 0.257901244 -0.183745661 0 0 0
B@CP 1881 -0.0996223689 -0.123301206 0.284413314 0 0 0
B@CP 1883 -0.00196828584 0.413838743 -0.181724604 0 0 0
B@CP 1887 -0.30097315 -0.280872222 -0.0742087052 0 0 0
B@CP 1890 -0.0200727658 0.20083797 -0.154561826 0 0 0
B@CP 1891 -0.444011591 -0.0715881423 0.0132678959 0 0 0
B@CP 1892 -0.181835973 -0.249797562 -0.106620661 0 0 0
B@CP 1893 0.341555391 0.084528635 -0.0371310416 0 0 0
B@CP 1899 -0.125305821 0.0860644254 -0.0343876971 0 0 0
B@CP 1901 -0.216067451 -0.00675168433 0.202373221 0 0 0
B@CP 1903 0.0486905607 -0.127547424 -0.28832534 0 0 0
B@CP 1906 -0.169206182 0.0268754322 -0.182421859 0 0 0
B@CP 1909 0.122994412 0.124124423 -0.128843542 0 0 0
B@CP 1910 0.0483885286 -0.310207921 -0.0909638255 0 0 0
B@CP 1911 0.366666337 0.268408081 -0.0234377825 0 0 0
B@CP 1915 0.0903091646 0.217779449 0.392612765 0 0 0
B@CP 1917 -0.215512716 0.172766067 0.303901286 0 0 0
B@CP 1920 -0.342818077 0.0752512614 -0.227844195 0 0 0
B@CP 1921 -0.11380553 -0.358256313 0.129064104 0 0 0
B@CP 1922 -0.118686576 0.132221736 -0.217332699 0 0 0
B@CP 1925 -0.172223019 -0.141231831 0.0047234854 0 0 0
B@CP 1935 -0.296745152 -0.120980392 -0.217055385 0 0 0
B@CP 1937 0.201775185 0.112427277 -0.293572707 0 0 0
B@CP 1939 -0.0759307952 0.337698393 0.310031363 0 0 0
B@CP 1950 -0.409305472 0.0635735308 0.051246856 0 0 0
B@CP 1955 -0.145825175 -0.184400633 -0.188163866 0 0 0
B@CP 1958 -0.412950383 0.118799282 0.176474463 0 0 0
B@CP 1967 -0.33669203 -0.168033625 -0.100981874 0 0 0
B@CP 1970 -0.115316953 0.338054403 -0.248429517 0 0 0
B@CP 1974 0.248395768 -0.0225786994 0.260917826 0 0 0
B@CP 1980 -0.165181216 -0.359618105 -0.122446131 0 0 0
B@CP 1993 0.212910115 -0.240968626 -0.257130139 0 0 0
B@CP 1994 -0.42224627 -0.0489288283 0.205728283 0 0 0
B@CP 1996 0.0643157739 -0.149540575 -0.426211412 0 0 0
B@CP 1999 -0.167417595 -0.127994419 0.322380014 0 0 0
B@CP 2002 0.030863482 -0.121496531 0.387552785 0 0 0
B@CP 2005 0.0244528516 -0.162526335 0.154293775 0 0 0
B@CP 2013 0.0854549511 0.13238593 0.0398419384 0 0 0
B@CP 2019 0.332471485 0.0383488011 -0.306567039 0 0 0
B@CP 2021 -0.0580108492 0.235497936 -0.17592827 0 0 0
B@CP 2022 0.00296460185 0.213335216 0.289682111 0 0 0
B@CP 2024 -0.0257963458 0.192832956 0.241728368 0 0 0
B@CP 2025 0.168557954 -0.0725892104 0.103760411 0 0 0
B@CP 2026 -0.229507089 -0.0799975722 -0.0985941703 0 0 0
B@CP 2028 -0.214263877 -0.0835259789 -0.32377717 0 0 0
B@CP 2029 0.171318569 -0.0551819627 -0.355404693 0 0 0
B@CP 2032 0.325360893 0.217611271 0.121561542 0 0 0
B@CP 2033 0.115315527 0.30668569 0.00969567525 0 0 0
B@CP 2034 -0.116264134 -0.201389558 -0.0235413362 0 0 0
B@CP 2036 -0.365461266 0.25604353 0.129555515 0 0 0
B@CP 2037 -0.356410383 -0.0791942691 -0.176790592 0 0 0
B@CP 2040 -0.241499931 -0.0919674462 -0.400565342 0 0 0
B@CP 2042 0.0376321103 0.0772888046 -0.383040492 0 0 0
B@CP 2043 0.277334336 0.0959568982 -0.338572723 0 0 0
B@CP 2048 -0.216946457 -0.0958872634 0.198668542 0 0 0
B@CP 2050 -0.0110873505 -0.343485098 -0.284207849 0 0 0
B@CP 2053 -0.424948035 -0.0112832234 -0.119034623 0 0 0
B@CP 2057 -0.241623456 -0.0639715746 0.0855521982 0 0 0
B@CP 2059 0.234102353 -0.214963969 -0.0846730083 0 0 0
B@CP 2060 -0.0118570379 0.362259181 0.00580580566 0 0 0
B@CP 2068 -0.216226173 0.16498985 0.291232927 0 0 0
B@CP 2076 -0.13156836 0.376944024 0.0411656549 0 0 0
B@CP 2077 0.242518548 -0.263057392 0.0889673782 0 0 0
B@CP 2078 -0.00200391964 0.0892287764 -0.376566284 0 0 0
B@CP 2079 0.346254296 0.185551996 -0.197446597 0 0 0
B@CP 2081 -0.214224096 0.0741612172 0.00657344017 0 0 0
B@CP 2082 -0.390325351 -0.094898546 0.0547043553 0 0 0
B@CP 2083 -0.134514423 -0.203207459 0.105926439 0 0 0
B@CP 2086 -0.257899809 0.259249944 -0.0708991625 0 0 0
B@CP 2087 -0.016113594 -0.235878763 -0.114935834 0 0 0
B@CP 2091 0.240886185 -0.230940363 0.238626873 0 0 0
B@CP 2095 -0.187148746 0.261673747 -0.294529601 0 0 0
B@CP 2103 0.16604947 -0.138940935 0.0030645467 0 0 0
B@CP 2105 0.247865969 0.348441636 0.144514412 0 0 0
B@CP 2109 -0.0830200823 0.319472012 0.051479602 0 0 0
B@CP 2110 0.0173427444 -0.0410793269 -0.141949317 0 0 0
B@CP 2111 -0.208315469 0.0296253607 0.354983271 0 0 0
B@CP 2113 -0.0167688866 -0.148084041 0.388037613 0 0 0
B@CP 2114 0.285667271 0.0741653719 0.131133055 0 0 0
B@CP 2115 -0.214420265 -0.327366557 0.0602943726 0 0 0
B@CP 2117 0.162902746 -0.037412507 0.103458081 0 0 0
B@CP 2118 -0.254797497 0.128836753 -0.143120485 0 0 0
B@CP 2119 -0.258289153 0.134262748 0.233624519 0 0 0
B@CP 2125 0.256476831 0.233013012 -0.178202705 0 0 0
B@CP 2127 -0.190320447 -0.0176484486 -0.0799525629 0 0 0
B@CP 2130 0.0372697551 -0.13946238 -0.370240033 0 0 0
B@CP 2131 -0.0601642104 -0.167178661 -0.134678422 0 0 0
B@CP 2133 -0.197298195 0.221302004 0.14694903 0 0 0
B@CP 2134 -0.0716506526 0.153370611 -0.0192762113 0 0 0
B@CP 2136 0.424867597 0.128334096 0.0743905905 0 0 0
B@CP 2141 0.0874822444 -0.163323529 -0.121737178 0 0 0
B@CP 2144 -0.393193103 -0.115381039 0.120777478 0 0 0
B@CP 2145 -0.0405036506 -0.112279293 -0.109371909 0 0 0
B@CP 2149 0.346611449 0.0157831782 -0.270099872 0 0 0
B@CP 2154 -0.339932415 -0.0508648367 -0.0398221674 0 0 0
B@CP 2161 -0.322856471 -0.106250207 -0.165650968 0 0 0
B@CP 2164 0.253839219 -0.180290237 0.0726651221 0 0 0
B@CP 2166 0.273759006 0.0141246638 0.362222694 0 0 0
B@CP 2168 -0.404021604 -0.0177184323 -0.089192921 0 0 0
B@CP 2169 -0.353437797 -0.277461219 -0.00469344908 0 0 0
B@CP 2175 0.268239489 -0.0162420507 -0.141917437 0 0 0
B@CP 2177 -0.0475909969 0.0835589188 -0.177929495 0 0 0
B@CP 2182 -0.124624051 0.152692165 -0.116946117 0 0 0
B@CP 2186 0.132552961 -0.111740487 -0.394558051 0 0 0
B@CP 2188 0.174909002 0.0910587638 -0.256790716 0 0 0
B@CP 2203 -0.203889373 -0.141575195 -0.202114834 0 0 0
B@CP 2205 0.034630833 0.228836794 0.216777603 0 0 0
B@CP 2207 -0.101708034 0.00414398184 -0.320079844 0 0 0
B@CP 2208 -0.0339512996 0.264348892 0.290997708 0 0 0
B@CP 2213 -0.0380968825 0.315435395 0.274694426 0 0 0
B@CP 2215 0.221619547 0.0704135756 0.119919909 0 0 0
B@CP 2217 -0.354732269 0.0839727471 -0.208236731 0 0 0
B@CP 2220 0.371142552 0.107171768 0.107580422 0 0 0
B@CP 2221 -0.0636259427 -0.140545851 0.0797353471 0 0 0
B@CP 2222 0.027509179 0.0888038334 -0.143631897 0 0 0
B@CP 2225 -0.38633406 0.159206483 0.208461819 0 0 0
B@CP 2226 0.232021378 -0.1002136 -0.0224052088 0 0 0
B@CP 2228 -0.0611167574 -0.0885755905 0.455533269 0 0 0
B@CP 2230 -0.279500057 0.0993213877 -0.305342128 0 0 0
B@CP 2233 0.329004701 -0.0489294265 -0.154512 0 0 0
B@CP 2234 0.120399517 -0.33322881 -0.0245242333 0 0 0
B@CP 2248 -0.0939547889 -0.0199145701 -0.323364204 0 0 0
B@CP 2250 -0.349077172 -0.205597201 0.204019297 0 0 0
B@CP 2251 -0.119958215 0.298582015 -0.119829916 0 0 0
B@CP 2252 0.131708032 -0.0245238916 0.223590808 0 0 0
B@CP 2254 -0.110897493 -0.0948956563 -0.0543370538 0 0 0
B@CP 2255 0.346823007 0.0385588043 -0.0976278002 0 0 0
B@CP 2256 -0.175284335 0.00754861751 -0.410932796 0 0 0
B@CP 2263 -0.116450194 0.104862789 0.323845459 0 0 0
B@CP 2267 0.156154399 0.0372033793 -0.359903934 0 0 0
B@CP 2271 0.148837428 -0.0286375534 0.288801587 0 0 0
B@CP 2272 0.041921104 0.142832676 0.314268426 0 0 0
B@CP 2273 -0.228126547 -0.138398238 -0.184350976 0 0 0
B@CP 2275 -0.18852263 0.0902141871 0.00204434475 0 0 0
B@CP 2279 -0.0982537233 -0.011781985 0.286056005 0 0 0
B@CP 2282 -0.352037932 0.113830282 0.27794763 0 0 0
B@CP 2284 0.28892779 -0.287486744 0.177521379 0 0 0
B@CP 2285 -0.31395125 0.173898601 -0.00629013378 0 0 0
B@CP 2293 -0.0467201585 -0.405073585 0.0647754128 0 0 0
B@CP 2299 0.0109575654 -0.304517598 0.299718376 0 0 0
B@CP 2300 0.0198005598 0.176864578 0.216853893 0 0 0
B@CP 2301 -0.118471879 0.220282082 0.190807584 0 0 0
B@CP 2303 0.127020227 0.356629896 0.226873863 0 0 0
B@CP 2305 -0.0885685827 -0.452325261 0.00762438034 0 0 0
B@CP 2309 0.0490798165 0.0941028873 0.204338684 0 0 0
B@CP 2313 0.200475691 0.0792238834 0.315285683 0 0 0
B@CP 2315 0.166661285 0.173212767 -0.232226042 0 0 0
B@CP 2320 0.132744744 -0.21565695 -0.346465564 0 0 0
B@CP 2325 -0.414014164 -0.0786697024 -0.202934004 0 0 0
B@CP 2329 -0.29243758 0.129283044 0.2335007 0 0 0
B@CP 2331 -0.405271043 0.0705845247 -0.18535678 0 0 0
B@CP 2332 0.278496781 0.180360459 -0.0568054485 0 0 0
B@CP 2333 -0.248356404 -0.264151749 0.123996464 0 0 0
B@CP 2335 -0.185006574 -0.32938845 -0.0112410227 0 0 0
B@CP 2336 0.252167953 -0.0151374934 0.199370253 0 0 0
B@CP 2340 0.238018064 0.129141594 -0.297606609 0 0 0
B@CP 2343 -0.428192646 -0.0702222085 0.16549284 0 0 0
B@CP 2346 -0.00210488174 -0.17934421 0.251981625 0 0 0
B@CP 2348 -0.157244051 0.273029431 0.016324948 0 0 0
B@CP 2350 -0.180338772 0.284205333 0.174642556 0 0 0
B@CP 2351 -0.00312372876 0.22187648 0.347376778 0 0 0
B@CP 2356 -0.457539941 0.075916733 0.0348489815 0 0 0
B@CP 2357 -0.0806259767 0.343249141 0.105284337 0 0 0
B@CP 2359 -0.0799100935 -0.205941046 0.0350567861 0 0 0
B@CP 2363 -0.317687935 0.221831193 0.183522931 0 0 0
B@CP 2365 0.00659509907 -0.392987716 -0.114835602 0 0 0
B@CP 2368 -0.0805703101 0.00553559602 0.352744979 0 0 0
B@CP 2369 0.136153869 -0.0992054622 0.318076599 0 0 0
B@CP 2370 -0.264177361 -0.071871972 -0.341268512 0 0 0
B@CP 2372 -0.100639979 0.386824962 0.174323937 0 0 0
B@CP 2373 0.269666887 0.0546040431 -0.319058244 0 0 0
B@CP 2376 -0.384456378 0.0355032301 -0.0518744861 0 0 0
B@CP 2381 -0.108316886 -0.251689393 -0.245236053 0 0 0
B@CP 2382 -0.0840939689 0.126984492 0.153358215 0 0 0
B@CP 2383 0.119704486 0.157081661 -0.416790451 0 0 0
B@CP 2386 0.104680429 0.22698222 0.352945001 0 0 0
B@CP 2388 0.308425115 0.00735663933 0.201607054 0 0 0
B@CP 2392 -0.323307494 -0.198121265 0.254621921 0 0 0
B@CP 2395 -0.149105206 -0.304389971 -0.177807742 0 0 0
B@CP 2397 -0.224616519 -0.248904578 0.234143504 0 0 0
B@CP 2400 -0.309576725 0.0967100196 -0.0237820688 0 0 0
B@CP 2402 0.160735491 -0.202803484 -0.0267995489 0 0 0
B@CP 2405 0.0882571605 0.0597035799 -0.0406185515 0 0 0
B@CP 2411 -0.00060728376 -0.373933776 -0.17976857 0 0 0
B@CP 2413 0.236309891 0.255445455 0.10743963 0 0 0
B@CP 2416 -0.013786176 0.474740008 -0.0376818546 0 0 0
B@CP 2421 0.0577183752 0.0240920171 -0.346120106 0 0 0
B@CP 2437 -0.228996388 0.234142701 -0.0525875347 0 0 0
B@CP 2441 0.0534911231 0.0505627678 0.259600462 0 0 0
B@CP 2456 -0.178176683 0.0996176047 -0.365450265 0 0 0
B@CP 2457 -0.0388525831 -0.0490714919 -0.161563952 0 0 0
B@CP 2459 0.167000941 0.0312414527 -0.41139116 0 0 0
B@CP 2460 -0.255896215 -0.0745745067 0.210289571 0 0 0
B@CP 2461 0.134351594 0.34824717 0.248412412 0 0 0
B@CP 2462 0.257900684 -0.206027782 -0.246762997 0 0 0
B@CP 2467 -0.219493791 0.179059912 -0.320698812 0 0 0
B@CP 2471 0.0755170398 0.131418951 0.301938541 0 0 0
B@CP 2475 0.125827988 0.281989475 0.223824702 0 0 0
B@CP 2477 -0.176338844 0.203259419 -0.202609205 0 0 0
B@CP 2481 -0.090196199 0.0727843568 -0.0648404959 0 0 0
B@CP 2487 0.000924907765 0.166686976 -0.152916249 0 0 0
B@CP 2492 0.180603739 -0.126350991 -0.345626412 0 0 0
C@CP 2500 0.230428743 -0.265713443 -0.135138323 0 0 0
C@CP 2501 -0.00152640524 0.344354142 -0.143953184 0 0 0
C@CP 2502 0.0510307658 -0.00313237666 0.235516858 0 0 0
C@CP 2503 0.171837811 -0.0371831941 0.25357538 0 0 0
C@CP 2505 0.150537568 -0.0429334555 0.0617080913 0 0 0
C@CP 2506 0.234304322 0.00311333844 0.204600158 0 0 0
C@CP 2507 0.227367644 0.250618148 0.190837322 0 0 0
C@CP 2508 0.0409253037 0.308753575 -0.0439050254 0 0 0
C@CP 2509 -0.324346217 0.1011596 -0.289929596 0 0 0
C@CP 2510 -0.340144826 -0.122986297 0.11631233 0 0 0
C@CP 2511 -0.0948840425 0.346175267 0.161320136 0 0 0
C@CP 2512 -0.193108382 0.0924393061 0.0317083196 0 0 0
C@CP 2513 0.159927539 -0.130410156 0.321752196 0 0 0
C@CP 2514 -0.166979648 -0.121835427 0.0232269789 0 0 0
C@CP 2515 -0.193864272 -0.110256576 0.33782214 0 0 0
C@CP 2516 0.0695366225 -0.0366552931 0.433552711 0 0 0
C@CP 2517 0.172666451 0.244352579 0.214672913 0 0 0
C@CP 2518 0.0338846797 0.234731596 -0.0108691495 0 0 0
C@CP 2519 0.0119303281 -0.261149705 -0.375277495 0 0 0
C@CP 2520 0.0849898945 0.253238787 -0.286464049 0 0 0
C@CP 2521 0.233263249 0.313413281 -0.249576868 0 0 0
C@CP 2522 -0.397522313 -0.132751593 -0.0106857501 0 0 0
C@CP 2523 -0.188328752 0.236081044 -0.0576922101 0 0 0
C@CP 2524 -0.0227563236 0.369619666 -0.0932838172 0 0 0
C@CP 2525 0.188297398 0.220424093 0.273504175 0 0 0
C@CP 2526 0.201033012 -0.103339921 -0.359775009 0 0 0
C@CP 2527 0.141308067 0.320309683 0.0386075307 0 0 0
C@CP 2528 0.0122082076 0.359175737 0.266999253 0 0 0
C@CP 2529 0.0969242948 -0.250977813 0.25098853 0 0 0
C@CP 2530 0.176832016 -0.382835952 0.234699209 0 0 0
C@CP 2531 0.107865452 0.152021034 -0.133348145 0 0 0
C@CP 2532 -0.108199669 -0.222461172 -0.0836916476 0 0 0
C@CP 2533 0.00176253511 0.0359548721 -0.328689539 0 0 0
C@CP 2534 0.258492741 0.326843297 0.0975240968 0 0 0
C@CP 2535 -0.339933577 0.227624269 -0.108698577 0 0 0
C@CP 2536 0.216160515 -0.0385087223 0.213170467 0 0 0
C@CP 2537 0.212937238 0.204293307 0.166892965 0 0 0
C@CP 2538 0.238830553 -0.0495440571 -0.252147738 0 0 0
C@CP 2539 -0.236922212 -0.143932645 0.014100655 0 0 0
C@CP 2540 -0.242227366 0.183023108 0.257835097 0 0 0
C@CP 2541 -0.24431734 -0.101208881 -0.12683124 0 0 0
C@CP 2542 -0.357025115 -0.125937022 0.0650913964 0 0 0
C@CP 2543 -0.0555764773 -0.157259402 0.0964867213 0 0 0
C@CP 2544 -0.111900488 -0.390562489 0.229728782 0 0 0
C@CP 2545 0.276942635 -0.0703224213 0.232501632 0 0 0
C@CP 2546 0.0303357327 -0.167376837 -0.141774378 0 0 0
C@CP 2547 0.194682994 0.195591656 0.0334263444 0 0 0
C@CP 2548 -0.259932032 -0.220772135 0.254410908 0 0 0
C@CP 2549 0.0564840911 0.0924065667 0.192354186 0 0 0
C@CP 2550 -0.0139428054 -0.212930561 -0.116894426 0 0 0
C@CP 2551 0.0744440288 -0.0509789049 0.324297015 0 0 0
C@CP 2552 -0.0780544031 -0.275226001 -0.0140499765 0 0 0
C@CP 2553 -0.0938538256 -0.157000431 0.0920014255 0 0 0
C@CP 2554 0.16313438 -0.377821627 0.147265743 0 0 0
C@CP 2555 0.151866348 -0.178753273 -0.222658147 0 0 0
C@CP 2556 0.00527979605 -0.337008437 -0.281253562 0 0 0
C@CP 2557 -0.0281927838 0.147703422 0.326474591 0 0 0
C@CP 2558 0.203351418 0.142916334 0.176351742 0 0 0
C@CP 2559 -0.0135473757 0.317391667 -0.315076549 0 0 0
C@CP 2560 0.199692827 -0.221326878 -0.237965962 0 0 0
C@CP 2561 0.240830591 -0.0192582829 0.304972947 0 0 0
C@CP 2562 -0.190175434 -0.0345532356 -0.00478385997 0 0 0
C@CP 2563 -0.0606272444 0.0949636759 0.0870964259 0 0 0
C@CP 2564 -0.349479287 0.0996296651 -0.189036083 0 0 0
C@CP 2565 -0.324408947 -0.0861478986 -0.251822953 0 0 0
C@CP 2566 -0.0244371569 0.101698355 -0.342615163 0 0 0
C@CP 2567 -0.0424187458 0.314823169 -0.189515886 0 0 0
C@CP 2568 -0.127117501 -0.202712131 -0.101897007 0 0 0
C@CP 2569 -0.150417506 -0.126558895 0.0352802362 0 0 0
C@CP 2570 -0.0987241295 -0.0283382632 -0.224073182 0 0 0
C@CP 2571 -0.0380568886 0.0169358859 -0.00359165981 0 0 0
C@CP 2572 0.302953898 -0.00621190176 -0.104885028 0 0 0
C@CP 2573 0.0221348967 0.40226719 -0.208202008 0 0 0
C@CP 2574 0.114499834 0.414090715 0.0385370016 0 0 0
C@CP 2575 0.371906269 0.0158630889 0.234572043 0 0 0
C@CP 2576 -0.140018576 -0.0359229965 0.212435343 0 0 0
C@CP 2577 0.248354862 0.363141778 0.00436092639 0 0 0
C@CP 2578 -0.144962216 0.229365634 0.172327713 0 0 0
C@CP 2579 0.413191931 -0.0935362996 0.121973083 0 0 0
C@CP 2580 -0.0307084586 -0.369713554 -0.0645674783 0 0 0
C@CP 2581 0.176469648 -0.101043365 -0.0195344359 0 0 0
C@CP 2582 0.287034072 -0.0556893898 0.347883498 0 0 0
C@CP 2583 -0.255925161 0.374170201 0.0523089921 0 0 0
C@CP 2584 0.185391546 -0.332064624 -0.129071658 0 0 0
C@CP 2585 0.246802383 0.297741215 0.0190736912 0 0 0
C@CP 2586 0.0516617003 -0.425431805 0.0458603063 0 0 0
C@CP 2587 0.0177623529 0.383596915 0.201875453 0 0 0
C@CP 2588 -0.458182027 0.0709189405 -0.01825863 0 0 0
C@CP 2589 0.0810811815 -0.0344153536 0.299266194 0 0 0
C@CP 2590 -0.0749309192 -0.11599951 -0.326498607 0 0 0
C@CP 2591 0.0400922209 -0.340424192 0.210965261 0 0 0
C@CP 2592 -0.143150462 -0.122395356 0.29121658 0 0 0
C@CP 2593 0.238204359 0.0487633652 -0.0136818169 0 0 0
C@CP 2594 0.00187720036 0.0175466991 0.458422092 0 0 0
C@CP 2595 -0.239079993 0.164422747 0.204187964 0 0 0
C@CP 2596 0.188337429 -0.0305063741 -0.0101601361 0 0 0
C@CP 2597 -0.216257207 -0.119921624 -0.0871890725 0 0 0
C@CP 2598 0.188987476 -0.164989598 0.120912593 0 0 0
C@CP 2599 -0.156510481 0.194364194 0.301305631 0 0 0
C@CP 2600 -0.0932713575 -0.00664677868 0.36840568 0 0 0
C@CP 2601 0.249633227 -0.00326085528 -0.234877916 0 0 0
C@CP 2602 0.273179424 0.0294717185 0.313022646 0 0 0
C@CP 2603 -0.322783429 -0.0343341605 0.146991549 0 0 0
C@CP 2604 0.167118345 0.194159859 0.319789416 0 0 0
C@CP 2605 0.0992935877 0.185321856 -0.361741664 0 0 0
C@CP 2606 -0.384585805 -0.0162648933 -0.0298508309 0 0 0
C@CP 2607 -0.306233177 0.146208661 -0.247292104 0 0 0
C@CP 2608 0.126064104 0.347193392 0.0561543118 0 0 0
C@CP 2609 0.0273494828 0.0976854115 -0.197968033 0 0 0
C@CP 2610 -0.25979774 -0.00578423082 0.0962295681 0 0 0
C@CP 2611 -0.176709832 0.408442665 0.159962152 0 0 0
C@CP 2612 0.166049977 0.186580181 -0.252580078 0 0 0
C@CP 2613 0.145163415 0.182209597 0.131167507 0 0 0
C@CP 2614 -0.0797409845 0.00311909438 -0.315583685 0 0 0
C@CP 2615 -0.312379922 -0.0539795558 -0.193631805 0 0 0
C@CP 2616 -0.457333218 -0.0409705153 -0.00747867813 0 0 0
C@CP 2617 -0.341887092 -0.275432918 -0.159362736 0 0 0
C@CP 2618 0.451690012 0.0414564612 0.0939788584 0 0 0
C@CP 2619 -0.151084471 0.430482364 -0.00739531812 0 0 0
C@CP 2620 -0.134788077 0.29574512 -0.25418524 0 0 0
C@CP 2621 0.281088794 -0.127469333 0.335850722 0 0 0
C@CP 2622 0.0818159449 0.26926819 -0.138472488 0 0 0
C@CP 2623 -0.357559497 -0.195153528 0.0308020699 0 0 0
C@CP 2624 -0.195869955 -0.0717820466 -0.186953629 0 0 0
C@CP 2625 -0.236095299 -0.0471972025 -0.312663801 0 0 0
C@CP 2626 0.0320804293 0.0933899296 0.0765593417 0 0 0
C@CP 2627 -0.374919503 0.184754358 0.119734182 0 0 0
C@CP 2628 0.190414242 0.111061213 0.192117035 0 0 0
C@CP 2629 -0.159815868 0.353022106 -0.24983104 0 0 0
C@CP 2630 -0.0763493289 0.365966759 0.16328065 0 0 0
C@CP 2631 0.164296006 0.192105461 0.0671345751 0 0 0
C@CP 2632 -0.178563178 -0.357462703 -0.185088149 0 0 0
C@CP 2633 -0.20975282 0.0395697045 -0.118052826 0 0 0
C@CP 2634 0.204471351 -0.00485173482 -0.313370489 0 0 0
C@CP 2635 -0.0872960969 -0.239269055 -0.122048033 0 0 0
C@CP 2636 0.104547351 0.0744494424 -0.388627858 0 0 0
C@CP 2637 0.244708451 0.172148405 -0.336987602 0 0 0
C@CP 2638 0.311289716 0.0672502597 -0.127790666 0 0 0
C@CP 2639 0.287822908 0.265306836 -0.225828016 0 0 0
C@CP 2640 0.0700698937 -0.18128655 -0.205540162 0 0 0
C@CP 2641 0.319103924 0.149890593 -0.0909999489 0 0 0
C@CP 2642 0.0528813044 0.30220257 0.203281713 0 0 0
C@CP 2643 0.131574115 -0.154346065 -0.245706823 0 0 0
C@CP 2644 -0.19007189 0.212353892 0.0735873542 0 0 0
C@CP 2645 -0.402536077 0.11067721 0.174360304 0 0 0
C@CP 2646 -0.445131902 -0.00276167364 0.159700241 0 0 0
C@CP 2647 0.124596867 -0.0105889854 0.396539642 0 0 0
C@CP 2648 0.229540107 -0.117216074 -0.224720839 0 0 0
C@CP 2649 0.213783865 -0.0236129376 0.405888938 0 0 0
C@CP 2650 0.0435731314 -0.167565421 0.17826124 0 0 0
C@CP 2651 0.356231491 0.211683412 -0.222333037 0 0 0
C@CP 2652 0.0796885804 0.157743121 0.090779327 0 0 0
C@CP 2653 -0.027625324 -0.0604984403 0.292786546 0 0 0
C@CP 2654 0.0803299131 -0.0374100027 0.213835979 0 0 0
C@CP 2655 0.344294406 0.161868085 0.221215801 0 0 0
C@CP 2656 0.210610064 -0.244729769 0.212842888 0 0 0
C@CP 2657 0.330025624 0.205465321 0.102518025 0 0 0
C@CP 2658 -0.0577004529 0.172077536 -0.258109652 0 0 0
C@CP 2659 0.120338424 0.148280341 -0.223633821 0 0 0
C@CP 2660 -0.0951529195 0.093656019 0.222311029 0 0 0
C@CP 2662 -0.0111336664 0.190277943 0.360992499 0 0 0
C@CP 2663 -0.125942588 0.0632897922 0.366490854 0 0 0
C@CP 2664 0.13613999 0.194362378 -0.32317438 0 0 0
C@CP 2665 -0.0359227357 -0.42282764 0.0728635979 0 0 0
C@CP 2666 0.242139083 0.130596229 0.000332082026 0 0 0
C@CP 2667 -0.280290127 0.0950298956 0.112614426 0 0 0
C@CP 2668 -0.0547405971 0.294450005 -0.333127625 0 0 0
C@CP 2669 0.149923117 -0.240588703 0.246413027 0 0 0
C@CP 2670 -0.0468329953 -0.158606657 -0.205639675 0 0 0
C@CP 2671 0.313844977 0.00738005024 -0.161787931 0 0 0
C@CP 2672 0.0233355309 -0.0258873876 0.169704564 0 0 0
C@CP 2673 -0.116153792 0.134882515 0.365235605 0 0 0
C@CP 2674 0.248507553 -0.135322874 -0.200476131 0 0 0
C@CP 2675 -0.239959449 0.259100353 0.0885585538 0 0 0
C@CP 2676 0.214120655 0.176805015 -0.00380914937 0 0 0
C@CP 2677 0.300251295 -0.0595248475 -0.298484371 0 0 0
C@CP 2678 -0.0287900735 -0.115529988 0.0147127451 0 0 0
C@CP 2679 0.346440915 0.0753617062 0.182654971 0 0 0
C@CP 2680 -0.163252276 0.113195884 -0.282840043 0 0 0
C@CP 2681 0.118505806 -0.255070705 0.0525336181 0 0 0
C@CP 2682 -0.329707711 -0.0784183128 -0.180747907 0 0 0
C@CP 2683 -0.0257153776 0.174293254 0.287458003 0 0 0
C@CP 2684 -0.20986027 -0.254260306 0.139386653 0 0 0
C@CP 2685 -0.12411196 0.381751232 0.255549747 0 0 0
C@CP 2686 0.19705388 0.0397439754 0.174770288 0 0 0
C@CP 2687 0.0651558729 -0.0785975348 -0.240598665 0 0 0
C@CP 2688 -0.081232413 0.386512588 0.158499392 0 0 0
C@CP 2689 -0.397775546 -0.222331827 -0.0531706146 0 0 0
C@CP 2690 0.306872387 0.113490966 0.306985443 0 0 0
C@CP 2691 -0.25281758 0.251295554 -0.260966126 0 0 0
C@CP 2692 0.096137961 0.00434213497 0.0632861108 0 0 0
C@CP 2693 0.21597393 0.314739111 -0.217592544 0 0 0
C@CP 2694 -0.333546134 -0.00784065246 0.139329309 0 0 0
C@CP 2695 0.180788549 -0.230892927 -0.00590384532 0 0 0
C@CP 2696 -0.0963410677 -0.0179386209 0.269052029 0 0 0
C@CP 2697 0.0898823469 -0.275397247 -0.285484705 0 0 0
C@CP 2698 -0.241624488 -0.335444028 0.201199217 0 0 0
C@CP 2699 0.31231242 0.216724634 0.0234446814 0 0 0
C@CP 2700 -0.32502095 -0.125201269 -0.202975991 0 0 0
C@CP 2701 -0.0162471646 0.113802755 0.075377222 0 0 0
C@CP 2702 -0.077952834 0.291782685 0.137901076 0 0 0
C@CP 2703 0.0944273133 -0.410623977 0.00475549507 0 0 0
C@CP 2704 -0.0897364384 0.0705214605 -0.16492425 0 0 0
C@CP 2705 -0.136695792 -0.0475526346 -0.382311633 0 0 0
C@CP 2706 -0.0791084023 -0.406022725 -0.172490683 0 0 0
C@CP 2707 0.114102683 -0.199435963 -0.164048951 0 0 0
C@CP 2708 -0.132601785 0.27723714 0.223639075 0 0 0
C@CP 2709 -0.402012249 0.123686843 -0.119266827 0 0 0
C@CP 2710 0.066776532 0.284717136 -0.222672729 0 0 0
C@CP 2711 0.0958458235 -0.198022809 -0.0322606777 0 0 0
C@CP 2712 -0.0532954636 -0.125939256 0.0481755704 0 0 0
C@CP 2713 -0.146628703 -0.00674105803 -0.0854499331 0 0 0
C@CP 2714 -0.0709595503 -0.0815532118 0.0355550832 0 0 0
C@CP 2715 -0.299372366 -0.0787076971 -0.165341674 0 0 0
C@CP 2716 0.226281161 0.300672339 -0.151773349 0 0 0
C@CP 2717 -0.151782869 -0.00186811054 -0.14578564 0 0 0
C@CP 2718 0.0492410508 -0.148798412 -0.172136473 0 0 0
C@CP 2719 -0.223706431 0.320152849 -0.227507433 0 0 0
C@CP 2720 0.0425641501 -0.0236895161 0.408035771 0 0 0
C@CP 2721 0.0215917634 -0.188534303 -0.429369896 0 0 0
C@CP 2722 0.0264227338 -0.316979158 -0.342793426 0 0 0
C@CP 2723 0.264710836 0.142431309 -0.146964484 0 0 0
C@CP 2724 -0.222119819 -0.277581284 -0.0663942536 0 0 0
C@CP 2725 0.115168843 -0.259013608 -0.0743762541 0 0 0
C@CP 2726 -0.402336224 0.186215474 -0.109756493 0 0 0
C@CP 2727 -0.316463419 0.181085144 -0.260615954 0 0 0
C@CP 2728 -0.00154032075 0.135975149 -0.242176775 0 0 0
C@CP 2729 0.101914075 0.117709644 -0.384931588 0 0 0
C@CP 2730 -0.233765723 -0.16699682 0.0698214668 0 0 0
C@CP 2731 -0.340512526 -0.288443611 -0.133372101 0 0 0
C@CP 2732 -0.0215521458 -0.0685750201 0.395576796 0 0 0
C@CP 2733 0.145976194 -0.0522174135 -0.261000547 0 0 0
C@CP 2734 -0.0617438885 0.408923183 -0.221993663 0 0 0
C@CP 2735 -0.0762296328 0.389432487 -0.0200552807 0 0 0
C@CP 2736 0.0457813222 -0.0878081339 -0.123361547 0 0 0
C@CP 2737 -0.348416967 0.220514922 -0.178202089 0 0 0
C@CP 2738 -0.425630526 0.132287994 0.0147940538 0 0 0
C@CP 2739 -0.0071275411 0.210309069 -0.396837044 0 0 0
C@CP 2740 -0.279206637 -0.293785642 0.100388106 0 0 0
C@CP 2741 -0.0833848264 0.367228895 -0.0411168953 0 0 0
C@CP 2742 0.187688587 0.0747729591 -0.0119584174 0 0 0
C@CP 2743 0.175038455 -0.219565381 0.144861785 0 0 0
C@CP 2744 0.0168883056 -0.0568186086 -0.08056514 0 0 0
C@CP 2745 -0.240554544 -0.123102045 0.0758990554 0 0 0
C@CP 2746 -0.073131405 -0.339064951 -0.133767732 0 0 0
C@CP 2747 -0.0839273657 0.283247581 -0.342854629 0 0 0
C@CP 2748 0.168821707 -0.330349932 0.106776561 0 0 0
C@CP 2749 -0.258125417 0.246170293 0.0500402556 0 0 0
C@CP 2750 -0.0104538913 0.209331791 0.349716768 0 0 0
C@CP 2751 0.127097679 -0.147767343 0.426056005 0 0 0
C@CP 2752 0.0420550095 -0.184040883 -0.36456018 0 0 0
C@CP 2753 -0.0319799768 0.0739372965 -0.29200161 0 0 0
C@CP 2754 0.181698868 -0.0843756916 0.0563699905 0 0 0
C@CP 2755 -0.381105111 -0.238518177 -0.0633698064 0 0 0
C@CP 2756 0.223853226 -0.0896491439 0.32781608 0 0 0
C@CP 2757 -0.10043803 0.0467028063 0.0364041579 0 0 0
C@CP 2758 -0.1511667 0.0101868019 0.217375343 0 0 0
C@CP 2759 -0.108115973 0.1830328 0.398924658 0 0 0
C@CP 2760 0.239645567 -0.224620597 -0.237987354 0 0 0
C@CP 2761 0.0262294873 0.0325567125 0.304691749 0 0 0
C@CP 2762 0.250285074 0.367358081 0.0653690191 0 0 0
C@CP 2763 -0.12756874 0.236199156 0.0202123035 0 0 0
C@CP 2764 0.334404351 -0.223654209 0.0975117815 0 0 0
C@CP 2765 -0.348578769 -0.0858939875 -0.114147432 0 0 0
C@CP 2766 -0.124552755 -0.139601237 0.288685098 0 0 0
C@CP 2767 0.327771854 0.017097322 0.319851712 0 0 0
C@CP 2768 -0.00974160948 0.458690701 -0.056490966 0 0 0
C@CP 2769 0.227693735 -0.0750072577 0.243550962 0 0 0
C@CP 2770 -0.0532323705 -0.434547873 0.152380724 0 0 0
C@CP 2771 0.148619818 -0.335190482 -0.0509799381 0 0 0
C@CP 2772 -0.0511865088 0.18801487 -0.163703447 0 0 0
C@CP 2773 -0.417843916 0.180905761 0.12316902 0 0 0
C@CP 2774 0.0613708982 -0.231848504 0.174186872 0 0 0
C@CP 2775 0.059225786 0.00737367906 0.441452182 0 0 0
C@CP 2776 -0.112539156 0.0887934116 0.014686328 0 0 0
C@CP 2777 -0.0693298903 -0.176104427 -0.36037949 0 0 0
C@CP 2778 0.0260778953 0.382881316 0.151166922 0 0 0
C@CP 2779 -0.0861068796 -0.118680638 -0.111787691 0 0 0
C@CP 2780 0.328269368 -0.0745591832 -0.126849915 0 0 0
C@CP 2781 -0.0107434098 0.138539975 -0.34781069 0 0 0
C@CP 2782 -0.024138071 0.286934965 0.273730234 0 0 0
C@CP 2783 0.244979243 -0.260785244 -0.013171902 0 0 0
C@CP 2784 0.220633112 -0.0834557369 0.0328850173 0 0 0
C@CP 2785 -0.219044682 -0.0104439212 0.109299216 0 0 0
C@CP 2786 0.337539066 -0.278202067 -0.0944697478 0 0 0
C@CP 2787 -0.0105956518 0.195710817 -0.0972134856 0 0 0
C@CP 2788 -0.0754205906 0.357302306 0.126344986 0 0 0
C@CP 2789 -0.044823641 0.352378562 0.191932744 0 0 0
C@CP 2790 0.0627517061 0.0342195852 0.174252825 0 0 0
C@CP 2791 -0.340919714 0.221290228 -0.173001014 0 0 0
C@CP 2792 -0.329394962 0.0360995748 0.131805903 0 0 0
C@CP 2793 -0.371402492 -0.0365570964 0.0104731847 0 0 0
C@CP 2794 0.376437891 0.241527793 0.122486237 0 0 0
C@CP 2795 -0.403757304 -0.228228538 -0.0539553104 0 0 0
C@CP 2796 -0.03782329 0.137736291 0.414903514 0 0 0
C@CP 2797 -0.134025554 -0.0154634138 0.246883503 0 0 0
C@CP 2798 -0.0722656529 -0.200376659 0.161097803 0 0 0
C@CP 2799 0.099461425 0.346031895 0.0521954178 0 0 0
C@CP 2800 -0.101755783 -0.352878006 0.0764848602 0 0 0
C@CP 2801 -0.0262508064 -0.124524154 -0.136562827 0 0 0
C@CP 2802 0.189506024 -0.0791502458 -0.129378296 0 0 0
C@CP 2803 -0.201509828 -0.0401781112 0.323848525 0 0 0
C@CP 2804 -0.27450887 -0.162132173 -0.283358188 0 0 0
C@CP 2805 0.195350501 0.307194861 -0.211902022 0 0 0
C@CP 2806 0.0201437333 0.074248323 0.160002067 0 0 0
C@CP 2807 -0.253187865 0.209486749 -0.0794918622 0 0 0
C@CP 2808 0.137450405 -0.145761352 -0.235903158 0 0 0
C@CP 2809 0.157066161 0.0914214009 -0.177911137 0 0 0
C@CP 2810 0.230856967 -0.19345965 -0.00745341393 0 0 0
C@CP 2811 0.0240223317 0.225804538 0.043132576 0 0 0
C@CP 2812 0.271000324 0.0483126491 0.287493489 0 0 0
C@CP 2813 0.189390536 0.368655293 -0.118235779 0 0 0
C@CP 2814 -0.0527949471 0.213385433 0.135782903 0 0 0
C@CP 2815 0.0566658523 -0.397632705 0.23654113 0 0 0
C@CP 2816 0.0946951405 -0.348107823 -0.194230708 0 0 0
C@CP 2817 0.183356255 -0.191210299 -0.0993025494 0 0 0
C@CP 2818 0.39330193 -0.127457517 -0.112552101 0 0 0
C@CP 2819 -0.112677946 -0.0513575987 0.430711817 0 0 0
C@CP 2820 0.0472800794 -0.442685302 -0.123605225 0 0 0
C@CP 2821 0.131132921 -0.135514081 -0.307724741 0 0 0
C@CP 2822 -0.296911561 -0.166320871 0.22876299 0 0 0
C@CP 2823 -0.230995424 0.164734342 -0.0633454023 0 0 0
C@CP 2824 -0.105762227 0.182242069 0.36839127 0 0 0
C@CP 2825 -0.225543804 0.148009876 0.315596406 0 0 0
C@CP 2826 -0.0972870397 -0.0792053803 -0.249559125 0 0 0
C@CP 2827 -0.254301176 0.0428556063 -0.166780245 0 0 0
C@CP 2828 0.0876549985 -0.135493222 0.356252214 0 0 0
C@CP 2829 -0.306486986 -0.0510006605 -0.309478588 0 0 0
C@CP 2830 -0.151848566 -0.319155227 0.143597108 0 0 0
C@CP 2831 0.0162197543 -0.0329820838 0.227552348 0 0 0
C@CP 2832 0.105675133 0.335490912 -0.247637645 0 0 0
C@CP 2833 -0.308105586 0.136138713 0.324593487 0 0 0
C@CP 2834 -0.0887358384 -0.186851048 0.081081435 0 0 0
C@CP 2835 0.0439052616 -0.351276389 -0.224233709 0 0 0
C@CP 2836 0.185944968 -0.176187913 -0.222906921 0 0 0
C@CP 2837 0.16902367 -0.0669541071 -0.031352735 0 0 0
C@CP 2838 -0.134369605 -0.331820059 0.270301673 0 0 0
C@CP 2839 -0.137692229 -0.0201608578 0.262328899 0 0 0
C@CP 2840 -0.245304371 0.252540881 0.0548915146 0 0 0
C@CP 2841 0.0420120117 -0.0433789921 0.0212451156 0 0 0
C@CP 2842 -0.126843571 0.0709156278 -0.400613239 0 0 0
C@CP 2843 0.187981592 -0.0770124755 0.347454009 0 0 0
C@CP 2844 0.0366380098 0.101798899 -0.399533315 0 0 0
C@CP 2845 -0.0142288427 0.294696344 -0.262073213 0 0 0
C@CP 2846 -0.35612678 -0.18474457 0.173673789 0 0 0
C@CP 2847 0.0841733765 0.154309218 0.298443318 0 0 0
C@CP 2848 -0.148933068 -0.157699684 0.362701105 0 0 0
C@CP 2849 -0.204990178 0.0119551044 0.230715543 0 0 0
C@CP 2850 -0.0203930281 0.104076045 0.329187836 0 0 0
C@CP 2851 0.163737322 -0.39097092 -0.0842802588 0 0 0
C@CP 2852 -0.100175343 0.314618733 0.0598735621 0 0 0
C@CP 2853 -0.108436671 0.150522071 0.287511116 0 0 0
C@CP 2854 0.0438930139 -0.169388866 -0.243519901 0 0 0
C@CP 2855 -0.238824253 -0.311797791 0.00665538719 0 0 0
C@CP 2856 0.241119946 0.00410143593 0.264851978 0 0 0
C@CP 2857 -0.262209139 -0.180030856 0.208573955 0 0 0
C@CP 2858 0.169506714 -0.045054242 -0.164272371 0 0 0
C@CP 2859 -0.114530353 0.268548871 0.220063627 0 0 0
C@CP 2860 -0.389412654 -0.0495269128 0.189078134 0 0 0
C@CP 2861 0.272155985 -0.106678656 0.228288141 0 0 0
C@CP 2862 -0.120951993 -0.0903983912 0.434301608 0 0 0
C@CP 2863 0.409699757 -0.155771318 0.0261908464 0 0 0
C@CP 2864 0.205196549 -0.150604363 0.372489494 0 0 0
C@CP 2865 0.266933172 0.0182879233 -0.0584323045 0 0 0
C@CP 2866 -0.13027776 0.41724357 0.101183784 0 0 0
C@CP 2867 -0.223625996 -0.114108369 0.0852292993 0 0 0
C@CP 2868 0.207052813 -0.0131766841 0.37588158 0 0 0
C@CP 2869 -0.0417360823 0.168441663 -0.00298775562 0 0 0
C@CP 2870 0.0891959023 0.0334111224 0.115835139 0 0 0
C@CP 2871 -0.103667958 0.275326056 -0.0245737636 0 0 0
C@CP 2872 0.11797193 0.099807515 -0.42145723 0 0 0
C@CP 2873 -0.342957917 0.147155942 0.243619505 0 0 0
C@CP 2874 -0.224495761 -0.377725066 0.126814156 0 0 0
C@CP 2875 0.08767007 -0.206461884 0.244996305 0 0 0
C@CP 2876 0.158015921 0.0277460306 -0.420167379 0 0 0
C@CP 2877 0.158581639 -0.120583124 -0.238266293 0 0 0
C@CP 2878 0.340208646 -0.236949222 0.198892824 0 0 0
C@CP 2879 0.141722661 0.0535482556 0.00300797078 0 0 0
C@CP 2880 -0.423830832 -0.141742483 0.0112672654 0 0 0
C@CP 2881 -0.272090761 -0.285118526 -0.0349368049 0 0 0
C@CP 2882 0.0874155224 -0.444924812 -0.105137425 0 0 0
C@CP 2883 -0.281966349 0.00266639616 0.0130541961 0 0 0
C@CP 2884 0.0570187474 0.104431342 -0.0024324058 0 0 0
C@CP 2885 -0.0355569375 -0.186673395 -0.213402861 0 0 0
C@CP 2886 0.208508075 -0.160809805 0.186304838 0 0 0
C@CP 2887 -0.118831503 0.195837631 0.0450273272 0 0 0
C@CP 2888 -0.161018326 0.113832527 0.338814716 0 0 0
C@CP 2889 0.112354803 0.418901218 0.146368178 0 0 0
C@CP 2890 -0.235803379 0.360311738 0.152856841 0 0 0
C@CP 2891 -0.125316331 0.38106784 0.258588415 0 0 0
C@CP 2892 -0.153199556 0.0902117331 0.03244648 0 0 0
C@CP 2893 -0.217429038 -0.107360635 -0.382649655 0 0 0
C@CP 2894 -0.293133194 0.188401052 -0.137276517 0 0 0
C@CP 2895 -0.333047081 -0.207793869 0.226025889 0 0 0
C@CP 2896 0.275618349 0.361292688 0.105364042 0 0 0
C@CP 2897 0.1478789 0.34524455 0.0257786894 0 0 0
C@CP 2898 -0.120984193 0.00141391314 0.37500612 0 0 0
C@CP 2899 0.126901402 -0.121701208 -0.189468422 0 0 0
C@CP 2900 0.302630116 0.149068305 0.304399949 0 0 0
C@CP 2901 0.202200713 -0.283384246 -0.0218249126 0 0 0
C@CP 2902 0.097170451 0.322292849 -0.0102685082 0 0 0
C@CP 2903 -0.0394050312 -0.195893788 -0.289298375 0 0 0
C@CP 2904 -0.0262493988 0.142060103 0.419935131 0 0 0
C@CP 2905 0.137087982 -0.316183456 -0.0315796344 0 0 0
C@CP 2906 0.114393505 -0.239045115 0.0754959024 0 0 0
C@CP 2907 -0.110191742 0.239562428 -0.306820331 0 0 0
C@CP 2908 -0.0129644307 -0.375371177 -0.120012639 0 0 0
C@CP 2909 0.359538822 -0.142855381 0.152174415 0 0 0
C@CP 2910 0.2224476 -0.14278371 0.18433513 0 0 0
C@CP 2911 -0.352176585 0.124950875 0.0604799762 0 0 0
C@CP 2912 -0.20783344 0.0230949042 0.127825749 0 0 0
C@CP 2913 0.205968787 0.0455537558 -0.238101311 0 0 0
C@CP 2914 0.158856102 0.0507476214 0.0736376574 0 0 0
C@CP 2915 0.145746205 -0.348671012 -0.0169569109 0 0 0
C@CP 2916 0.100341401 -0.120316069 -0.164026385 0 0 0
C@CP 2917 -0.0761528405 0.086631953 -0.0343065382 0 0 0
C@CP 2918 -0.248399972 0.196718161 0.0315028375 0 0 0
C@CP 2919 0.246841103 -0.191700124 -0.249881513 0 0 0
C@CP 2920 0.24974726 -0.214589957 0.195393145 0 0 0
C@CP 2921 -0.0999455696 0.156684704 0.0026022314 0 0 0
C@CP 2922 -0.0532648131 0.28494757 0.117086129 0 0 0
C@CP 2923 -0.0364148464 -0.273671805 -0.273406019 0 0 0
C@CP 2924 -0.0145321653 0.0891701176 0.459104675 0 0 0
C@CP 2925 -0.156414989 -0.309006849 0.195904601 0 0 0
C@CP 2926 0.36040783 -0.195076682 0.183215789 0 0 0
C@CP 2927 -0.270142295 -0.101407176 -0.326738343 0 0 0
C@CP 2928 0.231260087 0.124059434 0.387831852 0 0 0
C@CP 2929 -0.07664939 -0.173913191 0.271571365 0 0 0
C@CP 2930 -0.21041916 -0.342649391 0.147521594 0 0 0
C@CP 2931 0.171696417 0.0177071863 -0.253734951 0 0 0
C@CP 2932 -0.0376311455 0.290806916 -0.0937506242 0 0 0
C@CP 2933 0.32554526 -0.265873059 -0.148378831 0 0 0
C@CP 2934 0.273553968 -0.264255575 -0.259464515 0 0 0
C@CP 2935 -0.0434500885 -0.161515175 -0.248571795 0 0 0
C@CP 2936 0.0810081945 0.211557012 0.0767448094 0 0 0
C@CP 2937 0.125665886 0.0585787336 -0.390645726 0 0 0
C@CP 2938 0.0391969461 0.291596371 0.359483659 0 0 0
C@CP 2939 0.200263633 -0.050844828 0.0170065804 0 0 0
C@CP 2940 -0.137189873 0.113061701 0.364175526 0 0 0
C@CP 2941 -0.18651926 -0.228256551 0.067954011 0 0 0
C@CP 2942 0.0573294597 0.0420648325 -0.387574128 0 0 0
C@CP 2943 -0.0820046902 0.0417074924 0.0996760443 0 0 0
C@CP 2944 0.149803139 0.152012144 -0.0932488462 0 0 0
C@CP 2945 0.0316592265 0.0167637167 0.0297976507 0 0 0
C@CP 2946 -0.128836581 -0.0582128909 0.347638795 0 0 0
C@CP 2947 -0.363641048 0.100344785 -0.213644671 0 0 0
C@CP 2948 0.166689026 0.217843619 -0.19992708 0 0 0
C@CP 2949 0.00110871316 0.33532954 0.10006687 0 0 0
C@CP 2950 0.0143972255 -0.262046576 0.0149743001 0 0 0
C@CP 2951 -0.393528004 -0.131889306 -0.0267020585 0 0 0
C@CP 2952 0.188924287 0.340422641 0.234965459 0 0 0
C@CP 2953 0.249158319 -0.0296288021 0.119214712 0 0 0
C@CP 2954 -0.301809172 -0.308756553 0.0143106017 0 0 0
C@CP 2955 0.0938202171 0.0550518422 -0.445384642 0 0 0
C@CP 2956 0.196640755 -0.246578194 0.0810281875 0 0 0
C@CP 2957 -0.136713246 -0.42469556 0.142262098 0 0 0
C@CP 2958 -0.174176965 -0.330754579 -0.206818351 0 0 0
C@CP 2959 0.0703612147 -0.0839916596 0.135342832 0 0 0
C@CP 2960 -0.265930728 -0.0342650948 -0.265752821 0 0 0
C@CP 2961 -0.10213913 -0.143726067 -0.388773347 0 0 0
C@CP 2962 -0.381924028 -0.263722934 0.000402028221 0 0 0
C@CP 2963 0.128480632 0.31601332 0.176787236 0 0 0
C@CP 2964 0.36694975 0.15273094 -0.227805278 0 0 0
C@CP 2965 0.0658774339 -0.322791068 0.229562967 0 0 0
C@CP 2966 -0.142844978 -0.283281166 0.0184358902 0 0 0
C@CP 2967 -0.0621394424 0.336494415 0.313976826 0 0 0
C@CP 2968 0.196662936 -0.120968432 -0.16459837 0 0 0
C@CP 2969 0.184975327 -0.00851416247 0.0272658652 0 0 0
C@CP 2970 0.167544131 -0.0883454308 -0.155041165 0 0 0
C@CP 2971 -0.151017984 0.435209565 -0.0637372362 0 0 0
C@CP 2972 0.124380241 -0.00675331297 0.093694581 0 0 0
C@CP 2973 -0.066999875 0.240614798 0.153190403 0 0 0
C@CP 2974 -0.0452197973 -0.0896686353 0.408073091 0 0 0
C@CP 2975 -0.133931423 -0.383561011 -0.00157141896 0 0 0
C@CP 2976 0.123869356 -0.119584078 0.325142434 0 0 0
C@CP 2977 0.17673097 -0.00584654351 0.373817486 0 0 0
C@CP 2978 0.0922305874 0.359434473 0.180836813 0 0 0
C@CP 2979 -0.0447343194 0.255328916 -0.0260723871 0 0 0
C@CP 2980 -0.0742022594 -0.119292425 0.28338923 0 0 0
C@CP 2981 -0.253270967 0.343711992 0.0635410026 0 0 0
C@CP 2982 -0.184142503 -0.190244353 0.213201543 0 0 0
C@CP 2983 0.177191319 0.191645119 0.268844031 0 0 0
C@CP 2984 -0.0624185073 0.385156123 -0.126791935 0 0 0
C@CP 2985 0.0410690228 -0.00630747266 0.461929551 0 0 0
C@CP 2986 0.201637059 0.0614990333 -0.331941459 0 0 0
C@CP 2987 -0.209349719 -0.36279482 -0.113975294 0 0 0
C@CP 2988 -0.210533041 0.244563955 0.124443151 0 0 0
C@CP 2989 0.259982505 -0.0351977146 0.17462273 0 0 0
C@CP 2990 -0.224575238 0.0674415176 -0.238730231 0 0 0
C@CP 2991 -0.112155186 0.116909566 -0.369736219 0 0 0
C@CP 2992 -0.372907336 -0.0185143361 0.18002923 0 0 0
C@CP 2993 0.0851902819 -0.0868808574 -0.0572456788 0 0 0
C@CP 2994 0.0702077625 -0.198477425 -0.200075601 0 0 0
C@CP 2995 0.398020116 0.0356396697 0.190553375 0 0 0
C@CP 2996 0.119451218 -0.348180043 0.127656645 0 0 0
C@CP 2997 -0.0069386556 0.00243430418 -0.45594455 0 0 0
C@CP 2998 0.157432258 0.397727757 0.169853972 0 0 0
C@CP 2999 -0.42987223 -0.135837254 0.0912833894 0 0 0
C@CP 3000 -0.0832052528 0.215563845 0.188023947 0 0 0
C@CP 3001 -0.136886545 0.260601637 0.145379789 0 0 0
C@CP 3002 0.248412351 -0.0063668192 -0.146207957 0 0 0
C@CP 3003 0.35904639 0.155921658 -0.179166822 0 0 0
C@CP 3004 -0.232112574 0.0949646818 -0.33986332 0 0 0
C@CP 3005 -0.377638688 -0.146337328 0.0989813174 0 0 0
C@CP 3006 0.022909129 0.181648816 0.2264268 0 0 0
C@CP 3007 -0.0698238616 -0.304439869 0.32953843 0 0 0
C@CP 3008 0.270876967 0.0367058734 -0.175631718 0 0 0
C@CP 3009 0.0811993417 0.267611238 0.0920698448 0 0 0
C@CP 3010 -0.161840515 0.0649587313 -0.191265042 0 0 0
C@CP 3011 -0.0591325881 0.118133472 0.158323698 0 0 0
C@CP 3012 0.271732006 -0.0283105228 0.142383108 0 0 0
C@CP 3013 0.0134716855 -0.240832897 -0.232619981 0 0 0
C@CP 3014 0.378318685 0.121028435 0.113568447 0 0 0
C@CP 3015 -0.224731067 0.2377033 -0.0915448638 0 0 0
C@CP 3016 0.262819126 0.135259983 -0.108509333 0 0 0
C@CP 3017 0.368325032 0.196018654 0.040321271 0 0 0
C@CP 3018 -0.124670908 -0.2320794 -0.359099056 0 0 0
C@CP 3019 -0.339860956 -0.166505108 0.261450342 0 0 0
C@CP 3020 0.415167634 -0.0575834272 0.220128811 0 0 0
C@CP 3021 0.0270348876 0.249667155 -0.194004173 0 0 0
C@CP 3022 -0.305681558 0.136489869 0.0823122759 0 0 0
C@CP 3023 0.0480767269 0.0157833149 0.138960632 0 0 0
C@CP 3024 -0.145350029 -0.378967688 -0.180629271 0 0 0
C@CP 3025 0.104561971 0.427346515 0.123335875 0 0 0
C@CP 3026 0.21927641 -0.098556591 -0.119881538 0 0 0
C@CP 3027 0.098135385 0.231972535 0.252753039 0 0 0
C@CP 3028 0.0719895595 0.0113689368 0.245541889 0 0 0
C@CP 3029 -0.0860089127 0.00897414243 -0.454007467 0 0 0
C@CP 3030 -0.292475502 -0.179774385 0.121353465 0 0 0
C@CP 3031 -0.112077345 -0.420214953 -0.155076043 0 0 0
C@CP 3032 -0.00692061964 -0.0187305495 -0.112284712 0 0 0
C@CP 3033 0.183112685 -0.0866913413 -0.00201411529 0 0 0
C@CP 3034 -0.0263644331 0.267982837 0.288516748 0 0 0
C@CP 3035 -0.323717609 -0.190693477 -0.152345936 0 0 0
C@CP 3036 -0.314615757 0.279595876 -0.107148693 0 0 0
C@CP 3037 0.120829219 -0.246734727 -0.0759684598 0 0 0
C@CP 3038 -0.0227578689 -0.0994977004 0.374213171 0 0 0
C@CP 3039 -0.179497437 -0.0856923834 -0.242155791 0 0 0
C@CP 3040 0.0393093853 0.42742742 0.112853774 0 0 0
C@CP 3041 0.127067851 -0.0446307333 -0.0417638185 0 0 0
C@CP 3042 0.0946742437 -0.032998069 0.340683821 0 0 0
C@CP 3043 -0.155689065 0.135861468 -0.302349496 0 0 0
C@CP 3044 0.0155208494 0.378695246 0.252532869 0 0 0
C@CP 3045 -0.0590872893 0.365304015 0.206750652 0 0 0
C@CP 3046 0.0208483459 0.0539083615 0.0412225694 0 0 0
C@CP 3047 0.240695338 0.00950383434 0.377121446 0 0 0
C@CP 3048 -0.031833532 0.413240607 -0.0443304787 0 0 0
C@CP 3049 0.144810057 0.181342798 -0.141380876 0 0 0
C@CP 3050 0.1784386 0.173835531 -0.28257352 0 0 0
C@CP 3051 -0.21294835 -0.0390171754 0.0380690042 0 0 0
C@CP 3052 0.0953039602 0.142796723 0.120823091 0 0 0
C@CP 3053 -0.334471803 -0.219246978 -0.0851968215 0 0 0
C@CP 3054 0.102534992 -0.036490472 -0.152675646 0 0 0
C@CP 3055 0.100121309 -0.349227002 -0.113601293 0 0 0
C@CP 3056 0.369521891 -0.142862087 -0.200554298 0 0 0
C@CP 3057 0.136181684 0.123394807 -0.247716948 0 0 0
C@CP 3058 -0.289686428 -0.109899797 0.0651439864 0 0 0
C@CP 3059 -0.309602689 0.294104387 -0.147546217 0 0 0
C@CP 3060 0.276614442 -0.26182492 -0.202480098 0 0 0
C@CP 3061 -0.0631062805 -0.154356893 0.0298487828 0 0 0
C@CP 3062 -0.325392867 -0.127185888 -0.286753503 0 0 0
C@CP 3063 0.19913505 -0.1219898 0.101652342 0 0 0
C@CP 3064 0.224270519 0.0998795826 0.320376626 0 0 0
C@CP 3065 0.183334243 -0.249550104 -0.345142948 0 0 0
C@CP 3066 -0.309618453 0.114178662 -0.0463864675 0 0 0
C@CP 3067 0.288847052 -0.198722793 0.169347938 0 0 0
C@CP 3068 -0.126409343 -0.038902077 0.159480127 0 0 0
C@CP 3069 -0.390496803 -0.124687109 0.03172855 0 0 0
C@CP 3070 -0.190597058 -0.362587151 -0.145846823 0 0 0
C@CP 3071 0.111423859 -0.0925913151 -0.244408419 0 0 0
C@CP 3072 0.273880269 -0.0886207324 0.368895137 0 0 0
C@CP 3073 0.158836331 -0.0837096884 0.323800207 0 0 0
C@CP 3074 -0.162716676 0.0849011351 -0.00607285841 0 0 0
C@CP 3075 0.428742092 -0.140570437 0.0296323856 0 0 0
C@CP 3076 -0.316099683 0.134614351 -0.158896666 0 0 0
C@CP 3077 -0.0405638409 0.153168924 0.0162201302 0 0 0
C@CP 3079 0.272750086 -0.259128096 0.0704376291 0 0 0
C@CP 3080 -0.0218737166 -0.0234856779 0.305654519 0 0 0
C@CP 3081 0.0104806362 -0.129595602 -0.169930567 0 0 0
C@CP 3082 -0.316855619 0.031585485 0.330510212 0 0 0
C@CP 3083 -0.358545515 0.265397761 0.155122324 0 0 0
C@CP 3084 0.195984424 0.0699819728 -0.393499417 0 0 0
C@CP 3085 -0.246585679 0.104813978 -0.393986398 0 0 0
C@CP 3086 -0.204728211 -0.0575321989 0.263806053 0 0 0
C@CP 3087 0.119120079 -0.374741673 0.0476549341 0 0 0
C@CP 3088 -0.0516313272 0.0406015886 -0.301083137 0 0 0
C@CP 3089 -0.130961738 -0.293151143 0.0648467609 0 0 0
C@CP 3090 0.0796234161 0.164745793 0.0159042638 0 0 0
C@CP 3091 -0.283574091 0.365486787 0.0760776688 0 0 0
C@CP 3092 -0.16175777 0.114585187 0.334886355 0 0 0
C@CP 3093 -0.19697914 0.0491394753 -0.346128207 0 0 0
C@CP 3094 -0.0691838983 -0.354951248 -0.209578322 0 0 0
C@CP 3095 0.146052065 0.324363442 -0.0746143152 0 0 0
C@CP 3096 -0.349465101 -0.207781255 -0.0680219917 0 0 0
C@CP 3097 -0.144083702 -0.250600857 -0.252555331 0 0 0
C@CP 3098 0.15608659 0.207455351 -0.365719835 0 0 0
C@CP 3099 0.126398817 0.350710785 -0.210497314 0 0 0
C@CP 3100 0.135807372 -0.131943142 -0.00720251154 0 0 0
C@CP 3101 0.0579387205 -0.424197447 -0.167554195 0 0 0
C@CP 3102 -0.187777937 -0.295748614 -0.0843985356 0 0 0
C@CP 3103 0.0670553285 -0.0830379422 -0.0871008542 0 0 0
C@CP 3104 -0.0181818612 0.191386797 -0.153442976 0 0 0
C@CP 3105 -0.233745224 0.126519032 0.192241696 0 0 0
C@CP 3106 0.199084451 -0.265133721 -0.28614504 0 0 0
C@CP 3107 0.133973332 -0.311548531 0.255430543 0 0 0
C@CP 3108 -0.187346189 -0.4122247 -0.046137542 0 0 0
C@CP 3109 0.00951748738 0.35088139 0.270486989 0 0 0
C@CP 3110 -0.161239823 0.144752552 -0.0499377497 0 0 0
C@CP 3111 0.142554419 0.371556776 0.0348360294 0 0 0
C@CP 3112 -0.0178416001 0.414678128 -0.0378323994 0 0 0
C@CP 3113 -0.437477049 -0.140135339 -0.0247265307 0 0 0
C@CP 3114 -0.309569328 -0.0379943805 -0.00754351647 0 0 0
C@CP 3115 0.159604484 0.148316804 -0.00611481526 0 0 0
C@CP 3116 0.392651523 0.0916589633 0.0161175312 0 0 0
C@CP 3117 0.174927867 0.10817413 -0.231844773 0 0 0
C@CP 3118 -0.133082949 -0.157242084 -0.366347009 0 0 0
C@CP 3119 0.208911733 -0.275886865 -0.277300396 0 0 0
C@CP 3120 0.413461069 -0.0832599267 -0.129047216 0 0 0
C@CP 3121 0.315799574 -0.137078996 0.287546384 0 0 0
C@CP 3122 -0.455390495 0.0280681468 0.107982779 0 0 0
C@CP 3123 0.244889725 0.00531343731 -0.378385819 0 0 0
C@CP 3124 0.185272374 0.0983063718 -0.171652623 0 0 0
C@CP 3125 -0.141374301 0.179989783 0.252102908 0 0 0
C@CP 3126 0.0519515013 -0.21967927 -0.269933389 0 0 0
C@CP 3127 0.183833288 -0.229755584 0.0964489009 0 0 0
C@CP 3128 0.282092771 -0.23013717 0.0897879966 0 0 0
C@CP 3129 0.20330724 0.0738583611 -0.350645259 0 0 0
C@CP 3130 -0.359952378 -0.166706134 -0.118215337 0 0 0
C@CP 3131 -0.200986678 -0.305173851 0.0691971146 0 0 0
C@CP 3132 0.169928073 -0.000268768422 0.14080638 0 0 0
C@CP 3133 -0.235597642 0.191418124 0.198366296 0 0 0
C@CP 3134 0.137897756 0.299310741 -0.102139761 0 0 0
C@CP 3135 -0.159780912 -0.103731725 0.133971927 0 0 0
C@CP 3136 0.252066645 -0.146173746 -0.0744643217 0 0 0
C@CP 3137 -0.0796545823 -0.423258929 -0.0548302745 0 0 0
C@CP 3138 -0.304920995 0.345711808 0.0811729238 0 0 0
C@CP 3139 -0.253777601 0.340192979 0.188427744 0 0 0
C@CP 3140 0.22453612 0.369400646 0.0106794781 0 0 0
C@CP 3141 0.0325046036 0.441429945 0.134025159 0 0 0
C@CP 3142 -0.126052298 0.300856598 0.326755633 0 0 0
C@CP 3143 0.0990628589 -0.377964462 0.110492302 0 0 0
C@CP 3144 -0.0858035136 -0.336062356 -0.0425131619 0 0 0
C@CP 3145 0.246369026 0.266861155 -0.168467145 0 0 0
C@CP 3146 -0.343751288 -0.28122931 -0.147622171 0 0 0
C@CP 3147 -0.062295247 -0.0745529571 -0.3960364 0 0 0
C@CP 3148 0.0501281588 0.0363030337 0.23909249 0 0 0
C@CP 3149 -0.0818513612 0.255972674 -0.237848787 0 0 0
C@CP 3150 0.296169506 0.176093346 0.182862549 0 0 0
C@CP 3151 0.178057571 0.0038883533 -0.0946699899 0 0 0
C@CP 3152 -0.253252414 0.164967517 -0.245283792 0 0 0
C@CP 3153 0.291269126 -0.161819369 0.0241992552 0 0 0
C@CP 3154 -0.208593094 -0.117250713 -0.0280162068 0 0 0
C@CP 3155 -0.137662922 0.0777435516 -0.0449891495 0 0 0
C@CP 3156 0.197679992 -0.010535347 0.285924978 0 0 0
C@CP 3157 0.32122198 -0.309036051 0.121842914 0 0 0
C@CP 3158 0.170189188 -0.299648267 0.164247185 0 0 0
C@CP 3159 -0.232663424 0.0907588374 -0.352007893 0 0 0
C@CP 3160 -0.0289634493 0.182116487 -0.349329173 0 0 0
C@CP 3161 -0.413871828 -0.0131037993 0.221230563 0 0 0
C@CP 3162 0.0317016192 -0.394761318 0.149519561 0 0 0
C@CP 3163 -0.186791103 -0.362795008 -0.22004827 0 0 0
C@CP 3164 -0.275576516 -0.168230664 0.106182103 0 0 0
C@CP 3165 -0.0682109673 -0.0816516841 0.0971943899 0 0 0
C@CP 3166 -0.44081806 -0.0978583168 -0.0287325827 0 0 0
C@CP 3167 0.125059675 -0.305728558 -0.268981845 0 0 0
C@CP 3168 0.0345460633 -0.159056702 -0.0212089618 0 0 0
C@CP 3169 0.193322573 0.116040332 0.136509398 0 0 0
C@CP 3170 0.406934206 -0.163101214 0.169187468 0 0 0
C@CP 3171 0.229192169 0.107793947 -0.366473928 0 0 0
C@CP 3172 -0.111932413 0.123869714 -0.0524445105 0 0 0
C@CP 3173 0.234194711 0.146924019 -0.341211855 0 0 0
C@CP 3174 -0.0700204527 0.269709768 -0.23134967 0 0 0
C@CP 3175 -0.351972114 0.11172138 -0.200384038 0 0 0
C@CP 3176 0.325368787 0.282048074 -0.142613253 0 0 0
C@CP 3177 0.331319092 -0.0545785353 0.284692061 0 0 0
C@CP 3178 0.427553686 0.151275991 -0.0174542251 0 0 0
C@CP 3179 0.299527093 -0.00699639153 0.0577968189 0 0 0
C@CP 3180 0.285682091 0.0682966661 0.282035751 0 0 0
C@CP 3181 -0.309636247 0.197955463 0.176056381 0 0 0
C@CP 3182 0.274971712 0.259209827 -0.00713574397 0 0 0
C@CP 3183 0.425513336 0.0635622021 -0.0725808449 0 0 0
C@CP 3184 -0.103426274 0.149362029 0.0337945865 0 0 0
C@CP 3185 0.0360230797 0.178798762 0.145106926 0 0 0
C@CP 3186 0.132330178 -0.349951409 -0.264560737 0 0 0
C@CP 3187 0.0281880359 -0.201969913 -0.397663866 0 0 0
C@CP 3188 -0.353509238 0.29002826 0.0637896471 0 0 0
C@CP 3189 0.165064101 0.300002353 -0.0806829449 0 0 0
C@CP 3190 0.31038094 -0.126084948 -0.224011918 0 0 0
C@CP 3191 0.19555943 -0.179655689 -0.195106012 0 0 0
C@CP 3192 -0.193538773 0.0864365632 -0.418173948 0 0 0
C@CP 3193 -0.345103228 -0.00467439944 0.214248232 0 0 0
C@CP 3194 0.297042226 0.146410973 -0.164200106 0 0 0
C@CP 3195 -0.0273897702 -0.0961978226 -0.0355232097 0 0 0
C@CP 3196 -0.0755010021 -0.4105956 -0.130997885 0 0 0
C@CP 3197 -0.315488264 -0.045886431 -0.0858050336 0 0 0
C@CP 3198 -0.196865313 0.332605938 -0.226860852 0 0 0
C@CP 3199 -0.0802924242 0.120989424 -0.200708622 0 0 0
C@CP 3200 0.0638879857 -0.204687757 0.192177027 0 0 0
C@CP 3201 0.261303406 0.0218290109 0.104712737 0 0 0
C@CP 3203 0.160714903 -0.375857656 0.0658003905 0 0 0
C@CP 3204 0.30701556 -0.163579479 -0.177811181 0 0 0
C@CP 3205 0.141487257 -0.190427217 0.249677753 0 0 0
C@CP 3206 0.131118401 0.0420626556 -0.180760644 0 0 0
C@CP 3207 0.422168159 -0.0854554815 -0.140252441 0 0 0
C@CP 3208 0.105558466 -0.188403221 -0.180761773 0 0 0
C@CP 3209 -0.169843107 0.292490033 0.177734709 0 0 0
C@CP 3210 0.148435484 -0.179556158 -0.0692388655 0 0 0
C@CP 3211 0.193864905 0.0153659009 0.212920091 0 0 0
C@CP 3212 0.124852318 0.355782469 -0.0441879107 0 0 0
C@CP 3213 0.154043358 0.154298802 -0.173627015 0 0 0
C@CP 3214 -0.0587590655 -0.394847891 0.164577997 0 0 0
C@CP 3215 -0.0974446143 -0.0876142458 0.178455894 0 0 0
C@CP 3216 0.0396920899 -0.373219285 -0.152304896 0 0 0
C@CP 3217 -0.241805301 -0.250899797 0.0787602152 0 0 0
C@CP 3218 0.256130326 0.0483303975 -0.0105028994 0 0 0
C@CP 3219 0.309572986 -0.291158849 0.0453257403 0 0 0
C@CP 3220 -0.0735759765 -0.0514806364 -0.0790485951 0 0 0
C@CP 3221 0.373161387 -0.214059994 0.0280342389 0 0 0
C@CP 3222 0.0908541601 -0.272842729 0.323995743 0 0 0
C@CP 3223 -0.180451153 0.191827482 -0.118836376 0 0 0
C@CP 3224 -0.0422356408 0.0952724563 0.158387866 0 0 0
C@CP 3225 0.156390628 -0.0622758287 -0.0718215123 0 0 0
C@CP 3226 -0.293635498 -0.206269876 -0.184037019 0 0 0
C@CP 3227 0.227494206 0.0253419325 0.216701349 0 0 0
C@CP 3228 -0.3477008 -0.229725531 -0.187617343 0 0 0
C@CP 3229 0.142164172 0.304569618 0.0656801247 0 0 0
C@CP 3230 0.337150163 0.018393019 -0.175372002 0 0 0
C@CP 3231 0.0176011923 -0.331939353 -0.147988992 0 0 0
C@CP 3232 -0.26329719 -0.117230424 0.323362143 0 0 0
C@CP 3233 -0.331108756 0.239297146 -0.189964713 0 0 0
C@CP 3234 0.164604494 -0.0604491664 0.376039869 0 0 0
C@CP 3235 -0.0586321971 0.140011744 -0.236187288 0 0 0
C@CP 3236 0.19567887 0.0788359234 -0.270566061 0 0 0
C@CP 3237 -0.0540519637 0.264178237 0.177982654 0 0 0
C@CP 3238 0.0141725665 -0.431472236 -0.077693833 0 0 0
C@CP 3239 0.116812741 0.317732807 0.272661252 0 0 0
C@CP 3240 -0.144720437 -0.0407250584 0.126736881 0 0 0
C@CP 3241 -0.217053198 -0.339812771 -0.0475404585 0 0 0
C@CP 3242 0.132503192 0.15489238 -0.311116337 0 0 0
C@CP 3243 0.225526715 0.0614457588 0.156889241 0 0 0
C@CP 3244 0.26441154 0.231876918 -0.181601838 0 0 0
C@CP 3245 -0.0666784488 -0.17863591 -0.105203075 0 0 0
C@CP 3246 -0.207092264 0.067053765 0.0655098587 0 0 0
C@CP 3247 -0.0640020038 -0.191052133 -0.0705883633 0 0 0
C@CP 3248 0.228609801 0.337618604 0.077983697 0 0 0
C@CP 3249 0.222859403 -0.216183075 0.346400809 0 0 0
C@CP 3250 0.252542177 0.122514661 0.217927141 0 0 0
C@CP 3251 -0.212552023 -0.316604674 -0.0875632594 0 0 0
C@CP 3252 0.252142556 0.111022436 0.217785578 0 0 0
C@CP 3253 -0.12097656 0.278190856 0.00571172714 0 0 0
C@CP 3254 0.0971321948 0.416294333 0.0719021013 0 0 0
C@CP 3255 -0.000190731518 -0.00305621539 0.337193463 0 0 0
C@CP 3256 -0.298396818 0.250990255 -0.0124798735 0 0 0
C@CP 3257 0.0887261938 -0.19260471 -0.163360644 0 0 0
C@CP 3258 -0.0793178158 -0.137005788 0.421403287 0 0 0
C@CP 3259 0.0983041384 0.141806131 0.341070263 0 0 0
C@CP 3260 0.0597567713 -0.102453484 -0.0269393523 0 0 0
C@CP 3261 0.155366284 -0.0542462388 -0.30487093 0 0 0
C@CP 3262 -0.227907028 0.257403265 -0.0995533711 0 0 0
C@CP 3263 -0.323590832 -0.24928211 0.187370527 0 0 0
C@CP 3264 -0.220545186 -0.147191003 -0.296689073 0 0 0
C@CP 3265 0.0430596682 -0.0388211721 -0.253456971 0 0 0
C@CP 3266 -0.209170738 -0.0480037315 -0.0877926488 0 0 0
C@CP 3267 0.102427514 0.0553365025 0.440330442 0 0 0
C@CP 3268 0.293237394 0.0356656443 -0.175299107 0 0 0
C@CP 3269 0.324496521 -0.248155955 0.20846054 0 0 0
C@CP 3270 0.305932107 0.000412298674 0.0408880157 0 0 0
C@CP 3271 0.0262261291 0.0121431816 -0.21212504 0 0 0
C@CP 3272 0.277474351 -0.022023592 -0.0879257661 0 0 0
C@CP 3273 0.0870573221 0.0104286064 -0.177075058 0 0 0
C@CP 3274 -0.110647009 0.183339093 -0.133992383 0 0 0
C@CP 3275 0.271697416 -0.0850112928 -0.0496079944 0 0 0
C@CP 3277 0.190235084 -0.380161412 -0.0404316735 0 0 0
C@CP 3278 0.292527899 -0.170771167 -0.310650671 0 0 0
C@CP 3279 -0.342761895 0.0133657495 -0.271731273 0 0 0
C@CP 3280 0.0955831061 0.0498752644 -0.392901463 0 0 0
C@CP 3281 0.23697081 -0.254954747 0.302850654 0 0 0
C@CP 3282 0.301025503 -0.097279898 -0.0592739179 0 0 0
C@CP 3283 -0.0159400648 -0.331055654 0.258168374 0 0 0
C@CP 3284 0.105299563 -0.320844607 -0.290967402 0 0 0
C@CP 3285 0.197179825 0.132145315 -0.0922924487 0 0 0
C@CP 3286 0.285003172 -0.271585452 -0.0154040894 0 0 0
C@CP 3287 -0.228428659 0.28435199 0.186142792 0 0 0
C@CP 3288 0.085239662 -0.353504102 -0.211850411 0 0 0
C@CP 3289 0.0401159377 -0.194672992 0.407383677 0 0 0
C@CP 3290 -0.286301172 0.0826730605 -0.271235128 0 0 0
C@CP 3291 0.104447433 -0.387472582 -0.138972808 0 0 0
C@CP 3292 -0.0921638547 -0.0781716022 -0.246276104 0 0 0
C@CP 3293 0.360150584 -0.194672247 -0.0601387072 0 0 0
C@CP 3295 -0.142424498 0.306441613 -0.249473801 0 0 0
C@CP 3296 -0.138716205 0.013283433 -0.0564388811 0 0 0
C@CP 3297 0.385310852 0.0732015264 -0.132281764 0 0 0
C@CP 3298 -0.0525899645 0.0680669369 -0.191602136 0 0 0
C@CP 3299 -0.0500390356 -0.278129025 -0.195018839 0 0 0
C@CP 3300 -0.110404269 -0.211407101 -0.392380729 0 0 0
C@CP 3301 -0.300475883 -0.135146401 0.326035956 0 0 0
C@CP 3302 0.269274319 0.194175066 -0.142331736 0 0 0
C@CP 3303 0.143294515 0.254374339 -0.173202613 0 0 0
C@CP 3304 -0.381549096 -0.184736213 0.143876698 0 0 0
C@CP 3305 0.155864714 -0.197013318 -0.22195979 0 0 0
C@CP 3306 -0.0606388175 -0.212942242 -0.404057863 0 0 0
C@CP 3307 0.109658425 0.290679189 0.199491709 0 0 0
C@CP 3308 -0.0677976732 0.107281698 -0.427415324 0 0 0
C@CP 3309 -0.321912634 -0.097577987 0.0699958938 0 0 0
C@CP 3310 -0.01160084 -0.357396427 0.263396058 0 0 0
C@CP 3311 0.231359221 -0.359273511 -0.0556771429 0 0 0
C@CP 3312 0.16412495 0.328840224 0.0967275714 0 0 0
C@CP 3313 0.309760532 -0.212625885 -0.2023154 0 0 0
C@CP 3314 0.0208655192 -0.193342105 0.420477158 0 0 0
C@CP 3315 -0.278042031 -0.148993337 -0.0149084857 0 0 0
C@CP 3316 0.0733375435 0.301871761 0.084219499 0 0 0
C@CP 3317 -0.378440654 0.0985920009 -0.101886694 0 0 0
C@CP 3318 0.268622502 -0.185725741 0.337298629 0 0 0
C@CP 3319 -0.0146987058 0.0729045825 0.182135116 0 0 0
C@CP 3320 0.323299633 -0.302376827 0.0753474293 0 0 0
C@CP 3321 0.344705201 -0.108538481 0.100161014 0 0 0
C@CP 3322 0.312530431 0.13862519 -0.115791086 0 0 0
C@CP 3323 -0.394144552 -0.0461974783 0.107166863 0 0 0
C@CP 3324 -0.0900450507 -0.0472630833 -0.376423304 0 0 0
C@CP 3325 0.278386258 0.200875377 -0.277633909 0 0 0
C@CP 3326 0.282399951 -0.283231639 0.182931983 0 0 0
C@CP 3327 -0.00944637415 0.06282407 -0.109649035 0 0 0
C@CP 3328 -0.322344829 -0.24201426 0.153950771 0 0 0
C@CP 3329 -0.0525968401 -0.366413158 0.0381550885 0 0 0
C@CP 3330 0.279126304 -0.0339093077 -0.196307677 0 0 0
C@CP 3331 -0.0543109923 0.299250456 -0.260055352 0 0 0
C@CP 3332 -0.254008795 0.139952014 -0.104591285 0 0 0
C@CP 3333 -0.107129942 0.207937118 0.190253257 0 0 0
C@CP 3334 -0.0731253717 0.0298847369 -0.025981695 0 0 0
C@CP 3335 -0.270484832 0.228003526 -0.280433174 0 0 0
C@CP 3336 -0.32151187 -0.215445887 0.103310825 0 0 0
C@CP 3337 -0.37162605 0.21994335 -0.160781238 0 0 0
C@CP 3338 0.32048481 0.23234216 -0.185012312 0 0 0
C@CP 3339 0.147554131 0.376411272 0.132145261 0 0 0
C@CP 3340 -0.109316714 0.118952498 -0.140522361 0 0 0
C@CP 3341 -0.236082927 -0.165344382 0.00125117942 0 0 0
C@CP 3342 -0.334381712 -0.202648681 0.0468218319 0 0 0
C@CP 3343 0.254136492 -0.0807674716 -0.202161242 0 0 0
C@CP 3344 -0.0909638659 -0.0342376844 -0.304952316 0 0 0
C@CP 3345 -0.0642052091 0.160594546 0.25170879 0 0 0
C@CP 3346 -0.163988734 0.208248945 -0.215000939 0 0 0
C@CP 3347 -0.122561483 -0.194168645 -0.104563742 0 0 0
C@CP 3348 -0.022507942 0.0777968281 0.332970367 0 0 0
C@CP 3349 0.0884126654 -0.26403121 -0.0199407514 0 0 0
C@CP 3350 -0.156385158 0.138540351 0.344393674 0 0 0
C@CP 3351 0.100440353 -0.00995022634 0.387452645 0 0 0
C@CP 3353 0.199257408 -0.0456744612 -0.132978567 0 0 0
C@CP 3354 0.20575566 0.19839571 -0.350689695 0 0 0
C@CP 3355 -0.0793072514 0.228756746 -0.25537587 0 0 0
C@CP 3356 -0.0811478619 -0.15724081 -0.0371103565 0 0 0
C@CP 3357 -0.144562626 0.277757706 0.217914088 0 0 0
C@CP 3358 -0.084828817 0.225687036 0.212923469 0 0 0
C@CP 3359 0.00521769612 -0.0149566505 0.273884089 0 0 0
C@CP 3360 0.334877406 -0.0346815713 0.111347669 0 0 0
C@CP 3361 0.456095648 0.077760946 0.056961351 0 0 0
C@CP 3362 0.0222348218 -0.4002745 -0.146667363 0 0 0
C@CP 3363 -0.253911651 0.0445907773 -0.321980818 0 0 0
C@CP 3364 -0.0344143012 -0.170741217 0.169838309 0 0 0
C@CP 3365 0.0430544593 -0.362740555 0.25925727 0 0 0
C@CP 3366 -0.188270781 0.319766886 -0.265255073 0 0 0
C@CP 3367 0.00109727078 0.000896922348 -0.259664665 0 0 0
C@CP 3368 -0.00860790263 -0.0509015437 -0.109358036 0 0 0
C@CP 3369 0.100963116 -0.407270958 0.149408171 0 0 0
C@CP 3370 0.39900281 0.151195422 0.101643562 0 0 0
C@CP 3371 -0.0483758144 -0.16299966 -0.286681856 0 0 0
C@CP 3372 -0.179338838 0.0189607558 -0.358919687 0 0 0
C@CP 3373 0.211376156 0.03952027 0.12253901 0 0 0
C@CP 3374 -0.376892087 0.176049159 0.0301709677 0 0 0
C@CP 3375 0.301912689 -0.0209311194 -0.247204149 0 0 0
C@CP 3376 0.103486532 -0.102609662 0.160414832 0 0 0
C@CP 3377 0.397906037 0.171132432 -0.0018048097 0 0 0
C@CP 3378 -0.210542969 0.174616143 0.0829721626 0 0 0
C@CP 3379 0.397678148 0.0286952732 0.00840089682 0 0 0
C@CP 3380 0.24028898 0.0193206739 -0.386302273 0 0 0
C@CP 3381 0.218869442 -0.067551878 -0.0930588929 0 0 0
C@CP 3382 -0.34533166 -0.048904913 0.0990939267 0 0 0
C@CP 3383 -0.248340367 0.114424235 -0.0014226354 0 0 0
C@CP 3384 0.208997638 -0.218654296 -0.334090935 0 0 0
C@CP 3385 -0.0558018443 0.231194366 -0.0544561625 0 0 0
C@CP 3386 0.422649024 0.185068773 -0.0995110823 0 0 0
C@CP 3387 -0.225978412 -0.110680722 0.394593718 0 0 0
C@CP 3388 0.160526488 0.0307449225 0.0688454342 0 0 0
C@CP 3389 -0.237523447 -0.100957995 -0.210055236 0 0 0
C@CP 3390 0.267048254 -0.00613454946 -0.0077703629 0 0 0
C@CP 3391 0.136954047 0.0252756901 -0.0346958604 0 0 0
C@CP 3392 -0.266063422 0.223765217 0.247987167 0 0 0
C@CP 3393 0.0556755122 -0.0408259668 -0.128399776 0 0 0
C@CP 3394 0.237331207 0.0597393471 0.39110723 0 0 0
C@CP 3395 -0.00354647691 0.301973722 0.217731756 0 0 0
C@CP 3396 -0.26504671 0.0219576972 -0.00882561996 0 0 0
C@CP 3397 0.0165696725 -0.4065404 -0.115345417 0 0 0
C@CP 3398 -0.300788584 0.24098985 -0.216138598 0 0 0
C@CP 3399 0.197529598 0.229471396 -0.330182279 0 0 0
C@CP 3400 0.170036042 0.370792752 0.235469161 0 0 0
C@CP 3401 0.368651279 0.198241714 -0.214352581 0 0 0
C@CP 3402 -0.375589746 -0.0615097413 -0.0156561767 0 0 0
C@CP 3403 0.0150400485 0.393362267 0.0473886553 0 0 0
C@CP 3404 -0.301017696 -0.0311358492 -0.341239317 0 0 0
C@CP 3405 -0.161666018 -0.193711199 0.375307156 0 0 0
C@CP 3406 -0.0770825114 0.323885188 -0.114310104 0 0 0
C@CP 3407 -0.132791908 0.297591679 -0.153356577 0 0 0
C@CP 3408 0.07386967 -0.0315976592 -0.367137171 0 0 0
C@CP 3409 0.0281169352 -0.139585263 -0.318525994 0 0 0
C@CP 3410 0.000753576349 0.141301465 0.141205996 0 0 0
C@CP 3411 0.335001458 0.21828628 -0.136576162 0 0 0
C@CP 3412 0.262930928 -0.0802330036 -0.00368847004 0 0 0
C@CP 3413 0.181744706 0.212276845 0.133973238 0 0 0
C@CP 3414 -0.212923153 0.14415753 0.193306018 0 0 0
C@CP 3415 0.147124205 0.0533354279 0.396154769 0 0 0
C@CP 3416 -0.437933507 -0.0496927045 0.0934373854 0 0 0
C@CP 3417 -0.388765333 0.167270684 -0.177541971 0 0 0
C@CP 3418 -0.142000096 -0.208028459 -0.362340984 0 0 0
C@CP 3419 0.0310624652 0.156946687 -0.0176640994 0 0 0
C@CP 3420 -0.236514617 0.258389289 0.171081063 0 0 0
C@CP 3421 0.213949816 0.198283631 -0.281273391 0 0 0
C@CP 3422 0.290382861 -0.0838875253 0.24308923 0 0 0
C@CP 3423 -0.392803265 -0.0297277883 0.255604926 0 0 0
C@CP 3424 0.0515072576 -0.221500048 0.304753659 0 0 0
C@CP 3425 0.405053709 0.0891314075 -0.216343496 0 0 0
C@CP 3426 -0.0724866007 -0.259245883 -0.0572377994 0 0 0
C@CP 3427 -0.00310201406 -0.111493668 0.18179726 0 0 0
C@CP 3428 0.346869588 0.189971692 -0.0211580687 0 0 0
C@CP 3429 -0.0414525857 -0.148046506 0.36092881 0 0 0
C@CP 3430 0.41571035 -0.0101592686 -0.0512009603 0 0 0
C@CP 3431 0.0551106223 -0.050827789 -0.317942447 0 0 0
C@CP 3432 0.156599236 0.270329488 -0.260272536 0 0 0
C@CP 3433 0.0812626794 0.206296578 -0.0106402387 0 0 0
C@CP 3434 -0.129720674 -0.318680314 -0.196592589 0 0 0
C@CP 3435 -0.090999463 -0.248109577 -0.0644454286 0 0 0
C@CP 3436 -0.0171559171 -0.173783974 0.157845977 0 0 0
C@CP 3437 -0.0681681547 0.273809415 -0.210954966 0 0 0
C@CP 3438 -0.296104163 0.206911179 -0.213792005 0 0 0
C@CP 3439 0.208526373 0.129145326 -0.0281519839 0 0 0
C@CP 3440 0.124261893 0.113539752 -0.0161377945 0 0 0
C@CP 3441 0.0426535309 -0.316399905 -0.202792606 0 0 0
C@CP 3442 0.229449187 0.216186772 0.0186888491 0 0 0
C@CP 3443 -0.132830625 -0.0435601607 0.333507616 0 0 0
C@CP 3444 -0.362585007 0.114180866 0.126946394 0 0 0
C@CP 3445 -0.110390397 -0.331959923 0.0984852629 0 0 0
C@CP 3446 0.0900599186 0.0222125328 0.401223216 0 0 0
C@CP 3447 -0.0727605925 0.126555884 0.0643049891 0 0 0
C@CP 3448 -0.247849943 -0.235720845 0.0721719968 0 0 0
C@CP 3449 -0.0426996798 0.104549106 0.403849246 0 0 0
C@CP 3450 0.0368707463 0.250971141 0.0369430931 0 0 0
C@CP 3451 -0.0612494771 -0.120082484 0.0545942488 0 0 0
C@CP 3452 0.146673305 -0.281118957 -0.133399542 0 0 0
C@CP 3454 0.163104647 -0.149438135 0.0803051627 0 0 0
C@CP 3455 0.25249895 -0.30783826 0.19534196 0 0 0
C@CP 3456 -0.0279344273 -0.378468321 0.228009851 0 0 0
C@CP 3457 0.404598487 0.000402978685 -0.24976082 0 0 0
C@CP 3458 0.12986811 0.112059446 0.422858121 0 0 0
C@CP 3459 -0.125589786 0.0875285337 0.0573242965 0 0 0
C@CP 3460 0.327290896 -0.288441501 0.0412751724 0 0 0
C@CP 3461 0.135514315 0.0839878531 0.0437853499 0 0 0
C@CP 3462 0.144092978 -0.196193861 0.300495416 0 0 0
C@CP 3463 0.0960508182 0.103580727 0.278408382 0 0 0
C@CP 3464 0.327615619 -0.00828094077 0.118969118 0 0 0
C@CP 3465 0.147147386 -0.194022615 0.384527254 0 0 0
C@CP 3466 -0.138051762 0.00731427923 -0.239637982 0 0 0
C@CP 3467 -0.192823098 0.364568407 -0.195268641 0 0 0
C@CP 3468 -0.232449809 -0.0458600929 0.333661773 0 0 0
C@CP 3469 0.03576171 -0.391058669 0.111007172 0 0 0
C@CP 3470 -0.210345998 0.19762285 -0.186003557 0 0 0
C@CP 3471 0.3295721 -0.248219894 0.18641583 0 0 0
C@CP 3472 -0.0640641796 0.118331058 0.346382043 0 0 0
C@CP 3473 0.0451170388 -0.0916138958 0.116600722 0 0 0
C@CP 3474 0.106690139 0.439887392 0.0817418379 0 0 0
C@CP 3475 -0.0578614464 -0.0794146194 -0.324457941 0 0 0
C@CP 3476 0.0706118345 0.180169499 -0.0715889296 0 0 0
C@CP 3477 0.0353371747 -0.220573739 -0.10209525 0 0 0
C@CP 3478 0.317970254 -0.0893685872 -0.299368486 0 0 0
C@CP 3479 0.321628255 -0.226796792 0.131036983 0 0 0
C@CP 3480 -0.0925816881 -0.126398998 -0.0627217031 0 0 0
C@CP 3481 0.386996082 0.122153158 0.222431996 0 0 0
C@CP 3482 0.348481092 -0.00549550243 0.292345214 0 0 0
C@CP 3483 0.119783962 -0.103547393 0.299872674 0 0 0
C@CP 3484 0.10991621 -0.349853515 -0.120468234 0 0 0
C@CP 3485 -0.0313215552 -0.076621505 0.072759256 0 0 0
C@CP 3486 -0.151755377 0.304147448 0.098309255 0 0 0
C@CP 3487 0.200287756 0.314612944 -0.155655955 0 0 0
C@CP 3488 -0.0012411897 0.0683097332 0.0598469018 0 0 0
C@CP 3489 0.318155664 0.160971547 -0.101905919 0 0 0
C@CP 3490 -0.152736694 0.375436044 -0.0317503588 0 0 0
C@CP 3491 -0.273761541 -0.284188526 0.0923592505 0 0 0
C@CP 3492 -0.357844698 0.282141782 -0.133953496 0 0 0
C@CP 3493 0.223399372 0.387080948 -0.0884487066 0 0 0
C@CP 3494 0.278239674 -0.00489129044 -0.0712914962 0 0 0
C@CP 3495 -0.366609004 0.091791773 0.27129813 0 0 0
C@CP 3496 0.164713001 -0.302088259 0.0781863279 0 0 0
C@CP 3497 0.059537563 -0.0539693971 0.29450588 0 0 0
B@CP 3499 0.0690269393 -0.368486855 -0.0363229914 0 0 0
C@CP 3500 -0.104151619 -0.421597754 0.101997677 0 0 0
C@CP 3501 0.0991157342 0.311931309 -0.218992981 0 0 0
C@CP 3502 -0.0917075097 -0.328560667 0.271424725 0 0 0
B@CP 3504 0.0367002887 0.266148903 -0.165650612 0 0 0
C@CP 3505 -0.238232545 -0.0634921873 -0.179077766 0 0 0
B@CP 3507 0.1930273 0.310051562 0.196996742 0 0 0
C@CP 3508 0.0218433196 0.310837041 0.00613229415 0 0 0
B@CP 3510 0.306832629 -0.0391249898 0.181589047 0 0 0
C@CP 3511 -0.0954111331 0.343956996 0.148332495 0 0 0
B@CP 3513 0.424144748 0.175770716 -0.0206856122 0 0 0
C@CP 3514 0.108081024 -0.246525323 0.173953912 0 0 0
B@CP 3516 0.130725871 0.0737860632 0.391738445 0 0 0
C@CP 3517 -0.0764526553 0.42272448 0.0065698269 0 0 0
B@CP 3519 -0.390705132 0.136179292 0.0588013306 0 0 0
C@CP 3520 0.161746789 0.147935288 -0.343293096 0 0 0
B@CP 3522 -0.203773233 -0.220859014 0.287972847 0 0 0
C@CP 3523 -0.112551719 -0.426666944 0.0165672006 0 0 0
