B@CP 1004 0.184457005 -0.237751935 -0.0155064174 0 0 0
B@CP 1005 0.154512095 -0.00522713409 0.0901278243 0 0 0
B@CP 1008 0.0723781596 0.213900602 -0.205051445 0 0 0
B@CP 1014 -0.414726769 0.109225006 0.145737923 0 0 0
B@CP 1018 -0.228400972 -0.13217766 0.0293518138 0 0 0
B@CP 1020 0.052483552 -0.109529002 -0.158288364 0 0 0
B@CP 1025 0.0208091157 0.00539685679 0.443192008 0 0 0
B@CP 1026 -0.289123716 -0.0403914512 -0.102261766 0 0 0
B@CP 1032 -0.287620055 0.0962093174 0.282402164 0 0 0
B@CP 1033 0.205495582 0.0645488641 0.179184358 0 0 0
B@CP 1034 -0.201090168 -0.0776017859 0.204234049 0 0 0
B@CP 1036 0.213529363 0.0827020939 -0.287400261 0 0 0
B@CP 1040 0.419180556 -0.191578507 -0.0489723189 0 0 0
B@CP 1041 0.027012366 0.0484144457 -0.177409918 0 0 0
B@CP 1042 -0.0699940144 0.0370719356 0.0162945852 0 0 0
B@CP 1045 0.00751140588 0.183444554 0.173892559 0 0 0
B@CP 1046 0.34662683 -0.0499725482 0.248750516 0 0 0
B@CP 1047 0.187605515 -0.0669600713 -0.200682043 0 0 0
B@CP 1055 -0.230321313 -0.299972501 0.163377285 0 0 0
B@CP 1056 -0.11169221 0.0325064414 0.336884474 0 0 0
B@CP 1059 0.242805747 -0.289771139 -0.244398561 0 0 0
B@CP 1063 -0.282967651 0.204617963 -0.252987231 0 0 0
B@CP 1065 -0.162893224 -0.377503287 0.0546525138 0 0 0
B@CP 1066 -0.246160117 0.315760873 0.0831821546 0 0 0
B@CP 1068 0.256895738 0.371835667 0.049930049 0 0 0
B@CP 1069 0.17280732 0.210697864 -0.298287068 0 0 0
B@CP 1070 -0.180119852 0.302998924 -0.174708101 0 0 0
B@CP 1077 -0.17421198 0.0941993706 -0.387427817 0 0 0
B@CP 1080 0.114786486 -0.239231651 -0.266906192 0 0 0
B@CP 1083 -0.29056658 -0.211231709 -0.218381141 0 0 0
B@CP 1084 -0.289143218 -0.21691931 0.221007351 0 0 0
B@CP 1085 -0.21417021 0.373051531 0.0384385667 0 0 0
B@CP 1089 0.326198121 -0.0498363145 -0.296762985 0 0 0
B@CP 1091 0.146126179 -0.221610613 -0.115906681 0 0 0
B@CP 1092 -0.0460651401 0.147478973 0.144266899 0 0 0
B@CP 1093 0.0549148076 -0.40388254 -0.125395554 0 0 0
B@CP 1094 0.192694976 -0.0739461853 0.155895464 0 0 0
B@CP 1099 -0.37848549 -0.0302451108 -0.261866534 0 0 0
B@CP 1100 0.262512746 0.37853685 0.0700454201 0 0 0
B@CP 1104 0.0944677603 -0.153205298 0.307260423 0 0 0
B@CP 1105 0.194945422 0.0339887211 0.345822623 0 0 0
B@CP 1106 0.0349731722 -0.146045118 0.0746920684 0 0 0
B@CP 1107 -0.0955593248 0.286104784 -0.286220716 0 0 0
B@CP 1109 0.0696117702 0.235805623 -0.225627045 0 0 0
B@CP 1110 -0.1092854 0.0286844557 -0.198696219 0 0 0
B@CP 1117 0.24036362 0.210782905 0.057336103 0 0 0
B@CP 1118 0.123578374 0.291739367 -0.0268979153 0 0 0
B@CP 1121 -0.080249015 -0.278400603 -0.00970044966 0 0 0
B@CP 1122 0.301240326 0.128193254 -0.00603923539 0 0 0
B@CP 1123 0.221963508 -0.157620566 -0.0714076022 0 0 0
B@CP 1125 -0.229698098 0.0570774875 -0.38568761 0 0 0
B@CP 1131 -0.0747159846 -0.0943839884 -0.0918417165 0 0 0
B@CP 1139 -0.325698827 0.119484604 0.0556908552 0 0 0
B@CP 1143 -0.104135858 0.13292708 -0.00474138659 0 0 0
B@CP 1146 0.215847336 -0.155054616 0.0097922281 0 0 0
B@CP 1147 0.104797568 0.280937782 -0.251325809 0 0 0
B@CP 1149 0.100491969 -0.276492736 0.129997551 0 0 0
B@CP 1152 -0.305589686 -0.0615971965 0.0446020877 0 0 0
B@CP 1154 -0.187409979 0.0381082947 -0.414548595 0 0 0
B@CP 1155 -0.418056637 0.0335827616 0.0120739731 0 0 0
B@CP 1160 0.337265808 -0.123663475 0.100092571 0 0 0
B@CP 1161 -0.01870215 0.0669657263 -0.459213498 0 0 0
B@CP 1162 0.0724682276 0.283064345 0.267796079 0 0 0
B@CP 1163 0.245028503 0.0767734464 0.0684631868 0 0 0
B@CP 1166 -0.210100993 0.00877491967 -0.232032193 0 0 0
B@CP 1167 0.430350858 0.0301735787 0.138025576 0 0 0
B@CP 1170 -0.314358835 0.324958255 -0.126078936 0 0 0
B@CP 1171 0.00809446059 -0.109633181 -0.447774741 0 0 0
B@CP 1176 -0.118748632 -0.109660853 -0.0991269776 0 0 0
B@CP 1179 -0.0132697396 -0.0217811873 0.14284251 0 0 0
B@CP 1185 -0.304906092 -0.0459644161 -0.0650683516 0 0 0
B@CP 1186 -0.360795751 0.15292766 -0.200041983 0 0 0
B@CP 1187 0.129008431 0.0774200555 -0.32465117 0 0 0
B@CP 1188 0.0787053972 -0.0611365059 0.136855132 0 0 0
B@CP 1189 0.285358052 0.174954406 0.0287622103 0 0 0
B@CP 1190 0.141474583 0.242746365 0.201344836 0 0 0
B@CP 1191 0.168816419 -0.114410422 -0.12354711 0 0 0
B@CP 1192 -0.104692876 -0.0601746008 -0.128224827 0 0 0
B@CP 1196 0.347469468 0.0546126253 0.251012739 0 0 0
B@CP 1197 -0.293530124 0.0474956386 -0.312050033 0 0 0
B@CP 1200 0.350803132 -0.232708877 -0.0509442108 0 0 0
B@CP 1206 0.128385233 -0.194041673 0.139469002 0 0 0
B@CP 1211 0.133069017 0.0624167943 -0.202607463 0 0 0
B@CP 1221 -0.109237495 -0.0612748565 -0.247996337 0 0 0
B@CP 1222 -0.0618765074 -0.194638355 0.409201751 0 0 0
B@CP 1225 -0.0597236164 -0.0355466236 0.043118954 0 0 0
B@CP 1226 -0.228537779 -0.195236613 -0.146656129 0 0 0
B@CP 1228 0.00194499995 -0.346327016 -0.300871497 0 0 0
B@CP 1229 0.268821675 0.205225782 -0.278717745 0 0 0
B@CP 1234 -0.106899725 0.333879312 -0.0412298016 0 0 0
B@CP 1237 -0.403207531 0.14010425 0.0751540289 0 0 0
B@CP 1239 0.0062547339 0.129645537 -0.342594385 0 0 0
B@CP 1241 -0.081452316 -0.156613304 -0.279028404 0 0 0
B@CP 1242 0.19195902 -0.184019581 -0.220734136 0 0 0
B@CP 1245 -0.00908554262 -0.22298292 0.0298408796 0 0 0
B@CP 1248 -0.0669648705 -0.0165931247 -0.210848658 0 0 0
B@CP 1257 0.339713755 -0.161235134 0.256500223 0 0 0
B@CP 1259 0.0584331151 -0.430998702 -0.011677347 0 0 0
B@CP 1262 0.249507718 0.248534996 -0.0555269 0 0 0
B@CP 1263 -0.277348736 -0.179039453 -0.00460185901 0 0 0
B@CP 1264 0.327516303 0.189506797 -0.162377474 0 0 0
B@CP 1268 -0.197739823 0.274674288 0.0852027741 0 0 0
B@CP 1274 0.283782183 0.259912435 -0.01040431 0 0 0
B@CP 1275 0.225807476 0.320621618 -0.00266015236 0 0 0
B@CP 1280 -0.238278282 -0.230740425 -0.0232779993 0 0 0
B@CP 1281 -0.141731306 0.321916314 0.140839736 0 0 0
B@CP 1284 -0.154812296 0.170442533 0.148783507 0 0 0
B@CP 1285 -0.230439095 0.180260265 -0.3440102 0 0 0
B@CP 1291 0.304612527 -0.086176286 0.24280893 0 0 0
B@CP 1293 -0.0715429259 0.435406442 0.0944498111 0 0 0
B@CP 1299 0.238320569 -0.0566254969 -0.206778522 0 0 0
B@CP 1302 0.323748568 -0.0851418149 -0.223637706 0 0 0
B@CP 1305 0.391944546 -0.197590552 -0.172179235 0 0 0
B@CP 1306 0.366035293 -0.116130778 -0.189850701 0 0 0
B@CP 1312 -0.327252456 -0.191616283 0.220419852 0 0 0
B@CP 1318 0.225325763 0.120601324 -0.298160798 0 0 0
B@CP 1320 0.147271825 -0.00940095297 -0.0967347022 0 0 0
B@CP 1323 0.0715797699 -0.0825001681 -0.345906724 0 0 0
B@CP 1324 -0.0655197808 -0.309126634 0.22230187 0 0 0
B@CP 1326 0.0900081028 0.237159286 -0.222974425 0 0 0
B@CP 1330 0.0957127455 -0.125587005 0.0683643143 0 0 0
B@CP 1332 -0.145798088 0.296650772 0.161930143 0 0 0
B@CP 1335 0.114925197 -0.226390651 -0.120766994 0 0 0
B@CP 1342 0.343958439 0.195499586 -0.171417267 0 0 0
B@CP 1343 0.395728651 -0.20143423 -0.0500934414 0 0 0
B@CP 1345 -0.183741126 0.268513021 0.149882121 0 0 0
B@CP 1348 0.311382344 -0.35041989 0.0524535649 0 0 0
B@CP 1354 -0.0792209107 0.33677048 -0.160360867 0 0 0
B@CP 1356 0.146298283 -0.131346481 -0.247040394 0 0 0
B@CP 1362 0.165654285 -0.0434756247 0.391888425 0 0 0
B@CP 1363 0.208685554 0.0501502201 0.318531048 0 0 0
B@CP 1365 0.0975022862 -0.0386112469 -0.455491736 0 0 0
B@CP 1367 0.244257506 0.120925517 -0.0871318761 0 0 0
B@CP 1370 -0.215029139 0.397681758 0.110504528 0 0 0
B@CP 1371 -0.166230713 -0.314171657 0.237879719 0 0 0
B@CP 1372 -0.187672209 -0.0601945723 -0.320600746 0 0 0
B@CP 1373 -0.375476806 0.244451655 -0.0187685246 0 0 0
B@CP 1375 0.122608422 -0.161401228 0.164214006 0 0 0
B@CP 1379 0.234062591 -0.18536027 0.168785822 0 0 0
B@CP 1385 -0.234951341 -0.133689223 0.0430412407 0 0 0
B@CP 1387 0.133266165 -0.191569637 -0.230627603 0 0 0
B@CP 1390 -0.127580925 -0.137482928 0.37931554 0 0 0
B@CP 1391 0.193735748 0.0571006473 -0.357356857 0 0 0
B@CP 1393 -0.108680062 0.0837042492 -0.310127396 0 0 0
B@CP 1398 -0.315526449 -0.0485533057 -0.0692788249 0 0 0
B@CP 1406 -0.123912651 0.402317938 0.189911516 0 0 0
B@CP 1408 0.308720871 0.00266537486 -0.0420961162 0 0 0
B@CP 1410 0.0556337206 -0.325344284 -0.227454179 0 0 0
B@CP 1416 0.0404851738 0.132826768 -0.0290373553 0 0 0
B@CP 1417 -0.246061469 -0.187053927 -0.282350558 0 0 0
B@CP 1422 -0.156216133 0.264580644 -0.0219946342 0 0 0
B@CP 1423 -0.0877340299 -0.157058743 -0.361011348 0 0 0
B@CP 1424 0.0691200129 -0.215488495 -0.0559240534 0 0 0
B@CP 1428 -0.139726853 0.224528647 0.386417361 0 0 0
B@CP 1429 -0.227623381 0.088105364 -0.323110526 0 0 0
B@CP 1433 -0.158061475 -0.222579297 0.0638092623 0 0 0
B@CP 1434 0.197068445 0.137060473 -0.176626923 0 0 0
B@CP 1436 0.1605267 0.237519802 -0.20466059 0 0 0
B@CP 1438 0.0346479329 -0.268692446 0.196134085 0 0 0
B@CP 1439 0.272568906 0.146414275 -0.165663618 0 0 0
B@CP 1446 0.187854577 0.192049313 -0.0133647537 0 0 0
B@CP 1448 0.146296248 0.223625381 0.0372013951 0 0 0
B@CP 1452 -0.162721382 0.391003866 0.0889038235 0 0 0
B@CP 1453 -0.0226118147 -0.0221158852 0.191491081 0 0 0
B@CP 1454 0.0248092459 -0.0244283533 -0.456445495 0 0 0
B@CP 1465 -0.151058787 -0.0468879915 -0.056976791 0 0 0
B@CP 1466 0.219479369 0.27193124 -0.11328262 0 0 0
B@CP 1470 -0.313486367 0.166443714 0.106934199 0 0 0
B@CP 1471 -0.401912278 -0.143932233 -0.181484956 0 0 0
B@CP 1478 0.148632939 0.353307112 0.205939063 0 0 0
B@CP 1481 0.0921163132 -0.296641652 -0.22747563 0 0 0
B@CP 1482 -0.253804935 0.181623112 -0.128722292 0 0 0
B@CP 1483 0.180104859 -0.249396523 -0.350063179 0 0 0
B@CP 1486 -0.100435213 0.381281577 -0.268374256 0 0 0
B@CP 1489 0.113259622 0.0935359717 0.110683652 0 0 0
B@CP 1490 0.146324701 0.234908085 -0.265661875 0 0 0
B@CP 1491 0.0624669193 0.179771336 -0.180174301 0 0 0
B@CP 1492 -0.181582412 0.171521584 0.403605927 0 0 0
B@CP 1495 0.026909119 0.123012106 0.174865147 0 0 0
B@CP 1500 0.380262724 -0.108638839 -0.0281733055 0 0 0
B@CP 1504 -0.232891061 -0.257695277 0.285576442 0 0 0
B@CP 1505 -0.170517719 0.351821906 -0.031302977 0 0 0
B@CP 1509 0.144050409 -0.0698190081 0.232489085 0 0 0
B@CP 1515 0.450256747 -0.0154249855 -0.0429272412 0 0 0
B@CP 1519 0.253967978 -0.122304391 0.0157138077 0 0 0
B@CP 1523 -0.0132332619 0.270085591 -0.379614999 0 0 0
B@CP 1524 0.198949877 -0.219710059 0.292704165 0 0 0
B@CP 1526 -0.124050728 0.218519982 -0.188084591 0 0 0
B@CP 1527 0.217143784 -0.191136 -0.340115882 0 0 0
B@CP 1530 0.419984547 -0.187946294 0.0615315428 0 0 0
B@CP 1534 0.133356323 0.00659773489 -0.145271117 0 0 0
B@CP 1536 0.20331299 0.0176399467 -0.322187443 0 0 0
B@CP 1551 -0.187014342 -0.194461102 0.255689313 0 0 0
B@CP 1552 0.0440167896 0.300242019 0.272534084 0 0 0
B@CP 1555 -0.100018461 -0.125187179 -0.354032212 0 0 0
B@CP 1561 0.292764601 0.160997654 -0.000381288084 0 0 0
B@CP 1567 -0.192169727 -0.0109642861 -0.288039509 0 0 0
B@CP 1569 -0.218399342 -0.249767725 -0.294771474 0 0 0
B@CP 1572 -0.0795451964 -0.0835317794 -0.148291111 0 0 0
B@CP 1573 0.246549053 0.099154 0.171526624 0 0 0
B@CP 1576 0.206555692 0.0103825828 0.0923625775 0 0 0
B@CP 1580 0.129890489 -0.172736589 0.203809145 0 0 0
B@CP 1583 -0.191361408 0.00712618634 0.289806885 0 0 0
B@CP 1584 0.0031685523 -0.147228106 -0.0300044083 0 0 0
B@CP 1586 0.174474127 -0.215162494 0.11778932 0 0 0
B@CP 1588 0.0932431139 -0.0430786835 0.396294429 0 0 0
B@CP 1589 0.343356223 0.19930641 0.223593456 0 0 0
B@CP 1596 -0.304997903 0.0804515426 -0.255410638 0 0 0
B@CP 1600 -0.248648918 0.00422343244 -0.348733697 0 0 0
B@CP 1606 0.0329064472 0.0373482521 -0.153657941 0 0 0
B@CP 1609 -0.123234233 -0.0344984053 0.185492487 0 0 0
B@CP 1611 -0.193745106 0.171382745 0.330987813 0 0 0
B@CP 1613 -0.113993414 -0.17829713 -0.0373459056 0 0 0
B@CP 1625 0.363256457 -0.0660277808 0.0340094809 0 0 0
B@CP 1630 0.0922805615 0.141071448 -0.150669059 0 0 0
B@CP 1637 0.125769887 -0.379355696 0.207371285 0 0 0
B@CP 1638 0.296426771 -0.201466341 0.167807175 0 0 0
B@CP 1642 0.203375684 -0.304491367 -0.061624841 0 0 0
B@CP 1645 -0.0455299231 0.0287103881 -0.0913786175 0 0 0
B@CP 1649 -0.272505788 -0.0438704974 -0.361996813 0 0 0
B@CP 1655 0.143259035 -0.368058116 -0.116606888 0 0 0
B@CP 1656 0.291053602 0.0816583465 0.236794313 0 0 0
B@CP 1673 0.201600358 0.296523884 -0.0736633526 0 0 0
B@CP 1678 -0.0677450291 -0.152522996 0.339923094 0 0 0
B@CP 1679 -0.221326427 -0.297029124 0.108731008 0 0 0
B@CP 1681 -0.064313931 -0.246227743 0.179782955 0 0 0
B@CP 1686 -0.0504683811 0.0710144768 0.00299752206 0 0 0
B@CP 1690 -0.259197359 -0.2779322 0.0484893275 0 0 0
B@CP 1694 -0.0459399078 0.310622693 0.279299464 0 0 0
B@CP 1696 -0.0119906534 -0.072884471 -0.0296964268 0 0 0
B@CP 1697 0.221175195 0.173442531 -0.00726707124 0 0 0
B@CP 1701 0.21412619 0.36071812 0.185679565 0 0 0
B@CP 1703 -0.0930725453 0.267500687 0.0321144156 0 0 0
B@CP 1710 0.0344478948 -0.262375601 0.0532771413 0 0 0
B@CP 1719 0.0432710771 -0.308330343 0.318094405 0 0 0
B@CP 1722 -0.128696157 0.127710336 0.0510204901 0 0 0
B@CP 1727 0.300772277 0.153486825 -0.185743517 0 0 0
B@CP 1733 0.314356132 -0.131359395 -0.209805728 0 0 0
B@CP 1735 -0.245097181 -0.398136882 0.0364388265 0 0 0
B@CP 1736 0.178997041 -0.0854965497 0.324465767 0 0 0
B@CP 1739 0.0989172547 -0.326974839 -0.29016743 0 0 0
B@CP 1740 -0.360582405 -0.187074057 -0.0522709603 0 0 0
B@CP 1743 -0.261840878 0.140498638 0.0749649566 0 0 0
B@CP 1745 0.0751231226 0.0130351558 -0.228459899 0 0 0
B@CP 1746 -0.0529405454 -0.286148993 -0.372888243 0 0 0
B@CP 1747 0.328229845 -0.127848565 0.0355765884 0 0 0
B@CP 1748 -0.108698194 0.123991263 0.0248682747 0 0 0
B@CP 1751 -0.245631786 0.068552541 -0.206887539 0 0 0
B@CP 1752 0.0124509874 -0.354743712 -0.133677329 0 0 0
B@CP 1755 -0.0217266861 -0.00369443433 -0.00291815568 0 0 0
B@CP 1763 -0.118875566 -0.19617006 0.104556264 0 0 0
B@CP 1774 0.226643834 -0.142040167 -0.318825747 0 0 0
B@CP 1777 0.127206882 -0.10140555 -0.0017319435 0 0 0
B@CP 1781 0.121943721 -0.337038334 -0.0426562178 0 0 0
B@CP 1789 -0.0641892405 -0.200745318 0.0700316073 0 0 0
B@CP 1790 -0.296861271 0.200719292 -0.26697227 0 0 0
B@CP 1793 0.206092484 0.349950012 0.146613689 0 0 0
B@CP 1800 -0.338841372 -0.0313096662 -0.234473478 0 0 0
B@CP 1802 0.095883355 0.0602169159 0.428586706 0 0 0
B@CP 1803 0.111773886 0.110687655 0.179236423 0 0 0
B@CP 1804 0.019262413 -0.042603964 0.150408468 0 0 0
B@CP 1807 -0.278815513 0.144608507 -0.294188638 0 0 0
B@CP 1814 0.0344437488 0.0421035024 0.445662863 0 0 0
B@CP 1815 -0.349553426 0.00481022623 -0.149298453 0 0 0
B@CP 1817 0.111960129 -0.0904766443 0.0285056969 0 0 0
B@CP 1819 -0.0319605421 0.218907645 -0.116566933 0 0 0
B@CP 1822 -0.226688401 -0.287451436 -0.154411094 0 0 0
B@CP 1823 -0.324925994 0.0980919349 0.242928256 0 0 0
B@CP 1826 0.0650849286 -0.0909236247 -0.0314284121 0 0 0
B@CP 1828 -0.110292858 -0.127157868 -0.226534641 0 0 0
B@CP 1835 -0.206676331 -0.345058832 -0.0271942101 0 0 0
B@CP 1836 -0.216022787 0.0592860217 -0.22452835 0 0 0
B@CP 1838 -0.445348017 -0.0665505465 0.114270017 0 0 0
B@CP 1840 0.0825382219 -0.191367054 0.25554416 0 0 0
B@CP 1842 0.263897505 0.231236721 0.217429698 0 0 0
B@CP 1844 0.0759773801 0.381523714 -0.267765874 0 0 0
B@CP 1847 0.0764853423 -0.257507646 0.0677679526 0 0 0
B@CP 1848 -0.00210650133 -0.067394045 0.364361032 0 0 0
B@CP 1851 -0.240853074 -0.183585727 0.233146609 0 0 0
B@CP 1852 0.103944435 0.0652429679 -0.158144798 0 0 0
B@CP 1855 -0.214746767 0.073376098 -0.309276386 0 0 0
B@CP 1856 0.149326663 0.276513877 0.284050351 0 0 0
B@CP 1858 0.367189927 -0.0393036708 -0.24956004 0 0 0
B@CP 1861 -0.198230982 0.317727577 -0.202339565 0 0 0
B@CP 1862 -0.0696056958 -0.386866396 -0.020560455 0 0 0
B@CP 1866 -0.0867148532 0.379577848 -0.0960405044 0 0 0
B@CP 1870 0.253126813 0.0595797136 0.0280716996 0 0 0
B@CP 1872 -0.409992683 -0.0306886744 0.0868596589 0 0 0
B@CP 1873 -0.151442258 0.143356767 0.304538872 0 0 0
B@CP 1877 0.218935842 0.152420593 -0.00238515456 0 0 0
B@CP 1879 0.282458656 -0.0721004338 -0.088834139 0 0 0
B@CP 1880 -0.0707780215 0.207821012 -0.277990799 0 0 0
B@CP 1881 -0.20280484 -0.154490276 -0.114700358 0 0 0
B@CP 1883 0.21112115 -0.184129489 0.189066498 0 0 0
B@CP 1887 -0.00456549642 -0.105758326 0.448341891 0 0 0
B@CP 1890 -0.203575977 0.372554038 0.0496941336 0 0 0
B@CP 1891 -0.0128575353 0.266598085 -0.370908076 0 0 0
B@CP 1892 -0.0497849693 -0.240448633 -0.239586489 0 0 0
B@CP 1893 -0.291686721 0.0128194407 0.121478805 0 0 0
B@CP 1899 0.267940643 -0.0650129004 -0.245776317 0 0 0
B@CP 1901 -0.190978346 -0.398280577 0.00554754918 0 0 0
B@CP 1903 -0.192092028 0.359107032 0.0146113885 0 0 0
B@CP 1906 -0.132549189 -0.145198782 0.225419578 0 0 0
B@CP 1909 0.101316983 -0.158585269 -0.426003275 0 0 0
B@CP 1910 0.00336244225 0.050894191 0.140148506 0 0 0
B@CP 1911 0.0946359805 0.16886406 -0.0457912949 0 0 0
B@CP 1915 -0.264790348 -0.171476075 -0.193346807 0 0 0
B@CP 1917 -0.175786801 0.128222685 -0.357921671 0 0 0
B@CP 1920 0.276302281 0.336858145 0.140125702 0 0 0
B@CP 1921 -0.110530366 0.44280827 -0.0835868481 0 0 0
B@CP 1922 -0.0610896137 -0.27875793 -0.377194882 0 0 0
B@CP 1925 0.23645299 -0.213359548 -0.096817473 0 0 0
B@CP 1935 0.0621686274 -0.144073075 0.342979005 0 0 0
B@CP 1937 -0.00894908049 -0.00529326611 0.240336426 0 0 0
B@CP 1939 0.21217644 -0.168115779 0.0617194317 0 0 0
B@CP 1950 -0.259306139 -0.24582024 -0.236850937 0 0 0
B@CP 1955 -0.049259982 0.359434599 -0.0803828329 0 0 0
B@CP 1958 0.171092158 0.0485588112 -0.182684193 0 0 0
B@CP 1967 0.107991779 0.0367076895 -0.0882798097 0 0 0
B@CP 1970 -0.104803534 -0.287414391 0.0483287751 0 0 0
B@CP 1974 -0.140262178 -0.214562873 -0.144312396 0 0 0
B@CP 1980 0.152742134 0.0215384441 0.236427834 0 0 0
B@CP 1993 0.0851177238 0.0280908053 0.0341906141 0 0 0
B@CP 1994 0.106555117 0.16574483 -0.27334861 0 0 0
B@CP 1996 0.0121257016 -0.176507725 0.299568307 0 0 0
B@CP 1999 0.257612118 -0.0875060216 0.257633915 0 0 0
B@CP 2002 0.0158594456 -0.054842298 -0.380606111 0 0 0
B@CP 2005 0.430400967 0.0857771033 -0.0936101892 0 0 0
B@CP 2013 -0.241034782 0.191430039 -0.0875448994 0 0 0
B@CP 2019 0.357038719 -0.176200929 0.0613568618 0 0 0
B@CP 2021 0.300042773 -0.195899266 0.067198047 0 0 0
B@CP 2022 -0.0199712448 0.311172919 0.098015406 0 0 0
B@CP 2024 -0.14028868 -0.417460039 -0.165379447 0 0 0
B@CP 2025 0.131716321 0.302637217 0.313739534 0 0 0
B@CP 2026 0.421137015 0.143254017 -0.142353151 0 0 0
B@CP 2028 0.021611015 0.39000318 -0.167214664 0 0 0
B@CP 2029 -0.096148733 -0.0581273716 0.0437436983 0 0 0
B@CP 2032 0.0946525019 -0.203928915 0.401052213 0 0 0
B@CP 2033 0.0605781155 -0.158891603 -0.386761149 0 0 0
B@CP 2034 -0.359510842 -0.218781867 -0.105112962 0 0 0
B@CP 2036 0.122100347 0.382796194 0.0843728305 0 0 0
B@CP 2037 0.118333609 0.0814880286 0.034874898 0 0 0
B@CP 2040 0.0886903515 0.239079474 -0.20593313 0 0 0
B@CP 2042 0.203530872 -0.12864215 -0.357131083 0 0 0
B@CP 2043 0.0111070884 0.174757626 -0.177589177 0 0 0
B@CP 2048 -0.242366323 -0.0139541067 -0.139601287 0 0 0
B@CP 2050 0.118047916 -0.178189083 -0.220664744 0 0 0
B@CP 2053 0.0358254564 0.192991199 0.425370596 0 0 0
B@CP 2057 -0.289981696 -0.233205736 0.146041673 0 0 0
B@CP 2059 0.374723779 -0.104643679 -0.0819372328 0 0 0
B@CP 2060 -0.179386412 0.0545633333 0.231523332 0 0 0
B@CP 2068 0.269411659 -0.175548157 -0.31774785 0 0 0
B@CP 2076 -0.124066981 0.0233451818 -0.335171756 0 0 0
B@CP 2077 0.00832405589 0.375470821 0.147578831 0 0 0
B@CP 2078 0.0650872089 0.0353228276 -0.291797609 0 0 0
B@CP 2079 -0.152142081 0.0448115866 -0.381695438 0 0 0
B@CP 2081 0.0796172771 -0.241664206 0.266953696 0 0 0
B@CP 2082 -0.243291349 -0.152808999 0.230768438 0 0 0
B@CP 2083 0.184240044 0.263874269 0.292464965 0 0 0
B@CP 2086 -0.158263938 -0.319572297 0.288445917 0 0 0
B@CP 2087 -0.228679126 0.255990322 0.178096429 0 0 0
B@CP 2091 -0.349871258 0.299821561 0.0615907787 0 0 0
B@CP 2095 0.0335751462 -0.0900634676 -0.0740154184 0 0 0
B@CP 2103 0.443014198 -0.0993100854 -0.0328811742 0 0 0
B@CP 2105 -0.353458082 0.211388585 0.179615472 0 0 0
B@CP 2109 -0.0880123296 -0.0379928179 0.0842154557 0 0 0
B@CP 2110 -0.0608023236 -0.150786104 0.110370862 0 0 0
B@CP 2111 0.0922841588 0.375761749 -0.16694341 0 0 0
B@CP 2113 0.268595671 0.326081634 -0.194572497 0 0 0
B@CP 2114 0.0220222259 0.0980016937 0.128446744 0 0 0
B@CP 2115 -0.0762792207 -0.041015961 0.00756527565 0 0 0
B@CP 2117 0.291570673 0.0093191144 0.0735468839 0 0 0
B@CP 2118 -0.206492685 -0.201214118 -0.0557515722 0 0 0
B@CP 2119 -0.0715567658 -0.0551659095 0.328774136 0 0 0
B@CP 2125 -0.107527987 0.287730545 -0.159705477 0 0 0
B@CP 2127 -0.111088015 -0.283683882 -0.00892320454 0 0 0
B@CP 2130 0.29414652 -0.289409757 -0.160592821 0 0 0
B@CP 2131 0.0888769036 -0.22989279 -0.353197135 0 0 0
B@CP 2133 -0.234206932 -0.145429091 -0.296933618 0 0 0
B@CP 2134 -0.183291346 -0.162868319 0.258012098 0 0 0
B@CP 2136 -0.124801323 0.121169199 0.202078563 0 0 0
B@CP 2141 -0.174551262 -0.061577684 0.0769699808 0 0 0
B@CP 2144 0.0576882096 -0.0516828592 -0.45849849 0 0 0
B@CP 2145 -0.247826278 -0.0408448644 0.350783362 0 0 0
B@CP 2149 -0.142528007 0.15732315 0.276335673 0 0 0
B@CP 2154 0.229665044 0.288106898 -0.276681079 0 0 0
B@CP 2161 0.0752686924 0.392229108 -0.193298684 0 0 0
B@CP 2164 0.0405515771 0.116266007 -0.288986436 0 0 0
B@CP 2166 -0.110906169 -0.180350588 0.385464761 0 0 0
B@CP 2168 0.196742011 0.0152343124 0.132112908 0 0 0
B@CP 2169 0.139961898 0.212834666 0.371210109 0 0 0
B@CP 2175 0.0462046291 -0.072744247 -0.09184793 0 0 0
B@CP 2177 -0.08160748 0.289572474 -0.338185877 0 0 0
B@CP 2182 0.37951189 -0.176045913 -0.0745692558 0 0 0
B@CP 2186 -0.032203184 0.21805749 -0.0193106051 0 0 0
B@CP 2188 -0.0892156257 -0.410087785 -0.179870559 0 0 0
B@CP 2203 -0.295157728 0.0801673651 0.0203081607 0 0 0
B@CP 2205 -0.415108228 -0.123248272 0.0174713044 0 0 0
B@CP 2207 0.250686406 0.1725069 -0.0100561763 0 0 0
B@CP 2208 0.0125711747 0.237325547 -0.241917831 0 0 0
B@CP 2213 0.324766396 0.108440942 0.247809636 0 0 0
B@CP 2215 -0.068362891 0.063543433 -0.107610086 0 0 0
B@CP 2217 -0.124094629 -0.168323266 0.275120673 0 0 0
B@CP 2220 0.0805966643 -0.020487947 -0.198690892 0 0 0
B@CP 2221 -0.42147094 0.0981192994 0.0643800002 0 0 0
B@CP 2222 0.00759498374 -0.292417226 0.321774714 0 0 0
B@CP 2225 -0.0465998916 0.244079284 0.132742557 0 0 0
B@CP 2226 0.0687394128 0.0820366404 -0.239512391 0 0 0
B@CP 2228 0.16808718 0.248602536 0.267955073 0 0 0
B@CP 2230 -0.122054335 0.0389208178 -0.374040396 0 0 0
B@CP 2233 0.200764287 0.305874432 -0.0602466792 0 0 0
B@CP 2234 0.177839774 -0.297887802 -0.207408301 0 0 0
B@CP 2248 0.251701129 -0.123143706 -0.357242612 0 0 0
B@CP 2250 0.431988385 0.107423254 0.0293012351 0 0 0
B@CP 2251 -0.32844967 0.100435169 0.0203823868 0 0 0
B@CP 2252 -0.119152425 -0.256178183 -0.308462595 0 0 0
B@CP 2254 -0.378065254 0.0643015064 0.0772695585 0 0 0
B@CP 2255 0.0610971705 -0.33712434 0.303331155 0 0 0
B@CP 2256 -0.240570822 -0.0756199196 -0.36983968 0 0 0
B@CP 2263 0.433811084 0.0380769404 -0.0528758147 0 0 0
B@CP 2267 0.228838516 0.129226055 0.160089201 0 0 0
B@CP 2271 -0.159641707 -0.107779376 0.372573881 0 0 0
B@CP 2272 -0.0641182136 -0.346771025 -0.191717402 0 0 0
B@CP 2273 -0.0279347956 0.090898441 0.337834643 0 0 0
B@CP 2275 0.28792564 -0.362201021 -0.0492815712 0 0 0
B@CP 2279 0.24295872 -0.0289435027 0.393195794 0 0 0
B@CP 2282 0.127169788 -0.246934804 0.0302475363 0 0 0
B@CP 2284 0.163477964 -0.0330717959 0.0864952573 0 0 0
B@CP 2285 -0.103207977 -0.297687497 -0.0991753115 0 0 0
B@CP 2293 0.0382390331 0.392190595 0.0601522955 0 0 0
B@CP 2299 -0.00166013381 -0.284967856 -0.292400183 0 0 0
B@CP 2300 -0.0931453461 -0.158808385 0.416212523 0 0 0
B@CP 2301 0.40706592 0.0315203395 -0.248759699 0 0 0
B@CP 2303 -0.325899855 0.299959194 0.157352599 0 0 0
B@CP 2305 0.0754345636 -0.382630744 -0.121086284 0 0 0
B@CP 2309 0.412157017 -0.0400282878 -0.23183478 0 0 0
B@CP 2313 -0.00461949022 -0.155352143 0.334325337 0 0 0
B@CP 2315 -0.0367932853 0.168539068 -0.218325035 0 0 0
B@CP 2320 0.0193004414 -0.336081355 -0.0970513312 0 0 0
B@CP 2325 -0.40016285 0.0312289252 0.262346999 0 0 0
B@CP 2329 0.324649315 -0.291656664 -0.14643399 0 0 0
B@CP 2331 -0.0505009107 0.0308634646 0.439967928 0 0 0
B@CP 2332 0.0697350573 0.160154417 0.349790529 0 0 0
B@CP 2333 0.0408043688 0.0772036607 -0.429912846 0 0 0
B@CP 2335 -0.114645612 -0.0754096486 -0.0110289454 0 0 0
B@CP 2336 -0.248215737 -0.0610275788 -0.136354047 0 0 0
B@CP 2340 0.278100439 0.378031341 -0.0159869382 0 0 0
B@CP 2343 0.0971339463 -0.351258497 -0.193782577 0 0 0
B@CP 2346 0.117649832 -0.284163924 -0.1700641 0 0 0
B@CP 2348 0.322591934 -0.201612514 0.117695558 0 0 0
B@CP 2350 -0.10650785 0.424685363 0.167937043 0 0 0
B@CP 2351 0.318352382 0.187373625 -0.207135412 0 0 0
B@CP 2356 -0.18324469 0.123147959 0.178487817 0 0 0
B@CP 2357 -0.185155818 0.164899261 0.186604874 0 0 0
B@CP 2359 -0.0760403171 -0.238154912 0.136801802 0 0 0
B@CP 2363 -0.139712131 0.201488184 0.0471761014 0 0 0
B@CP 2365 -0.278823616 -0.00968054971 -0.147696033 0 0 0
B@CP 2368 0.252709296 -0.338631132 0.0608991574 0 0 0
B@CP 2369 0.000675929098 0.401381388 -0.136410891 0 0 0
B@CP 2370 -0.0352382382 -0.238055429 0.0486886946 0 0 0
B@CP 2372 0.147887389 0.252408208 -0.213590555 0 0 0
B@CP 2373 0.221683886 -0.32797487 -0.042799987 0 0 0
B@CP 2376 0.136436378 -0.310780459 -0.046983057 0 0 0
B@CP 2381 0.181624779 -0.0392637934 0.172620579 0 0 0
B@CP 2382 -0.353022151 0.056721584 -0.131255035 0 0 0
B@CP 2383 -0.140306553 0.0144219 -0.160818602 0 0 0
B@CP 2386 -0.212760389 -0.360983301 -0.0846858856 0 0 0
B@CP 2388 0.156041098 -0.183097977 -0.349767791 0 0 0
B@CP 2392 -0.265196877 0.0432689027 0.0839109016 0 0 0
B@CP 2395 -0.00125752188 -0.0304137048 0.369046732 0 0 0
B@CP 2397 0.276712871 -0.28543102 -0.000326681764 0 0 0
B@CP 2400 0.103840286 -0.0639602248 0.206183548 0 0 0
B@CP 2402 0.108704787 0.189730973 -0.399563982 0 0 0
B@CP 2405 0.20616923 -0.0563252884 -0.387261878 0 0 0
B@CP 2411 0.353761082 -0.0447561299 0.112539814 0 0 0
B@CP 2413 -0.180858726 -0.337997523 0.000782641433 0 0 0
B@CP 2416 0.101747835 0.131061598 0.344822004 0 0 0
B@CP 2421 0.297361747 0.00580273158 -0.269926966 0 0 0
B@CP 2437 0.133818248 0.417814229 -0.150708024 0 0 0
B@CP 2441 -0.276393058 -0.139311802 0.246904273 0 0 0
B@CP 2456 -0.00173294601 -0.163324627 0.30996527 0 0 0
B@CP 2457 -0.0919712157 0.0382459458 0.347632181 0 0 0
B@CP 2459 -0.255924444 -0.132288932 -0.0958506399 0 0 0
B@CP 2460 -0.0952797219 0.36010382 0.0413143135 0 0 0
B@CP 2461 -0.221105186 0.0713928011 0.348737216 0 0 0
B@CP 2462 0.314814435 0.0250424192 0.106942835 0 0 0
B@CP 2467 -0.231360006 -0.306288324 0.119213369 0 0 0
B@CP 2471 -0.30889323 -0.276162999 0.00577170822 0 0 0
B@CP 2475 -0.169390668 -0.274252069 0.325837619 0 0 0
B@CP 2477 -0.0428112839 -0.191043467 -0.16104321 0 0 0
B@CP 2481 -0.358982146 0.0550701672 0.174912009 0 0 0
B@CP 2487 0.105641952 0.258604607 0.110599985 0 0 0
B@CP 2492 -0.0442623695 -0.287819342 -0.18427653 0 0 0
C@CP 2500 0.341070799 -0.197906298 -0.234288012 0 0 0
C@CP 2501 -0.194924873 -0.0496493472 0.0692433423 0 0 0
C@CP 2502 -0.103884745 0.169693192 -0.117969692 0 0 0
C@CP 2503 0.367922254 -0.00193819865 -0.0896004181 0 0 0
C@CP 2504 0.139568948 -0.256076321 -0.258844103 0 0 0
C@CP 2505 -0.149842958 0.0581338269 0.166837244 0 0 0
C@CP 2506 0.246748476 0.0106769111 -0.0989101655 0 0 0
C@CP 2507 -0.100437911 0.10779185 0.339037451 0 0 0
C@CP 2508 -0.104777411 0.355349731 -0.217671968 0 0 0
C@CP 2509 0.0450252234 -0.112841795 -0.178086439 0 0 0
C@CP 2510 -0.2266183 0.0978656968 -0.353269033 0 0 0
C@CP 2511 -0.212814233 -0.170379093 -0.1227137 0 0 0
C@CP 2512 0.157181713 0.165569385 -0.340664493 0 0 0
C@CP 2513 0.114933754 -0.42598996 0.106806947 0 0 0
C@CP 2514 -0.163203548 -0.397885239 0.0689107408 0 0 0
C@CP 2515 -0.273708721 0.106838352 0.120774358 0 0 0
C@CP 2516 0.14299169 0.130725392 0.309213294 0 0 0
C@CP 2517 0.315632473 0.133803032 0.139339835 0 0 0
C@CP 2518 -0.18315125 -0.0373488787 -0.018184363 0 0 0
C@CP 2519 -0.170063086 -0.255258901 -0.241148714 0 0 0
C@CP 2520 -0.434470916 0.00627536433 -0.199853501 0 0 0
C@CP 2521 0.186554323 0.166747017 -0.277905649 0 0 0
C@CP 2522 -0.151884517 0.321584202 0.111489798 0 0 0
C@CP 2523 0.391695043 0.146158648 -0.119281481 0 0 0
C@CP 2524 0.0014754482 -0.0885652612 -0.450101279 0 0 0
C@CP 2525 0.0740625679 0.127008599 -0.395493239 0 0 0
C@CP 2526 0.243562478 -0.276079289 0.110661137 0 0 0
C@CP 2527 -0.0590596628 -0.414547531 0.0972683767 0 0 0
C@CP 2528 -0.404115892 0.0613451718 0.11420184 0 0 0
C@CP 2529 0.0587035808 -0.246585036 0.399800825 0 0 0
C@CP 2530 0.202395065 -0.101961339 -0.0602963928 0 0 0
C@CP 2531 0.186981799 -0.0184465572 0.309777759 0 0 0
C@CP 2532 0.154858771 0.132393824 -0.140002235 0 0 0
C@CP 2533 -0.107923393 -0.389702311 -0.135133858 0 0 0
C@CP 2534 -0.20884116 0.368669973 -0.0547819782 0 0 0
C@CP 2535 -0.167574255 0.0330213299 -0.404873426 0 0 0
C@CP 2536 -0.422443486 0.120673374 -0.0865885068 0 0 0
C@CP 2537 0.379717873 0.108189409 0.15287492 0 0 0
C@CP 2538 0.18211065 -0.0425725585 0.0575299111 0 0 0
C@CP 2539 -0.180862074 -0.0737991764 -0.361408358 0 0 0
C@CP 2540 -0.287739384 -0.219934956 -0.177063492 0 0 0
C@CP 2541 -0.21477814 -0.153518809 -0.149385547 0 0 0
C@CP 2542 0.0142819265 -0.114759259 -0.106916828 0 0 0
C@CP 2543 -0.074229342 0.126609606 -0.0262725825 0 0 0
C@CP 2544 -0.0913182098 0.239914485 0.321016133 0 0 0
C@CP 2545 -0.217412918 -0.169802953 -0.0462399368 0 0 0
C@CP 2546 -0.396217144 0.110968589 -0.100412749 0 0 0
C@CP 2547 0.236068001 -0.243235102 0.151152458 0 0 0
C@CP 2548 0.057069367 -0.346922862 0.0336478935 0 0 0
C@CP 2549 0.0597894221 0.449088801 -0.103609122 0 0 0
C@CP 2550 0.237059363 -0.0442380345 -0.204744514 0 0 0
C@CP 2551 -0.256554459 0.157809345 -0.182595161 0 0 0
C@CP 2552 -0.314569516 -0.20813211 0.0419526133 0 0 0
C@CP 2553 0.0288800029 -0.30153241 -0.139202321 0 0 0
C@CP 2554 0.248301562 -0.0549390958 -0.361657162 0 0 0
C@CP 2555 0.344927241 0.292939071 -0.0821065896 0 0 0
C@CP 2556 -0.221845329 0.279083154 -0.171049622 0 0 0
C@CP 2557 0.060736601 0.315239299 -0.0508624817 0 0 0
C@CP 2558 -0.373168792 0.0462628868 0.157726286 0 0 0
C@CP 2559 0.452553053 -0.0294173858 -0.0477072338 0 0 0
C@CP 2560 0.107000386 0.0221373753 0.130747095 0 0 0
C@CP 2561 -0.298010884 0.188044847 -0.123204992 0 0 0
C@CP 2562 0.276819318 0.153386715 0.179436902 0 0 0
C@CP 2563 -0.175019553 0.363890022 0.160800383 0 0 0
C@CP 2564 0.192128654 0.0117097483 -0.135196414 0 0 0
C@CP 2565 0.233392177 -0.0519302744 -0.0404004856 0 0 0
C@CP 2566 0.307282756 0.231773548 0.150088389 0 0 0
C@CP 2567 0.235262969 -0.365664494 -0.101110797 0 0 0
C@CP 2568 -0.0395033371 -0.44936199 0.113651532 0 0 0
C@CP 2569 -0.00682316841 -0.328848563 -0.0162445732 0 0 0
C@CP 2570 -0.173837594 -0.162097914 0.148145963 0 0 0
C@CP 2571 0.196238697 -0.173535402 -0.400603761 0 0 0
C@CP 2572 0.327836615 0.208356101 -0.0673345822 0 0 0
C@CP 2573 0.422352011 0.0355545566 0.151778596 0 0 0
C@CP 2574 -0.0985561495 0.0549221367 -0.302310997 0 0 0
C@CP 2575 0.171708926 -0.381814919 -0.0276615882 0 0 0
C@CP 2576 -0.136112122 0.443003774 -0.0122207749 0 0 0
C@CP 2577 -0.00510841134 -0.138136748 0.138092819 0 0 0
C@CP 2578 0.0733374349 -0.200958028 0.20069116 0 0 0
C@CP 2579 -0.0516094316 0.213918834 -0.175224226 0 0 0
C@CP 2580 -0.212572555 0.203925049 0.179654536 0 0 0
C@CP 2581 -0.0697763819 -0.320913805 0.0849331991 0 0 0
C@CP 2582 0.123305773 0.103740808 -0.339633086 0 0 0
C@CP 2583 0.0680373325 0.0872012925 0.298461996 0 0 0
C@CP 2584 -0.232397978 -0.0663131593 0.310377028 0 0 0
C@CP 2585 0.198642424 0.064629341 -0.270259438 0 0 0
C@CP 2586 0.142804334 -0.1790466 -0.35294183 0 0 0
C@CP 2587 -0.271754058 -0.079694961 0.0318777387 0 0 0
C@CP 2588 -0.328417477 -0.178411387 0.173304738 0 0 0
C@CP 2589 0.164353977 0.0235951788 0.150329223 0 0 0
C@CP 2590 0.294943321 -0.0179360826 -0.215401265 0 0 0
C@CP 2591 -0.0938968183 -0.19404196 -0.0299816848 0 0 0
C@CP 2592 0.168677573 0.232960444 -0.0957911821 0 0 0
C@CP 2593 -0.0852358665 0.0975550268 -0.140363513 0 0 0
C@CP 2594 -0.324700672 0.275658821 0.0499919341 0 0 0
C@CP 2595 -0.0701937192 0.128385154 -0.341214556 0 0 0
C@CP 2596 0.156997887 0.422708364 0.0656444547 0 0 0
C@CP 2597 -0.334995944 -0.176155585 0.111205947 0 0 0
C@CP 2598 -0.0314001369 -0.14502584 0.128445541 0 0 0
C@CP 2599 0.0167829397 0.0453444854 -0.332423015 0 0 0
C@CP 2600 0.283408736 0.155668573 -0.280880891 0 0 0
C@CP 2601 0.356045176 0.161839241 0.0630503145 0 0 0
C@CP 2602 0.346657789 -0.0725177319 -0.14581155 0 0 0
C@CP 2603 0.0721612033 -0.126702747 0.361277167 0 0 0
C@CP 2604 -0.0215079412 0.0272191436 -0.317757643 0 0 0
C@CP 2605 0.178292487 -0.202980356 -0.118783952 0 0 0
C@CP 2606 0.0476347559 -0.308167398 0.19891034 0 0 0
C@CP 2607 0.0227208178 0.293958348 -0.131433079 0 0 0
C@CP 2608 0.191492808 -0.158947383 -0.402841708 0 0 0
C@CP 2609 0.0761452696 -0.0188850104 -0.121914085 0 0 0
C@CP 2610 -0.139977667 0.2864199 0.227120658 0 0 0
C@CP 2611 -0.107924658 0.051637872 0.119722757 0 0 0
C@CP 2612 -0.155491676 0.349667983 -0.0452634738 0 0 0
C@CP 2613 -0.131321699 -0.307663879 0.236884801 0 0 0
C@CP 2614 -0.0957227529 0.292212623 0.0355587379 0 0 0
C@CP 2615 -0.19688955 -0.428569839 -0.0202453759 0 0 0
C@CP 2616 0.182749002 0.145875766 -0.156931031 0 0 0
C@CP 2617 0.129905334 -0.22182669 -0.270371042 0 0 0
C@CP 2618 0.0231553199 0.287378906 0.307405675 0 0 0
C@CP 2619 0.208392346 0.0270996502 0.395848709 0 0 0
C@CP 2620 0.355244503 -0.234734658 0.0485747872 0 0 0
C@CP 2621 -0.206512908 0.124093523 0.341202863 0 0 0
C@CP 2622 0.327365743 0.00333527981 -0.0585759281 0 0 0
C@CP 2623 -0.0813461314 -0.0380697353 0.42202465 0 0 0
C@CP 2624 0.0211594319 0.326604409 0.0108831059 0 0 0
C@CP 2625 0.328816606 -0.102136241 0.131964553 0 0 0
C@CP 2626 0.129931381 -0.134303468 -0.134307557 0 0 0
C@CP 2627 0.0658671223 0.113878407 -0.347938982 0 0 0
C@CP 2628 -0.0210609422 0.211352945 -0.347542808 0 0 0
C@CP 2629 -0.327050609 -0.0900227331 -0.303669762 0 0 0
C@CP 2630 0.34609467 -0.233113123 0.198704038 0 0 0
C@CP 2631 -0.190994509 -0.0702104503 0.0346723742 0 0 0
C@CP 2632 0.0356215099 -0.414804046 -0.137517514 0 0 0
C@CP 2633 0.151235108 0.00650827038 -0.137777477 0 0 0
C@CP 2634 0.0125236986 -0.198728193 -0.191531458 0 0 0
C@CP 2635 0.000482495993 0.268349525 0.115702802 0 0 0
C@CP 2636 0.140493383 -0.436656217 -0.00254839648 0 0 0
C@CP 2637 0.344894934 -0.0256302032 -0.0850490775 0 0 0
C@CP 2638 -0.0479808016 -0.17467455 -0.139509915 0 0 0
C@CP 2639 0.232584538 -0.150904871 -0.0259372955 0 0 0
C@CP 2640 -0.056793891 0.171479334 -0.0844076046 0 0 0
C@CP 2641 -0.0481189229 -0.377163687 0.0176947782 0 0 0
C@CP 2642 0.3044269 0.187687884 0.0424081502 0 0 0
C@CP 2643 0.420062868 -0.0175009868 -0.11112036 0 0 0
C@CP 2644 -0.20122321 0.0998440533 0.111271517 0 0 0
C@CP 2645 0.22680026 0.325624197 0.144976877 0 0 0
C@CP 2646 0.0668642772 -0.107733254 -0.113710997 0 0 0
C@CP 2647 -0.0493132112 -0.27871518 -0.117700237 0 0 0
C@CP 2648 -0.279477743 -0.256113081 -0.241537903 0 0 0
C@CP 2649 0.333543185 -0.132896007 -0.200761631 0 0 0
C@CP 2650 0.0670243664 -0.288810984 -0.0494639751 0 0 0
C@CP 2651 0.0717586313 -0.259668452 -0.127941006 0 0 0
C@CP 2652 0.309336124 0.209041612 -0.111420199 0 0 0
C@CP 2653 -0.398028515 0.0425666143 0.252009454 0 0 0
C@CP 2654 -0.255783154 0.12165923 -0.23883295 0 0 0
C@CP 2655 -0.207618206 0.176659977 -0.336973419 0 0 0
C@CP 2656 0.259997769 -0.0740977911 -0.383594878 0 0 0
C@CP 2657 -0.249095433 -0.171959646 -0.33815855 0 0 0
C@CP 2658 -0.0277003231 -0.110233064 -0.43266079 0 0 0
C@CP 2659 0.322780164 -0.175546489 -0.174042553 0 0 0
C@CP 2660 -0.0280003165 0.0663361142 0.251033815 0 0 0
C@CP 2662 0.317804664 0.0488261763 -0.326867048 0 0 0
C@CP 2663 0.106499119 -0.297582214 0.232206506 0 0 0
C@CP 2664 0.132645181 -0.0582394906 0.130364983 0 0 0
C@CP 2665 0.0832529536 -0.142603883 -0.0380834068 0 0 0
C@CP 2666 0.329109638 0.18354182 -0.111809833 0 0 0
C@CP 2667 -0.166376672 0.113173741 0.03635746 0 0 0
C@CP 2668 -0.272788999 -0.0598912342 -0.215331457 0 0 0
C@CP 2669 0.0532332335 -0.291854612 -0.286008784 0 0 0
C@CP 2670 -0.182885846 -0.0576918795 -0.0424318425 0 0 0
C@CP 2671 0.177618217 0.220696816 -0.159585613 0 0 0
C@CP 2672 0.092772358 0.11415592 0.309141275 0 0 0
C@CP 2673 -0.161662664 0.258229411 -0.131855794 0 0 0
C@CP 2674 0.0315807894 0.372367724 0.161271063 0 0 0
C@CP 2675 0.0516853236 -0.0659341735 0.177839931 0 0 0
C@CP 2676 -0.364271924 -0.204754696 -0.0175717978 0 0 0
C@CP 2677 0.0822722136 -0.0300789321 -0.410284264 0 0 0
C@CP 2678 0.241525571 0.0259706187 0.000644130191 0 0 0
C@CP 2679 -0.188812047 0.331839255 0.128169088 0 0 0
C@CP 2680 0.246035542 -0.0765330312 0.388282465 0 0 0
C@CP 2681 0.230871055 0.0933112566 -0.314096745 0 0 0
C@CP 2682 -0.133672145 0.260905205 -0.243162959 0 0 0
C@CP 2683 -0.0360672078 -0.122692138 -0.356493579 0 0 0
C@CP 2684 -0.154766677 0.204840601 -0.29439655 0 0 0
C@CP 2685 -0.00234565109 0.0905802551 -0.329210893 0 0 0
C@CP 2686 -0.163151239 -0.346972292 -0.11356557 0 0 0
C@CP 2687 -0.0676016038 0.229138598 0.225302988 0 0 0
C@CP 2688 0.0430006322 0.32114023 -0.249094784 0 0 0
C@CP 2689 -0.149402654 -0.10340916 0.207528452 0 0 0
C@CP 2690 -0.0401792832 0.40845983 0.0537456962 0 0 0
C@CP 2691 -0.364950246 -0.231731365 0.170678817 0 0 0
C@CP 2692 0.317817246 0.243712814 -0.0114087619 0 0 0
C@CP 2693 0.0926883824 -0.0497369344 0.309811012 0 0 0
C@CP 2694 0.437922764 -0.0282983245 -0.0222971226 0 0 0
C@CP 2695 -0.0243254587 -0.117799907 -0.296794403 0 0 0
C@CP 2696 0.140285116 -0.437942962 -0.0179097179 0 0 0
C@CP 2697 0.365114576 -0.156918174 -0.0250320186 0 0 0
C@CP 2698 0.137638003 -0.0303000267 -0.315395623 0 0 0
C@CP 2699 0.159807645 0.289541108 0.0729432821 0 0 0
C@CP 2700 0.292262455 -0.271190624 -0.148008993 0 0 0
C@CP 2701 -0.0992073213 0.0799620646 0.377817366 0 0 0
C@CP 2702 -0.0864988304 0.421285772 -0.0459834051 0 0 0
C@CP 2703 -0.220217122 0.333434406 -0.106907935 0 0 0
C@CP 2704 0.288169322 0.0793054276 0.244076213 0 0 0
C@CP 2705 -0.391943111 0.0136428973 0.162775175 0 0 0
C@CP 2706 -0.110327555 -0.449017412 -0.0480175055 0 0 0
C@CP 2707 -0.322373814 -0.211006765 -0.0582553974 0 0 0
C@CP 2708 0.112283129 -0.390239283 -0.0245897009 0 0 0
C@CP 2709 -0.143425348 -0.130204651 0.122484698 0 0 0
C@CP 2710 0.330019476 0.156713184 0.12870069 0 0 0
C@CP 2711 0.0172593474 -0.230653745 -0.38988033 0 0 0
C@CP 2712 0.00346141811 0.286805054 -0.0897478037 0 0 0
C@CP 2713 0.0863227225 -0.0801536034 0.0546204228 0 0 0
C@CP 2714 -0.196117489 0.244187195 0.0571417868 0 0 0
C@CP 2715 -0.0888414344 0.027721411 0.286751799 0 0 0
C@CP 2716 -0.147232091 -0.0919674721 -0.342975603 0 0 0
C@CP 2717 -0.0416150064 -0.194944364 -0.11141046 0 0 0
C@CP 2718 -0.303074267 0.148250838 -0.21383539 0 0 0
C@CP 2719 -0.0891316254 0.258470673 -0.364395645 0 0 0
C@CP 2720 0.0840323747 -0.0051377517 -0.441835525 0 0 0
C@CP 2721 -0.153693521 -0.264498271 -0.156688624 0 0 0
C@CP 2722 0.346638504 -0.0888831623 -0.2351834 0 0 0
C@CP 2723 0.162491826 -0.220520174 -0.243882078 0 0 0
C@CP 2724 0.131544789 0.157806049 -0.274556632 0 0 0
C@CP 2725 -0.259905576 0.0724062914 -0.284790493 0 0 0
C@CP 2726 -0.0682406326 0.250006208 0.201713448 0 0 0
C@CP 2727 0.0485937856 -0.0770792207 -0.285704567 0 0 0
C@CP 2728 -0.134216737 -0.0389816276 0.241645479 0 0 0
C@CP 2729 -0.10904399 -0.0542625618 -0.236081459 0 0 0
C@CP 2730 0.366520892 0.0406009911 0.176716342 0 0 0
C@CP 2731 -0.19665369 0.0997066265 -0.387912257 0 0 0
C@CP 2732 -0.296547447 -0.10478799 0.289390032 0 0 0
C@CP 2733 -0.0655704874 0.284343644 0.275866856 0 0 0
C@CP 2734 0.0854826577 -0.377505661 0.148152973 0 0 0
C@CP 2735 -0.0894778119 0.0703384403 -0.10331556 0 0 0
C@CP 2736 -0.275630283 -0.246292181 -0.108883031 0 0 0
C@CP 2737 0.290308741 -0.00135753008 -0.218639535 0 0 0
C@CP 2738 -0.0334572058 -0.24146208 0.0152972943 0 0 0
C@CP 2739 0.146017938 0.164235446 0.00157339944 0 0 0
C@CP 2740 -0.395741883 -0.0385177824 -0.209951714 0 0 0
C@CP 2741 -0.194344009 0.14279479 -0.277480009 0 0 0
C@CP 2742 -0.0578874235 -0.0457785477 -0.172138056 0 0 0
C@CP 2743 0.022691616 -0.162964539 0.314647625 0 0 0
C@CP 2744 -0.227189521 0.189708826 0.301666587 0 0 0
C@CP 2745 0.244551883 0.0929475244 0.23383004 0 0 0
C@CP 2746 -0.031492026 0.0489294262 0.461081802 0 0 0
C@CP 2747 -0.253500201 0.245919584 -0.16420007 0 0 0
C@CP 2748 0.320514596 -0.00664118704 0.0468946215 0 0 0
C@CP 2749 -0.192268385 0.287369635 -0.280392677 0 0 0
C@CP 2750 0.141978138 -0.281161276 -0.247870047 0 0 0
C@CP 2751 -0.212752834 0.355665754 -0.00720682189 0 0 0
C@CP 2752 0.0426628062 0.0493679751 -0.202877325 0 0 0
C@CP 2753 0.461109416 -0.0348591484 0.0241629156 0 0 0
C@CP 2754 0.0214359935 -0.0230891285 0.47707728 0 0 0
C@CP 2755 -0.291095051 -0.0459539889 -0.27400841 0 0 0
C@CP 2756 0.0969183254 0.0687535982 -0.241673953 0 0 0
C@CP 2757 0.122074564 0.064259084 -0.350856524 0 0 0
C@CP 2758 -0.0872835399 -0.17448437 0.0394209511 0 0 0
C@CP 2759 0.347565502 -0.173970074 -0.24598388 0 0 0
C@CP 2760 -0.129873403 -0.322143848 -0.0845165767 0 0 0
C@CP 2761 -0.0249715915 0.0804464919 -0.297420919 0 0 0
C@CP 2762 0.299339618 0.063014323 0.255660089 0 0 0
C@CP 2763 0.218877706 0.138162452 -0.0250766354 0 0 0
C@CP 2764 -0.340561064 -0.0957752344 -0.16079968 0 0 0
C@CP 2765 -0.227883486 0.156335588 0.00253783107 0 0 0
C@CP 2766 -0.189957414 -0.024839062 -0.160385681 0 0 0
C@CP 2767 0.055283051 0.0970800343 -0.0361184825 0 0 0
C@CP 2768 -0.0250012056 -0.150153723 -0.236596443 0 0 0
C@CP 2769 -0.202752371 -0.151755746 -0.135968549 0 0 0
C@CP 2770 0.0620465828 -0.0391688822 -0.461602489 0 0 0
C@CP 2771 0.332685371 -0.0331218522 0.144976264 0 0 0
C@CP 2772 -0.0200125932 0.0220998545 0.28602239 0 0 0
C@CP 2773 0.0922012666 0.10556129 0.172926956 0 0 0
C@CP 2774 0.0155329078 -0.0113279885 0.0962269079 0 0 0
C@CP 2775 -0.253211054 -0.147809528 -0.11570672 0 0 0
C@CP 2776 0.178236088 -0.0642326974 0.298489877 0 0 0
C@CP 2777 -0.120490469 0.237132003 -0.180622505 0 0 0
C@CP 2778 0.4331335 0.0687714384 0.132717828 0 0 0
C@CP 2779 -0.122741595 -0.111312159 -0.220698015 0 0 0
C@CP 2780 -0.149802483 0.173174522 0.181660606 0 0 0
C@CP 2781 0.15390019 0.138961947 0.249124515 0 0 0
C@CP 2782 0.0405415919 0.298147156 0.0655931735 0 0 0
C@CP 2783 -0.167544699 -0.145636634 -0.192767592 0 0 0
C@CP 2784 -0.283904364 0.0727564332 -0.157168114 0 0 0
C@CP 2785 -0.112560895 -0.126276105 -0.221692638 0 0 0
C@CP 2786 0.0915956739 0.00272014018 0.112153202 0 0 0
C@CP 2787 0.0204766162 0.0998485659 -0.154821171 0 0 0
C@CP 2788 -0.100781011 -0.325488482 0.0248255695 0 0 0
C@CP 2789 -0.332428642 0.201896705 0.0290380615 0 0 0
C@CP 2790 -0.0240978581 -0.176935903 -0.16283204 0 0 0
C@CP 2791 -0.428512799 -0.0347211902 -0.135202198 0 0 0
C@CP 2792 -0.0052651816 -0.131028509 -0.353417617 0 0 0
C@CP 2793 -0.0467326603 -0.357522962 0.264572168 0 0 0
C@CP 2794 0.190493962 -0.0269445328 -0.356518887 0 0 0
C@CP 2795 0.428741612 -0.044630573 -0.0199980587 0 0 0
C@CP 2796 -0.249965267 -0.0903548266 0.230481107 0 0 0
C@CP 2797 0.245844478 0.0437376706 -0.295258874 0 0 0
C@CP 2798 0.190844487 0.10651677 0.363015798 0 0 0
C@CP 2799 0.213078198 -0.230718362 0.107948722 0 0 0
C@CP 2800 0.206209714 0.151347731 -0.0423140961 0 0 0
C@CP 2801 -0.194784863 0.0358515105 -0.314112268 0 0 0
C@CP 2802 0.0908050346 -0.239614065 0.288504552 0 0 0
C@CP 2803 0.241211845 0.184574933 -0.308872101 0 0 0
C@CP 2804 -0.338661205 0.228395568 -0.170661899 0 0 0
C@CP 2805 -0.341388405 0.0969590718 0.0286424021 0 0 0
C@CP 2806 -0.121326099 0.0768718822 -0.350728356 0 0 0
C@CP 2807 0.409001047 0.143657041 0.124064969 0 0 0
C@CP 2808 -0.373833997 -0.0326362058 0.151088073 0 0 0
C@CP 2809 0.221973804 -0.0532807154 0.202091297 0 0 0
C@CP 2810 0.387747862 0.0399299337 0.171452823 0 0 0
C@CP 2811 -0.378618667 -0.254339946 -0.149575287 0 0 0
C@CP 2812 0.169453796 -0.146138193 0.0354818946 0 0 0
C@CP 2813 -0.266777897 0.224592823 -0.300526814 0 0 0
C@CP 2814 0.118414865 -0.369367276 -0.149754999 0 0 0
C@CP 2815 -0.0252221912 -0.208858209 -0.389606611 0 0 0
C@CP 2816 -0.0528929061 0.106384835 0.389392386 0 0 0
C@CP 2817 0.361831797 -0.0508066512 -0.067177366 0 0 0
C@CP 2818 0.158276301 0.0643147906 0.283136197 0 0 0
C@CP 2819 -0.0633069217 0.256225627 -0.141927924 0 0 0
C@CP 2820 -0.206372067 0.181391936 0.172066752 0 0 0
C@CP 2821 -0.0396860454 -0.138172209 0.12606221 0 0 0
C@CP 2822 0.0815897576 0.0240714157 0.220813975 0 0 0
C@CP 2823 -0.0702684098 0.238749191 0.120103765 0 0 0
C@CP 2824 0.159715247 -0.0757139384 0.0602680412 0 0 0
C@CP 2825 0.0803775737 -0.367591356 -0.18894293 0 0 0
C@CP 2826 -0.00128672664 0.133958009 0.298405447 0 0 0
C@CP 2827 0.173578238 0.322430972 -0.21641242 0 0 0
C@CP 2828 0.102563786 -0.021605381 0.00762173968 0 0 0
C@CP 2829 -0.272262418 -0.0608649062 -0.356323799 0 0 0
C@CP 2830 -0.263569655 0.0828406715 -0.154287167 0 0 0
C@CP 2831 0.13348218 -0.0727620884 -0.026974114 0 0 0
C@CP 2832 0.0369080705 -0.250345669 0.00218297223 0 0 0
C@CP 2833 0.307465236 -0.0430030247 0.22968089 0 0 0
C@CP 2834 -0.094888599 -0.103452744 -0.166108512 0 0 0
C@CP 2835 -0.163977932 -0.359801363 0.0357904703 0 0 0
C@CP 2836 -0.231363634 0.216922516 -0.30885153 0 0 0
C@CP 2837 0.12482654 0.112077295 0.192705358 0 0 0
C@CP 2838 0.288681824 -0.138993166 -0.190462811 0 0 0
C@CP 2839 0.225528722 0.307480686 -0.253137807 0 0 0
C@CP 2840 -0.436714708 0.128694477 -0.0903779531 0 0 0
C@CP 2841 -0.164452297 -0.175496326 0.296027534 0 0 0
C@CP 2842 0.128791901 -0.0471198679 0.26712076 0 0 0
C@CP 2843 0.225675292 -0.166868848 0.302971528 0 0 0
C@CP 2844 0.0887904297 0.278025088 0.0292001894 0 0 0
C@CP 2845 -0.211278647 -0.0299631832 -0.0900532359 0 0 0
C@CP 2846 0.244032349 0.0564118068 -0.227403073 0 0 0
C@CP 2847 0.121446515 0.123272007 -0.346025694 0 0 0
C@CP 2848 -0.133232611 0.241258644 0.222981771 0 0 0
C@CP 2849 0.0698098958 -0.109555662 0.286922864 0 0 0
C@CP 2850 0.0751423553 -0.0120715787 -0.410664573 0 0 0
C@CP 2851 0.0656831918 0.37853473 -0.125997351 0 0 0
C@CP 2852 -0.144344182 -0.153677622 -0.334335791 0 0 0
C@CP 2853 -0.00815545038 -0.0835890433 -0.445415508 0 0 0
C@CP 2854 -0.103900137 -0.183967908 0.00874047248 0 0 0
C@CP 2855 -0.161269923 -0.157473539 -0.263445095 0 0 0
C@CP 2856 0.0454745507 0.258490698 -0.108539452 0 0 0
C@CP 2857 -0.069851834 -0.365692728 0.035764093 0 0 0
C@CP 2858 0.297447893 0.186385611 -0.257882375 0 0 0
C@CP 2859 0.0991391199 -0.133267408 -0.0367139932 0 0 0
C@CP 2860 -0.224448659 -0.333228364 -0.136835315 0 0 0
C@CP 2861 0.0483887198 0.266289541 -0.241642341 0 0 0
C@CP 2862 -0.0562726015 -0.0464595215 0.104060827 0 0 0
C@CP 2863 0.271223945 -0.322773981 -0.0463797568 0 0 0
C@CP 2864 0.0827534949 -0.348660449 0.14929516 0 0 0
C@CP 2865 0.271975913 0.0172087146 -0.212407553 0 0 0
C@CP 2866 0.32859881 0.167415997 -0.0219672995 0 0 0
C@CP 2867 -0.26356875 0.215130549 -0.31533615 0 0 0
C@CP 2868 0.164648836 -0.170686548 -0.0582263472 0 0 0
C@CP 2869 0.39747829 0.193024489 0.132340092 0 0 0
C@CP 2870 -0.114196853 0.231118921 -0.0213413378 0 0 0
C@CP 2871 0.368629531 -0.0462111117 0.269924319 0 0 0
C@CP 2872 0.00973379407 0.280288743 0.310386158 0 0 0
C@CP 2873 0.352307982 -0.169760797 -0.044244343 0 0 0
C@CP 2874 0.0438165336 -0.300082646 -0.189999682 0 0 0
C@CP 2875 0.0363533436 0.200285259 -0.0441152387 0 0 0
C@CP 2876 0.352507757 -0.154453783 -0.184904378 0 0 0
C@CP 2877 0.341328592 0.0748274318 -0.10842488 0 0 0
C@CP 2878 -0.270704825 0.0454247119 0.11659785 0 0 0
C@CP 2879 -0.0209143936 -0.0844766861 0.265032307 0 0 0
C@CP 2880 -0.0222546597 0.223104856 -0.252939305 0 0 0
C@CP 2881 -0.0589319341 -0.0651829013 0.359891048 0 0 0
C@CP 2882 0.0493093161 0.136853487 0.217396853 0 0 0
C@CP 2883 0.381100865 0.0641451823 0.20572383 0 0 0
C@CP 2884 -0.269186667 0.192247382 -0.271444361 0 0 0
C@CP 2885 0.16437068 -0.0972450059 0.0888105378 0 0 0
C@CP 2886 -0.252637373 0.278467316 0.119210057 0 0 0
C@CP 2887 -0.23846655 -0.0239374929 0.16808932 0 0 0
C@CP 2888 0.0943821302 0.00042448314 0.435817029 0 0 0
C@CP 2889 0.318459546 -0.226228953 0.0248494828 0 0 0
C@CP 2890 -0.358516685 0.13679165 0.0449837899 0 0 0
C@CP 2891 0.324687827 0.146068405 0.170174128 0 0 0
C@CP 2892 -0.0486272945 -0.300000399 -0.350503578 0 0 0
C@CP 2893 -0.01210962 0.00390675149 0.359789793 0 0 0
C@CP 2894 -0.279914154 -0.267850817 0.0872870377 0 0 0
C@CP 2895 -0.14846378 0.251480679 0.292559053 0 0 0
C@CP 2896 0.0729320906 -0.262777564 0.356080153 0 0 0
C@CP 2897 0.0758092822 0.0776819075 -0.27284752 0 0 0
C@CP 2898 -0.0392190095 0.0587256698 0.314860393 0 0 0
C@CP 2899 -0.0331506588 -0.130246916 -0.187480822 0 0 0
C@CP 2900 -0.139839406 0.149604942 0.238239929 0 0 0
C@CP 2901 0.00195165813 0.310398757 0.207848999 0 0 0
C@CP 2902 -0.303581818 -0.269709899 -0.212959309 0 0 0
C@CP 2903 0.235030408 0.198113286 0.26549317 0 0 0
C@CP 2904 -0.0190226661 -0.090919235 0.276041607 0 0 0
C@CP 2905 0.158162085 -0.0262350461 -0.209048319 0 0 0
C@CP 2906 -0.14578882 0.0827507026 0.157355368 0 0 0
C@CP 2907 -0.105119047 0.298019024 0.298381096 0 0 0
C@CP 2908 -0.156532121 -0.417563431 -0.116407385 0 0 0
C@CP 2909 -0.095658758 -0.012360406 0.140858812 0 0 0
C@CP 2910 0.298103682 0.243335682 -0.0832574614 0 0 0
C@CP 2911 0.192222049 -0.15189975 -0.281996273 0 0 0
C@CP 2912 0.0303488554 -0.069256731 0.157128681 0 0 0
C@CP 2913 0.11615501 -0.180969187 -0.0406693527 0 0 0
C@CP 2914 0.124702618 -0.249298712 -0.0297196315 0 0 0
C@CP 2915 0.333520026 0.0334869157 0.130393814 0 0 0
C@CP 2916 0.109592336 -0.162312186 0.0311067088 0 0 0
C@CP 2917 0.199143599 0.172589858 -0.0162460565 0 0 0
C@CP 2918 0.291185999 0.301356118 -0.178038782 0 0 0
C@CP 2919 0.389217759 0.129230207 -0.152485081 0 0 0
C@CP 2920 -0.0176453955 -0.105795164 -0.276037442 0 0 0
C@CP 2921 0.157537063 -0.243415591 0.079321522 0 0 0
C@CP 2922 0.0333954211 -0.158364581 0.0851985854 0 0 0
C@CP 2923 -0.103327261 0.0298396582 0.322690317 0 0 0
C@CP 2924 0.0888984009 -0.107765151 0.323199143 0 0 0
C@CP 2925 -0.115187207 0.265122564 -0.191247992 0 0 0
C@CP 2926 0.175780317 0.190090349 0.240384874 0 0 0
C@CP 2927 -0.248364156 0.142515304 -0.311760823 0 0 0
C@CP 2928 0.327265598 -0.174558638 -0.200950035 0 0 0
C@CP 2929 -0.223082778 0.00199968772 0.121602531 0 0 0
C@CP 2930 -0.0976105919 0.421898657 0.00599678858 0 0 0
C@CP 2931 -0.229394102 -0.0395187964 0.338860666 0 0 0
C@CP 2932 0.217790263 0.20577254 0.161935636 0 0 0
C@CP 2933 -0.192626829 -0.048075238 -0.242121973 0 0 0
C@CP 2934 0.260011931 0.0846913433 -0.326187464 0 0 0
C@CP 2935 -0.121446179 -0.176270865 -0.0274490528 0 0 0
C@CP 2936 -0.371182111 0.222446274 -0.141769036 0 0 0
C@CP 2937 -0.1373886 0.37299188 0.143894463 0 0 0
C@CP 2938 0.0587419427 0.0255755721 -0.393349871 0 0 0
C@CP 2939 -0.15515082 -0.0827478618 0.142239279 0 0 0
C@CP 2940 0.0599758321 -0.234600819 0.26381378 0 0 0
C@CP 2941 -0.11585723 0.335696539 0.1148758 0 0 0
C@CP 2942 -0.0412081667 0.300563273 0.0579719174 0 0 0
C@CP 2943 -0.164331889 0.342704472 0.0893121193 0 0 0
C@CP 2944 0.361065672 0.270615591 0.00341718353 0 0 0
C@CP 2945 0.0637496492 0.321188676 0.28223463 0 0 0
C@CP 2946 0.0854651437 -0.210872307 0.0119248319 0 0 0
C@CP 2947 -0.182767223 -0.158938841 0.0323048978 0 0 0
C@CP 2948 0.375865634 -0.149157553 0.0782869971 0 0 0
C@CP 2949 -0.0456978262 0.367006912 0.0256313059 0 0 0
C@CP 2950 -0.120630541 -0.10097279 0.147945987 0 0 0
C@CP 2951 -0.435060024 0.0290729015 0.103378789 0 0 0
C@CP 2952 -0.0572021845 -0.424562814 -0.179987394 0 0 0
C@CP 2953 0.24373476 -0.330980051 0.175116704 0 0 0
C@CP 2954 -0.083968965 0.243537766 0.159173649 0 0 0
C@CP 2955 0.160393163 0.0874155796 0.309800411 0 0 0
C@CP 2956 -0.11119836 -0.296563194 -0.33030379 0 0 0
C@CP 2957 0.305287452 -0.022211345 -0.0307759715 0 0 0
C@CP 2958 0.362320912 0.0991444823 -0.14300251 0 0 0
C@CP 2959 0.0264617194 0.217948366 0.203421351 0 0 0
C@CP 2960 0.358230326 -0.0136266472 0.229120741 0 0 0
C@CP 2961 -0.265628492 0.180455898 -0.118948967 0 0 0
C@CP 2962 0.333002381 0.069196219 -0.0837256624 0 0 0
C@CP 2963 0.340773223 -0.0290016597 -0.271155026 0 0 0
C@CP 2964 -0.32968717 0.287001004 0.0492886552 0 0 0
C@CP 2965 -0.0756965052 -0.156035275 -0.316112676 0 0 0
C@CP 2966 -0.31946629 -0.0432565492 -0.181944919 0 0 0
C@CP 2967 -0.123286141 0.164286979 0.276720059 0 0 0
C@CP 2968 -0.0297515348 -0.128788466 0.246823563 0 0 0
C@CP 2969 0.336668983 -0.111363975 0.239830614 0 0 0
C@CP 2970 0.301076379 -0.257682666 0.186074414 0 0 0
C@CP 2971 0.033627085 0.37424874 -0.14889639 0 0 0
C@CP 2972 -0.279724366 -0.0350091174 -0.234543916 0 0 0
C@CP 2973 -0.175942955 0.159568361 -0.391793276 0 0 0
C@CP 2974 -0.394443649 -0.107998523 0.0973423152 0 0 0
C@CP 2975 0.342913173 -0.254234996 -0.0365012498 0 0 0
C@CP 2976 -0.447351746 -0.0271027455 0.0407276832 0 0 0
C@CP 2977 0.432690224 0.0996347059 -0.133897627 0 0 0
C@CP 2978 0.204760789 0.0952452047 0.137994382 0 0 0
C@CP 2979 -0.210817805 -0.121374154 0.348345117 0 0 0
C@CP 2980 -0.266313249 0.341865967 -0.0166266149 0 0 0
C@CP 2981 -0.197703264 -0.0981233739 0.0578862148 0 0 0
C@CP 2982 0.138266155 0.23002112 0.297592902 0 0 0
C@CP 2983 -0.164335863 -0.180754406 0.367141815 0 0 0
C@CP 2984 -0.159671547 0.0311785903 -0.0912559822 0 0 0
C@CP 2985 0.243802861 0.248434627 -0.185470189 0 0 0
C@CP 2986 -0.228707178 0.117884317 0.399030079 0 0 0
C@CP 2987 0.287136076 0.159556668 -0.303406256 0 0 0
C@CP 2988 0.234446291 -0.324853494 -0.0743354228 0 0 0
C@CP 2989 0.221752952 -0.123272403 -0.300262539 0 0 0
C@CP 2990 0.021423776 -0.00194591219 -0.0787635961 0 0 0
C@CP 2991 -0.0927367109 -0.0188554825 -0.0551494854 0 0 0
C@CP 2992 -0.227147553 -0.119287212 -0.275131037 0 0 0
C@CP 2993 -0.432047392 -0.0601991994 -0.0207828321 0 0 0
C@CP 2994 -0.0642335216 0.207053722 -0.0611834292 0 0 0
C@CP 2995 0.256515217 0.0335543304 0.0834780696 0 0 0
C@CP 2996 -0.275477054 -0.26741896 0.0915210781 0 0 0
C@CP 2997 -0.22849895 -0.367334529 -0.102325833 0 0 0
C@CP 2998 0.221867703 0.00678389173 -0.0139246509 0 0 0
C@CP 2999 0.0975489497 -0.428255611 -0.028092688 0 0 0
C@CP 3000 -0.183476707 -0.190554147 0.256667931 0 0 0
C@CP 3001 0.0404988257 0.404293605 0.000681191588 0 0 0
C@CP 3002 -0.340440042 -0.296162479 -0.0606643073 0 0 0
C@CP 3003 0.157162242 0.0475215613 0.27817168 0 0 0
C@CP 3004 0.322231424 -0.0127173898 -0.0416723364 0 0 0
C@CP 3005 -0.0578515768 -0.299069105 -0.324102284 0 0 0
C@CP 3006 -0.013074744 0.0596170147 0.371568109 0 0 0
C@CP 3007 0.401153598 0.0522672844 -0.248613101 0 0 0
C@CP 3008 0.339764412 -0.204278646 -0.0684745305 0 0 0
C@CP 3009 -0.00633481201 0.250451264 -0.366425106 0 0 0
C@CP 3010 -0.0585821874 0.391307472 -0.128260686 0 0 0
C@CP 3011 0.0407193472 -0.280463198 -0.135594498 0 0 0
C@CP 3012 -0.181103238 0.363077669 0.070767051 0 0 0
C@CP 3013 -0.0265985629 -0.203976481 0.351271945 0 0 0
C@CP 3014 0.424286002 0.0098024564 0.186582575 0 0 0
C@CP 3015 -0.00798228647 0.38743857 -0.0190849166 0 0 0
C@CP 3016 -0.277580847 0.172884953 0.127141581 0 0 0
C@CP 3017 -0.272746418 0.0395520311 -0.223893604 0 0 0
C@CP 3018 0.412930644 -0.158147531 0.0042612477 0 0 0
C@CP 3019 0.0958644046 0.2248952 0.356301929 0 0 0
C@CP 3020 -0.264518734 0.172097312 0.0108183254 0 0 0
C@CP 3021 -0.00318912386 -0.244375168 0.410621333 0 0 0
C@CP 3022 -0.22537302 -0.0802806408 0.153948813 0 0 0
C@CP 3023 -0.00609288902 -0.0724800955 0.351043148 0 0 0
C@CP 3024 0.139093675 0.29121612 0.291573172 0 0 0
C@CP 3025 0.258296406 0.224985393 0.0474035755 0 0 0
C@CP 3026 -0.177558632 0.0609526179 -0.152227638 0 0 0
C@CP 3027 -0.239234104 -0.102105005 -0.176232607 0 0 0
C@CP 3028 -0.20204273 -0.00639472703 0.173020177 0 0 0
C@CP 3029 0.236406352 -0.256775852 -0.0997985196 0 0 0
C@CP 3030 -0.153877906 -0.188390638 -0.222434443 0 0 0
C@CP 3031 -0.0461170542 0.110486395 -0.182567626 0 0 0
C@CP 3032 -0.36852484 0.0612469712 -0.136559847 0 0 0
C@CP 3033 0.27923199 0.183836067 -0.182682982 0 0 0
C@CP 3034 -0.393468971 0.140417949 0.0354686033 0 0 0
C@CP 3035 0.0515637251 -0.295457231 0.153481584 0 0 0
C@CP 3036 -0.205046588 0.172136694 0.017610636 0 0 0
C@CP 3037 -0.154764509 -0.0228975898 -0.337796835 0 0 0
C@CP 3038 0.213447137 -0.0662975408 -0.167204103 0 0 0
C@CP 3039 -0.1795423 0.356297985 -0.0973176313 0 0 0
C@CP 3040 -0.110672009 -0.138565955 -0.25102148 0 0 0
C@CP 3041 0.356048781 0.0266737517 -0.022759002 0 0 0
C@CP 3042 0.115303508 -0.035576268 0.373077058 0 0 0
C@CP 3043 0.273962426 -0.196571315 -0.106630835 0 0 0
C@CP 3044 -0.11135475 -0.00473173841 -0.442197345 0 0 0
C@CP 3045 0.29608281 0.110411476 -0.299284418 0 0 0
C@CP 3046 -0.00556916317 -0.0376980736 0.361475527 0 0 0
C@CP 3047 -0.203808382 0.0762635992 0.0519083728 0 0 0
C@CP 3048 0.150050026 0.155538287 0.235879653 0 0 0
C@CP 3049 0.111302492 0.114309518 -0.00437076698 0 0 0
C@CP 3050 -0.00529907902 -0.225654311 0.25593565 0 0 0
C@CP 3051 0.175140948 0.0761266642 0.141440689 0 0 0
C@CP 3052 -0.0283381055 -0.0332669981 0.28297198 0 0 0
C@CP 3053 0.0852432945 -0.217470151 -0.376231989 0 0 0
C@CP 3054 -0.336781861 0.270603593 -0.167800032 0 0 0
C@CP 3055 -0.339006824 0.153679187 -0.105531398 0 0 0
C@CP 3056 0.116447107 0.190537465 0.37279153 0 0 0
C@CP 3057 -0.235194028 -0.142462261 -0.0949976586 0 0 0
C@CP 3058 -0.0738917465 0.181383247 -0.297485133 0 0 0
C@CP 3059 0.285268585 0.0985599307 -0.240500374 0 0 0
C@CP 3060 8.79216371e-05 -0.153797538 -0.162567795 0 0 0
C@CP 3061 -0.306844194 0.229115235 -0.20454349 0 0 0
C@CP 3062 -0.303473183 0.235171847 -0.24101463 0 0 0
C@CP 3063 -0.117847414 -0.149629845 0.00951684993 0 0 0
C@CP 3064 0.316993523 0.0842902491 0.0246683568 0 0 0
C@CP 3065 -0.335984583 0.171792483 -0.107043967 0 0 0
C@CP 3066 -0.150999643 -0.225686127 -0.0672623474 0 0 0
C@CP 3067 0.276030138 0.128002897 0.166918811 0 0 0
C@CP 3068 -0.107494906 -0.327725759 0.122182218 0 0 0
C@CP 3069 -0.244666049 0.132560566 -0.274529606 0 0 0
C@CP 3070 0.280342719 0.181673296 0.117260221 0 0 0
C@CP 3071 0.212089634 0.112794325 -0.0500808991 0 0 0
C@CP 3072 -0.433050393 0.14480971 -0.0947418875 0 0 0
C@CP 3073 0.189474822 -0.217660706 0.0331986705 0 0 0
C@CP 3074 -0.199201647 0.407042499 0.0750876 0 0 0
C@CP 3075 0.0999238226 0.35424215 -0.0696571481 0 0 0
C@CP 3076 -0.310833505 0.218453561 0.0920298657 0 0 0
C@CP 3077 -0.161065497 0.304559073 -0.0559214288 0 0 0
C@CP 3079 -0.202935732 -0.19242424 0.244320038 0 0 0
C@CP 3080 -0.139412631 0.162864895 0.003521407 0 0 0
C@CP 3081 0.100873216 -0.0181965668 -0.0549171156 0 0 0
C@CP 3082 -0.447246929 -0.089378048 -0.0774148811 0 0 0
C@CP 3083 -0.0996041585 0.00846180848 0.391168803 0 0 0
C@CP 3084 0.0529245967 -0.217100791 -0.00267334407 0 0 0
C@CP 3085 0.35045669 0.0788121064 -0.207822023 0 0 0
C@CP 3086 0.17457143 -0.366948465 -0.140860087 0 0 0
C@CP 3087 -0.0676747786 0.14260758 -0.142855447 0 0 0
C@CP 3088 -0.147527412 -0.0318059424 -0.367824959 0 0 0
C@CP 3089 0.112067257 -0.102882731 0.440973729 0 0 0
C@CP 3090 0.238086651 -0.394649982 -0.00317137919 0 0 0
C@CP 3091 0.0575806096 -0.0421224172 0.45284882 0 0 0
C@CP 3092 -0.292350065 0.177848311 0.170878314 0 0 0
C@CP 3093 0.295079345 -0.30943052 -0.0460136192 0 0 0
C@CP 3094 0.256048149 0.20560781 -0.271680035 0 0 0
C@CP 3095 -0.20986853 0.339300532 -0.0510451156 0 0 0
C@CP 3096 -0.0436634695 0.199592643 0.417845701 0 0 0
C@CP 3097 -0.210707256 0.1288648 -0.35923403 0 0 0
C@CP 3098 -0.210776117 -0.275429794 -0.147913709 0 0 0
C@CP 3099 -0.179974922 0.409874905 -0.0667129433 0 0 0
C@CP 3100 -0.154666264 -0.151220221 -0.326206891 0 0 0
C@CP 3101 0.153635 -0.141865617 -0.372086896 0 0 0
C@CP 3102 -0.0118093733 -0.267109973 0.0942372545 0 0 0
C@CP 3103 -0.184286026 -0.28520551 -0.180805229 0 0 0
C@CP 3104 0.0467844584 -0.239181861 -0.219549684 0 0 0
C@CP 3105 -0.0441108229 -0.390345335 0.0188223528 0 0 0
C@CP 3106 -0.0886169835 0.266573476 -0.12194348 0 0 0
C@CP 3107 0.297751561 0.208090845 -0.137247272 0 0 0
C@CP 3108 0.221910282 -0.0377164447 -0.339438286 0 0 0
C@CP 3109 -0.220569755 -0.220063828 -0.0447326884 0 0 0
C@CP 3110 0.0872221575 0.121868645 0.145596413 0 0 0
C@CP 3111 0.0119042732 0.118181191 0.174509488 0 0 0
C@CP 3112 0.327088525 -0.0417816755 -0.147693746 0 0 0
C@CP 3113 -0.0309208206 0.349994566 -0.2120572 0 0 0
C@CP 3114 0.339074886 0.15474849 0.272014481 0 0 0
C@CP 3115 -0.0485173319 -0.231024779 -0.363472418 0 0 0
C@CP 3116 -0.219582866 0.360186649 0.023761657 0 0 0
C@CP 3117 -0.148751658 -0.199915192 0.314346522 0 0 0
C@CP 3118 0.196857104 -0.148619946 0.0611028067 0 0 0
C@CP 3119 -0.0793743392 -0.273657636 0.0362252761 0 0 0
C@CP 3120 -0.0112789201 -0.117846044 0.436502652 0 0 0
C@CP 3121 0.243821058 0.399312028 0.0145658595 0 0 0
C@CP 3122 -0.181876806 -0.307776452 -0.246386111 0 0 0
C@CP 3123 -0.134321805 0.218629375 -0.32980425 0 0 0
C@CP 3124 0.244592948 -0.0105053079 0.169306123 0 0 0
C@CP 3125 -0.162650215 -0.269921772 -0.155683327 0 0 0
C@CP 3126 -0.00881599615 -0.282198786 0.26299094 0 0 0
C@CP 3127 -0.0440922799 0.153802278 -0.0978093862 0 0 0
C@CP 3128 0.128603208 0.31824788 -0.264573434 0 0 0
C@CP 3129 -0.408268377 0.0815760307 -0.0171373651 0 0 0
C@CP 3130 0.274964129 -0.209306404 -0.301297149 0 0 0
C@CP 3131 0.297801565 0.0971640104 -0.0859032968 0 0 0
C@CP 3132 -0.0373771838 -0.0252171465 0.19232318 0 0 0
C@CP 3133 0.0166657882 0.0221003965 -0.155880394 0 0 0
C@CP 3134 -0.302497762 -0.222299117 0.196325847 0 0 0
C@CP 3135 -0.311513661 -0.0537316488 -0.0851826431 0 0 0
C@CP 3136 -0.303698949 0.0310963502 0.302211449 0 0 0
C@CP 3137 -0.235164578 0.178605541 0.309712085 0 0 0
C@CP 3138 -0.225616484 -0.0335378414 0.239116283 0 0 0
C@CP 3139 0.176678289 0.262330466 0.102973634 0 0 0
C@CP 3140 0.164482027 -0.228564003 -0.361247038 0 0 0
C@CP 3141 0.0237268023 0.143400419 0.399398012 0 0 0
C@CP 3142 -0.00569297495 -0.427817633 -0.0557051773 0 0 0
C@CP 3143 0.359287441 0.0496789703 0.135905497 0 0 0
C@CP 3144 -0.327086449 -0.176386065 0.0375675509 0 0 0
C@CP 3145 0.315909598 -0.334227677 -0.0288649612 0 0 0
C@CP 3146 -0.0713129915 0.14173961 0.150415667 0 0 0
C@CP 3147 -0.38046378 0.00350507549 0.0932183249 0 0 0
C@CP 3148 0.367342363 0.241002604 -0.0792504534 0 0 0
C@CP 3149 -0.0531581546 0.302862481 -0.351192715 0 0 0
C@CP 3150 -0.313204628 -0.0874736624 0.124350468 0 0 0
C@CP 3151 0.11248349 -0.11917465 0.0687013142 0 0 0
C@CP 3152 -0.0430022515 -0.114903522 0.32625999 0 0 0
C@CP 3153 -0.037981016 -0.385550457 -0.182010687 0 0 0
C@CP 3154 0.278789576 -0.280454138 -0.0206922122 0 0 0
C@CP 3155 -0.156437621 0.0687661325 0.131644542 0 0 0
C@CP 3156 0.378072605 0.203961967 0.0307028715 0 0 0
C@CP 3157 -0.0896517003 0.205080169 -0.291984214 0 0 0
C@CP 3158 -0.385899397 0.120254334 -0.213798268 0 0 0
C@CP 3159 0.257341566 -0.0851310313 0.0214762198 0 0 0
C@CP 3160 -0.0365284957 -0.124191505 0.310120995 0 0 0
C@CP 3161 -0.261828987 0.144310166 -0.133871936 0 0 0
C@CP 3162 0.393444746 0.107860031 0.131509066 0 0 0
C@CP 3163 -0.0589687862 0.181276919 0.00293938994 0 0 0
C@CP 3164 0.0407351155 -0.011933625 -0.13134346 0 0 0
C@CP 3165 -0.248463672 -0.183191866 -0.221171491 0 0 0
C@CP 3166 0.0177649352 -0.238018501 -0.38615416 0 0 0
C@CP 3167 -0.0888921695 -0.293839974 -0.011248656 0 0 0
C@CP 3168 0.275403867 0.373565503 0.0761077248 0 0 0
C@CP 3169 0.169351541 0.0351049058 0.324770919 0 0 0
C@CP 3170 -0.152232272 -0.082053421 -0.14286621 0 0 0
C@CP 3171 -0.184832378 0.0274060324 -0.15416414 0 0 0
C@CP 3172 0.179508175 0.245076127 -0.351091171 0 0 0
C@CP 3173 0.414050944 0.113922857 -0.0686840102 0 0 0
C@CP 3174 -0.0845643931 0.304273833 0.336802061 0 0 0
C@CP 3175 0.073717332 -0.303284267 -0.227501752 0 0 0
C@CP 3176 0.248235178 0.287645156 0.151807516 0 0 0
C@CP 3177 -0.157409163 0.119910018 0.0238631003 0 0 0
C@CP 3178 -0.160685863 0.204209538 -0.0538928321 0 0 0
C@CP 3179 -0.0809340826 -0.214843935 0.333569053 0 0 0
C@CP 3180 -0.389596129 -0.224366992 0.166403981 0 0 0
C@CP 3181 -0.0263132512 -0.233032023 0.366180432 0 0 0
C@CP 3182 0.226921207 -0.13671965 -0.0843867041 0 0 0
C@CP 3183 0.211651643 -0.0656613866 0.32132022 0 0 0
C@CP 3184 0.291994211 0.133292247 0.301697177 0 0 0
C@CP 3185 0.162935269 -0.0119467917 -0.212151408 0 0 0
C@CP 3186 -0.20936462 0.0934726603 -0.00533512416 0 0 0
C@CP 3187 0.129351463 -0.248984316 0.332959882 0 0 0
C@CP 3188 0.144779197 0.152229858 -0.0529475273 0 0 0
C@CP 3189 0.201805369 -0.408759699 -0.037900342 0 0 0
C@CP 3190 0.0101726216 -0.0360867508 0.426277761 0 0 0
C@CP 3191 0.424822265 -0.0981099979 0.0553395592 0 0 0
C@CP 3192 -0.175024022 0.159460918 -0.0858957686 0 0 0
C@CP 3193 0.343133477 0.0898197319 0.165353795 0 0 0
C@CP 3194 0.308385057 -0.231240258 -0.207651145 0 0 0
C@CP 3195 -0.223637543 -0.100512872 0.00638801751 0 0 0
C@CP 3196 -0.133603308 0.0207892307 -0.302437701 0 0 0
C@CP 3197 0.173080908 0.0370968247 0.182537394 0 0 0
C@CP 3198 -0.268159704 -0.381248912 -0.0291219718 0 0 0
C@CP 3199 0.191121983 -0.260705871 0.323962153 0 0 0
C@CP 3200 0.0940313567 0.298832651 -0.329587854 0 0 0
C@CP 3201 -0.348206841 -0.278869513 0.0986205136 0 0 0
C@CP 3203 0.0444356352 -0.0206784738 0.27412998 0 0 0
C@CP 3204 0.181737498 -0.0578927494 0.19759477 0 0 0
C@CP 3205 0.0809158813 0.0468093677 -0.225441567 0 0 0
C@CP 3206 -0.118574988 -0.143714182 0.115859782 0 0 0
C@CP 3207 -0.0581642347 -0.412200387 -0.130235362 0 0 0
C@CP 3208 -0.33248415 -0.0621314372 0.299266003 0 0 0
C@CP 3209 0.206397467 0.329643636 0.207374432 0 0 0
C@CP 3210 -0.010890538 0.181115554 0.321143674 0 0 0
C@CP 3211 -0.266611375 0.0771822045 -0.219018503 0 0 0
C@CP 3212 0.166622267 0.128625714 0.0739108963 0 0 0
C@CP 3213 0.336515092 0.101081279 -0.184783645 0 0 0
C@CP 3214 0.000436556928 0.312958902 -0.112169077 0 0 0
C@CP 3215 -0.231017408 -0.333432465 0.184807422 0 0 0
C@CP 3216 -0.207672954 0.257656102 0.145811652 0 0 0
C@CP 3217 0.0818204525 0.11186726 0.0826760817 0 0 0
C@CP 3218 0.23001358 0.188339171 0.19322404 0 0 0
C@CP 3219 -0.218376758 -0.137336363 -0.135143288 0 0 0
C@CP 3220 -0.347071922 0.0676999618 0.214008356 0 0 0
C@CP 3221 0.0436010335 -0.365717694 0.272549614 0 0 0
C@CP 3222 0.382103878 -0.010832082 -0.115221938 0 0 0
C@CP 3223 0.347845076 -0.287603499 -0.143951542 0 0 0
C@CP 3224 0.154097878 -0.186011743 0.304136003 0 0 0
C@CP 3225 0.138988669 0.0372584238 -0.33422025 0 0 0
C@CP 3226 0.180436214 0.149183427 -0.0202525276 0 0 0
C@CP 3227 0.0384550147 -0.140418715 -0.0642520912 0 0 0
C@CP 3228 -0.0582624524 -0.404579603 0.171415708 0 0 0
C@CP 3229 0.0543591768 0.24147475 0.107424184 0 0 0
C@CP 3230 0.283824069 0.0640024906 -0.0709821837 0 0 0
C@CP 3231 -0.470313495 0.0397080467 -0.0495515141 0 0 0
C@CP 3232 0.0765956207 0.163704293 -0.0706603264 0 0 0
C@CP 3233 -0.107989682 -0.0973560148 0.21675522 0 0 0
C@CP 3234 -0.0736967659 0.095399365 -0.367992864 0 0 0
C@CP 3235 0.0962924142 0.339986558 0.229882728 0 0 0
C@CP 3236 0.414771772 0.0913762891 0.0502872227 0 0 0
C@CP 3237 0.39982666 0.224450342 0.0531923255 0 0 0
C@CP 3238 -0.0583367948 -0.0539982913 0.273225222 0 0 0
C@CP 3239 -0.323673672 -0.222643122 -0.0482333281 0 0 0
C@CP 3240 0.127493562 -0.226833508 -0.069335106 0 0 0
C@CP 3241 0.00144125898 0.1964316 0.421562156 0 0 0
C@CP 3242 0.179986319 0.0423654915 0.160665729 0 0 0
C@CP 3243 -0.0156613388 -0.425049987 -0.101532972 0 0 0
C@CP 3244 0.412834935 0.0993416746 -0.0905179512 0 0 0
C@CP 3245 0.379173687 0.223753763 0.0480457308 0 0 0
C@CP 3246 0.0760618344 -0.426331258 0.00366756028 0 0 0
C@CP 3247 -0.0979862031 0.291913869 0.225899907 0 0 0
C@CP 3248 -0.353645064 -0.201822264 -0.025320502 0 0 0
C@CP 3249 0.173543084 -0.194986051 0.1660706 0 0 0
C@CP 3250 0.200203156 -0.403654881 0.0212098318 0 0 0
C@CP 3251 0.0501623072 0.130158898 -0.0406606816 0 0 0
C@CP 3252 0.291430594 0.311118475 -0.0914989743 0 0 0
C@CP 3253 0.0266252281 0.297379287 -0.290185262 0 0 0
C@CP 3254 0.117706111 0.224357288 -0.0967143862 0 0 0
C@CP 3255 -0.327009196 -0.0380161214 0.192817556 0 0 0
C@CP 3256 0.167705574 0.0798447499 -0.297166437 0 0 0
C@CP 3257 0.120541957 -0.178605916 0.195848394 0 0 0
C@CP 3258 -0.281436532 -0.199411884 -0.126594857 0 0 0
C@CP 3259 -0.186927981 0.383515541 0.219417892 0 0 0
C@CP 3260 -0.0260253829 0.265334593 0.199695614 0 0 0
C@CP 3261 -0.0892423388 -0.288649397 -0.211326275 0 0 0
C@CP 3262 0.25312662 -0.0692962248 0.380786506 0 0 0
C@CP 3263 0.279161963 -0.0555779306 0.140312312 0 0 0
C@CP 3264 0.111886946 0.142258489 -0.416184702 0 0 0
C@CP 3265 -0.179859209 0.273479521 0.116113595 0 0 0
C@CP 3266 0.181292044 -0.141338616 0.11944318 0 0 0
C@CP 3267 -0.241608628 0.323040682 -0.215873865 0 0 0
C@CP 3268 -0.298363047 -0.00707755762 0.0933883497 0 0 0
C@CP 3269 -0.259652269 -0.303455694 -0.0195581827 0 0 0
C@CP 3270 -0.304281092 0.184357361 0.189708822 0 0 0
C@CP 3271 -0.240741015 -0.0595102681 0.25654488 0 0 0
C@CP 3272 -0.124839264 0.391753602 0.195157026 0 0 0
C@CP 3273 0.229534157 -0.0549615122 -0.29427582 0 0 0
C@CP 3274 0.347670452 -0.167349404 0.259772021 0 0 0
C@CP 3275 -0.159535455 -0.19016234 0.136249745 0 0 0
C@CP 3277 0.237586228 0.265875852 -0.127794962 0 0 0
C@CP 3278 -0.055507455 -0.0728556809 -0.366860363 0 0 0
C@CP 3279 -0.0174677862 -0.158360929 0.196220059 0 0 0
C@CP 3280 -0.112600807 0.303959371 -0.110648236 0 0 0
C@CP 3281 0.102378911 -0.173751866 -0.185328126 0 0 0
C@CP 3282 0.18042421 -0.358330337 0.181967883 0 0 0
C@CP 3283 -0.0915166937 0.0372784957 0.303134545 0 0 0
C@CP 3284 0.0603403677 0.247509432 -0.169744042 0 0 0
C@CP 3285 -0.0645944833 -0.0252359501 0.200915118 0 0 0
C@CP 3286 0.204643906 -0.0881550962 0.347241009 0 0 0
C@CP 3287 0.0704881535 -0.120515059 -0.431817192 0 0 0
C@CP 3288 -0.338395433 -0.170612894 -0.272544287 0 0 0
C@CP 3289 0.225819524 -0.168942547 -0.149951331 0 0 0
C@CP 3290 0.199251635 0.287767188 0.0313267798 0 0 0
C@CP 3291 0.27259043 -0.379243179 -0.0664612502 0 0 0
C@CP 3292 -0.0604955533 -0.182778979 0.190426794 0 0 0
C@CP 3293 -0.0916792856 -0.278380103 0.178368459 0 0 0
C@CP 3295 0.0224443483 -0.00995039467 0.0476214315 0 0 0
C@CP 3296 0.196382247 -0.185844307 0.0212927947 0 0 0
C@CP 3297 0.223225589 0.0580742909 -0.15246448 0 0 0
C@CP 3298 0.0483887019 0.108004333 -0.0516157625 0 0 0
C@CP 3299 0.171635857 -0.177383333 0.26774315 0 0 0
C@CP 3300 -0.111815774 0.299828114 0.023437678 0 0 0
C@CP 3301 0.0186401905 0.0824070878 -0.162060815 0 0 0
C@CP 3302 0.0610346083 -0.2779291 0.284067161 0 0 0
C@CP 3303 -0.425896601 0.0037158826 -0.133868689 0 0 0
C@CP 3304 0.300581296 -0.301662894 -0.139404611 0 0 0
C@CP 3305 0.159534368 -0.0314529601 0.00493145668 0 0 0
C@CP 3306 0.398616926 0.0501278617 0.0332529319 0 0 0
C@CP 3307 0.295791339 -0.16510779 0.0325325539 0 0 0
C@CP 3308 -0.122588092 -0.419610385 0.101498836 0 0 0
C@CP 3309 -0.14459391 0.0527234159 -0.410243622 0 0 0
C@CP 3310 -0.184898689 -0.240666574 0.217895093 0 0 0
C@CP 3311 -0.259933482 0.0430993401 0.121403058 0 0 0
C@CP 3312 0.248913564 -0.254001993 -0.0362183804 0 0 0
C@CP 3313 0.233981154 -0.0521096918 -0.0730018884 0 0 0
C@CP 3314 -0.0631457969 0.398844843 -0.0863562744 0 0 0
C@CP 3315 -0.00477147219 -0.240823227 -0.0305059402 0 0 0
C@CP 3316 0.0948717939 0.211159311 -0.0448731546 0 0 0
C@CP 3317 -0.16669799 -0.324061953 0.11463684 0 0 0
C@CP 3318 0.0125846407 -0.145318354 0.0625571518 0 0 0
C@CP 3319 0.139190441 -0.284606599 0.108471659 0 0 0
C@CP 3320 0.0585149831 -0.295027651 -0.155799153 0 0 0
C@CP 3321 0.414824552 0.00305211774 -0.183731992 0 0 0
C@CP 3322 -0.248284572 0.386107908 0.0885643067 0 0 0
C@CP 3323 -0.120025938 -0.034596039 0.0967657957 0 0 0
C@CP 3324 0.0604291434 -0.0596046372 0.0205904724 0 0 0
C@CP 3325 0.0169443257 0.317540908 0.340675472 0 0 0
C@CP 3326 -0.318457348 -0.301158903 0.0870246975 0 0 0
C@CP 3327 -0.172103566 0.368083212 -0.0227700221 0 0 0
C@CP 3328 0.0548767785 0.157003137 0.071130432 0 0 0
C@CP 3329 -0.18935054 -0.281815426 0.279614964 0 0 0
C@CP 3330 -0.056344713 -0.237915743 0.221215682 0 0 0
C@CP 3331 -0.102505289 -0.00189476298 0.0737996054 0 0 0
C@CP 3332 0.170861045 0.300073172 -0.115346605 0 0 0
C@CP 3333 0.0338512888 -0.11217422 0.0855615359 0 0 0
C@CP 3334 0.130600621 -0.170516857 -0.240313834 0 0 0
C@CP 3335 -0.011839007 0.438534439 -0.0583553359 0 0 0
C@CP 3336 0.0537341628 -0.0406358434 -0.0890858236 0 0 0
C@CP 3337 0.297091289 -0.0566043123 -0.278028134 0 0 0
C@CP 3338 0.11457926 0.311383245 -0.2508653 0 0 0
C@CP 3339 -0.0451398116 -0.172020289 0.402443226 0 0 0
C@CP 3340 0.0610465681 0.0246416618 -0.0633232652 0 0 0
C@CP 3341 -0.12882457 0.300069101 0.318727674 0 0 0
C@CP 3342 0.383749169 -0.00922480122 0.176034741 0 0 0
C@CP 3343 0.360155686 -0.216218387 0.169975681 0 0 0
C@CP 3344 -0.205349642 -0.32811798 0.101302823 0 0 0
C@CP 3345 0.0962717282 -0.281032686 -0.010850936 0 0 0
C@CP 3346 -0.25969468 -0.0322217853 -0.0308986051 0 0 0
C@CP 3347 0.123469715 0.283613065 -0.213678495 0 0 0
C@CP 3348 0.2370025 -0.0527239659 -0.261495352 0 0 0
C@CP 3349 0.404334225 0.0810073752 0.230520007 0 0 0
C@CP 3350 0.062715591 0.131478698 0.337002558 0 0 0
C@CP 3351 0.418162106 0.157154583 -0.0794641271 0 0 0
C@CP 3353 0.144021064 -0.10487235 0.154122188 0 0 0
C@CP 3354 -0.330783649 0.109776244 0.138939716 0 0 0
C@CP 3355 0.32773202 -0.0435700904 0.170142759 0 0 0
C@CP 3356 0.136255721 -0.339220941 -0.00254301919 0 0 0
C@CP 3357 0.370700327 0.102472532 -0.175858839 0 0 0
C@CP 3358 -0.180509211 -0.150980912 -0.117534083 0 0 0
C@CP 3359 -0.241357985 -0.375929099 0.0923924431 0 0 0
C@CP 3360 -0.100520393 -0.352830761 0.216281569 0 0 0
C@CP 3361 -0.153989742 0.114287417 0.19009179 0 0 0
C@CP 3362 -0.123127332 -0.00390800435 0.430376371 0 0 0
C@CP 3363 0.0443325619 0.34699594 -0.196005324 0 0 0
C@CP 3364 0.281903972 -0.0111807427 -0.115678866 0 0 0
C@CP 3365 -0.12096318 -0.283417543 0.320644619 0 0 0
C@CP 3366 -0.282708043 -0.0531345047 -0.207704697 0 0 0
C@CP 3367 -0.383506214 0.0558040629 -0.119270434 0 0 0
C@CP 3368 0.0463576936 0.222205601 0.132618757 0 0 0
C@CP 3369 -0.0781785401 -0.173558225 -0.239934549 0 0 0
C@CP 3370 -0.338750282 -0.0283752692 -0.0447815062 0 0 0
C@CP 3371 0.0450951624 0.298228388 0.343222615 0 0 0
C@CP 3372 0.0368641531 -0.0499158239 0.0481952515 0 0 0
C@CP 3373 -0.0867853067 -0.420024036 0.117529072 0 0 0
C@CP 3374 -0.0798580574 0.0232418453 -0.332548319 0 0 0
C@CP 3375 -0.388136059 -0.0918241376 0.126879998 0 0 0
C@CP 3376 0.0597131778 -0.0802655259 -0.141744391 0 0 0
C@CP 3377 0.188397098 0.122796075 0.247750262 0 0 0
C@CP 3378 -0.230937996 0.162505806 -0.273085885 0 0 0
C@CP 3379 -0.112492312 0.201390502 0.28246305 0 0 0
C@CP 3380 0.231701151 -0.400118849 0.0873408333 0 0 0
C@CP 3381 -0.229814931 -0.0233972091 -0.308738987 0 0 0
C@CP 3382 0.311228906 0.155364897 0.000475223927 0 0 0
C@CP 3383 -0.344521486 -0.218745536 -0.0887956623 0 0 0
C@CP 3384 0.236538991 -0.0935551506 -0.0687048857 0 0 0
C@CP 3385 -0.218436257 -0.184848803 -0.256930447 0 0 0
C@CP 3386 -0.147355587 -0.0419100923 -0.353108137 0 0 0
C@CP 3387 -0.423368737 -0.133721366 0.0584809045 0 0 0
C@CP 3388 -0.0667435973 0.261908294 0.178896939 0 0 0
C@CP 3389 -0.142099793 -0.288652003 -0.279599419 0 0 0
C@CP 3390 -0.204480146 -0.0282016432 0.124863194 0 0 0
C@CP 3391 0.112915927 -0.283755527 -0.0705642795 0 0 0
C@CP 3392 -0.311747201 -0.20089007 -0.048387625 0 0 0
C@CP 3393 -0.195426607 0.34432977 0.23252487 0 0 0
C@CP 3394 -0.0397206893 0.138804849 0.417205947 0 0 0
C@CP 3395 0.143265939 -0.286828057 -0.147990798 0 0 0
C@CP 3396 0.0396116564 0.00817025454 0.174611323 0 0 0
C@CP 3397 -0.0523595521 -0.151382792 -0.191546944 0 0 0
C@CP 3398 -0.046309212 0.21395132 0.179694432 0 0 0
C@CP 3399 0.00707760122 0.292641095 -0.26957034 0 0 0
C@CP 3400 -0.171195117 0.0351182528 -0.201577639 0 0 0
C@CP 3401 0.111731225 -0.0355326775 0.148501407 0 0 0
C@CP 3402 -0.101592775 0.126732647 0.214474912 0 0 0
C@CP 3403 0.0815152339 0.341704629 -0.170522462 0 0 0
C@CP 3404 -0.303934216 0.160770471 -0.060128352 0 0 0
C@CP 3405 0.0833539113 0.208217974 -0.368708112 0 0 0
C@CP 3406 0.290749038 0.0198959099 0.105783679 0 0 0
C@CP 3407 -0.198157289 -0.252789501 0.0164294238 0 0 0
C@CP 3408 -0.112151187 0.247354321 0.262072496 0 0 0
C@CP 3409 -0.199137734 0.0233416078 -0.0334694839 0 0 0
C@CP 3410 0.0865388962 -0.363266343 -0.120169306 0 0 0
C@CP 3411 -0.179975287 -0.348416246 0.190681444 0 0 0
C@CP 3412 -0.338875508 0.0378405013 -0.290283871 0 0 0
C@CP 3413 0.153256948 0.0706496181 0.144489066 0 0 0
C@CP 3414 -0.12419942 0.0189684448 0.151297044 0 0 0
C@CP 3415 -0.000727132847 0.2311771 0.423874014 0 0 0
C@CP 3416 0.124303964 0.158529994 -0.297374141 0 0 0
C@CP 3417 0.339782138 0.110429133 -0.294380167 0 0 0
C@CP 3418 -0.209587389 -0.0264654054 -0.277969294 0 0 0
C@CP 3419 -0.249540547 0.3661805 0.00688530074 0 0 0
C@CP 3420 0.0665762907 0.0979156045 -0.0607704526 0 0 0
C@CP 3421 -0.249404983 0.280286899 0.140151054 0 0 0
C@CP 3422 0.220414383 -0.379322028 0.0576543826 0 0 0
C@CP 3423 0.243285664 0.208308106 0.287003443 0 0 0
C@CP 3424 0.358733564 0.0710375277 -0.060038343 0 0 0
C@CP 3425 0.110618857 -0.122538637 -0.190519724 0 0 0
C@CP 3426 0.372889652 0.0537651378 -0.132740179 0 0 0
C@CP 3427 -0.384460347 -0.258307485 0.0883690144 0 0 0
C@CP 3428 0.00418999574 -0.225327348 -0.198202853 0 0 0
C@CP 3429 -0.0879081865 0.178882554 -0.262318607 0 0 0
C@CP 3430 -0.0114482812 0.346447616 -0.178231708 0 0 0
C@CP 3431 -0.271301445 -0.218342949 -0.0624999475 0 0 0
C@CP 3432 0.268480333 -0.0380123337 0.121162353 0 0 0
C@CP 3433 0.143674242 -0.108858922 -0.305272828 0 0 0
C@CP 3434 -0.240008051 -0.102061618 0.350001092 0 0 0
C@CP 3435 0.129966301 -0.0703005787 -0.181968013 0 0 0
C@CP 3436 0.222545548 -0.193402762 0.16979954 0 0 0
C@CP 3437 -0.221470889 0.409268548 -0.00555762559 0 0 0
C@CP 3438 -0.342473681 0.199112973 0.146638926 0 0 0
C@CP 3439 0.0515605961 -0.0623649649 -0.429071919 0 0 0
C@CP 3440 -0.105200436 -0.266208601 0.265104613 0 0 0
C@CP 3441 -0.429981022 -0.0616398533 -0.059754396 0 0 0
C@CP 3442 -0.162706074 0.137904757 -0.0299195886 0 0 0
C@CP 3443 -0.026126199 0.437074772 0.0212536718 0 0 0
C@CP 3444 0.153782097 -0.207745222 0.0774159171 0 0 0
C@CP 3445 -0.289591451 0.216820973 -0.0977900337 0 0 0
C@CP 3446 -0.0855212044 0.051219396 0.096740694 0 0 0
C@CP 3447 0.0110396995 0.236071391 0.271832233 0 0 0
C@CP 3448 0.186297349 -0.289354151 -0.226751934 0 0 0
C@CP 3449 -0.113518282 -0.00498310559 -0.00202190664 0 0 0
C@CP 3450 0.128261924 -0.0579739473 0.122847741 0 0 0
C@CP 3451 0.100984025 0.311242042 -0.111178141 0 0 0
C@CP 3452 0.22072108 -0.188793251 -0.343454751 0 0 0
C@CP 3454 0.245262055 -0.178547063 0.0844278361 0 0 0
C@CP 3455 0.109526215 -0.430213904 -0.0799778096 0 0 0
C@CP 3456 0.325219092 -0.196630053 0.0970687889 0 0 0
C@CP 3457 -0.0377599492 0.166525097 0.291899491 0 0 0
C@CP 3458 -0.0513212708 -0.135938572 0.220141339 0 0 0
C@CP 3459 -0.0717806535 0.25381172 0.302910707 0 0 0
C@CP 3460 0.289708815 0.128249272 -0.148938612 0 0 0
C@CP 3461 0.0659265819 -0.268425372 -0.098111526 0 0 0
C@CP 3462 0.0805937382 -0.278007123 0.0827939718 0 0 0
C@CP 3463 0.300614144 -0.128764994 -0.177303675 0 0 0
C@CP 3464 -0.185796416 -0.084840379 -0.199998408 0 0 0
C@CP 3465 -0.317003119 0.222911841 -0.155262539 0 0 0
C@CP 3466 0.124028347 0.147357624 0.403357092 0 0 0
C@CP 3467 0.274003304 0.0650095777 -0.25753521 0 0 0
C@CP 3468 0.349583579 -0.0950216017 -0.0756849608 0 0 0
C@CP 3469 0.0692866133 -0.12466808 0.302785676 0 0 0
C@CP 3470 -0.142057481 -0.0109310758 -0.434428577 0 0 0
C@CP 3471 -0.373578398 -0.0159723183 0.203539533 0 0 0
C@CP 3472 -0.0195045368 0.346894832 -0.049005776 0 0 0
C@CP 3473 0.108825525 -0.149182862 0.100496638 0 0 0
C@CP 3474 0.0573383651 -0.17750388 -0.0714543362 0 0 0
C@CP 3475 0.0360431631 -0.292535273 0.280144045 0 0 0
C@CP 3476 0.108828363 0.139619526 -0.229790474 0 0 0
C@CP 3477 -0.182181918 -0.122267496 0.109944885 0 0 0
C@CP 3478 0.38731827 -0.257362227 0.0113348632 0 0 0
C@CP 3479 0.120198418 -0.267434192 0.270087694 0 0 0
C@CP 3480 0.122590363 -0.198981327 0.339810537 0 0 0
C@CP 3481 -0.274735303 -0.137664405 -0.295532121 0 0 0
C@CP 3482 0.354253121 0.0548137289 -0.260830994 0 0 0
C@CP 3483 -0.181908608 -0.0314348523 -0.388376983 0 0 0
C@CP 3484 -0.222028613 -0.0936675836 -0.191278206 0 0 0
C@CP 3485 0.338637792 -0.240447228 -0.0740818427 0 0 0
C@CP 3486 -0.103176028 -0.224819357 0.0539522345 0 0 0
C@CP 3487 0.0164182066 0.384935847 0.0220308372 0 0 0
C@CP 3488 -0.361221047 0.095869161 -0.205774299 0 0 0
C@CP 3489 -0.0257253895 -0.0893466805 -0.235806339 0 0 0
C@CP 3490 -0.25437291 -0.23059988 0.308744833 0 0 0
C@CP 3491 -0.145508316 0.239822482 0.3540744 0 0 0
C@CP 3492 -0.0399870318 0.151055032 -0.256848558 0 0 0
C@CP 3493 -0.131390012 0.130891508 -0.098412401 0 0 0
C@CP 3494 0.23291119 -0.263979713 0.189802103 0 0 0
C@CP 3495 0.0322191738 -0.43934926 0.101558635 0 0 0
C@CP 3496 -0.228515619 0.247265164 -0.273904839 0 0 0
C@CP 3497 -0.00130851564 -0.000138575574 -0.0922876338 0 0 0
B@CP 3499 0.104560873 -0.0742785183 0.441461575 0 0 0
C@CP 3500 -0.350994496 0.0859473966 -0.129571037 0 0 0
C@CP 3501 -0.359834678 0.253965128 -0.126209475 0 0 0
C@CP 3502 -0.205083151 -0.272145004 -0.147813275 0 0 0
B@CP 3504 0.0910199531 0.0229675451 -0.119599351 0 0 0
C@CP 3505 -0.0721706692 0.276120305 0.368072198 0 0 0
B@CP 3507 -0.4338309 -0.0658625538 -0.024541204 0 0 0
C@CP 3508 0.336281067 -0.0102372692 -0.098932502 0 0 0
B@CP 3510 -0.236491497 -0.135633641 -0.304249328 0 0 0
C@CP 3511 0.375262569 0.134890988 0.16641999 0 0 0
B@CP 3513 -0.137730815 -0.319905515 0.0306863891 0 0 0
C@CP 3514 0.198050541 0.148292153 -0.0616910706 0 0 0
B@CP 3516 -0.204649491 -0.0779347109 -0.111061669 0 0 0
C@CP 3517 0.282867332 0.0368781775 0.185140114 0 0 0
B@CP 3519 0.175601634 0.106543436 0.181253303 0 0 0
C@CP 3520 -0.319861447 0.0628128523 -0.290274463 0 0 0
