B@CP 1004 0.26483787 0.1061364 0.0791087863 0 0 0
B@CP 1005 0.232867172 -0.142644707 -0.238309486 0 0 0
B@CP 1008 -0.0983756676 -0.388554358 0.0676848691 0 0 0
B@CP 1014 0.0736324146 0.0311856266 0.198188716 0 0 0
B@CP 1018 0.245402105 0.0859244915 0.36916227 0 0 0
B@CP 1020 -0.158480633 0.398515456 -0.032878132 0 0 0
B@CP 1025 -0.0644129455 -0.172746729 0.388600015 0 0 0
B@CP 1026 0.185796604 0.114136139 -0.0628897884 0 0 0
B@CP 1032 -0.322512793 -0.199535719 0.208907365 0 0 0
B@CP 1033 -0.405059365 0.0611113091 0.00411873879 0 0 0
B@CP 1034 -0.254735491 -0.00720071278 0.0157350417 0 0 0
B@CP 1036 0.106518626 -0.302031725 0.309637913 0 0 0
B@CP 1040 0.193691018 0.0776501772 0.272761511 0 0 0
B@CP 1041 0.0663893192 0.262781095 -0.319728611 0 0 0
B@CP 1042 -0.0209637863 0.093791923 0.309809152 0 0 0
B@CP 1045 -0.0828775208 -0.0489709296 -0.240008241 0 0 0
B@CP 1046 0.126343965 -0.0773142532 0.407892118 0 0 0
B@CP 1047 0.443523462 -0.0546199085 -0.0426926623 0 0 0
B@CP 1055 0.225014975 0.0535912649 -0.178872159 0 0 0
B@CP 1056 0.400683093 -0.0720389357 -0.238448216 0 0 0
B@CP 1059 -0.102232042 0.0778467577 0.226718849 0 0 0
B@CP 1063 -0.360485961 -0.155089942 -0.182347954 0 0 0
B@CP 1065 -0.190221957 0.282276559 0.20200059 0 0 0
B@CP 1066 0.335167562 -0.316276933 -0.0416045922 0 0 0
B@CP 1068 -0.366991329 -0.18744236 0.0654383675 0 0 0
B@CP 1069 -0.0344080367 0.255535704 -0.0460640615 0 0 0
B@CP 1070 -0.241466014 0.0540838383 -0.374651973 0 0 0
B@CP 1077 0.475184615 0.0421891892 0.0207782921 0 0 0
B@CP 1080 0.0868409016 -0.0170997551 0.115008434 0 0 0
B@CP 1083 -0.153830954 0.155579487 0.00378172486 0 0 0
B@CP 1084 -0.132356501 0.392103976 -0.198832228 0 0 0
B@CP 1085 0.402748212 0.0267849856 0.075150356 0 0 0
B@CP 1089 -0.0918989794 -0.305388888 -0.29625507 0 0 0
B@CP 1091 -0.24905095 -0.173585066 0.0162234248 0 0 0
B@CP 1092 0.0930489318 0.420729426 -0.0366020212 0 0 0
B@CP 1093 0.106354523 0.24693174 0.325424528 0 0 0
B@CP 1094 0.0122791294 -0.39861723 0.228810624 0 0 0
B@CP 1099 -0.192913218 -0.374803133 0.0341144397 0 0 0
B@CP 1100 0.0658310245 0.018716065 0.215286469 0 0 0
B@CP 1104 0.21722333 -0.0472262192 0.0588779314 0 0 0
B@CP 1105 -0.0118253275 0.255938792 -0.395827542 0 0 0
B@CP 1106 -0.0891048657 -0.219168799 0.370723474 0 0 0
B@CP 1107 -0.101190384 -0.127068638 0.289214078 0 0 0
B@CP 1109 0.18094488 -0.21269264 0.00102135442 0 0 0
B@CP 1110 -0.0786392439 -0.166632696 0.23779766 0 0 0
B@CP 1117 -0.293478945 0.223375777 -0.00641489882 0 0 0
B@CP 1118 -0.143975657 0.0240796346 -0.0331031229 0 0 0
B@CP 1121 -0.0535964078 0.00302123776 -0.0460542991 0 0 0
B@CP 1122 -0.435933426 0.108587139 0.0642240016 0 0 0
B@CP 1123 0.104010478 -0.211974902 -0.161473836 0 0 0
B@CP 1125 0.137981072 -0.0419437916 -0.404778956 0 0 0
B@CP 1131 -0.271479177 0.155672291 0.133269702 0 0 0
B@CP 1139 0.207728009 -0.399150753 0.0428955744 0 0 0
B@CP 1143 0.326526557 -0.136008942 -0.13661248 0 0 0
B@CP 1146 -0.0617713742 -0.129392802 -0.184756677 0 0 0
B@CP 1147 -0.12200366 0.14075408 0.0266242716 0 0 0
B@CP 1149 0.0211119768 0.0749803195 -0.357206712 0 0 0
B@CP 1152 -0.0267227943 -0.25419964 0.187244235 0 0 0
B@CP 1154 0.243201344 0.307924453 0.0751632889 0 0 0
B@CP 1155 -0.173434017 -0.134031182 -0.359941863 0 0 0
B@CP 1160 -0.2813149 0.0723140368 -0.096446066 0 0 0
B@CP 1161 0.242366328 -0.127548922 -0.150470579 0 0 0
B@CP 1162 -0.21625219 0.111713021 0.373831996 0 0 0
B@CP 1163 -0.417059386 0.142358124 0.074296566 0 0 0
B@CP 1166 0.40880812 0.103672952 -0.0226864882 0 0 0
B@CP 1167 0.0855110003 0.0798164199 0.0217999765 0 0 0
B@CP 1170 -0.0424140023 0.27740275 0.3035394 0 0 0
B@CP 1171 -0.296078374 0.178624628 -0.229880415 0 0 0
B@CP 1176 0.263229069 0.280180072 0.240974083 0 0 0
B@CP 1179 0.320898487 -0.120289204 -0.186273282 0 0 0
B@CP 1185 -0.366150026 -0.079291843 -0.156573544 0 0 0
B@CP 1186 -0.339796065 -0.0247290546 -0.274504167 0 0 0
B@CP 1187 -0.20729243 0.0301664504 0.175337405 0 0 0
B@CP 1188 -0.289760981 -0.0937902818 0.16029309 0 0 0
B@CP 1189 -0.162703608 -0.175085787 0.210800925 0 0 0
B@CP 1190 -0.239265469 -0.0246461124 -0.20910735 0 0 0
B@CP 1191 -0.125113864 -0.0254186602 -0.345951304 0 0 0
B@CP 1192 -0.214588854 -0.422686438 0.0466695082 0 0 0
B@CP 1196 0.0956885631 -0.375702999 -0.266349901 0 0 0
B@CP 1197 -0.282969712 0.245751501 0.176156004 0 0 0
B@CP 1200 -0.274180912 -0.0038579994 -0.309007325 0 0 0
B@CP 1206 0.13770724 0.0259431813 0.185824803 0 0 0
B@CP 1211 0.0424355003 0.280937013 0.359270245 0 0 0
B@CP 1221 -0.0403770963 0.0822804047 0.127960177 0 0 0
B@CP 1222 -0.085995398 -0.288016815 0.129985683 0 0 0
B@CP 1225 -0.308010051 0.0264654229 0.280063734 0 0 0
B@CP 1226 0.398442069 0.122748754 0.193928286 0 0 0
B@CP 1228 -0.165453198 0.237903842 0.0929162714 0 0 0
B@CP 1229 -0.303955981 -0.251708295 -0.192767118 0 0 0
B@CP 1234 0.165370664 -0.00907208812 -0.25953897 0 0 0
B@CP 1237 -0.0285204519 0.0884650837 -0.107912355 0 0 0
B@CP 1239 -0.317968858 0.225215886 -0.150351388 0 0 0
B@CP 1241 -0.151736942 -0.213462072 0.179631618 0 0 0
B@CP 1242 -0.0306125173 0.0657748121 0.257340633 0 0 0
B@CP 1245 0.153591141 -0.133450262 -0.292415303 0 0 0
B@CP 1248 0.298745177 -0.173188973 -0.0289933589 0 0 0
B@CP 1257 -0.373324752 -0.214792346 -0.0249403905 0 0 0
B@CP 1259 0.0740412956 -0.252617611 -0.224748803 0 0 0
B@CP 1262 0.0667504919 -0.416450703 0.141083938 0 0 0
B@CP 1263 -0.203886952 -0.265002451 0.111197686 0 0 0
B@CP 1264 -0.178263361 0.213488945 -0.135434738 0 0 0
B@CP 1268 0.153434565 0.00650738432 -0.424467041 0 0 0
B@CP 1274 0.00296867177 -0.326463346 -0.215659715 0 0 0
B@CP 1275 0.245013641 -0.247313516 -0.13939358 0 0 0
B@CP 1280 0.293604826 0.144893724 -0.118143008 0 0 0
B@CP 1281 0.22625763 -0.409254618 -0.00572425428 0 0 0
B@CP 1284 -0.182680239 -0.101274903 0.285151933 0 0 0
B@CP 1285 -0.260104752 -0.156921196 -0.104008387 0 0 0
B@CP 1291 -0.195592294 0.395261898 0.0406376394 0 0 0
B@CP 1293 0.0612055125 -0.0100945255 -0.0961066136 0 0 0
B@CP 1299 -0.149283622 0.326727254 -0.240522826 0 0 0
B@CP 1302 -0.0411549405 -0.00612511593 0.00466911537 0 0 0
B@CP 1305 -0.168052412 0.0347809462 0.129259423 0 0 0
B@CP 1306 0.106913406 -0.280270941 0.128510177 0 0 0
B@CP 1312 0.0291004945 0.204048338 -0.333565232 0 0 0
B@CP 1318 -0.259799122 -0.177749278 -0.264898428 0 0 0
B@CP 1320 -0.085564567 -0.229911893 -0.161281824 0 0 0
B@CP 1323 0.291700116 0.173748364 -0.132299728 0 0 0
B@CP 1324 0.145080094 0.0738725904 -0.0887523118 0 0 0
B@CP 1326 -0.146128773 0.0130314002 -0.418698586 0 0 0
B@CP 1330 0.129412057 0.0402232225 -0.245543331 0 0 0
B@CP 1332 0.135044018 0.222024013 0.0100465076 0 0 0
B@CP 1335 -0.358375849 -0.174701116 -0.147965569 0 0 0
B@CP 1342 -0.315002019 -0.0124633792 -0.23695509 0 0 0
B@CP 1343 -0.0589276897 0.183602812 -0.0159219227 0 0 0
B@CP 1345 0.00368649921 0.0630580842 0.250427289 0 0 0
B@CP 1348 -0.395720967 -0.00652101166 0.0781932116 0 0 0
B@CP 1354 0.115621887 -0.0628331509 0.211449776 0 0 0
B@CP 1356 -0.330658269 -0.161099083 -0.0579525939 0 0 0
B@CP 1362 -0.00878736315 -0.15414808 -0.19559998 0 0 0
B@CP 1363 -0.305553563 0.0703702628 -0.152852105 0 0 0
B@CP 1365 -0.00490958121 0.425538801 0.156952741 0 0 0
B@CP 1367 -0.194769683 0.30605979 0.245945527 0 0 0
B@CP 1370 -0.0744380567 -0.217293513 -0.0912595121 0 0 0
B@CP 1371 -0.437405951 -0.00912068028 0.192942498 0 0 0
B@CP 1372 -0.176918994 -0.283118128 -0.0232766648 0 0 0
B@CP 1373 -0.0731853299 0.0786023045 -0.0447961219 0 0 0
B@CP 1375 -0.158282032 -0.408219308 0.149632244 0 0 0
B@CP 1379 0.105782304 -0.303773032 -0.339069445 0 0 0
B@CP 1385 -0.0912099812 0.0864289674 0.00361442907 0 0 0
B@CP 1387 -0.425848964 0.0169365301 -0.0932813339 0 0 0
B@CP 1390 -0.0458738687 0.189483876 -0.0136422782 0 0 0
B@CP 1391 -0.110976833 0.276597628 -0.228654708 0 0 0
B@CP 1393 -0.263687976 0.306062369 -0.132362042 0 0 0
B@CP 1398 0.288284743 -0.0864217004 -0.355426316 0 0 0
B@CP 1406 -0.187376003 0.288738634 -0.103862078 0 0 0
B@CP 1408 0.197148183 -0.212867645 -0.0283161987 0 0 0
B@CP 1410 -0.188583694 -0.363149007 -0.22733457 0 0 0
B@CP 1416 -0.14524959 -0.031494204 0.185209711 0 0 0
B@CP 1417 -0.40805047 -0.191731045 -0.142376119 0 0 0
B@CP 1422 0.191407036 -0.306102419 0.162170915 0 0 0
B@CP 1423 0.0015060606 0.277213152 0.0397740912 0 0 0
B@CP 1424 -0.120509955 0.185358729 -0.0569979695 0 0 0
B@CP 1428 -0.277844015 -0.173745708 0.242519988 0 0 0
B@CP 1429 0.355388067 -0.0840911313 -0.092752378 0 0 0
B@CP 1433 -0.383323234 0.0928592848 -0.178166034 0 0 0
B@CP 1434 0.165452986 -0.0678195716 -0.136456548 0 0 0
B@CP 1436 0.417555695 -0.0553067872 0.211649583 0 0 0
B@CP 1438 -0.221044266 0.35150872 0.138967076 0 0 0
B@CP 1439 0.0357873169 -0.166703408 -0.362071151 0 0 0
B@CP 1446 0.0114751165 0.223770149 -0.295962303 0 0 0
B@CP 1448 0.167255721 -0.063371654 -0.34124077 0 0 0
B@CP 1452 0.0194571399 -0.0488967069 -0.00551875434 0 0 0
B@CP 1453 0.263527516 0.09808371 0.0725972263 0 0 0
B@CP 1454 -0.228806515 0.188445176 -0.168649236 0 0 0
B@CP 1465 0.0956514288 -0.0483347734 -0.0616157497 0 0 0
B@CP 1466 0.216014438 -0.204627498 0.265046942 0 0 0
B@CP 1470 0.25138009 -0.30858632 0.175195977 0 0 0
B@CP 1471 0.127553073 0.372715019 -0.209196923 0 0 0
B@CP 1478 0.412522795 -0.0419291352 0.0630491773 0 0 0
B@CP 1481 0.111274551 0.221241937 -0.116056221 0 0 0
B@CP 1482 0.229526252 0.201428582 0.196773727 0 0 0
B@CP 1483 0.00269548006 -0.275714721 0.321629378 0 0 0
B@CP 1486 -0.224072856 0.206677887 0.145230379 0 0 0
B@CP 1489 -0.387301635 0.141458506 -0.0835487225 0 0 0
B@CP 1490 0.225826908 0.135736606 -0.0181471731 0 0 0
B@CP 1491 -0.419037944 -0.0900805111 -0.0237641153 0 0 0
B@CP 1492 0.311396676 -0.248210173 0.231766184 0 0 0
B@CP 1495 0.0596679771 -0.0421156294 -0.234801019 0 0 0
B@CP 1500 0.431116888 -0.044695009 -0.175471398 0 0 0
B@CP 1504 -0.148370061 0.207189305 -0.168840615 0 0 0
B@CP 1505 0.432125656 0.0289006081 -0.009503469 0 0 0
B@CP 1509 -0.115485394 -0.254039735 -0.244572383 0 0 0
B@CP 1515 -0.453378302 0.100376424 -0.0262918226 0 0 0
B@CP 1519 0.354009188 -0.19097499 0.00321777276 0 0 0
B@CP 1523 0.397954704 0.222015817 -0.0206986112 0 0 0
B@CP 1524 -0.273337476 -0.0536300575 0.113643703 0 0 0
B@CP 1526 0.408650972 -0.140968213 -0.0430773365 0 0 0
B@CP 1527 -0.375860067 -0.0479552792 0.0247347942 0 0 0
B@CP 1530 0.407583028 -0.0579324333 0.0692259205 0 0 0
B@CP 1534 0.111228629 -0.244078342 0.276193805 0 0 0
B@CP 1536 0.328107658 0.13819546 0.231740284 0 0 0
B@CP 1551 -0.261632809 -0.0866271007 0.331180273 0 0 0
B@CP 1552 0.142113313 0.129411455 -0.04646728 0 0 0
B@CP 1555 -0.196740462 -0.333393378 -0.183661066 0 0 0
B@CP 1561 0.0654431925 -0.193668533 0.358752395 0 0 0
B@CP 1567 -0.188214348 0.249421936 0.329591679 0 0 0
B@CP 1569 -0.226649406 -0.279428438 -0.00816314233 0 0 0
B@CP 1572 0.337995686 -0.320216881 0.0321538971 0 0 0
B@CP 1573 -0.316828075 -0.0834604112 -0.176041045 0 0 0
B@CP 1576 -0.229756037 -0.237772812 0.212785015 0 0 0
B@CP 1580 -0.0141985673 0.255438958 -0.212580343 0 0 0
B@CP 1583 0.107476573 0.0570294238 -0.342502399 0 0 0
B@CP 1584 -0.322863629 0.214127683 -0.181475868 0 0 0
B@CP 1586 -0.0242822586 -0.317941362 -0.137885799 0 0 0
B@CP 1588 0.163779458 0.0658943299 -0.329183984 0 0 0
B@CP 1589 -0.134475176 -0.144689372 0.0959068149 0 0 0
B@CP 1596 -0.152717207 0.213823416 -0.319117593 0 0 0
B@CP 1600 -0.107670236 0.315041742 -0.137003311 0 0 0
B@CP 1606 0.163657945 -0.139000237 0.310518212 0 0 0
B@CP 1609 -0.146870138 0.344085172 -0.181541517 0 0 0
B@CP 1611 0.131094304 0.0344728441 0.158965662 0 0 0
B@CP 1613 -0.240787823 -0.0153792214 0.13337293 0 0 0
B@CP 1625 0.0405963839 0.230893067 0.397815112 0 0 0
B@CP 1630 0.0652944012 0.304796117 -0.246511557 0 0 0
B@CP 1637 -0.44105473 -0.11166126 -0.0580659633 0 0 0
B@CP 1638 0.0563530492 -0.105443736 0.452529778 0 0 0
B@CP 1642 0.188005628 -0.303043634 0.0505788151 0 0 0
B@CP 1645 0.0152432902 0.436570419 -0.0636272911 0 0 0
B@CP 1649 0.293122341 -0.131616223 -0.314854161 0 0 0
B@CP 1655 0.19263704 -0.188539824 -0.0155912662 0 0 0
B@CP 1656 0.147149201 -0.0962820773 0.266241385 0 0 0
B@CP 1673 0.0959307999 0.407766079 0.13847121 0 0 0
B@CP 1678 -0.250801177 0.211445702 -0.133052782 0 0 0
B@CP 1679 0.370138904 -0.258349916 0.0744838858 0 0 0
B@CP 1681 -0.272460379 0.259170681 0.241524827 0 0 0
B@CP 1686 0.192919133 0.163803527 0.0051506414 0 0 0
B@CP 1690 0.00339819225 -0.22127643 0.283359296 0 0 0
B@CP 1694 -0.389540372 0.19867169 -0.0753421162 0 0 0
B@CP 1696 0.245584049 0.166624206 0.375850214 0 0 0
B@CP 1697 0.0606516776 -0.188859465 -0.045821873 0 0 0
B@CP 1701 -0.259257228 0.176031104 -0.351518138 0 0 0
B@CP 1703 0.0805177403 -0.0682959926 0.369167307 0 0 0
B@CP 1710 0.24291889 -0.31992943 0.0158399006 0 0 0
B@CP 1719 -0.119303222 0.158689724 -0.410653027 0 0 0
B@CP 1722 0.0655710554 -0.106202237 0.284489988 0 0 0
B@CP 1727 0.000423376477 -0.187627725 -0.233132309 0 0 0
B@CP 1733 -0.0285546264 -0.159037258 0.326875037 0 0 0
B@CP 1735 0.147005982 -0.150970157 -0.202068503 0 0 0
B@CP 1736 0.149329513 -0.212892439 -0.00720465103 0 0 0
B@CP 1739 0.359445304 -0.182055933 0.00624904536 0 0 0
B@CP 1740 0.192967851 0.387059931 0.0285162592 0 0 0
B@CP 1743 0.147825373 0.263534212 0.214542337 0 0 0
B@CP 1745 -0.186619087 -0.330035705 0.10094179 0 0 0
B@CP 1746 0.214164718 0.253083384 0.216031277 0 0 0
B@CP 1747 -0.0889831434 -0.223566299 0.0749576053 0 0 0
B@CP 1748 -0.342280337 0.0405102121 0.145166213 0 0 0
B@CP 1751 -0.0859506268 -0.168157728 -0.0672754088 0 0 0
B@CP 1752 0.11221463 0.133588962 0.111721119 0 0 0
B@CP 1755 -0.348906875 -0.0611617783 0.196771299 0 0 0
B@CP 1763 0.271851322 -0.211663938 -0.101118678 0 0 0
B@CP 1774 -0.0545126253 -0.319923301 -0.266769516 0 0 0
B@CP 1777 -0.061160079 -0.0760136232 -0.08726823 0 0 0
B@CP 1781 -0.225541643 -0.191177559 -0.195838313 0 0 0
B@CP 1789 -0.27351161 -0.237935962 -0.282973071 0 0 0
B@CP 1790 -0.159604796 0.160980986 -0.12708806 0 0 0
B@CP 1793 0.222472949 -0.0810717221 -0.366502371 0 0 0
B@CP 1800 0.259213495 -0.21124315 0.144728395 0 0 0
B@CP 1802 0.0480298559 -0.157564186 0.12877434 0 0 0
B@CP 1803 -0.112203396 0.303560507 0.132400033 0 0 0
B@CP 1804 0.167854816 0.107338611 -0.382916006 0 0 0
B@CP 1807 -0.0468667877 0.355363362 0.136220912 0 0 0
B@CP 1814 0.112637005 -0.0237642463 -0.105691807 0 0 0
B@CP 1815 -0.0141454459 0.151845932 0.143224299 0 0 0
B@CP 1817 -0.283236037 0.0343852047 -0.120780412 0 0 0
B@CP 1819 -0.11108344 0.434049626 -0.0434345067 0 0 0
B@CP 1822 -0.230897208 -0.164530474 0.033873064 0 0 0
B@CP 1823 -0.264593843 -0.0576332133 -0.374750205 0 0 0
B@CP 1826 0.0386507629 -0.218851753 0.267910997 0 0 0
B@CP 1828 -0.290093967 -0.0269473263 0.241648099 0 0 0
B@CP 1835 0.231485337 -0.0742029448 -0.0475774852 0 0 0
B@CP 1836 0.238104634 -0.138974896 0.116172158 0 0 0
B@CP 1838 0.212753552 -0.304818827 0.137655593 0 0 0
B@CP 1840 -0.205050627 0.18969367 -0.32012454 0 0 0
B@CP 1842 -0.38917597 0.0860888341 0.0188373018 0 0 0
B@CP 1844 -0.157650014 -0.222093883 0.098546457 0 0 0
B@CP 1847 0.0252865205 -0.20454053 0.411421933 0 0 0
B@CP 1848 -0.182287589 0.219323333 -0.215876733 0 0 0
B@CP 1851 -0.233468161 0.171411347 -0.0884523787 0 0 0
B@CP 1852 0.111866753 0.21739457 0.190524856 0 0 0
B@CP 1855 0.0199050237 0.426168599 -0.0840667019 0 0 0
B@CP 1856 -0.198881562 0.235842406 -0.310546993 0 0 0
B@CP 1858 0.14306326 0.27923524 -0.0386785802 0 0 0
B@CP 1861 0.389678252 -0.124549406 0.0267969265 0 0 0
B@CP 1862 -0.0232595832 0.170878735 0.304336696 0 0 0
B@CP 1866 0.0384467741 0.0930316769 0.239653665 0 0 0
B@CP 1870 -0.070644817 -0.0359408426 -0.0754062088 0 0 0
B@CP 1872 0.329190602 -0.0177381817 0.131205339 0 0 0
B@CP 1873 -0.135262119 -0.0501880157 -0.035361308 0 0 0
B@CP 1877 -0.215466197 -0.242914372 -0.0131381698 0 0 0
B@CP 1879 0.15941777 0.3541031 -0.194608679 0 0 0
B@CP 1880 0.178223865 -0.100882139 -0.394282147 0 0 0
B@CP 1881 -0.00567042551 0.265978469 0.0121706171 0 0 0
B@CP 1883 -0.169424613 -0.0343548188 -0.388926137 0 0 0
B@CP 1887 0.287436355 0.11912677 0.0740854171 0 0 0
B@CP 1890 0.183895831 0.0806380667 0.0177974454 0 0 0
B@CP 1891 0.0732821011 0.336692603 0.129128379 0 0 0
B@CP 1892 -0.294350657 0.115863591 -0.299470173 0 0 0
B@CP 1893 0.0853699622 0.444251933 -0.0182254145 0 0 0
B@CP 1899 0.415517212 -0.0176408599 0.0609169532 0 0 0
B@CP 1901 0.231679926 0.198024495 0.339088279 0 0 0
B@CP 1903 0.356451184 0.155558415 -0.138583079 0 0 0
B@CP 1906 -0.00997869513 -0.2755587 -0.00689585818 0 0 0
B@CP 1909 -0.162676024 0.0134795419 -0.149605283 0 0 0
B@CP 1910 0.128407869 0.0570794384 -0.0589374543 0 0 0
B@CP 1911 0.134235788 0.155369628 -0.321960348 0 0 0
B@CP 1915 -0.0153541749 0.239394125 0.27536868 0 0 0
B@CP 1917 -0.234789479 -0.0590484244 -0.0786833586 0 0 0
B@CP 1920 0.0265201681 -0.102448615 0.0910373767 0 0 0
B@CP 1921 0.202822869 0.126760844 -0.14376906 0 0 0
B@CP 1922 0.0186025899 -0.0457151081 -0.0637931435 0 0 0
B@CP 1925 -0.271427331 -0.225748099 0.22995603 0 0 0
B@CP 1935 0.311681576 -0.154743982 0.0703157627 0 0 0
B@CP 1937 -0.138299509 0.163496855 -0.0471273493 0 0 0
B@CP 1939 -0.309158229 0.219223127 0.178763294 0 0 0
B@CP 1950 0.0126356283 -0.063384518 -0.284381439 0 0 0
B@CP 1955 -0.361888488 0.114538089 -0.158179499 0 0 0
B@CP 1958 0.182078813 0.096402249 -0.265650851 0 0 0
B@CP 1967 -0.359635769 0.169564272 -0.162129538 0 0 0
B@CP 1970 0.181678319 -0.0965321794 -0.121539491 0 0 0
B@CP 1974 -0.261923783 -0.194487056 -0.212537529 0 0 0
B@CP 1980 -0.266790771 0.114009562 -0.0707852579 0 0 0
B@CP 1993 0.373260237 0.138083172 0.123424802 0 0 0
B@CP 1994 -0.00657379118 0.0837296093 0.138914221 0 0 0
B@CP 1996 0.287664975 0.129307184 0.050013761 0 0 0
B@CP 1999 0.0252408973 0.22653227 -0.266087738 0 0 0
B@CP 2002 -0.0852500064 0.412310625 -0.206184992 0 0 0
B@CP 2005 0.00199872962 -0.317391279 -0.0187328649 0 0 0
B@CP 2013 0.0691677882 0.428423536 0.0876870664 0 0 0
B@CP 2019 -0.140295847 -0.0142211688 0.196208845 0 0 0
B@CP 2021 0.0551555691 0.0576869327 -0.450188656 0 0 0
B@CP 2022 -0.332219055 -0.161137206 -0.0374674737 0 0 0
B@CP 2024 0.124929686 -0.410199187 -0.0333202315 0 0 0
B@CP 2025 -0.119857485 0.30269634 0.251255055 0 0 0
B@CP 2026 -0.272089168 -0.0724054829 -0.214117742 0 0 0
B@CP 2028 -0.172527129 0.229263922 -0.305371902 0 0 0
B@CP 2029 -0.210598464 -0.370418608 0.15826537 0 0 0
B@CP 2032 0.268038424 0.359623824 -0.0597061463 0 0 0
B@CP 2033 0.0664964975 0.307348794 -0.235435801 0 0 0
B@CP 2034 0.0328898978 -0.363872532 -0.224047044 0 0 0
B@CP 2036 -0.188840028 0.0460754619 -0.268117629 0 0 0
B@CP 2037 -0.0879394968 -0.00716844973 -0.3104935 0 0 0
B@CP 2040 -0.293484251 -0.218059506 0.0658705881 0 0 0
B@CP 2042 -0.165639424 0.366642168 -0.175411708 0 0 0
B@CP 2043 0.290493596 0.215350872 -0.249812402 0 0 0
B@CP 2048 -0.0261029856 0.0804016685 0.0870715808 0 0 0
B@CP 2050 -0.0686797226 -0.272396006 -0.273158081 0 0 0
B@CP 2053 0.35005756 0.0230143132 -0.308772824 0 0 0
B@CP 2057 0.0442817231 -0.359706275 -0.0268162484 0 0 0
B@CP 2059 0.17470771 -0.048726418 3.81168198e-05 0 0 0
B@CP 2060 -0.166079086 -0.315567716 -0.279899623 0 0 0
B@CP 2068 0.0802778568 -0.423424955 0.126812881 0 0 0
B@CP 2076 -0.183500484 0.0692996624 0.26343559 0 0 0
B@CP 2077 -0.13391273 0.122016153 -0.0183304665 0 0 0
B@CP 2078 -0.19720131 0.0484257113 0.0103868891 0 0 0
B@CP 2079 -0.320846575 0.0904196745 0.16242918 0 0 0
B@CP 2081 0.127033708 -0.107428726 0.242411143 0 0 0
B@CP 2082 -0.0192493243 -0.2774127 0.222306364 0 0 0
B@CP 2083 0.0784040401 -0.050716845 0.394334951 0 0 0
B@CP 2086 -0.109046658 -0.068884218 0.253237831 0 0 0
B@CP 2087 0.180287365 -0.287433802 0.314555352 0 0 0
B@CP 2091 0.322293808 0.00712088425 0.0183083672 0 0 0
B@CP 2095 0.10192794 0.096901014 -0.0965358192 0 0 0
B@CP 2103 -0.150773998 -0.163529902 0.314602361 0 0 0
B@CP 2105 -0.288812982 0.181096762 0.309815179 0 0 0
B@CP 2109 0.109988919 0.20227304 -0.0768566858 0 0 0
B@CP 2110 0.118168224 -0.26103775 -0.290248657 0 0 0
B@CP 2111 0.402520498 -0.115202347 -0.204075131 0 0 0
B@CP 2113 0.25213686 0.254765573 0.0322879824 0 0 0
B@CP 2114 -0.00615726384 0.149502673 0.271147995 0 0 0
B@CP 2115 0.110384167 0.355365897 0.0108493201 0 0 0
B@CP 2117 -0.158762711 -0.0904167806 0.203764111 0 0 0
B@CP 2118 0.138172527 -0.056257052 -0.297818188 0 0 0
B@CP 2119 -0.0314010927 -0.225193995 0.0183509521 0 0 0
B@CP 2125 -0.197599847 0.173012595 -0.244662146 0 0 0
B@CP 2127 0.284546585 -0.0461425405 0.020261092 0 0 0
B@CP 2130 0.337181585 0.113651937 -0.0836935126 0 0 0
B@CP 2131 -0.0194182033 0.174909437 -0.308105802 0 0 0
B@CP 2133 0.135645061 -0.266786647 0.0420724727 0 0 0
B@CP 2134 -0.182714604 0.00908542349 0.294853715 0 0 0
B@CP 2136 -0.05132822 -0.100285023 0.113009171 0 0 0
B@CP 2141 -0.139539998 -0.368809417 0.132553614 0 0 0
B@CP 2144 0.280695433 -0.188681681 -0.115876104 0 0 0
B@CP 2145 0.0519269119 0.217292997 -0.176839088 0 0 0
B@CP 2149 -0.114270543 0.323312063 0.00479410593 0 0 0
B@CP 2154 0.00125663096 -0.356658959 0.182430319 0 0 0
B@CP 2161 0.0991435467 -0.103505389 -0.0171934098 0 0 0
B@CP 2164 0.116004967 0.336726512 -0.124014535 0 0 0
B@CP 2166 -0.0487501022 0.125483353 -0.116830752 0 0 0
B@CP 2168 0.0127906605 0.304219345 0.1872519 0 0 0
B@CP 2169 0.234801131 0.275008412 0.288351506 0 0 0
B@CP 2175 0.369210963 0.0359068138 -0.0618795224 0 0 0
B@CP 2177 -0.0208692966 -0.155353875 0.369616957 0 0 0
B@CP 2182 -0.222331448 0.18014172 -0.361845546 0 0 0
B@CP 2186 -0.162395098 0.21925032 0.00216492429 0 0 0
B@CP 2188 -0.449504398 0.0766130818 0.0776325885 0 0 0
B@CP 2203 0.0456033546 -0.324244151 0.283612901 0 0 0
B@CP 2205 -0.186561702 -0.300255886 -0.00134879424 0 0 0
B@CP 2207 0.0987210951 0.189496819 0.230443238 0 0 0
B@CP 2208 0.273760014 -0.302477676 -0.0355278009 0 0 0
B@CP 2213 -0.416230283 -0.193005828 0.0205927703 0 0 0
B@CP 2215 0.208908448 -0.0296250323 -0.225435504 0 0 0
B@CP 2217 -0.376200588 0.0265865763 0.0902323796 0 0 0
B@CP 2220 -0.1961429 0.0399560955 -0.118708282 0 0 0
B@CP 2221 0.00937644995 -0.105474052 -0.0724132271 0 0 0
B@CP 2222 0.315371917 0.259498449 0.120119686 0 0 0
B@CP 2225 0.190858807 0.42752643 -0.0303623218 0 0 0
B@CP 2226 0.13058263 -0.027557722 -0.407961109 0 0 0
B@CP 2228 0.426368286 -0.140982079 0.0764200132 0 0 0
B@CP 2230 0.219411467 0.191158503 0.0485036286 0 0 0
B@CP 2233 -0.0543098011 -0.132805274 -0.320454283 0 0 0
B@CP 2234 0.138322369 -0.233953259 0.321836249 0 0 0
B@CP 2248 0.193407567 0.116467254 0.00441827309 0 0 0
B@CP 2250 -0.192306307 -0.33316296 -0.0518312659 0 0 0
B@CP 2251 0.0872887221 -0.13276285 0.350194185 0 0 0
B@CP 2252 -0.156396515 -0.0574755992 -0.1299284 0 0 0
B@CP 2254 -0.105899554 0.314535434 0.14780517 0 0 0
B@CP 2255 0.115712913 -0.277616968 -0.296108089 0 0 0
B@CP 2256 -0.0169457693 0.0980550579 -0.283987925 0 0 0
B@CP 2263 0.333917495 -0.0851099935 -0.00898619253 0 0 0
B@CP 2267 0.222682997 0.153441028 0.362827772 0 0 0
B@CP 2271 0.0690508556 -0.120388182 0.00761709581 0 0 0
B@CP 2272 -0.00906424047 -0.342033266 0.11843172 0 0 0
B@CP 2273 0.0900322728 -0.332536414 0.178296878 0 0 0
B@CP 2275 0.115277167 -0.275909881 -0.238230337 0 0 0
B@CP 2279 0.0164847568 0.443777343 0.00272231764 0 0 0
B@CP 2282 -0.088049307 0.332325255 0.194862141 0 0 0
B@CP 2284 0.231805939 0.283206357 0.00338730206 0 0 0
B@CP 2285 -0.0740283957 0.283416286 0.36811289 0 0 0
B@CP 2293 0.245127433 0.204102313 -0.260586799 0 0 0
B@CP 2299 -0.27467673 -0.213554253 0.157880557 0 0 0
B@CP 2300 0.237982159 -0.35782526 -0.0726312706 0 0 0
B@CP 2301 -0.213519867 -0.0252994836 0.271617757 0 0 0
B@CP 2303 0.026620321 -0.178995697 -0.364617824 0 0 0
B@CP 2305 0.303273152 -0.127817788 0.321707086 0 0 0
B@CP 2309 -0.17240871 -0.209713905 -0.225058521 0 0 0
B@CP 2313 0.203680919 0.118457794 0.106831548 0 0 0
B@CP 2315 -0.166388161 0.188877698 0.396602025 0 0 0
B@CP 2320 0.18158651 -0.0191144593 0.16989095 0 0 0
B@CP 2325 -0.19983623 -0.0331163811 0.195426362 0 0 0
B@CP 2329 -0.10260858 0.10055271 -0.072973112 0 0 0
B@CP 2331 -0.34083564 0.190823879 -0.108933586 0 0 0
B@CP 2332 -0.0821495831 -0.393669911 -0.218262317 0 0 0
B@CP 2333 0.128182629 0.409017148 -0.0521613612 0 0 0
B@CP 2335 -0.159833128 -0.0253128145 0.153292606 0 0 0
B@CP 2336 -0.142187501 0.427308813 -0.0703141368 0 0 0
B@CP 2340 -0.191052339 0.38653605 0.00532457865 0 0 0
B@CP 2343 -0.244982217 0.0699123349 -0.294762541 0 0 0
B@CP 2346 0.339908014 -0.240413205 -0.128354393 0 0 0
B@CP 2348 0.153367214 0.375807259 -0.131333114 0 0 0
B@CP 2350 -0.0250812371 -0.320709962 -0.261553634 0 0 0
B@CP 2351 0.208053403 -0.353751713 -0.00760445767 0 0 0
B@CP 2356 0.0937788218 -0.0953339187 -0.364219136 0 0 0
B@CP 2357 -0.0463221865 -0.3183586 -0.0496494095 0 0 0
B@CP 2359 0.0938528969 0.260858807 0.143144698 0 0 0
B@CP 2363 -0.265102707 -0.199424913 -0.212655423 0 0 0
B@CP 2365 0.118557845 -0.144554231 0.269512203 0 0 0
B@CP 2368 -0.0772224042 -0.0200264928 0.365381358 0 0 0
B@CP 2369 -0.12072136 0.034749974 -0.0794446648 0 0 0
B@CP 2370 0.145248869 -0.316625315 -0.182718547 0 0 0
B@CP 2372 0.359622853 -0.134992493 0.139627143 0 0 0
B@CP 2373 -0.0516029604 -0.23087445 0.116519325 0 0 0
B@CP 2376 -0.00259278122 0.198251137 0.174921626 0 0 0
B@CP 2381 0.225197486 0.0321841985 0.401748371 0 0 0
B@CP 2382 -0.0509077367 0.357057771 -0.234912432 0 0 0
B@CP 2383 0.286115341 0.0506992033 -0.00724283323 0 0 0
B@CP 2386 -0.160197021 0.141703012 -0.0501682496 0 0 0
B@CP 2388 0.0280249253 -0.184672011 0.306356211 0 0 0
B@CP 2392 -0.0886958707 0.186156606 0.278432191 0 0 0
B@CP 2395 0.298310214 0.150279779 0.117779451 0 0 0
B@CP 2397 -0.181796465 -0.373347635 0.186856229 0 0 0
B@CP 2400 -0.168475112 -0.219521726 -0.348590226 0 0 0
B@CP 2402 -0.0334310535 0.212631904 -0.131143931 0 0 0
B@CP 2405 0.122079588 0.384551492 0.033566971 0 0 0
B@CP 2411 -0.147439955 0.0157114307 -0.329691169 0 0 0
B@CP 2413 -0.370398934 0.0258320666 0.262944732 0 0 0
B@CP 2416 -0.0240772408 -0.177432892 -0.37727178 0 0 0
B@CP 2421 -0.105194953 0.334973146 -0.118196945 0 0 0
B@CP 2437 -0.305551509 -0.230544811 -0.0818457581 0 0 0
B@CP 2441 0.206016497 -0.284881492 0.233538393 0 0 0
B@CP 2456 0.217690301 -0.369416785 0.043291413 0 0 0
B@CP 2457 -0.0167058851 0.142654917 0.165836966 0 0 0
B@CP 2459 0.195571581 0.0850919349 0.0387755523 0 0 0
B@CP 2460 -0.204284895 0.205311559 0.0287147764 0 0 0
B@CP 2461 -0.121527748 -0.0203989343 0.0775204253 0 0 0
B@CP 2462 0.102255576 0.170358847 -0.187196577 0 0 0
B@CP 2467 -0.0987317247 0.112007816 0.404706137 0 0 0
B@CP 2471 -0.21090407 -0.165902242 -0.14976183 0 0 0
B@CP 2475 0.182793134 -0.164124849 0.118720483 0 0 0
B@CP 2477 -0.149645235 -0.297842671 0.11531552 0 0 0
B@CP 2481 0.032548785 0.430805302 0.010620182 0 0 0
B@CP 2487 -0.041376957 0.220241637 -0.233564324 0 0 0
B@CP 2492 0.0249920081 -0.258496364 -0.0768095031 0 0 0
C@CP 2500 0.0597750857 -0.150803413 0.412014928 0 0 0
C@CP 2501 -0.164209921 -0.127219206 0.00160719405 0 0 0
C@CP 2502 0.344972482 -0.16162436 -0.121117017 0 0 0
C@CP 2503 -0.126249719 -0.185450814 0.261538842 0 0 0
C@CP 2504 -0.0359444914 -0.126241226 0.427583234 0 0 0
C@CP 2505 -0.225901946 0.0672816052 -0.103686883 0 0 0
C@CP 2506 -0.454692876 0.0357968426 0.0464652132 0 0 0
C@CP 2507 0.215278031 0.299313641 0.147146716 0 0 0
C@CP 2508 0.240696589 -0.00106876551 -0.241696559 0 0 0
C@CP 2509 -0.0932569012 0.275995145 -0.20013923 0 0 0
C@CP 2510 0.398217925 0.125637866 -0.0490107689 0 0 0
C@CP 2511 -0.0748257591 0.204106612 0.0601818523 0 0 0
C@CP 2512 0.158251838 0.261127952 -0.102330035 0 0 0
C@CP 2513 -0.28171161 -0.188126084 -0.225113991 0 0 0
C@CP 2514 0.100485783 -0.41923158 -0.0429491561 0 0 0
C@CP 2515 -0.123595154 -0.230456229 -0.119842297 0 0 0
C@CP 2516 0.0486421585 0.158858057 -0.367898552 0 0 0
C@CP 2517 0.211703618 0.0893616812 0.0554663843 0 0 0
C@CP 2518 -0.0114569543 -0.359202545 -0.0183983423 0 0 0
C@CP 2519 0.0269165369 0.0416356252 -0.127365582 0 0 0
C@CP 2520 -0.130279855 0.0238901143 0.233641722 0 0 0
C@CP 2521 0.138627134 -0.2745543 -0.307420189 0 0 0
C@CP 2522 -0.223454566 0.0341941789 -0.00597698622 0 0 0
C@CP 2523 0.111383514 -0.0633620617 0.42282869 0 0 0
C@CP 2524 -0.149981686 -0.182290368 0.0353103598 0 0 0
C@CP 2525 0.351480262 0.250292108 -0.0860079166 0 0 0
C@CP 2526 0.106952825 -0.0108057179 -0.253046444 0 0 0
C@CP 2527 -0.28795867 0.323448799 -0.162760126 0 0 0
C@CP 2528 0.241533104 -0.136569765 0.158542504 0 0 0
C@CP 2529 -0.413286514 0.162372746 0.114948139 0 0 0
C@CP 2530 -0.0500189339 -0.31663579 0.339530804 0 0 0
C@CP 2531 0.228201241 -0.304511377 0.094264767 0 0 0
C@CP 2532 0.220642376 0.0971020668 -0.266710082 0 0 0
C@CP 2533 -0.381237274 -0.0259001304 0.0963541377 0 0 0
C@CP 2534 0.162668775 0.425911767 0.046903062 0 0 0
C@CP 2535 0.207226259 -0.0339383856 -0.270222487 0 0 0
C@CP 2536 -0.165729114 -0.0640895017 0.11958076 0 0 0
C@CP 2537 -0.365353232 0.00396160148 0.058454585 0 0 0
C@CP 2538 0.0429239095 -0.339509256 0.0912126307 0 0 0
C@CP 2539 0.403764678 -0.0353706352 -0.193152433 0 0 0
C@CP 2540 0.202247215 0.188816932 0.133705947 0 0 0
C@CP 2541 -0.17650571 0.369232686 0.22522426 0 0 0
C@CP 2542 -0.0468967679 -0.359838014 0.289627704 0 0 0
C@CP 2543 0.281806003 -0.0730505455 -0.0355582751 0 0 0
C@CP 2544 0.0877038222 0.192796758 -0.250502929 0 0 0
C@CP 2545 -0.0109530953 -0.154652009 0.275797318 0 0 0
C@CP 2546 0.310423212 0.310817477 -0.0402766295 0 0 0
C@CP 2547 0.104245172 -0.281037459 -0.354509522 0 0 0
C@CP 2548 -0.00457420701 -0.16555756 0.315156262 0 0 0
C@CP 2549 0.286094348 0.213310676 0.10324857 0 0 0
C@CP 2550 0.195984505 -0.0238112939 -0.224429868 0 0 0
C@CP 2551 -0.207107911 0.080176775 -0.390504285 0 0 0
C@CP 2552 -0.282354641 0.101090462 -0.0846529889 0 0 0
C@CP 2553 -0.119447308 0.170122553 -0.313102308 0 0 0
C@CP 2554 -0.0547130415 0.277541889 -0.15748803 0 0 0
C@CP 2555 0.0719579319 -0.273389589 0.168213962 0 0 0
C@CP 2556 -0.0666410041 0.359142479 -0.152678158 0 0 0
C@CP 2557 -0.414898706 0.176314334 -0.029335052 0 0 0
C@CP 2558 -0.320267384 -0.267789384 0.172802103 0 0 0
C@CP 2559 -0.178496479 0.104721675 -0.0705553313 0 0 0
C@CP 2560 -0.108161761 0.069718435 -0.130533184 0 0 0
C@CP 2561 -0.12845337 0.272648848 -0.327633522 0 0 0
C@CP 2562 0.0790757306 -0.198057975 0.376449869 0 0 0
C@CP 2563 0.316293765 0.147776633 -0.310140347 0 0 0
C@CP 2564 0.158147104 0.382904568 -0.0565376756 0 0 0
C@CP 2565 0.248453024 0.130648204 -0.152277425 0 0 0
C@CP 2566 0.0380912508 0.16041018 0.378481845 0 0 0
C@CP 2567 0.0526584271 -0.245293286 -0.196507796 0 0 0
C@CP 2568 -0.00607963899 0.345553905 -0.309608088 0 0 0
C@CP 2569 -0.0204537022 0.210565461 -0.00419297713 0 0 0
C@CP 2570 0.265923986 0.232399746 -0.234121659 0 0 0
C@CP 2571 -0.0055392577 0.0484943089 -0.0718028277 0 0 0
C@CP 2572 0.0207338027 0.116776635 -0.122309967 0 0 0
C@CP 2573 0.178358271 -0.0923569169 -0.169872913 0 0 0
C@CP 2574 0.134510738 -0.0871485773 -0.334361407 0 0 0
C@CP 2575 -0.129833057 0.285082743 -0.227016181 0 0 0
C@CP 2576 -0.397868772 -0.243775641 0.10194805 0 0 0
C@CP 2577 0.146082159 -0.319633483 0.0972050291 0 0 0
C@CP 2578 0.213660194 -0.227381901 0.0685044514 0 0 0
C@CP 2579 0.0143385508 -0.160486451 -0.439969605 0 0 0
C@CP 2580 -0.0580161343 0.278657143 -0.351610937 0 0 0
C@CP 2581 -0.0553502332 0.0182371808 -0.351595535 0 0 0
C@CP 2582 -0.34980495 -0.00190271916 -0.0848748217 0 0 0
C@CP 2583 -0.00916940242 -0.182889933 -0.149812595 0 0 0
C@CP 2584 -0.00281946246 0.0873017736 0.424264053 0 0 0
C@CP 2585 -0.172651937 -0.0908110956 0.213575078 0 0 0
C@CP 2586 0.313912475 -0.00709995868 -0.276516675 0 0 0
C@CP 2587 0.0236545501 0.30464215 0.110243381 0 0 0
C@CP 2588 -0.0916255787 0.345170216 -0.213824002 0 0 0
C@CP 2589 0.185287284 0.185229995 -0.0172410814 0 0 0
C@CP 2590 -0.026085471 -0.13321184 0.183953892 0 0 0
C@CP 2591 -0.390869611 -0.246080181 0.113485801 0 0 0
C@CP 2592 0.162708186 -0.248021475 -0.25931072 0 0 0
C@CP 2593 -0.00549851393 0.161634537 -0.196089342 0 0 0
C@CP 2594 0.0457691314 0.363685459 -0.0276215621 0 0 0
C@CP 2595 0.00516037755 -0.291913231 0.291544604 0 0 0
C@CP 2596 -0.216254447 -0.127192608 -0.188103439 0 0 0
C@CP 2597 -0.0264596654 -0.0142492559 0.14897754 0 0 0
C@CP 2598 -0.205976638 -0.322767804 0.016823023 0 0 0
C@CP 2599 -0.23988312 0.0606818576 -0.180705738 0 0 0
C@CP 2600 0.31586815 0.0245916313 0.223986114 0 0 0
C@CP 2601 -0.0182740533 -0.0413613782 0.285868804 0 0 0
C@CP 2602 -0.170560929 -0.358259261 -0.0545341542 0 0 0
C@CP 2603 -0.0541583736 -0.023154471 0.278381328 0 0 0
C@CP 2604 0.23616782 -0.32321963 -0.00243287402 0 0 0
C@CP 2605 0.152702774 -0.202099649 -0.00319819299 0 0 0
C@CP 2606 0.265340442 0.126943642 -0.291491195 0 0 0
C@CP 2607 -0.142910231 -0.307441926 0.0179962943 0 0 0
C@CP 2608 0.0424286027 -0.216239585 -0.0980665657 0 0 0
C@CP 2609 -0.182041794 0.0395541224 0.26210659 0 0 0
C@CP 2610 -0.104021493 0.192698487 -0.0516619127 0 0 0
C@CP 2611 -0.0387132697 -0.458414499 0.0494982537 0 0 0
C@CP 2612 -0.269571452 -0.0749102145 -0.230034468 0 0 0
C@CP 2613 0.10696432 0.348055096 0.14716869 0 0 0
C@CP 2614 0.0734269019 -0.213884574 0.187729602 0 0 0
C@CP 2615 0.399250658 -0.162560964 -0.0474363804 0 0 0
C@CP 2616 -0.169343638 0.0342128649 0.368370766 0 0 0
C@CP 2617 0.232204114 -0.046768168 -0.0260121974 0 0 0
C@CP 2618 0.433668638 -0.0799127052 0.0110101065 0 0 0
C@CP 2619 0.0858058367 0.0759485657 -0.280704052 0 0 0
C@CP 2620 -0.023717299 -0.0148694224 -0.378938812 0 0 0
C@CP 2621 0.23369895 -0.0889099308 0.369543068 0 0 0
C@CP 2622 -0.037608346 0.047463727 0.121906993 0 0 0
C@CP 2623 0.0987493032 0.230782439 -0.297319481 0 0 0
C@CP 2624 0.102103849 -0.202174571 -0.269409356 0 0 0
C@CP 2625 0.238241725 0.000402382646 0.0382469537 0 0 0
C@CP 2626 -0.300256067 0.0257531016 -0.304060601 0 0 0
C@CP 2627 -0.0475670014 -0.297973257 -0.288271514 0 0 0
C@CP 2628 -0.0817358529 -0.0673801282 -0.134022429 0 0 0
C@CP 2629 -0.0521671324 0.230198814 0.341618761 0 0 0
C@CP 2630 0.44363252 0.118256506 0.0751363959 0 0 0
C@CP 2631 -0.301031571 0.200550011 0.212573618 0 0 0
C@CP 2632 0.191322298 0.0295654048 0.00609286398 0 0 0
C@CP 2633 0.219610403 -0.15638071 0.0235158882 0 0 0
C@CP 2634 -0.141046474 -0.345886411 -0.0139102681 0 0 0
C@CP 2635 0.37768669 -0.0456843849 -0.113437156 0 0 0
C@CP 2636 0.426542973 -0.133978159 -0.108553079 0 0 0
C@CP 2637 -0.0180682076 -0.175870886 0.280600935 0 0 0
C@CP 2638 -0.227730231 0.30963049 -0.120976021 0 0 0
C@CP 2639 -0.326951699 0.278892516 -0.130053757 0 0 0
C@CP 2640 0.156898079 9.12034588e-05 0.0525110603 0 0 0
C@CP 2641 -0.205610165 0.333662956 -0.0918767608 0 0 0
C@CP 2642 0.0746536306 0.139634526 -0.0582155501 0 0 0
C@CP 2643 0.17409923 0.128743208 -0.271612368 0 0 0
C@CP 2644 -0.0362874817 0.000148499933 -0.258442339 0 0 0
C@CP 2645 -0.149753769 0.426613733 0.0931150063 0 0 0
C@CP 2646 0.152601798 0.214854755 -0.112876632 0 0 0
C@CP 2647 0.071181814 -0.104599933 0.289020574 0 0 0
C@CP 2648 -0.389467173 -0.101683321 0.0688837094 0 0 0
C@CP 2649 -0.317091792 -0.116102422 0.0919456982 0 0 0
C@CP 2650 0.11729626 0.108430407 0.402448232 0 0 0
C@CP 2651 -0.396737694 0.0431932144 0.226998668 0 0 0
C@CP 2652 -0.427083615 -0.0120506099 -0.0439788364 0 0 0
C@CP 2653 0.125001803 -0.237572353 0.191602135 0 0 0
C@CP 2654 0.0612472544 -0.199028348 -0.0964668836 0 0 0
C@CP 2655 -0.077635898 -0.0490496008 -0.413945597 0 0 0
C@CP 2656 -0.329881229 0.132407622 0.194421597 0 0 0
C@CP 2657 -0.0494095815 -0.216883798 -0.228855539 0 0 0
C@CP 2658 -0.267360304 -0.225562816 -0.196917584 0 0 0
C@CP 2659 0.122108493 0.00489457281 -0.0112867687 0 0 0
C@CP 2660 -0.204752346 0.214169267 -0.304945883 0 0 0
C@CP 2662 0.00993843494 0.0379650508 0.146301331 0 0 0
C@CP 2663 0.00608516803 -0.0331539863 -0.0275229697 0 0 0
C@CP 2664 0.0750822633 0.254599467 -0.113395313 0 0 0
C@CP 2665 0.0220090063 0.246036165 0.140223035 0 0 0
C@CP 2666 -0.306815055 0.0728040441 -0.305457448 0 0 0
C@CP 2667 0.178562677 -0.195941315 0.352396913 0 0 0
C@CP 2668 -0.199142082 -0.396082471 -0.139991262 0 0 0
C@CP 2669 -0.0693445067 0.0576948451 -0.424942111 0 0 0
C@CP 2670 0.153505592 -0.266854548 -0.295791184 0 0 0
C@CP 2671 -0.236291875 -0.354011878 -0.0269830981 0 0 0
C@CP 2672 -0.0953690757 0.21977058 -0.229755208 0 0 0
C@CP 2673 -0.258362699 0.127700993 -0.164594901 0 0 0
C@CP 2674 0.0606398682 -0.0495801642 -0.210395766 0 0 0
C@CP 2675 0.19165867 0.0591843143 -0.207761786 0 0 0
C@CP 2676 0.0913802858 0.0664997683 0.0509098611 0 0 0
C@CP 2677 -0.0642506214 -0.359105151 0.293437789 0 0 0
C@CP 2678 0.287308592 0.237933345 -0.13529731 0 0 0
C@CP 2679 0.267857044 0.197411091 0.220889267 0 0 0
C@CP 2680 0.304913749 0.0773269104 -0.0315537977 0 0 0
C@CP 2681 -0.0889587626 0.0792941177 0.110560157 0 0 0
C@CP 2682 -0.321498136 -0.279441472 -0.110583082 0 0 0
C@CP 2683 0.34051922 -0.112045985 -0.237338928 0 0 0
C@CP 2684 0.0227544928 0.0572750228 -0.241510664 0 0 0
C@CP 2685 -0.346852137 -0.170854443 0.171718417 0 0 0
C@CP 2686 -0.0835186341 -0.256463024 0.148609299 0 0 0
C@CP 2687 0.180018952 -0.183587794 0.135984641 0 0 0
C@CP 2688 -0.303593759 0.00751098049 0.102652496 0 0 0
C@CP 2689 0.350305661 0.0361355985 -0.233253961 0 0 0
C@CP 2690 0.170860309 -0.197685951 0.192767502 0 0 0
C@CP 2691 0.286628911 0.221849282 -0.246501283 0 0 0
C@CP 2692 0.0981899346 -0.136510636 0.307397112 0 0 0
C@CP 2693 -0.0127424054 0.147594303 -0.265061951 0 0 0
C@CP 2694 -0.355851863 0.203978589 0.111832307 0 0 0
C@CP 2695 -0.348680931 -0.228668497 0.11952624 0 0 0
C@CP 2696 -0.262794102 -0.0412299431 0.305239789 0 0 0
C@CP 2697 0.178674798 -0.20394958 -0.362116793 0 0 0
C@CP 2698 0.313023972 0.206243499 0.152671268 0 0 0
C@CP 2699 0.1391842 0.299398962 0.238387873 0 0 0
C@CP 2700 0.0185638211 -0.0267006959 -0.1374296 0 0 0
C@CP 2701 -0.148307759 0.0929065229 -0.090782859 0 0 0
C@CP 2702 -0.0204130974 0.350651178 0.0165201571 0 0 0
C@CP 2703 -0.306850371 -0.318880735 -0.0631037401 0 0 0
C@CP 2704 0.363209165 0.199337396 -0.108445856 0 0 0
C@CP 2705 0.128775109 0.323029154 0.138210411 0 0 0
C@CP 2706 -0.112338125 0.0807025213 -0.388349006 0 0 0
C@CP 2707 0.0853404839 0.367746632 0.229992152 0 0 0
C@CP 2708 0.0036575899 -0.219630633 0.0762370041 0 0 0
C@CP 2709 -0.133282048 -0.15558741 -0.35260471 0 0 0
C@CP 2710 -0.367135437 -0.146571841 -0.0577963081 0 0 0
C@CP 2711 -0.164254821 -0.131460928 0.0845769663 0 0 0
C@CP 2712 0.221692218 -0.223420831 -0.105576365 0 0 0
C@CP 2713 -0.0250153349 0.0151601214 0.359518047 0 0 0
C@CP 2714 0.112028354 0.388911728 -0.250776961 0 0 0
C@CP 2715 0.284215638 0.146139911 0.328800088 0 0 0
C@CP 2716 0.269973489 0.187091311 0.0551459881 0 0 0
C@CP 2717 0.360255288 0.0681851684 -0.0346832369 0 0 0
C@CP 2718 -0.0553114326 -0.184736338 -0.299199783 0 0 0
C@CP 2719 0.137017898 0.10656914 0.179833091 0 0 0
C@CP 2720 -0.0589685226 0.17830544 -0.314566613 0 0 0
C@CP 2721 -0.283189457 -0.0545000255 0.109975679 0 0 0
C@CP 2722 0.266618872 -0.00962381199 0.274372016 0 0 0
C@CP 2723 -0.372897592 -0.1663467 -0.0285957412 0 0 0
C@CP 2724 -0.308248046 0.0557390087 -0.237091345 0 0 0
C@CP 2725 -0.250751189 0.352280421 0.129650648 0 0 0
C@CP 2726 -0.186869994 -0.291607608 -0.207430385 0 0 0
C@CP 2727 -0.204297538 -0.318224341 -0.202765708 0 0 0
C@CP 2728 -0.231085726 0.0135309827 0.337321304 0 0 0
C@CP 2729 0.163900809 -0.279182959 0.304819506 0 0 0
C@CP 2730 0.0623045786 0.276846749 -0.194052482 0 0 0
C@CP 2731 -0.0710333694 0.103871546 -0.0228867929 0 0 0
C@CP 2732 -0.264434911 -0.131244443 0.290091836 0 0 0
C@CP 2733 -0.381395916 -0.247689217 -0.0817632516 0 0 0
C@CP 2734 0.0657488426 -0.399295372 0.0371906799 0 0 0
C@CP 2735 0.124455459 0.24088214 0.155652359 0 0 0
C@CP 2736 -0.209369882 -0.0525904844 0.0177651711 0 0 0
C@CP 2737 0.00975992268 -0.216829604 -0.17954896 0 0 0
C@CP 2738 0.450276431 -0.0113669446 -0.0971133775 0 0 0
C@CP 2739 -0.126847876 0.18093317 -0.0424278397 0 0 0
C@CP 2740 -0.167067532 0.0253135591 0.0661905334 0 0 0
C@CP 2741 -0.0821212103 -0.341509744 -0.28694459 0 0 0
C@CP 2742 -0.157401047 0.0437475878 -0.199698431 0 0 0
C@CP 2743 0.378969185 0.0386211876 0.15898383 0 0 0
C@CP 2744 0.155003623 -0.234460801 -0.202616083 0 0 0
C@CP 2745 -0.196618321 0.140235108 0.368840252 0 0 0
C@CP 2746 0.0533132551 0.337575365 0.150774665 0 0 0
C@CP 2747 0.348891984 0.196531634 0.23361547 0 0 0
C@CP 2748 -0.109898152 -0.366461378 -0.200664944 0 0 0
C@CP 2749 0.399607778 -0.0109165813 0.00900498294 0 0 0
C@CP 2750 -0.167079252 0.105406781 -0.385279594 0 0 0
C@CP 2751 0.118581648 0.262474265 -0.212909115 0 0 0
C@CP 2752 -0.00682814288 0.376538397 -0.125260949 0 0 0
C@CP 2753 0.316042739 -0.0278864278 -0.331208029 0 0 0
C@CP 2754 -0.257493605 0.240857924 -0.00026074545 0 0 0
C@CP 2755 0.221014489 -0.193354664 0.24636356 0 0 0
C@CP 2756 0.377114678 -0.033288175 -0.170699879 0 0 0
C@CP 2757 0.287744178 -0.269079261 0.120762642 0 0 0
C@CP 2758 -0.0422616627 0.103077199 -0.133567665 0 0 0
C@CP 2759 -0.250017785 -0.221607967 -0.165227101 0 0 0
C@CP 2760 0.107147988 -0.15764717 -0.127239524 0 0 0
C@CP 2761 0.169391698 0.239723532 -0.0477120191 0 0 0
C@CP 2762 -0.248475457 -0.130831277 0.108935369 0 0 0
C@CP 2763 0.318916265 0.14029973 0.151074304 0 0 0
C@CP 2764 0.133275201 -0.066411678 0.0904562404 0 0 0
C@CP 2765 0.114131703 0.0992362123 0.347233191 0 0 0
C@CP 2766 -0.151787579 -0.113413668 -0.277668755 0 0 0
C@CP 2767 0.218818758 0.341370155 -0.11097711 0 0 0
C@CP 2768 0.408283226 0.134432273 -0.0959437914 0 0 0
C@CP 2769 0.201364819 -0.0170691172 -0.28109058 0 0 0
C@CP 2770 0.214396832 0.275682568 -0.112825752 0 0 0
C@CP 2771 0.105399165 -0.379371943 0.0501501322 0 0 0
C@CP 2772 0.0227318939 0.00250611681 0.460854049 0 0 0
C@CP 2773 -0.250184507 0.0726682057 -0.144572999 0 0 0
C@CP 2774 0.332074976 0.156863037 0.177569194 0 0 0
C@CP 2775 -0.274014323 -0.374889659 -0.00192992951 0 0 0
C@CP 2776 0.286037638 -0.146724351 0.0156593154 0 0 0
C@CP 2777 0.193866581 0.0442196429 0.409041127 0 0 0
C@CP 2778 -0.3183022 0.220952891 -0.153468337 0 0 0
C@CP 2779 -0.261876871 -0.176154582 -0.0032434162 0 0 0
C@CP 2780 0.0239039971 -0.0325406725 -0.235788916 0 0 0
C@CP 2781 0.298888005 0.0935012115 0.354759986 0 0 0
C@CP 2782 -0.096378111 -0.223377631 -0.368316628 0 0 0
C@CP 2783 -0.0795588153 0.00149455146 -0.150253293 0 0 0
C@CP 2784 0.177971066 -0.0592653052 0.0567710216 0 0 0
C@CP 2785 -0.0683822397 0.0434071064 -0.321731425 0 0 0
C@CP 2786 -0.22576089 -0.243601735 -0.0531554658 0 0 0
C@CP 2787 0.0369873842 -0.346279338 0.138527539 0 0 0
C@CP 2788 0.101037003 -0.21307496 -0.22222238 0 0 0
C@CP 2789 -0.250894256 0.0549247627 0.395353889 0 0 0
C@CP 2790 0.0634728359 -0.334131272 -0.233786192 0 0 0
C@CP 2791 0.0679669994 -0.119131664 -0.21420695 0 0 0
C@CP 2792 -0.0325167238 -0.170814841 0.106582521 0 0 0
C@CP 2793 0.0679667731 -0.130979403 -0.00682386335 0 0 0
C@CP 2794 0.07417297 -0.349889651 0.220728973 0 0 0
C@CP 2795 0.157375973 0.0823660931 0.291661462 0 0 0
C@CP 2796 -0.201071531 0.197894859 -0.193820791 0 0 0
C@CP 2797 -0.132247385 0.0269812808 -0.117924687 0 0 0
C@CP 2798 -0.0801985329 0.221269553 0.018103427 0 0 0
C@CP 2799 -0.145901054 -0.334866861 0.0999295214 0 0 0
C@CP 2800 0.149831732 0.0511857571 -0.122932839 0 0 0
C@CP 2801 -0.0545126164 0.00175182261 0.364093753 0 0 0
C@CP 2802 -0.0810286086 0.0980918109 0.0172575319 0 0 0
C@CP 2803 0.0110417736 0.317973418 -0.195340716 0 0 0
C@CP 2804 -0.175811723 0.0270540784 -0.0820354711 0 0 0
C@CP 2805 -0.0211883814 -0.0315091309 -0.163820351 0 0 0
C@CP 2806 -0.267959489 0.334114136 -0.0418239186 0 0 0
C@CP 2807 0.248237145 -0.157501384 -0.270545812 0 0 0
C@CP 2808 -0.0109346016 -0.0386984072 -0.0326136947 0 0 0
C@CP 2809 -0.120419649 0.306083838 -0.30323395 0 0 0
C@CP 2810 -0.399764259 0.088543293 0.178578942 0 0 0
C@CP 2811 -0.0206527195 0.284201326 -0.155264406 0 0 0
C@CP 2812 -0.0515549182 -0.0400964538 0.0140496512 0 0 0
C@CP 2813 -0.0242103243 -0.170138309 -0.204172871 0 0 0
C@CP 2814 -0.132934812 -0.398338466 -0.178209383 0 0 0
C@CP 2815 -0.386057941 -0.000870284653 -0.13366288 0 0 0
C@CP 2816 -0.25169018 0.174206211 -0.206358624 0 0 0
C@CP 2817 0.147626662 0.3850858 -0.0246672448 0 0 0
C@CP 2818 0.0213254932 0.28580105 0.108026812 0 0 0
C@CP 2819 0.144237898 -0.0865531802 0.11585964 0 0 0
C@CP 2820 -0.170524635 -0.282135747 0.0119820416 0 0 0
C@CP 2821 0.108888092 0.213923427 0.0094398622 0 0 0
C@CP 2822 -0.126919534 0.231790336 -0.385995243 0 0 0
C@CP 2823 -0.102892105 -0.18510687 -0.245496111 0 0 0
C@CP 2824 -0.404888019 -0.148000862 -0.174355932 0 0 0
C@CP 2825 0.145365746 0.379334339 0.20992282 0 0 0
C@CP 2826 -0.147356114 -0.110274201 0.162086389 0 0 0
C@CP 2827 0.415038783 -0.00787240477 -0.0356535811 0 0 0
C@CP 2828 0.168603744 0.302316513 0.274289677 0 0 0
C@CP 2829 -0.0334309401 0.223793757 0.0142385297 0 0 0
C@CP 2830 0.0112698947 0.37720706 0.249084626 0 0 0
C@CP 2831 -0.0909692447 0.0733704624 0.0617524071 0 0 0
C@CP 2832 -0.277419151 0.035347709 -0.0846282632 0 0 0
C@CP 2833 0.0103481713 0.266475858 -0.397413619 0 0 0
C@CP 2834 0.182800396 0.222447611 -0.195832557 0 0 0
C@CP 2835 -0.233065085 0.097531544 0.303100149 0 0 0
C@CP 2836 -0.0355405845 0.123079678 0.210839404 0 0 0
C@CP 2837 -0.115752278 0.00374054634 -0.182867745 0 0 0
C@CP 2838 -0.0973583635 0.219720935 -0.0490566953 0 0 0
C@CP 2839 0.145980707 -0.361086148 0.26707261 0 0 0
C@CP 2840 0.318445891 -0.330961853 -0.0189111584 0 0 0
C@CP 2841 -0.235532777 -0.00965560763 -0.197533478 0 0 0
C@CP 2842 -0.195962885 -0.0573201173 0.390774306 0 0 0
C@CP 2843 -0.0695534822 -0.19208388 -0.066335621 0 0 0
C@CP 2844 -0.415645972 0.14393646 -0.147888757 0 0 0
C@CP 2845 -0.0401831761 0.258292821 -0.310983602 0 0 0
C@CP 2846 -0.0517915292 -0.0856073371 0.042277494 0 0 0
C@CP 2847 0.400275049 0.117559123 0.154739898 0 0 0
C@CP 2848 0.247676996 -0.018416644 0.102495029 0 0 0
C@CP 2849 0.0809848427 0.18572691 -0.209789212 0 0 0
C@CP 2850 -0.310865943 0.127729234 0.143859897 0 0 0
C@CP 2851 -0.0634424573 0.155406522 -0.397857056 0 0 0
C@CP 2852 -0.196951682 0.204257002 0.0344106954 0 0 0
C@CP 2853 -0.0768573933 -0.416172317 0.0371312627 0 0 0
C@CP 2854 -0.105771179 -0.126680361 -0.258937152 0 0 0
C@CP 2855 0.312712924 -0.214150279 -0.100857571 0 0 0
C@CP 2856 -0.238227613 -0.22210217 -0.00655484182 0 0 0
C@CP 2857 0.283569556 -0.0803708478 0.245970661 0 0 0
C@CP 2858 -0.181384922 -0.0508095023 0.345791053 0 0 0
C@CP 2859 0.452451955 -0.0218319929 0.0114546381 0 0 0
C@CP 2860 -0.193105961 -0.077956819 0.12329942 0 0 0
C@CP 2861 -0.291831759 -0.241056582 -0.180241121 0 0 0
C@CP 2862 0.0576977199 -0.13783415 0.0257939503 0 0 0
C@CP 2863 -0.101365936 0.0387042601 0.0425022105 0 0 0
C@CP 2864 0.0452417931 -0.021780141 0.277838022 0 0 0
C@CP 2865 -0.146421971 -0.0570191768 -0.0710352443 0 0 0
C@CP 2866 -0.267257875 0.169395314 0.322770836 0 0 0
C@CP 2867 -0.315625909 -0.000406364735 0.290082317 0 0 0
C@CP 2868 0.0362657127 -0.21051057 -0.319535127 0 0 0
C@CP 2869 0.0792149995 -0.276146203 0.118573155 0 0 0
C@CP 2870 -0.185370256 -0.00271352959 -0.16001545 0 0 0
C@CP 2871 -0.106180979 0.145881879 0.133045525 0 0 0
C@CP 2872 -0.303157689 0.0964528807 -0.298556933 0 0 0
C@CP 2873 -0.00510189682 -0.0165227814 -0.321423159 0 0 0
C@CP 2874 -0.23813326 0.201000068 -0.0172036537 0 0 0
C@CP 2875 0.291902421 -0.057980296 0.0789789347 0 0 0
C@CP 2876 0.4112372 -0.115158488 -0.123775504 0 0 0
C@CP 2877 0.287622644 -0.24234922 0.221061652 0 0 0
C@CP 2878 0.262173327 -0.0392943885 -0.0826264778 0 0 0
C@CP 2879 -0.20494289 0.193525274 -0.124292741 0 0 0
C@CP 2880 0.232768407 -0.333165282 0.0895451102 0 0 0
C@CP 2881 0.34131047 -0.0578700534 0.0522094642 0 0 0
C@CP 2882 -0.0836910646 0.0781367428 -0.428951633 0 0 0
C@CP 2883 -0.254121823 0.143073298 -0.287607063 0 0 0
C@CP 2884 -0.0265835581 -0.165970152 -0.289665781 0 0 0
C@CP 2885 0.0675393067 -0.144050501 0.42023073 0 0 0
C@CP 2886 0.381624593 -0.156093267 0.141456729 0 0 0
C@CP 2887 -0.213207527 0.214408713 -0.078332756 0 0 0
C@CP 2888 -0.260516708 -0.229590748 -0.162388986 0 0 0
C@CP 2889 -0.195291152 0.238471486 0.307359486 0 0 0
C@CP 2890 0.176269324 0.0203425088 0.235912566 0 0 0
C@CP 2891 -0.239986345 -0.219683975 0.25456023 0 0 0
C@CP 2892 0.0384798553 -0.365426665 0.0407165275 0 0 0
C@CP 2893 0.263796507 0.180696937 -0.204649337 0 0 0
C@CP 2894 0.213446602 0.325231852 -0.161473118 0 0 0
C@CP 2895 -0.0957264418 -0.211865671 -0.0205273496 0 0 0
C@CP 2896 -0.106136616 -0.446705842 0.0036729662 0 0 0
C@CP 2897 -0.110736653 0.0983070045 -0.32871464 0 0 0
C@CP 2898 0.178196438 0.0989994617 -0.379751348 0 0 0
C@CP 2899 -0.18605416 -0.279635117 0.291359434 0 0 0
C@CP 2900 0.255756212 -0.150086109 0.0746803029 0 0 0
C@CP 2901 -0.415323757 -0.132346939 0.0139233137 0 0 0
C@CP 2902 -0.0010401705 0.232744273 0.397541958 0 0 0
C@CP 2903 -0.224749863 0.114708253 0.207900658 0 0 0
C@CP 2904 0.120799136 0.253099648 -0.290162153 0 0 0
C@CP 2905 -0.0303353263 0.0916677798 0.421053122 0 0 0
C@CP 2906 0.10670731 0.232936675 0.321875288 0 0 0
C@CP 2907 -0.0767717116 -0.444644289 -0.00970360279 0 0 0
C@CP 2908 -0.282048435 -0.346860724 0.093762059 0 0 0
C@CP 2909 0.00245904832 -0.00115831832 -0.162336756 0 0 0
C@CP 2910 -0.274473809 0.045589539 -0.355962592 0 0 0
C@CP 2911 0.183798599 -0.115874791 -0.0102203202 0 0 0
C@CP 2912 0.301764583 0.210734778 -0.22329416 0 0 0
C@CP 2913 -0.0643227226 0.171210942 -0.101727753 0 0 0
C@CP 2914 0.156481393 0.00277768153 -0.190192898 0 0 0
C@CP 2915 0.37502648 0.132670316 0.24440272 0 0 0
C@CP 2916 0.073430793 -0.0859924997 -0.376190348 0 0 0
C@CP 2917 0.40082181 -0.0726203449 0.189169917 0 0 0
C@CP 2918 -0.265443569 0.0360619905 0.141524164 0 0 0
C@CP 2919 0.053002026 0.201068896 0.118961615 0 0 0
C@CP 2920 -0.0816610993 0.397172226 0.0568450277 0 0 0
C@CP 2921 0.220996063 -0.19999667 -0.300578611 0 0 0
C@CP 2922 0.040367231 -0.089459604 -0.431991768 0 0 0
C@CP 2923 -0.294483804 0.204563106 -0.0956602722 0 0 0
C@CP 2924 0.196265738 -0.231517714 0.308167883 0 0 0
C@CP 2925 -0.384861674 -0.179389341 0.0709794924 0 0 0
C@CP 2926 -0.129579901 -0.229399455 -0.321128284 0 0 0
C@CP 2927 0.0385633977 0.0190875831 -0.465467939 0 0 0
C@CP 2928 0.150958403 -0.230541589 -0.347491184 0 0 0
C@CP 2929 0.388123863 -0.0875599308 0.20280378 0 0 0
C@CP 2930 -0.339790997 0.143108802 0.233177162 0 0 0
C@CP 2931 -0.331767383 0.0552722823 -0.111522246 0 0 0
C@CP 2932 0.194789418 0.139949114 -0.235091076 0 0 0
C@CP 2933 -0.0960621889 -0.185428288 0.253938556 0 0 0
C@CP 2934 -0.00426606189 0.020769754 0.478812589 0 0 0
C@CP 2935 -0.331957142 0.102628902 -0.259861578 0 0 0
C@CP 2936 -0.255495618 0.292722799 -0.229758617 0 0 0
C@CP 2937 -0.227281142 -0.142945731 -0.304058268 0 0 0
C@CP 2938 -0.00954827276 -0.210110034 -0.0607691144 0 0 0
C@CP 2939 0.141284803 -0.0747172931 0.297496736 0 0 0
C@CP 2940 -0.0699637685 -0.0306031594 0.441043631 0 0 0
C@CP 2941 0.0742542508 0.010790158 -0.0331561338 0 0 0
C@CP 2942 -0.130598986 -0.306878629 0.0406938055 0 0 0
C@CP 2943 -0.289394692 0.119862805 -0.124126458 0 0 0
C@CP 2944 -0.0600453714 -0.00509913149 -0.108465067 0 0 0
C@CP 2945 0.371274771 0.182594698 0.135614115 0 0 0
C@CP 2946 -0.210864196 0.247540751 0.176378154 0 0 0
C@CP 2947 -0.112706923 -0.430304369 -0.0199983224 0 0 0
C@CP 2948 0.0419740203 0.130301061 -0.43937251 0 0 0
C@CP 2949 0.00263937991 0.352483778 0.204917945 0 0 0
C@CP 2950 -0.0469376389 0.10244888 0.308137839 0 0 0
C@CP 2951 -0.0614057773 -0.06199819 0.4030403 0 0 0
C@CP 2952 0.0205404338 0.213788433 -0.362615984 0 0 0
C@CP 2953 0.0960017599 -0.370364123 0.0743850967 0 0 0
C@CP 2954 0.235804499 -0.174117068 0.233255019 0 0 0
C@CP 2955 -0.232828833 -0.37280173 0.0579158802 0 0 0
C@CP 2956 -0.169195341 0.210455615 -0.132575642 0 0 0
C@CP 2957 -0.217317463 -0.189843335 0.159325355 0 0 0
C@CP 2958 -0.215623004 -0.282389126 -0.0638380447 0 0 0
C@CP 2959 -0.123804926 -0.05842459 0.353244079 0 0 0
C@CP 2960 0.212171279 -0.25657075 0.0303206889 0 0 0
C@CP 2961 -0.178112279 -0.287361597 -0.125113737 0 0 0
C@CP 2962 -0.340494636 0.0184099979 -0.243259535 0 0 0
C@CP 2963 0.179457587 0.176990759 0.0606758229 0 0 0
C@CP 2964 -0.0572921071 0.380628226 -0.114323965 0 0 0
C@CP 2965 0.0985996746 -0.305586566 -0.272121243 0 0 0
C@CP 2966 0.14506425 0.178050807 0.228196561 0 0 0
C@CP 2967 0.0965115659 -0.110013845 0.0384227849 0 0 0
C@CP 2968 0.111964283 -0.00911262693 -0.353570215 0 0 0
C@CP 2969 -0.0050787427 0.316139293 -0.281244828 0 0 0
C@CP 2970 -0.0931340932 0.179766358 -0.132364052 0 0 0
C@CP 2971 -0.0242999793 0.146784348 0.360373004 0 0 0
C@CP 2972 0.145366319 -0.243791838 0.0881035667 0 0 0
C@CP 2973 -0.180964437 -0.310489984 0.288067968 0 0 0
C@CP 2974 -0.360356268 0.212531685 -0.121050468 0 0 0
C@CP 2975 0.390110003 0.138750653 0.216816193 0 0 0
C@CP 2976 0.139572847 0.355645863 -0.128044009 0 0 0
C@CP 2977 0.13785146 -0.176765579 -0.0604504651 0 0 0
C@CP 2978 0.234870027 0.0261973168 0.23532004 0 0 0
C@CP 2979 0.193069883 0.381223105 0.0385367663 0 0 0
C@CP 2980 0.158378152 0.148756056 -0.166654542 0 0 0
C@CP 2981 0.410518127 0.184410351 -0.138014719 0 0 0
C@CP 2982 -0.0918346936 0.332133292 0.102356863 0 0 0
C@CP 2983 -0.11017677 -0.0089862866 0.239411541 0 0 0
C@CP 2984 -0.110315909 -0.102491844 -0.222230216 0 0 0
C@CP 2985 -0.136679432 -0.0577966768 0.232079918 0 0 0
C@CP 2986 -0.131621337 -0.141621058 -0.207666428 0 0 0
C@CP 2987 -0.189424556 0.094008305 0.141113716 0 0 0
C@CP 2988 -0.202932186 0.282752688 0.000784697239 0 0 0
C@CP 2989 0.135291524 -0.0783080487 -0.347568206 0 0 0
C@CP 2990 0.149296584 0.141217271 0.240757541 0 0 0
C@CP 2991 0.191097504 -0.143156616 0.116661359 0 0 0
C@CP 2992 0.0352881098 0.166587626 -0.0137321776 0 0 0
C@CP 2993 0.127962794 0.413430641 0.110574384 0 0 0
C@CP 2994 0.114698367 -0.178514037 -0.221764802 0 0 0
C@CP 2995 0.186309471 -0.160572347 0.0922367431 0 0 0
C@CP 2996 0.0906787521 0.105930342 0.374754954 0 0 0
C@CP 2997 0.139192734 -0.241524745 -0.0582085557 0 0 0
C@CP 2998 -0.0748351692 -0.0278072904 -0.0639731813 0 0 0
C@CP 2999 -0.0128793831 -0.0637693208 -0.40517963 0 0 0
C@CP 3000 -0.262493359 -0.192483721 0.257012149 0 0 0
C@CP 3001 -0.0649513783 -0.202922261 0.294170914 0 0 0
C@CP 3002 -0.224339946 -0.100686972 -0.383562395 0 0 0
C@CP 3003 0.24681321 -0.220378519 0.111200742 0 0 0
C@CP 3004 0.21623701 -0.334301297 0.0915468994 0 0 0
C@CP 3005 0.353787711 0.105802694 -0.0816335166 0 0 0
C@CP 3006 -0.0138963877 -0.226717601 0.113352847 0 0 0
C@CP 3007 -0.182281827 -0.143727335 0.408122701 0 0 0
C@CP 3008 -0.194260657 0.312985395 -0.0857419896 0 0 0
C@CP 3009 -0.365713832 -0.231625699 0.0582257788 0 0 0
C@CP 3010 0.251741606 -0.143825179 -0.0735387299 0 0 0
C@CP 3011 0.0945462995 -0.0921862913 -0.130136399 0 0 0
C@CP 3012 -0.021878153 -0.0837777107 0.0352429249 0 0 0
C@CP 3013 -0.0951265849 0.240618997 0.264649639 0 0 0
C@CP 3014 0.0250040926 0.14339854 -0.37832484 0 0 0
C@CP 3015 0.160765014 0.207562558 0.378111713 0 0 0
C@CP 3016 0.247601245 0.0282582074 0.347705236 0 0 0
C@CP 3017 -0.178337855 -0.285789446 -0.153347846 0 0 0
C@CP 3018 -0.389127421 -0.163931121 -0.17070786 0 0 0
C@CP 3019 0.0115310026 0.101383694 -0.0575978753 0 0 0
C@CP 3020 -0.209069103 0.323126841 -0.0725707615 0 0 0
C@CP 3021 0.0987751021 -0.0144549293 -0.350742079 0 0 0
C@CP 3022 0.0337162378 -0.164442525 -0.225700045 0 0 0
C@CP 3023 0.191636494 0.0602472087 0.267136358 0 0 0
C@CP 3024 0.028226506 -0.166014923 -0.0359286945 0 0 0
C@CP 3025 -0.251823082 0.118789245 -0.266685399 0 0 0
C@CP 3026 0.266401664 0.250468076 0.150587548 0 0 0
C@CP 3027 0.258084345 0.274147893 0.0525301785 0 0 0
C@CP 3028 0.411094195 0.0694444521 -0.111058534 0 0 0
C@CP 3029 0.0576706474 0.0610670296 0.2119945 0 0 0
C@CP 3030 0.0443632234 0.216694845 0.171457774 0 0 0
C@CP 3031 -0.135379284 0.313908539 -0.148732866 0 0 0
C@CP 3032 -0.20117319 0.172606784 0.294694405 0 0 0
C@CP 3033 -0.18789404 -0.167918805 -0.0695194876 0 0 0
C@CP 3034 -0.269578733 0.0383898097 0.272547599 0 0 0
C@CP 3035 -0.275245071 0.103331503 0.249894501 0 0 0
C@CP 3036 -0.385108554 -0.142724328 -0.0385095443 0 0 0
C@CP 3037 0.172959256 -0.132112484 -0.234130732 0 0 0
C@CP 3038 -0.158550804 -0.0653159364 0.265464371 0 0 0
C@CP 3039 -0.215252384 -0.383875293 0.0268453717 0 0 0
C@CP 3040 0.312477666 -0.0159798739 0.330871669 0 0 0
C@CP 3041 -0.0511997351 -0.185727513 0.0630447798 0 0 0
C@CP 3042 0.384696128 -0.242672356 0.171479008 0 0 0
C@CP 3043 0.0969967375 0.268803093 -0.161848885 0 0 0
C@CP 3044 0.142015322 0.130998016 0.117060983 0 0 0
C@CP 3045 -0.149982227 -0.1997587 -0.0338659828 0 0 0
C@CP 3046 -0.324833772 0.175500462 0.139435645 0 0 0
C@CP 3047 -0.00488091946 -0.240749593 0.389869698 0 0 0
C@CP 3048 0.0222847637 0.179531934 -0.290404366 0 0 0
C@CP 3049 0.43343701 -0.0448144695 0.0260267953 0 0 0
C@CP 3050 -0.0215423562 -0.171536007 0.332018837 0 0 0
C@CP 3051 -0.0765525765 0.0410597467 0.328291065 0 0 0
C@CP 3052 0.0776817858 -0.0618629375 -0.214170066 0 0 0
C@CP 3053 -0.136863831 -0.412525172 0.160597316 0 0 0
C@CP 3054 -0.126606836 0.0207058033 -0.244373832 0 0 0
C@CP 3055 -0.0267284128 0.362152902 0.242127068 0 0 0
C@CP 3056 0.303384453 0.0612682169 0.0728052845 0 0 0
C@CP 3057 -0.0875746097 -0.256035135 0.108308248 0 0 0
C@CP 3058 -0.354075313 -0.239118962 0.00787651103 0 0 0
C@CP 3059 -0.281812683 0.28137683 0.0470616554 0 0 0
C@CP 3060 -0.0116003472 -0.185207061 0.242238231 0 0 0
C@CP 3061 -0.259834499 0.0622639346 0.180402494 0 0 0
C@CP 3062 -0.23131946 -0.280168929 0.0472504043 0 0 0
C@CP 3063 -0.028064541 0.179141997 0.0139956723 0 0 0
C@CP 3064 0.379556697 -0.0984995043 -0.204158747 0 0 0
C@CP 3065 0.299936768 -0.359594844 0.0185723582 0 0 0
C@CP 3066 0.0455589917 -0.197467661 0.216436771 0 0 0
C@CP 3067 -0.0743931371 0.270826886 -0.158778195 0 0 0
C@CP 3068 0.00153734886 0.07182293 0.148980441 0 0 0
C@CP 3069 -0.404991593 0.0397219388 -0.138821029 0 0 0
C@CP 3070 -0.213995609 0.197038552 -0.248764604 0 0 0
C@CP 3071 -0.0332306451 0.470954921 -0.0448778699 0 0 0
C@CP 3072 -0.333227057 -0.185133181 0.143928762 0 0 0
C@CP 3073 -0.0709779798 -0.194176052 -0.0336516125 0 0 0
C@CP 3074 -0.228643135 0.129745819 -0.239070445 0 0 0
C@CP 3075 -0.223047797 -0.153824973 -0.305775345 0 0 0
C@CP 3076 0.0914879176 0.279616279 -0.0324211548 0 0 0
C@CP 3077 0.0570509793 -0.219218033 -0.212415211 0 0 0
C@CP 3079 0.264410057 -0.217437601 -0.201291398 0 0 0
C@CP 3080 0.147671349 -0.179972801 -0.369809568 0 0 0
C@CP 3081 -0.103027051 -0.267477096 0.342291383 0 0 0
C@CP 3082 0.17428943 0.217344521 -0.177351036 0 0 0
C@CP 3083 -0.0564460689 0.368728625 -0.261428831 0 0 0
C@CP 3084 -0.0841968291 0.129282439 -0.112734869 0 0 0
C@CP 3085 -0.134863599 -0.257926304 0.143915881 0 0 0
C@CP 3086 -0.196820749 -0.233532873 0.148450214 0 0 0
C@CP 3087 -0.149474632 0.0958187492 -0.0942032612 0 0 0
C@CP 3088 -0.0914526807 0.29313324 -0.161075873 0 0 0
C@CP 3089 0.294417045 -0.130494902 0.322097887 0 0 0
C@CP 3090 0.0869212865 0.0128102417 0.104386711 0 0 0
C@CP 3091 -0.205968039 -0.359911538 -0.126701499 0 0 0
C@CP 3092 0.283918694 -0.311363148 0.0174531749 0 0 0
C@CP 3093 0.109969066 0.128668233 0.0629078543 0 0 0
C@CP 3094 0.0981053662 -0.38243646 0.0681928012 0 0 0
C@CP 3095 0.209977797 -0.123458032 0.138977944 0 0 0
C@CP 3096 -0.258761516 0.0879855804 0.0473624545 0 0 0
C@CP 3097 -0.0217843616 -0.431416679 0.00443550754 0 0 0
C@CP 3098 0.0453641014 -0.367434082 -0.0534127407 0 0 0
C@CP 3099 -0.0463765641 -0.15549737 -0.338342349 0 0 0
C@CP 3100 0.158023302 0.232080268 0.0592583069 0 0 0
C@CP 3101 -0.0235318435 -0.281014848 -0.376388221 0 0 0
C@CP 3102 0.218992904 -0.0307450257 -0.212771926 0 0 0
C@CP 3103 -0.113450221 0.264291258 -0.246465562 0 0 0
C@CP 3104 -0.247552676 -0.335061929 -0.0281902698 0 0 0
C@CP 3105 0.0401717768 0.136361054 0.2208568 0 0 0
C@CP 3106 -0.396988528 0.152340267 0.100451357 0 0 0
C@CP 3107 -0.102117789 0.111088751 0.112914442 0 0 0
C@CP 3108 -0.0195798153 0.0953748583 -0.371694874 0 0 0
C@CP 3109 0.317965296 0.13884996 0.0688467264 0 0 0
C@CP 3110 -0.12491885 -0.271953972 0.156761661 0 0 0
C@CP 3111 -0.0343007382 -0.101552239 0.321553775 0 0 0
C@CP 3112 0.0152800908 -0.0446976215 -0.0304921391 0 0 0
C@CP 3113 -0.154305803 0.213516046 0.342748575 0 0 0
C@CP 3114 -0.180611398 -0.29237749 -0.0455293614 0 0 0
C@CP 3115 -0.286025087 -0.0396710169 0.204025271 0 0 0
C@CP 3116 0.195234884 0.410589566 0.053323575 0 0 0
C@CP 3117 0.0353580006 -0.302178248 -0.181802667 0 0 0
C@CP 3118 0.11840535 0.0901526647 0.0509957109 0 0 0
C@CP 3119 0.387479407 0.084329799 -0.102931891 0 0 0
C@CP 3120 -0.0138947912 0.282768888 0.326257515 0 0 0
C@CP 3121 0.0882585458 -0.175088666 0.101871963 0 0 0
C@CP 3122 0.237168053 -0.0299802999 0.142070931 0 0 0
C@CP 3123 -0.200490287 -0.0258034821 -0.334874207 0 0 0
C@CP 3124 -0.105687968 -0.167524479 -0.299773728 0 0 0
C@CP 3125 -0.168047187 0.229607609 -0.170050603 0 0 0
C@CP 3126 0.00176798894 -0.378808934 0.170721007 0 0 0
C@CP 3127 0.249904254 -0.277840027 0.14681504 0 0 0
C@CP 3128 0.176604646 0.0830593168 0.0874071228 0 0 0
C@CP 3129 -0.059440279 -0.18625637 0.305674948 0 0 0
C@CP 3130 0.0514229105 -0.216491075 0.373288086 0 0 0
C@CP 3131 0.155888692 -0.368185828 -0.140233086 0 0 0
C@CP 3132 -0.412007661 0.0159592027 -0.0143710266 0 0 0
C@CP 3133 -0.216934789 -0.209075557 0.113744048 0 0 0
C@CP 3134 0.07492563 0.280425287 -0.313088375 0 0 0
C@CP 3135 -0.231907189 0.39302368 -0.0376265794 0 0 0
C@CP 3136 -0.00486740649 0.185443954 0.118026762 0 0 0
C@CP 3137 -0.278303391 -0.0870801946 -0.154793132 0 0 0
C@CP 3138 -0.258255048 -0.338368375 -0.0447498372 0 0 0
C@CP 3139 0.105753191 0.0657194517 -0.289900479 0 0 0
C@CP 3140 0.282775505 -0.226358311 0.221949932 0 0 0
C@CP 3141 -0.261474909 -0.126220972 0.291551818 0 0 0
C@CP 3142 0.0695075968 -0.0458561673 -0.217752053 0 0 0
C@CP 3143 0.0560378736 0.042823236 0.0739484145 0 0 0
C@CP 3144 0.21871097 0.390397164 -0.0308383246 0 0 0
C@CP 3145 -0.254180171 0.211185356 -0.0528409128 0 0 0
C@CP 3146 0.219490913 -0.27773191 -0.0802550837 0 0 0
C@CP 3147 0.225579859 -0.0497315598 0.00350155021 0 0 0
C@CP 3148 -0.00936955283 -0.137545379 0.299633455 0 0 0
C@CP 3149 0.378190575 0.0549874172 0.0246376709 0 0 0
C@CP 3150 -0.0940693368 -0.0183357225 0.450600381 0 0 0
C@CP 3151 -0.400784265 0.156503202 0.0670864031 0 0 0
C@CP 3152 0.0620272459 -0.378968956 0.26172691 0 0 0
C@CP 3153 -0.103863096 -0.254890007 0.197449837 0 0 0
C@CP 3154 -0.283961669 0.0657172849 -0.345036352 0 0 0
C@CP 3155 0.308716018 -0.125388132 -0.0997048864 0 0 0
C@CP 3156 0.0792315588 0.099106471 -0.243692568 0 0 0
C@CP 3157 -0.209925112 0.319064933 -0.036238724 0 0 0
C@CP 3158 0.156734354 0.366722156 0.0731139363 0 0 0
C@CP 3159 -0.0458333964 -0.292045941 -0.324823479 0 0 0
C@CP 3160 0.109097397 0.0505494789 0.117334518 0 0 0
C@CP 3161 0.174798082 0.105881449 0.0184424651 0 0 0
C@CP 3162 0.0594233383 0.078606134 -0.360921307 0 0 0
C@CP 3163 -0.348322006 -0.0986205422 0.0787442193 0 0 0
C@CP 3164 0.357600059 -0.0978885277 -0.271041533 0 0 0
C@CP 3165 0.0627700132 0.404612577 0.021017372 0 0 0
C@CP 3166 -0.0255298202 -0.136166106 -0.210397318 0 0 0
C@CP 3167 0.139585604 -0.265495772 0.353251231 0 0 0
C@CP 3168 0.423917303 0.0643945633 -0.0927772529 0 0 0
C@CP 3169 -0.169989537 -0.0644328654 -0.212087108 0 0 0
C@CP 3170 0.377496628 -0.178769131 -0.145962736 0 0 0
C@CP 3171 0.0195814256 -0.0981878258 -0.205309489 0 0 0
C@CP 3172 0.196970854 0.102897407 -0.0343589741 0 0 0
C@CP 3173 0.040353947 0.239503071 -0.00947401108 0 0 0
C@CP 3174 0.123221643 0.21050046 -0.193044744 0 0 0
C@CP 3175 -0.229414008 -0.0136494092 -0.188754469 0 0 0
C@CP 3176 0.403578184 0.169310716 -0.0552334356 0 0 0
C@CP 3177 0.313470631 0.249213343 -0.132582517 0 0 0
C@CP 3178 0.0898129179 -0.306644474 -0.0371619284 0 0 0
C@CP 3179 0.261948137 -0.236040515 0.0106784826 0 0 0
C@CP 3180 -0.23871068 0.26762705 -0.109878933 0 0 0
C@CP 3181 0.00182788389 0.22149419 0.239780139 0 0 0
C@CP 3182 -0.0392408134 -0.177492873 0.161108639 0 0 0
C@CP 3183 -0.0517559961 0.444053759 -0.0699271114 0 0 0
C@CP 3184 -0.00179920574 0.0870718597 -0.149937981 0 0 0
C@CP 3185 0.417215251 0.102311579 0.00509695387 0 0 0
C@CP 3186 0.103697085 0.294935965 -0.174844862 0 0 0
C@CP 3187 0.0416825617 0.0880393895 0.387001588 0 0 0
C@CP 3188 -0.200269888 -0.196796471 -0.155231195 0 0 0
C@CP 3189 0.183306634 0.153005568 -0.078098556 0 0 0
C@CP 3190 0.153095607 -0.381449405 -0.184850358 0 0 0
C@CP 3191 0.226921967 -0.303598617 -0.0625465461 0 0 0
C@CP 3192 0.065534445 -0.166260141 0.134837961 0 0 0
C@CP 3193 -0.0822157384 0.281023547 0.346124534 0 0 0
C@CP 3194 -0.284794967 0.132411074 -0.305104087 0 0 0
C@CP 3195 -0.122716742 -0.314014753 -0.143295183 0 0 0
C@CP 3196 0.329095978 -0.302090991 0.0173000449 0 0 0
C@CP 3197 0.44318689 0.065611344 0.0823242568 0 0 0
C@CP 3198 -0.131190177 0.0744405704 0.0492264374 0 0 0
C@CP 3199 -0.0107316351 0.364273109 -0.251338837 0 0 0
C@CP 3200 0.376156549 -0.249292453 -0.0697246969 0 0 0
C@CP 3201 -0.215382217 -0.0236587527 -0.065199649 0 0 0
C@CP 3203 0.0432017656 0.355327005 -0.00500190653 0 0 0
C@CP 3204 0.0303976629 0.0782743786 -0.306836482 0 0 0
C@CP 3205 0.00341142034 -0.0319599455 0.02019108 0 0 0
C@CP 3206 0.212981081 0.141932473 -0.135186109 0 0 0
C@CP 3207 -0.251907188 0.336701388 0.106767563 0 0 0
C@CP 3208 -0.408035752 -0.207374751 -0.123697265 0 0 0
C@CP 3209 0.240020573 0.247359519 -0.0333648931 0 0 0
C@CP 3210 0.193995801 -0.0419784079 0.393065357 0 0 0
C@CP 3211 -0.0876987032 0.0159884868 -0.290998916 0 0 0
C@CP 3212 -0.0399670243 -0.0632206684 -0.276724597 0 0 0
C@CP 3213 -0.0121505428 -0.287162594 0.147580475 0 0 0
C@CP 3214 -0.171435369 0.34271324 0.115334832 0 0 0
C@CP 3215 -0.0772405663 0.20416727 -0.338584706 0 0 0
C@CP 3216 -0.194529929 -0.0828986088 -0.204508882 0 0 0
C@CP 3217 0.105739638 -0.341293432 -0.0309644774 0 0 0
C@CP 3218 -0.283890544 -0.135843654 0.318655127 0 0 0
C@CP 3219 -0.427217753 -0.118333362 -0.00879127595 0 0 0
C@CP 3220 0.0290958235 -0.114819267 0.157856566 0 0 0
C@CP 3221 -0.0966179198 0.152034708 0.425208231 0 0 0
C@CP 3222 0.288647743 0.0579025445 -0.0806191029 0 0 0
C@CP 3223 0.168014303 -0.272526479 0.226007655 0 0 0
C@CP 3224 -0.0363606795 -0.0607756377 0.257253966 0 0 0
C@CP 3225 0.0455020341 0.410953036 0.121187361 0 0 0
C@CP 3226 -0.188605817 -0.339804317 0.0772946153 0 0 0
C@CP 3227 0.328911586 -0.117491563 -0.0155249991 0 0 0
C@CP 3228 -0.0497731418 0.288748531 0.194240746 0 0 0
C@CP 3229 -0.182260734 -0.0518500698 0.288764128 0 0 0
C@CP 3230 -0.471028443 -0.0410536852 0.0157699508 0 0 0
C@CP 3231 0.0127762755 0.409442554 0.0804387072 0 0 0
C@CP 3232 -0.0141263082 -0.194455955 -0.00652030459 0 0 0
C@CP 3233 -0.0198761331 -0.210967195 0.386640956 0 0 0
C@CP 3234 -0.137741492 0.344700391 -0.0512278061 0 0 0
C@CP 3235 0.19855475 -0.126329997 0.13103724 0 0 0
C@CP 3236 -0.0293593158 0.0811224285 -0.404207358 0 0 0
C@CP 3237 -0.167906539 -0.293724019 0.269685764 0 0 0
C@CP 3238 -0.0718443346 -0.220520707 -0.258727318 0 0 0
C@CP 3239 -0.0540202362 0.115664168 -0.211032331 0 0 0
C@CP 3240 0.0665050771 0.149373584 -0.250101296 0 0 0
C@CP 3241 0.227412182 -0.416104931 0.0384442616 0 0 0
C@CP 3242 -0.0666573307 -0.0917501092 -0.238334264 0 0 0
C@CP 3243 0.228690503 -0.109278087 0.367358805 0 0 0
C@CP 3244 0.118966047 0.140730481 0.324176735 0 0 0
C@CP 3245 0.0332254261 0.185093992 0.235980447 0 0 0
C@CP 3246 -0.223350554 -0.2052924 -0.0149135418 0 0 0
C@CP 3247 -0.126490365 -0.258863789 -0.131903544 0 0 0
C@CP 3248 0.0709881139 -0.00619359667 -0.425344 0 0 0
C@CP 3249 0.073819188 -0.306999445 0.084412494 0 0 0
C@CP 3250 0.290607976 0.0306597487 0.316696117 0 0 0
C@CP 3251 0.0517956938 -0.310351499 -0.145435246 0 0 0
C@CP 3252 -0.0708219308 0.282207483 0.138651876 0 0 0
C@CP 3253 -0.287354661 -0.000802941722 0.151437143 0 0 0
C@CP 3254 -0.388264188 0.0384456947 0.118969932 0 0 0
C@CP 3255 0.0249284542 -0.167193428 -0.104686039 0 0 0
C@CP 3256 0.433721043 0.0374257617 0.015050094 0 0 0
C@CP 3257 -0.263730754 0.389670208 -0.0355239959 0 0 0
C@CP 3258 0.182797991 -0.167559308 -0.350401302 0 0 0
C@CP 3259 0.148529608 0.291914297 -0.0957763974 0 0 0
C@CP 3260 0.121603511 0.174931096 0.0652452696 0 0 0
C@CP 3261 0.321806578 0.253385778 0.120164719 0 0 0
C@CP 3262 -0.0264118973 -0.0774086928 0.241808929 0 0 0
C@CP 3263 0.0843419429 0.408106423 0.103970579 0 0 0
C@CP 3264 -0.0831327227 -0.103822078 0.278719096 0 0 0
C@CP 3265 -0.0716248762 -0.0803697882 0.263359628 0 0 0
C@CP 3266 -0.00816423168 -0.270118483 0.187850624 0 0 0
C@CP 3267 -0.331046396 -0.10751554 -0.204351612 0 0 0
C@CP 3268 0.232577589 -0.164926367 -0.350125764 0 0 0
C@CP 3269 -0.266793777 -0.280533954 0.205482698 0 0 0
C@CP 3270 -0.134329492 0.265948277 0.136637873 0 0 0
C@CP 3271 -0.112841458 -0.422606847 -0.111461378 0 0 0
C@CP 3272 0.359555551 0.0306652876 -0.215910106 0 0 0
C@CP 3273 -0.246791157 -0.250599782 -0.299718574 0 0 0
C@CP 3274 0.0378286734 -0.192947169 0.231474113 0 0 0
C@CP 3275 -0.350527084 -0.224704485 0.220351663 0 0 0
C@CP 3277 0.232994235 -0.208635231 -0.156480221 0 0 0
C@CP 3278 0.239570111 0.162331464 0.390877126 0 0 0
C@CP 3279 -0.291465565 -0.0291495281 0.16391968 0 0 0
C@CP 3280 0.0222256733 0.259816297 -0.108197507 0 0 0
C@CP 3281 0.19131043 0.0954409952 -0.331995607 0 0 0
C@CP 3282 -0.0727297806 0.0795440785 0.0534850357 0 0 0
C@CP 3283 0.0414753809 -0.14178545 0.234822711 0 0 0
C@CP 3284 -0.181540999 -0.00661548598 0.16490822 0 0 0
C@CP 3285 0.201329084 -0.245276002 -0.324232341 0 0 0
C@CP 3286 -0.219196678 0.0836430748 -0.281211805 0 0 0
C@CP 3287 -0.2692603 0.06517235 -0.168578663 0 0 0
C@CP 3288 -0.250276677 0.231023859 -0.0399302056 0 0 0
C@CP 3289 0.00307864399 0.0156627352 0.366834438 0 0 0
C@CP 3290 -0.0931772836 0.088627822 -0.145834452 0 0 0
C@CP 3291 0.261920837 -0.0776692517 -0.291976491 0 0 0
C@CP 3292 0.00272258856 -0.377189266 0.259393972 0 0 0
C@CP 3293 0.398674669 0.00707666561 0.144807324 0 0 0
C@CP 3295 -0.310000761 -0.218397823 -0.106281529 0 0 0
C@CP 3296 -0.152807871 -0.240758403 -0.0835583678 0 0 0
C@CP 3297 -0.201838461 -0.200315635 -0.33690625 0 0 0
C@CP 3298 -0.0903828363 -0.315092131 -0.241392098 0 0 0
C@CP 3299 0.0558678047 0.293533099 0.23694294 0 0 0
C@CP 3300 0.159845759 -0.0241955945 0.0969163197 0 0 0
C@CP 3301 0.159365534 -0.304646782 -0.0892309985 0 0 0
C@CP 3302 0.0381969224 0.282560041 0.369586032 0 0 0
C@CP 3303 -0.0903724172 0.0122931193 -0.290785909 0 0 0
C@CP 3304 0.0388704071 -0.296211013 0.0340207598 0 0 0
C@CP 3305 -0.284940453 0.141422217 0.0714582202 0 0 0
C@CP 3306 0.166084944 -0.172996546 -0.222944008 0 0 0
C@CP 3307 0.0536497232 0.353695083 0.1594475 0 0 0
C@CP 3308 -0.344462809 -0.0762020115 0.0762688864 0 0 0
C@CP 3309 -0.241857839 0.041896619 -0.181531273 0 0 0
C@CP 3310 -0.0712619904 0.037959556 -0.345909693 0 0 0
C@CP 3311 -0.0672367358 -0.0473383455 -0.255217726 0 0 0
C@CP 3312 0.285267585 -0.0443216766 0.227057128 0 0 0
C@CP 3313 -0.17328528 0.0182503844 -0.119511051 0 0 0
C@CP 3314 -0.343811553 0.287154724 -0.0539474484 0 0 0
C@CP 3315 0.187916862 0.225133048 -0.30644439 0 0 0
C@CP 3316 0.284442616 0.255401404 0.249231229 0 0 0
C@CP 3317 0.0113180772 0.388243434 -0.0417283948 0 0 0
C@CP 3318 -0.0961707105 -0.184277422 0.383022655 0 0 0
C@CP 3319 -0.240108268 -0.109083577 -0.0700465598 0 0 0
C@CP 3320 -0.19149247 0.274213449 -0.187253607 0 0 0
C@CP 3321 0.314036442 -0.0182363059 -0.291815931 0 0 0
C@CP 3322 -0.109527495 0.283878082 0.055578436 0 0 0
C@CP 3323 -0.11043394 0.176670013 -0.272966577 0 0 0
C@CP 3324 0.148039866 -0.298925154 0.216181584 0 0 0
C@CP 3325 -0.277691302 -0.053081217 0.278658922 0 0 0
C@CP 3326 -0.248678951 0.260759025 -0.0184282938 0 0 0
C@CP 3327 0.0176830396 -0.247799782 -0.091252326 0 0 0
C@CP 3328 -0.362286003 0.117793935 -0.128552099 0 0 0
C@CP 3329 -0.0777220145 -0.164350025 0.0281132789 0 0 0
C@CP 3330 0.194383755 -0.430573562 0.00243060073 0 0 0
C@CP 3331 0.173913369 0.307989051 0.279857257 0 0 0
C@CP 3332 0.357478928 0.0417864967 -0.299501613 0 0 0
C@CP 3333 0.312548427 -0.000832079139 -0.131150884 0 0 0
C@CP 3334 0.0366325949 0.0211768345 0.254057288 0 0 0
C@CP 3335 0.104336553 -0.121705262 0.272253304 0 0 0
C@CP 3336 -0.0302841703 -0.0569271309 -0.292914411 0 0 0
C@CP 3337 0.148150959 0.358336456 -0.102128709 0 0 0
C@CP 3338 0.0539108287 -0.191586838 -0.0811134424 0 0 0
C@CP 3339 -0.181514854 0.260426884 -0.323380153 0 0 0
C@CP 3340 -0.119354074 -0.00911519189 -0.13742951 0 0 0
C@CP 3341 0.372397652 0.127514002 0.208178946 0 0 0
C@CP 3342 0.190508357 -0.242771709 -0.0376673364 0 0 0
C@CP 3343 0.142344257 -0.256082981 -0.24250519 0 0 0
C@CP 3344 0.320060307 0.270857538 -0.198475606 0 0 0
C@CP 3345 -0.376343367 -0.0739990112 0.134336672 0 0 0
C@CP 3346 -0.259511397 -0.339849175 0.148881054 0 0 0
C@CP 3347 -0.103913527 -0.0382321259 0.292579726 0 0 0
C@CP 3348 -0.165824393 -0.339204026 -0.210247799 0 0 0
C@CP 3349 -0.256603453 0.143496932 -0.391200695 0 0 0
C@CP 3350 0.0314706896 0.281646038 0.13518454 0 0 0
C@CP 3351 -0.166427767 0.221319284 0.0919370038 0 0 0
C@CP 3353 0.164435475 0.0827906638 -0.173004031 0 0 0
C@CP 3354 0.0123806446 0.0325530376 -0.207115577 0 0 0
C@CP 3355 0.109772947 -0.19266547 -0.329659135 0 0 0
C@CP 3356 -0.261590572 0.108475838 0.379537632 0 0 0
C@CP 3357 0.199435412 0.161981979 -0.0953115396 0 0 0
C@CP 3358 0.366043296 -0.264878672 -0.078256035 0 0 0
C@CP 3359 0.268344321 -0.00694582858 0.051870523 0 0 0
C@CP 3360 0.0485086775 -0.132399947 0.114167932 0 0 0
C@CP 3361 -0.0999456725 -0.222680214 0.0306260658 0 0 0
C@CP 3362 0.37237365 -0.24574732 -0.114523217 0 0 0
C@CP 3363 0.0654585637 -0.327857901 0.169487486 0 0 0
C@CP 3364 0.0752082978 -0.216214282 -0.378282109 0 0 0
C@CP 3365 -0.103318928 -0.385136873 0.0108000583 0 0 0
C@CP 3366 -0.0211050931 0.433447549 0.0538025373 0 0 0
C@CP 3367 0.297782553 -0.0442938817 -0.048733237 0 0 0
C@CP 3368 -0.312620305 0.146266758 -0.0969805609 0 0 0
C@CP 3369 -0.154878252 0.189569518 0.183057911 0 0 0
C@CP 3370 -0.142201846 -0.0699039667 -0.153618355 0 0 0
C@CP 3371 -0.131683806 0.0328659924 0.292768697 0 0 0
C@CP 3372 -0.219272985 0.2595954 0.198367674 0 0 0
C@CP 3373 0.336395406 0.122108281 0.086450661 0 0 0
C@CP 3374 -0.069511783 0.272347401 0.212538146 0 0 0
C@CP 3375 0.182767141 -0.0735977088 -0.366458795 0 0 0
C@CP 3376 -0.168290281 -0.00505606375 0.229215306 0 0 0
C@CP 3377 -0.214183968 -0.108050181 0.0943577779 0 0 0
C@CP 3378 0.375610101 -0.193793917 -0.141740668 0 0 0
C@CP 3379 0.118969511 0.227936035 -0.113012154 0 0 0
C@CP 3380 0.190576827 0.119407743 -0.137112597 0 0 0
C@CP 3381 0.178900985 0.0341639808 0.345946938 0 0 0
C@CP 3382 0.32741695 -0.275639494 0.0763764081 0 0 0
C@CP 3383 -0.369452571 0.127015859 0.138988876 0 0 0
C@CP 3384 -0.388146335 -0.0355807187 -0.0405280428 0 0 0
C@CP 3385 0.201455014 -0.0663682964 0.234698701 0 0 0
C@CP 3386 -0.0884858726 -0.383029647 0.0719102867 0 0 0
C@CP 3387 0.179201464 0.190219458 -0.219254233 0 0 0
C@CP 3388 0.249295946 0.0640441011 0.000922617771 0 0 0
C@CP 3389 -0.127821992 0.24147711 0.366264886 0 0 0
C@CP 3390 -0.158703397 0.245160745 0.311814357 0 0 0
C@CP 3391 0.131408761 -0.236847009 -0.0613768685 0 0 0
C@CP 3392 0.255772994 0.300984909 0.178491017 0 0 0
C@CP 3393 -0.126031037 0.0468060789 -0.41202296 0 0 0
C@CP 3394 0.11542446 0.215495384 0.341112078 0 0 0
C@CP 3395 0.305280499 0.308035786 -0.00915652662 0 0 0
C@CP 3396 -0.141170356 -0.0545170881 0.0309387569 0 0 0
C@CP 3397 -0.270515501 0.0354048855 0.275387298 0 0 0
C@CP 3398 0.111402383 -0.146318111 -0.106466243 0 0 0
C@CP 3399 -0.177784118 -0.26185978 0.173760944 0 0 0
C@CP 3400 0.0595341856 -0.153738398 -0.0984686244 0 0 0
C@CP 3401 -0.374400004 -0.0782128163 0.227287791 0 0 0
C@CP 3402 -0.0974651907 -0.23044946 0.126967045 0 0 0
C@CP 3403 0.115419312 -0.452186621 0.040580044 0 0 0
C@CP 3404 0.286614307 -0.178087128 -0.161831047 0 0 0
C@CP 3405 0.0261323148 0.278489075 0.0661514455 0 0 0
C@CP 3406 -0.206439922 0.105210742 0.299348406 0 0 0
C@CP 3407 -0.33591967 2.45627039e-05 0.268996652 0 0 0
C@CP 3408 -0.18945209 -0.0916527728 0.321523925 0 0 0
C@CP 3409 0.020559317 0.149576839 -0.0102600932 0 0 0
C@CP 3410 0.00977220426 -0.323978312 0.227743255 0 0 0
C@CP 3411 -0.18722333 0.392889177 -0.0519378198 0 0 0
C@CP 3412 -0.261102123 0.183516373 0.338315269 0 0 0
C@CP 3413 0.0566901565 0.0252075205 -0.361303138 0 0 0
C@CP 3414 -0.0529654751 -0.149886606 -0.112261207 0 0 0
C@CP 3415 -0.11197541 0.141469012 -0.0200494083 0 0 0
C@CP 3416 0.266553825 -0.155420712 0.0431355968 0 0 0
C@CP 3417 0.103721339 -0.347357641 0.0850595128 0 0 0
C@CP 3418 -0.0267030465 0.117782891 0.153849339 0 0 0
C@CP 3419 0.186330161 0.337077509 0.146971096 0 0 0
C@CP 3420 -0.0740258499 -0.073019216 0.172028613 0 0 0
C@CP 3421 -0.16299216 0.1907605 0.326202148 0 0 0
C@CP 3422 -0.105113147 -0.348819256 -0.226982265 0 0 0
C@CP 3423 0.440080034 0.031823143 -0.0501567203 0 0 0
C@CP 3424 -0.067140601 -0.131526898 0.0142663978 0 0 0
C@CP 3425 -0.0430419267 0.0597297638 -0.466180219 0 0 0
C@CP 3426 0.140669244 -0.244937928 0.318052251 0 0 0
C@CP 3427 -0.0951936925 0.445903531 -0.0654409323 0 0 0
C@CP 3428 -0.0661609283 -0.284587047 -0.192280155 0 0 0
C@CP 3429 -0.0228951791 -0.155764421 0.0998970561 0 0 0
C@CP 3430 -0.19896186 0.0371142305 0.231063807 0 0 0
C@CP 3431 -0.150527049 -0.0495302358 -0.227233155 0 0 0
C@CP 3432 -0.193293917 0.264732391 0.0713216495 0 0 0
C@CP 3433 0.22283778 0.282964394 0.0261345044 0 0 0
C@CP 3434 -0.0146289927 0.0287448305 -0.40160409 0 0 0
C@CP 3435 -0.287229055 0.203289239 -0.11837933 0 0 0
C@CP 3436 -0.196764689 0.00277727177 0.159138574 0 0 0
C@CP 3437 -0.111766483 -0.336464815 -0.257679313 0 0 0
C@CP 3438 -0.165116201 -0.144078711 -0.262857637 0 0 0
C@CP 3439 0.133941754 -0.273039875 -0.0347004396 0 0 0
C@CP 3440 -0.187151525 -0.052570575 -0.343940569 0 0 0
C@CP 3441 0.283903716 0.177272628 -0.197457612 0 0 0
C@CP 3442 0.20862085 -0.0272506185 0.298643652 0 0 0
C@CP 3443 -0.118000725 -0.300866319 -0.230338656 0 0 0
C@CP 3444 -0.0295587173 -0.0117667812 -0.00854929766 0 0 0
C@CP 3445 0.09363235 -0.060421944 -0.443745753 0 0 0
C@CP 3446 -0.127507365 0.0713951752 0.275406791 0 0 0
C@CP 3447 0.184195841 0.10709107 -0.211958346 0 0 0
C@CP 3448 -0.309218537 0.0327380268 -0.19164546 0 0 0
C@CP 3449 0.105651672 -0.18219902 -0.240328172 0 0 0
C@CP 3450 -0.0240880423 0.233418105 -0.0481140504 0 0 0
C@CP 3451 0.297515359 -0.0928540064 0.0268625977 0 0 0
C@CP 3452 0.00584966192 -0.0110587284 0.240951551 0 0 0
C@CP 3454 0.359861824 0.0888023318 0.170422955 0 0 0
C@CP 3455 0.12703422 0.416586649 -0.174336356 0 0 0
C@CP 3456 -0.314513634 0.227862532 0.0464646134 0 0 0
C@CP 3457 0.275682401 -0.15607062 -0.000612271699 0 0 0
C@CP 3458 -0.101013761 -0.0683626411 0.156664215 0 0 0
C@CP 3459 -0.208499916 0.347502868 -0.0711336255 0 0 0
C@CP 3460 0.146304023 0.19181346 -0.203229702 0 0 0
C@CP 3461 0.139971537 -0.333910255 -0.160581383 0 0 0
C@CP 3462 0.1549877 0.27007069 0.187806596 0 0 0
C@CP 3463 -0.0667905772 0.384902054 -0.0305639835 0 0 0
C@CP 3464 0.362554581 0.0270207953 0.0563448297 0 0 0
C@CP 3465 0.0166481276 0.0993781244 0.182346676 0 0 0
C@CP 3466 -0.194426011 0.360332812 -0.141022996 0 0 0
C@CP 3467 0.129266548 -0.168709784 -0.383116123 0 0 0
C@CP 3468 -0.156042079 -0.0644110897 0.000960610561 0 0 0
C@CP 3469 -0.389133953 -0.197929491 -0.18106056 0 0 0
C@CP 3470 -0.179569214 0.09700173 -0.080973456 0 0 0
C@CP 3471 0.143129688 0.342851335 0.215234996 0 0 0
C@CP 3472 -0.0520418565 0.203620212 0.131146857 0 0 0
C@CP 3473 -0.00360812483 0.106414088 0.1784281 0 0 0
C@CP 3474 0.0248536639 0.174303525 -0.203154043 0 0 0
C@CP 3475 -0.14490618 -0.0462114054 0.199874505 0 0 0
C@CP 3476 0.063772742 -0.0524562874 -0.212937299 0 0 0
C@CP 3477 0.351297584 0.228052965 -0.137931418 0 0 0
C@CP 3478 0.0446549981 0.0877480477 -0.197539703 0 0 0
C@CP 3479 -0.247441521 0.174855441 0.176095582 0 0 0
C@CP 3480 0.116997118 0.014843324 0.0802615307 0 0 0
C@CP 3481 -0.159859627 0.350500188 0.152504444 0 0 0
C@CP 3482 -0.0722231827 0.335356752 -0.0400980358 0 0 0
C@CP 3483 0.330524718 0.0275514712 0.091597423 0 0 0
C@CP 3484 -0.0863673315 -0.137062507 -0.232804294 0 0 0
C@CP 3485 0.338545545 -0.0234663763 0.234674755 0 0 0
C@CP 3486 0.111048072 -0.144100537 0.362440427 0 0 0
C@CP 3487 -0.310694996 0.0795077543 -0.330843853 0 0 0
C@CP 3488 -0.0397418543 -0.358488864 -0.00574137145 0 0 0
C@CP 3489 -0.119291603 0.058379527 -0.19929497 0 0 0
C@CP 3490 -0.111769043 -0.0570105451 -0.15341773 0 0 0
C@CP 3491 -0.115483098 -0.210328876 -0.316608013 0 0 0
C@CP 3492 -0.0623484681 -0.0422210977 -0.454419644 0 0 0
C@CP 3493 -0.0451904629 0.293173499 -0.114995404 0 0 0
C@CP 3494 -0.151010135 0.37087768 -0.0377795711 0 0 0
C@CP 3495 0.00946759499 0.277784895 0.379412686 0 0 0
C@CP 3496 0.185334455 0.0752529587 -0.322965803 0 0 0
C@CP 3497 -0.217706237 -0.322800255 -0.0132691034 0 0 0
B@CP 3499 -0.302972227 0.172260451 0.116925678 0 0 0
C@CP 3500 -0.128027963 0.132022434 0.235268642 0 0 0
C@CP 3501 0.277417838 -0.185187069 -0.0715473126 0 0 0
C@CP 3502 0.38309122 -0.113177872 0.18796429 0 0 0
B@CP 3504 -0.24443657 -0.119051622 0.147444212 0 0 0
C@CP 3505 -0.106002055 0.106181094 -0.324632818 0 0 0
B@CP 3507 -0.160212543 -0.34917114 -0.031074185 0 0 0
C@CP 3508 -0.0780880354 -0.15334256 -0.376378562 0 0 0
B@CP 3510 0.177603215 0.360041627 -0.194521988 0 0 0
C@CP 3511 -0.180953173 0.198273968 -0.00467224424 0 0 0
B@CP 3513 0.101375883 -0.15563907 0.0101042176 0 0 0
C@CP 3514 0.0114780592 0.0436565452 -0.0941865763 0 0 0
B@CP 3516 -0.0535317215 -0.354840904 -0.256901717 0 0 0
C@CP 3517 -0.257112973 -0.0251364161 0.206216862 0 0 0
B@CP 3519 -0.0876550096 0.293027678 0.282828521 0 0 0
C@CP 3520 0.0734608167 -0.387476421 -0.21552092 0 0 0
