B@CP 1004 0.127341889 0.126734239 -0.304968387 0 0 0
B@CP 1005 0.100531636 0.310265222 -0.315373438 0 0 0
B@CP 1008 -0.376155868 0.0386041245 -0.225835935 0 0 0
B@CP 1014 0.25438783 0.0222376325 -0.266565261 0 0 0
B@CP 1018 0.00699275564 0.0913281222 0.370601437 0 0 0
B@CP 1020 0.0446168293 -0.294293137 -0.29675467 0 0 0
B@CP 1025 0.136225033 -0.231525034 0.147833039 0 0 0
B@CP 1026 -0.0698649703 0.311972386 0.0109111877 0 0 0
B@CP 1032 0.185614724 -0.369389098 0.208463434 0 0 0
B@CP 1033 -0.199007552 -0.136463488 -0.253323538 0 0 0
B@CP 1034 -0.128617505 0.0752200426 0.338621299 0 0 0
B@CP 1036 0.0707348825 0.311017193 0.211496767 0 0 0
B@CP 1040 -0.178795401 -0.205652688 0.30553772 0 0 0
B@CP 1041 -0.234794661 -0.110711521 -0.151887066 0 0 0
B@CP 1042 0.169637284 0.141055765 -0.402143638 0 0 0
B@CP 1045 -0.387030654 0.126612202 0.0732510884 0 0 0
B@CP 1046 -0.0378462878 0.0953111694 -0.196691217 0 0 0
B@CP 1047 -0.16367059 0.315911489 0.0814143208 0 0 0
B@CP 1055 -0.0792000227 0.260775465 -0.114053853 0 0 0
B@CP 1056 0.054715014 -0.31904644 0.0481220978 0 0 0
B@CP 1059 0.145148617 -0.0464382454 -0.210103992 0 0 0
B@CP 1063 -0.0920018516 0.371608754 0.0883984408 0 0 0
B@CP 1065 0.0418576732 0.0593001383 -0.233904471 0 0 0
B@CP 1066 0.442598524 -0.0949270089 0.00803412796 0 0 0
B@CP 1068 -0.0350134825 0.191913031 -0.17541511 0 0 0
B@CP 1069 0.426601687 -0.106139771 -0.118702268 0 0 0
B@CP 1070 0.311145734 -0.131625036 0.213841904 0 0 0
B@CP 1077 -0.159575721 0.086666388 -0.120149501 0 0 0
B@CP 1080 -0.0375621479 -0.0342630155 0.408356913 0 0 0
B@CP 1083 -0.188166054 -0.165098868 0.220399459 0 0 0
B@CP 1084 -0.189044683 -0.130600357 -0.0970091395 0 0 0
B@CP 1085 -0.205778744 0.388852589 0.126474583 0 0 0
B@CP 1089 -0.315674668 -0.0840142101 -0.0200426563 0 0 0
B@CP 1091 0.0162646181 0.0525455818 0.409059861 0 0 0
B@CP 1092 0.0629680135 0.247064395 -0.235414578 0 0 0
B@CP 1093 0.0379703019 0.130677898 -0.428441172 0 0 0
B@CP 1094 0.175690523 -0.287628823 -0.2768897 0 0 0
B@CP 1099 0.17164027 0.235736579 -0.2734075 0 0 0
B@CP 1100 -0.276412522 0.314901491 0.058648328 0 0 0
B@CP 1104 0.0711257286 -0.378975741 0.217802092 0 0 0
B@CP 1105 0.0770874991 -0.042666787 -0.116621212 0 0 0
B@CP 1106 0.247691092 0.217670429 -0.0509695643 0 0 0
B@CP 1107 0.193670561 -0.211429196 0.134734078 0 0 0
B@CP 1109 -0.00571141556 -0.0855920791 0.345074944 0 0 0
B@CP 1110 0.386067638 -0.211097097 0.120678824 0 0 0
B@CP 1117 0.300242221 0.143518542 -0.0279786988 0 0 0
B@CP 1118 0.0801377543 -0.00547066239 0.197597613 0 0 0
B@CP 1121 -0.034418803 -0.0247401216 0.391257 0 0 0
B@CP 1122 0.0387941238 -0.042495034 0.182748286 0 0 0
B@CP 1123 0.100101985 -0.0610883693 0.109994527 0 0 0
B@CP 1125 0.361350801 -0.282680718 0.0454200483 0 0 0
B@CP 1131 0.328920893 -0.194846634 -0.211798688 0 0 0
B@CP 1139 -0.029901292 -0.0246137439 -0.049137955 0 0 0
B@CP 1143 0.167966112 -0.219156477 0.125827318 0 0 0
B@CP 1146 -0.243187836 -0.307569211 -0.190143272 0 0 0
B@CP 1147 0.18462164 0.0824113748 -0.134063563 0 0 0
B@CP 1149 0.212349337 -0.240189025 -0.286458077 0 0 0
B@CP 1152 0.273579759 -0.25336337 -0.228104925 0 0 0
B@CP 1154 -0.0338220383 -0.273601805 0.313793203 0 0 0
B@CP 1155 0.268649629 -0.238770916 0.116602429 0 0 0
B@CP 1160 -0.0990405695 0.330009934 -0.0488379912 0 0 0
B@CP 1161 -0.241472858 -0.101338663 0.303336638 0 0 0
B@CP 1162 -0.0846737728 -0.150612229 -0.390615276 0 0 0
B@CP 1163 -0.158335138 -0.314898118 -0.170593351 0 0 0
B@CP 1166 -0.0554070937 -0.311882514 0.239619211 0 0 0
B@CP 1167 -0.28861146 0.112886254 0.107151936 0 0 0
B@CP 1170 0.221833714 -0.0467712605 -0.289362365 0 0 0
B@CP 1171 -0.198890279 -0.126341967 -0.147662441 0 0 0
B@CP 1176 0.0192884341 0.436181069 0.0115742911 0 0 0
B@CP 1179 -0.245940262 0.0434620053 0.171472635 0 0 0
B@CP 1185 0.232246322 0.345841546 0.118651773 0 0 0
B@CP 1186 0.113158703 -0.0803534533 0.214619888 0 0 0
B@CP 1187 -0.30148847 -0.280213041 -0.19387809 0 0 0
B@CP 1188 -0.386285148 0.0391334096 0.0816785001 0 0 0
B@CP 1189 0.0474744911 -0.289766423 0.128025488 0 0 0
B@CP 1190 -0.345101728 -0.277351291 0.0298716614 0 0 0
B@CP 1191 -0.108131711 -0.221825375 -0.0801971673 0 0 0
B@CP 1192 -0.150252335 0.117485383 -0.11923875 0 0 0
B@CP 1196 -0.181627311 0.226416998 -0.205493322 0 0 0
B@CP 1197 -0.0133842291 -0.185224025 0.0195913202 0 0 0
B@CP 1200 -0.0356010715 -0.224155326 -0.0562168582 0 0 0
B@CP 1206 0.0941325454 0.189511236 0.238496912 0 0 0
B@CP 1211 -0.235531937 -0.0447930623 0.135711259 0 0 0
B@CP 1221 -0.0620453455 -0.394681 -0.153760169 0 0 0
B@CP 1222 -0.312128824 -0.120775744 -0.250671598 0 0 0
B@CP 1225 -0.149319209 -0.132125704 0.0294210768 0 0 0
B@CP 1226 -0.278889323 0.320201191 -0.0172387201 0 0 0
B@CP 1228 0.0696584718 0.428518747 0.106722208 0 0 0
B@CP 1229 -0.0239941745 0.129366212 0.203553527 0 0 0
B@CP 1234 0.25276618 0.344203876 0.00774465367 0 0 0
B@CP 1237 -0.110880887 -0.302768461 0.0591833948 0 0 0
B@CP 1239 -0.193686062 0.197249787 0.386117379 0 0 0
B@CP 1241 -0.0516553708 -0.142399208 0.0616027314 0 0 0
B@CP 1242 -0.29561704 0.120923044 0.194222022 0 0 0
B@CP 1245 0.0608238633 -0.0956918133 0.186552212 0 0 0
B@CP 1248 0.176844974 0.242823897 -0.140689838 0 0 0
B@CP 1257 0.0388344005 -0.260594099 -0.0859556805 0 0 0
B@CP 1259 0.307716882 -0.0614794546 0.296804817 0 0 0
B@CP 1262 0.245093071 -0.0149551583 0.319160603 0 0 0
B@CP 1263 0.124472886 0.258446358 -0.0878376947 0 0 0
B@CP 1264 0.171274595 0.14115123 -0.189122178 0 0 0
B@CP 1268 -0.0619280055 -0.0918706849 -0.181109322 0 0 0
B@CP 1274 0.159192958 -0.151339638 -0.0610053779 0 0 0
B@CP 1275 -0.0289968335 -0.312290684 0.151725393 0 0 0
B@CP 1280 -0.28706877 -0.305224281 -0.16557725 0 0 0
B@CP 1281 -0.209038561 0.201184222 0.145463199 0 0 0
B@CP 1284 0.268257326 0.104882183 0.196586164 0 0 0
B@CP 1285 -0.0806294577 0.0254865221 0.246644524 0 0 0
B@CP 1291 0.0498495229 0.00112472444 -0.0483289952 0 0 0
B@CP 1293 -0.300229226 -0.324415709 0.133662969 0 0 0
B@CP 1299 -0.0295086438 -0.144460314 0.210263217 0 0 0
B@CP 1302 0.00848352864 0.272319845 -0.080135263 0 0 0
B@CP 1305 0.260153138 0.0762750732 0.1960901 0 0 0
B@CP 1306 -0.0696225245 -0.148662757 0.263986345 0 0 0
B@CP 1312 0.433853853 0.150260934 0.0454787384 0 0 0
B@CP 1318 -0.359727601 0.123597286 0.209894954 0 0 0
B@CP 1320 0.385856013 -0.0848919465 -0.0976000084 0 0 0
B@CP 1323 0.28890166 0.223443194 -0.0284734337 0 0 0
B@CP 1324 0.222631485 0.28002883 -0.0687575385 0 0 0
B@CP 1326 -0.139485777 -0.164187005 -0.246937629 0 0 0
B@CP 1330 0.158230263 0.297732065 0.279864993 0 0 0
B@CP 1332 0.120157652 0.205237859 0.297077975 0 0 0
B@CP 1335 -0.281046659 0.0665589233 -0.347957872 0 0 0
B@CP 1342 -0.278231411 0.120454362 -0.0219226526 0 0 0
B@CP 1343 -0.300438993 0.152733079 -0.225709228 0 0 0
B@CP 1345 0.089356912 0.139374534 -0.343170533 0 0 0
B@CP 1348 0.127876433 -0.0297255917 0.0608379382 0 0 0
B@CP 1354 0.154977308 0.124419798 -0.0794415369 0 0 0
B@CP 1356 -0.00803470335 -0.0112171298 -0.376716787 0 0 0
B@CP 1362 0.15815092 0.23163688 -0.0348692905 0 0 0
B@CP 1363 0.268139329 -0.282339002 0.194133717 0 0 0
B@CP 1365 -0.196453369 -0.142479788 0.285312153 0 0 0
B@CP 1367 -0.0715311633 -0.287934203 -0.155196174 0 0 0
B@CP 1370 0.204549898 0.00262509446 -0.393268085 0 0 0
B@CP 1371 -0.119942633 -0.0716371038 -0.196544532 0 0 0
B@CP 1372 -0.073946684 0.00488984244 0.157667838 0 0 0
B@CP 1373 -0.176916436 0.147622335 0.307113255 0 0 0
B@CP 1375 0.213902418 -0.347420496 0.102526145 0 0 0
B@CP 1379 -0.156600214 -0.105769162 0.0650085599 0 0 0
B@CP 1385 0.0297880349 -0.0573002202 0.314128572 0 0 0
B@CP 1387 -0.259252776 0.162113981 -0.115266877 0 0 0
B@CP 1390 0.0443320935 0.0289568723 -0.468137061 0 0 0
B@CP 1391 0.143812003 -0.243478529 0.298180158 0 0 0
B@CP 1393 -0.279709125 -0.0770474551 0.320431769 0 0 0
B@CP 1398 -0.0145273445 -0.0802177815 0.302993467 0 0 0
B@CP 1406 0.127660017 -0.241453205 0.125602811 0 0 0
B@CP 1408 -0.414272727 -0.189335179 0.0613609648 0 0 0
B@CP 1410 -0.229697444 0.226265754 -0.0646111302 0 0 0
B@CP 1416 0.109283848 0.40252511 0.0122676223 0 0 0
B@CP 1417 -0.244496954 -0.0114159828 -0.0250404168 0 0 0
B@CP 1422 0.0534912898 0.286266727 -0.211044487 0 0 0
B@CP 1423 0.167241933 -0.286442828 -0.296199774 0 0 0
B@CP 1424 -0.342406997 -0.228054306 0.114523364 0 0 0
B@CP 1428 -0.190214065 0.411214385 -0.0286468782 0 0 0
B@CP 1429 0.038288682 -0.153288979 0.162778434 0 0 0
B@CP 1433 0.235160621 -0.00718116464 -0.404156271 0 0 0
B@CP 1434 0.326734983 0.219587609 0.11540533 0 0 0
B@CP 1436 0.0144867231 0.241707876 0.054183245 0 0 0
B@CP 1438 0.147456244 0.246464916 0.161987212 0 0 0
B@CP 1439 -0.179709291 0.0692050674 -0.331600536 0 0 0
B@CP 1446 0.0633115798 0.331408418 -0.056083806 0 0 0
B@CP 1448 -0.199330111 0.0493599332 0.0761856751 0 0 0
B@CP 1452 -0.245699154 0.171024526 -0.0303381851 0 0 0
B@CP 1453 -0.163790616 -0.295578674 -0.124588527 0 0 0
B@CP 1454 -0.147881437 0.0519266971 0.334566164 0 0 0
B@CP 1465 0.00792498697 -0.123462024 -0.289855692 0 0 0
B@CP 1466 -0.0195848593 -0.350308294 0.260359615 0 0 0
B@CP 1470 0.207549481 0.00174639682 0.339688155 0 0 0
B@CP 1471 -0.109444421 0.107958611 0.0236876448 0 0 0
B@CP 1478 -0.0489559869 0.283020424 -0.267042761 0 0 0
B@CP 1481 -0.0913553791 -0.0413598097 -0.332825229 0 0 0
B@CP 1482 -0.101983687 -0.172167307 0.315995793 0 0 0
B@CP 1483 -0.248803148 -0.0441874658 -0.189194637 0 0 0
B@CP 1486 0.056152982 -0.439542239 0.0650928338 0 0 0
B@CP 1489 0.0595413041 0.409909881 -0.144878082 0 0 0
B@CP 1490 0.0708700592 0.00872372834 -0.28679339 0 0 0
B@CP 1491 0.172860301 0.378582524 -0.0455743415 0 0 0
B@CP 1492 0.076201893 0.0610676803 -0.03802758 0 0 0
B@CP 1495 -0.0532023282 -0.0198245252 0.0147751036 0 0 0
B@CP 1500 0.130155018 0.276736292 -0.20092274 0 0 0
B@CP 1504 0.270682895 -0.268752095 -0.0238702111 0 0 0
B@CP 1505 0.147369388 0.156830769 -0.0320902515 0 0 0
B@CP 1509 -0.316221099 -0.235662811 0.201638595 0 0 0
B@CP 1515 0.298296321 0.349770712 -0.0306131527 0 0 0
B@CP 1519 -0.133387025 0.280642777 0.0847551474 0 0 0
B@CP 1523 -0.241347544 -0.131457947 0.350551875 0 0 0
B@CP 1524 0.421488249 -0.0929857668 -0.114372464 0 0 0
B@CP 1526 -0.302136322 -0.030086359 -0.169876127 0 0 0
B@CP 1527 -0.350975888 0.0824453614 -0.0295726424 0 0 0
B@CP 1530 0.182258277 0.36391931 0.252145424 0 0 0
B@CP 1534 -0.397173206 0.159584233 0.18842408 0 0 0
B@CP 1536 -0.183044778 -0.384402131 -0.00347237691 0 0 0
B@CP 1551 0.246448488 -0.193785334 -0.156112568 0 0 0
B@CP 1552 0.0728160761 0.305255457 0.128694074 0 0 0
B@CP 1555 -0.0431948805 -0.401939202 0.0363425263 0 0 0
B@CP 1561 -0.192868642 0.295698136 -0.0186282725 0 0 0
B@CP 1567 0.281041586 -0.297887458 -0.0605575227 0 0 0
B@CP 1569 0.0923908805 -0.225718049 -0.304429246 0 0 0
B@CP 1572 -0.336409699 0.218293376 0.180279245 0 0 0
B@CP 1573 0.243665977 -0.109100588 0.214628837 0 0 0
B@CP 1576 -0.444392658 0.12437965 -0.0519763549 0 0 0
B@CP 1580 0.262790255 0.157174834 -0.200235252 0 0 0
B@CP 1583 -0.0616799191 0.0380993179 0.13368601 0 0 0
B@CP 1584 0.257228181 -0.149978649 0.348477382 0 0 0
B@CP 1586 -0.153103901 0.181112779 -0.0407537271 0 0 0
B@CP 1588 0.116983416 0.0219062038 -0.213352184 0 0 0
B@CP 1589 -0.354240657 0.0644239505 -0.0211051641 0 0 0
B@CP 1596 0.403911217 -0.119342265 -0.0540912161 0 0 0
B@CP 1600 0.240467199 0.0490676562 0.0276068121 0 0 0
B@CP 1606 -0.264577921 -0.306561398 0.00880006554 0 0 0
B@CP 1609 -0.0634556241 0.412679205 0.063945716 0 0 0
B@CP 1611 -0.0575865676 -0.0962035431 -0.274844477 0 0 0
B@CP 1613 -0.337692631 -0.276058365 -0.143212868 0 0 0
B@CP 1625 -0.0142917221 -0.248307084 -0.299016067 0 0 0
B@CP 1630 0.256237928 0.101885672 -0.0739257412 0 0 0
B@CP 1637 0.2038242 -0.00644604755 -0.0147527738 0 0 0
B@CP 1638 0.282126371 0.314925996 0.139593839 0 0 0
B@CP 1642 -0.235975567 -0.0488415393 0.070807786 0 0 0
B@CP 1645 0.382353937 0.0620305535 -0.127667811 0 0 0
B@CP 1649 -0.0928585061 -0.270718991 -0.163353115 0 0 0
B@CP 1655 0.370498888 -0.253516458 0.0530227122 0 0 0
B@CP 1656 0.388810763 0.0621717229 -0.238527106 0 0 0
B@CP 1673 0.0580687028 0.120944249 -0.0574848509 0 0 0
B@CP 1678 0.304723769 0.153411403 0.0364602727 0 0 0
B@CP 1679 -0.0398434937 0.285129642 0.141082254 0 0 0
B@CP 1681 0.2859991 -0.10251255 0.311293509 0 0 0
B@CP 1686 -0.177158132 -0.191269163 -0.331422442 0 0 0
B@CP 1690 0.182297168 -0.00777512502 -0.239360179 0 0 0
B@CP 1694 -0.332616609 0.15791601 0.00870561167 0 0 0
B@CP 1696 0.360372251 0.0286033389 0.140269016 0 0 0
B@CP 1697 -0.154556691 -0.00157927826 0.0970068374 0 0 0
B@CP 1701 0.41432149 0.109448331 0.173596112 0 0 0
B@CP 1703 -0.131853912 0.168434398 -0.193012318 0 0 0
B@CP 1710 0.0581291373 0.286110334 -0.0695926796 0 0 0
B@CP 1719 -0.170499583 0.151922129 -0.404832171 0 0 0
B@CP 1722 0.0157514759 0.063014082 -0.390818463 0 0 0
B@CP 1727 0.0163009068 0.145681256 -0.297764988 0 0 0
B@CP 1733 0.0308102836 -0.056292745 -0.220067712 0 0 0
B@CP 1735 -0.0225275847 0.313131614 -0.149107858 0 0 0
B@CP 1736 0.182874215 -0.395333343 0.153474871 0 0 0
B@CP 1739 -0.0800219041 -0.320505502 -0.0154880626 0 0 0
B@CP 1740 0.0119063259 -0.323067621 -0.23169121 0 0 0
B@CP 1743 -0.271974525 0.355691387 -0.0926303845 0 0 0
B@CP 1745 -0.163700199 -0.190819645 -0.219989939 0 0 0
B@CP 1746 0.144966324 0.137821565 -0.135250856 0 0 0
B@CP 1747 -0.385392587 0.20030369 0.00244055294 0 0 0
B@CP 1748 0.0645329933 0.172617408 -0.0349099115 0 0 0
B@CP 1751 -0.199824818 0.171406448 0.267056001 0 0 0
B@CP 1752 0.334447337 -0.302872158 0.0528755284 0 0 0
B@CP 1755 0.133250372 0.255681841 -0.17924562 0 0 0
B@CP 1763 0.175403847 0.375126403 -0.0503470507 0 0 0
B@CP 1774 0.211563272 -0.0562025637 0.299604986 0 0 0
B@CP 1777 -0.234309761 0.00109028315 -0.36503593 0 0 0
B@CP 1781 0.089273382 0.0866305512 -0.425665325 0 0 0
B@CP 1789 -0.108977857 0.00377517561 0.135558823 0 0 0
B@CP 1790 0.0434434163 0.404704034 -0.08891187 0 0 0
B@CP 1793 0.397105638 0.0556544519 -0.102291349 0 0 0
B@CP 1800 -0.29106904 0.284509666 -0.00143450052 0 0 0
B@CP 1802 -0.15845017 0.257704474 -0.164583848 0 0 0
B@CP 1803 -0.287151942 0.272019284 -0.115147489 0 0 0
B@CP 1804 -0.222898504 0.219229186 0.241321014 0 0 0
B@CP 1807 0.405292614 -0.0542735719 0.202626601 0 0 0
B@CP 1814 0.407048284 0.114742942 0.0502724217 0 0 0
B@CP 1815 0.203837192 -0.220496606 -0.0465268752 0 0 0
B@CP 1817 -0.170024447 -0.278387309 -0.000270580773 0 0 0
B@CP 1819 0.281008263 -0.2526118 0.16750119 0 0 0
B@CP 1822 0.197898619 0.200086889 -0.299633436 0 0 0
B@CP 1823 -0.195758498 0.152081624 0.0862381869 0 0 0
B@CP 1826 -0.0785197152 -0.115076525 -0.0920602021 0 0 0
B@CP 1828 -0.31201296 -0.248279658 0.198104103 0 0 0
B@CP 1835 -0.199035538 0.0551936897 -0.162359438 0 0 0
B@CP 1836 -0.240174916 0.150710903 -0.205495611 0 0 0
B@CP 1838 -0.110378343 -0.34610432 -0.230328753 0 0 0
B@CP 1840 -0.178718367 0.294592614 -0.241573371 0 0 0
B@CP 1842 -0.0592850389 -0.178000049 -0.369546561 0 0 0
B@CP 1844 0.25871931 0.266964279 -0.257694919 0 0 0
B@CP 1847 0.150224704 0.392099765 -0.0422911502 0 0 0
B@CP 1848 -0.025998695 -0.161998815 0.265757604 0 0 0
B@CP 1851 0.0967800501 -0.235413696 0.140852868 0 0 0
B@CP 1852 -0.313440455 -0.0848727586 -0.315443773 0 0 0
B@CP 1855 0.0633201096 0.273338111 0.381593383 0 0 0
B@CP 1856 -0.0521461216 0.345926912 -0.163768402 0 0 0
B@CP 1858 0.231952096 -0.414877228 -0.014499931 0 0 0
B@CP 1861 0.123213269 -0.413043631 -0.14459904 0 0 0
B@CP 1862 0.0188865381 0.141320197 -0.0793921982 0 0 0
B@CP 1866 0.105510823 0.189455858 0.0490718738 0 0 0
B@CP 1870 0.392492749 -0.0971053771 0.118493755 0 0 0
B@CP 1872 0.0405779952 0.221077661 -0.263441717 0 0 0
B@CP 1873 -0.0624476882 -0.296510306 0.25582869 0 0 0
B@CP 1877 0.164940413 -0.0454301366 0.231849011 0 0 0
B@CP 1879 0.184495509 -0.188190442 0.396528351 0 0 0
B@CP 1880 0.276372486 -0.148592099 0.290982404 0 0 0
B@CP 1881 0.203888431 -0.329671134 -0.0319226428 0 0 0
B@CP 1883 0.345906578 -0.094333036 0.178528336 0 0 0
B@CP 1887 -0.0673654828 -0.175191192 0.246627487 0 0 0
B@CP 1890 0.0977037254 0.278558936 0.271745862 0 0 0
B@CP 1891 0.00652900852 -0.359649967 -0.0204007101 0 0 0
B@CP 1892 0.359181454 -0.175631301 -0.0267917941 0 0 0
B@CP 1893 -0.115514158 0.24281341 0.308494789 0 0 0
B@CP 1899 0.235055737 -0.0524140581 -0.398382058 0 0 0
B@CP 1901 0.0571567463 -0.159749857 -0.0671907439 0 0 0
B@CP 1903 0.364134776 0.14394829 -0.189496844 0 0 0
B@CP 1906 -0.412295329 0.054925784 -0.236019888 0 0 0
B@CP 1909 -0.0178209454 -0.169847039 -0.0633963249 0 0 0
B@CP 1910 -0.17711343 0.0203386321 0.302488869 0 0 0
B@CP 1911 -0.395100615 -0.0356347454 -0.194577353 0 0 0
B@CP 1915 0.230562534 -0.263464902 0.120936726 0 0 0
B@CP 1917 -0.0635007403 -0.210334383 -0.265671428 0 0 0
B@CP 1920 0.176031413 -0.239993518 -0.270102738 0 0 0
B@CP 1921 -0.142581989 -0.0881825844 -0.158360638 0 0 0
B@CP 1922 0.176091746 -0.0789593785 -0.00320933254 0 0 0
B@CP 1925 0.102377392 0.169253487 0.053373143 0 0 0
B@CP 1935 -0.261526097 0.217520351 -0.313178523 0 0 0
B@CP 1937 -0.06291929 -0.321039255 0.195455558 0 0 0
B@CP 1939 0.275552182 0.234272986 0.142806557 0 0 0
B@CP 1950 -0.136217646 0.279648079 -0.254993992 0 0 0
B@CP 1955 0.192318666 -0.267819043 -0.255202981 0 0 0
B@CP 1958 -0.0751914585 -0.296749237 0.167383108 0 0 0
B@CP 1967 -0.0172982407 0.000498259136 -0.250715152 0 0 0
B@CP 1970 0.0982911219 0.308671829 -0.238614902 0 0 0
B@CP 1974 0.164112099 0.159070432 0.294993983 0 0 0
B@CP 1980 0.152746682 0.293238422 0.105675977 0 0 0
B@CP 1993 -0.236720095 -0.0285676586 0.270624036 0 0 0
B@CP 1994 -0.0519844603 0.188017107 0.179139548 0 0 0
B@CP 1996 -0.333215944 -0.0231756121 -0.311434514 0 0 0
B@CP 1999 -0.112568555 0.194563329 0.0459942854 0 0 0
B@CP 2002 0.131188473 0.0924241382 -0.110216566 0 0 0
B@CP 2005 0.144077353 0.342271248 0.037387299 0 0 0
B@CP 2013 -0.074459826 0.0120076018 -0.392106141 0 0 0
B@CP 2019 0.278913932 -0.00232711142 0.359546031 0 0 0
B@CP 2021 -0.356391262 -0.0378913776 0.272447766 0 0 0
B@CP 2022 -0.166728638 -0.131450165 -0.151206604 0 0 0
B@CP 2024 0.166964163 0.299970352 0.279104004 0 0 0
B@CP 2025 -0.3490273 -0.190952428 -0.204683663 0 0 0
B@CP 2026 -0.329033381 -0.328794156 -0.0897438362 0 0 0
B@CP 2028 0.0742508874 0.0603125119 -0.223442821 0 0 0
B@CP 2029 0.0180007798 -0.363826322 0.171296327 0 0 0
B@CP 2032 -0.171573952 -0.395059789 -0.092390464 0 0 0
B@CP 2033 -0.122348131 -0.0590621857 -0.349171094 0 0 0
B@CP 2034 0.326905206 -0.244950276 0.150199571 0 0 0
B@CP 2036 -0.269923367 0.312184181 -0.110411386 0 0 0
B@CP 2037 -0.113666713 0.327066629 0.098576706 0 0 0
B@CP 2040 -0.334550248 0.0365855083 -0.286456504 0 0 0
B@CP 2042 -0.0729030946 -0.288545369 0.0245104369 0 0 0
B@CP 2043 -0.12828145 0.400842089 -0.228681589 0 0 0
B@CP 2048 0.0686182666 -0.319355872 0.227088933 0 0 0
B@CP 2050 -0.421944649 -0.00626667812 0.137178509 0 0 0
B@CP 2053 0.0156853286 -0.179824854 -0.343639001 0 0 0
B@CP 2057 0.0894122336 0.066435315 -0.0850705969 0 0 0
B@CP 2059 0.144688831 -0.0596374972 -0.376666921 0 0 0
B@CP 2060 -0.241209706 0.0207288916 0.272354848 0 0 0
B@CP 2068 0.160235737 0.140795465 0.244405901 0 0 0
B@CP 2076 0.267735036 -0.00212382564 -0.0911384988 0 0 0
B@CP 2077 -0.358393633 0.167762892 0.107433641 0 0 0
B@CP 2078 -0.348340482 0.309042498 0.0654289329 0 0 0
B@CP 2079 0.161146083 0.250134363 -0.0706748344 0 0 0
B@CP 2081 -0.189715618 -0.0862726176 0.0500230581 0 0 0
B@CP 2082 -0.29208777 0.120536517 0.290013473 0 0 0
B@CP 2083 0.0488695765 -0.367195724 -0.256580254 0 0 0
B@CP 2086 -0.08610332 0.393779579 -0.0573219759 0 0 0
B@CP 2087 0.0567412999 0.393615002 -0.0884024175 0 0 0
B@CP 2091 -0.173323288 0.0685054436 0.378046637 0 0 0
B@CP 2095 0.192174332 -0.0756001385 -0.278850202 0 0 0
B@CP 2103 -0.112127207 -0.122369715 0.386411689 0 0 0
B@CP 2105 0.318601895 0.134940588 0.0729241856 0 0 0
B@CP 2109 -0.156585774 0.153879318 -0.2456448 0 0 0
B@CP 2110 -0.219018945 0.00364424704 0.0767350955 0 0 0
B@CP 2111 0.269476479 0.0720693576 0.310117028 0 0 0
B@CP 2113 0.0731394545 -0.287191704 -0.218511903 0 0 0
B@CP 2114 -0.148914721 -0.179052346 -0.245412289 0 0 0
B@CP 2115 0.269107755 0.337717365 0.121017162 0 0 0
B@CP 2117 -0.19170974 0.154145669 -0.289941013 0 0 0
B@CP 2118 -0.00363112383 0.361591875 0.204163774 0 0 0
B@CP 2119 -0.0773139367 -0.163204204 -0.272916042 0 0 0
B@CP 2125 0.351679813 -0.0278983108 -0.296674664 0 0 0
B@CP 2127 -0.19261581 0.108206053 -0.245899716 0 0 0
B@CP 2130 -0.127903584 0.195027793 -0.16810299 0 0 0
B@CP 2131 -0.109237037 0.318212773 0.224068109 0 0 0
B@CP 2133 -0.118783564 0.221854788 -0.107030217 0 0 0
B@CP 2134 -0.207509816 -0.143720147 -0.359472578 0 0 0
B@CP 2136 -0.0698894392 0.319373742 0.0719396772 0 0 0
B@CP 2141 0.146346077 -0.217150597 -0.116953888 0 0 0
B@CP 2144 -0.0526804594 0.0442327562 -0.320931549 0 0 0
B@CP 2145 0.319431392 0.0320231103 0.241505724 0 0 0
B@CP 2149 0.218492976 0.0518322157 -0.185301735 0 0 0
B@CP 2154 -0.233046281 0.343230782 -0.130068343 0 0 0
B@CP 2161 -0.102035433 0.20968094 0.0629137128 0 0 0
B@CP 2164 -0.354811428 -0.220861811 -0.176550112 0 0 0
B@CP 2166 0.0662503563 -0.162416946 -0.116527855 0 0 0
B@CP 2168 0.0360407987 -0.287212505 0.0863853037 0 0 0
B@CP 2169 -0.130836227 -0.384149526 0.225797742 0 0 0
B@CP 2175 0.160340993 0.180480852 0.146668816 0 0 0
B@CP 2177 0.0579005256 0.107193778 -0.445203058 0 0 0
B@CP 2182 0.0282013785 0.040508985 0.151826767 0 0 0
B@CP 2186 0.267346927 -0.357840545 0.0540970274 0 0 0
B@CP 2188 -0.385315297 -0.0660095149 0.00373589704 0 0 0
B@CP 2203 -0.304017891 -0.252369076 -0.0464043587 0 0 0
B@CP 2205 0.107478725 0.151679093 -0.249273812 0 0 0
B@CP 2207 0.0745966927 0.372332786 0.18593817 0 0 0
B@CP 2208 -0.105515914 0.343773048 0.117268293 0 0 0
B@CP 2213 -0.11801449 0.00634446071 0.29899561 0 0 0
B@CP 2215 0.0904071744 0.218362839 0.278160555 0 0 0
B@CP 2217 -0.339997986 0.121990728 -0.102789545 0 0 0
B@CP 2220 0.120883697 0.165936192 0.415386704 0 0 0
B@CP 2221 0.283878615 -0.221749161 0.270284359 0 0 0
B@CP 2222 -0.0889607947 0.176765813 0.325022396 0 0 0
B@CP 2225 -0.157468935 -0.366972876 -0.171691988 0 0 0
B@CP 2226 0.266815335 -0.226778911 -0.160339692 0 0 0
B@CP 2228 0.0794039358 0.212815239 0.135093363 0 0 0
B@CP 2230 -0.075373055 0.0154531881 0.147065711 0 0 0
B@CP 2233 0.323893385 0.0423914543 0.293509576 0 0 0
B@CP 2234 -0.279977753 0.000237138999 -0.208114174 0 0 0
B@CP 2248 0.199058812 0.330979319 -0.0590847298 0 0 0
B@CP 2250 -0.045112193 -0.238252744 -0.0201584754 0 0 0
B@CP 2251 -0.240962198 0.279404908 0.221890867 0 0 0
B@CP 2252 0.213129331 0.0230621046 0.333807845 0 0 0
B@CP 2254 -0.416885519 0.111545663 0.052599586 0 0 0
B@CP 2255 0.314773806 -0.0395973852 -0.122554563 0 0 0
B@CP 2256 0.117423608 -0.361773272 -0.274395587 0 0 0
B@CP 2263 0.11710246 -0.395154185 0.219718966 0 0 0
B@CP 2267 -0.295251194 -0.123641271 0.333611363 0 0 0
B@CP 2271 -0.161329318 0.0694247863 0.136915198 0 0 0
B@CP 2272 0.257824164 -0.0163999862 0.164203251 0 0 0
B@CP 2273 0.244080744 -0.115898453 0.354765952 0 0 0
B@CP 2275 -0.242729587 0.0490749604 0.198348218 0 0 0
B@CP 2279 0.00909514334 0.164007795 -0.00353115888 0 0 0
B@CP 2282 -0.185628419 0.400491651 -0.0129108426 0 0 0
B@CP 2284 -0.12712983 0.325323632 -0.0499161903 0 0 0
B@CP 2285 -0.326605433 0.331789727 0.0440455315 0 0 0
B@CP 2293 0.256377765 -0.220717737 0.0940726301 0 0 0
B@CP 2299 -0.153647689 0.07066171 0.264934388 0 0 0
B@CP 2300 -0.0961155285 -0.383855784 0.217634807 0 0 0
B@CP 2301 -0.205422937 -0.28975428 -0.287247323 0 0 0
B@CP 2303 -0.168739572 0.00458839354 -0.260431897 0 0 0
B@CP 2305 -0.0218284453 -0.210054426 0.236663698 0 0 0
B@CP 2309 0.117498412 -0.380246862 0.205232589 0 0 0
B@CP 2313 -0.0514064411 -0.257799178 -0.24560925 0 0 0
B@CP 2315 -0.331259411 -0.30658142 -0.0664535204 0 0 0
B@CP 2320 0.0911932474 0.422617873 0.152427021 0 0 0
B@CP 2325 -0.075103971 -0.253203964 -0.0966344441 0 0 0
B@CP 2329 -0.386797819 -0.0312473409 0.0163789373 0 0 0
B@CP 2331 -0.159603072 -0.407757662 0.127978961 0 0 0
B@CP 2332 0.200688391 -0.28732906 -0.121400081 0 0 0
B@CP 2333 -0.190379523 0.00383870366 -0.420206367 0 0 0
B@CP 2335 0.246558437 0.13501188 -0.2947747 0 0 0
B@CP 2336 0.0728125777 0.288183525 0.0051462028 0 0 0
B@CP 2340 0.170741278 0.0331197309 -0.413653193 0 0 0
B@CP 2343 0.067545433 -0.361248203 0.206365569 0 0 0
B@CP 2346 0.166810207 -0.374791279 -0.150070126 0 0 0
B@CP 2348 -0.304915836 0.165151113 0.0576316352 0 0 0
B@CP 2350 -0.241017433 0.0747407756 -0.206513851 0 0 0
B@CP 2351 -0.0513612426 0.184165447 0.403682099 0 0 0
B@CP 2356 0.248531491 0.172729068 0.120238884 0 0 0
B@CP 2357 0.0592677004 0.0760958628 -0.0946045792 0 0 0
B@CP 2359 0.0725587483 0.193927747 -0.345762735 0 0 0
B@CP 2363 0.031415217 -0.0440968403 -0.116712143 0 0 0
B@CP 2365 0.250205971 -0.351470284 0.0259152243 0 0 0
B@CP 2368 -0.20515469 -0.101279675 0.222110429 0 0 0
B@CP 2369 -0.253386287 0.0815435184 -0.210871465 0 0 0
B@CP 2370 0.384708097 -0.179311444 0.164431207 0 0 0
B@CP 2372 -0.27856159 -0.283324064 0.191131319 0 0 0
B@CP 2373 0.0737009422 -0.161072328 -0.391642316 0 0 0
B@CP 2376 0.307236553 0.198391995 -0.245379908 0 0 0
B@CP 2381 0.197089746 -0.0548684008 0.105107856 0 0 0
B@CP 2382 0.18892231 0.413857629 -0.0162344304 0 0 0
B@CP 2383 -0.395504027 0.14662856 -0.180247233 0 0 0
B@CP 2386 0.183103366 0.0398444222 -0.132049314 0 0 0
B@CP 2388 -0.0945276582 0.0129102676 0.252591703 0 0 0
B@CP 2392 0.327201595 0.298397122 0.0838511828 0 0 0
B@CP 2395 -0.1057442 0.0623007719 -0.446964442 0 0 0
B@CP 2397 -0.193196525 -0.0610939998 0.215314858 0 0 0
B@CP 2400 -0.183348449 0.0597434662 -0.075261657 0 0 0
B@CP 2402 -0.0963422795 0.102227972 0.0248840599 0 0 0
B@CP 2405 -0.139435516 0.0331015924 0.184318324 0 0 0
B@CP 2411 -0.0137242017 0.310199508 0.140007731 0 0 0
B@CP 2413 0.427107855 0.0307198639 -0.119963661 0 0 0
B@CP 2416 -0.0757740929 0.263201185 0.117501502 0 0 0
B@CP 2421 0.238802794 0.0179087048 -0.268024297 0 0 0
B@CP 2437 -0.323624578 0.331788882 0.00921291511 0 0 0
B@CP 2441 0.39410351 0.228703018 0.153303098 0 0 0
B@CP 2456 0.335155471 0.0313951221 0.143773882 0 0 0
B@CP 2457 0.106356565 0.0659923824 -0.396552213 0 0 0
B@CP 2459 0.257465093 0.028898817 -0.0913027959 0 0 0
B@CP 2460 -0.136079207 -0.113337692 -0.18367981 0 0 0
B@CP 2461 -0.202885282 -0.178698442 0.0742275309 0 0 0
B@CP 2462 0.2833181 -0.267363906 -0.0362269385 0 0 0
B@CP 2467 0.397706157 0.20542216 -0.0658307684 0 0 0
B@CP 2471 0.365255685 -0.0871193859 0.0256953035 0 0 0
B@CP 2475 0.272506742 -0.0973728931 0.209925691 0 0 0
B@CP 2477 -0.0163341688 0.183926291 0.192366965 0 0 0
B@CP 2481 -0.240060106 0.302744472 -0.0346187899 0 0 0
B@CP 2487 0.333695218 0.314340898 0.00985503888 0 0 0
B@CP 2492 -0.0473547716 -0.275244056 0.0733834457 0 0 0
C@CP 2500 0.0862065475 -0.312921797 0.0016233477 0 0 0
C@CP 2501 -0.231531054 0.204880677 -0.0137563434 0 0 0
C@CP 2502 -0.188640938 0.180554789 -0.131928505 0 0 0
C@CP 2503 0.0508632178 0.0119645566 0.0694054264 0 0 0
C@CP 2504 0.16248432 -0.30803179 -0.22521126 0 0 0
C@CP 2505 -0.216814243 -0.0919879096 -0.171216644 0 0 0
C@CP 2506 0.335181503 -0.260236877 0.12151793 0 0 0
C@CP 2507 -0.0301364838 0.186153614 -0.0766023281 0 0 0
C@CP 2508 -0.0103092948 -0.234632544 -0.421222547 0 0 0
C@CP 2509 -0.00104851729 0.276475853 0.35485101 0 0 0
C@CP 2510 0.0809853408 0.290657734 -0.0542695719 0 0 0
C@CP 2511 -0.249924394 0.239221901 0.0273618358 0 0 0
C@CP 2512 -0.154625865 0.30406026 -0.00239470986 0 0 0
C@CP 2513 -0.33830862 -0.16425621 -0.221193818 0 0 0
C@CP 2514 -0.205596525 0.388226822 0.17562747 0 0 0
C@CP 2515 0.22265286 -0.121154444 0.205232035 0 0 0
C@CP 2516 0.242243726 -0.277596988 -0.112317667 0 0 0
C@CP 2517 0.0248309979 -0.424052118 0.0398587665 0 0 0
C@CP 2518 -0.0243991053 0.0663145092 -0.0410947068 0 0 0
C@CP 2519 0.0076464274 0.200764553 -0.40732862 0 0 0
C@CP 2520 -0.4138844 -0.178785848 -0.094420594 0 0 0
C@CP 2521 -0.188571198 -0.0879161226 -0.317587038 0 0 0
C@CP 2522 -0.174129913 0.0366419027 -0.212444628 0 0 0
C@CP 2523 0.277532886 0.160337549 0.184963341 0 0 0
C@CP 2524 0.157519302 -0.0186982884 -0.260878499 0 0 0
C@CP 2525 0.039721095 -0.211251188 0.0541937225 0 0 0
C@CP 2526 0.08131866 0.376212774 -0.164752621 0 0 0
C@CP 2527 0.129173611 -0.0716439941 -0.333760068 0 0 0
C@CP 2528 -0.347723163 0.216162364 0.203278422 0 0 0
C@CP 2529 0.000303596789 0.076079371 -0.458191607 0 0 0
C@CP 2530 -0.226098027 -0.19665451 0.256997519 0 0 0
C@CP 2531 -0.0490961119 0.229635256 -0.174212113 0 0 0
C@CP 2532 0.238674542 -0.171705224 0.386889532 0 0 0
C@CP 2533 0.201726973 0.229982495 -0.331387595 0 0 0
C@CP 2534 0.363941159 -0.104406841 -0.208092675 0 0 0
C@CP 2535 -0.0500168849 -0.210573716 0.298559351 0 0 0
C@CP 2536 0.306332904 0.153816799 -0.0445900058 0 0 0
C@CP 2537 0.0275063361 -0.275126144 -0.0937039338 0 0 0
C@CP 2538 0.353959605 0.0209195471 0.147750047 0 0 0
C@CP 2539 0.0248582766 -0.269540873 -0.187194197 0 0 0
C@CP 2540 -0.354493517 0.17641933 0.222790519 0 0 0
C@CP 2541 0.230381022 -0.377429533 -0.101098293 0 0 0
C@CP 2542 0.0781091117 0.119324234 0.183306111 0 0 0
C@CP 2543 -0.0372475732 -0.123985842 0.150017176 0 0 0
C@CP 2544 0.271298862 -0.00471102719 0.0775211156 0 0 0
C@CP 2545 -0.0401393176 0.157693963 -0.0149169914 0 0 0
C@CP 2546 0.225760335 0.0486704279 -0.038813769 0 0 0
C@CP 2547 0.273981563 -0.0715109901 -0.0746305959 0 0 0
C@CP 2548 -0.13595508 -0.0893302445 -0.0478198278 0 0 0
C@CP 2549 0.0214751852 -0.0563602201 -0.0178865434 0 0 0
C@CP 2550 0.344106503 0.212148234 -0.097437818 0 0 0
C@CP 2551 -0.267246214 0.238126073 -0.100730559 0 0 0
C@CP 2552 -0.0973379593 0.198534714 0.335997305 0 0 0
C@CP 2553 -0.0849982957 -0.0578284233 0.032593732 0 0 0
C@CP 2554 0.147776921 -0.308308333 0.133106008 0 0 0
C@CP 2555 0.345797587 -0.000216492311 0.0315388121 0 0 0
C@CP 2556 0.257078246 0.349745897 0.00726985058 0 0 0
C@CP 2557 -0.289601954 -0.187579168 0.0665446363 0 0 0
C@CP 2558 0.177625384 -0.244348043 -0.320784595 0 0 0
C@CP 2559 -0.185911193 -0.140503785 -0.26757571 0 0 0
C@CP 2560 0.0641496028 -0.421048492 0.0658278686 0 0 0
C@CP 2561 0.0709007948 -0.0307424146 0.388684939 0 0 0
C@CP 2562 -0.341391173 -0.280767011 0.0327553533 0 0 0
C@CP 2563 0.00240515662 -0.228360832 0.41118349 0 0 0
C@CP 2564 -0.251733951 0.208048591 -0.137710752 0 0 0
C@CP 2565 0.0550422969 0.317846533 -0.294622984 0 0 0
C@CP 2566 0.383066357 -0.0274128092 0.178643466 0 0 0
C@CP 2567 -0.138632009 -0.163320835 0.258988648 0 0 0
C@CP 2568 0.184741175 0.178757724 0.303953035 0 0 0
C@CP 2569 -0.00388876244 0.101740547 0.358865392 0 0 0
C@CP 2570 -0.0775195531 -0.213934729 -0.401007981 0 0 0
C@CP 2571 -0.135862252 0.00362764055 -0.208177865 0 0 0
C@CP 2572 0.25365365 0.385821733 0.0240381205 0 0 0
C@CP 2573 0.120443516 0.180966461 0.197199035 0 0 0
C@CP 2574 -0.000780950377 -0.124223274 0.166158673 0 0 0
C@CP 2575 0.134967977 0.383277089 0.201206205 0 0 0
C@CP 2576 0.164720337 -0.185764619 0.339679482 0 0 0
C@CP 2577 -0.260298761 -0.140004208 -0.0210562825 0 0 0
C@CP 2578 0.211090263 -0.234246222 -0.122611512 0 0 0
C@CP 2579 0.194164185 0.293126557 0.243018294 0 0 0
C@CP 2580 0.260138362 -0.213433991 -0.00838824112 0 0 0
C@CP 2581 0.0940087712 -0.417019544 0.162889995 0 0 0
C@CP 2582 -0.256461116 0.168425442 0.214060137 0 0 0
C@CP 2583 0.353315798 -0.0960058506 0.0877566431 0 0 0
C@CP 2584 -0.230458546 -0.313903605 0.1533975 0 0 0
C@CP 2585 -0.20111737 0.286517559 -0.120575622 0 0 0
C@CP 2586 0.0641969899 0.458342313 0.0524542879 0 0 0
C@CP 2587 -0.199156356 -0.199931156 0.198942035 0 0 0
C@CP 2588 -0.114580805 -0.278339203 0.0164749439 0 0 0
C@CP 2589 -0.1645552 -0.017852235 0.183586549 0 0 0
C@CP 2590 -0.172774068 0.000905700585 -0.0422268038 0 0 0
C@CP 2591 -0.154467327 0.0889996717 0.41745683 0 0 0
C@CP 2592 0.249931176 -0.0162138217 -0.355027051 0 0 0
C@CP 2593 0.109503912 -0.0907988741 -0.0254209073 0 0 0
C@CP 2594 0.177107033 0.0243266188 -0.289728824 0 0 0
C@CP 2595 0.240210873 0.110492555 0.0704929193 0 0 0
C@CP 2596 0.0515453595 0.310215464 -0.34990956 0 0 0
C@CP 2597 0.326708573 -0.301541246 -0.0460652833 0 0 0
C@CP 2598 0.0978117047 -0.0583111635 -0.29812041 0 0 0
C@CP 2599 -0.421391482 -0.0440648107 0.0189489195 0 0 0
C@CP 2600 0.399252304 -0.127653934 -0.140945525 0 0 0
C@CP 2601 0.284315844 -0.326470857 0.0882106478 0 0 0
C@CP 2602 -0.264944679 0.13129751 -0.258200463 0 0 0
C@CP 2603 0.193659576 0.21929985 0.0519657998 0 0 0
C@CP 2604 -0.242803583 -0.120019943 0.243190118 0 0 0
C@CP 2605 0.1769517 -0.0467838789 0.223611673 0 0 0
C@CP 2606 0.227177198 0.207383937 -0.282707462 0 0 0
C@CP 2607 -0.0261574973 0.358238318 0.290158764 0 0 0
C@CP 2608 -0.0946547659 0.048153716 0.443022769 0 0 0
C@CP 2609 0.16403171 -0.269775072 0.0376901558 0 0 0
C@CP 2610 0.144892536 -0.112824594 -0.208906461 0 0 0
C@CP 2611 -0.0356235048 -0.239900251 0.268242626 0 0 0
C@CP 2612 -0.21079509 0.256632711 0.298662436 0 0 0
C@CP 2613 -0.0196448681 0.337170473 -0.289988893 0 0 0
C@CP 2614 0.0433568586 -0.0805698065 -0.362607105 0 0 0
C@CP 2615 0.179834788 0.0929708123 -0.0465674932 0 0 0
C@CP 2616 -0.260846232 -0.122409061 0.189599283 0 0 0
C@CP 2617 -0.404759784 0.0734380478 0.227776102 0 0 0
C@CP 2618 0.397524897 0.152991405 -0.180169221 0 0 0
C@CP 2619 -0.380085992 0.119629125 -0.0593366201 0 0 0
C@CP 2620 -0.196594418 0.226788335 0.088858532 0 0 0
C@CP 2621 0.265017284 0.041385566 0.12617334 0 0 0
C@CP 2622 -0.145082668 0.415835197 -0.064542328 0 0 0
C@CP 2623 -0.434902662 0.0456662239 -0.0921014056 0 0 0
C@CP 2624 0.113402394 -0.418798648 0.115411452 0 0 0
C@CP 2625 -0.013995048 -0.242680109 -0.263035836 0 0 0
C@CP 2626 -0.0529454463 -0.128609518 -0.125611449 0 0 0
C@CP 2627 0.25611658 -0.165545492 0.016227802 0 0 0
C@CP 2628 -0.0501588389 -0.193043865 0.316942463 0 0 0
C@CP 2629 -0.285144322 0.084007569 0.162133993 0 0 0
C@CP 2630 -0.172400546 0.254991111 -0.0879620863 0 0 0
C@CP 2631 0.153567388 -0.145789077 0.147702102 0 0 0
C@CP 2632 0.0925205011 -0.160355307 0.338080936 0 0 0
C@CP 2633 -0.373993176 0.0130313624 -0.258542242 0 0 0
C@CP 2634 0.268237044 -0.278880187 -0.115013355 0 0 0
C@CP 2635 0.060752981 -0.275330807 -0.343065477 0 0 0
C@CP 2636 0.220750626 0.241076323 -0.132754172 0 0 0
C@CP 2637 0.205057617 0.0842875772 -0.337792246 0 0 0
C@CP 2638 0.175845574 -0.0681192907 0.339679945 0 0 0
C@CP 2639 -0.211770916 -0.185704321 -0.0863127065 0 0 0
C@CP 2640 0.149861821 -0.0552377456 0.200709765 0 0 0
C@CP 2641 -0.0727442373 0.229971071 0.351343668 0 0 0
C@CP 2642 -0.231177385 -0.231720113 -0.0430839668 0 0 0
C@CP 2643 -0.0184484302 -0.294053323 0.186764432 0 0 0
C@CP 2644 -0.0761932185 0.227235933 0.149530847 0 0 0
C@CP 2645 -0.261093971 0.0096265489 0.20666339 0 0 0
C@CP 2646 0.195477681 0.257555971 0.22303763 0 0 0
C@CP 2647 0.0115980217 0.124495407 -0.0251641242 0 0 0
C@CP 2648 0.263376477 -0.0254708409 -0.310435244 0 0 0
C@CP 2649 -0.0455566329 0.165687401 -0.43748546 0 0 0
C@CP 2650 -0.288308791 0.222511855 0.00700417293 0 0 0
C@CP 2651 0.158973672 0.26257987 0.126828063 0 0 0
C@CP 2652 -0.018117635 0.124835139 0.275115954 0 0 0
C@CP 2653 -0.0200614382 -0.239307544 0.0512040827 0 0 0
C@CP 2654 0.392673371 -0.216896918 -0.172099954 0 0 0
C@CP 2655 0.387656974 0.0794744043 -0.0476690368 0 0 0
C@CP 2656 -0.197909794 -0.23174892 -0.13758516 0 0 0
C@CP 2657 -0.157550972 0.0171573601 0.0194846888 0 0 0
C@CP 2658 -0.256626065 0.148749522 0.203472505 0 0 0
C@CP 2659 -0.321022258 -0.0409111999 -0.0504253448 0 0 0
C@CP 2660 -0.105633643 -0.147530543 -0.379598546 0 0 0
C@CP 2662 -0.12414737 -0.0240829586 0.412114596 0 0 0
C@CP 2663 -0.027904008 -0.307804779 0.18805904 0 0 0
C@CP 2664 0.14895346 -0.131355682 0.203119615 0 0 0
C@CP 2665 -0.0373793928 -0.279905002 0.0117466519 0 0 0
C@CP 2666 -0.363867996 -0.0438504677 0.248722907 0 0 0
C@CP 2667 0.308773276 -0.13621791 0.182619716 0 0 0
C@CP 2668 0.214291947 -0.303969495 -0.213045255 0 0 0
C@CP 2669 0.258285346 0.0883175523 0.0422892719 0 0 0
C@CP 2670 0.241497705 0.377843272 0.0138380362 0 0 0
C@CP 2671 -0.095415409 0.106610644 -0.121770396 0 0 0
C@CP 2672 -0.119739431 0.341590184 -0.209356222 0 0 0
C@CP 2673 0.0985859226 0.308800003 0.234882742 0 0 0
C@CP 2674 -0.146167161 -0.0652534191 0.0172291235 0 0 0
C@CP 2675 -0.158420573 0.177145299 0.0737592336 0 0 0
C@CP 2676 0.192398342 -0.00677958851 0.00365027034 0 0 0
C@CP 2677 0.272529276 0.108790691 -0.24269401 0 0 0
C@CP 2678 -0.156046701 -0.152992173 -0.0748681476 0 0 0
C@CP 2679 -0.0713187203 -0.0542389548 -0.403988031 0 0 0
C@CP 2680 -0.174837101 0.102413934 -0.00567678849 0 0 0
C@CP 2681 0.203885986 -0.18032656 -0.266155285 0 0 0
C@CP 2682 -0.266275096 0.324858224 0.167035954 0 0 0
C@CP 2683 -0.220864467 0.312625795 0.0601460428 0 0 0
C@CP 2684 -0.0765853504 0.311531481 0.33470547 0 0 0
C@CP 2685 0.108566016 -0.0217178604 0.360534499 0 0 0
C@CP 2686 -0.364469974 -0.000612537839 -0.289702211 0 0 0
C@CP 2687 0.297713394 0.243158954 -0.226618591 0 0 0
C@CP 2688 0.391624817 0.0100699038 -0.130833761 0 0 0
C@CP 2689 -0.319699028 -0.0594196915 -0.0900705785 0 0 0
C@CP 2690 -0.0894410891 -0.383863918 0.0656599461 0 0 0
C@CP 2691 0.00110681559 0.329754492 0.314344378 0 0 0
C@CP 2692 0.00801967587 0.0957102056 0.411280859 0 0 0
C@CP 2693 -0.312308056 0.168443037 -0.0931956413 0 0 0
C@CP 2694 0.12125859 -0.0652361398 -0.148399362 0 0 0
C@CP 2695 0.190857134 0.249150795 0.0910903536 0 0 0
C@CP 2696 -0.171227814 -0.216552713 0.0179797656 0 0 0
C@CP 2697 -0.290040876 -0.135366149 -0.261832648 0 0 0
C@CP 2698 -0.199741592 0.302439327 -0.120324675 0 0 0
C@CP 2699 0.123305789 0.0737702794 0.362228034 0 0 0
C@CP 2700 0.197576557 -0.143619133 0.00964718321 0 0 0
C@CP 2701 0.0789121398 -0.0361406993 -0.274830194 0 0 0
C@CP 2702 -0.186794494 -0.144564804 -0.343320983 0 0 0
C@CP 2703 0.253651496 -0.321209976 0.0469422079 0 0 0
C@CP 2704 0.200689666 0.201909267 -0.0353724153 0 0 0
C@CP 2705 0.387856694 -0.147711477 -0.0526742334 0 0 0
C@CP 2706 0.0365544162 0.110386085 -0.0207048793 0 0 0
C@CP 2707 -0.108988725 -0.278999907 0.167629788 0 0 0
C@CP 2708 0.0458560776 -0.404617137 -0.179017281 0 0 0
C@CP 2709 0.374183759 -0.0163803642 0.0912765779 0 0 0
C@CP 2710 -0.107887631 0.0791285214 -0.328711594 0 0 0
C@CP 2711 -0.0935846063 0.352460535 0.100556531 0 0 0
C@CP 2712 -0.0649846423 0.276250009 0.0446575533 0 0 0
C@CP 2713 -0.0701841186 0.244149282 0.395661752 0 0 0
C@CP 2714 -0.240952771 0.323454024 0.0193496334 0 0 0
C@CP 2715 0.0377874969 0.254509483 0.29896657 0 0 0
C@CP 2716 0.298400663 -0.202964616 -0.103647156 0 0 0
C@CP 2717 -0.215604955 0.250882072 -0.19858953 0 0 0
C@CP 2718 0.180543951 -0.213638979 0.110201438 0 0 0
C@CP 2719 0.131782841 0.300036706 0.308534172 0 0 0
C@CP 2720 0.360902237 -0.00539815378 0.0527082256 0 0 0
C@CP 2721 -0.00829942429 -0.467520625 -0.0394920461 0 0 0
C@CP 2722 -0.352516552 0.0597895344 0.0718857625 0 0 0
C@CP 2723 0.276739194 0.304241301 -0.125593036 0 0 0
C@CP 2724 -0.240902289 0.0287805063 -0.120947434 0 0 0
C@CP 2725 0.0829164649 0.21832323 0.264643118 0 0 0
C@CP 2726 0.139165824 -0.0310848362 0.377622318 0 0 0
C@CP 2727 0.350062123 0.110851358 -0.189336325 0 0 0
C@CP 2728 0.0304705705 0.105270185 0.16567839 0 0 0
C@CP 2729 0.0591972854 0.230310004 -0.277293649 0 0 0
C@CP 2730 -0.324488181 0.0794266838 0.305310537 0 0 0
C@CP 2731 -0.231708875 0.364298903 0.0547740817 0 0 0
C@CP 2732 -0.0703086913 0.177815923 -0.394228465 0 0 0
C@CP 2733 -0.0470408893 -0.304981576 0.114932135 0 0 0
C@CP 2734 -0.127936544 -0.326998328 0.142157766 0 0 0
C@CP 2735 0.0522578822 0.221699746 0.0289097504 0 0 0
C@CP 2736 -0.336878681 -0.0360403381 -0.0928089766 0 0 0
C@CP 2737 -0.255534458 -0.337023769 0.166182323 0 0 0
C@CP 2738 0.146042252 -0.063760625 -0.2598627 0 0 0
C@CP 2739 -0.172482147 -0.0391505861 0.269649434 0 0 0
C@CP 2740 0.029928451 0.0233382514 0.0565039889 0 0 0
C@CP 2741 0.313517462 0.126597903 0.200460711 0 0 0
C@CP 2742 0.266551843 -0.290915583 0.0461792507 0 0 0
C@CP 2743 -0.299089551 0.046032039 -0.0610364007 0 0 0
C@CP 2744 0.030780081 0.260001873 -0.149396521 0 0 0
C@CP 2745 -0.035803684 0.0797125898 -0.123218996 0 0 0
C@CP 2746 0.109270228 -0.205956106 0.224009763 0 0 0
C@CP 2747 0.197721767 -0.072664632 -0.269827194 0 0 0
C@CP 2748 0.208724119 0.0475062432 0.300295045 0 0 0
C@CP 2749 -0.271967086 -0.11070922 0.102788269 0 0 0
C@CP 2750 0.103457231 -0.194869262 0.359972723 0 0 0
C@CP 2751 0.00785904031 0.195363089 -0.285931911 0 0 0
C@CP 2752 0.0901789591 0.0852980724 0.269725764 0 0 0
C@CP 2753 -0.0691735314 -0.0636539403 0.26287137 0 0 0
C@CP 2754 -0.231901394 -0.0163208095 0.325392444 0 0 0
C@CP 2755 0.0634408702 0.0240020185 -0.0937504734 0 0 0
C@CP 2756 -0.0381752484 0.0319157088 0.17876298 0 0 0
C@CP 2757 -0.311300274 -0.254100807 -0.15438708 0 0 0
C@CP 2758 0.0388473941 -0.230209837 0.420620196 0 0 0
C@CP 2759 -0.104297404 -0.0317314287 0.0290957551 0 0 0
C@CP 2760 0.146480192 -0.0512795324 0.281919799 0 0 0
C@CP 2761 -0.127441119 0.242015701 0.356186037 0 0 0
C@CP 2762 0.241214757 -0.349301116 0.123999135 0 0 0
C@CP 2763 -0.279420752 -0.341524182 0.00933003037 0 0 0
C@CP 2764 0.0469581617 -0.378405319 -0.00493624088 0 0 0
C@CP 2765 0.179776145 0.242755039 -0.0317268034 0 0 0
C@CP 2766 0.408418465 0.0417994777 -0.0084018264 0 0 0
C@CP 2767 0.0611356834 0.0506575593 -0.0260477019 0 0 0
C@CP 2768 0.341818972 -0.0531601111 0.0491647835 0 0 0
C@CP 2769 0.128566357 -0.260812596 -0.0220171468 0 0 0
C@CP 2770 -0.334217122 -0.0782863666 0.202864626 0 0 0
C@CP 2771 -0.163495798 -0.116660652 0.296233032 0 0 0
C@CP 2772 0.163244856 -0.355152136 0.165422616 0 0 0
C@CP 2773 -0.390445702 0.237072983 -0.081634045 0 0 0
C@CP 2774 0.0775553363 -0.0303008335 0.076403001 0 0 0
C@CP 2775 0.00136794037 0.119444865 -0.38213721 0 0 0
C@CP 2776 0.248963431 -0.240951806 0.0249292366 0 0 0
C@CP 2777 0.0566495809 -0.142558633 0.255785482 0 0 0
C@CP 2778 0.268638114 0.198986539 -0.00677959896 0 0 0
C@CP 2779 -0.297112834 0.139666853 0.118243043 0 0 0
C@CP 2780 0.235994193 0.0413467124 -0.3775211 0 0 0
C@CP 2781 -0.21565131 0.160814891 -0.317938556 0 0 0
C@CP 2782 -0.338175361 -0.26481847 0.0931169021 0 0 0
C@CP 2783 0.387883554 0.259589313 0.141458548 0 0 0
C@CP 2784 0.00135064446 -0.343267034 0.0558495085 0 0 0
C@CP 2785 -0.27526333 0.301087893 0.00133577238 0 0 0
C@CP 2786 -0.164764891 0.319685231 0.00714976775 0 0 0
C@CP 2787 0.00703588374 0.146046509 0.109309538 0 0 0
C@CP 2788 -0.24857948 0.00744152205 0.277445631 0 0 0
C@CP 2789 -0.0281635382 -0.323885674 -0.0794543069 0 0 0
C@CP 2790 -0.117329733 -0.426645592 -0.159052049 0 0 0
C@CP 2791 0.106655793 -0.204719104 -0.262300604 0 0 0
C@CP 2792 -0.0155148248 0.151887873 0.286600668 0 0 0
C@CP 2793 -0.128740219 0.150785701 0.127028916 0 0 0
C@CP 2794 0.017240565 0.226807945 0.292499735 0 0 0
C@CP 2795 -0.291561909 -0.010575248 0.0594608827 0 0 0
C@CP 2796 0.0256746828 -0.071108864 -0.393039461 0 0 0
C@CP 2797 0.0696421793 -0.252157827 0.299115312 0 0 0
C@CP 2798 0.177262553 0.411019094 0.0744482396 0 0 0
C@CP 2799 -0.451603432 -0.0210065074 -0.00230685673 0 0 0
C@CP 2800 0.314104656 -0.125613756 -0.139242421 0 0 0
C@CP 2801 0.0124715253 0.0395009037 -0.148526799 0 0 0
C@CP 2802 0.202790872 -0.193981498 0.108621778 0 0 0
C@CP 2803 0.279877872 0.169148409 -0.0685335651 0 0 0
C@CP 2804 -0.195762501 0.0282658092 0.0267130861 0 0 0
C@CP 2805 -0.404595631 0.0161861657 0.163263408 0 0 0
C@CP 2806 -0.285049902 0.0487698768 0.229693757 0 0 0
C@CP 2807 0.0186550377 0.251304292 -0.102985498 0 0 0
C@CP 2808 0.277293995 -0.342559039 0.152502136 0 0 0
C@CP 2809 0.258602395 0.249148636 -0.0937517779 0 0 0
C@CP 2810 0.190306139 0.013211994 0.367970812 0 0 0
C@CP 2811 0.345514702 -0.295823824 0.0204513053 0 0 0
C@CP 2812 -0.0615560385 -0.0601493984 0.24139829 0 0 0
C@CP 2813 0.00146639621 -0.159206483 -0.142494783 0 0 0
C@CP 2814 0.25456838 0.190447137 0.0455185398 0 0 0
C@CP 2815 0.0644629171 -0.204420682 -0.170957727 0 0 0
C@CP 2816 -0.182721375 0.402267001 0.150386404 0 0 0
C@CP 2817 -0.141445557 0.127136719 0.319090483 0 0 0
C@CP 2818 0.166824288 0.232245534 0.177346172 0 0 0
C@CP 2819 0.263174258 -0.321697511 -0.188465512 0 0 0
C@CP 2820 0.181430224 -0.0858947419 0.366575608 0 0 0
C@CP 2821 -0.0759125105 0.422747257 0.100493406 0 0 0
C@CP 2822 -0.33975461 0.065008659 0.216756296 0 0 0
C@CP 2823 -0.420803307 0.0542580662 -0.0695786907 0 0 0
C@CP 2824 -0.347056424 0.0882477289 -0.0698908734 0 0 0
C@CP 2825 0.177871178 0.10386549 -0.0624861778 0 0 0
C@CP 2826 0.293215593 0.0755458769 -0.18760729 0 0 0
C@CP 2827 -0.0736427969 -0.322425165 -0.183553238 0 0 0
C@CP 2828 0.266715095 -0.0556534994 0.29647087 0 0 0
C@CP 2829 0.0710167693 0.048356187 -0.167902209 0 0 0
C@CP 2830 -0.271567033 0.0954397424 -0.291655353 0 0 0
C@CP 2831 0.177328135 0.0548819011 -0.251412324 0 0 0
C@CP 2832 -0.412234574 0.065054125 0.14809048 0 0 0
C@CP 2833 -0.0592039598 -0.112999798 -0.273220589 0 0 0
C@CP 2834 0.0878189342 -0.06404174 -0.168228938 0 0 0
C@CP 2835 0.121698467 0.200425783 0.338542021 0 0 0
C@CP 2836 0.159786814 -0.0303888328 0.224155888 0 0 0
C@CP 2837 -0.195177395 0.0299297761 0.167321762 0 0 0
C@CP 2838 0.35899822 0.0209779186 0.290585709 0 0 0
C@CP 2839 -0.276541004 0.32169608 -0.155293144 0 0 0
C@CP 2840 0.151142814 0.300219701 -0.191332447 0 0 0
C@CP 2841 0.0342357401 0.0837369084 0.366617708 0 0 0
C@CP 2842 -0.324300459 -0.100144968 -0.0788249148 0 0 0
C@CP 2843 -0.19102737 -0.214747924 -0.185011114 0 0 0
C@CP 2844 0.413054136 0.184937993 0.0248307461 0 0 0
C@CP 2845 -0.356551715 -0.15254204 0.172605331 0 0 0
C@CP 2846 0.159151434 -0.0240859663 -0.400715457 0 0 0
C@CP 2847 -0.122009738 0.269256402 0.138804935 0 0 0
C@CP 2848 -0.365372447 -0.053740212 -0.219632129 0 0 0
C@CP 2849 0.212582863 -0.0835137138 0.0026179777 0 0 0
C@CP 2850 0.0946912228 -0.19631219 -0.196356592 0 0 0
C@CP 2851 -0.0622841075 0.171028115 -0.203168215 0 0 0
C@CP 2852 0.1264698 0.00563670165 0.0896487612 0 0 0
C@CP 2853 -0.323018904 0.216818865 0.2040976 0 0 0
C@CP 2854 -0.0253082855 0.0135917475 -0.308601701 0 0 0
C@CP 2855 0.084789494 0.0313350011 0.290738339 0 0 0
C@CP 2856 0.27869779 0.10085059 0.0244524864 0 0 0
C@CP 2857 -0.262906715 0.0787199298 -0.351477483 0 0 0
C@CP 2858 -0.425466922 -0.0729746659 0.104527733 0 0 0
C@CP 2859 -0.0985621035 -0.0409835378 0.316921071 0 0 0
C@CP 2860 0.0934425323 -0.00723216494 -0.098893486 0 0 0
C@CP 2861 -0.0254690779 0.212926241 -0.406463255 0 0 0
C@CP 2862 0.181017727 0.0402364128 -0.0815334456 0 0 0
C@CP 2863 -0.0893630345 0.251439564 0.28281173 0 0 0
C@CP 2864 -0.286806561 0.253472588 0.0787789657 0 0 0
C@CP 2865 0.301105295 -0.220189954 0.186533318 0 0 0
C@CP 2866 -0.000847293679 0.190754849 0.350791284 0 0 0
C@CP 2867 -0.20222205 0.267547122 -0.0603122528 0 0 0
C@CP 2868 -0.411182353 0.181935629 0.037739555 0 0 0
C@CP 2869 -0.14421643 0.39798205 0.212341304 0 0 0
C@CP 2870 0.138802765 0.184194562 0.0503443301 0 0 0
C@CP 2871 -0.276935554 -0.0779213616 0.0989707668 0 0 0
C@CP 2872 -0.387569318 0.0678079862 -0.263438124 0 0 0
C@CP 2873 -0.349568005 0.286781291 -0.059579062 0 0 0
C@CP 2874 -0.199446292 0.0647442593 0.200436162 0 0 0
C@CP 2875 -0.16373818 0.0907857877 0.383776307 0 0 0
C@CP 2876 0.0690294452 0.262820654 -0.145699863 0 0 0
C@CP 2877 -0.0600679178 -0.273032802 -0.322290407 0 0 0
C@CP 2878 0.102651765 -0.123738656 -0.31577101 0 0 0
C@CP 2879 -0.286538331 -0.0254957123 0.0247992536 0 0 0
C@CP 2880 -0.0464781796 0.0474913917 0.29897661 0 0 0
C@CP 2881 -0.0599654173 0.0836488319 0.263297799 0 0 0
C@CP 2882 0.113203478 0.0038350063 0.273722375 0 0 0
C@CP 2883 0.0547113704 0.449978012 0.0890353088 0 0 0
C@CP 2884 -0.168525138 -0.0251576637 -0.120550459 0 0 0
C@CP 2885 -0.431233859 -0.0381533078 0.106796172 0 0 0
C@CP 2886 -0.405706486 -0.0260179918 0.144499671 0 0 0
C@CP 2887 0.0242802021 0.287841198 -0.219892508 0 0 0
C@CP 2888 0.225284298 0.195252123 0.0452636578 0 0 0
C@CP 2889 -0.338553862 0.257145209 -0.0678714128 0 0 0
C@CP 2890 0.107783869 0.201004094 0.029426255 0 0 0
C@CP 2891 0.254889112 0.214462152 -0.152942705 0 0 0
C@CP 2892 -0.382186187 -0.106118607 -0.155804844 0 0 0
C@CP 2893 0.412189188 0.00434004748 -0.185331727 0 0 0
C@CP 2894 0.0919661577 -0.146861835 -0.169015124 0 0 0
C@CP 2895 -0.0182661144 0.346603171 0.109031394 0 0 0
C@CP 2896 -0.0179780327 -0.209707848 -0.0134218557 0 0 0
C@CP 2897 0.209473835 -0.089837153 -0.40594214 0 0 0
C@CP 2898 0.189562164 -0.282627446 -0.00217031051 0 0 0
C@CP 2899 0.0668527091 0.334753626 0.0604208982 0 0 0
C@CP 2900 -0.237521375 -0.299168512 0.193770406 0 0 0
C@CP 2901 -0.281753611 -0.260848252 -0.165548594 0 0 0
C@CP 2902 -0.324629875 0.166556857 0.28420196 0 0 0
C@CP 2903 -0.0498215623 0.305100098 -0.0647242179 0 0 0
C@CP 2904 -0.0982553031 -0.0718813049 0.433236019 0 0 0
C@CP 2905 -0.200908927 -0.0303572777 -0.0559993883 0 0 0
C@CP 2906 0.0881897461 0.0131991984 -0.0871738958 0 0 0
C@CP 2907 0.242891841 -0.261166979 0.142689655 0 0 0
C@CP 2908 0.155801222 -0.132308127 0.4236022 0 0 0
C@CP 2909 0.268179123 0.312396301 -0.0320461505 0 0 0
C@CP 2910 0.121320279 -0.141392819 -0.0101519398 0 0 0
C@CP 2911 0.0945866264 -0.133861085 -0.348026382 0 0 0
C@CP 2912 -0.144564053 -0.328853079 -0.0615752321 0 0 0
C@CP 2913 0.216753404 0.206706724 -0.0168652296 0 0 0
C@CP 2914 -0.162925382 0.305464486 -0.220596456 0 0 0
C@CP 2915 0.0503047282 0.339036812 -0.298511318 0 0 0
C@CP 2916 0.0273787813 -0.11600196 -0.0355945067 0 0 0
C@CP 2917 0.0625281605 0.176012757 0.320911991 0 0 0
C@CP 2918 -0.0731802188 0.245508758 -0.104195207 0 0 0
C@CP 2919 0.192768158 -0.00784251352 -0.0761125221 0 0 0
C@CP 2920 0.180794589 -0.416250836 0.00352079001 0 0 0
C@CP 2921 0.271562738 0.165408751 0.0748005874 0 0 0
C@CP 2922 0.361508868 -0.265555777 -0.0486607567 0 0 0
C@CP 2923 -0.0783418378 0.228306155 -0.0985179023 0 0 0
C@CP 2924 0.0731164841 -0.171811191 -0.135047098 0 0 0
C@CP 2925 0.195881671 -0.115447756 -0.179662542 0 0 0
C@CP 2926 0.125203109 0.412122268 0.208347873 0 0 0
C@CP 2927 0.0848817441 -0.0999976716 0.424284351 0 0 0
C@CP 2928 -0.0904576464 0.153226304 0.0681780709 0 0 0
C@CP 2929 -0.19488627 0.239038079 -0.325864761 0 0 0
C@CP 2930 -0.202789175 -0.0826912024 0.137698046 0 0 0
C@CP 2931 0.256499588 -0.217285312 -0.204823511 0 0 0
C@CP 2932 -0.189455469 0.284835063 -0.310030947 0 0 0
C@CP 2933 -0.0832266935 -0.149594979 0.206855665 0 0 0
C@CP 2934 0.0259362333 0.391352859 0.0178618375 0 0 0
C@CP 2935 0.10487081 -0.304913851 0.32664111 0 0 0
C@CP 2936 -0.241967061 0.0544071998 -0.352468382 0 0 0
C@CP 2937 0.222718097 -0.0210249532 0.290765849 0 0 0
C@CP 2938 -0.345121334 -0.068359821 0.219768228 0 0 0
C@CP 2939 -0.135523845 0.212654912 0.0607755232 0 0 0
C@CP 2940 -0.114153762 0.280985091 0.134799804 0 0 0
C@CP 2941 -0.293161498 0.0667338619 -0.111185144 0 0 0
C@CP 2942 0.0205296256 -0.115903906 -0.0410691876 0 0 0
C@CP 2943 0.385374467 -0.264646076 -0.0643141106 0 0 0
C@CP 2944 0.137953573 0.0277808187 0.0752622439 0 0 0
C@CP 2945 0.101582693 0.0379934947 -0.359419525 0 0 0
C@CP 2946 0.389988012 -0.198142715 0.110232041 0 0 0
C@CP 2947 -0.122629711 0.282715682 -0.272238418 0 0 0
C@CP 2948 -0.0935726738 0.394852001 0.0197033035 0 0 0
C@CP 2949 -0.116586813 -0.289522479 -0.293853601 0 0 0
C@CP 2950 0.164387394 0.245235641 -0.169962113 0 0 0
C@CP 2951 -0.0485198118 -0.119304553 -0.437961998 0 0 0
C@CP 2952 -0.223641944 0.0211198557 -0.0609028917 0 0 0
C@CP 2953 -0.102495998 -0.0504781781 -0.416477751 0 0 0
C@CP 2954 0.174438793 -0.273589242 0.275425703 0 0 0
C@CP 2955 -0.31030061 0.162590865 0.250066943 0 0 0
C@CP 2956 -0.0306326616 -0.214034006 0.219338798 0 0 0
C@CP 2957 -0.0935245568 -0.136545938 -0.404799668 0 0 0
C@CP 2958 -0.115411466 -0.197043119 0.23853971 0 0 0
C@CP 2959 -0.300250178 0.0272304355 0.341064205 0 0 0
C@CP 2960 0.0622123889 -0.310465853 0.21980875 0 0 0
C@CP 2961 0.269182706 -0.114062226 0.378152746 0 0 0
C@CP 2962 0.118314908 0.379065739 -0.0218224782 0 0 0
C@CP 2963 0.0828800245 0.394595635 0.00876322022 0 0 0
C@CP 2964 -0.216392336 -0.22489901 0.143369743 0 0 0
C@CP 2965 -0.393073927 0.251183055 0.149993457 0 0 0
C@CP 2966 0.394156111 0.102926307 -0.132296727 0 0 0
C@CP 2967 -0.179358037 0.194588761 0.164454189 0 0 0
C@CP 2968 0.237512406 0.104447921 -0.273447585 0 0 0
C@CP 2969 0.206301235 -0.406607393 -0.102980666 0 0 0
C@CP 2970 0.333020734 0.121383988 0.0450565547 0 0 0
C@CP 2971 0.186320189 0.0240541111 -0.0225515311 0 0 0
C@CP 2972 -0.118834121 -0.0941348451 0.0430675733 0 0 0
C@CP 2973 0.12326739 0.0309541464 -0.381134847 0 0 0
C@CP 2974 0.0298434561 0.41530169 -0.155188029 0 0 0
C@CP 2975 -0.262235405 -0.080741408 -0.321275746 0 0 0
C@CP 2976 -0.126231279 -0.151581024 0.0478218616 0 0 0
C@CP 2977 0.0579582629 0.186772142 0.0491506009 0 0 0
C@CP 2978 0.167723932 -0.012683953 -0.360186704 0 0 0
C@CP 2979 -0.100311778 0.0781385076 -0.0815592802 0 0 0
C@CP 2980 0.18120405 0.141761375 -0.172215149 0 0 0
C@CP 2981 -0.195119456 -0.0340151881 0.166388493 0 0 0
C@CP 2982 -0.336144666 0.106059988 0.124569873 0 0 0
C@CP 2983 -0.00844629043 0.288175437 -0.155952163 0 0 0
C@CP 2984 -0.0353705449 -0.0271455503 -0.0395758223 0 0 0
C@CP 2985 0.372698145 0.132175129 -0.208710414 0 0 0
C@CP 2986 0.0497336925 0.00887407123 0.191285747 0 0 0
C@CP 2987 0.19979082 -0.168870593 0.288093123 0 0 0
C@CP 2988 0.344800274 -0.00243301579 0.105673091 0 0 0
C@CP 2989 -0.0142595276 -0.0278474007 -0.295371489 0 0 0
C@CP 2990 0.236307791 0.330990145 0.153139146 0 0 0
C@CP 2991 0.044978204 -0.278907996 0.304954552 0 0 0
C@CP 2992 -0.0161540491 0.0109338195 0.156800421 0 0 0
C@CP 2993 0.315756527 0.216788409 0.0440127878 0 0 0
C@CP 2994 0.0694718766 0.132827664 0.112602587 0 0 0
C@CP 2995 0.171897588 0.223524827 0.257937083 0 0 0
C@CP 2996 -0.0402442494 -0.333541891 0.244520204 0 0 0
C@CP 2997 -0.199180547 0.114427867 0.233314821 0 0 0
C@CP 2998 -0.148728507 0.289800683 -0.321229257 0 0 0
C@CP 2999 0.0833070108 0.200057519 0.0522121176 0 0 0
C@CP 3000 -0.159397742 -0.340937749 0.153561656 0 0 0
C@CP 3001 -0.208835265 -0.041773372 -0.129036253 0 0 0
C@CP 3002 0.0315166626 0.406204973 -0.169357409 0 0 0
C@CP 3003 0.281023148 -0.225261313 0.292116977 0 0 0
C@CP 3004 0.118002827 -0.280070765 0.21990725 0 0 0
C@CP 3005 0.258794375 0.0225802593 -0.267488937 0 0 0
C@CP 3006 -0.296478414 -0.205901563 -0.234645856 0 0 0
C@CP 3007 -0.324542593 -0.0911592382 -0.288091983 0 0 0
C@CP 3008 0.111244967 -0.410950546 0.0470884144 0 0 0
C@CP 3009 -0.0152348593 0.230189561 -0.228412184 0 0 0
C@CP 3010 -0.234048999 -0.0492319274 0.146472238 0 0 0
C@CP 3011 0.177218813 0.168554517 0.181391934 0 0 0
C@CP 3012 -0.203845046 0.117658735 -0.177960804 0 0 0
C@CP 3013 -0.0359630233 -0.0689372158 -0.122101261 0 0 0
C@CP 3014 0.279281244 0.105757004 0.149264182 0 0 0
C@CP 3015 -0.331826763 -0.167950119 0.19995212 0 0 0
C@CP 3016 -0.0913444131 0.00228019371 0.440659717 0 0 0
C@CP 3017 0.434719567 -0.0573289014 0.15948183 0 0 0
C@CP 3018 0.335749873 0.248932113 0.159508911 0 0 0
C@CP 3019 -0.260856783 0.0623180326 0.272340053 0 0 0
C@CP 3020 -0.233777788 0.355298743 -0.00868645066 0 0 0
C@CP 3021 -0.188755194 -0.174268068 0.30963167 0 0 0
C@CP 3022 0.174105765 0.158534451 0.0909352721 0 0 0
C@CP 3023 -0.125901533 0.39811033 0.168159675 0 0 0
C@CP 3024 0.0462794769 0.0549218774 0.0706750416 0 0 0
C@CP 3025 -0.15408777 0.442654341 0.0268755035 0 0 0
C@CP 3026 -0.0204726685 0.223798905 -0.157219711 0 0 0
C@CP 3027 0.0307985037 -0.144248637 -0.0377214721 0 0 0
C@CP 3028 0.273435169 0.225782705 -0.255289913 0 0 0
C@CP 3029 -0.138219174 -0.358684541 0.168429723 0 0 0
C@CP 3030 0.287192459 -0.107348437 -0.174265816 0 0 0
C@CP 3031 0.289804239 -0.3298819 -0.135228247 0 0 0
C@CP 3032 0.0552436922 0.184282052 -0.0732848468 0 0 0
C@CP 3033 0.275007151 -0.272702028 -0.0763795906 0 0 0
C@CP 3034 0.119148206 -0.401341148 0.170505639 0 0 0
C@CP 3035 -0.441107774 -0.042044793 0.142036184 0 0 0
C@CP 3036 0.240238367 -0.00475060796 0.254783433 0 0 0
C@CP 3037 0.343687249 -0.243766397 -0.115129235 0 0 0
C@CP 3038 -0.31614598 0.0187681712 -0.326667441 0 0 0
C@CP 3039 -0.268523984 -0.298753296 0.0666266875 0 0 0
C@CP 3040 -0.151118586 -0.0987143205 0.167588047 0 0 0
C@CP 3041 -0.317249248 -0.235848173 -0.197570852 0 0 0
C@CP 3042 -0.227061086 0.24516078 0.172901214 0 0 0
C@CP 3043 -0.0721918896 -0.181904205 0.0282715764 0 0 0
C@CP 3044 -0.184704236 0.015256 0.24050359 0 0 0
C@CP 3045 -0.410684151 -0.0214047049 -0.00765320425 0 0 0
C@CP 3046 0.181490446 0.281838676 -0.0442847695 0 0 0
C@CP 3047 -0.182792676 0.18768034 0.292747986 0 0 0
C@CP 3048 -0.293428992 0.078808287 0.0308775861 0 0 0
C@CP 3049 -0.203276791 -0.350894387 0.034225477 0 0 0
C@CP 3050 -0.265208842 0.00866160557 -0.371376012 0 0 0
C@CP 3051 0.23886925 -0.262238389 0.218712642 0 0 0
C@CP 3052 0.249855156 -0.234669573 0.126254605 0 0 0
C@CP 3053 0.123107651 0.134757025 -0.23417058 0 0 0
C@CP 3054 0.223533569 0.361389309 0.202728516 0 0 0
C@CP 3055 -0.0730033759 0.0981836987 0.30222323 0 0 0
C@CP 3056 0.0458775895 -0.164348351 0.14851895 0 0 0
C@CP 3057 -0.0798369259 -0.0286398956 -0.401652967 0 0 0
C@CP 3058 0.280991682 -0.210014351 0.105875439 0 0 0
C@CP 3059 -0.0991186537 -0.126110336 0.112066342 0 0 0
C@CP 3060 -0.0148915371 -0.0504256196 0.114675336 0 0 0
C@CP 3061 -0.0021593072 0.12961259 0.34149184 0 0 0
C@CP 3062 -0.0724496677 0.325870312 0.246584723 0 0 0
C@CP 3063 -0.0169034111 0.268381088 -0.392987832 0 0 0
C@CP 3064 0.237015688 0.226476403 0.172077254 0 0 0
C@CP 3065 0.0194236078 0.243544861 -0.365035002 0 0 0
C@CP 3066 -0.0149919298 -0.309430905 -0.268617825 0 0 0
C@CP 3067 -0.0278601456 0.350029286 -0.290015864 0 0 0
C@CP 3068 0.0406974356 0.122855931 0.0207007196 0 0 0
C@CP 3069 -0.278715102 0.332547185 -0.146830839 0 0 0
C@CP 3070 -0.0543932572 -0.330254573 0.328114782 0 0 0
C@CP 3071 0.237142498 0.0533117678 -0.0242935712 0 0 0
C@CP 3072 -0.149105821 -0.355827664 -0.26430069 0 0 0
C@CP 3073 -0.144340191 -0.184605209 0.0870127596 0 0 0
C@CP 3074 0.0299332049 0.0431207543 0.0702321652 0 0 0
C@CP 3075 -0.138522674 0.413545327 0.025109113 0 0 0
C@CP 3076 0.0970721504 -0.178185081 -0.205002218 0 0 0
C@CP 3077 -0.158364402 -0.328581914 0.0798040691 0 0 0
C@CP 3079 -0.0574287158 -0.0903853864 0.244405395 0 0 0
C@CP 3080 -0.14554619 -0.16050853 0.0364433458 0 0 0
C@CP 3081 -0.189528117 0.0381509242 -0.25404044 0 0 0
C@CP 3082 -0.258274097 -0.083211416 0.137867805 0 0 0
C@CP 3083 -0.0952533388 -0.212580838 -0.319999113 0 0 0
C@CP 3084 0.0540506656 0.358388122 -0.0583971918 0 0 0
C@CP 3085 0.0116211753 -0.277430102 0.146456626 0 0 0
C@CP 3086 -0.296190463 -0.0299915777 -0.247796528 0 0 0
C@CP 3087 0.350761289 0.0523518331 0.0868002539 0 0 0
C@CP 3088 0.0534885165 0.402093544 0.117537671 0 0 0
C@CP 3089 0.0707123239 0.180376953 0.251950274 0 0 0
C@CP 3090 0.21624164 0.0924415085 -0.222239469 0 0 0
C@CP 3091 -0.0868424934 -0.139317493 -0.329695465 0 0 0
C@CP 3092 0.0913321569 -0.22928618 0.0778184975 0 0 0
C@CP 3093 -0.335182058 0.233134606 -0.102967158 0 0 0
C@CP 3094 -0.147646975 -0.225572144 0.202813617 0 0 0
C@CP 3095 0.36545426 0.18923724 0.061386027 0 0 0
C@CP 3096 0.245281642 -0.141773378 -0.164882237 0 0 0
C@CP 3097 -0.21310357 0.0990555307 0.140981065 0 0 0
C@CP 3098 -0.157673266 -0.36491366 0.194010797 0 0 0
C@CP 3099 0.105756903 0.301564956 0.308899587 0 0 0
C@CP 3100 -0.0110710782 -0.34868533 0.308060828 0 0 0
C@CP 3101 0.113334625 -0.286691738 0.200534423 0 0 0
C@CP 3102 0.349091941 0.0631676053 0.145970371 0 0 0
C@CP 3103 0.230922763 -0.109215942 0.213722602 0 0 0
C@CP 3104 -0.315635779 -0.24062409 -0.00818152519 0 0 0
C@CP 3105 0.187661569 0.222209346 -0.0442717515 0 0 0
C@CP 3106 -0.15477819 -0.0907537047 -0.365011653 0 0 0
C@CP 3107 0.0910338695 -0.269821762 0.332499916 0 0 0
C@CP 3108 0.284881586 -0.0782531157 0.185566516 0 0 0
C@CP 3109 0.124093649 0.0272351112 0.443237497 0 0 0
C@CP 3110 -0.388055092 -0.0757736576 0.0950749121 0 0 0
C@CP 3111 -0.0027351629 -0.0595462325 0.443763275 0 0 0
C@CP 3112 -0.33468609 -0.10298072 0.127307661 0 0 0
C@CP 3113 -0.054936152 0.406499363 -0.0383492895 0 0 0
C@CP 3114 0.162049467 0.166856169 0.357607339 0 0 0
C@CP 3115 -0.335251783 0.00132157774 -0.0262178566 0 0 0
C@CP 3116 0.0695618683 0.280721492 0.19812237 0 0 0
C@CP 3117 0.215619274 0.177398222 -0.02570711 0 0 0
C@CP 3118 -0.231772377 -0.339219051 0.2261252 0 0 0
C@CP 3119 -0.239524343 -0.20317859 0.055016003 0 0 0
C@CP 3120 -0.338965235 -0.171034908 -0.0454748203 0 0 0
C@CP 3121 -0.294401929 -0.245955624 0.135236954 0 0 0
C@CP 3122 0.304136761 0.250311772 0.184242474 0 0 0
C@CP 3123 -0.169722679 0.315356299 0.0702319913 0 0 0
C@CP 3124 -0.270550501 -0.161561548 -0.0175403661 0 0 0
C@CP 3125 0.385871194 0.038875672 -0.217068756 0 0 0
C@CP 3126 -0.219435916 -0.230199533 -0.0452888538 0 0 0
C@CP 3127 -0.086772404 -0.124009256 0.372477379 0 0 0
C@CP 3128 0.268896393 0.199927641 -0.313383033 0 0 0
C@CP 3129 -0.178406506 0.0347074445 0.176795316 0 0 0
C@CP 3130 0.300251812 0.0855017972 -0.0673817153 0 0 0
C@CP 3131 0.183766467 -0.157181389 -0.21139244 0 0 0
C@CP 3132 -0.0663816285 0.20672842 0.232024936 0 0 0
C@CP 3133 0.119395092 0.00995304849 -0.0775566542 0 0 0
C@CP 3134 -0.153677476 -0.00147816329 0.20254981 0 0 0
C@CP 3135 0.235116542 -0.281296677 0.171777381 0 0 0
C@CP 3136 0.0707105242 0.231670944 -0.293408924 0 0 0
C@CP 3137 -0.069423138 0.256658222 -0.284629327 0 0 0
C@CP 3138 0.370500749 0.155935203 0.119559455 0 0 0
C@CP 3139 0.242275627 -0.109761565 -0.185806591 0 0 0
C@CP 3140 0.267627429 0.28401054 0.207576523 0 0 0
C@CP 3141 0.169129204 -0.0514416521 0.0885439886 0 0 0
C@CP 3142 0.139451827 -0.320323565 0.291467463 0 0 0
C@CP 3143 0.161347619 -0.402904722 0.172034439 0 0 0
C@CP 3144 -0.185723382 -0.24176202 0.308608277 0 0 0
C@CP 3145 0.110231872 -0.446183285 0.0197792826 0 0 0
C@CP 3146 -0.0479487565 -0.443330887 -0.0894843777 0 0 0
C@CP 3147 0.0830413832 -0.10383662 0.270164956 0 0 0
C@CP 3148 0.061850062 0.292553679 -0.131534892 0 0 0
C@CP 3149 -0.0840112756 0.019961337 -0.436310563 0 0 0
C@CP 3150 -0.329414807 -0.0929867051 0.0958054965 0 0 0
C@CP 3151 -0.075874101 0.0256296211 -0.219145524 0 0 0
C@CP 3152 -0.016816744 0.332189471 -0.237636472 0 0 0
C@CP 3153 0.108928214 -0.0277028031 0.0227835074 0 0 0
C@CP 3154 -0.16935736 0.218205887 0.0411608341 0 0 0
C@CP 3155 0.398085271 -0.126848288 0.00578631377 0 0 0
C@CP 3156 0.119825749 0.437508688 -0.0999114423 0 0 0
C@CP 3157 0.197756383 -0.156083145 -0.167081233 0 0 0
C@CP 3158 0.179997647 0.382016083 0.0344835582 0 0 0
C@CP 3159 0.190483245 0.1565504 -0.146475044 0 0 0
C@CP 3160 0.074019385 -0.275986213 0.367764492 0 0 0
C@CP 3161 0.294574343 -0.260247744 -0.229959949 0 0 0
C@CP 3162 -0.29567872 -0.240091926 -0.126127656 0 0 0
C@CP 3163 -0.258648009 -0.0574228963 0.100444997 0 0 0
C@CP 3164 -0.297432434 -0.0898129213 -0.202770879 0 0 0
C@CP 3165 0.274960002 0.00203109126 -0.0752879261 0 0 0
C@CP 3166 -0.342015179 0.228168607 0.207905762 0 0 0
C@CP 3167 0.0145687843 -0.0907230809 0.0801442475 0 0 0
C@CP 3168 0.351481026 0.0442406853 0.234256897 0 0 0
C@CP 3169 0.149424991 0.32248597 0.0212971438 0 0 0
C@CP 3170 0.235993723 0.173619201 -0.377122429 0 0 0
C@CP 3171 -0.197551759 0.251466024 0.103112103 0 0 0
C@CP 3172 -0.176426334 -0.0904050012 -0.425718859 0 0 0
C@CP 3173 0.0506544856 -0.132634527 0.41685762 0 0 0
C@CP 3174 0.128168185 -0.142091726 -0.329606285 0 0 0
C@CP 3175 0.293936236 0.0770774072 -0.033429003 0 0 0
C@CP 3176 0.214771383 0.303605566 -0.167860851 0 0 0
C@CP 3177 0.112188614 -0.174359384 0.395232762 0 0 0
C@CP 3178 -0.161060096 0.330428479 0.282017998 0 0 0
C@CP 3179 -0.0626459601 0.26215743 0.317568 0 0 0
C@CP 3180 -0.187737336 -0.291822834 0.128820704 0 0 0
C@CP 3181 -0.347921671 -0.161914067 0.197716585 0 0 0
C@CP 3182 -0.26284804 0.253367684 0.0479324686 0 0 0
C@CP 3183 -0.190747661 -0.0801333633 0.13346666 0 0 0
C@CP 3184 0.231297635 -0.187274787 -0.323022514 0 0 0
C@CP 3185 -0.181238667 0.143873765 -0.264014884 0 0 0
C@CP 3186 0.0758458398 0.0368160863 -0.380120487 0 0 0
C@CP 3187 0.367769905 -0.169065217 -0.109955245 0 0 0
C@CP 3188 0.0637210236 -0.333017884 0.262307749 0 0 0
C@CP 3189 -0.198233808 -0.0708972395 0.188095915 0 0 0
C@CP 3190 -0.0899650851 -0.0032096197 -0.249074983 0 0 0
C@CP 3191 -0.0170964104 -0.457892363 0.00905102169 0 0 0
C@CP 3192 -0.000883864921 0.43888424 0.117099712 0 0 0
C@CP 3193 -0.0690713153 0.0189507804 -0.0481855481 0 0 0
C@CP 3194 -0.137873194 -0.296347409 -0.213060702 0 0 0
C@CP 3195 -0.285842932 -0.362078549 0.00648354111 0 0 0
C@CP 3196 0.170591973 0.111232394 -0.247127468 0 0 0
C@CP 3197 -0.00249705037 0.0241247584 0.394884544 0 0 0
C@CP 3198 0.214184983 0.0435190437 0.39447269 0 0 0
C@CP 3199 -0.172574876 -0.178797205 0.0073014549 0 0 0
C@CP 3200 0.2334523 -0.0316502716 -0.251324473 0 0 0
C@CP 3201 0.051059065 0.228152384 -0.387832501 0 0 0
C@CP 3203 0.132588515 0.131189434 0.137394395 0 0 0
C@CP 3204 0.403178824 -0.0718761764 -0.105243735 0 0 0
C@CP 3205 0.35700977 -0.13754594 -0.200528142 0 0 0
C@CP 3206 -0.442878995 0.112036436 -0.0343033316 0 0 0
C@CP 3207 0.160088158 -0.219301829 -0.0536351726 0 0 0
C@CP 3208 -0.092686089 0.0958554743 -0.285699696 0 0 0
C@CP 3209 0.315051139 0.210800405 -0.0329614409 0 0 0
C@CP 3210 -0.00459018453 -0.433458068 0.0865633486 0 0 0
C@CP 3211 0.095271425 -0.0114638934 0.261804982 0 0 0
C@CP 3212 0.243814499 -0.191827574 0.195232825 0 0 0
C@CP 3213 0.11933339 -0.0112692419 -0.186569179 0 0 0
C@CP 3214 0.262929159 0.208568305 0.294495665 0 0 0
C@CP 3215 0.0164505342 -0.1044655 -0.41610817 0 0 0
C@CP 3216 0.139816477 -0.282323924 0.0830014356 0 0 0
C@CP 3217 -0.217220309 -0.00600890851 0.352007806 0 0 0
C@CP 3218 0.330890945 0.204417561 0.0332423634 0 0 0
C@CP 3219 0.367665347 -0.072262766 0.24368047 0 0 0
C@CP 3220 0.108665215 0.11861908 -0.24480884 0 0 0
C@CP 3221 0.242531939 -0.119737654 0.00737582368 0 0 0
C@CP 3222 -0.0570371679 0.422625846 0.181878252 0 0 0
C@CP 3223 -0.38410175 -0.042314525 -0.0666721329 0 0 0
C@CP 3224 -0.0762863816 0.260264583 0.207834161 0 0 0
C@CP 3225 -0.0422220232 -0.0278545299 0.468449869 0 0 0
C@CP 3226 0.0539408453 -0.222950667 -0.299737763 0 0 0
C@CP 3227 0.406716471 0.0461559013 0.150722131 0 0 0
C@CP 3228 -0.193770889 -0.230171303 0.273294527 0 0 0
C@CP 3229 0.146265532 -0.389381269 -0.218025766 0 0 0
C@CP 3230 0.261937003 -0.0649957037 0.171979517 0 0 0
C@CP 3231 0.351779422 0.246046189 -0.134737951 0 0 0
C@CP 3232 0.135925203 -0.254318884 -0.171393277 0 0 0
C@CP 3233 -0.227497661 -0.129265841 -0.32169973 0 0 0
C@CP 3234 0.249218063 -0.0694162176 0.104150839 0 0 0
C@CP 3235 0.0401135083 -0.0231951747 -0.0913413288 0 0 0
C@CP 3236 -0.0300371911 -0.406365777 0.208090479 0 0 0
C@CP 3237 -0.448395492 -0.0329642497 0.0890110668 0 0 0
C@CP 3238 0.387841103 0.123793083 0.0486423554 0 0 0
C@CP 3239 -0.134652873 -0.213392784 -0.012976269 0 0 0
C@CP 3240 -0.0010940829 -0.264236637 0.0147408041 0 0 0
C@CP 3241 -0.346668666 0.00550908857 0.246828191 0 0 0
C@CP 3242 0.0228509093 0.127003636 -0.192599345 0 0 0
C@CP 3243 0.0691974918 -0.16048583 -0.19450695 0 0 0
C@CP 3244 0.170622076 0.00118701704 -0.0717744789 0 0 0
C@CP 3245 -0.315375336 0.0909500054 -0.329689981 0 0 0
C@CP 3246 -0.143079307 0.163901341 -0.0560484216 0 0 0
C@CP 3247 -0.0680735134 0.182610476 0.359554789 0 0 0
C@CP 3248 -0.034571186 0.0558764024 -0.00292200526 0 0 0
C@CP 3249 -0.302863469 0.0840293343 -0.245130855 0 0 0
C@CP 3250 -0.226484646 0.0606954923 -0.0578851047 0 0 0
C@CP 3251 0.0730427092 -0.0365338536 0.131116453 0 0 0
C@CP 3252 -0.00291159815 0.0180310004 0.156388042 0 0 0
C@CP 3253 -0.116515386 -0.108162797 0.439447832 0 0 0
C@CP 3254 0.133965018 0.00164036243 0.271478934 0 0 0
C@CP 3255 0.133402721 -0.025138367 0.182112255 0 0 0
C@CP 3256 -0.251105009 0.242197871 -0.12401205 0 0 0
C@CP 3257 0.244585389 0.240023564 -0.0448815612 0 0 0
C@CP 3258 -0.0422091441 -0.0267848903 0.0414126206 0 0 0
C@CP 3259 0.0379240754 -0.460030583 -0.047770716 0 0 0
C@CP 3260 -0.193566793 -0.0561100744 0.139020205 0 0 0
C@CP 3261 -0.239327887 0.204700304 -0.329619632 0 0 0
C@CP 3262 0.248820153 0.0215824876 -0.132693286 0 0 0
C@CP 3263 -0.130025817 0.286094371 -0.13317248 0 0 0
C@CP 3264 0.166039493 -0.361263726 -0.0252196958 0 0 0
C@CP 3265 0.0731732628 -0.253413798 -0.344106654 0 0 0
C@CP 3266 -0.10300017 -0.126088017 0.00328309917 0 0 0
C@CP 3267 0.288349828 -0.296422142 -0.139875629 0 0 0
C@CP 3268 -0.0171729607 -0.341689365 0.230600028 0 0 0
C@CP 3269 -0.238054317 -0.252418279 0.184860494 0 0 0
C@CP 3270 0.064714275 -0.171601308 0.248488329 0 0 0
C@CP 3271 0.248286321 0.0178032229 0.387836778 0 0 0
C@CP 3272 -0.0934908902 -0.179644055 0.338155822 0 0 0
C@CP 3273 -0.291792568 0.0759959983 -0.209511849 0 0 0
C@CP 3274 -0.394492041 -0.123491417 -0.124006849 0 0 0
C@CP 3275 -0.0373177191 0.0661981413 -0.109751454 0 0 0
C@CP 3277 -0.180671618 -0.0401536215 0.333563289 0 0 0
C@CP 3278 0.0297095388 0.251295905 -0.0445990292 0 0 0
C@CP 3279 -0.37838297 -0.0756722 -0.0411246133 0 0 0
C@CP 3280 -0.221560953 -0.252040143 0.293190884 0 0 0
C@CP 3281 0.183151679 0.00549745671 -0.185551465 0 0 0
C@CP 3282 0.303097876 0.113638666 -0.286419334 0 0 0
C@CP 3283 0.147549404 0.120882204 0.028528014 0 0 0
C@CP 3284 0.0769242448 -0.281846819 -0.0867044916 0 0 0
C@CP 3285 0.280733455 -0.116876581 -0.163514246 0 0 0
C@CP 3286 0.0254464886 0.0027161013 0.272994505 0 0 0
C@CP 3287 0.108434372 0.312353102 -0.278369796 0 0 0
C@CP 3288 -0.0230096062 -0.305318281 -0.0713842723 0 0 0
C@CP 3289 0.398079633 0.0419929941 0.154847281 0 0 0
C@CP 3290 0.000843146118 0.407564232 0.0530994405 0 0 0
C@CP 3291 -0.140345316 0.220406458 -0.182022242 0 0 0
C@CP 3292 0.279934545 0.00920953201 0.186990793 0 0 0
C@CP 3293 -0.300576418 0.227352067 0.0269236019 0 0 0
C@CP 3295 0.195805535 -0.336679319 -0.0164634957 0 0 0
C@CP 3296 -0.0699937095 -0.0115926027 -0.409256212 0 0 0
C@CP 3297 0.068885323 0.204132489 0.405054815 0 0 0
C@CP 3298 0.293454694 -0.297470816 -0.142173535 0 0 0
C@CP 3299 0.381480242 0.0787226345 -0.0110236216 0 0 0
C@CP 3300 -0.176592936 -0.131801948 -0.234699 0 0 0
C@CP 3301 0.252615985 -0.269046011 0.0634407089 0 0 0
C@CP 3302 -0.243644654 -0.39561998 -0.0665514198 0 0 0
C@CP 3303 -0.000436750153 -0.229171281 0.303661901 0 0 0
C@CP 3304 0.147268391 0.103613558 0.138524974 0 0 0
C@CP 3305 0.11500714 0.0456398025 0.440094857 0 0 0
C@CP 3306 -0.325655199 -0.0949980967 -0.192538168 0 0 0
C@CP 3307 -0.216640657 -0.0279397396 0.103792678 0 0 0
C@CP 3308 0.248113768 -0.323472402 0.0513947884 0 0 0
C@CP 3309 -0.0400580942 0.181425292 0.0625646833 0 0 0
C@CP 3310 -0.151210705 0.169909866 0.378531114 0 0 0
C@CP 3311 0.111778278 0.0840277116 -0.367480007 0 0 0
C@CP 3312 -0.225187227 0.258391585 0.235350155 0 0 0
C@CP 3313 -0.110763412 -0.290471606 0.232466398 0 0 0
C@CP 3314 0.0854184945 0.145232692 -0.366714428 0 0 0
C@CP 3315 -0.162192408 -0.304013837 0.233544049 0 0 0
C@CP 3316 0.417105122 0.138857908 -0.163534435 0 0 0
C@CP 3317 0.0551041445 -0.104744354 -0.18859386 0 0 0
C@CP 3318 0.0716425355 0.41570801 0.185228991 0 0 0
C@CP 3319 0.0238421135 0.0167499753 -0.203401573 0 0 0
C@CP 3320 0.139990812 -0.25139154 0.0387417028 0 0 0
C@CP 3321 -0.327505172 0.0830856596 0.00491705818 0 0 0
C@CP 3322 -0.194564847 -0.273062858 -0.0572294177 0 0 0
C@CP 3323 0.154546672 -0.176943551 -0.25987943 0 0 0
C@CP 3324 -0.24832797 -0.0207462775 -0.375973613 0 0 0
C@CP 3325 -0.407549314 -0.0508604912 0.0271808349 0 0 0
C@CP 3326 0.235805203 -0.072276763 0.382136995 0 0 0
C@CP 3327 0.0285046899 0.00410505106 -0.255938758 0 0 0
C@CP 3328 -0.354080583 -0.250207217 -0.0698323908 0 0 0
C@CP 3329 -0.181338485 -0.150552678 0.0860978945 0 0 0
C@CP 3330 -0.292668612 -0.312479861 -0.00535170681 0 0 0
C@CP 3331 0.161733376 0.367560927 -0.175311833 0 0 0
C@CP 3332 0.32287538 0.0444779513 0.237331423 0 0 0
C@CP 3333 0.338877837 0.0199464894 -0.112818176 0 0 0
C@CP 3334 0.0409163835 0.210463736 0.0478285212 0 0 0
C@CP 3335 -0.085839378 0.216693836 -0.36150618 0 0 0
C@CP 3336 -0.145989022 0.0783497025 0.0232397542 0 0 0
C@CP 3337 -0.0111477984 0.157845788 0.223996541 0 0 0
C@CP 3338 0.197833303 0.380370007 -0.0517533517 0 0 0
C@CP 3339 0.182601725 -0.210420367 0.119824876 0 0 0
C@CP 3340 -0.0959834454 -0.114652236 -0.0855736493 0 0 0
C@CP 3341 0.186073838 0.0410999865 -0.347561451 0 0 0
C@CP 3342 0.243509838 0.280507926 -0.0772276623 0 0 0
C@CP 3343 0.0441953005 0.160852341 0.306887364 0 0 0
C@CP 3344 -0.324519036 0.07028906 0.256455681 0 0 0
C@CP 3345 0.23807118 0.116976111 -0.0508600028 0 0 0
C@CP 3346 -0.135359672 -0.208408165 -0.239510928 0 0 0
C@CP 3347 0.143095824 0.039887856 -0.405264627 0 0 0
C@CP 3348 -0.0169537364 -0.124892352 0.251848223 0 0 0
C@CP 3349 -0.172610795 -0.352635952 0.27127638 0 0 0
C@CP 3350 0.153261091 -0.0390975998 0.119815111 0 0 0
C@CP 3351 0.0892309759 0.195413349 -0.0386021641 0 0 0
C@CP 3353 0.00323719105 0.437352566 0.128293363 0 0 0
C@CP 3354 0.13464485 -0.241648718 -0.195407507 0 0 0
C@CP 3355 0.065542323 0.0964403741 0.4329328 0 0 0
C@CP 3356 0.0540690651 -0.280382341 -0.373300717 0 0 0
C@CP 3357 -0.00590363286 -0.407081337 0.0193739636 0 0 0
C@CP 3358 0.268979536 0.0112903027 -0.265139419 0 0 0
C@CP 3359 -0.211823594 0.207590689 0.150430934 0 0 0
C@CP 3360 0.0179729866 -0.118950271 0.442179844 0 0 0
C@CP 3361 -0.272939215 0.0222712958 0.134382092 0 0 0
C@CP 3362 0.134590343 0.110190583 -0.300609325 0 0 0
C@CP 3363 -0.0171265907 0.0774959404 0.365844204 0 0 0
C@CP 3364 0.00527895977 -0.450664262 0.0789817066 0 0 0
C@CP 3365 -0.288479121 0.172057464 -0.220785562 0 0 0
C@CP 3366 -0.15770977 -0.173764249 0.163082694 0 0 0
C@CP 3367 -0.0843568414 -0.153681955 -0.302962174 0 0 0
C@CP 3368 -0.290074629 -0.173018775 0.0532143232 0 0 0
C@CP 3369 -0.232647307 0.319660687 0.114465188 0 0 0
C@CP 3370 0.188048902 0.389262859 0.0511699637 0 0 0
C@CP 3371 -0.0690710693 0.105535855 -0.187605714 0 0 0
C@CP 3372 -0.25856609 -0.274496201 0.125620816 0 0 0
C@CP 3373 0.3224315 0.139157887 -0.299877878 0 0 0
C@CP 3374 0.149244623 -0.308151007 0.134778632 0 0 0
C@CP 3375 -0.301814914 -0.0696856213 0.349612519 0 0 0
C@CP 3376 0.303202681 -0.0365706501 -0.239812794 0 0 0
C@CP 3377 0.136346207 -0.378951507 -0.256808315 0 0 0
C@CP 3378 -0.340552736 0.199705749 -0.129157115 0 0 0
C@CP 3379 0.189602632 0.147635702 0.0785036273 0 0 0
C@CP 3380 -0.172593307 0.0344076671 -0.301499516 0 0 0
C@CP 3381 -0.411081198 -0.0203138688 -0.050349958 0 0 0
C@CP 3382 -0.162894883 -0.290218701 0.184782213 0 0 0
C@CP 3383 -0.364014351 0.245782277 0.0460544591 0 0 0
C@CP 3384 -0.410613874 -0.123276522 0.0101398126 0 0 0
C@CP 3385 0.137679926 -0.0240415755 -0.365632073 0 0 0
C@CP 3386 -0.30104063 -0.0492655006 -0.0588058501 0 0 0
C@CP 3387 0.277181652 -0.359888791 -0.0228274939 0 0 0
C@CP 3388 0.230991884 0.273914957 -0.10361523 0 0 0
C@CP 3389 0.0633367796 -0.369192233 0.0831170695 0 0 0
C@CP 3390 -0.341658387 -0.109233366 -0.120784596 0 0 0
C@CP 3391 0.0150496288 -0.264431465 -0.401596973 0 0 0
C@CP 3392 0.244215945 0.245281823 0.190249363 0 0 0
C@CP 3393 -0.27129222 0.0183490218 0.0308526054 0 0 0
C@CP 3394 0.0348043394 -0.000395479484 0.284321323 0 0 0
C@CP 3395 0.154201074 -0.103546354 0.399940157 0 0 0
C@CP 3396 -0.149958829 0.20594398 0.262713317 0 0 0
C@CP 3397 0.179943528 0.153490498 0.30186219 0 0 0
C@CP 3398 0.151923741 -0.245788088 -0.284137328 0 0 0
C@CP 3399 0.0342904875 -0.310629909 -0.172596659 0 0 0
C@CP 3400 -0.120602183 -0.383798075 0.00571456635 0 0 0
C@CP 3401 0.19416473 0.396581665 -0.0962814771 0 0 0
C@CP 3402 -0.0180208585 0.114041557 -0.35686798 0 0 0
C@CP 3403 0.136597319 -0.307242618 0.0531950917 0 0 0
C@CP 3404 -0.00491384766 -0.280031413 0.101930572 0 0 0
C@CP 3405 -0.188717052 -0.149576353 0.0423504299 0 0 0
C@CP 3406 0.317974669 0.0407812331 -0.192595674 0 0 0
C@CP 3407 -0.129171536 -0.290210201 0.312266911 0 0 0
C@CP 3408 -0.209933262 -0.354564566 -0.183482199 0 0 0
C@CP 3409 0.0483594888 -0.0642651302 0.105411737 0 0 0
C@CP 3410 0.211517633 -0.133171264 -0.258924563 0 0 0
C@CP 3411 0.0491766822 -0.329353547 0.0700340726 0 0 0
C@CP 3412 -0.0522251773 0.24426274 -0.0295968778 0 0 0
C@CP 3413 -0.184607475 0.0127128838 0.113730971 0 0 0
C@CP 3414 0.168317543 -0.379281508 0.0820049544 0 0 0
C@CP 3415 0.205368671 -0.229750507 -0.148508748 0 0 0
C@CP 3416 0.0212978609 -0.0266018511 0.361446368 0 0 0
C@CP 3417 0.00950975483 0.321127421 0.0626075644 0 0 0
C@CP 3418 -0.104680781 0.1677402 -0.356604882 0 0 0
C@CP 3419 -0.0572672486 -0.266508733 0.239494422 0 0 0
C@CP 3420 0.218951878 -0.162820191 0.0141333921 0 0 0
C@CP 3421 0.339377571 0.0113920328 0.138185183 0 0 0
C@CP 3422 0.0917670371 0.129726704 0.0600668727 0 0 0
C@CP 3423 0.100573152 -0.296321 0.0358714373 0 0 0
C@CP 3424 -0.123450694 -0.436951326 0.0457279279 0 0 0
C@CP 3425 0.120407419 0.331692208 -0.313213207 0 0 0
C@CP 3426 -0.085850676 0.288838052 -0.124724453 0 0 0
C@CP 3427 -0.213848438 -0.221428454 0.338238413 0 0 0
C@CP 3428 0.336692839 0.157842772 -0.269158667 0 0 0
C@CP 3429 0.13193284 -0.10264425 0.210929519 0 0 0
C@CP 3430 -0.138126434 -0.207529006 0.326504839 0 0 0
C@CP 3431 0.0301812786 0.31160414 -0.0589408708 0 0 0
C@CP 3432 0.337539043 -0.0967518699 -0.179005781 0 0 0
C@CP 3433 0.0508094296 0.0448604452 0.140042399 0 0 0
C@CP 3434 0.446556177 -0.0220614334 0.0561820113 0 0 0
C@CP 3435 0.0351090181 0.260607327 0.130586027 0 0 0
C@CP 3436 -0.116514648 -0.169946703 0.093847099 0 0 0
C@CP 3437 -0.061444856 -0.337321757 0.282415813 0 0 0
C@CP 3438 -0.265626727 -0.130058989 0.219392935 0 0 0
C@CP 3439 -0.0317816394 0.327292545 0.13666588 0 0 0
C@CP 3440 -0.28340235 0.131520001 0.313273898 0 0 0
C@CP 3441 -0.229280415 0.316013402 -0.194455214 0 0 0
C@CP 3442 0.400532004 -0.108369781 -0.0617017745 0 0 0
C@CP 3443 -0.0158622586 -0.322951344 0.0318531004 0 0 0
C@CP 3444 0.157283031 -0.316340911 -0.00925676084 0 0 0
C@CP 3445 0.0107560614 -0.338072296 0.322808714 0 0 0
C@CP 3446 -0.139220026 -0.238178765 0.139939886 0 0 0
C@CP 3447 0.193932538 -0.330687736 0.130308421 0 0 0
C@CP 3448 -0.190925199 0.199157786 -0.0994075194 0 0 0
C@CP 3449 -0.277810949 0.377577553 -0.0194198544 0 0 0
C@CP 3450 -0.203551165 -0.333049687 -0.215676434 0 0 0
C@CP 3451 -0.0710423758 0.192847259 0.352651006 0 0 0
C@CP 3452 -0.0527950528 0.177569085 -0.383573366 0 0 0
C@CP 3454 -0.197060273 -0.190983802 0.255584717 0 0 0
C@CP 3455 -0.0153502726 -0.0948665341 0.299278575 0 0 0
C@CP 3456 0.427235804 -0.144245426 0.109695007 0 0 0
C@CP 3457 0.0527286471 -0.276644577 0.05067957 0 0 0
C@CP 3458 -0.0247031363 0.163978287 0.266278866 0 0 0
C@CP 3459 -0.155303084 0.183479275 -0.275059612 0 0 0
C@CP 3460 -0.141592403 0.262053143 -0.103464838 0 0 0
C@CP 3461 -0.0684520567 -0.0158266946 -0.225881761 0 0 0
C@CP 3462 0.0569025712 0.371590714 -0.0803559355 0 0 0
C@CP 3463 0.000523694723 0.332388241 0.310729298 0 0 0
C@CP 3464 -0.0231325415 0.280320792 -0.203048888 0 0 0
C@CP 3465 0.177449627 0.320684708 0.0965761133 0 0 0
C@CP 3466 -0.108466463 -0.146883671 -0.428053377 0 0 0
C@CP 3467 0.314721576 0.0591382546 0.305611862 0 0 0
C@CP 3468 -0.0697084592 -0.0177653482 0.337003637 0 0 0
C@CP 3469 0.202627746 -0.34665555 -0.050665903 0 0 0
C@CP 3470 -0.150727961 0.0437869048 0.428860431 0 0 0
C@CP 3471 -0.0878698687 -0.0968698468 -0.0854557456 0 0 0
C@CP 3472 -0.436838313 0.0695835105 -0.0824494626 0 0 0
C@CP 3473 -0.00726172563 -0.484966183 -0.00534921512 0 0 0
C@CP 3474 0.101562155 0.151665431 -0.380375387 0 0 0
C@CP 3475 -0.0481235279 -0.158847919 -0.200736751 0 0 0
C@CP 3476 0.0692364957 -0.314091831 -0.1009516 0 0 0
C@CP 3477 0.28546974 -0.127261148 -0.300482723 0 0 0
C@CP 3478 0.328188999 -0.280267772 0.0300206363 0 0 0
C@CP 3479 0.219814014 -0.241407188 -0.174158309 0 0 0
C@CP 3480 -0.141573772 -0.195968845 -0.275828706 0 0 0
C@CP 3481 0.231301763 0.0831247056 -0.367453774 0 0 0
C@CP 3482 0.0456288717 0.284789337 0.201807986 0 0 0
C@CP 3483 -0.0171725269 0.0458799573 0.0320362972 0 0 0
C@CP 3484 -0.398594389 -0.0986128301 -0.206250776 0 0 0
C@CP 3485 0.00565961859 0.29753841 -0.118009238 0 0 0
C@CP 3486 0.093512196 0.417455311 0.152716816 0 0 0
C@CP 3487 0.274443321 0.151863371 -0.0449943156 0 0 0
C@CP 3488 -0.199934537 -0.183092338 -0.100727667 0 0 0
C@CP 3489 0.241405091 0.00131059344 0.31528342 0 0 0
C@CP 3490 -0.270182214 -0.226385987 0.010456109 0 0 0
C@CP 3491 -0.394171989 0.229663247 0.130786729 0 0 0
C@CP 3492 -0.00291084629 -0.0997543334 0.28211522 0 0 0
C@CP 3493 0.213385169 0.146423264 -0.056499462 0 0 0
C@CP 3494 0.00554952109 0.403977242 -0.160765316 0 0 0
C@CP 3495 0.203183855 -0.219424383 0.299104889 0 0 0
C@CP 3496 0.027394716 -0.0402180847 0.273580156 0 0 0
C@CP 3497 -0.108197517 -0.242247274 -0.284875911 0 0 0
B@CP 3499 0.175925055 0.201282141 -0.266329353 0 0 0
C@CP 3500 -0.16768924 0.0114687885 -0.420197071 0 0 0
C@CP 3501 0.131718087 -0.202891553 0.12316723 0 0 0
C@CP 3502 -0.382191672 0.00194822926 0.184178212 0 0 0
B@CP 3504 0.235900346 0.0629661359 -0.100815087 0 0 0
C@CP 3505 0.310068261 -0.0216999735 0.233424188 0 0 0
B@CP 3507 -0.168230831 -0.317382367 -0.124154208 0 0 0
C@CP 3508 0.10841349 -0.305537795 -0.0581518137 0 0 0
B@CP 3510 -0.0562639236 -0.100607149 -0.197745889 0 0 0
C@CP 3511 0.00613498804 0.144176261 0.408670933 0 0 0
B@CP 3513 0.00304394487 0.0929056575 -0.152568157 0 0 0
C@CP 3514 -0.0857744493 0.0500913423 0.0669842918 0 0 0
B@CP 3516 -0.0153766946 0.105137156 -0.358586326 0 0 0
C@CP 3517 -0.281128473 0.15711892 0.0166978418 0 0 0
B@CP 3519 0.0473615354 0.100721591 -0.147887392 0 0 0
C@CP 3520 0.360463912 -0.0616343856 0.161979337 0 0 0
