B@CP 1004 -0.198229371 -0.296321463 -0.248257779 0 0 0
B@CP 1005 -0.151652354 0.393989863 0.0272347046 0 0 0
B@CP 1008 0.106734858 0.114595646 -0.248656698 0 0 0
B@CP 1014 0.278796561 0.00775814417 -0.295997588 0 0 0
B@CP 1018 0.142024357 -0.134878931 0.0249410842 0 0 0
B@CP 1020 -0.0640530498 0.28936391 0.114716707 0 0 0
B@CP 1025 -0.141519552 -0.161137262 0.147621209 0 0 0
B@CP 1026 -0.161406094 -0.291099744 -0.216251395 0 0 0
B@CP 1032 0.032271465 0.144396096 0.410516761 0 0 0
B@CP 1033 -0.299330165 0.159244193 -0.108485326 0 0 0
B@CP 1034 0.140806189 0.249616969 -0.11605404 0 0 0
B@CP 1036 0.065164313 -0.320498508 -0.251033905 0 0 0
B@CP 1040 0.332635706 -0.222201307 -0.0899089687 0 0 0
B@CP 1041 -0.194275107 0.0581897504 -0.109110109 0 0 0
B@CP 1042 0.0474505662 0.278034902 0.195581148 0 0 0
B@CP 1045 0.338946235 -0.0516614333 0.317935581 0 0 0
B@CP 1046 -0.0125992993 -0.130030404 -0.0159794736 0 0 0
B@CP 1047 -0.40167142 0.0459397841 -0.0940225335 0 0 0
B@CP 1055 -0.234868916 -0.191636065 -0.0822926192 0 0 0
B@CP 1056 0.13007552 -0.0937853827 0.198913337 0 0 0
B@CP 1059 0.0062793403 0.182937617 -0.00134271726 0 0 0
B@CP 1063 -0.248066757 -0.378310988 -0.0259856383 0 0 0
B@CP 1065 0.0934106562 -0.180091922 -0.229968879 0 0 0
B@CP 1066 -0.103844066 -0.157793011 -0.0681258437 0 0 0
B@CP 1068 0.229220777 -0.0608544132 -0.31984272 0 0 0
B@CP 1069 0.320650089 0.132964013 -0.0572476427 0 0 0
B@CP 1070 0.159180598 0.108750254 -0.417525529 0 0 0
B@CP 1077 0.0354193946 0.000614854449 -0.177506185 0 0 0
B@CP 1080 0.134141919 0.209111049 -0.33040331 0 0 0
B@CP 1083 0.0667304429 0.195560041 0.00773594106 0 0 0
B@CP 1084 0.30555755 -0.0844702786 0.0774649406 0 0 0
B@CP 1085 -0.100526321 0.0801187347 -0.294712614 0 0 0
B@CP 1089 -0.216128171 0.154698364 0.250354694 0 0 0
B@CP 1091 0.225796325 -0.076123787 0.15235522 0 0 0
B@CP 1092 -0.113114676 -0.329061631 0.0165756556 0 0 0
B@CP 1093 -0.174492433 0.138292315 -0.384517645 0 0 0
B@CP 1094 -0.074729594 -0.0178867107 -0.450408539 0 0 0
B@CP 1099 0.146376337 0.180549814 0.279374889 0 0 0
B@CP 1100 0.273341219 -0.100319102 0.159847126 0 0 0
B@CP 1104 0.255566167 0.0458642454 0.0234868964 0 0 0
B@CP 1105 -0.0674974976 0.0632936174 0.393360612 0 0 0
B@CP 1106 0.0541917899 -0.242034966 0.062949875 0 0 0
B@CP 1107 -0.160457914 -0.163145326 0.319515865 0 0 0
B@CP 1109 0.0224810452 0.404799859 -0.210978006 0 0 0
B@CP 1110 0.192613637 -0.010414621 0.228503381 0 0 0
B@CP 1117 0.086821115 -0.301260365 -0.173868445 0 0 0
B@CP 1118 0.23279435 0.156724478 0.145909977 0 0 0
B@CP 1121 -0.153302657 0.223391572 -0.354675774 0 0 0
B@CP 1122 0.338818875 -0.24122651 0.0706881907 0 0 0
B@CP 1123 0.289603062 -0.0698963946 0.194036169 0 0 0
B@CP 1125 0.334053986 -0.0424985201 0.13475642 0 0 0
B@CP 1131 -0.308809945 0.0625972602 -0.277695342 0 0 0
B@CP 1139 -0.102341264 0.313876689 -0.0743390011 0 0 0
B@CP 1143 0.240048532 -0.0493696603 0.102398156 0 0 0
B@CP 1146 0.226853083 0.0535954939 0.313733683 0 0 0
B@CP 1147 -0.380204801 -0.0402803793 -0.0931868484 0 0 0
B@CP 1149 -0.238062436 0.0189058573 -0.39762926 0 0 0
B@CP 1152 -0.414660105 -0.15524968 0.0541205888 0 0 0
B@CP 1154 -0.0215514613 0.299857643 0.101520853 0 0 0
B@CP 1155 0.428605337 -0.0120465411 -0.00270563116 0 0 0
B@CP 1160 0.204013324 0.180701967 -0.0775768531 0 0 0
B@CP 1161 -0.171325285 0.199491726 -0.322542001 0 0 0
B@CP 1162 -0.217164327 0.381712137 0.00967378696 0 0 0
B@CP 1163 0.0386652537 0.16956236 -0.392897524 0 0 0
B@CP 1166 -0.197346593 -0.271734824 -0.263965794 0 0 0
B@CP 1167 -0.116698335 0.442100624 0.0249238777 0 0 0
B@CP 1170 0.139403187 0.416236723 0.173133952 0 0 0
B@CP 1171 -0.0473707086 0.078453006 0.155760324 0 0 0
B@CP 1176 -0.0533862004 -0.00986029834 -0.29916976 0 0 0
B@CP 1179 0.00679515971 -0.0846459096 -0.121026139 0 0 0
B@CP 1185 0.173683458 -0.283305932 -0.0367801929 0 0 0
B@CP 1186 0.361258551 0.0286618713 -0.0124573673 0 0 0
B@CP 1187 0.0487821253 -0.0635346895 -0.351787825 0 0 0
B@CP 1188 -0.239310546 0.237893466 0.0843120163 0 0 0
B@CP 1189 -0.322401651 0.185671687 -0.0592771535 0 0 0
B@CP 1190 0.0114168258 0.386065692 -0.0304992914 0 0 0
B@CP 1191 0.0349344224 0.263174905 0.390014688 0 0 0
B@CP 1192 0.130516021 -0.176352868 -0.0650008294 0 0 0
B@CP 1196 -0.197409611 -0.154525401 0.368278557 0 0 0
B@CP 1197 0.336541134 0.157975124 -0.0977920675 0 0 0
B@CP 1200 0.145849482 -0.387205745 0.0265933648 0 0 0
B@CP 1206 0.12657847 -0.380541369 -0.235956553 0 0 0
B@CP 1211 -0.288629722 -0.0936970034 0.16773114 0 0 0
B@CP 1221 0.149383004 0.063499572 -0.303222719 0 0 0
B@CP 1222 0.209861992 0.182719176 0.348127253 0 0 0
B@CP 1225 -0.170005308 -0.116915305 0.121905224 0 0 0
B@CP 1226 0.374152924 -0.0782690162 -0.143953911 0 0 0
B@CP 1228 0.0531469976 -0.190834018 0.317577967 0 0 0
B@CP 1229 -0.239828604 -0.41908195 -0.0154868281 0 0 0
B@CP 1234 0.0981652781 -0.0727913081 0.277498465 0 0 0
B@CP 1237 0.381726003 0.101189055 0.248825819 0 0 0
B@CP 1239 0.25128862 0.344893975 0.0871182726 0 0 0
B@CP 1241 0.181286275 -0.0453119618 -0.372839341 0 0 0
B@CP 1242 -0.420212332 -0.074853202 -0.0629514516 0 0 0
B@CP 1245 -0.187316748 -0.11316485 0.188622078 0 0 0
B@CP 1248 -0.308858179 -0.312658376 0.0327983714 0 0 0
B@CP 1257 0.000807883159 -0.120522939 -0.207363768 0 0 0
B@CP 1259 -0.171478783 0.0623638535 0.34327473 0 0 0
B@CP 1262 -0.251140436 0.142736874 -0.24041553 0 0 0
B@CP 1263 0.112171931 0.062395204 0.166201312 0 0 0
B@CP 1264 0.00213974504 0.179965333 -0.273309379 0 0 0
B@CP 1268 -0.0670388708 0.229255268 0.230058851 0 0 0
B@CP 1274 0.1022755 0.208698727 0.0697437598 0 0 0
B@CP 1275 0.133136215 -0.033908956 -0.336719602 0 0 0
B@CP 1280 0.0133220445 -0.171582456 -0.0663852248 0 0 0
B@CP 1281 0.206106999 0.164639292 0.208935641 0 0 0
B@CP 1284 0.0683455564 0.166981619 -0.379151838 0 0 0
B@CP 1285 -0.0365526534 -0.124520512 0.202708678 0 0 0
B@CP 1291 0.255757782 0.0803184054 -0.288919977 0 0 0
B@CP 1293 0.0763544069 -0.176075792 0.329272679 0 0 0
B@CP 1299 -0.0733416461 0.14602981 -0.165716604 0 0 0
B@CP 1302 0.105957058 0.32741539 0.00941812193 0 0 0
B@CP 1305 0.0950913765 -0.112005735 0.161542666 0 0 0
B@CP 1306 -0.258837407 0.111003112 -0.154310426 0 0 0
B@CP 1312 -0.146528633 -0.0775945233 0.249312764 0 0 0
B@CP 1318 -0.122400216 0.152923556 -0.411401836 0 0 0
B@CP 1320 -0.134226919 0.215946034 0.310962335 0 0 0
B@CP 1323 0.0354744756 0.244862881 0.182617215 0 0 0
B@CP 1324 -0.171203668 0.378613114 -0.161023465 0 0 0
B@CP 1326 -0.251018506 -0.308136428 0.0218969923 0 0 0
B@CP 1330 -0.0150447416 0.275318153 -0.379352058 0 0 0
B@CP 1332 0.374093344 0.147570749 -0.131082023 0 0 0
B@CP 1335 0.136084429 0.260090702 0.249272358 0 0 0
B@CP 1342 -0.0995248669 0.0194663574 0.362905803 0 0 0
B@CP 1343 -0.293374045 0.167318506 0.0515648624 0 0 0
B@CP 1345 0.402687021 -0.0647327108 -0.0226500959 0 0 0
B@CP 1348 -0.0812010616 -0.042449007 0.259305729 0 0 0
B@CP 1354 0.134741665 -0.100793524 0.253974584 0 0 0
B@CP 1356 0.249346208 0.117010695 -0.0963315523 0 0 0
B@CP 1362 -0.0520432647 0.210833513 -0.250391821 0 0 0
B@CP 1363 0.0401410897 -0.292342733 0.0889308294 0 0 0
B@CP 1365 -0.399213227 0.230602822 -0.124230856 0 0 0
B@CP 1367 -0.178968362 -0.0606713253 -0.379731388 0 0 0
B@CP 1370 -0.0402040809 0.0901205517 0.150646683 0 0 0
B@CP 1371 0.247070911 -0.111430499 -0.179972916 0 0 0
B@CP 1372 -0.0311126502 -0.0746345069 0.0906612602 0 0 0
B@CP 1373 -0.0375714585 0.0915786107 -0.224089044 0 0 0
B@CP 1375 0.231988064 0.133781432 -0.365663832 0 0 0
B@CP 1379 -0.332834904 0.0457751621 -0.116621069 0 0 0
B@CP 1385 -0.235738345 -0.163714042 -0.31390343 0 0 0
B@CP 1387 -0.397845826 -0.117235005 0.117159972 0 0 0
B@CP 1390 -0.0456296039 0.0825573242 -0.0745091764 0 0 0
B@CP 1391 -0.2583368 -0.0669109835 -0.109534912 0 0 0
B@CP 1393 -0.0637727279 -0.00619208346 0.246927221 0 0 0
B@CP 1398 0.069473861 -0.181581259 -0.298806483 0 0 0
B@CP 1406 -0.0414066319 -0.0680614042 -0.0611213996 0 0 0
B@CP 1408 -0.00842320218 0.0903451945 0.410521838 0 0 0
B@CP 1410 0.100262297 0.0939854904 0.31029644 0 0 0
B@CP 1416 -0.0185328139 -0.375625691 -0.128736673 0 0 0
B@CP 1417 -0.266153832 0.131321282 -0.145282865 0 0 0
B@CP 1422 -0.0457313644 0.266302966 -0.16410549 0 0 0
B@CP 1423 -0.0158874008 -0.407522502 -0.0702193746 0 0 0
B@CP 1424 0.141047779 0.394759707 -0.149650676 0 0 0
B@CP 1428 0.235919085 0.0210312094 -0.150082236 0 0 0
B@CP 1429 -0.257932515 -0.0813973968 -0.355651012 0 0 0
B@CP 1433 -0.354925263 0.129981845 -0.251909466 0 0 0
B@CP 1434 -0.145294655 0.165619795 -0.0944899774 0 0 0
B@CP 1436 -0.175466924 -0.0686071095 -0.0392789564 0 0 0
B@CP 1438 -0.173044071 -0.261261898 -0.167087509 0 0 0
B@CP 1439 0.252357624 -0.1256411 -0.223000148 0 0 0
B@CP 1446 -0.212306261 -0.296149734 0.0265693139 0 0 0
B@CP 1448 -0.152156794 -0.254528659 -0.0307503687 0 0 0
B@CP 1452 0.188483192 0.235642642 -0.141038121 0 0 0
B@CP 1453 0.223517447 -0.180566696 0.318406852 0 0 0
B@CP 1454 -0.257501783 0.0677758248 -0.0590859912 0 0 0
B@CP 1465 -0.131320789 -0.130093245 -0.173842482 0 0 0
B@CP 1466 0.248740908 0.285786217 0.0315883365 0 0 0
B@CP 1470 0.035312966 -0.228531022 -0.196399369 0 0 0
B@CP 1471 -0.305564293 0.211155739 0.275028038 0 0 0
B@CP 1478 0.193252002 0.0123160271 0.0621254783 0 0 0
B@CP 1481 -0.342329019 -0.181770312 -0.114625888 0 0 0
B@CP 1482 0.2020314 -0.331767752 0.235536469 0 0 0
B@CP 1483 -0.121920731 0.129209406 -0.216381798 0 0 0
B@CP 1486 -0.0506061821 0.0579130139 -0.363985729 0 0 0
B@CP 1489 0.380792914 0.176953021 0.117864225 0 0 0
B@CP 1490 0.00811819541 0.333264606 -0.21137905 0 0 0
B@CP 1491 0.0340035637 -0.147145772 -0.407352813 0 0 0
B@CP 1492 -0.084009295 -0.270440739 -0.0715649131 0 0 0
B@CP 1495 -0.0635255169 0.354043398 0.223369952 0 0 0
B@CP 1500 0.249297762 0.00594223569 0.116450876 0 0 0
B@CP 1504 0.341315031 0.231638893 0.132654986 0 0 0
B@CP 1505 -0.0398240999 0.0394309836 0.213526409 0 0 0
B@CP 1509 -0.0567648356 0.00077002459 -0.409743973 0 0 0
B@CP 1515 0.0192212212 -0.0757179686 -0.277070165 0 0 0
B@CP 1519 0.322847286 -0.0097835955 0.17007022 0 0 0
B@CP 1523 -0.155297514 -0.159556025 -0.0119401875 0 0 0
B@CP 1524 0.254869096 0.197801583 -0.0263665283 0 0 0
B@CP 1526 0.0910017332 -0.0297842264 -0.140198115 0 0 0
B@CP 1527 0.0317082691 -0.0814145175 0.382541183 0 0 0
B@CP 1530 0.0350022626 -0.207991024 0.164375974 0 0 0
B@CP 1534 0.193704443 -0.190560251 -0.267179377 0 0 0
B@CP 1536 -0.103611801 0.35735303 0.183254448 0 0 0
B@CP 1551 -0.0304443175 -0.288722793 -0.374279463 0 0 0
B@CP 1552 0.263493998 -0.0921979552 -0.373948566 0 0 0
B@CP 1555 0.413619216 0.000590930663 0.149642395 0 0 0
B@CP 1561 0.14113385 0.0581722994 0.0817247629 0 0 0
B@CP 1567 0.179341545 -0.0809401248 -0.406074944 0 0 0
B@CP 1569 -0.0784540809 0.116890007 -0.0668040176 0 0 0
B@CP 1572 -0.159315589 -0.193167994 0.218575393 0 0 0
B@CP 1573 0.393338063 0.242354626 -0.0880265089 0 0 0
B@CP 1576 -0.415190857 -0.127263705 -0.106153203 0 0 0
B@CP 1580 0.0395172516 -0.0499175636 0.0599630853 0 0 0
B@CP 1583 0.0667283953 -0.0849269166 0.348715995 0 0 0
B@CP 1584 -0.187098058 0.0949569006 0.374659601 0 0 0
B@CP 1586 -0.0279997018 -0.3728004 -0.00424530112 0 0 0
B@CP 1588 0.0911031325 0.38929482 -0.0213392768 0 0 0
B@CP 1589 0.238872837 0.259129846 -0.193877878 0 0 0
B@CP 1596 0.100495905 -0.30866162 0.293878742 0 0 0
B@CP 1600 0.197945292 -0.268292466 -0.178649229 0 0 0
B@CP 1606 0.0129763077 0.128748014 -0.0657172285 0 0 0
B@CP 1609 -0.00353814134 -0.000890695029 -0.396891152 0 0 0
B@CP 1611 0.0536672345 0.112097693 0.219432497 0 0 0
B@CP 1613 0.246578548 0.00414541113 -0.299968325 0 0 0
B@CP 1625 -0.168111361 -0.319338396 -0.152218974 0 0 0
B@CP 1630 -0.0844035876 -0.183017828 -0.0773011806 0 0 0
B@CP 1637 0.0602488525 -0.0952311921 0.312766666 0 0 0
B@CP 1638 0.227853495 0.12346615 0.265821496 0 0 0
B@CP 1642 -0.197394187 0.219626669 -0.245294115 0 0 0
B@CP 1645 -0.326277496 -0.0442931166 -0.106284677 0 0 0
B@CP 1649 0.242340641 -0.245404799 -0.255935606 0 0 0
B@CP 1655 -0.287324076 0.231752318 0.236559952 0 0 0
B@CP 1656 -0.0345497779 0.321234917 -0.238257525 0 0 0
B@CP 1673 -0.292333029 -0.205609515 0.092608662 0 0 0
B@CP 1678 -0.202183316 0.162748508 -0.272491788 0 0 0
B@CP 1679 -0.11209622 0.255694171 -0.273118277 0 0 0
B@CP 1681 -0.235086074 0.329960374 -0.131939172 0 0 0
B@CP 1686 -0.171093359 -0.313325524 0.132003618 0 0 0
B@CP 1690 0.359743344 -0.214704304 -0.0971325158 0 0 0
B@CP 1694 -0.051664384 0.250614896 0.184927652 0 0 0
B@CP 1696 0.0650564634 -0.212740299 -0.308159633 0 0 0
B@CP 1697 0.0249012871 0.26400912 0.155265268 0 0 0
B@CP 1701 0.259766134 -0.180041304 0.172295846 0 0 0
B@CP 1703 -0.0458838411 -0.039769454 0.465690988 0 0 0
B@CP 1710 0.0946041872 -0.302399901 -0.0951821029 0 0 0
B@CP 1719 0.100994256 0.430353203 0.00277056805 0 0 0
B@CP 1722 0.0566414918 -0.0658798642 0.142309572 0 0 0
B@CP 1727 0.175260594 0.0753692787 0.0767419884 0 0 0
B@CP 1733 0.112929128 0.168786133 -0.0520096275 0 0 0
B@CP 1735 -0.0417248321 -0.37252712 -0.00139456729 0 0 0
B@CP 1736 -0.13649181 -0.343845537 0.211407626 0 0 0
B@CP 1739 -0.317947298 0.277219723 0.0719187142 0 0 0
B@CP 1740 0.00217358337 -0.0920524912 0.361890217 0 0 0
B@CP 1743 -0.268899563 0.133626288 -0.274941653 0 0 0
B@CP 1745 -0.0857594364 -0.0845848151 0.11430587 0 0 0
B@CP 1746 -0.106227403 -0.098440292 -0.283601483 0 0 0
B@CP 1747 0.269456957 -0.0948562051 0.0272867142 0 0 0
B@CP 1748 -0.246211953 -0.14143926 0.100346285 0 0 0
B@CP 1751 0.104945059 0.13995101 -0.320266595 0 0 0
B@CP 1752 0.238156577 0.0971828617 -0.357219975 0 0 0
B@CP 1755 -0.422909357 0.110535787 0.0578147812 0 0 0
B@CP 1763 -0.311893365 0.176222293 -0.0220305375 0 0 0
B@CP 1774 0.218152589 -0.0215252697 0.392814719 0 0 0
B@CP 1777 -0.0306227254 -0.254795866 0.00967966575 0 0 0
B@CP 1781 -0.0431694991 0.448384245 -0.106052654 0 0 0
B@CP 1789 0.236295978 0.0822836416 0.281497162 0 0 0
B@CP 1790 -0.405430741 0.0716199731 -0.109121607 0 0 0
B@CP 1793 -0.0738521106 0.376878921 0.257886819 0 0 0
B@CP 1800 0.0300280388 0.0838535159 -0.0576331982 0 0 0
B@CP 1802 0.0550133578 -0.370633232 -0.0832444951 0 0 0
B@CP 1803 -0.244089892 -0.365724301 0.0640735049 0 0 0
B@CP 1804 -0.19211572 -0.265372671 0.0489410527 0 0 0
B@CP 1807 -0.186398154 -0.0400365972 -0.370846994 0 0 0
B@CP 1814 -0.232199274 0.178158776 -0.369430173 0 0 0
B@CP 1815 -0.142921489 0.358642673 -0.169905842 0 0 0
B@CP 1817 0.095774618 0.317851783 -0.0949507101 0 0 0
B@CP 1819 -0.297077472 0.0446185935 0.138883795 0 0 0
B@CP 1822 0.263536756 0.0088986217 0.272519142 0 0 0
B@CP 1823 0.248123112 0.375155232 0.0937816539 0 0 0
B@CP 1826 -0.186297208 0.353585189 -0.105041615 0 0 0
B@CP 1828 0.206263499 -0.0797666011 -0.276467186 0 0 0
B@CP 1835 -0.274186499 0.0361530702 0.179606667 0 0 0
B@CP 1836 -0.0383740555 -0.385536805 -0.0327781897 0 0 0
B@CP 1838 -0.00764803282 0.00271772092 -0.436768473 0 0 0
B@CP 1840 0.163797051 -0.038071591 -0.203963005 0 0 0
B@CP 1842 0.288692922 0.0398862016 -0.285389174 0 0 0
B@CP 1844 -0.00927597568 -0.168829015 -0.180055326 0 0 0
B@CP 1847 0.0989083043 0.397531121 0.182692583 0 0 0
B@CP 1848 -0.0191502901 0.14069716 -0.0637433963 0 0 0
B@CP 1851 -0.236518818 0.0497063726 -0.297750357 0 0 0
B@CP 1852 -0.327455259 -0.0692988988 0.109733056 0 0 0
B@CP 1855 -0.252681806 -0.0990405471 0.135894248 0 0 0
B@CP 1856 0.00320199891 0.272498871 -0.222561078 0 0 0
B@CP 1858 0.287605318 -0.138681589 0.0305864079 0 0 0
B@CP 1861 -0.115672038 0.340879226 0.070178292 0 0 0
B@CP 1862 0.100578623 -0.125235008 0.381653155 0 0 0
B@CP 1866 -0.132576152 -0.18299404 -0.261080299 0 0 0
B@CP 1870 -0.358601036 0.231466541 -0.0430353211 0 0 0
B@CP 1872 -0.26292004 0.286832949 0.0978816833 0 0 0
B@CP 1873 0.0752384548 -0.0880957388 -0.435721529 0 0 0
B@CP 1877 -0.202762847 -0.202415834 -0.309900636 0 0 0
B@CP 1879 -0.122241746 -0.406528907 -0.176959779 0 0 0
B@CP 1880 0.291291934 -0.0688470676 -0.177676183 0 0 0
B@CP 1881 -0.1662786 0.153484799 -0.0259751967 0 0 0
B@CP 1883 0.206980841 -0.208367016 -0.168388088 0 0 0
B@CP 1887 0.302264901 -0.327734264 0.0550619143 0 0 0
B@CP 1890 0.299250215 -0.32317405 0.140357624 0 0 0
B@CP 1891 0.16263504 -0.0421808953 -0.288457447 0 0 0
B@CP 1892 -0.138951133 -0.220158491 -0.239651091 0 0 0
B@CP 1893 -0.0823029021 0.257095877 0.328333223 0 0 0
B@CP 1899 -0.0606386266 0.212911082 0.232008656 0 0 0
B@CP 1901 -0.0685443222 0.126970915 0.0750195556 0 0 0
B@CP 1903 -0.341474898 -0.204636731 0.0935896662 0 0 0
B@CP 1906 -0.0332216396 -0.15907263 -0.35151831 0 0 0
B@CP 1909 0.255666976 -0.267994015 -0.0452132923 0 0 0
B@CP 1910 -0.328565299 0.0891071832 0.262800289 0 0 0
B@CP 1911 0.304654675 0.222133291 0.0962440083 0 0 0
B@CP 1915 -0.415572546 0.0797171507 0.171125169 0 0 0
B@CP 1917 0.0372141921 -0.0224944295 0.229614895 0 0 0
B@CP 1920 -0.199932157 -0.0614335107 0.323318813 0 0 0
B@CP 1921 0.0632150478 -0.307669188 -0.160231574 0 0 0
B@CP 1922 0.002720159 -0.171244718 0.405098073 0 0 0
B@CP 1925 -0.22575731 0.12836715 -0.151051397 0 0 0
B@CP 1935 0.223393645 0.192129028 -0.139311105 0 0 0
B@CP 1937 -0.261313071 -0.16954001 0.218909592 0 0 0
B@CP 1939 0.0519532173 -0.0611204013 0.129887908 0 0 0
B@CP 1950 -0.0193965425 -0.232762709 0.169964347 0 0 0
B@CP 1955 -0.224344351 0.121817439 -0.301033068 0 0 0
B@CP 1958 -0.121211026 0.37628838 -0.264893462 0 0 0
B@CP 1967 -0.31375295 -0.237639888 0.131443598 0 0 0
B@CP 1970 -0.0964012766 -0.210294099 -0.357557593 0 0 0
B@CP 1974 0.00355850216 -0.408449523 0.0914849098 0 0 0
B@CP 1980 0.178185795 -0.0242397195 -0.420183622 0 0 0
B@CP 1993 -0.127499223 0.117144855 0.154110262 0 0 0
B@CP 1994 0.138282083 0.00777787751 0.200011334 0 0 0
B@CP 1996 -0.202211968 0.0267334993 0.416812435 0 0 0
B@CP 1999 0.295934836 -0.00879169517 0.262336839 0 0 0
B@CP 2002 0.0685348278 0.163091791 -0.161300729 0 0 0
B@CP 2005 0.168169324 -0.181429495 -0.168168111 0 0 0
B@CP 2013 -0.411782955 -0.189938571 -0.0104422489 0 0 0
B@CP 2019 -0.0971433689 -0.121148433 -0.0875830793 0 0 0
B@CP 2021 0.219669738 -0.0304198941 -0.108498461 0 0 0
B@CP 2022 -0.0593081103 0.0124853984 -0.0942045186 0 0 0
B@CP 2024 0.0400002986 0.232343845 0.29199165 0 0 0
B@CP 2025 -0.186843737 0.260798213 0.125687551 0 0 0
B@CP 2026 0.262022618 0.269975152 -0.0477314316 0 0 0
B@CP 2028 0.240458128 0.126058157 0.258274707 0 0 0
B@CP 2029 -0.36932267 -0.0634005372 -0.0412625399 0 0 0
B@CP 2032 -0.203413006 -0.230512343 0.260039588 0 0 0
B@CP 2033 -0.187008786 -0.362345518 -0.0302710472 0 0 0
B@CP 2034 0.0500156764 0.36851776 -0.151787586 0 0 0
B@CP 2036 -0.160899329 0.166267091 0.0544336583 0 0 0
B@CP 2037 0.0554717305 -0.191515376 -0.0857121758 0 0 0
B@CP 2040 0.00385041722 -0.056609174 -0.284724294 0 0 0
B@CP 2042 -0.396750307 -0.0875547051 -0.191899145 0 0 0
B@CP 2043 -0.208465731 0.00930282153 -0.0165480125 0 0 0
B@CP 2048 -0.317679415 -0.289260037 0.134372392 0 0 0
B@CP 2050 -0.284007579 0.0476145354 0.058848997 0 0 0
B@CP 2053 0.346270799 0.270557165 0.0131211457 0 0 0
B@CP 2057 0.15059918 -0.0263475972 0.352566809 0 0 0
B@CP 2059 0.32080371 0.0822037983 -0.0491624223 0 0 0
B@CP 2060 0.271941366 -0.264584757 -0.243038542 0 0 0
B@CP 2068 0.0458585837 0.165537122 0.281132047 0 0 0
B@CP 2076 0.257226773 -0.125752124 -0.226349586 0 0 0
B@CP 2077 0.0493978215 -0.229589136 -0.286218456 0 0 0
B@CP 2078 -0.150190756 -0.313379612 -0.266361017 0 0 0
B@CP 2079 -0.0998219427 -0.122612547 0.387259651 0 0 0
B@CP 2081 -0.187105109 0.191648992 -0.151424899 0 0 0
B@CP 2082 0.138383614 -0.36229553 -0.278795927 0 0 0
B@CP 2083 -0.307569474 0.230978313 -0.136225982 0 0 0
B@CP 2086 -0.19865543 0.180155414 0.0135849024 0 0 0
B@CP 2087 -0.198765119 0.412146264 0.0577547499 0 0 0
B@CP 2091 -0.324188807 -0.0929628964 0.134792401 0 0 0
B@CP 2095 0.138695654 -0.320918066 0.133290472 0 0 0
B@CP 2103 0.167856736 -0.188500164 0.285813763 0 0 0
B@CP 2105 -0.101844738 -0.275146414 0.281996331 0 0 0
B@CP 2109 -0.0751325083 -0.0466183025 -0.0617538455 0 0 0
B@CP 2110 -0.124427315 -0.0347934553 0.441207598 0 0 0
B@CP 2111 -0.208329681 -0.372960926 -0.0110310983 0 0 0
B@CP 2113 0.193519786 0.381519914 -0.125051356 0 0 0
B@CP 2114 0.0022832638 0.0610163237 0.229259214 0 0 0
B@CP 2115 0.195141993 -0.0792892287 -0.352789842 0 0 0
B@CP 2117 0.119626487 0.251220077 0.284413118 0 0 0
B@CP 2118 -0.166039866 -0.301635524 -0.028778694 0 0 0
B@CP 2119 -0.000194669395 0.422105462 -0.109099954 0 0 0
B@CP 2125 0.410432002 0.0954736212 0.175023659 0 0 0
B@CP 2127 0.203297689 0.35666832 -0.163822179 0 0 0
B@CP 2130 0.0358525502 -0.270770413 -0.295911594 0 0 0
B@CP 2131 -0.0321701426 0.413165857 0.14281259 0 0 0
B@CP 2133 0.0522895618 0.310550907 -0.221800722 0 0 0
B@CP 2134 -0.396591003 0.0471509133 0.169533103 0 0 0
B@CP 2136 -0.205829521 0.419117771 0.0486453354 0 0 0
B@CP 2141 -0.272517575 0.138695185 0.1480321 0 0 0
B@CP 2144 0.374768666 -0.256942334 -0.00110408951 0 0 0
B@CP 2145 0.291067404 -0.0215491157 -0.194535442 0 0 0
B@CP 2149 0.00809391989 0.0340511602 -0.0824384058 0 0 0
B@CP 2154 0.258677115 0.164148434 -0.266533481 0 0 0
B@CP 2161 -0.0127221824 0.305762276 0.0505671203 0 0 0
B@CP 2164 -0.222344743 -0.261420714 0.177709469 0 0 0
B@CP 2166 -0.419196624 -0.00460719672 -0.0731707469 0 0 0
B@CP 2168 0.104772678 -0.186947186 -0.172074361 0 0 0
B@CP 2169 -0.403395729 0.094050574 -0.0897142578 0 0 0
B@CP 2175 0.0692781933 -0.0994136525 -0.0817714811 0 0 0
B@CP 2177 -0.163398745 0.235167616 0.179368661 0 0 0
B@CP 2182 -0.10687092 -0.254072435 -0.305375313 0 0 0
B@CP 2186 0.064995405 -0.0232837487 0.158261392 0 0 0
B@CP 2188 -0.240483724 0.0558761404 -0.377359489 0 0 0
B@CP 2203 0.0929429423 0.084513854 -0.435016135 0 0 0
B@CP 2205 0.167455058 -0.150784043 -0.0206007066 0 0 0
B@CP 2207 -0.0450294419 -0.210017105 0.153029463 0 0 0
B@CP 2208 0.0696112122 -0.0964565596 0.27894587 0 0 0
B@CP 2213 -0.29300542 -0.0976067883 0.290098376 0 0 0
B@CP 2215 0.132386883 -0.253117951 -0.0172705637 0 0 0
B@CP 2217 -0.115330433 0.285942938 0.151894909 0 0 0
B@CP 2220 0.076633332 0.0290357276 -0.075470794 0 0 0
B@CP 2221 0.258165296 -0.149188969 0.357804374 0 0 0
B@CP 2222 -0.107313146 -0.390468643 -0.250781581 0 0 0
B@CP 2225 0.327474298 -0.0050426624 -0.033829574 0 0 0
B@CP 2226 0.402606874 -0.129939328 -0.0432601916 0 0 0
B@CP 2228 0.0793860198 -0.0660686899 0.112575475 0 0 0
B@CP 2230 -0.207455467 -0.14361162 -0.3880396 0 0 0
B@CP 2233 0.359403512 0.212958717 -0.0111985173 0 0 0
B@CP 2234 0.283093488 -0.0791824666 0.00703212751 0 0 0
B@CP 2248 0.0195026843 0.0363726424 0.215255794 0 0 0
B@CP 2250 0.043694435 -0.183866933 0.0338709913 0 0 0
B@CP 2251 -0.174407832 0.197443595 0.38969937 0 0 0
B@CP 2252 0.334483083 -0.00668519269 -0.283598437 0 0 0
B@CP 2254 -0.281262604 -0.0640616433 0.149986485 0 0 0
B@CP 2255 -0.366524932 -0.0156509442 -0.0296495863 0 0 0
B@CP 2256 0.377833542 -0.269155077 0.0967436257 0 0 0
B@CP 2263 0.416500371 -0.181945767 -0.0303140076 0 0 0
B@CP 2267 0.294917876 0.245807041 -0.0896362696 0 0 0
B@CP 2271 -0.177563601 0.173745058 -0.393719199 0 0 0
B@CP 2272 -0.224024228 -0.389863969 0.0423434304 0 0 0
B@CP 2273 -0.154701532 -0.0939648521 0.190642026 0 0 0
B@CP 2275 -0.0313323272 -0.368865619 0.101728866 0 0 0
B@CP 2279 0.0214959499 -0.183652407 -0.294171275 0 0 0
B@CP 2282 -0.396255683 -0.165059429 -0.0156505386 0 0 0
B@CP 2284 0.265673742 0.00641026021 -0.251649008 0 0 0
B@CP 2285 -0.0888193289 0.308067971 -0.0119831377 0 0 0
B@CP 2293 0.0807891507 -0.324505405 -0.118126049 0 0 0
B@CP 2299 0.280577025 0.305985742 -0.00493206869 0 0 0
B@CP 2300 -0.051474746 -0.0432822713 -0.42616212 0 0 0
B@CP 2301 0.358766269 0.119151267 0.186889203 0 0 0
B@CP 2303 -0.136700926 0.30077517 -0.0193724711 0 0 0
B@CP 2305 -0.170623522 0.371766281 0.126274376 0 0 0
B@CP 2309 -0.12186015 0.154734001 -0.393528461 0 0 0
B@CP 2313 0.0250240218 -0.103329805 -0.0433269568 0 0 0
B@CP 2315 -0.272232585 -0.0361467298 -0.190848691 0 0 0
B@CP 2320 -0.256578778 -0.101759353 -0.237508901 0 0 0
B@CP 2325 0.145049604 -0.0347628045 -0.391439246 0 0 0
B@CP 2329 0.0570850142 0.20182003 0.171037389 0 0 0
B@CP 2331 -0.240116416 -0.00115313258 -0.387858832 0 0 0
B@CP 2332 0.247634687 0.174103676 0.0321698143 0 0 0
B@CP 2333 -0.103883637 0.0097885764 0.0732786087 0 0 0
B@CP 2335 -0.0751983062 -0.20605405 0.350689953 0 0 0
B@CP 2336 -0.328225967 0.282885898 -0.0244966739 0 0 0
B@CP 2340 0.361702517 0.138844159 -0.155167716 0 0 0
B@CP 2343 -0.206943984 -0.209068959 0.329422092 0 0 0
B@CP 2346 -0.142422117 0.249126969 0.34754864 0 0 0
B@CP 2348 0.249309239 -0.0035676749 -0.107484711 0 0 0
B@CP 2350 -0.21954253 0.410533195 -0.0391047849 0 0 0
B@CP 2351 0.301784049 -0.0315717725 -0.236375897 0 0 0
B@CP 2356 0.391302336 -0.109386982 -0.175814088 0 0 0
B@CP 2357 -0.0682881418 -0.209122072 0.144513621 0 0 0
B@CP 2359 0.0721036808 0.0333521416 -0.439979557 0 0 0
B@CP 2363 0.183730355 -0.307538783 -0.247175965 0 0 0
B@CP 2365 -0.179576446 0.109315487 0.406622431 0 0 0
B@CP 2368 -0.368843126 0.0112934542 -0.0205803103 0 0 0
B@CP 2369 -0.330333576 0.121345663 -0.18999179 0 0 0
B@CP 2370 -0.233356079 -0.0236788777 -0.26970585 0 0 0
B@CP 2372 -0.305787772 0.00602315558 -0.110585604 0 0 0
B@CP 2373 -0.0378172149 0.126626529 0.0243139676 0 0 0
B@CP 2376 0.240473527 -0.0337234216 -0.361270748 0 0 0
B@CP 2381 0.0385516048 -0.26256937 0.254039949 0 0 0
B@CP 2382 0.306419538 -0.104713493 -0.286211326 0 0 0
B@CP 2383 0.262575807 0.192270484 0.328995306 0 0 0
B@CP 2386 0.0742559323 0.298587016 0.0711531347 0 0 0
B@CP 2388 -0.190839767 0.280071067 -0.183928879 0 0 0
B@CP 2392 0.0922211455 -0.0829562929 -0.30635268 0 0 0
B@CP 2395 -0.177162831 -0.30499286 -7.40562555e-05 0 0 0
B@CP 2397 0.355038649 0.204624491 -0.0180005597 0 0 0
B@CP 2400 -0.246473955 0.252431894 -0.0535437001 0 0 0
B@CP 2402 0.151239486 0.126071696 -0.380101968 0 0 0
B@CP 2405 0.322181545 0.0748972786 0.0119454779 0 0 0
B@CP 2411 0.212752384 0.244000403 0.230295546 0 0 0
B@CP 2413 0.152996157 -0.202302399 0.181436342 0 0 0
B@CP 2416 -0.30602524 -0.182287844 0.11913881 0 0 0
B@CP 2421 0.211467939 0.0146925974 -0.173715258 0 0 0
B@CP 2437 0.0528838035 -0.345878774 0.0126767644 0 0 0
B@CP 2441 0.0384244066 0.437729035 0.146525897 0 0 0
B@CP 2456 0.216003358 0.268687072 0.133505683 0 0 0
B@CP 2457 -0.044634606 0.307223301 0.0697698817 0 0 0
B@CP 2459 -0.150710084 -0.0813337346 -0.244844771 0 0 0
B@CP 2460 0.14689656 0.305637493 -0.306350905 0 0 0
B@CP 2461 0.349193392 -0.222826179 0.136798737 0 0 0
B@CP 2462 -0.362938412 -0.227237497 0.0273526465 0 0 0
B@CP 2467 -0.10146552 0.282051056 0.171490357 0 0 0
B@CP 2471 -0.211655496 -0.313908896 0.0601549208 0 0 0
B@CP 2475 -0.0343243748 -0.0452733579 0.394199646 0 0 0
B@CP 2477 0.212901607 0.247543161 0.217548283 0 0 0
B@CP 2481 -0.455302237 -0.0588087972 0.0576729738 0 0 0
B@CP 2487 0.124086492 -0.018032632 0.157494925 0 0 0
B@CP 2492 -0.0946867307 -0.216029776 -0.33098449 0 0 0
C@CP 2500 -0.119560367 0.299571392 0.101108938 0 0 0
C@CP 2501 -0.206584445 0.235150006 -0.0607409749 0 0 0
C@CP 2502 -0.00883305551 -0.0320680884 0.341750276 0 0 0
C@CP 2503 -0.201648911 -0.277370607 -0.20665685 0 0 0
C@CP 2504 -0.38297146 0.0142304249 0.110171276 0 0 0
C@CP 2505 0.125479842 0.145856444 -0.0547911452 0 0 0
C@CP 2506 0.108457829 0.419876507 0.0502157628 0 0 0
C@CP 2507 -0.405868447 -0.0121070309 0.002316718 0 0 0
C@CP 2508 0.107329759 -0.148678504 -0.277752028 0 0 0
C@CP 2509 0.0481429153 -0.226636975 0.202042373 0 0 0
C@CP 2510 0.0749735899 0.108762413 0.386246173 0 0 0
C@CP 2511 -0.405072339 0.152801118 0.0699397597 0 0 0
C@CP 2512 0.158755525 -0.0506760076 0.172244014 0 0 0
C@CP 2513 0.0440698564 0.468379622 -0.0558614912 0 0 0
C@CP 2514 -0.00781228524 0.418278807 -0.0332110972 0 0 0
C@CP 2515 -0.179045904 0.134077605 0.220741723 0 0 0
C@CP 2516 -0.0552909412 0.00778673078 0.364280453 0 0 0
C@CP 2517 -0.22085791 -0.103694434 -0.394305488 0 0 0
C@CP 2518 0.139003966 -0.146259554 0.304943985 0 0 0
C@CP 2519 0.378806251 0.159313252 -0.123147067 0 0 0
C@CP 2520 -0.184943268 0.351712064 -0.177757105 0 0 0
C@CP 2521 0.0125264787 -0.024430796 -0.112136587 0 0 0
C@CP 2522 0.302536361 0.134453151 -0.0393815693 0 0 0
C@CP 2523 0.0958505299 0.312921914 0.276014557 0 0 0
C@CP 2524 0.129869678 -0.160617855 0.0928933838 0 0 0
C@CP 2525 -0.25647689 -0.0914592059 0.00390673492 0 0 0
C@CP 2526 -0.0789981173 0.283676274 0.310106998 0 0 0
C@CP 2527 -0.399527766 -0.105049435 -0.043182992 0 0 0
C@CP 2528 -0.0551776095 -0.138618083 -0.125375788 0 0 0
C@CP 2529 0.245787213 0.0783233755 -0.32820188 0 0 0
C@CP 2530 0.165427132 0.100397762 0.365951351 0 0 0
C@CP 2531 0.221530333 0.389698937 0.0997767843 0 0 0
C@CP 2532 -0.221481246 -0.161509958 -0.0901548023 0 0 0
C@CP 2533 0.0562372326 -0.0550179714 0.382057172 0 0 0
C@CP 2534 0.237420031 -0.25707238 -0.0829577103 0 0 0
C@CP 2535 0.137007981 -0.367968093 -0.1966326 0 0 0
C@CP 2536 -0.394184752 0.114460176 0.221111453 0 0 0
C@CP 2537 -0.27897896 -0.208973385 0.00216883374 0 0 0
C@CP 2538 0.251802998 -0.110034243 -0.13530371 0 0 0
C@CP 2539 0.0608621808 -0.0136972468 -0.234089093 0 0 0
C@CP 2540 0.356490318 -0.19311331 -0.21586468 0 0 0
C@CP 2541 -0.0448442947 -0.294095927 -0.0859571411 0 0 0
C@CP 2542 -0.357944972 -0.0326195757 0.292420656 0 0 0
C@CP 2543 -0.409727941 -0.0899147701 0.0678124914 0 0 0
C@CP 2544 -0.380070451 -0.129068517 0.214874768 0 0 0
C@CP 2545 0.244799436 -0.195058034 -0.339728582 0 0 0
C@CP 2546 -0.307439819 -0.164036042 0.255275655 0 0 0
C@CP 2547 0.0482298915 -0.334204096 0.220080308 0 0 0
C@CP 2548 -0.29257207 0.106620734 0.0441470193 0 0 0
C@CP 2549 -0.0335477012 -0.198955233 -0.285211107 0 0 0
C@CP 2550 0.163272721 0.395054884 -0.197420109 0 0 0
C@CP 2551 0.10193805 0.139303639 0.0831682155 0 0 0
C@CP 2552 -0.0352103949 -0.19937564 0.00164326059 0 0 0
C@CP 2553 0.156440456 -0.0536531148 -0.0211737177 0 0 0
C@CP 2554 0.213657004 0.219410093 0.314949166 0 0 0
C@CP 2555 -0.417589459 0.0654798825 0.0493626421 0 0 0
C@CP 2556 0.221421137 -0.406455174 -0.104152772 0 0 0
C@CP 2557 -0.250727256 -0.192762376 0.198345499 0 0 0
C@CP 2558 -0.309293163 0.155213324 0.191197813 0 0 0
C@CP 2559 0.163328573 0.207710089 0.211378237 0 0 0
C@CP 2560 0.157313126 -0.0457177991 0.165252124 0 0 0
C@CP 2561 0.197476611 0.272815006 0.152491138 0 0 0
C@CP 2562 -0.0417100506 -0.254280357 0.248090941 0 0 0
C@CP 2563 -0.147033242 -0.0141641112 -0.09480201 0 0 0
C@CP 2564 -0.291840303 0.152033173 0.11801971 0 0 0
C@CP 2565 0.128983612 -0.00275603687 0.377836802 0 0 0
C@CP 2566 0.148830537 0.238879032 -0.0838707326 0 0 0
C@CP 2567 0.136226545 -0.353812468 -0.0108361761 0 0 0
C@CP 2568 -0.103976163 0.0833289406 0.0733670985 0 0 0
C@CP 2569 -0.444229185 -0.0394990916 -0.0383034269 0 0 0
C@CP 2570 -0.275001217 -0.369942119 -0.0404308138 0 0 0
C@CP 2571 -0.149719075 -0.381417978 0.152208814 0 0 0
C@CP 2572 0.263204758 0.0375147919 0.0868507545 0 0 0
C@CP 2573 0.0346196213 -0.383730857 -0.10275982 0 0 0
C@CP 2574 0.0653956798 0.0733698009 0.0564744548 0 0 0
C@CP 2575 0.319804306 -0.0718944008 -0.0145130459 0 0 0
C@CP 2576 0.0830104056 0.236418508 -0.216090607 0 0 0
C@CP 2577 0.258415781 -0.178229847 -0.194133905 0 0 0
C@CP 2578 0.162331467 -0.132436739 -0.168400167 0 0 0
C@CP 2579 0.284590207 0.280540224 -0.138274222 0 0 0
C@CP 2580 -0.114765029 -0.190027599 -0.223861787 0 0 0
C@CP 2581 0.293950586 -0.259553357 -0.112505244 0 0 0
C@CP 2582 0.186372985 -0.0379748837 0.0215005472 0 0 0
C@CP 2583 0.418593994 -0.0381305983 -0.0479870944 0 0 0
C@CP 2584 -0.235468674 -0.175834491 0.230490008 0 0 0
C@CP 2585 0.223562945 0.0769193676 0.279395873 0 0 0
C@CP 2586 0.0956603916 -0.283482158 0.0326782915 0 0 0
C@CP 2587 -0.0246663948 0.192922568 -0.14749521 0 0 0
C@CP 2588 0.0560776737 -0.0686509181 -0.193776054 0 0 0
C@CP 2589 -0.322357173 0.194068382 0.137611173 0 0 0
C@CP 2590 -0.194205659 -0.387714268 0.142444452 0 0 0
C@CP 2591 0.259583588 -0.382228237 0.0782379547 0 0 0
C@CP 2592 0.0235970293 -0.308128683 -0.0786360038 0 0 0
C@CP 2593 -0.279577762 0.1030708 -0.264286663 0 0 0
C@CP 2594 -0.445629402 -0.0120354513 0.0863356892 0 0 0
C@CP 2595 0.0857664776 -0.0128969876 -0.301096171 0 0 0
C@CP 2596 -0.045691367 -0.208691767 -0.141058852 0 0 0
C@CP 2597 0.270313127 -0.0916124594 -0.0763563166 0 0 0
C@CP 2598 0.247791216 -0.336409221 -0.0166892647 0 0 0
C@CP 2599 -0.200003749 -0.142982768 -0.410664035 0 0 0
C@CP 2600 -0.182036394 0.0278772033 0.313088331 0 0 0
C@CP 2601 -0.242867308 0.152071721 -0.32655777 0 0 0
C@CP 2602 -0.372990386 0.152213105 0.0388535337 0 0 0
C@CP 2603 -0.207385899 0.0445296096 0.293866558 0 0 0
C@CP 2604 0.135835667 -0.139133218 0.372032166 0 0 0
C@CP 2605 -0.357651306 0.227873566 -0.168395357 0 0 0
C@CP 2606 -0.189125251 -0.365591805 0.142769149 0 0 0
C@CP 2607 -0.143905681 0.0246421012 0.167661104 0 0 0
C@CP 2608 0.184800568 0.307349676 0.233881974 0 0 0
C@CP 2609 0.167375728 -0.380546286 0.154716321 0 0 0
C@CP 2610 0.257217261 0.259339413 -0.16951908 0 0 0
C@CP 2611 -0.151165703 -0.385203462 0.202093422 0 0 0
C@CP 2612 0.0376954319 0.0785975735 0.0749987795 0 0 0
C@CP 2613 -0.249169966 0.186186772 0.156665283 0 0 0
C@CP 2614 0.100612874 -0.424592126 -0.0342809298 0 0 0
C@CP 2615 0.250632676 0.290598119 -0.258116378 0 0 0
C@CP 2616 0.159161159 0.271106113 0.126977301 0 0 0
C@CP 2617 -0.17136092 0.133093778 0.334063393 0 0 0
C@CP 2618 0.0934841024 -0.142084876 0.196678037 0 0 0
C@CP 2619 0.0993316816 0.25804461 0.213460981 0 0 0
C@CP 2620 0.428865919 -0.0530883446 0.134467632 0 0 0
C@CP 2621 -0.0977427396 0.204577671 0.0857218829 0 0 0
C@CP 2622 -0.352611686 0.00288135817 0.0692461476 0 0 0
C@CP 2623 -0.323103615 -0.0750510293 -0.0274654345 0 0 0
C@CP 2624 -0.341029567 0.0203390396 -0.210020163 0 0 0
C@CP 2625 0.243458797 0.181729746 0.367329077 0 0 0
C@CP 2626 -0.0335760016 -0.0206688933 -0.0545072418 0 0 0
C@CP 2627 -0.363926251 -0.0250271598 0.264477592 0 0 0
C@CP 2628 0.228090539 0.112887349 -0.0744865103 0 0 0
C@CP 2629 -0.00594731945 0.319514151 -0.0276299443 0 0 0
C@CP 2630 0.152014821 -0.07071699 -0.301204083 0 0 0
C@CP 2631 0.0819707449 0.0261547214 -0.454529651 0 0 0
C@CP 2632 0.230783154 0.119890296 0.00214012114 0 0 0
C@CP 2633 0.37905552 0.0133809259 -0.182633672 0 0 0
C@CP 2634 0.188237193 0.347145533 -0.0919564307 0 0 0
C@CP 2635 0.053418384 0.228811257 0.331915344 0 0 0
C@CP 2636 0.00128845602 0.0560707073 -0.309080642 0 0 0
C@CP 2637 -0.02298447 -0.416378538 0.126970683 0 0 0
C@CP 2638 -0.135837659 -0.404823074 -0.0262750912 0 0 0
C@CP 2639 -0.115079735 0.289637057 0.248930635 0 0 0
C@CP 2640 0.226711553 -0.250067562 0.0306375015 0 0 0
C@CP 2641 0.22290869 0.399280753 -0.0591127845 0 0 0
C@CP 2642 0.299041095 0.136546512 -0.301290571 0 0 0
C@CP 2643 0.185716488 -0.383843599 -0.0666447301 0 0 0
C@CP 2644 -0.0719239507 -0.0424349815 -0.436803052 0 0 0
C@CP 2645 -0.0873417166 -0.16267889 -0.177604368 0 0 0
C@CP 2646 0.191209249 -0.277842255 0.255493717 0 0 0
C@CP 2647 0.0091644478 -0.327034084 0.175480891 0 0 0
C@CP 2648 -0.253594604 0.0485678796 -0.131647443 0 0 0
C@CP 2649 0.100584536 -0.109781541 -0.106940225 0 0 0
C@CP 2650 0.0334609727 0.0429347803 0.316882393 0 0 0
C@CP 2651 0.28964471 0.1712788 0.196283182 0 0 0
C@CP 2652 0.363288783 -0.0807041488 0.00622288522 0 0 0
C@CP 2653 -0.195557937 0.249030151 -0.0670190732 0 0 0
C@CP 2654 -0.0502204445 -0.145087727 0.191216113 0 0 0
C@CP 2655 -0.0584343544 0.201701706 -0.349594414 0 0 0
C@CP 2656 0.0465534072 -0.275003391 0.0528070049 0 0 0
C@CP 2657 0.241159299 -0.154823456 0.289423374 0 0 0
C@CP 2658 -0.0826089552 -0.218710667 -0.382358735 0 0 0
C@CP 2659 -0.153938826 -0.131138882 -0.216508507 0 0 0
C@CP 2660 0.111212604 -0.323904498 0.272980586 0 0 0
C@CP 2662 0.135938513 -0.0168267509 -0.220849898 0 0 0
C@CP 2663 0.16907664 0.207012495 0.28805176 0 0 0
C@CP 2664 0.196194609 0.214352785 0.210460728 0 0 0
C@CP 2665 -0.430555884 -0.00209279121 -0.06426973 0 0 0
C@CP 2666 -0.0269400837 0.00519958096 0.134955293 0 0 0
C@CP 2667 0.0947598157 0.0606581977 -0.116556727 0 0 0
C@CP 2668 -0.103030654 -0.131027101 0.155692623 0 0 0
C@CP 2669 -0.00519231847 -0.394329179 -0.0235884185 0 0 0
C@CP 2670 0.131241411 -0.0788552027 0.200030011 0 0 0
C@CP 2671 -0.226159361 -0.227998569 -0.204978975 0 0 0
C@CP 2672 -0.350708774 -0.201848468 0.238865348 0 0 0
C@CP 2673 -0.0358124009 -0.291094397 0.366422124 0 0 0
C@CP 2674 0.246230904 -0.154508807 -0.17537523 0 0 0
C@CP 2675 -0.25369629 -0.106905528 0.0300390608 0 0 0
C@CP 2676 -0.332821579 -0.0102097735 0.217512365 0 0 0
C@CP 2677 -0.156911889 0.186906677 -0.110897592 0 0 0
C@CP 2678 0.0320199432 0.0595163202 0.412074904 0 0 0
C@CP 2679 0.0755918074 0.048230384 0.0444048537 0 0 0
C@CP 2680 0.0850819888 -0.0173214268 0.286794821 0 0 0
C@CP 2681 0.133650622 -0.13437073 -0.423765634 0 0 0
C@CP 2682 0.434082183 -0.0288354788 0.174243882 0 0 0
C@CP 2683 -0.34853868 0.0229754574 -0.281028044 0 0 0
C@CP 2684 0.192996794 -0.21132167 0.132044654 0 0 0
C@CP 2685 0.161270139 -0.0728338385 -0.271400039 0 0 0
C@CP 2686 -0.0220183201 -0.129339019 -0.153552054 0 0 0
C@CP 2687 -0.172827468 0.320784921 -0.0697320771 0 0 0
C@CP 2688 -0.00106989701 -0.137724027 -0.16838897 0 0 0
C@CP 2689 0.00154246756 -0.0960513415 0.36231771 0 0 0
C@CP 2690 -0.0460860873 -0.157071076 0.267710825 0 0 0
C@CP 2691 0.210535943 -0.234095948 -0.0932702931 0 0 0
C@CP 2692 -0.0952529789 0.0838201312 0.224087556 0 0 0
C@CP 2693 0.189994318 0.175443625 -0.341488879 0 0 0
C@CP 2694 -0.328676566 -0.297312982 0.156402207 0 0 0
C@CP 2695 0.04561624 0.0699123905 0.289449284 0 0 0
C@CP 2696 -0.00184481824 -0.264808795 0.215947916 0 0 0
C@CP 2697 0.12062668 0.0445450333 0.058836045 0 0 0
C@CP 2698 -0.275959133 -0.325515087 -0.0322240042 0 0 0
C@CP 2699 0.184464824 0.262126988 -0.119366819 0 0 0
C@CP 2700 0.243987565 -0.279291996 -0.0176765853 0 0 0
C@CP 2701 -0.20105547 0.391530663 0.0277476733 0 0 0
C@CP 2702 0.236342044 0.0282722744 -0.0269070497 0 0 0
C@CP 2703 -0.0738982236 -0.35351005 0.263290867 0 0 0
C@CP 2704 0.322119334 -0.0458654444 -0.0764984979 0 0 0
C@CP 2705 -0.153863448 0.345789029 0.173463738 0 0 0
C@CP 2706 0.260390868 0.281528133 0.0510357189 0 0 0
C@CP 2707 -0.250858784 -0.0714621867 0.0388133411 0 0 0
C@CP 2708 -0.131977118 0.13843256 -0.113493829 0 0 0
C@CP 2709 -0.281412714 -0.196696536 0.0125682338 0 0 0
C@CP 2710 -0.292033314 -0.0641141569 -0.237454947 0 0 0
C@CP 2711 -0.190352982 0.326865573 0.172593751 0 0 0
C@CP 2712 0.154907849 -0.234044895 0.362312372 0 0 0
C@CP 2713 0.238129018 0.151791615 -0.341421906 0 0 0
C@CP 2714 0.073674594 0.382818109 0.0242890947 0 0 0
C@CP 2715 -0.301728075 0.180263246 0.201692436 0 0 0
C@CP 2716 0.093998932 -0.312448716 0.034528947 0 0 0
C@CP 2717 -0.194279617 0.175759494 -0.246995042 0 0 0
C@CP 2718 -0.210709265 -0.263158313 0.08800906 0 0 0
C@CP 2719 0.21681021 0.116564284 -0.027165315 0 0 0
C@CP 2720 -0.115524229 0.00926842385 0.228704912 0 0 0
C@CP 2721 0.0802641196 -0.407880578 -0.135701067 0 0 0
C@CP 2722 -0.284563215 -0.162865851 0.160745613 0 0 0
C@CP 2723 0.297891695 0.127360611 -0.0149302416 0 0 0
C@CP 2724 -0.234077692 0.293058756 -0.185506808 0 0 0
C@CP 2725 0.169700541 0.130310347 0.183869386 0 0 0
C@CP 2726 -0.265530112 0.090425249 0.0880247159 0 0 0
C@CP 2727 0.34282429 0.200902634 0.0675176561 0 0 0
C@CP 2728 -0.133660018 0.24416731 0.0388906298 0 0 0
C@CP 2729 -0.221113331 0.0695825937 0.0526460876 0 0 0
C@CP 2730 -0.256512757 0.0151003733 -0.286710291 0 0 0
C@CP 2731 -0.0318037843 -0.238777519 -0.192560019 0 0 0
C@CP 2732 -0.112788714 -0.145646307 -0.372165954 0 0 0
C@CP 2733 0.0376769647 0.0754811575 0.319990825 0 0 0
C@CP 2734 -0.165854089 0.302498171 -0.312278571 0 0 0
C@CP 2735 -0.00136642256 0.124369848 0.453707352 0 0 0
C@CP 2736 -0.178483253 0.221817666 0.0618510246 0 0 0
C@CP 2737 -0.205360013 0.0652669006 0.292202497 0 0 0
C@CP 2738 -0.172056644 -0.0436028974 -0.230198879 0 0 0
C@CP 2739 -0.057131414 0.119972379 -0.153915378 0 0 0
C@CP 2740 -0.163518211 -0.269901482 -0.0487302182 0 0 0
C@CP 2741 -0.361313374 0.193411414 0.107663897 0 0 0
C@CP 2742 0.102881645 -0.319445415 0.268547568 0 0 0
C@CP 2743 -0.00981218671 -0.376660084 0.0344918004 0 0 0
C@CP 2744 -0.370887038 -0.0810422119 0.219488184 0 0 0
C@CP 2745 0.116099615 -0.321300035 -0.0997795504 0 0 0
C@CP 2746 -0.23623371 0.0715626168 0.301360651 0 0 0
C@CP 2747 0.170732263 0.0626996281 -0.0994986181 0 0 0
C@CP 2748 -0.222525005 -0.150868228 0.317180932 0 0 0
C@CP 2749 0.247307729 0.23147394 -0.201214129 0 0 0
C@CP 2750 0.327255028 -0.134492485 0.216138443 0 0 0
C@CP 2751 0.00676312698 -0.392690817 -0.191094114 0 0 0
C@CP 2752 0.442548483 0.0875391423 0.0426324993 0 0 0
C@CP 2753 0.242125584 -0.216358134 0.0941908939 0 0 0
C@CP 2754 -0.0977286043 0.00733389949 -0.0680150126 0 0 0
C@CP 2755 -0.0267170361 0.24478236 -0.375619722 0 0 0
C@CP 2756 0.158817442 0.383914759 -0.184125092 0 0 0
C@CP 2757 -0.230852816 -0.184757324 0.173581171 0 0 0
C@CP 2758 -0.319686585 -0.103661038 0.164058008 0 0 0
C@CP 2759 0.00965064936 0.161156922 -0.161753212 0 0 0
C@CP 2760 0.340068847 -0.0680614784 0.127954489 0 0 0
C@CP 2761 0.162893723 0.120515868 0.334415624 0 0 0
C@CP 2762 -0.233942366 -0.290544428 -0.0821252064 0 0 0
C@CP 2763 -0.386213383 -0.0201834123 0.147054252 0 0 0
C@CP 2764 0.242605312 -0.300379812 0.206237973 0 0 0
C@CP 2765 0.115121712 -0.0952533645 -0.0734655964 0 0 0
C@CP 2766 -0.140568462 -0.0221932217 0.326524512 0 0 0
C@CP 2767 -0.0778705746 0.237211224 0.203058368 0 0 0
C@CP 2768 0.0955203558 -0.184548328 0.0255023728 0 0 0
C@CP 2769 0.035619175 0.438461384 0.0182612922 0 0 0
C@CP 2770 0.0306164763 0.0708539998 -0.244368284 0 0 0
C@CP 2771 0.0783583869 0.0655676551 -0.220432302 0 0 0
C@CP 2772 -0.0870510378 0.326686949 -0.32909673 0 0 0
C@CP 2773 -0.0842217297 -0.157454907 0.192124165 0 0 0
C@CP 2774 0.0290765536 -0.179323663 0.241436407 0 0 0
C@CP 2775 0.0880350238 0.133062299 0.358085864 0 0 0
C@CP 2776 0.0197684908 0.14067414 0.378657424 0 0 0
C@CP 2777 -0.0463554672 0.211657386 -0.0278995593 0 0 0
C@CP 2778 -0.0337574049 -0.261591048 0.300372461 0 0 0
C@CP 2779 0.294585012 -0.203194031 0.129447775 0 0 0
C@CP 2780 -0.304809019 0.196933935 -0.0899811265 0 0 0
C@CP 2781 -0.340478814 0.106849155 0.286395439 0 0 0
C@CP 2782 0.0902930939 0.165504253 -0.356275897 0 0 0
C@CP 2783 -0.330688361 0.276551289 0.116810254 0 0 0
C@CP 2784 -0.297585461 0.109117569 -0.0784549691 0 0 0
C@CP 2785 0.250834208 0.205245198 0.0788178992 0 0 0
C@CP 2786 -0.163869424 0.240913604 -0.177867422 0 0 0
C@CP 2787 0.266023692 -0.231379716 0.122456872 0 0 0
C@CP 2788 -0.246640386 0.381262332 -0.1001809 0 0 0
C@CP 2789 0.00933107424 -0.0926404349 0.287570401 0 0 0
C@CP 2790 0.387833448 0.205490973 -0.0526404169 0 0 0
C@CP 2791 -0.0927504722 0.146150252 -0.332281247 0 0 0
C@CP 2792 -0.0238552405 0.166470682 0.0675621996 0 0 0
C@CP 2793 0.196904582 -0.0435141746 -0.355484089 0 0 0
C@CP 2794 0.371903065 0.0103168009 0.111080237 0 0 0
C@CP 2795 0.218765542 -0.0213137154 0.167889506 0 0 0
C@CP 2796 -0.305987905 0.162326759 0.280241928 0 0 0
C@CP 2797 -0.000996559321 -0.129887111 -0.358272156 0 0 0
C@CP 2798 0.259990529 -0.0348275457 0.0945809828 0 0 0
C@CP 2799 -0.0957681567 0.14302941 0.400824019 0 0 0
C@CP 2800 -0.316659437 0.0452144348 -0.11879897 0 0 0
C@CP 2801 0.0841841749 0.170450676 -0.079752528 0 0 0
C@CP 2802 0.100972996 -0.290326661 -0.136012566 0 0 0
C@CP 2803 -0.146945326 0.193466025 0.373416116 0 0 0
C@CP 2804 0.145086616 0.224057385 -0.371532707 0 0 0
C@CP 2805 0.0786951383 0.263126195 -0.0583113123 0 0 0
C@CP 2806 0.182661719 -0.154672011 0.331710155 0 0 0
C@CP 2807 -0.363682155 -0.239365596 -0.114061385 0 0 0
C@CP 2808 -0.21643478 -0.076851086 -0.150202161 0 0 0
C@CP 2809 -0.0700000825 -0.0399735644 0.435309478 0 0 0
C@CP 2810 0.225587435 -0.265327164 0.0211507308 0 0 0
C@CP 2811 -0.363195536 -0.218525362 0.198950763 0 0 0
C@CP 2812 -0.265662647 -0.248754165 -0.0809083033 0 0 0
C@CP 2813 -0.175158097 -0.253328558 -0.00417553804 0 0 0
C@CP 2814 -0.18861814 0.0204569284 -0.171125562 0 0 0
C@CP 2815 -0.128616504 0.0287803464 0.244877689 0 0 0
C@CP 2816 0.0200493027 -0.427474046 0.0469006837 0 0 0
C@CP 2817 0.230957968 -0.36364226 0.0300228684 0 0 0
C@CP 2818 -0.256899568 0.250053404 0.00686756925 0 0 0
C@CP 2819 -0.216644117 -0.172066907 -0.221826667 0 0 0
C@CP 2820 0.0203407344 0.194225097 -0.117305392 0 0 0
C@CP 2821 0.0551131123 0.0277153527 -0.116939166 0 0 0
C@CP 2822 0.260941602 -0.211642821 0.202589415 0 0 0
C@CP 2823 -0.100894157 -0.229287312 0.188937199 0 0 0
C@CP 2824 0.262378227 0.0916528222 0.281847404 0 0 0
C@CP 2825 0.0309971891 0.101297747 0.457000147 0 0 0
C@CP 2826 0.436532413 0.0299546251 0.139087529 0 0 0
C@CP 2827 -0.170996431 0.130470277 -0.389407459 0 0 0
C@CP 2828 -0.0448617773 0.252132877 -0.208057213 0 0 0
C@CP 2829 -0.319398603 0.307243096 0.016948222 0 0 0
C@CP 2830 -0.385615305 -0.0367404791 -0.218796911 0 0 0
C@CP 2831 0.306034527 -0.209511152 -0.111187922 0 0 0
C@CP 2832 0.00910540624 -0.32388384 -0.124944297 0 0 0
C@CP 2833 -0.122587183 -0.209152459 0.376203568 0 0 0
C@CP 2834 0.0134217951 0.378892206 0.172247439 0 0 0
C@CP 2835 0.110619514 -0.150066472 0.0814403835 0 0 0
C@CP 2836 0.352604445 0.171572696 -0.11660024 0 0 0
C@CP 2837 -0.103530699 -0.361180151 0.000964794074 0 0 0
C@CP 2838 -0.157126859 0.390227169 0.0768222008 0 0 0
C@CP 2839 -0.0322068291 0.217746167 -0.160659712 0 0 0
C@CP 2840 -0.0531198739 0.360231099 0.1729616 0 0 0
C@CP 2841 -0.0490990815 -0.054796007 0.26558302 0 0 0
C@CP 2842 -0.247618375 0.324835296 -0.021023166 0 0 0
C@CP 2843 -0.0260005685 0.0269079685 -0.365799265 0 0 0
C@CP 2844 0.0511637773 -0.0874850283 0.362019321 0 0 0
C@CP 2845 0.18243401 -0.284574893 -0.074328986 0 0 0
C@CP 2846 -0.118412237 -0.153570479 -0.0914288967 0 0 0
C@CP 2847 -0.118882786 0.328643156 -0.0348769087 0 0 0
C@CP 2848 -0.0468990843 -0.0905962379 0.451990598 0 0 0
C@CP 2849 -0.339291918 0.0110707855 -0.198253595 0 0 0
C@CP 2850 -0.046844051 -0.0553496647 0.467844068 0 0 0
C@CP 2851 -0.186150439 -0.344334576 -0.176562 0 0 0
C@CP 2852 -0.0619191016 0.338425014 0.126597847 0 0 0
C@CP 2853 0.105287066 -0.204615358 0.187358944 0 0 0
C@CP 2854 -0.0097669731 -0.181751687 0.268075093 0 0 0
C@CP 2855 0.114429301 0.10020179 0.0709889261 0 0 0
C@CP 2856 0.0169965801 -0.146089602 -0.0949542074 0 0 0
C@CP 2857 -0.124787749 -0.409559018 -0.135581593 0 0 0
C@CP 2858 0.11678372 -0.338498049 0.0447654014 0 0 0
C@CP 2859 -0.0639967846 0.34974963 0.0291068654 0 0 0
C@CP 2860 -0.141580766 -0.173996952 -0.13036992 0 0 0
C@CP 2861 -0.0282337093 0.261803335 -0.0737442178 0 0 0
C@CP 2862 0.199624779 0.106173154 0.254779927 0 0 0
C@CP 2863 -0.179374312 -0.331404937 0.287886463 0 0 0
C@CP 2864 0.0015846965 0.0512710761 0.392090637 0 0 0
C@CP 2865 0.310364188 -0.00658506358 -0.198478219 0 0 0
C@CP 2866 -0.27142414 0.305342475 -0.0913220589 0 0 0
C@CP 2867 -0.230888779 -0.162153367 0.139991005 0 0 0
C@CP 2868 -0.180252166 -0.0468669286 0.0577402019 0 0 0
C@CP 2869 0.0478314207 0.242599674 0.30416024 0 0 0
C@CP 2870 0.0770031311 0.0932258007 0.196450365 0 0 0
C@CP 2871 -0.1307779 0.0134436359 -0.149089703 0 0 0
C@CP 2872 0.180250846 -0.391275486 0.0641222693 0 0 0
C@CP 2873 0.399374638 0.117588242 -0.0815986242 0 0 0
C@CP 2874 -0.0408381519 0.386965248 -0.0956985469 0 0 0
C@CP 2875 0.160520816 0.368301312 -0.0848144108 0 0 0
C@CP 2876 -0.00570603412 0.21720987 -0.341183958 0 0 0
C@CP 2877 -0.0896436536 -0.398276157 0.0851587143 0 0 0
C@CP 2878 0.383846909 0.0749391431 0.0310663776 0 0 0
C@CP 2879 -0.266890007 0.0479601471 0.0149933788 0 0 0
C@CP 2880 0.062410049 0.0334958301 0.462169688 0 0 0
C@CP 2881 0.00943024767 -0.203523961 0.147582149 0 0 0
C@CP 2882 0.406969639 -0.0932746601 0.00148379799 0 0 0
C@CP 2883 -0.0589209494 -0.16508376 -0.376216382 0 0 0
C@CP 2884 -0.160604241 0.164504333 0.0602347912 0 0 0
C@CP 2885 0.0340142953 -0.0182591993 0.258140157 0 0 0
C@CP 2886 -0.180920602 0.355589099 -0.0251287471 0 0 0
C@CP 2887 0.0481438762 0.240169317 -0.119844209 0 0 0
C@CP 2888 0.167647774 0.258219769 0.280074939 0 0 0
C@CP 2889 -0.428599039 -0.109913234 -0.00708861961 0 0 0
C@CP 2890 -0.352588865 -0.050410063 0.162269721 0 0 0
C@CP 2891 0.350189594 0.185457966 0.22555751 0 0 0
C@CP 2892 0.0881497027 0.17022446 0.222662459 0 0 0
C@CP 2893 0.106892219 0.384361354 -0.241152361 0 0 0
C@CP 2894 0.275822547 -0.130836961 -0.255569404 0 0 0
C@CP 2895 0.142087989 0.340676644 -0.289464228 0 0 0
C@CP 2896 -0.0455248469 -0.172374805 -0.238645596 0 0 0
C@CP 2897 -0.367651138 0.223829827 0.204354249 0 0 0
C@CP 2898 -0.299954048 0.196118461 0.201137583 0 0 0
C@CP 2899 -0.211343708 0.010744294 0.308966635 0 0 0
C@CP 2900 -0.296862239 0.140255905 0.0740369398 0 0 0
C@CP 2901 -0.0605271748 0.309426256 0.0691770505 0 0 0
C@CP 2902 -0.157413453 -0.119216803 0.290091428 0 0 0
C@CP 2903 -0.300425787 -0.19641601 -0.0224287556 0 0 0
C@CP 2904 -0.151897665 0.407164833 -0.0465461477 0 0 0
C@CP 2905 0.13546205 -0.342068038 -0.1390679 0 0 0
C@CP 2906 -0.00870708068 -0.0875655241 -0.224874845 0 0 0
C@CP 2907 -0.121651021 0.364291652 0.063020169 0 0 0
C@CP 2908 0.01655413 0.272276789 0.236393693 0 0 0
C@CP 2909 -0.0952234583 -0.104592833 -0.114319066 0 0 0
C@CP 2910 0.224439031 0.0311305149 -0.324946181 0 0 0
C@CP 2911 0.0287235917 -0.151617494 -0.0702893079 0 0 0
C@CP 2912 -0.279200482 0.283823861 0.162256213 0 0 0
C@CP 2913 -0.313861087 0.179240807 -0.245878447 0 0 0
C@CP 2914 0.0916705888 0.410385757 -0.177701832 0 0 0
C@CP 2915 -0.0625606561 0.193576505 0.210163411 0 0 0
C@CP 2916 0.190696833 -0.0421297034 -0.36261908 0 0 0
C@CP 2917 0.451204863 0.0272783468 -0.0341919657 0 0 0
C@CP 2918 0.181858215 -0.261178922 0.171515267 0 0 0
C@CP 2919 0.00695477433 0.330110592 -0.331810212 0 0 0
C@CP 2920 -0.279559928 0.0766483418 0.328219444 0 0 0
C@CP 2921 -0.104802638 0.254270409 -0.230716016 0 0 0
C@CP 2922 -0.327255905 0.217035617 0.00352713091 0 0 0
C@CP 2923 0.163075948 -0.0370122443 -0.41325046 0 0 0
C@CP 2924 -0.0566403787 -0.0246880559 -0.198238903 0 0 0
C@CP 2925 0.0228037864 0.244387949 -0.168549259 0 0 0
C@CP 2926 0.0998300299 -0.240306417 0.187786525 0 0 0
C@CP 2927 0.16041169 -0.2166289 -0.115326026 0 0 0
C@CP 2928 -0.166586335 0.261431602 0.0497912395 0 0 0
C@CP 2929 -0.351974579 0.218766567 -0.0714478202 0 0 0
C@CP 2930 -0.280150772 0.0164098686 -0.271299928 0 0 0
C@CP 2931 -0.186473943 0.136616074 0.236020558 0 0 0
C@CP 2932 -0.30403969 0.0397242099 -0.327843342 0 0 0
C@CP 2933 0.0647251807 -0.241578642 0.359258681 0 0 0
C@CP 2934 -0.0516976393 0.20279904 0.181430968 0 0 0
C@CP 2935 0.152096555 0.0131294264 0.420891534 0 0 0
C@CP 2936 -0.268105596 0.057100756 0.298564476 0 0 0
C@CP 2937 -0.247782574 -0.182921642 0.101795956 0 0 0
C@CP 2938 0.105916298 -0.307354983 0.266439288 0 0 0
C@CP 2939 0.171545336 -0.185134235 0.118695734 0 0 0
C@CP 2940 -0.26470732 -0.300454938 -0.118735472 0 0 0
C@CP 2941 -0.314823033 -0.0514557064 -0.295926773 0 0 0
C@CP 2942 -0.265793905 0.389586991 -0.0261889892 0 0 0
C@CP 2943 0.0557974499 0.0250829289 0.019021555 0 0 0
C@CP 2944 -0.390751959 -0.0505912574 0.232210033 0 0 0
C@CP 2945 0.0355461083 -0.0616053576 -0.460766035 0 0 0
C@CP 2946 -0.261467982 0.0919883017 -0.067765279 0 0 0
C@CP 2947 0.0909701085 -0.276004089 -0.0477162616 0 0 0
C@CP 2948 -0.273351315 -0.173624061 0.150893926 0 0 0
C@CP 2949 -0.330726619 0.038083254 0.161358799 0 0 0
C@CP 2950 0.0894559616 -0.225418019 -0.138138522 0 0 0
C@CP 2951 0.290816257 0.142687865 -0.0752007126 0 0 0
C@CP 2952 -0.0669879286 0.00212422984 0.28399809 0 0 0
C@CP 2953 -0.147532634 -0.134619259 0.340337311 0 0 0
C@CP 2954 0.14079722 0.250776495 0.0158139479 0 0 0
C@CP 2955 0.0420950711 0.121014243 0.414341588 0 0 0
C@CP 2956 -0.0308562256 -0.330742528 -0.306429877 0 0 0
C@CP 2957 0.00917105612 -0.260521051 0.0561820257 0 0 0
C@CP 2958 0.13268728 -0.205448713 0.148054788 0 0 0
C@CP 2959 0.0829403347 -0.0347221346 0.2094259 0 0 0
C@CP 2960 0.00561498191 -0.100692993 -0.228213581 0 0 0
C@CP 2961 0.188962995 -0.274278927 -0.312605579 0 0 0
C@CP 2962 0.0992231342 -0.287755327 -0.0524412259 0 0 0
C@CP 2963 0.126958111 -0.06616719 -0.182305738 0 0 0
C@CP 2964 -0.274257766 -0.133186644 -0.160699184 0 0 0
C@CP 2965 -0.382325938 0.0297037987 -0.0277552375 0 0 0
C@CP 2966 -0.0437788631 0.111017258 0.180184237 0 0 0
C@CP 2967 -0.271389802 0.33625531 0.140822781 0 0 0
C@CP 2968 0.0787970353 -0.467702495 0.00425008113 0 0 0
C@CP 2969 -0.109656666 -0.258265697 0.240230005 0 0 0
C@CP 2970 -0.240205994 0.0433895365 -0.197333311 0 0 0
C@CP 2971 0.236508303 -0.0545241027 0.0826128924 0 0 0
C@CP 2972 -0.0872255206 0.126476123 -0.0700990349 0 0 0
C@CP 2973 0.00644511548 0.086907811 0.0337896175 0 0 0
C@CP 2974 0.27950359 0.136829459 0.180381922 0 0 0
C@CP 2975 -0.134756062 -0.415428871 -0.189481205 0 0 0
C@CP 2976 -0.00630231958 -0.282599043 -0.138629264 0 0 0
C@CP 2977 -0.31227255 -0.257145535 -0.166298544 0 0 0
C@CP 2978 0.0928504974 0.000348381055 -0.250953001 0 0 0
C@CP 2979 0.386535702 -0.0120163753 -0.276952132 0 0 0
C@CP 2980 0.122833163 -0.104698536 0.152924144 0 0 0
C@CP 2981 0.139551757 0.108280079 -0.0910808145 0 0 0
C@CP 2982 -0.161294608 -0.23572993 -0.0391656353 0 0 0
C@CP 2983 -0.234998638 -0.217155171 -0.284624817 0 0 0
C@CP 2984 -0.0352031994 -0.213283574 0.325309182 0 0 0
C@CP 2985 -0.14750316 -0.411901234 0.0621586218 0 0 0
C@CP 2986 0.259908856 0.19129568 0.328922926 0 0 0
C@CP 2987 0.372660611 -0.102648799 0.139800419 0 0 0
C@CP 2988 -0.252729452 0.176553025 -0.0501782269 0 0 0
C@CP 2989 -0.260976016 0.286463613 0.0291400524 0 0 0
C@CP 2990 -0.106853176 0.152862616 -0.226581687 0 0 0
C@CP 2991 -0.138857378 -0.122375854 0.406996269 0 0 0
C@CP 2992 0.0224798376 -0.0800232031 0.00177438857 0 0 0
C@CP 2993 0.108350594 0.289690989 -0.0368054779 0 0 0
C@CP 2994 0.00176865055 0.190437328 0.0229708578 0 0 0
C@CP 2995 0.11542564 0.0273320887 0.119714779 0 0 0
C@CP 2996 -0.263343376 0.0524899175 -0.188152178 0 0 0
C@CP 2997 -0.171308345 0.362427176 0.217216745 0 0 0
C@CP 2998 -0.0218476396 -0.19350655 0.233994731 0 0 0
C@CP 2999 -0.353013443 0.192252905 0.209184357 0 0 0
C@CP 3000 -0.0905920099 -0.249443714 0.122289631 0 0 0
C@CP 3001 0.329023084 0.0774219432 -0.174401508 0 0 0
C@CP 3002 0.0858314813 0.242539004 0.282730467 0 0 0
C@CP 3003 0.074868751 0.20321292 -0.169889588 0 0 0
C@CP 3004 -0.0971333816 -0.0221597759 0.41602181 0 0 0
C@CP 3005 0.409020928 -0.0477333468 0.230474688 0 0 0
C@CP 3006 0.257804952 -0.03757413 0.388769327 0 0 0
C@CP 3007 -0.0242314707 -0.247232055 0.294623196 0 0 0
C@CP 3008 0.0129856723 0.218733392 -0.370276267 0 0 0
C@CP 3009 0.203089164 -0.010677288 0.0391688044 0 0 0
C@CP 3010 -0.280175625 0.257265973 -0.130175942 0 0 0
C@CP 3011 -0.135480409 0.140082771 -0.036347201 0 0 0
C@CP 3012 0.105055788 0.270560277 -0.366307976 0 0 0
C@CP 3013 -0.198267895 -0.335088042 0.109329834 0 0 0
C@CP 3014 -0.213256579 0.0685779104 0.0679463713 0 0 0
C@CP 3015 0.279791866 -0.0427000232 -0.073204852 0 0 0
C@CP 3016 -0.0101793397 0.0283371732 -0.301049577 0 0 0
C@CP 3017 0.21118726 -0.153540347 -0.374737488 0 0 0
C@CP 3018 -0.219058494 0.336680646 0.0223578191 0 0 0
C@CP 3019 -0.350975915 0.137730809 -0.165433707 0 0 0
C@CP 3020 -0.152819711 -0.0383639414 0.357936375 0 0 0
C@CP 3021 0.00742411561 0.319541871 0.0572714183 0 0 0
C@CP 3022 -0.268024672 0.156652449 -0.129717181 0 0 0
C@CP 3023 -0.227169806 -0.0516921569 -0.122589078 0 0 0
C@CP 3024 0.301276315 0.136262925 0.246567169 0 0 0
C@CP 3025 0.231032918 -0.302216269 0.247484187 0 0 0
C@CP 3026 -0.0745094374 -0.0522879554 0.222859092 0 0 0
C@CP 3027 0.239306896 -0.0788667249 -0.307612081 0 0 0
C@CP 3028 -0.198299019 -0.00984171804 -0.159488582 0 0 0
C@CP 3029 0.210982474 -0.113122706 -0.275629061 0 0 0
C@CP 3030 0.0951627089 0.290196071 -0.122469382 0 0 0
C@CP 3031 -0.311139538 -0.264068082 0.098335581 0 0 0
C@CP 3032 -0.167416997 0.00627316297 -0.0843156523 0 0 0
C@CP 3033 -0.0681444963 0.0617426392 0.220839965 0 0 0
C@CP 3034 -0.241581042 -0.157639549 -0.284398241 0 0 0
C@CP 3035 -0.149505848 -0.111211927 -0.342755189 0 0 0
C@CP 3036 -0.0293208539 0.147841159 -0.169743561 0 0 0
C@CP 3037 0.267156378 -0.130965756 0.369067622 0 0 0
C@CP 3038 0.344903871 -0.042331704 0.171818036 0 0 0
C@CP 3039 0.0308475345 0.028243296 0.203190072 0 0 0
C@CP 3040 -0.263305467 0.109091146 -0.302279389 0 0 0
C@CP 3041 -0.056930474 -0.298662945 -0.163107017 0 0 0
C@CP 3042 -0.0285967411 -0.130938663 -0.24725288 0 0 0
C@CP 3043 -0.108462515 -0.12708362 -0.08030718 0 0 0
C@CP 3044 -0.0146902573 0.297110618 0.287744181 0 0 0
C@CP 3045 -0.0844498124 -0.118830291 -0.322094401 0 0 0
C@CP 3046 -0.0399865989 -0.0861423497 0.155764075 0 0 0
C@CP 3047 0.0605545757 0.431389167 0.111985398 0 0 0
C@CP 3048 -0.277692595 -0.286013751 0.0818989202 0 0 0
C@CP 3049 -0.158519939 -0.343446313 0.206497434 0 0 0
C@CP 3050 0.145737854 0.142777599 -0.208237015 0 0 0
C@CP 3051 0.271032134 0.024734063 -0.0806202801 0 0 0
C@CP 3052 0.27993563 -0.24858878 -0.0363312907 0 0 0
C@CP 3053 -0.220585132 -0.0761695352 -0.20938812 0 0 0
C@CP 3054 -0.347432117 0.273777231 0.0581008097 0 0 0
C@CP 3055 -0.284046234 0.167356739 -0.257411375 0 0 0
C@CP 3056 0.1005472 0.149746198 0.368204707 0 0 0
C@CP 3057 0.233275807 0.317561718 -0.0800631179 0 0 0
C@CP 3058 0.134136582 -0.381095549 -0.0989518382 0 0 0
C@CP 3059 -0.0500449941 -0.276490913 0.259357866 0 0 0
C@CP 3060 0.329658497 -0.0813626849 -0.113558515 0 0 0
C@CP 3061 0.0287213243 0.237863383 -0.188858038 0 0 0
C@CP 3062 -0.271099155 0.0388971848 0.136871532 0 0 0
C@CP 3063 -0.0061046393 -0.127865329 0.253430022 0 0 0
C@CP 3064 -0.280783389 0.10004655 -0.323904804 0 0 0
C@CP 3065 -0.216815477 0.234601121 -0.305116201 0 0 0
C@CP 3066 0.0341029215 0.198245611 0.225521682 0 0 0
C@CP 3067 -0.350559908 0.163562779 -0.237357663 0 0 0
C@CP 3068 0.18928767 -0.087192601 0.274157491 0 0 0
C@CP 3069 0.170315739 0.140031619 0.263263231 0 0 0
C@CP 3070 0.0331967802 0.11651354 0.187411001 0 0 0
C@CP 3071 -0.413496896 0.193300118 -0.00866765029 0 0 0
C@CP 3072 -0.169638448 0.0574732402 0.238920319 0 0 0
C@CP 3073 0.148180778 0.113947882 0.0156740454 0 0 0
C@CP 3074 -0.0638039474 0.354814118 -0.0888750003 0 0 0
C@CP 3075 -0.314105417 -0.0965086423 0.204015925 0 0 0
C@CP 3076 0.28477843 0.10608176 0.32960368 0 0 0
C@CP 3077 -0.250244786 0.269393137 -0.0764470545 0 0 0
C@CP 3079 -0.0232432094 0.319398635 -0.0585660004 0 0 0
C@CP 3080 -0.276093806 -0.0715001999 -0.354818231 0 0 0
C@CP 3081 -0.144890508 -0.277968408 0.0851059852 0 0 0
C@CP 3082 0.210801204 0.0879904846 0.117385301 0 0 0
C@CP 3083 0.117757475 -0.424642568 0.0681326662 0 0 0
C@CP 3084 0.180081813 0.239718479 -0.311266094 0 0 0
C@CP 3085 -0.330486249 -0.17124257 -0.111167852 0 0 0
C@CP 3086 0.0817817228 0.235180732 -0.0820273193 0 0 0
C@CP 3087 0.0383592848 -0.0955893941 0.382814042 0 0 0
C@CP 3088 -0.210730285 0.349743528 -0.154776917 0 0 0
C@CP 3089 0.114598947 -0.0943799559 0.411403368 0 0 0
C@CP 3090 0.325612902 0.1693412 0.147582068 0 0 0
C@CP 3091 0.116826487 -0.124548908 0.212059134 0 0 0
C@CP 3092 -0.192166723 0.124387565 0.269102661 0 0 0
C@CP 3093 0.128564534 -0.189258145 -0.0190975934 0 0 0
C@CP 3094 -0.0996643417 -0.0369570657 0.294701929 0 0 0
C@CP 3095 0.0257568695 0.290013154 -0.291307447 0 0 0
C@CP 3096 0.294320502 -0.23626126 -0.0649884414 0 0 0
C@CP 3097 -0.0382385391 0.251978497 0.0235890371 0 0 0
C@CP 3098 0.0315120306 -0.0742019967 0.33144461 0 0 0
C@CP 3099 -0.174031969 -0.0569170427 -0.381437655 0 0 0
C@CP 3100 -0.0628359584 0.365319807 0.224452151 0 0 0
C@CP 3101 0.364910618 -0.185350391 0.118270572 0 0 0
C@CP 3102 0.101842019 0.0420780415 -0.430686963 0 0 0
C@CP 3103 -0.287259332 0.325090195 0.138321968 0 0 0
C@CP 3104 0.176391113 0.0865111116 0.264113233 0 0 0
C@CP 3105 0.175379799 -0.170171233 0.109562853 0 0 0
C@CP 3106 -0.237440546 -0.364108487 0.0502315697 0 0 0
C@CP 3107 -0.27139968 -0.24208943 -0.156150975 0 0 0
C@CP 3108 -0.0402912865 0.218495014 -0.0861187921 0 0 0
C@CP 3109 -0.110141444 -0.278509142 0.231316865 0 0 0
C@CP 3110 -0.245065668 -0.0693434595 -0.20117089 0 0 0
C@CP 3111 0.114103194 -0.0357026009 -0.244430267 0 0 0
C@CP 3112 0.165805716 0.296054803 -0.288882099 0 0 0
C@CP 3113 -0.334369956 0.139682286 0.0156216082 0 0 0
C@CP 3114 -0.0652186238 -0.163527876 0.254054426 0 0 0
C@CP 3115 0.00169061026 -0.0476389165 0.36957933 0 0 0
C@CP 3116 0.0416072426 -0.262444681 0.303445107 0 0 0
C@CP 3117 -0.180392578 -0.165079976 -0.370106974 0 0 0
C@CP 3118 0.26563307 -0.142571259 -0.224468259 0 0 0
C@CP 3119 0.00425087449 0.0270247949 -0.249427364 0 0 0
C@CP 3120 0.260478854 -0.034603131 -0.0349008154 0 0 0
C@CP 3121 0.224647012 -0.00313837722 -0.130636934 0 0 0
C@CP 3122 -0.253249443 -0.0145744 -0.179442748 0 0 0
C@CP 3123 -0.366461077 0.126450323 -0.11243347 0 0 0
C@CP 3124 -0.184087878 0.115513707 0.0691143898 0 0 0
C@CP 3125 -0.170198252 -0.390999078 -0.176783076 0 0 0
C@CP 3126 0.269122054 0.0975083606 0.0180411976 0 0 0
C@CP 3127 -0.0206668734 0.0524142061 -0.155606295 0 0 0
C@CP 3128 0.198252623 0.117866716 -0.194725595 0 0 0
C@CP 3129 -0.0744754506 0.152279483 -0.358577031 0 0 0
C@CP 3130 -0.0273684614 -0.370196948 0.0754041276 0 0 0
C@CP 3131 0.171626994 0.00777973386 -0.223922793 0 0 0
C@CP 3132 -0.0238237247 0.16051291 0.442440401 0 0 0
C@CP 3133 0.0105120427 0.0265340094 -0.233327196 0 0 0
C@CP 3134 0.047506652 -0.05074493 -0.121460916 0 0 0
C@CP 3135 0.320688364 -0.109016442 -0.0960206661 0 0 0
C@CP 3136 0.185360385 0.289080327 0.0728726631 0 0 0
C@CP 3137 -0.0220705535 0.419045966 -0.152471271 0 0 0
C@CP 3138 -0.198788636 0.225061465 -0.293269271 0 0 0
C@CP 3139 0.253979765 -0.314116833 0.14643136 0 0 0
C@CP 3140 0.1679662 0.0753921307 -0.27715709 0 0 0
C@CP 3141 -0.0811050358 0.160542169 -0.27192421 0 0 0
C@CP 3142 0.318323845 -0.164668672 -0.0241254926 0 0 0
C@CP 3143 -0.135619459 -0.172603734 -0.0354227596 0 0 0
C@CP 3144 0.0158676246 0.174672659 0.367639032 0 0 0
C@CP 3145 0.38551506 0.0274021348 0.0337226258 0 0 0
C@CP 3146 0.343765008 0.283030077 0.127274241 0 0 0
C@CP 3147 -0.230098176 0.412313814 -0.0184176096 0 0 0
C@CP 3148 0.443664727 -0.0329723602 0.0993027732 0 0 0
C@CP 3149 -0.0245697454 0.238941985 -0.242159734 0 0 0
C@CP 3150 -0.31385306 0.0186188297 -0.0608278292 0 0 0
C@CP 3151 -0.0492807097 -0.340959369 0.285156082 0 0 0
C@CP 3152 -0.205968788 -0.131350837 -0.177691193 0 0 0
C@CP 3153 -0.227624736 0.189328267 -0.0865632102 0 0 0
C@CP 3154 -0.314215849 0.177172072 0.279076812 0 0 0
C@CP 3155 0.0290463782 -0.233056538 -0.0991996268 0 0 0
C@CP 3156 0.0710846091 0.0714653106 -0.0505850516 0 0 0
C@CP 3157 0.306284441 0.230234304 0.168732071 0 0 0
C@CP 3158 -0.343779495 0.150601636 0.0867604309 0 0 0
C@CP 3159 -0.278347685 0.0527011128 0.150105572 0 0 0
C@CP 3160 0.152769863 -0.263175159 0.210194506 0 0 0
C@CP 3161 0.123427789 0.420466533 -0.124604494 0 0 0
C@CP 3162 0.371636647 -0.142558328 -0.0551035154 0 0 0
C@CP 3163 -0.192342433 -0.127274212 -0.0662357688 0 0 0
C@CP 3164 -0.0868668817 0.0203985109 0.297341362 0 0 0
C@CP 3165 -0.329906495 -0.0209936276 0.0722281417 0 0 0
C@CP 3166 0.164053371 0.18674193 -0.294569925 0 0 0
C@CP 3167 0.381714002 -0.239126784 -0.0872947219 0 0 0
C@CP 3168 0.0705373862 0.219563662 -0.116609032 0 0 0
C@CP 3169 -0.0788158711 0.243772189 -0.135520173 0 0 0
C@CP 3170 0.0618533375 -0.180775551 -0.40045772 0 0 0
C@CP 3171 -0.0910814333 -0.33874144 0.104678024 0 0 0
C@CP 3172 -0.0815682001 -0.388449101 0.0427885422 0 0 0
C@CP 3173 -0.0349789532 0.0136544667 -0.11628352 0 0 0
C@CP 3174 0.0223423349 0.436785694 -0.143544719 0 0 0
C@CP 3175 -0.155874595 -0.395750593 0.217175516 0 0 0
C@CP 3176 -0.380917287 0.145470496 0.178451273 0 0 0
C@CP 3177 -0.369629373 0.0252747573 0.00375691477 0 0 0
C@CP 3178 0.250501607 0.176740755 -0.0849779172 0 0 0
C@CP 3179 -0.00889164347 -0.214804078 0.103919104 0 0 0
C@CP 3180 0.168356256 -0.00831175218 0.145384705 0 0 0
C@CP 3181 -0.218909956 0.153171341 0.390178105 0 0 0
C@CP 3182 0.0550295358 -0.296405338 -0.0376001419 0 0 0
C@CP 3183 -0.186265612 0.153076497 -0.154819411 0 0 0
C@CP 3184 -0.0868901039 -0.175595494 -0.026957282 0 0 0
C@CP 3185 0.0408681235 -0.185395652 0.281173647 0 0 0
C@CP 3186 0.0806362385 -0.261921958 0.311904802 0 0 0
C@CP 3187 0.106512686 -0.359874297 0.283806621 0 0 0
C@CP 3188 -0.183726988 0.243158046 0.320948426 0 0 0
C@CP 3189 -0.117345167 -0.356593646 -0.128772314 0 0 0
C@CP 3190 -0.232189507 -0.0637444773 0.395757696 0 0 0
C@CP 3191 -0.299202243 0.238342746 -0.159747286 0 0 0
C@CP 3192 0.237989586 0.013561265 0.304344403 0 0 0
C@CP 3193 -0.246046455 -0.126713772 0.16346203 0 0 0
C@CP 3194 -0.0355274847 -0.276953663 0.266886854 0 0 0
C@CP 3195 0.0568063357 -0.330242993 0.18853122 0 0 0
C@CP 3196 -0.341280645 0.161875898 0.144632004 0 0 0
C@CP 3197 -0.165453344 0.0513898148 0.161528982 0 0 0
C@CP 3198 0.163285304 0.0664365526 -0.161389505 0 0 0
C@CP 3199 0.171655891 0.384846512 -0.132287625 0 0 0
C@CP 3200 0.0314785183 -0.0405221224 -0.387628265 0 0 0
C@CP 3201 -0.339019188 -0.000700400166 -0.14661938 0 0 0
C@CP 3203 -0.0387644988 0.218764588 0.378053681 0 0 0
C@CP 3204 0.243440667 -0.21186182 -0.338991051 0 0 0
C@CP 3205 -0.171535266 0.0415851003 -0.0905752049 0 0 0
C@CP 3206 0.240732356 0.127329261 0.0924105403 0 0 0
C@CP 3207 -0.0798636033 0.0873643591 -0.160316447 0 0 0
C@CP 3208 0.0603902703 -0.0858130523 -0.201408477 0 0 0
C@CP 3209 0.430076972 0.0514886641 -0.0653390697 0 0 0
C@CP 3210 0.255487736 -0.225390676 -0.149279835 0 0 0
C@CP 3211 0.0892605007 0.0256613197 0.305290315 0 0 0
C@CP 3212 -0.321112731 0.0439611249 -0.0776508623 0 0 0
C@CP 3213 0.408370415 0.193885226 -0.067044074 0 0 0
C@CP 3214 -0.0898361354 0.15053866 0.00897378544 0 0 0
C@CP 3215 -0.088471392 0.26576616 0.180945174 0 0 0
C@CP 3216 -0.202399401 0.0714363479 0.0716815999 0 0 0
C@CP 3217 -0.156600653 -0.177482391 -0.182865602 0 0 0
C@CP 3218 0.0581414105 -0.221380133 -0.290145289 0 0 0
C@CP 3219 -0.254746281 0.088074334 0.296109495 0 0 0
C@CP 3220 0.101499797 0.174069609 -0.0162671546 0 0 0
C@CP 3221 -0.0189007683 -0.294897082 0.287204665 0 0 0
C@CP 3222 0.359967075 -0.148876178 -0.219424793 0 0 0
C@CP 3223 0.248698826 -0.235346685 -0.219616387 0 0 0
C@CP 3224 -0.258957376 -0.0699162419 -0.199712555 0 0 0
C@CP 3225 0.322545465 -0.0643789625 0.0706094077 0 0 0
C@CP 3226 0.179724671 0.0351108815 0.181906022 0 0 0
C@CP 3227 -0.0916948594 0.16227202 0.22483832 0 0 0
C@CP 3228 0.107410467 -0.0374492443 0.451154798 0 0 0
C@CP 3229 0.194753085 -0.420413533 0.0416107012 0 0 0
C@CP 3230 -0.377241387 0.172444065 0.139535188 0 0 0
C@CP 3231 0.147144054 0.328878799 0.161276332 0 0 0
C@CP 3232 -0.0927070618 -0.0833272349 0.0834590641 0 0 0
C@CP 3233 0.233632041 0.012282893 -0.0920087585 0 0 0
C@CP 3234 0.0385138532 -0.141827836 0.153822876 0 0 0
C@CP 3235 0.0777664684 -0.274678837 0.016209014 0 0 0
C@CP 3236 -0.0321838691 -0.132511177 -0.232207711 0 0 0
C@CP 3237 -0.110057338 0.351364337 0.123942586 0 0 0
C@CP 3238 -0.00558297933 0.232697463 -0.361239306 0 0 0
C@CP 3239 -0.105850191 0.207104599 0.0657090348 0 0 0
C@CP 3240 -0.237044846 -0.0213609971 0.0286919249 0 0 0
C@CP 3241 -0.201987131 0.0904731482 0.413459272 0 0 0
C@CP 3242 0.100715031 -0.268214455 0.31585757 0 0 0
C@CP 3243 0.300689612 0.189814391 0.262021644 0 0 0
C@CP 3244 0.356757894 0.24007754 0.108135576 0 0 0
C@CP 3245 -0.227831973 0.224862925 -0.177580664 0 0 0
C@CP 3246 0.160021466 -0.0883919377 -0.085432214 0 0 0
C@CP 3247 0.0812615991 0.100846155 -0.405222488 0 0 0
C@CP 3248 -0.192644103 0.20560297 -0.368096705 0 0 0
C@CP 3249 0.170437332 -0.397265803 -0.058183992 0 0 0
C@CP 3250 -0.291946003 0.146656901 -0.116427663 0 0 0
C@CP 3251 0.134048439 0.0944568479 -0.360036973 0 0 0
C@CP 3252 -0.210767815 0.213195313 -0.0670873496 0 0 0
C@CP 3253 0.00817073036 0.23819735 0.0785091474 0 0 0
C@CP 3254 -0.417150478 0.183503819 -0.0267177046 0 0 0
C@CP 3255 -0.0857676489 0.169796878 -0.278853515 0 0 0
C@CP 3256 0.200221211 -0.0827099195 0.114270813 0 0 0
C@CP 3257 -0.0422062723 0.135923817 -0.302358277 0 0 0
C@CP 3258 -0.414436494 -0.0140292917 -0.125788509 0 0 0
C@CP 3259 0.0294876671 -0.0322897773 0.159268328 0 0 0
C@CP 3260 -0.25800395 0.283410077 -0.244496715 0 0 0
C@CP 3261 -0.271676517 -0.00340231466 -0.0475218394 0 0 0
C@CP 3262 0.0512607663 0.110025627 -0.12312554 0 0 0
C@CP 3263 0.232648931 -0.13543929 0.219439682 0 0 0
C@CP 3264 -0.352128849 0.0237853074 -0.082243787 0 0 0
C@CP 3265 -0.0776576006 -0.110763324 -0.0996661365 0 0 0
C@CP 3266 -0.128803958 -0.244022131 0.206128726 0 0 0
C@CP 3267 -0.127900733 0.0842261188 -0.178746876 0 0 0
C@CP 3268 -0.0200130609 -0.155602121 -0.108799996 0 0 0
C@CP 3269 -0.192850919 0.268183995 -0.172632534 0 0 0
C@CP 3270 0.360753804 0.0916394567 0.267950212 0 0 0
C@CP 3271 -0.362508831 0.21438006 -0.170125485 0 0 0
C@CP 3272 -0.0297654582 0.252724042 -0.401949513 0 0 0
C@CP 3273 0.163658412 -0.228263771 0.0614027377 0 0 0
C@CP 3274 -0.238748121 -0.0878568616 -0.247896669 0 0 0
C@CP 3275 -0.119537244 0.350374627 0.283276604 0 0 0
C@CP 3277 -0.192669659 -0.0758733492 -0.375797431 0 0 0
C@CP 3278 -0.251448173 0.229136961 -0.0205219199 0 0 0
C@CP 3279 0.193573092 -0.351913182 0.149864828 0 0 0
C@CP 3280 -0.109632453 0.0209033963 0.341772984 0 0 0
C@CP 3281 0.305403618 0.293875618 0.146900646 0 0 0
C@CP 3282 0.256488479 0.106313735 -0.0107874533 0 0 0
C@CP 3283 -0.104765125 -0.0325141775 -0.16561836 0 0 0
C@CP 3284 -0.0687829399 -0.0470204269 -0.0821050577 0 0 0
C@CP 3285 -0.36401183 0.145427377 0.0679102944 0 0 0
C@CP 3286 0.0828085562 -0.150043153 0.18674382 0 0 0
C@CP 3287 -0.0344977377 0.33244754 -0.29554537 0 0 0
C@CP 3288 0.286438815 0.203017376 -0.138806996 0 0 0
C@CP 3289 0.304210185 0.348024973 -0.0131065307 0 0 0
C@CP 3290 0.154772136 0.261911895 0.338123541 0 0 0
C@CP 3291 0.183907948 -0.150699575 0.0822808072 0 0 0
C@CP 3292 0.17238106 0.112750855 0.249453973 0 0 0
C@CP 3293 -0.35647937 0.11019128 0.0806025713 0 0 0
C@CP 3295 -0.061758354 -0.246597689 0.0400385609 0 0 0
C@CP 3296 -0.116895397 0.274005924 -0.0265255841 0 0 0
C@CP 3297 0.0848947311 -0.0917510262 0.135751461 0 0 0
C@CP 3298 0.219804527 -0.195492392 0.36821477 0 0 0
C@CP 3299 0.273778364 -0.331457409 -0.183738497 0 0 0
C@CP 3300 -0.47423798 -0.0406710333 -0.0402335933 0 0 0
C@CP 3301 0.00785762074 0.224744292 -0.367860172 0 0 0
C@CP 3302 0.140770943 -0.279629604 0.163035009 0 0 0
C@CP 3303 -0.292119199 -0.0475503419 0.202040484 0 0 0
C@CP 3304 -0.182267031 0.280338734 -0.129979151 0 0 0
C@CP 3305 0.103702342 -0.0271989823 -0.210670809 0 0 0
C@CP 3306 -0.14812434 -0.344196205 -0.175209492 0 0 0
C@CP 3307 0.371283007 -0.244322775 -0.0840470737 0 0 0
C@CP 3308 0.279230048 -0.172018899 -0.207678287 0 0 0
C@CP 3309 0.282514108 -0.0482387896 -0.24843845 0 0 0
C@CP 3310 0.142126203 -0.214961648 -0.296782615 0 0 0
C@CP 3311 -0.120652456 0.0200999556 0.253899211 0 0 0
C@CP 3312 0.0999912097 -0.14536271 0.302876894 0 0 0
C@CP 3313 0.205002715 -0.0609512995 -0.100704213 0 0 0
C@CP 3314 0.173393245 0.128264385 0.0868119015 0 0 0
C@CP 3315 0.281841483 -0.0691374751 -0.125334101 0 0 0
C@CP 3316 -0.171691389 -0.174808087 0.345070675 0 0 0
C@CP 3317 0.237229407 0.244745322 0.107035206 0 0 0
C@CP 3318 -0.351051801 -0.0633001877 -0.267409442 0 0 0
C@CP 3319 -0.124873519 0.128433287 -0.231013787 0 0 0
C@CP 3320 -0.225373569 0.181473246 0.135872279 0 0 0
C@CP 3321 0.1669863 0.23867531 0.092071947 0 0 0
C@CP 3322 0.253057414 -0.329860125 -0.0313280256 0 0 0
C@CP 3323 0.323318124 -0.207163731 0.099709733 0 0 0
C@CP 3324 0.146925402 0.133637124 -0.159222253 0 0 0
C@CP 3325 0.0534450246 0.178077655 -0.0364346481 0 0 0
C@CP 3326 0.130487645 -0.303887472 -0.0350046547 0 0 0
C@CP 3327 -0.012517264 0.152784858 -0.195985237 0 0 0
C@CP 3328 0.0207946349 -0.355828354 -0.168998688 0 0 0
C@CP 3329 -0.174171404 0.0130005165 -0.293494411 0 0 0
C@CP 3330 -0.141720691 -0.0609018334 -0.250471262 0 0 0
C@CP 3331 0.370336354 0.245141882 -0.156080963 0 0 0
C@CP 3332 0.0961948852 0.0118141009 -0.450347878 0 0 0
C@CP 3333 -0.0858975921 -0.309594552 -0.244368728 0 0 0
C@CP 3334 -0.287157277 0.13193604 0.0655876192 0 0 0
C@CP 3335 -0.142130286 0.1009888 -0.0071960521 0 0 0
C@CP 3336 0.216158218 -0.0649995656 -0.0581911421 0 0 0
C@CP 3337 -0.304375363 0.307374703 -0.147119679 0 0 0
C@CP 3338 0.439266573 -0.0922824801 0.0593395775 0 0 0
C@CP 3339 -0.209783233 -0.376273881 0.17763374 0 0 0
C@CP 3340 -0.138196255 0.225944663 0.362582321 0 0 0
C@CP 3341 0.418503376 -0.0982302648 0.0182903499 0 0 0
C@CP 3342 0.0174266437 -0.00924605777 -0.262111624 0 0 0
C@CP 3343 0.0373499309 0.196031217 -0.399702884 0 0 0
C@CP 3344 0.0845371058 -0.318319765 0.015161784 0 0 0
C@CP 3345 0.259183619 0.0145802251 0.179463648 0 0 0
C@CP 3346 -0.22322157 -0.0109169231 -0.277956065 0 0 0
C@CP 3347 0.253065688 0.168194285 -0.0709598422 0 0 0
C@CP 3348 -0.272913543 -0.0720416416 -0.216821836 0 0 0
C@CP 3349 -0.212937153 0.252257711 -0.326306128 0 0 0
C@CP 3350 -0.0993838842 0.0329321035 0.179903189 0 0 0
C@CP 3351 -0.242741592 0.276448995 0.198564965 0 0 0
C@CP 3353 -0.114674599 0.130712952 0.376452129 0 0 0
C@CP 3354 -0.154489469 -0.135810446 0.376752849 0 0 0
C@CP 3355 0.294281604 0.262310828 -0.109112297 0 0 0
C@CP 3356 0.291637921 -0.156965106 -0.191098707 0 0 0
C@CP 3357 0.125147768 -0.225194246 0.370755805 0 0 0
C@CP 3358 -0.137663915 -0.0382273851 0.10746064 0 0 0
C@CP 3359 0.036266925 -0.309086063 -0.217272186 0 0 0
C@CP 3360 0.0821653309 -0.220755753 0.141054158 0 0 0
C@CP 3361 -0.202112135 0.194187 0.299617546 0 0 0
C@CP 3362 0.00746054471 0.343230433 -0.0958143437 0 0 0
C@CP 3363 -0.371254143 -0.0504420351 -0.241962943 0 0 0
C@CP 3364 0.219966931 0.290427546 -0.0612566644 0 0 0
C@CP 3365 -0.349963579 -0.225816753 0.065601792 0 0 0
C@CP 3366 0.37761556 0.0128715975 -0.0923534056 0 0 0
C@CP 3367 -0.370627793 -0.243697961 0.18258076 0 0 0
C@CP 3368 0.188327587 -0.037738626 -0.350674571 0 0 0
C@CP 3369 0.202260298 0.337519 -0.13468185 0 0 0
C@CP 3370 0.0478648223 0.229881355 0.415168576 0 0 0
C@CP 3371 0.312135945 -0.199631131 -0.00324970136 0 0 0
C@CP 3372 -0.41060604 0.0269183078 -0.0884183471 0 0 0
C@CP 3373 -0.385195715 -0.102112088 -0.0857024526 0 0 0
C@CP 3374 -0.12997856 -0.379197674 -0.181511939 0 0 0
C@CP 3375 -0.275513464 -0.012607699 0.0539281442 0 0 0
C@CP 3376 -0.244979655 -0.111877329 -0.376637479 0 0 0
C@CP 3377 -0.173284659 -0.0544871998 -0.421376469 0 0 0
C@CP 3378 -0.204405909 -0.238345094 0.00336691675 0 0 0
C@CP 3379 -0.260043667 -0.0961238421 0.277423044 0 0 0
C@CP 3380 0.186643577 -0.0806965508 0.0453091967 0 0 0
C@CP 3381 -0.0143865813 -0.203977871 0.192172146 0 0 0
C@CP 3382 -0.274213399 0.27156271 -0.0316672814 0 0 0
C@CP 3383 -0.156170206 0.106634575 -0.112456648 0 0 0
C@CP 3384 0.361361289 -0.112205154 -0.0911799715 0 0 0
C@CP 3385 -0.00120398513 -0.061647651 -0.245731801 0 0 0
C@CP 3386 0.170386344 0.164679403 0.0467480487 0 0 0
C@CP 3387 -0.289463634 -0.17786615 -0.283198197 0 0 0
C@CP 3388 -0.0379939044 -0.197015448 -0.168438476 0 0 0
C@CP 3389 0.0722797892 0.359205084 0.0165282368 0 0 0
C@CP 3390 0.087346902 0.0616558029 0.291515378 0 0 0
C@CP 3391 0.322056163 0.110252967 0.066525766 0 0 0
C@CP 3392 -0.158852948 -0.0812322265 0.197224946 0 0 0
C@CP 3393 -0.104372593 0.137818085 0.347615642 0 0 0
C@CP 3394 0.200995798 0.287575141 -0.198985728 0 0 0
C@CP 3395 0.229847171 0.354345093 -0.0633740478 0 0 0
C@CP 3396 0.0395342658 -0.337591118 0.218363933 0 0 0
C@CP 3397 -0.116983489 0.115291331 -0.0374892185 0 0 0
C@CP 3398 -0.294178319 -0.00493165722 0.136860449 0 0 0
C@CP 3399 -0.242139241 0.170197022 0.09592983 0 0 0
C@CP 3400 0.157188067 0.206452588 0.176289168 0 0 0
C@CP 3401 0.349581275 0.265613426 -0.170761116 0 0 0
C@CP 3402 0.00431062921 -0.0466751532 -0.154888319 0 0 0
C@CP 3403 -0.00252936128 0.313544817 0.0484432616 0 0 0
C@CP 3404 0.345332966 -0.305396778 -0.068256809 0 0 0
C@CP 3405 0.0969282374 0.0988180977 -0.257256862 0 0 0
C@CP 3406 0.0226293731 -0.401223761 0.148597263 0 0 0
C@CP 3407 0.364827517 0.0386583435 0.110220725 0 0 0
C@CP 3408 -0.0319812689 -0.213737403 -0.151494419 0 0 0
C@CP 3409 0.169189 -0.0477858175 -0.127935999 0 0 0
C@CP 3410 -0.00508824511 0.363438083 -0.116165628 0 0 0
C@CP 3411 0.21773044 0.330225474 0.141868684 0 0 0
C@CP 3412 0.3162389 -0.192761646 0.0618915032 0 0 0
C@CP 3413 0.40622023 0.180775213 0.149628809 0 0 0
C@CP 3414 0.157898549 -0.374972923 -0.0684978243 0 0 0
C@CP 3415 0.0307308584 -0.109753285 -0.155249233 0 0 0
C@CP 3416 0.114287984 -0.264994054 -0.0269178926 0 0 0
C@CP 3417 0.346246404 -0.286130733 0.118306691 0 0 0
C@CP 3418 -0.321602219 -0.239966923 -0.0576840366 0 0 0
C@CP 3419 -0.185624581 -0.362999153 -0.12711616 0 0 0
C@CP 3420 -0.00973498927 0.161196801 -0.340424211 0 0 0
C@CP 3421 -0.123193836 -0.211828713 0.233653324 0 0 0
C@CP 3422 -0.218408753 0.328005508 -0.201581679 0 0 0
C@CP 3423 0.264818733 0.121982944 -0.352877042 0 0 0
C@CP 3424 -0.261970566 -0.0441661272 -0.00280785387 0 0 0
C@CP 3425 -0.0589406426 -0.162693406 -0.287454171 0 0 0
C@CP 3426 -0.0191935756 -0.0750865497 0.200414558 0 0 0
C@CP 3427 0.091889103 -0.269130438 0.248032006 0 0 0
C@CP 3428 0.161717194 -0.0719787779 -0.412778061 0 0 0
C@CP 3429 -0.0277214293 0.0330290313 0.411676741 0 0 0
C@CP 3430 -0.0745995468 0.288283432 0.0359971224 0 0 0
C@CP 3431 0.216479082 0.399381357 0.00315619662 0 0 0
C@CP 3432 0.261803142 -0.0413625292 -0.383641376 0 0 0
C@CP 3433 -0.292335783 0.121210806 -0.0561623316 0 0 0
C@CP 3434 -0.0155946331 0.412095191 0.21342505 0 0 0
C@CP 3435 0.0454950261 0.139899833 0.0402190874 0 0 0
C@CP 3436 -0.22773057 0.257792922 0.27139601 0 0 0
C@CP 3437 0.235838836 -0.0418431773 -0.0776038693 0 0 0
C@CP 3438 -0.0424396947 0.0566641798 -0.100092932 0 0 0
C@CP 3439 0.353643258 0.244757323 -0.0951660766 0 0 0
C@CP 3440 -0.13157018 -0.443518726 -0.0220223977 0 0 0
C@CP 3441 0.0531391841 -0.0501492678 -0.0561190263 0 0 0
C@CP 3442 0.384295729 0.197180355 -0.172074205 0 0 0
C@CP 3443 0.345153048 0.0609349584 0.0490191668 0 0 0
C@CP 3444 0.172593546 -0.0948048697 0.0271583326 0 0 0
C@CP 3445 -0.174129225 0.170709458 -0.141394458 0 0 0
C@CP 3446 0.00813628958 0.104258807 0.0618462667 0 0 0
C@CP 3447 -0.388540017 0.182786526 -0.194405981 0 0 0
C@CP 3448 0.351196299 -0.294090135 0.07022034 0 0 0
C@CP 3449 -0.241949855 -0.0558091175 -0.208677224 0 0 0
C@CP 3450 0.160378269 0.0957046012 0.0374702651 0 0 0
C@CP 3451 0.374885654 -0.152103516 -0.0572815323 0 0 0
C@CP 3452 0.427424444 -0.145605126 0.0811619391 0 0 0
C@CP 3454 -0.415947701 0.049228116 -0.171910638 0 0 0
C@CP 3455 0.136234496 -0.104247678 0.277843892 0 0 0
C@CP 3456 -0.104094587 -0.336103292 -0.122414561 0 0 0
C@CP 3457 0.2447506 0.116885725 0.0365419171 0 0 0
C@CP 3458 -0.0756245379 -0.344446906 -0.0401847083 0 0 0
C@CP 3459 0.174640072 0.242986764 0.191491846 0 0 0
C@CP 3460 -0.229334857 -0.21731921 0.251788017 0 0 0
C@CP 3461 -0.259914604 -0.379019783 0.0112601504 0 0 0
C@CP 3462 -0.0518693481 0.047632744 -0.465634813 0 0 0
C@CP 3463 -0.0184843479 -0.155862837 0.0829360323 0 0 0
C@CP 3464 -0.15874154 -0.371486625 0.0133766315 0 0 0
C@CP 3465 -0.129236619 0.0972556008 -0.203577206 0 0 0
C@CP 3466 -0.126985539 0.324954809 -0.29421624 0 0 0
C@CP 3467 0.275672858 0.380497465 -0.042392691 0 0 0
C@CP 3468 -0.0466787515 0.0252818185 0.043587468 0 0 0
C@CP 3469 -0.0537151186 -0.164928897 0.343049496 0 0 0
C@CP 3470 0.248916783 -0.0350643877 -0.0859430226 0 0 0
C@CP 3471 0.0254534663 -0.0549150488 -0.0251470987 0 0 0
C@CP 3472 -0.363063592 -0.0288862107 -0.239120864 0 0 0
C@CP 3473 0.177700258 0.119483289 -0.33392051 0 0 0
C@CP 3474 -0.288162565 0.175403777 0.112105137 0 0 0
C@CP 3475 -0.0570237532 -0.0854650681 0.253146228 0 0 0
C@CP 3476 0.263049378 0.234910884 0.157052729 0 0 0
C@CP 3477 0.0293936342 0.398802346 -0.170415088 0 0 0
C@CP 3478 -0.0730601975 0.0702920336 0.188225573 0 0 0
C@CP 3479 0.294336401 -0.309100965 0.0424699145 0 0 0
C@CP 3480 0.0139098931 0.436930846 -0.149838496 0 0 0
C@CP 3481 -0.417027587 -0.169464081 0.0114001236 0 0 0
C@CP 3482 -0.328090827 0.180197548 -0.142167328 0 0 0
C@CP 3483 0.130904595 0.153719725 -0.0154261549 0 0 0
C@CP 3484 -0.053556145 0.206130635 0.337154155 0 0 0
C@CP 3485 0.306475055 -0.182048879 0.207682544 0 0 0
C@CP 3486 0.216544418 -0.0755929173 0.215088861 0 0 0
C@CP 3487 -0.175448853 -0.37531245 -0.0900368303 0 0 0
C@CP 3488 0.146440229 -0.193263311 0.0820623014 0 0 0
C@CP 3489 -0.207768812 -0.0166770254 -0.0616490527 0 0 0
C@CP 3490 0.160956858 -0.287099043 0.121677594 0 0 0
C@CP 3491 0.209941801 0.145150021 0.308849623 0 0 0
C@CP 3492 -0.197325873 -0.0887024885 0.259795109 0 0 0
C@CP 3493 -0.0475951476 -0.137161501 0.413308669 0 0 0
C@CP 3494 0.152571292 -0.0793460567 0.254888413 0 0 0
C@CP 3495 -0.0979552583 -0.0474161285 -0.13787842 0 0 0
C@CP 3496 0.15945631 0.341047573 0.0615325584 0 0 0
C@CP 3497 -0.295780981 0.0921491234 0.14303971 0 0 0
B@CP 3499 0.256541546 0.157857884 0.27364418 0 0 0
C@CP 3500 0.178699332 -0.289852161 0.17799448 0 0 0
C@CP 3501 0.124099539 0.374924048 -0.12241168 0 0 0
C@CP 3502 -0.246508503 -0.28147345 -0.27145894 0 0 0
B@CP 3504 -0.152043422 -0.208341961 -0.197296847 0 0 0
C@CP 3505 -0.337209962 -0.17274012 0.127467279 0 0 0
B@CP 3507 -0.188743284 -0.11349532 -0.18876761 0 0 0
C@CP 3508 0.148450113 0.156793183 0.176057026 0 0 0
B@CP 3510 0.109364462 -0.186757615 -0.00304887113 0 0 0
C@CP 3511 0.0217092474 0.430429896 -0.0539287498 0 0 0
B@CP 3513 0.281498005 -0.130188883 -0.166794356 0 0 0
C@CP 3514 0.260481346 -0.0361509048 0.0654583054 0 0 0
B@CP 3516 -0.0378752869 -0.121221987 -0.259174576 0 0 0
C@CP 3517 -0.286387684 0.0246490567 0.311096917 0 0 0
B@CP 3519 0.0626334672 -0.0734794941 0.444932838 0 0 0
C@CP 3520 0.357744971 -0.0789157863 0.29171972 0 0 0
