B@CP 1004 0.103746385 0.336477951 -0.069033949 0 0 0
B@CP 1005 -0.235839406 -0.224441595 0.140982109 0 0 0
B@CP 1008 -0.070128539 -0.0620358173 -0.295019782 0 0 0
B@CP 1014 0.251618067 0.308457176 0.0574714246 0 0 0
B@CP 1018 -0.16110211 -0.302368953 -0.236529699 0 0 0
B@CP 1020 -0.182130777 -0.135961521 -0.0548652124 0 0 0
B@CP 1025 -0.0842005735 0.0552301362 -0.0855501748 0 0 0
B@CP 1026 -0.148679817 -0.114911341 0.057608289 0 0 0
B@CP 1032 0.1359331 0.230743594 -0.35937489 0 0 0
B@CP 1033 0.043895225 -0.253672722 -0.242766385 0 0 0
B@CP 1034 -0.0391029983 -0.0440987071 -0.311089768 0 0 0
B@CP 1036 -0.076937424 0.427693928 -0.167421289 0 0 0
B@CP 1040 -0.0758625843 -0.151494937 0.0274122667 0 0 0
B@CP 1041 -0.14761188 -0.111790566 -0.0533567749 0 0 0
B@CP 1042 -0.082893363 0.306293935 0.247946245 0 0 0
B@CP 1045 -0.0212209105 -0.193146818 -0.0542536667 0 0 0
B@CP 1046 -0.177341105 -0.0670756476 0.331570333 0 0 0
B@CP 1047 0.148961385 -0.152751651 0.130091482 0 0 0
B@CP 1055 -0.0556331636 0.082945061 -0.15752084 0 0 0
B@CP 1056 0.0138748 0.138159777 0.351516712 0 0 0
B@CP 1059 -0.308741775 0.315194361 0.121890093 0 0 0
B@CP 1063 -0.0763478625 -0.251092477 -0.0236932318 0 0 0
B@CP 1065 0.0178383334 0.0967816232 -0.355375087 0 0 0
B@CP 1066 0.254712095 -0.0339951845 0.0278339937 0 0 0
B@CP 1068 -0.409988951 -0.0581381353 -0.0259806382 0 0 0
B@CP 1069 0.216005372 0.217650984 -0.150091731 0 0 0
B@CP 1070 0.138892853 -0.222860305 0.108300363 0 0 0
B@CP 1077 -0.273081227 0.0871892807 0.0537458748 0 0 0
B@CP 1080 -0.190182982 -0.128883755 -0.148898663 0 0 0
B@CP 1083 -0.164947087 0.304432233 0.196955448 0 0 0
B@CP 1084 -0.133658876 -0.135733452 -0.0719532216 0 0 0
B@CP 1085 -0.038642042 0.185678427 0.178002807 0 0 0
B@CP 1089 0.279794846 0.0278290209 0.209627431 0 0 0
B@CP 1091 -0.249835224 -0.0986948699 0.291833326 0 0 0
B@CP 1092 -0.261429719 -0.011145956 -0.306178886 0 0 0
B@CP 1093 -0.234516343 -0.0370666138 0.14872641 0 0 0
B@CP 1094 0.213895617 0.145469647 -0.140287782 0 0 0
B@CP 1099 0.00125040779 0.338867849 0.121584293 0 0 0
B@CP 1100 -0.0913063669 0.00263773152 0.386240005 0 0 0
B@CP 1104 -0.149721904 -0.203676716 -0.0943556611 0 0 0
B@CP 1105 0.181906646 0.25493093 -0.0636893702 0 0 0
B@CP 1106 -0.329965892 0.0558757716 0.054785314 0 0 0
B@CP 1107 0.0307235212 0.168122571 -0.331597755 0 0 0
B@CP 1109 -0.321300506 0.00394303337 -0.160319753 0 0 0
B@CP 1110 0.167628683 0.0923857109 -0.374887848 0 0 0
B@CP 1117 -0.0518780583 -0.0750811363 0.337542812 0 0 0
B@CP 1118 0.0270804113 0.117768188 -0.0450542924 0 0 0
B@CP 1121 -0.00457405935 0.400986109 0.0307639002 0 0 0
B@CP 1122 -0.344742232 -0.130439478 0.147386862 0 0 0
B@CP 1123 -0.260245526 -0.326049502 -0.175679935 0 0 0
B@CP 1125 -0.199402753 0.141089439 -0.287353583 0 0 0
B@CP 1131 0.281641263 0.229183633 -0.172242155 0 0 0
B@CP 1139 0.0718435712 -0.284225201 -0.306943349 0 0 0
B@CP 1143 -0.129701786 -0.165874819 0.131795279 0 0 0
B@CP 1146 -0.359352017 -0.148808898 -0.0674673176 0 0 0
B@CP 1147 0.310294602 -0.0360359655 -0.143618413 0 0 0
B@CP 1149 0.339862775 -0.0620865176 -0.227212072 0 0 0
B@CP 1152 0.16285344 0.0311955879 0.00417757902 0 0 0
B@CP 1153 0.192180245 -0.179324789 -0.249717606 0 0 0
B@CP 1154 -0.0131053653 -0.0583754178 -0.303754346 0 0 0
B@CP 1155 0.106086406 -0.00863076468 -0.362868404 0 0 0
B@CP 1160 -0.147432092 0.125434887 0.106997554 0 0 0
B@CP 1161 0.18050613 -0.317036095 0.254604737 0 0 0
B@CP 1162 -0.163690943 -0.0729657697 -0.116907675 0 0 0
B@CP 1163 -0.305641853 0.105570761 0.0431354724 0 0 0
B@CP 1166 0.0864874293 -0.172931716 0.239284624 0 0 0
B@CP 1167 -0.037167769 0.18311242 0.422694572 0 0 0
B@CP 1170 -0.0484589079 0.128837403 -0.0688199399 0 0 0
B@CP 1171 0.146849186 0.411664908 -0.154413952 0 0 0
B@CP 1176 -0.0489076929 0.314430281 -0.337118062 0 0 0
B@CP 1179 -0.275429988 -0.0595054037 -0.331729851 0 0 0
B@CP 1185 -0.392378798 0.10815431 0.00630772608 0 0 0
B@CP 1186 -0.0192429215 0.171933132 -0.366461825 0 0 0
B@CP 1187 -0.0493617215 -0.304826191 -0.206051512 0 0 0
B@CP 1188 0.129981558 -0.339001924 -0.0527580553 0 0 0
B@CP 1189 -0.317218086 0.00569009506 -0.0307657585 0 0 0
B@CP 1190 0.168400516 -0.216755391 -0.19589085 0 0 0
B@CP 1191 0.1194775 -0.182155803 0.288093743 0 0 0
B@CP 1192 0.240994298 -0.177896922 -0.0503681322 0 0 0
B@CP 1196 0.232949126 -0.147385928 0.385671122 0 0 0
B@CP 1197 0.19345816 -0.15949496 -0.240702853 0 0 0
B@CP 1200 0.45739471 -0.0922804503 -0.0363232149 0 0 0
B@CP 1206 -0.119029279 -0.030503917 0.0944044286 0 0 0
B@CP 1211 0.0789335101 -0.161945186 -0.403441203 0 0 0
B@CP 1221 0.21076432 0.234016035 0.0141346386 0 0 0
B@CP 1222 0.209962009 0.00113114946 0.0461878709 0 0 0
B@CP 1225 0.185651797 0.00333129441 -0.00552448452 0 0 0
B@CP 1226 0.187155042 0.163053056 -0.376209617 0 0 0
B@CP 1228 -0.0920260569 -0.0117173338 0.393260816 0 0 0
B@CP 1229 0.381574394 0.112569772 -0.170199311 0 0 0
B@CP 1234 -0.0628600203 0.158286322 -0.267865859 0 0 0
B@CP 1237 0.0267234525 0.0344541433 -0.197748345 0 0 0
B@CP 1239 0.0697951872 -0.327419137 -0.175402433 0 0 0
B@CP 1241 -0.4564402 0.0536241803 0.0270330438 0 0 0
B@CP 1242 0.152829208 0.360799994 0.192320629 0 0 0
B@CP 1245 0.109023504 -0.184543714 0.295477 0 0 0
B@CP 1248 -0.0445527123 0.313366829 0.260691021 0 0 0
B@CP 1257 -0.184139588 -0.0370974027 0.0417132619 0 0 0
B@CP 1259 -0.0345619467 0.397296081 -0.214945884 0 0 0
B@CP 1262 0.451667972 -0.0497331292 -0.0796234147 0 0 0
B@CP 1263 0.113114099 -0.239335864 0.107864562 0 0 0
B@CP 1264 0.13394121 0.0431113733 -0.198527762 0 0 0
B@CP 1268 -0.322273717 -0.112006744 0.0447795304 0 0 0
B@CP 1274 -0.263802277 0.176443222 0.261358352 0 0 0
B@CP 1275 -0.288417473 -0.0384316031 -0.284718499 0 0 0
B@CP 1280 0.0840802997 -0.013598621 -0.456439228 0 0 0
B@CP 1281 0.280550875 0.341792167 -0.0351251493 0 0 0
B@CP 1284 -0.31750032 0.167689862 0.223683351 0 0 0
B@CP 1285 -0.213506527 0.110160066 -0.171008588 0 0 0
B@CP 1291 0.146278915 0.220653966 0.0889693964 0 0 0
B@CP 1293 -0.28976847 0.128006392 0.109891837 0 0 0
B@CP 1299 -0.0660337714 -0.217026873 0.405218952 0 0 0
B@CP 1302 -0.11415405 -0.433367294 0.11050336 0 0 0
B@CP 1305 0.00856626686 0.413391521 -0.0648125476 0 0 0
B@CP 1306 -0.162319012 -0.175226503 0.222308455 0 0 0
B@CP 1312 -0.235362771 -0.0691022816 0.215496512 0 0 0
B@CP 1318 0.309045955 -0.00497346414 0.187452257 0 0 0
B@CP 1320 0.371077264 -0.06357521 -0.125462023 0 0 0
B@CP 1323 -0.0536190205 -0.184702386 0.430186335 0 0 0
B@CP 1324 0.0606391309 0.33502634 0.289361241 0 0 0
B@CP 1326 0.14562425 -0.318004075 -0.000374183509 0 0 0
B@CP 1330 0.405363619 -0.225117695 0.0185125394 0 0 0
B@CP 1332 0.123070535 0.427517576 0.0745623252 0 0 0
B@CP 1335 0.125071643 -0.0824999172 0.334653644 0 0 0
B@CP 1342 0.118195312 0.0205417554 0.414915808 0 0 0
B@CP 1343 -0.130432865 -0.212021208 -0.195923092 0 0 0
B@CP 1345 -0.249409138 0.0492840949 0.0739101461 0 0 0
B@CP 1348 0.251447998 -0.246762316 0.053433876 0 0 0
B@CP 1354 -0.389731421 -0.0628369342 -0.1255173 0 0 0
B@CP 1356 -0.0945453742 0.00343653528 -0.397080306 0 0 0
B@CP 1362 -0.162736776 0.238171514 0.111178853 0 0 0
B@CP 1363 -0.266012458 0.131027509 0.260446388 0 0 0
B@CP 1365 0.195992475 0.328321144 -0.032743237 0 0 0
B@CP 1367 0.0125387765 -0.243180949 0.119448819 0 0 0
B@CP 1370 0.296513223 0.0593441602 -0.219190539 0 0 0
B@CP 1371 -0.0373624315 0.170716158 -0.106481627 0 0 0
B@CP 1372 0.0650257707 -0.121642852 0.0384027838 0 0 0
B@CP 1373 0.146613191 -0.0776881011 0.197360557 0 0 0
B@CP 1375 0.0757144674 0.252216414 -0.364340285 0 0 0
B@CP 1379 -0.087518516 0.0179892789 -0.100047653 0 0 0
B@CP 1385 0.261083806 0.110903162 0.122486071 0 0 0
B@CP 1387 -0.108167171 0.163981014 -0.252518929 0 0 0
B@CP 1390 0.160595637 0.340453902 0.121621991 0 0 0
B@CP 1391 -0.448007998 0.109316653 0.0117647467 0 0 0
B@CP 1393 0.241254409 -0.176165133 -0.0573194713 0 0 0
B@CP 1398 -0.107149543 0.129049303 -0.0918782527 0 0 0
B@CP 1406 -0.169105852 -0.239046206 0.0373248365 0 0 0
B@CP 1408 -0.185790551 0.243348857 0.298618036 0 0 0
B@CP 1410 0.0309447857 0.068959861 0.201486771 0 0 0
B@CP 1416 0.145190593 0.112773889 0.221531143 0 0 0
B@CP 1417 0.384892338 -0.207573086 -0.0371154664 0 0 0
B@CP 1422 0.114357824 0.378487778 0.0907887881 0 0 0
B@CP 1423 0.0755221774 -0.250388649 0.00328434832 0 0 0
B@CP 1424 -0.354466672 -0.271976127 0.12531647 0 0 0
B@CP 1428 -0.249785832 -0.120436674 -0.109964165 0 0 0
B@CP 1429 -0.0090429088 -0.0367635594 -0.168427305 0 0 0
B@CP 1433 -0.366728634 0.0181489349 -0.102187975 0 0 0
B@CP 1434 -0.081085932 0.34239546 -0.21454956 0 0 0
B@CP 1436 -0.280098898 0.276591683 0.0620509467 0 0 0
B@CP 1438 0.117723236 0.0841658863 -0.116733996 0 0 0
B@CP 1439 0.28651971 0.253620917 -0.135320082 0 0 0
B@CP 1446 0.367894105 0.0134351825 0.175246763 0 0 0
B@CP 1448 -0.0596757178 -0.1895827 -0.198505087 0 0 0
B@CP 1452 -0.152218914 -0.290941719 0.0303864547 0 0 0
B@CP 1453 0.0740858868 -0.375837963 -0.114426753 0 0 0
B@CP 1454 0.0841005314 0.00787686016 -0.220194864 0 0 0
B@CP 1465 0.0524490191 -0.0879413426 -0.37586547 0 0 0
B@CP 1466 -0.304922024 0.0707883326 -0.146301015 0 0 0
B@CP 1470 0.0432937334 0.00161874361 0.474832324 0 0 0
B@CP 1471 -0.0954171216 -0.259534607 -0.366779982 0 0 0
B@CP 1472 0.357683568 -0.0480047124 0.0162245451 0 0 0
B@CP 1478 -0.00531981468 0.192264321 -0.405986282 0 0 0
B@CP 1481 -0.256556115 0.10812052 0.206993484 0 0 0
B@CP 1482 -0.0417311026 -0.109942028 -0.260413544 0 0 0
B@CP 1483 0.308582825 0.211294492 -0.198187037 0 0 0
B@CP 1486 -0.0163468749 -0.0199283887 0.423766215 0 0 0
B@CP 1489 0.321221778 -0.310540598 0.137407895 0 0 0
B@CP 1490 -0.0416298992 -0.0837018251 -0.387671862 0 0 0
B@CP 1491 -0.0273216563 0.102626439 0.278151221 0 0 0
B@CP 1492 0.33588513 0.158509166 -0.0774308661 0 0 0
B@CP 1495 0.0791514986 -0.0223974872 -0.125193957 0 0 0
B@CP 1500 0.0987797879 0.0291028651 -0.15466993 0 0 0
B@CP 1504 -0.253197246 -0.0691053773 -0.21840583 0 0 0
B@CP 1505 -0.00394427716 -0.34191958 -0.301143012 0 0 0
B@CP 1509 -0.276697226 -0.288702958 0.19950939 0 0 0
B@CP 1515 -0.205629219 -0.0163231165 -0.236310339 0 0 0
B@CP 1519 0.0227992215 -0.26007812 0.0708408917 0 0 0
B@CP 1523 -0.0390901252 0.28919017 -0.108408842 0 0 0
B@CP 1524 0.223758204 -0.275673453 0.092459458 0 0 0
B@CP 1526 -0.176120304 -0.188839155 0.379229446 0 0 0
B@CP 1527 -0.0454551231 0.0732507797 -0.312515224 0 0 0
B@CP 1530 -0.0128300872 0.185185714 -0.136774522 0 0 0
B@CP 1534 0.174842623 -0.29301968 0.0185912588 0 0 0
B@CP 1536 0.088470956 0.168294681 -0.220921966 0 0 0
B@CP 1551 0.380091499 0.23888877 -0.141010268 0 0 0
B@CP 1552 0.263574198 -0.256851307 0.0356801604 0 0 0
B@CP 1555 0.187570867 -0.24984391 0.188638811 0 0 0
B@CP 1561 0.0826361327 0.222079797 -0.191217323 0 0 0
B@CP 1567 -0.297980308 0.196220986 0.260384492 0 0 0
B@CP 1569 -0.212010657 -0.178142327 -0.221889202 0 0 0
B@CP 1572 -0.0839473361 -0.382004155 -0.142035388 0 0 0
B@CP 1573 -0.00816584235 -0.310814195 0.110707105 0 0 0
B@CP 1576 0.1228351 0.0644398239 0.352984341 0 0 0
B@CP 1580 0.0351005275 0.361668494 0.29146755 0 0 0
B@CP 1583 -0.317847718 0.118131848 0.230413906 0 0 0
B@CP 1584 0.0207171974 -0.262439842 -0.047487481 0 0 0
B@CP 1586 0.0905393018 -0.330675207 -0.255211398 0 0 0
B@CP 1588 -0.222128056 0.039776599 -0.184455734 0 0 0
B@CP 1589 -0.328486781 -0.265089008 0.0720889266 0 0 0
B@CP 1596 -0.139338181 0.239636522 -0.206472421 0 0 0
B@CP 1600 -0.000481343249 -0.116599215 -0.211816684 0 0 0
B@CP 1606 0.305357149 -0.138896973 -0.262697742 0 0 0
B@CP 1609 0.0133051296 -0.377936297 -0.244923655 0 0 0
B@CP 1611 0.270759068 0.203998888 0.205620331 0 0 0
B@CP 1613 -0.0241018428 0.389922111 -0.212408225 0 0 0
B@CP 1625 -0.211348259 0.352639323 -0.206355955 0 0 0
B@CP 1630 -0.139647909 0.0429801817 -0.328509888 0 0 0
B@CP 1637 -0.367501006 -0.043924513 -0.211666538 0 0 0
B@CP 1638 -0.23673972 -0.148154576 0.224867514 0 0 0
B@CP 1642 -0.273285658 0.0492198778 -0.126916785 0 0 0
B@CP 1645 0.177276788 -0.162930662 0.25948094 0 0 0
B@CP 1649 -0.00484903307 -0.0849468524 -0.265122813 0 0 0
B@CP 1655 0.190412301 -0.0127255545 0.320584297 0 0 0
B@CP 1656 0.319957114 0.0744010992 0.193624792 0 0 0
B@CP 1673 0.0693696184 0.356968852 -0.0400328508 0 0 0
B@CP 1678 0.0213601092 -0.0565300008 -0.387474623 0 0 0
B@CP 1679 -0.0559080235 0.190536841 -0.386781838 0 0 0
B@CP 1681 0.0497735939 -0.0980797644 -0.393339337 0 0 0
B@CP 1686 0.0470288841 -0.420588773 0.0659808072 0 0 0
B@CP 1690 0.150066535 -0.0455953366 0.0356830007 0 0 0
B@CP 1694 -0.156437443 0.230452411 -0.27138887 0 0 0
B@CP 1696 0.31869928 -0.159152459 -0.246674064 0 0 0
B@CP 1697 -0.103580105 0.264626717 0.227534125 0 0 0
B@CP 1701 0.172057661 -0.201407328 -0.276748792 0 0 0
B@CP 1703 -0.0463325606 -0.221843161 -0.402043927 0 0 0
B@CP 1710 0.180658222 -0.345778716 -0.187958154 0 0 0
B@CP 1719 -0.378031541 0.168024175 0.0836245742 0 0 0
B@CP 1722 -0.0739648403 -0.152774864 -0.361317559 0 0 0
B@CP 1727 -0.0100366141 -0.0693980702 0.374890175 0 0 0
B@CP 1733 0.147001051 -0.0686605848 0.0704013538 0 0 0
B@CP 1735 0.0212329965 -0.418300401 0.042803665 0 0 0
B@CP 1736 0.130704654 0.0271977307 -0.303586464 0 0 0
B@CP 1739 0.361196433 -0.241941822 -0.0852370706 0 0 0
B@CP 1740 0.224834348 0.115035805 -0.27919536 0 0 0
B@CP 1743 -0.234584994 0.331202166 -0.111077861 0 0 0
B@CP 1745 0.0755771609 -0.225919341 -0.375537477 0 0 0
B@CP 1746 -0.133990806 0.196135039 0.0438728205 0 0 0
B@CP 1747 0.0746198461 -0.255347074 0.306882076 0 0 0
B@CP 1748 0.100436083 -0.308903106 -0.180896141 0 0 0
B@CP 1751 -0.326467891 -0.326770733 -0.0724436146 0 0 0
B@CP 1752 -0.328977555 0.146655292 0.203599996 0 0 0
B@CP 1755 0.236657372 0.170632595 -0.0286189153 0 0 0
B@CP 1763 0.408679745 -0.170212111 -0.0561915298 0 0 0
B@CP 1774 0.0176607081 -0.049257194 -0.346195848 0 0 0
B@CP 1777 -0.263260684 0.328986952 -0.0364171032 0 0 0
B@CP 1781 0.0566914415 -0.375849819 -0.259140918 0 0 0
B@CP 1789 0.069044055 0.154095029 -0.325652213 0 0 0
B@CP 1790 0.272424083 0.0363959618 0.355665597 0 0 0
B@CP 1793 0.266808934 0.19800158 -0.00213175109 0 0 0
B@CP 1800 -0.363560586 0.183055321 0.120842952 0 0 0
B@CP 1802 0.0320683987 0.218456953 -0.0327762857 0 0 0
B@CP 1803 -0.181988249 0.130144772 0.0269231533 0 0 0
B@CP 1804 -0.0643021331 -0.0242533502 -0.276005669 0 0 0
B@CP 1807 -0.0329543058 0.235259174 -0.00305294349 0 0 0
B@CP 1814 -0.266872535 -0.130310875 -0.321226619 0 0 0
B@CP 1815 0.0678403761 -0.244117596 0.185621072 0 0 0
B@CP 1817 0.259406517 -0.10506482 0.373896619 0 0 0
B@CP 1819 -0.265163303 -0.28740624 0.145714543 0 0 0
B@CP 1822 -0.398687945 -0.211555433 0.153935332 0 0 0
B@CP 1823 -0.123312937 -0.100604525 0.0894229177 0 0 0
B@CP 1826 -0.179379449 0.127916079 -0.0610144894 0 0 0
B@CP 1828 0.0191395964 0.122845361 -0.31713661 0 0 0
B@CP 1835 0.417230257 0.0522130913 0.165763616 0 0 0
B@CP 1836 -0.183739196 -0.0214353799 -0.189803342 0 0 0
B@CP 1838 -0.366098369 0.000645150603 -0.117604544 0 0 0
B@CP 1840 0.390879456 0.168020998 0.179103752 0 0 0
B@CP 1842 0.103452894 -0.0646982052 0.304698011 0 0 0
B@CP 1844 -0.292125809 -0.188603643 -0.217059473 0 0 0
B@CP 1847 0.375327466 -0.076595556 -0.235473671 0 0 0
B@CP 1848 -0.161710797 0.177608493 -0.344997218 0 0 0
B@CP 1851 -0.0750364664 0.0559658764 -0.158570873 0 0 0
B@CP 1852 -0.00164521671 0.147678317 -0.423432495 0 0 0
B@CP 1855 0.440397807 -0.0974411545 0.0209263664 0 0 0
B@CP 1856 0.232176646 0.340537496 0.158250548 0 0 0
B@CP 1858 0.103512008 -0.100385369 0.240271715 0 0 0
B@CP 1861 -0.00350043982 0.124935526 -0.289203694 0 0 0
B@CP 1862 0.168451702 0.336028885 -0.000529968909 0 0 0
B@CP 1866 -0.160712975 -0.0416920813 0.193120212 0 0 0
B@CP 1870 -0.260520728 -0.205641262 0.252997528 0 0 0
B@CP 1872 -0.118602795 -0.298035976 -0.268551593 0 0 0
B@CP 1873 -0.0123745736 0.229512772 0.283665314 0 0 0
B@CP 1877 -0.276093385 -0.0370443196 -0.0696996555 0 0 0
B@CP 1879 0.0228637793 0.260341142 0.0490588731 0 0 0
B@CP 1880 0.341008008 -0.0309969467 0.170850663 0 0 0
B@CP 1881 -0.205865467 0.209969218 -0.23913874 0 0 0
B@CP 1883 0.0440411943 0.1589609 0.0670064615 0 0 0
B@CP 1887 0.144024466 0.0132157868 -0.251653153 0 0 0
B@CP 1890 0.0120782464 0.204487939 -0.101294173 0 0 0
B@CP 1891 0.141729873 -0.172337223 0.225415581 0 0 0
B@CP 1892 -0.199428069 -0.324220584 0.200604701 0 0 0
B@CP 1893 -0.0819114146 0.271726009 -0.0238992155 0 0 0
B@CP 1899 0.0512355867 0.0242662393 0.323297364 0 0 0
B@CP 1901 -0.327479154 -0.0485425684 0.0412050802 0 0 0
B@CP 1903 0.185591522 0.219057172 -0.291109327 0 0 0
B@CP 1906 0.254660995 0.255650667 0.116963193 0 0 0
B@CP 1909 0.213833464 0.12155014 0.274246574 0 0 0
B@CP 1910 -0.174268019 -0.0744722695 0.102049561 0 0 0
B@CP 1911 -0.32378705 -0.0583539561 0.0300266942 0 0 0
B@CP 1915 0.189739917 -0.00853198028 0.280290191 0 0 0
B@CP 1917 -0.178306639 0.366849693 -0.0338622725 0 0 0
B@CP 1920 0.0799145492 0.328542666 0.00826625869 0 0 0
B@CP 1921 0.394306225 0.253813565 -0.091944006 0 0 0
B@CP 1922 -0.0614975465 0.0882606616 0.0130966759 0 0 0
B@CP 1925 -0.0263364016 -0.380506807 -0.0168902893 0 0 0
B@CP 1935 0.421558574 -0.11871509 0.0130769427 0 0 0
B@CP 1937 -0.27758341 0.0456410608 -0.0638437937 0 0 0
B@CP 1939 -0.327426184 -0.0725240027 -0.254628138 0 0 0
B@CP 1950 -0.146111514 0.218697097 0.286278702 0 0 0
B@CP 1955 -0.236784014 0.193330102 -0.0857947336 0 0 0
B@CP 1958 -0.184330651 -0.310310066 0.0571154292 0 0 0
B@CP 1960 0.178009629 0.147094997 -0.169213109 0 0 0
B@CP 1967 -0.300361326 0.0827981166 0.0770143763 0 0 0
B@CP 1970 -0.163225527 -0.11513657 0.265944414 0 0 0
B@CP 1974 -0.0256532696 0.0715999579 -0.339028533 0 0 0
B@CP 1980 0.225511712 -0.286583288 0.062104944 0 0 0
B@CP 1993 0.0280160795 -0.169012158 -0.277553718 0 0 0
B@CP 1994 0.16922131 0.0673503253 -0.236923641 0 0 0
B@CP 1996 0.0745609131 0.283034905 -0.249363242 0 0 0
B@CP 1999 -0.0910593112 0.119951522 0.284096602 0 0 0
B@CP 2002 0.322450292 0.294694402 -0.0615498382 0 0 0
B@CP 2005 0.253238758 0.297247143 0.212167775 0 0 0
B@CP 2013 0.403906001 0.196454815 -0.162315978 0 0 0
B@CP 2019 -0.180178307 -0.108862291 0.260009422 0 0 0
B@CP 2021 0.105732302 0.281225878 0.27742799 0 0 0
B@CP 2022 0.220797886 0.0806757375 -0.0693670673 0 0 0
B@CP 2024 -0.206886259 0.0317121221 0.153708124 0 0 0
B@CP 2025 0.374336669 -0.112011727 0.0439263638 0 0 0
B@CP 2026 0.393783501 -0.191860471 0.00569111143 0 0 0
B@CP 2028 -0.094326402 -0.399397395 0.0855507481 0 0 0
B@CP 2029 -0.183766468 0.289029751 0.0204264722 0 0 0
B@CP 2032 -0.148574963 -0.190562274 -0.0907136378 0 0 0
B@CP 2033 -0.362495523 -0.206158934 0.0727239226 0 0 0
B@CP 2034 -0.204123489 0.231939665 0.0302609075 0 0 0
B@CP 2036 0.0653384611 -0.0412968599 0.456049046 0 0 0
B@CP 2037 -0.0294002504 0.0365135164 0.226573807 0 0 0
B@CP 2040 0.0518115905 0.0421634022 -0.244499637 0 0 0
B@CP 2042 -0.271466712 -0.336164187 -0.0260120973 0 0 0
B@CP 2043 -0.0117318771 -0.216058318 -0.381281562 0 0 0
B@CP 2048 0.346856122 -0.2644257 -0.166118844 0 0 0
B@CP 2050 0.0930960553 0.0884679898 0.220090976 0 0 0
B@CP 2053 0.146081732 0.365206223 0.19125395 0 0 0
B@CP 2057 -0.127396762 -0.136366667 -0.0489406828 0 0 0
B@CP 2059 -0.0647511275 0.151370163 0.379708609 0 0 0
B@CP 2060 -0.268947739 -0.0113101634 0.341298034 0 0 0
B@CP 2068 -0.195057526 0.307911289 0.0901177535 0 0 0
B@CP 2076 -0.266218776 0.0228292654 -0.156696509 0 0 0
B@CP 2077 -0.220968608 -0.354068876 -0.224351856 0 0 0
B@CP 2078 0.220996315 -0.0418720389 -0.247577812 0 0 0
B@CP 2079 0.0629423711 0.178496659 -0.350711172 0 0 0
B@CP 2081 0.191206277 -0.122359294 -0.390390783 0 0 0
B@CP 2082 -0.193181727 -0.178568341 0.348766269 0 0 0
B@CP 2083 -0.233412847 -0.278798464 -0.269151367 0 0 0
B@CP 2086 -0.142455151 0.0504225965 0.422028703 0 0 0
B@CP 2087 0.0131493121 -0.357951789 0.0979224235 0 0 0
B@CP 2091 0.235153406 0.305530476 -0.175401206 0 0 0
B@CP 2095 0.068773068 0.172511471 -0.427275801 0 0 0
B@CP 2103 -0.16769423 0.248891263 0.323624987 0 0 0
B@CP 2105 -0.0542890538 -0.236203912 0.184905302 0 0 0
B@CP 2109 0.122187656 0.405193012 -0.00986501515 0 0 0
B@CP 2110 -0.244101269 -0.127501433 -0.0606484664 0 0 0
B@CP 2111 -0.0500996479 0.256824928 -0.342569286 0 0 0
B@CP 2113 0.415853605 -0.0304473171 -0.235060181 0 0 0
B@CP 2114 -0.145706776 0.114924268 -0.135205753 0 0 0
B@CP 2115 0.150365528 0.114325524 0.420579528 0 0 0
B@CP 2117 0.0728410868 0.089235382 -0.211293473 0 0 0
B@CP 2118 0.281314832 0.309416521 -0.189674401 0 0 0
B@CP 2119 -0.334167044 -0.0885382023 -0.318917936 0 0 0
B@CP 2125 -0.108735938 -0.135554972 -0.362020816 0 0 0
B@CP 2127 -0.181200397 -0.28723557 0.0542314272 0 0 0
B@CP 2130 -0.18674545 -0.205668418 0.331362058 0 0 0
B@CP 2131 0.00505661609 -0.431356824 -0.109732687 0 0 0
B@CP 2133 -0.289192503 -0.227972486 0.0181372254 0 0 0
B@CP 2134 0.122073181 0.253458699 -0.0141307442 0 0 0
B@CP 2136 0.0382156013 0.154499781 -0.315563603 0 0 0
B@CP 2141 0.476048444 -0.00651997779 0.0574635404 0 0 0
B@CP 2144 0.339162768 -0.144117801 0.123724672 0 0 0
B@CP 2145 0.012256696 -0.19828111 0.304017156 0 0 0
B@CP 2149 0.0057875838 0.304400335 -0.334357753 0 0 0
B@CP 2154 0.336238691 -0.189357348 -0.244610185 0 0 0
B@CP 2161 0.0298987595 0.442633197 -0.0277556152 0 0 0
B@CP 2164 -0.0324136607 -0.353703702 0.0238897383 0 0 0
B@CP 2166 -0.150257542 -0.342021745 0.19704083 0 0 0
B@CP 2168 -0.0762779762 0.287755189 -0.169567753 0 0 0
B@CP 2169 0.426391938 0.0425013371 0.125344072 0 0 0
B@CP 2175 0.230032436 -0.122193375 0.310865432 0 0 0
B@CP 2177 -0.00693402109 -0.091630673 -0.318457243 0 0 0
B@CP 2182 -0.18198832 0.102677112 -0.382731595 0 0 0
B@CP 2186 -0.0735147374 -0.381030493 0.21981225 0 0 0
B@CP 2188 0.111266696 0.071815252 0.000602143681 0 0 0
B@CP 2203 0.100316087 -0.075827906 -0.0343982816 0 0 0
B@CP 2205 -0.241628775 0.245778882 0.310883685 0 0 0
B@CP 2207 -0.0271387264 -0.0942492455 -0.0334882445 0 0 0
B@CP 2208 0.193330901 0.353815494 -0.249292278 0 0 0
B@CP 2213 0.041814368 0.180698102 0.356236248 0 0 0
B@CP 2215 -0.208988971 0.193297893 -0.14028694 0 0 0
B@CP 2217 0.159310254 0.167625169 -0.246004335 0 0 0
B@CP 2220 -0.16609746 -0.231890594 -0.0189002549 0 0 0
B@CP 2221 -0.187043366 -0.0130788297 -0.406519368 0 0 0
B@CP 2222 -0.0971734099 0.276146404 0.144081504 0 0 0
B@CP 2225 -0.131313163 -0.0650462611 -0.0149463498 0 0 0
B@CP 2226 -0.177150292 -0.190402319 -0.233400228 0 0 0
B@CP 2228 0.216665486 -0.245692892 -0.104014688 0 0 0
B@CP 2230 -0.386838804 -0.120988972 0.221695454 0 0 0
B@CP 2233 -0.0269223924 0.352950829 -0.146702518 0 0 0
B@CP 2234 0.0264085817 -0.348170602 -0.271689064 0 0 0
B@CP 2248 -0.0748136518 0.36835874 -0.243656544 0 0 0
B@CP 2250 -0.0914006168 -0.239678118 -0.330845514 0 0 0
B@CP 2251 0.36481121 0.00445054852 0.171135562 0 0 0
B@CP 2252 0.202347682 -0.176067212 0.294507985 0 0 0
B@CP 2254 -0.167523398 -0.0063139305 0.123299836 0 0 0
B@CP 2255 0.0413874778 -0.277549891 -0.154413188 0 0 0
B@CP 2256 -0.0406349562 0.399943309 0.0389830137 0 0 0
B@CP 2263 0.441332765 0.0138901476 -0.107975345 0 0 0
B@CP 2267 -0.447006712 -0.062050243 0.10866251 0 0 0
B@CP 2271 0.241085004 -0.395205245 0.0529143243 0 0 0
B@CP 2272 -0.147585381 -0.175008928 -0.141562243 0 0 0
B@CP 2273 -0.148291065 -0.208807658 0.163271788 0 0 0
B@CP 2275 0.36884605 -0.0221969908 -0.181887655 0 0 0
B@CP 2279 0.250004385 0.0144080387 -0.353181007 0 0 0
B@CP 2282 0.158121291 0.380335704 0.053244699 0 0 0
B@CP 2284 -0.124446962 -0.417579094 -0.0842240245 0 0 0
B@CP 2285 -0.175244014 -0.339518469 0.200239167 0 0 0
B@CP 2293 -0.44881005 -0.0453550102 0.114286779 0 0 0
B@CP 2299 0.142858105 -0.207921637 -0.282797399 0 0 0
B@CP 2300 0.241734083 0.101290959 0.129701264 0 0 0
B@CP 2301 -0.161716524 0.271328165 -0.270456624 0 0 0
B@CP 2303 -0.0543835706 -0.321763131 -0.0935474215 0 0 0
B@CP 2305 0.379721425 0.0966882889 0.103356602 0 0 0
B@CP 2309 0.160032987 -0.287195003 0.119896018 0 0 0
B@CP 2313 -0.0206301304 0.257570819 -0.263887737 0 0 0
B@CP 2315 0.133364693 -0.236585799 -0.261478437 0 0 0
B@CP 2320 -0.249354248 0.0922416504 -0.040528786 0 0 0
B@CP 2325 0.286622297 -0.186276407 -0.305755145 0 0 0
B@CP 2329 -0.178855813 -0.393183675 -0.0180328374 0 0 0
B@CP 2331 -0.163469495 0.225973011 -0.178982487 0 0 0
B@CP 2332 0.368403753 -0.195208314 0.0342711592 0 0 0
B@CP 2333 0.382237243 -0.200972493 -0.0102325467 0 0 0
B@CP 2335 0.00710292233 -0.120509478 -0.0778394777 0 0 0
B@CP 2336 -0.0227032345 0.381066293 0.000840676825 0 0 0
B@CP 2340 -0.171604291 0.0997908401 -0.268849569 0 0 0
B@CP 2343 -0.141701096 -0.0396716769 -0.109090225 0 0 0
B@CP 2346 -0.0617896794 -0.188565894 -0.130369632 0 0 0
B@CP 2348 -0.331680795 -0.239804191 0.107664251 0 0 0
B@CP 2350 -0.0396535604 -0.0036934908 -0.177997532 0 0 0
B@CP 2351 -0.333082705 0.199649775 -0.229421328 0 0 0
B@CP 2352 -0.238653344 -0.275717185 0.0216787101 0 0 0
B@CP 2356 0.274594232 0.224079503 0.260356648 0 0 0
B@CP 2357 -0.392698386 -0.00875053089 -0.0760975026 0 0 0
B@CP 2359 -0.0378186422 0.422854489 -0.0676680781 0 0 0
B@CP 2363 0.253586597 -0.167226433 0.167884862 0 0 0
B@CP 2365 0.0882876598 0.214136173 0.269829629 0 0 0
B@CP 2368 0.166313863 0.297215253 0.0997992767 0 0 0
B@CP 2369 0.0231892345 0.320334754 -0.220810557 0 0 0
B@CP 2370 -0.270775709 -0.0175844369 0.329225288 0 0 0
B@CP 2372 -0.248843951 -0.366414678 0.0894013634 0 0 0
B@CP 2373 0.201639315 -0.0020968049 0.363941872 0 0 0
B@CP 2376 -0.23232963 -0.227250793 -0.0326360457 0 0 0
B@CP 2381 -0.0747806168 -0.228572416 0.304237465 0 0 0
B@CP 2382 0.411578088 -0.0168949072 -0.217961652 0 0 0
B@CP 2383 0.271395931 -0.307623908 0.039638291 0 0 0
B@CP 2386 -0.225795925 0.0835806618 -0.346635826 0 0 0
B@CP 2388 0.20424236 0.280164643 -0.00566452777 0 0 0
B@CP 2392 0.0873402313 0.193108343 0.252677748 0 0 0
B@CP 2395 -0.214218601 -0.242046193 -0.0189663926 0 0 0
B@CP 2397 0.18490877 0.0331321047 -0.137552772 0 0 0
B@CP 2400 -0.0209761017 -0.418467378 -0.150611675 0 0 0
B@CP 2402 0.212805252 0.0316073688 -0.0785928058 0 0 0
B@CP 2405 -0.071257214 -0.0541293922 -0.405109941 0 0 0
B@CP 2411 -0.252405082 0.189835255 -0.276639765 0 0 0
B@CP 2413 0.0781069788 -0.103563783 0.256034923 0 0 0
B@CP 2416 0.096446398 0.367950153 0.280239015 0 0 0
B@CP 2421 -0.271692336 0.27741697 0.215196479 0 0 0
B@CP 2437 0.317586874 0.25988199 0.1489982 0 0 0
B@CP 2441 0.149437935 -0.300470962 -0.254918769 0 0 0
B@CP 2456 0.160931698 -0.140256303 -0.0404838917 0 0 0
B@CP 2457 0.0584919857 0.195018244 0.408190609 0 0 0
B@CP 2459 0.0077070336 -0.0264053921 -0.287620279 0 0 0
B@CP 2460 -0.102198139 0.28555229 -0.342902718 0 0 0
B@CP 2461 -0.186165263 -0.310673445 -0.14237 0 0 0
B@CP 2462 0.180175021 0.136501298 -0.266056064 0 0 0
B@CP 2467 0.395623107 -0.0127537048 -0.154419063 0 0 0
B@CP 2471 -0.309220965 0.249266932 -0.211381851 0 0 0
B@CP 2475 -0.043174262 -0.350162899 -0.306202266 0 0 0
B@CP 2477 -0.00111672301 -0.222631524 0.262997613 0 0 0
B@CP 2481 0.305503291 0.263432987 -0.0829610001 0 0 0
B@CP 2487 -0.355549792 0.0570901218 0.0417963328 0 0 0
B@CP 2492 -0.13981749 -0.0432287954 -0.278217239 0 0 0
C@CP 2500 0.315239759 -0.0624833888 -0.165458223 0 0 0
C@CP 2501 0.0282880921 -0.329389576 0.0128838724 0 0 0
C@CP 2502 0.0288774103 0.131368563 -0.319784563 0 0 0
C@CP 2503 0.244794633 0.0529002257 0.238211104 0 0 0
C@CP 2504 -0.0152766009 0.0649684854 0.116821935 0 0 0
C@CP 2505 0.300114174 0.175373108 -0.305003607 0 0 0
C@CP 2506 -0.26707671 0.216116048 0.0408960396 0 0 0
C@CP 2507 -0.154260827 0.132886735 0.239448895 0 0 0
C@CP 2508 0.0530069872 0.270824358 -0.261829174 0 0 0
C@CP 2509 -0.132039908 0.35771934 -0.0913904292 0 0 0
C@CP 2510 0.162318816 0.228279976 0.0842229899 0 0 0
C@CP 2511 -0.341080609 -0.120559984 -0.238141263 0 0 0
C@CP 2512 0.208684462 0.235715896 0.295699218 0 0 0
C@CP 2513 0.177015321 0.377994673 0.195800615 0 0 0
C@CP 2514 0.215419736 -0.147344223 -0.338732335 0 0 0
C@CP 2515 -0.349133537 -0.213878863 0.101940611 0 0 0
C@CP 2516 -0.0262857373 0.316507993 0.113993857 0 0 0
C@CP 2517 0.0437762997 0.0444150875 -0.129734732 0 0 0
C@CP 2518 0.0368915236 -0.118646887 0.451542887 0 0 0
C@CP 2519 0.014531962 -0.126698935 -0.34770737 0 0 0
C@CP 2520 -0.141212866 -0.30678004 -0.320279771 0 0 0
C@CP 2521 0.0813781249 -0.0977231266 -0.137206393 0 0 0
C@CP 2522 0.129609817 -0.241163007 -0.0181588281 0 0 0
C@CP 2523 0.251537945 0.0253970922 0.285709789 0 0 0
C@CP 2524 -0.301025599 -0.248570982 0.183779235 0 0 0
C@CP 2525 0.109614002 0.418545577 -0.152585622 0 0 0
C@CP 2526 0.127559727 -0.396464099 -0.118911848 0 0 0
C@CP 2527 -0.175223167 -0.272104029 -0.0480925396 0 0 0
C@CP 2528 -0.0617102025 -0.0411042094 0.259159458 0 0 0
C@CP 2529 -0.121646978 -0.0201226778 -0.387107759 0 0 0
C@CP 2530 0.131272036 -0.268605737 0.0195156033 0 0 0
C@CP 2531 -0.0757242056 -0.173936341 0.401503618 0 0 0
C@CP 2532 -0.394680205 -0.149128147 -0.0295803466 0 0 0
C@CP 2533 0.0702220571 -0.102564776 -0.153392733 0 0 0
C@CP 2534 -0.0211324771 0.385692359 0.0991986227 0 0 0
C@CP 2535 -0.337834834 -0.0905637248 -0.276258942 0 0 0
C@CP 2536 0.0744584925 -0.160524684 -0.260488128 0 0 0
C@CP 2537 -0.239483349 -0.345245788 0.0354720338 0 0 0
C@CP 2538 -0.335732315 -0.180068003 0.26114356 0 0 0
C@CP 2539 0.422524736 0.017649204 -0.233530962 0 0 0
C@CP 2540 0.323566493 0.175611447 -0.000545994948 0 0 0
C@CP 2541 -0.262584169 0.241599371 0.0139084137 0 0 0
C@CP 2542 0.031625464 -0.244807516 -0.0479043157 0 0 0
C@CP 2543 -0.0274529346 0.0165547338 -0.453733998 0 0 0
C@CP 2544 -0.241699296 0.370903974 0.0730480858 0 0 0
C@CP 2545 -0.277152092 -0.287061126 -0.0887016513 0 0 0
C@CP 2546 -0.419335876 -0.159355114 -0.146174584 0 0 0
C@CP 2547 -0.217531967 0.373298998 -0.147572699 0 0 0
C@CP 2548 -0.250910361 -0.300802552 -0.115474887 0 0 0
C@CP 2549 0.292335403 0.163021001 -0.196364645 0 0 0
C@CP 2550 0.151474315 0.200121132 -0.281660791 0 0 0
C@CP 2551 -0.161177212 -0.268758416 -0.0687185906 0 0 0
C@CP 2552 -0.0137411777 -0.252787492 -0.352898371 0 0 0
C@CP 2553 -0.0969495089 -0.11020154 -0.35550904 0 0 0
C@CP 2554 0.313399155 0.182486015 0.169048683 0 0 0
C@CP 2555 0.152786515 0.236870486 0.155187436 0 0 0
C@CP 2556 0.341530749 0.0491949081 -0.184431722 0 0 0
C@CP 2557 -0.0951458609 -0.0133831628 -0.362619803 0 0 0
C@CP 2558 0.16799097 -0.273233901 -0.151470305 0 0 0
C@CP 2559 -0.112112373 -0.286648586 0.107570851 0 0 0
C@CP 2560 0.338193666 0.117287791 0.281893134 0 0 0
C@CP 2561 -0.234882753 0.0142555876 -0.0791872989 0 0 0
C@CP 2562 -0.171852658 -0.153611054 -0.128314718 0 0 0
C@CP 2563 0.0921638138 -0.225487583 -0.0759794237 0 0 0
C@CP 2564 0.357616244 -0.00531285445 0.163177945 0 0 0
C@CP 2565 0.150362231 0.11342182 0.0885329764 0 0 0
C@CP 2566 -0.0352933893 0.176215291 0.135670733 0 0 0
C@CP 2567 -0.370247287 0.0135308546 0.0137182922 0 0 0
C@CP 2568 0.428111596 -0.10458732 0.045612115 0 0 0
C@CP 2569 0.146803885 0.0863327676 -0.298855612 0 0 0
C@CP 2570 0.369414119 0.241401718 0.0297855455 0 0 0
C@CP 2571 0.150595693 -0.0520037203 0.00463855375 0 0 0
C@CP 2572 -0.232485584 -0.208757667 0.12176317 0 0 0
C@CP 2573 0.0786332737 0.107652498 -0.400089163 0 0 0
C@CP 2574 -0.256830697 0.27701622 0.0175392852 0 0 0
C@CP 2575 0.0175279996 -0.108835391 0.19879075 0 0 0
C@CP 2576 0.235539888 -0.37841095 0.0115195804 0 0 0
C@CP 2577 0.224445369 0.088810438 0.308899234 0 0 0
C@CP 2578 0.0590081943 0.0733193642 0.0044935251 0 0 0
C@CP 2579 -0.0550365051 0.146906 0.0426899037 0 0 0
C@CP 2580 -0.0254858609 -0.00340974377 -0.244017306 0 0 0
C@CP 2581 -0.121167238 0.0274452879 0.204775484 0 0 0
C@CP 2582 -0.0510925824 0.0347633965 0.279636739 0 0 0
C@CP 2583 0.096911383 -0.24942393 -0.175985022 0 0 0
C@CP 2584 -0.378693437 -0.078511689 -0.123673334 0 0 0
C@CP 2585 0.0713788367 -0.0490779945 -0.059680703 0 0 0
C@CP 2586 -0.015800932 -0.144135426 -0.242474586 0 0 0
C@CP 2587 0.0450360543 -0.280090793 0.0747674479 0 0 0
C@CP 2588 -0.390113399 0.0578059783 -0.26052686 0 0 0
C@CP 2589 0.432609761 0.0717906539 -0.0955431156 0 0 0
C@CP 2590 -0.007950502 -0.427809522 0.0510369026 0 0 0
C@CP 2591 -0.382246557 0.0271041216 -0.209874827 0 0 0
C@CP 2592 -0.161289813 -0.171166985 -0.279675416 0 0 0
C@CP 2593 0.0650617387 0.252326955 0.151558346 0 0 0
C@CP 2594 0.0210590928 0.257927701 0.0104568487 0 0 0
C@CP 2595 0.174748408 -0.182474925 -0.352033533 0 0 0
C@CP 2596 0.118531866 0.25027117 0.301070866 0 0 0
C@CP 2597 -0.390717759 0.137726479 -0.0809384906 0 0 0
C@CP 2598 0.23023316 -0.166302311 -0.261408554 0 0 0
C@CP 2599 0.186359079 0.174988314 -0.0488042454 0 0 0
C@CP 2600 -0.251355406 -0.245160763 -0.149392459 0 0 0
C@CP 2601 0.100448751 -0.0385188161 0.224173487 0 0 0
C@CP 2602 -0.186012294 -0.168722874 -0.13408283 0 0 0
C@CP 2603 -0.0455793804 -0.0507136952 -0.467491736 0 0 0
C@CP 2604 0.125110685 0.251736156 -0.299003274 0 0 0
C@CP 2605 0.276322312 0.0884483079 -0.333870475 0 0 0
C@CP 2606 0.348764818 0.0708982602 -0.257733072 0 0 0
C@CP 2607 0.229609999 0.257618013 -0.30417548 0 0 0
C@CP 2608 0.252862789 -0.0994625665 -0.0872450911 0 0 0
C@CP 2609 -0.0353535077 -0.34393469 -0.253476924 0 0 0
C@CP 2610 0.0480688494 0.188583936 0.266392754 0 0 0
C@CP 2611 0.201021135 0.340924257 0.179010066 0 0 0
C@CP 2612 -0.151387322 0.196139504 0.13374847 0 0 0
C@CP 2613 -0.0453256634 0.3858945 -0.182888924 0 0 0
C@CP 2614 0.19208739 0.12622435 0.215564762 0 0 0
C@CP 2615 0.16757292 0.383380857 -0.0153916383 0 0 0
C@CP 2616 -0.198331013 -0.345793874 -0.00801349018 0 0 0
C@CP 2617 -0.0407646442 0.286610739 0.143751851 0 0 0
C@CP 2618 -0.142321469 -0.132681356 0.0684240739 0 0 0
C@CP 2619 -0.130075033 0.266833161 -0.130654956 0 0 0
C@CP 2620 -0.141232465 -0.273442869 -0.149087568 0 0 0
C@CP 2621 0.00735306697 -0.231660939 -0.402806089 0 0 0
C@CP 2622 -0.0701484903 0.280250559 0.0252492448 0 0 0
C@CP 2623 0.124016813 0.375978431 0.191495712 0 0 0
C@CP 2624 0.0666736561 0.353014678 -0.0712203245 0 0 0
C@CP 2625 0.310722407 0.277305483 -0.0737009492 0 0 0
C@CP 2626 0.282497259 -0.0144957214 0.364722729 0 0 0
C@CP 2627 0.259740157 -0.0151295264 -0.213638129 0 0 0
C@CP 2628 -0.386152981 0.0429998343 -0.0125292 0 0 0
C@CP 2629 0.329951248 0.0774794051 0.327373602 0 0 0
C@CP 2630 -0.309836617 -0.0935959538 0.343509472 0 0 0
C@CP 2631 -0.064882797 -0.250999153 -0.281973624 0 0 0
C@CP 2632 -0.153652905 0.0619964912 0.237929137 0 0 0
C@CP 2633 -0.160285295 -0.31040217 -0.0485779491 0 0 0
C@CP 2634 -0.0228316676 0.274021366 -0.294408807 0 0 0
C@CP 2635 0.00102586153 -0.149135433 -0.193316762 0 0 0
C@CP 2636 0.0417573118 0.191699845 -0.0526586803 0 0 0
C@CP 2637 -0.241734472 -0.162289631 -0.369167321 0 0 0
C@CP 2638 -0.11537237 0.140757598 -0.396919407 0 0 0
C@CP 2639 -0.33091843 0.176872261 -0.179443287 0 0 0
C@CP 2640 -0.0545742412 0.37391387 0.021465829 0 0 0
C@CP 2641 0.0651982534 0.0807025092 -0.210269048 0 0 0
C@CP 2642 -0.10675408 -0.0878438535 -0.322488526 0 0 0
C@CP 2643 -0.293904295 -0.0723934194 -0.16726275 0 0 0
C@CP 2644 0.244252139 -0.109583831 -0.148188581 0 0 0
C@CP 2645 -0.0901213631 -0.209077563 -0.31975574 0 0 0
C@CP 2646 -0.0948413018 0.385928197 -0.0803598846 0 0 0
C@CP 2647 0.0338592602 -0.311473891 -0.00958336311 0 0 0
C@CP 2648 0.014232206 -0.13234134 0.230736979 0 0 0
C@CP 2649 0.0985053391 -0.153443243 -0.217606559 0 0 0
C@CP 2650 -0.114844149 -0.275610649 0.137640124 0 0 0
C@CP 2651 0.243305825 -0.222247317 -0.136828162 0 0 0
C@CP 2652 -0.348133743 -0.266483842 -0.0681115443 0 0 0
C@CP 2653 0.368339463 -0.0916504887 -0.0559850117 0 0 0
C@CP 2654 0.0507859336 -0.38175394 -0.163040144 0 0 0
C@CP 2655 -0.215260149 0.33452224 -0.158883968 0 0 0
C@CP 2656 -0.183240709 -0.420101114 0.10158064 0 0 0
C@CP 2657 0.216846225 -0.136998473 0.268925794 0 0 0
C@CP 2658 -0.292592644 -0.129164678 -0.0300820537 0 0 0
C@CP 2659 0.0387272075 -0.108484631 0.384966123 0 0 0
C@CP 2660 0.157596219 0.37588045 0.00479955299 0 0 0
C@CP 2662 -0.0112944469 0.0605422229 -0.168892267 0 0 0
C@CP 2663 0.382279332 0.245942253 -0.143346819 0 0 0
C@CP 2664 0.112528394 -0.203715086 -0.354391166 0 0 0
C@CP 2665 -0.171290992 0.40765164 -0.022429061 0 0 0
C@CP 2666 0.394570535 -0.0295516431 -0.173823667 0 0 0
C@CP 2667 0.0608942625 0.26400407 -0.350757436 0 0 0
C@CP 2668 0.00872028817 0.370278575 -0.0552561875 0 0 0
C@CP 2669 -0.272649303 0.0216145516 -0.332761211 0 0 0
C@CP 2670 -0.0121050941 -0.234869834 0.220920293 0 0 0
C@CP 2671 0.28078425 -0.215660909 -0.295915755 0 0 0
C@CP 2672 0.00628511205 -0.391594148 0.0728783507 0 0 0
C@CP 2673 0.0993127321 0.0294931177 0.450398779 0 0 0
C@CP 2674 0.128995379 -0.369656961 -0.1989919 0 0 0
C@CP 2675 -0.348536055 0.253840507 0.000302026353 0 0 0
C@CP 2676 0.301662056 0.222437471 -0.13617523 0 0 0
C@CP 2677 0.129604913 0.228875272 0.0187550185 0 0 0
C@CP 2678 0.00808227638 -0.101095846 -0.334810165 0 0 0
C@CP 2679 0.388396515 0.0851097545 -0.161474533 0 0 0
C@CP 2680 -0.0477925617 0.304052793 0.0472251489 0 0 0
C@CP 2681 -0.0172373903 0.289958225 -0.296687105 0 0 0
C@CP 2682 -0.318922491 -0.271704079 0.180659403 0 0 0
C@CP 2683 0.0999084853 -0.197841369 0.14265786 0 0 0
C@CP 2684 -0.292249591 -0.100221173 -0.144456558 0 0 0
C@CP 2685 -0.24097316 0.134161532 -0.0103759758 0 0 0
C@CP 2686 -0.444946624 0.0477612829 0.131862549 0 0 0
C@CP 2687 -0.179230564 -0.259865918 0.316840988 0 0 0
C@CP 2688 0.199171118 0.152164501 0.313358667 0 0 0
C@CP 2689 0.155083728 -0.0762183132 -0.0658999013 0 0 0
C@CP 2690 0.400490824 -0.0648548219 0.224034157 0 0 0
C@CP 2691 -0.0475911884 -0.363353317 -0.195743013 0 0 0
C@CP 2692 -0.158393708 -0.0139635241 -0.416116169 0 0 0
C@CP 2693 0.172507063 -0.0119590583 -0.0647676038 0 0 0
C@CP 2694 0.0601169692 -0.116190682 0.383348704 0 0 0
C@CP 2695 0.248819792 0.276436433 -0.196166697 0 0 0
C@CP 2696 -0.0159561361 -0.160553504 0.174081645 0 0 0
C@CP 2697 0.140114549 0.217683163 0.0414889928 0 0 0
C@CP 2698 -0.299070252 0.0176080728 0.249605697 0 0 0
C@CP 2699 0.249736044 0.165970923 -0.0620474376 0 0 0
C@CP 2700 0.0740732979 -0.241647057 0.110802734 0 0 0
C@CP 2701 0.269062615 0.117638588 -0.363743453 0 0 0
C@CP 2702 0.243626709 -0.265396887 0.155778894 0 0 0
C@CP 2703 0.424012395 0.0317884177 -0.0824906105 0 0 0
C@CP 2704 -0.116910551 -0.352072664 -0.244237754 0 0 0
C@CP 2705 -0.0399449364 -0.409274679 0.0189990432 0 0 0
C@CP 2706 -0.203880104 0.1574882 0.180631695 0 0 0
C@CP 2707 0.311977862 0.0922592181 -0.306857616 0 0 0
C@CP 2708 -0.161486208 -0.336941275 0.253225277 0 0 0
C@CP 2709 0.346310648 -0.270316979 0.092162988 0 0 0
C@CP 2710 0.074150722 -0.0382924316 0.00221366413 0 0 0
C@CP 2711 -0.1394755 -0.170924233 0.197224917 0 0 0
C@CP 2712 -0.192091515 0.147889264 0.278186582 0 0 0
C@CP 2713 0.069164297 -0.0248515431 -0.275359144 0 0 0
C@CP 2714 0.135167027 0.352319689 -0.207787925 0 0 0
C@CP 2715 0.085779256 0.226701579 -0.122090882 0 0 0
C@CP 2716 -0.188044074 -0.167103822 -0.0658749501 0 0 0
C@CP 2717 0.351526663 0.241347642 -0.0306951812 0 0 0
C@CP 2718 -0.317023724 -0.187298221 -0.197460985 0 0 0
C@CP 2719 0.108002335 0.354070234 0.239341873 0 0 0
C@CP 2720 -0.0223815867 -0.430307629 -0.0302525762 0 0 0
C@CP 2721 0.362434344 -0.0613597477 0.288881235 0 0 0
C@CP 2722 0.342714641 0.245884755 0.00850874183 0 0 0
C@CP 2723 0.0847471823 -0.205396649 -0.218316624 0 0 0
C@CP 2724 -0.183911392 0.0967261736 0.159735834 0 0 0
C@CP 2725 0.178608316 -0.0744909546 -0.264013705 0 0 0
C@CP 2726 -0.0473523042 0.130293285 0.424925774 0 0 0
C@CP 2727 -0.298076892 -0.0169062696 0.279178898 0 0 0
C@CP 2728 -0.129678232 0.419303636 0.114385256 0 0 0
C@CP 2729 -0.069277057 -0.130486888 -0.247616003 0 0 0
C@CP 2730 -0.244265963 -0.0895439318 0.283319968 0 0 0
C@CP 2731 -0.255626429 -0.0968502864 -0.19057299 0 0 0
C@CP 2732 0.112070833 0.169677302 0.356959776 0 0 0
C@CP 2733 -0.204758335 0.304567367 0.164726546 0 0 0
C@CP 2734 -0.286297226 -0.232822596 0.279727737 0 0 0
C@CP 2735 -0.25844611 -0.00127246688 0.0988594854 0 0 0
C@CP 2736 -0.0587031722 -0.0625077993 0.404967491 0 0 0
C@CP 2737 -0.389233112 0.212368217 0.00102434512 0 0 0
C@CP 2738 -0.29221157 -0.247168211 0.223414762 0 0 0
C@CP 2739 -0.0944044046 0.11317723 0.109294118 0 0 0
C@CP 2740 -0.0563858425 -0.0943067194 0.237669199 0 0 0
C@CP 2741 0.208037923 0.0646880659 0.00204873982 0 0 0
C@CP 2742 -0.31502088 0.0893080831 -0.225784841 0 0 0
C@CP 2743 0.378270335 -0.0751550357 -0.226872712 0 0 0
C@CP 2744 -0.162730577 -0.212342263 0.0794357244 0 0 0
C@CP 2745 -0.309962365 0.0341982554 0.0959221839 0 0 0
C@CP 2746 -0.357417704 -0.0280411718 0.24503474 0 0 0
C@CP 2747 -0.127348672 -0.0452414641 -0.128472803 0 0 0
C@CP 2748 0.0250617685 0.0666513656 0.443968791 0 0 0
C@CP 2749 0.319626728 -0.301752124 -0.048904303 0 0 0
C@CP 2750 0.246750879 0.0714825183 0.253183824 0 0 0
C@CP 2751 -0.371277682 -0.203926253 0.144033297 0 0 0
C@CP 2752 0.256390012 -0.210518337 -0.269852661 0 0 0
C@CP 2753 -0.222947687 -0.401329502 -0.0887945867 0 0 0
C@CP 2754 0.208563715 0.0612568906 0.135031045 0 0 0
C@CP 2755 -0.138286374 -0.192404256 -0.0380154888 0 0 0
C@CP 2756 0.360295279 0.0888101293 -0.282128101 0 0 0
C@CP 2757 0.263521893 -0.0282477229 -0.3340237 0 0 0
C@CP 2758 -0.202271606 0.131301932 0.312940766 0 0 0
C@CP 2759 -0.281325313 0.272924238 -0.0413625568 0 0 0
C@CP 2760 -0.410221556 0.102738815 -0.0577314376 0 0 0
C@CP 2761 -0.182145967 -0.108352516 -0.0745775218 0 0 0
C@CP 2762 -0.291959956 0.0492166562 0.30028052 0 0 0
C@CP 2763 -0.118913356 -0.361667485 0.0801380585 0 0 0
C@CP 2764 0.265412484 -0.241185844 0.241954867 0 0 0
C@CP 2765 -0.214376569 0.176419735 0.0277178837 0 0 0
C@CP 2766 -0.140027988 0.371491782 0.184947399 0 0 0
C@CP 2767 -0.159221914 -0.0266700824 0.129517861 0 0 0
C@CP 2768 0.478981354 0.00591285991 0.0150933126 0 0 0
C@CP 2769 -0.131217849 -0.132032663 -0.295844271 0 0 0
C@CP 2770 0.237681589 0.10171841 -0.264674868 0 0 0
C@CP 2771 -0.282999246 0.25346307 -0.223409411 0 0 0
C@CP 2772 0.161434638 -0.0313295333 -0.162554891 0 0 0
C@CP 2773 -0.0806207824 -0.313215492 -0.266040147 0 0 0
C@CP 2774 0.323968361 0.00858582831 -0.247439297 0 0 0
C@CP 2775 -0.262106371 -0.10379884 -0.0810805501 0 0 0
C@CP 2776 -0.12749551 0.118752054 -0.139078097 0 0 0
C@CP 2777 0.0305244475 0.146276105 0.204359024 0 0 0
C@CP 2778 -0.242753038 -0.185472691 0.199270477 0 0 0
C@CP 2779 0.363238807 -0.0861877471 0.0268888994 0 0 0
C@CP 2780 -0.127134235 0.0166709568 0.250527836 0 0 0
C@CP 2781 0.125406634 -0.298909335 0.0513702595 0 0 0
C@CP 2782 -0.179686295 0.332457326 -0.275628354 0 0 0
C@CP 2783 -0.209551652 -0.0810998986 -0.206000578 0 0 0
C@CP 2784 0.231973321 0.217292998 -0.0122642142 0 0 0
C@CP 2785 -0.116511695 0.328542463 -0.0928397011 0 0 0
C@CP 2786 -0.0958735669 0.259092805 -0.0854937906 0 0 0
C@CP 2787 0.142688395 -0.105382521 0.161305216 0 0 0
C@CP 2788 0.253745408 0.0396039914 -0.378636569 0 0 0
C@CP 2789 -0.348178238 0.00520670793 0.215092854 0 0 0
C@CP 2790 -0.111938667 0.289557925 0.346855154 0 0 0
C@CP 2791 0.122084322 0.222178822 0.387976446 0 0 0
C@CP 2792 0.0212765262 -0.324231577 0.154975991 0 0 0
C@CP 2793 -0.00772565016 -0.384989704 0.21955653 0 0 0
C@CP 2794 -0.247234041 -0.0552765172 0.209820952 0 0 0
C@CP 2795 -0.243090549 0.0118025012 -0.18217168 0 0 0
C@CP 2796 0.297448841 -0.127286819 0.266348982 0 0 0
C@CP 2797 0.259045599 0.0339915954 0.183103084 0 0 0
C@CP 2798 0.213815375 -0.259440824 0.210032238 0 0 0
C@CP 2799 0.0811363251 0.120855095 0.0979976357 0 0 0
C@CP 2800 0.0717116761 0.25159009 0.291934901 0 0 0
C@CP 2801 0.145164404 0.0107086984 0.0531049738 0 0 0
C@CP 2802 -0.109920413 -0.268295971 -0.242981402 0 0 0
C@CP 2803 -0.327883262 0.0613877251 -0.133828029 0 0 0
C@CP 2804 -0.0970934069 0.338783496 0.254666284 0 0 0
C@CP 2805 0.356035741 -0.140797997 0.00038056109 0 0 0
C@CP 2806 0.213589876 -0.0344003744 -0.370850028 0 0 0
C@CP 2807 0.231610031 0.40170082 -0.0426888458 0 0 0
C@CP 2808 0.165761318 0.233129852 0.117280955 0 0 0
C@CP 2809 -0.305217543 -0.213966447 -0.213391655 0 0 0
C@CP 2810 -0.038383792 -0.192447855 -0.384525175 0 0 0
C@CP 2811 -0.134893223 -0.0727845293 -0.152327462 0 0 0
C@CP 2812 0.0142330973 0.290071436 -0.139625532 0 0 0
C@CP 2813 -0.265350515 -0.183399603 -0.312466254 0 0 0
C@CP 2814 0.459317093 0.0166802365 -0.0849142645 0 0 0
C@CP 2815 0.267728692 -0.0542625735 -0.362297929 0 0 0
C@CP 2816 -0.165254165 -0.331540607 -0.290065946 0 0 0
C@CP 2817 -0.243933077 0.0208492709 -0.143909508 0 0 0
C@CP 2818 -0.185352345 -0.104765838 -0.115623547 0 0 0
C@CP 2819 0.0376721554 -0.184617833 0.18490338 0 0 0
C@CP 2820 0.21423448 -0.0954120964 -0.212479323 0 0 0
C@CP 2821 -0.0524329974 0.315622847 0.157448582 0 0 0
C@CP 2822 0.120351498 -0.297898795 -0.232585333 0 0 0
C@CP 2823 0.121766604 0.406104077 -0.145619939 0 0 0
C@CP 2824 0.185746161 -0.00349011362 0.219365062 0 0 0
C@CP 2825 0.0546072658 -0.0658208623 -0.20839152 0 0 0
C@CP 2826 -0.362527372 -0.148709446 0.0122989183 0 0 0
C@CP 2827 0.0166709767 -0.0014556219 -0.436203774 0 0 0
C@CP 2828 0.00472033053 0.417887215 -0.0964647127 0 0 0
C@CP 2829 0.294259873 -0.0135330407 0.0384404723 0 0 0
C@CP 2830 -0.231911545 0.0398680783 -0.176938799 0 0 0
C@CP 2831 -0.0755900598 -0.245123053 -0.267361882 0 0 0
C@CP 2832 0.113009214 0.0512751933 0.407841758 0 0 0
C@CP 2833 0.157192365 0.0879627005 0.041580756 0 0 0
C@CP 2834 0.111800823 -0.0860155162 -0.130506571 0 0 0
C@CP 2835 -0.0467504101 -0.169281437 0.346889994 0 0 0
C@CP 2836 0.0737959091 0.184376737 0.419503919 0 0 0
C@CP 2837 -0.336448631 0.202483211 0.0558759975 0 0 0
C@CP 2838 -0.1096815 0.07059651 0.185734463 0 0 0
C@CP 2839 -0.319526838 -0.0702539248 0.320605157 0 0 0
C@CP 2840 -0.286781283 -0.111427286 0.192150985 0 0 0
C@CP 2841 0.105694516 -0.332857755 -0.284018164 0 0 0
C@CP 2842 0.266023236 -0.283461068 -0.179788092 0 0 0
C@CP 2843 -0.204432429 -0.200529097 -0.148886613 0 0 0
C@CP 2844 0.360015558 0.0180071368 0.0772071276 0 0 0
C@CP 2845 0.0877947811 -0.0714350547 0.429205495 0 0 0
C@CP 2846 -0.111715911 -0.142623872 -0.231064245 0 0 0
C@CP 2847 -0.0925990677 0.0700070792 0.430901424 0 0 0
C@CP 2848 0.134736456 0.078290633 -0.217920409 0 0 0
C@CP 2849 0.158141306 -0.0487527119 0.125024464 0 0 0
C@CP 2850 -0.00813072924 0.412530533 0.147122251 0 0 0
C@CP 2851 -0.237319753 -0.200908857 -0.22367815 0 0 0
C@CP 2852 0.0445851884 0.396266019 -0.165855634 0 0 0
C@CP 2853 0.10231096 -0.020561929 -0.449229358 0 0 0
C@CP 2854 0.0425551115 -0.392673398 -0.0959869065 0 0 0
C@CP 2855 -0.181250766 -0.033288644 -0.333418877 0 0 0
C@CP 2856 0.178863587 -0.0404643379 0.140990443 0 0 0
C@CP 2857 -0.271060225 0.109493215 0.27904563 0 0 0
C@CP 2858 0.0993236222 0.159653136 -0.427725612 0 0 0
C@CP 2859 -0.021745057 0.0124199137 -0.421921159 0 0 0
C@CP 2860 -0.158351417 0.223001979 -0.143293638 0 0 0
C@CP 2861 0.091999597 0.336724686 0.0926429349 0 0 0
C@CP 2862 -0.0499368379 -0.240056468 -0.270888545 0 0 0
C@CP 2863 0.235302422 0.356662288 0.10472101 0 0 0
C@CP 2864 0.161388332 0.00577741198 0.219170601 0 0 0
C@CP 2865 0.0844348553 -0.139775015 -0.431868098 0 0 0
C@CP 2866 -0.13124405 -0.404475135 -0.0816589819 0 0 0
C@CP 2867 -0.29093755 0.109744905 0.0237251541 0 0 0
C@CP 2868 -0.0204527523 -0.124173823 0.0127514036 0 0 0
C@CP 2869 0.0120885326 -0.308710709 -0.316782123 0 0 0
C@CP 2870 0.147209204 -0.106943214 -0.261426145 0 0 0
C@CP 2871 0.144515272 -0.330892066 -0.16586049 0 0 0
C@CP 2872 -0.0208919894 0.337547608 0.159775304 0 0 0
C@CP 2873 0.029666668 0.0914847477 0.0359536304 0 0 0
C@CP 2874 0.189317981 -0.211172438 -0.325996967 0 0 0
C@CP 2875 -0.299978757 -0.14556996 0.0161050036 0 0 0
C@CP 2876 0.418366256 0.11844528 -0.0785430828 0 0 0
C@CP 2877 -0.0680247378 0.306457619 -0.312278455 0 0 0
C@CP 2878 0.302788221 -0.200324301 0.121240737 0 0 0
C@CP 2879 0.0894792115 0.0271682734 -0.329333209 0 0 0
C@CP 2880 -0.00415865666 -0.268109815 0.192672701 0 0 0
C@CP 2881 -0.219868415 0.363020825 0.0913684398 0 0 0
C@CP 2882 -0.186582522 0.32721547 0.0358288695 0 0 0
C@CP 2883 0.285821728 -0.00374719499 0.169211074 0 0 0
C@CP 2884 -0.340463775 0.15566277 0.203155394 0 0 0
C@CP 2885 0.341672922 -0.183040479 0.0468445409 0 0 0
C@CP 2886 0.342481537 0.228980974 -0.102332921 0 0 0
C@CP 2887 0.117788512 -0.333076561 -0.312527425 0 0 0
C@CP 2888 -0.309715388 -0.182248261 -0.17877115 0 0 0
C@CP 2889 -0.0450288644 0.374466917 -0.0504522727 0 0 0
C@CP 2890 -0.0893390895 0.368974952 -0.178720901 0 0 0
C@CP 2891 0.215901736 -0.0697878629 0.409172344 0 0 0
C@CP 2892 -0.240147573 0.0209687515 0.387019254 0 0 0
C@CP 2893 0.169594581 -0.00120534566 -0.12382551 0 0 0
C@CP 2894 0.31457405 0.307719411 -0.00698878447 0 0 0
C@CP 2895 0.182217461 -0.196852146 0.343375221 0 0 0
C@CP 2896 0.267469457 0.122781189 -0.137622978 0 0 0
C@CP 2897 0.0999078353 -0.241578848 0.170597504 0 0 0
C@CP 2898 0.08290551 -0.0531251405 0.0861157711 0 0 0
C@CP 2899 -0.144965765 0.173700277 -0.30733698 0 0 0
C@CP 2900 0.207435636 -0.398704289 -0.129821286 0 0 0
C@CP 2901 0.369990175 -0.169278068 -0.224226768 0 0 0
C@CP 2902 0.106820399 -0.186016732 0.131762157 0 0 0
C@CP 2903 0.285248784 -0.207614896 0.254024978 0 0 0
C@CP 2904 -0.109066944 0.186726152 -0.3621575 0 0 0
C@CP 2905 -0.0396910383 -0.0181373828 -0.399741975 0 0 0
C@CP 2906 0.410817372 0.135370317 -0.00649412376 0 0 0
C@CP 2907 -0.160055151 -0.000486791374 0.268397689 0 0 0
C@CP 2908 0.323606694 0.120798181 -0.284403191 0 0 0
C@CP 2909 -0.420181688 -0.0825153849 -0.00387461583 0 0 0
C@CP 2910 -0.275470103 0.0849040645 -0.311154386 0 0 0
C@CP 2911 0.0249564438 -0.212293036 -0.295441437 0 0 0
C@CP 2912 0.0904497125 -0.355127859 0.0334412893 0 0 0
C@CP 2913 -0.37841577 -0.109891731 0.180369224 0 0 0
C@CP 2914 -0.319476646 0.0690188154 -0.278693168 0 0 0
C@CP 2915 -0.204161259 0.303310249 -0.251761752 0 0 0
C@CP 2916 -0.162515208 -0.0312826437 -0.175795852 0 0 0
C@CP 2917 -0.0942832569 0.346440186 -0.170212354 0 0 0
C@CP 2918 -0.0826101409 -0.185893295 -0.127109796 0 0 0
C@CP 2919 -0.262458914 0.101785153 -0.278558574 0 0 0
C@CP 2920 0.159680949 -0.11121802 0.332868096 0 0 0
C@CP 2921 0.186972465 -0.200996683 0.275664613 0 0 0
C@CP 2922 0.0857022563 -0.35477159 -0.00244437132 0 0 0
C@CP 2923 0.237022556 -0.337246069 0.220040877 0 0 0
C@CP 2924 -0.0119826102 0.282382463 0.00632962367 0 0 0
C@CP 2925 0.248988066 0.088065258 -0.16323217 0 0 0
C@CP 2926 0.203754982 -0.0670441523 0.178064556 0 0 0
C@CP 2927 0.182579242 -0.237830456 -0.0560120919 0 0 0
C@CP 2928 -0.125696937 0.186466667 0.270714885 0 0 0
C@CP 2929 -0.0421403969 -0.0640663065 0.0504093536 0 0 0
C@CP 2930 0.0880592747 -0.0479808657 -0.15842013 0 0 0
C@CP 2931 0.0526291177 -0.170205312 -0.268972153 0 0 0
C@CP 2932 0.228147019 -0.00161335948 -0.205780576 0 0 0
C@CP 2933 0.337418515 -0.238723013 -0.205845281 0 0 0
C@CP 2934 -0.373851134 -0.109608073 0.0302733249 0 0 0
C@CP 2935 -0.140205961 0.251851817 -0.119676772 0 0 0
C@CP 2936 -0.0915525969 -0.109502822 0.249913298 0 0 0
C@CP 2937 -0.287897491 0.196558933 -0.274608826 0 0 0
C@CP 2938 0.244243 0.0929548117 -0.328988489 0 0 0
C@CP 2939 0.0609479681 -0.2751339 -0.198117695 0 0 0
C@CP 2940 -0.0998211414 0.362481479 -0.0432271459 0 0 0
C@CP 2941 -0.116083296 0.105714009 0.311684127 0 0 0
C@CP 2942 -0.34044975 0.0335434476 0.310477069 0 0 0
C@CP 2943 -0.133935118 -0.429003992 0.12183712 0 0 0
C@CP 2944 0.167296306 0.023504384 -0.0729637642 0 0 0
C@CP 2945 0.115677889 0.154720659 -0.0380581481 0 0 0
C@CP 2946 0.0745976722 0.103679526 -0.326630672 0 0 0
C@CP 2947 0.21469232 0.211985324 0.276939613 0 0 0
C@CP 2948 -0.0408412545 -0.101938154 0.383816767 0 0 0
C@CP 2949 -0.105089889 0.245587833 0.213455397 0 0 0
C@CP 2950 -0.0176332439 0.422586859 -0.0521939388 0 0 0
C@CP 2951 0.195107688 0.0837343516 0.0409554403 0 0 0
C@CP 2952 -0.146716341 0.0359534874 -0.367770564 0 0 0
C@CP 2953 -0.242005221 0.0847998326 0.280907327 0 0 0
C@CP 2954 0.126908619 -0.29729694 0.0344311613 0 0 0
C@CP 2955 -0.221269696 0.189336871 0.363853408 0 0 0
C@CP 2956 -0.138049336 0.0598173994 0.171060591 0 0 0
C@CP 2957 -0.295995642 0.0771713776 -0.207842835 0 0 0
C@CP 2958 -0.106777748 -0.105938263 -0.315624974 0 0 0
C@CP 2959 0.0296495119 0.052549891 -0.0179000386 0 0 0
C@CP 2960 0.313925017 0.202138927 0.215935389 0 0 0
C@CP 2961 -0.371086268 0.0986125889 -0.249369057 0 0 0
C@CP 2962 0.181826491 -0.0377659492 -0.152131592 0 0 0
C@CP 2963 0.129344988 -0.0298823994 0.0523039729 0 0 0
C@CP 2964 0.0831649409 0.222411875 0.0922200457 0 0 0
C@CP 2965 -0.236985391 -0.114537803 -0.12274794 0 0 0
C@CP 2966 -0.341774833 0.0156833775 -0.222433742 0 0 0
C@CP 2967 -0.365000958 -0.284893342 0.0787003202 0 0 0
C@CP 2968 0.112562083 0.21426574 -0.0104318428 0 0 0
C@CP 2969 -0.115568063 -0.0253968316 0.416926975 0 0 0
C@CP 2970 -0.0593293165 0.211843429 0.248629675 0 0 0
C@CP 2971 0.313752959 -0.00185814077 -0.340318543 0 0 0
C@CP 2972 -0.0209058251 -0.120424022 0.024769444 0 0 0
C@CP 2973 0.0458430002 -0.388623176 0.0918656931 0 0 0
C@CP 2974 0.277510687 -0.396129029 -0.00970691467 0 0 0
C@CP 2975 0.0653646635 -0.325196264 -0.0727675403 0 0 0
C@CP 2976 -0.131488304 0.217758998 0.321000778 0 0 0
C@CP 2977 0.244914956 0.1043583 -0.315304742 0 0 0
C@CP 2978 -0.0179110243 -0.217834248 0.124373144 0 0 0
C@CP 2979 -0.301254914 0.289980389 -0.011486372 0 0 0
C@CP 2980 -0.172330031 -0.107879691 0.38219176 0 0 0
C@CP 2981 -0.204164664 0.316030338 0.0768433596 0 0 0
C@CP 2982 0.180923474 0.32489647 0.15952349 0 0 0
C@CP 2983 -0.324681991 -0.13260414 -0.0694978152 0 0 0
C@CP 2984 0.0381168355 0.0674341423 0.386874759 0 0 0
C@CP 2985 0.115955187 0.117109489 -0.351384936 0 0 0
C@CP 2986 0.112094106 0.0239284855 0.369360722 0 0 0
C@CP 2987 -0.0367224287 -0.254906159 -0.312384928 0 0 0
C@CP 2988 -0.0236646624 -0.0977771687 -0.12177694 0 0 0
C@CP 2989 -0.19752511 -0.0924839126 0.260004558 0 0 0
C@CP 2990 0.285370304 0.277691437 0.140334241 0 0 0
C@CP 2991 -0.119856156 -0.0293085398 -0.341177089 0 0 0
C@CP 2992 -0.167962801 -0.245003663 -0.326080698 0 0 0
C@CP 2993 -0.0122608124 -0.123575846 0.21285631 0 0 0
C@CP 2994 -0.0879793881 -0.0894855345 -0.0282748054 0 0 0
C@CP 2995 -0.153618103 0.0447224179 0.374190702 0 0 0
C@CP 2996 0.00021328694 -0.258439826 0.406203658 0 0 0
C@CP 2997 -0.0893445751 0.0873487361 0.362054668 0 0 0
C@CP 2998 -0.150170856 -0.289836807 -0.308253435 0 0 0
C@CP 2999 0.00117510085 0.112202182 0.1849712 0 0 0
C@CP 3000 0.21301823 -0.0559248935 0.304108715 0 0 0
C@CP 3001 -0.196929524 0.0154102358 0.0512960121 0 0 0
C@CP 3002 -0.142098938 0.116148766 -0.356675115 0 0 0
C@CP 3003 0.159131276 -0.0577105041 -0.0734271071 0 0 0
C@CP 3004 -0.311135212 -0.102783187 -0.0478104804 0 0 0
C@CP 3005 -0.290052308 0.0526956346 0.154934533 0 0 0
C@CP 3006 -0.200000774 0.179323287 0.0155711519 0 0 0
C@CP 3007 -0.214338492 -0.170129255 0.152932117 0 0 0
C@CP 3008 0.233556705 -0.196444678 0.223318699 0 0 0
C@CP 3009 0.424520725 0.157292856 0.00608315179 0 0 0
C@CP 3010 0.15459782 0.278970342 -0.11765763 0 0 0
C@CP 3011 0.259879983 -0.147357763 0.229806346 0 0 0
C@CP 3012 -0.18565148 -0.159802693 0.0687923919 0 0 0
C@CP 3013 0.0147034951 0.370412285 -0.11172004 0 0 0
C@CP 3014 0.323330301 -0.0286459943 0.140878369 0 0 0
C@CP 3015 -0.0991144039 0.163688532 0.341169896 0 0 0
C@CP 3016 -0.219888451 0.00565954964 0.136583523 0 0 0
C@CP 3017 0.208917717 -0.15341226 0.207545517 0 0 0
C@CP 3018 0.155038383 -0.0552100008 0.224521599 0 0 0
C@CP 3019 0.0959361784 0.091643559 -0.305398124 0 0 0
C@CP 3020 -0.0990653896 -0.11349929 -0.00696968374 0 0 0
C@CP 3021 0.383312688 -0.00131550683 -0.1385256 0 0 0
C@CP 3022 0.226511115 -0.0525133505 0.305490713 0 0 0
C@CP 3023 0.383880159 -0.030297742 0.260074456 0 0 0
C@CP 3024 -0.0949784366 -0.163944522 -0.00780920766 0 0 0
C@CP 3025 0.403220768 -0.0774541206 0.0458901932 0 0 0
C@CP 3026 -0.410946718 -0.0844890912 0.14458763 0 0 0
C@CP 3027 -0.060853452 -0.308030933 0.210034341 0 0 0
C@CP 3028 -0.355480318 0.299175597 -0.0722318113 0 0 0
C@CP 3029 0.138164583 -0.0161565731 -0.423331983 0 0 0
C@CP 3030 -0.153163932 0.109387803 -0.258467307 0 0 0
C@CP 3031 -0.461883124 -0.0115867287 -0.0688117124 0 0 0
C@CP 3032 -0.0659219569 -0.230129127 0.265154693 0 0 0
C@CP 3033 -0.033295898 -0.255213355 0.314618722 0 0 0
C@CP 3034 -0.220283516 -0.0280476541 -0.356539459 0 0 0
C@CP 3035 -0.385613374 0.0679243228 0.226209016 0 0 0
C@CP 3036 0.0506620034 0.389638403 0.031558093 0 0 0
C@CP 3037 -0.102670123 0.0777338945 -0.176994164 0 0 0
C@CP 3038 -0.0614461557 -0.446678058 0.0920839559 0 0 0
C@CP 3039 -0.0197644955 -0.175973317 0.156867155 0 0 0
C@CP 3040 -0.249937781 0.355604792 -0.140229276 0 0 0
C@CP 3041 0.225920441 -0.169780483 0.0147957054 0 0 0
C@CP 3042 -0.0990500848 0.297312303 -0.0484314456 0 0 0
C@CP 3043 0.135628301 0.369201723 0.24306633 0 0 0
C@CP 3044 -0.0996276593 -0.104006287 0.091352501 0 0 0
C@CP 3045 0.296768813 -0.0455799722 -0.265928395 0 0 0
C@CP 3046 0.0136277504 0.313710287 0.0102336571 0 0 0
C@CP 3047 0.187505737 -0.100265047 0.318615174 0 0 0
C@CP 3048 -0.0609145799 -0.0554335326 0.145970098 0 0 0
C@CP 3049 0.10363271 0.387419421 0.0938757825 0 0 0
C@CP 3050 0.0820543522 -0.193293038 0.0641125206 0 0 0
C@CP 3051 -0.366753729 0.0163753802 -0.102331651 0 0 0
C@CP 3052 0.216742907 -0.00437793781 0.19037975 0 0 0
C@CP 3053 0.354719343 -0.0649405286 0.0254527101 0 0 0
C@CP 3054 0.194954858 0.316441619 -0.0332003046 0 0 0
C@CP 3055 -0.100853013 -0.40609895 -0.190346772 0 0 0
C@CP 3056 0.260729762 0.147653476 0.357344447 0 0 0
C@CP 3057 0.128859127 0.15275048 -0.0522030046 0 0 0
C@CP 3058 -0.14095771 0.133508618 0.296719558 0 0 0
C@CP 3059 -0.164540917 0.170393827 -0.174321774 0 0 0
C@CP 3060 -0.244900058 -0.0817454581 0.115781462 0 0 0
C@CP 3061 -0.0611371551 0.0886237518 0.357021856 0 0 0
C@CP 3062 0.105905724 0.299468426 0.126830767 0 0 0
C@CP 3063 -0.0125160314 0.0558109209 -0.337706897 0 0 0
C@CP 3064 -0.0876191545 -0.12337193 -0.253154238 0 0 0
C@CP 3065 -0.333492663 -0.191701839 0.233014295 0 0 0
C@CP 3066 0.0951609142 -0.38237831 0.0173599874 0 0 0
C@CP 3067 0.16010176 -0.0635259492 -0.31503637 0 0 0
C@CP 3068 0.155691479 -0.132468587 0.046731091 0 0 0
C@CP 3069 -0.224691088 -0.386753536 0.0877700688 0 0 0
C@CP 3070 0.016944457 -0.354077203 0.299689452 0 0 0
C@CP 3071 0.0162908117 0.136248512 0.397189223 0 0 0
C@CP 3072 -0.0883930142 -0.0889736044 -0.0125151199 0 0 0
C@CP 3073 0.234573752 0.0396851497 0.297055006 0 0 0
C@CP 3074 -0.0546867014 -0.225918256 0.256866548 0 0 0
C@CP 3075 0.0168314523 -0.172947045 -0.366717094 0 0 0
C@CP 3076 0.152995067 -0.17250942 -0.31236271 0 0 0
C@CP 3077 0.0470430503 -0.298112743 -0.212621553 0 0 0
C@CP 3078 -0.0968015606 -0.43653016 0.045222946 0 0 0
C@CP 3079 -0.0565936648 0.0841872286 -0.213133988 0 0 0
C@CP 3080 -0.0188022414 0.258745434 -0.323683918 0 0 0
C@CP 3081 -0.290222456 -0.275685528 0.0634215767 0 0 0
C@CP 3082 -0.0619813195 0.37777372 0.241015168 0 0 0
C@CP 3083 0.401638426 0.0814470337 0.0987738713 0 0 0
C@CP 3084 0.222880536 0.157857289 0.172730906 0 0 0
C@CP 3085 -0.165079973 -0.404280236 0.108442888 0 0 0
C@CP 3086 -0.243406519 0.101372918 -0.179999453 0 0 0
C@CP 3087 -0.251719416 -0.124753116 0.0852850942 0 0 0
C@CP 3088 0.333274366 0.0715775615 0.202501504 0 0 0
C@CP 3089 0.241742152 0.191144631 -0.225608448 0 0 0
C@CP 3090 0.0124843298 -0.0559881371 0.01742885 0 0 0
C@CP 3091 0.0879783291 -0.342526676 -0.0636654044 0 0 0
C@CP 3092 -0.441966904 0.0299255934 -0.0813796962 0 0 0
C@CP 3093 -0.110565277 -0.0620478089 0.330340556 0 0 0
C@CP 3094 0.241047785 0.157055659 -0.153526357 0 0 0
C@CP 3095 0.137933959 -0.227344009 -0.183014627 0 0 0
C@CP 3096 0.241390948 0.326089919 -0.0853883711 0 0 0
C@CP 3097 -0.012940332 0.408377143 0.0236249345 0 0 0
C@CP 3098 -0.0725018647 -0.38482614 0.207409547 0 0 0
C@CP 3099 0.137236548 0.0841315314 -0.309964515 0 0 0
C@CP 3100 -0.105879586 -0.33287894 -0.102554763 0 0 0
C@CP 3101 0.153262955 -0.00764709209 0.406636189 0 0 0
C@CP 3102 -0.0324296772 0.0532789433 -0.00281172608 0 0 0
C@CP 3103 -0.193690818 -0.190601137 0.108287338 0 0 0
C@CP 3104 -0.024243476 -0.393615777 -0.11160746 0 0 0
C@CP 3105 -0.123348169 -0.410538911 0.195618248 0 0 0
C@CP 3106 -0.0791363739 0.350510261 0.121245087 0 0 0
C@CP 3107 0.0187847969 -0.290762561 0.367016088 0 0 0
C@CP 3108 0.194200324 -0.250042351 0.0126446521 0 0 0
C@CP 3109 -0.291459359 0.132295476 0.0247566103 0 0 0
C@CP 3110 0.445850814 0.0857044307 -0.0380529339 0 0 0
C@CP 3111 0.103120637 -0.0824540921 -0.315210165 0 0 0
C@CP 3112 -0.0253373322 -0.0512854304 -0.288435622 0 0 0
C@CP 3113 0.0936841402 0.0856377267 -0.178756614 0 0 0
C@CP 3114 0.330661217 0.0427584648 0.227324866 0 0 0
C@CP 3115 0.09306463 0.00125906839 0.421556976 0 0 0
C@CP 3116 0.335514271 -0.116453742 0.0617921219 0 0 0
C@CP 3117 0.0227412544 -0.0110378779 -0.183848694 0 0 0
C@CP 3118 -0.0722661701 0.0498638971 0.101844278 0 0 0
C@CP 3119 0.241848033 -0.0852602884 -0.109792312 0 0 0
C@CP 3120 0.0600361668 -0.321805866 0.302905144 0 0 0
C@CP 3121 -0.193713775 0.254478613 0.0151206835 0 0 0
C@CP 3122 -0.118887217 0.260576753 0.305075101 0 0 0
C@CP 3123 0.255695182 -0.213102159 0.21835376 0 0 0
C@CP 3124 -0.340931474 0.275383105 0.0639452258 0 0 0
C@CP 3125 0.0867858455 -0.300236447 0.106241898 0 0 0
C@CP 3126 0.00871101422 0.342736639 -0.313048629 0 0 0
C@CP 3127 -0.145543873 0.21247076 0.234570926 0 0 0
C@CP 3128 -0.135690293 -0.221026155 0.190206719 0 0 0
C@CP 3129 -0.0906948028 0.156830356 -0.0511352654 0 0 0
C@CP 3130 0.122655426 -0.404606335 0.0307107466 0 0 0
C@CP 3131 -0.220524536 0.220722706 -0.295254127 0 0 0
C@CP 3132 -0.0599870639 -0.261035078 0.206630822 0 0 0
C@CP 3133 -0.29687906 0.273529023 -0.135386837 0 0 0
C@CP 3134 -0.025262154 0.106230899 0.185871137 0 0 0
C@CP 3135 0.200064717 0.278456384 0.225450677 0 0 0
C@CP 3136 0.279762871 0.00757460128 0.0558223478 0 0 0
C@CP 3137 -0.277165824 0.286930357 -0.181522962 0 0 0
C@CP 3138 -0.0884344022 0.286020544 0.221960695 0 0 0
C@CP 3139 0.116766551 0.376956521 0.258740826 0 0 0
C@CP 3140 0.0224461753 -0.28336746 0.144868243 0 0 0
C@CP 3141 -0.279744847 0.20164739 -0.126414822 0 0 0
C@CP 3142 0.248116222 -0.215073688 -0.118028019 0 0 0
C@CP 3143 0.313460559 -0.26270729 0.057259593 0 0 0
C@CP 3144 0.0844494432 0.0298424857 -0.251773281 0 0 0
C@CP 3145 -0.0940857069 -0.295769838 -0.206779871 0 0 0
C@CP 3146 -0.118568531 0.0226333583 -0.340024709 0 0 0
C@CP 3147 -0.292765301 -0.0545588286 -0.0848226713 0 0 0
C@CP 3148 -0.119585054 -0.217259795 -0.0747473898 0 0 0
C@CP 3149 -0.0846675879 -0.0595281649 -0.000884209668 0 0 0
C@CP 3150 0.0390772871 0.16509282 0.322921198 0 0 0
C@CP 3151 -0.136376579 -0.357754789 0.0125188563 0 0 0
C@CP 3152 0.162389997 0.0717306754 -0.0421576717 0 0 0
C@CP 3153 0.299662449 0.287122058 -0.0565801986 0 0 0
C@CP 3154 -0.0978403042 -0.360415383 -0.156097559 0 0 0
C@CP 3155 0.0498761099 -0.230457453 -0.0420211381 0 0 0
C@CP 3156 -0.0969838556 -0.138944255 -0.423637785 0 0 0
C@CP 3157 -0.330687183 0.185277807 -0.182048554 0 0 0
C@CP 3158 0.268008398 -0.130530085 0.241981228 0 0 0
C@CP 3159 -0.0582959873 -0.220897816 0.2971145 0 0 0
C@CP 3160 -0.259529051 0.154576071 0.16603522 0 0 0
C@CP 3161 0.171303706 0.290872293 0.159412103 0 0 0
C@CP 3162 -0.286294989 -0.267574548 -0.0870240546 0 0 0
C@CP 3163 -0.156832554 0.161161346 0.12877585 0 0 0
C@CP 3164 -0.211469307 0.0639767975 -0.168406811 0 0 0
C@CP 3165 -0.135226777 -0.0247014119 -0.247652575 0 0 0
C@CP 3166 -0.0644135003 0.229053064 0.369959053 0 0 0
C@CP 3167 -0.145941513 -0.24421026 -0.0791727984 0 0 0
C@CP 3168 -0.114453236 -0.16690373 -0.159859347 0 0 0
C@CP 3169 0.126521902 0.237904838 0.146548853 0 0 0
C@CP 3170 -0.220932411 -0.155422154 -0.350189603 0 0 0
C@CP 3171 0.373116775 -0.0878992622 -0.0227378388 0 0 0
C@CP 3172 -0.183183402 0.289056918 -0.216635079 0 0 0
C@CP 3173 0.249226026 -0.125592154 -0.194959168 0 0 0
C@CP 3174 -0.360033577 -0.199363119 0.0880773407 0 0 0
C@CP 3175 -0.298257704 0.0863698559 -0.0406052209 0 0 0
C@CP 3176 -0.131490056 0.281351867 -0.036582303 0 0 0
C@CP 3177 0.371290441 0.181589279 0.0268938638 0 0 0
C@CP 3178 -0.121115682 -0.331481186 -0.0734248635 0 0 0
C@CP 3179 -0.279736019 0.143722871 0.070405956 0 0 0
C@CP 3180 -0.0524743815 0.11581497 0.350137566 0 0 0
C@CP 3181 -0.326682849 -0.073324131 -0.012769966 0 0 0
C@CP 3182 0.349198281 0.143270837 -0.086999166 0 0 0
C@CP 3183 -0.085665814 0.214497767 -0.365167198 0 0 0
C@CP 3184 -0.346618294 0.0381593713 0.175205534 0 0 0
C@CP 3185 0.137730873 0.180014272 0.2074175 0 0 0
C@CP 3186 -0.105603822 -0.00664996284 0.338521216 0 0 0
C@CP 3187 0.051426795 -0.2568654 0.194965745 0 0 0
C@CP 3188 0.155047588 0.382006004 0.228099627 0 0 0
C@CP 3189 -0.0859783823 0.20030862 -0.249024961 0 0 0
C@CP 3190 0.217740356 0.242229959 -0.237625572 0 0 0
C@CP 3191 -0.0433815389 -0.0614024854 0.436991848 0 0 0
C@CP 3192 0.195819455 -0.358959466 -0.18336104 0 0 0
C@CP 3193 -0.119991189 0.122583231 -0.132284997 0 0 0
C@CP 3194 0.354011804 -0.0550417291 -0.125843418 0 0 0
C@CP 3195 0.363820715 -0.238609695 -0.162348006 0 0 0
C@CP 3196 -0.120156541 -0.253521696 -0.0312036752 0 0 0
C@CP 3197 -0.00296900216 -0.274630253 0.362270817 0 0 0
C@CP 3198 -0.31291995 0.00523876867 -0.185708369 0 0 0
C@CP 3199 -0.00604076744 -0.234728849 0.331494087 0 0 0
C@CP 3200 -0.0699901953 -0.129885643 0.323250804 0 0 0
C@CP 3201 -0.264715154 -0.30646669 0.129400716 0 0 0
C@CP 3202 -0.165634674 -0.0838643202 -0.101610962 0 0 0
C@CP 3203 -0.112731232 -0.345497864 -0.0807162374 0 0 0
C@CP 3204 0.28090094 0.153429635 -0.254927657 0 0 0
C@CP 3205 0.163381221 -0.0943024742 -0.00157046803 0 0 0
C@CP 3206 -0.362470405 0.050579064 -0.0648898396 0 0 0
C@CP 3207 0.162671328 -0.0259407404 -0.141908026 0 0 0
C@CP 3208 0.0883008615 0.054889082 0.165518301 0 0 0
C@CP 3209 -0.391527517 0.154085562 0.19180111 0 0 0
C@CP 3210 0.0362036182 0.423380853 0.143475902 0 0 0
C@CP 3211 -0.212174924 -0.0655448591 -0.234931194 0 0 0
C@CP 3212 -0.151209308 0.200919433 -0.268620239 0 0 0
C@CP 3213 -0.427092576 -0.0204509933 -0.0436081914 0 0 0
C@CP 3214 0.0751975016 -0.276938564 -0.2573475 0 0 0
C@CP 3215 -0.297590048 0.126614391 -0.262657703 0 0 0
C@CP 3216 0.15077832 0.236474928 -0.306697088 0 0 0
C@CP 3217 -0.00150716951 -0.277273839 -0.161523426 0 0 0
C@CP 3218 -0.0205157438 -0.118267316 0.212297762 0 0 0
C@CP 3219 -0.43719113 0.00680520037 0.00397236038 0 0 0
C@CP 3220 0.209962732 0.182292244 0.21946743 0 0 0
C@CP 3221 0.356330533 -0.0137010329 -0.029170163 0 0 0
C@CP 3222 0.334184945 -0.175320821 -0.200570532 0 0 0
C@CP 3223 -0.110136658 -0.294892304 0.0483487884 0 0 0
C@CP 3224 -0.158286192 0.355277085 0.0230789691 0 0 0
C@CP 3225 -0.083312302 -0.437279946 -0.0503332327 0 0 0
C@CP 3226 -0.374361432 0.0596629641 -0.157563431 0 0 0
C@CP 3227 0.399231373 0.0763733972 0.208401111 0 0 0
C@CP 3228 -0.401304467 0.238135295 -0.0670868553 0 0 0
C@CP 3229 0.104603002 0.147301726 0.0888520826 0 0 0
C@CP 3230 0.108332734 -0.122834955 -0.337659517 0 0 0
C@CP 3231 0.375454535 -0.138886067 0.190054334 0 0 0
C@CP 3232 0.0348363277 -0.345659222 0.189803851 0 0 0
C@CP 3233 -0.0178807889 0.145737628 0.127585392 0 0 0
C@CP 3234 0.357452876 -0.125111474 0.158827822 0 0 0
C@CP 3235 -0.145397934 -0.0582986129 -0.109524062 0 0 0
C@CP 3236 0.453906419 -0.0061810159 -0.0458607429 0 0 0
C@CP 3237 0.212585791 -0.00864437918 0.148602248 0 0 0
C@CP 3238 -0.0143534798 -0.250569385 -0.352985414 0 0 0
C@CP 3239 -0.0191219689 0.0390404658 0.284638525 0 0 0
C@CP 3240 0.282443689 -0.316659941 -0.0670344386 0 0 0
C@CP 3241 -0.0884674387 0.325385356 0.0282953234 0 0 0
C@CP 3242 0.1851836 0.247097633 -0.145909888 0 0 0
C@CP 3243 0.0660837731 0.290968841 -0.30550793 0 0 0
C@CP 3244 0.157020593 0.116514084 -0.41777947 0 0 0
C@CP 3245 -0.233146915 -0.211793388 -0.0866731408 0 0 0
C@CP 3246 -6.75772333e-05 0.365299084 -0.0913510538 0 0 0
C@CP 3247 0.198247918 -0.350253193 -0.0713382775 0 0 0
C@CP 3248 0.318128501 -0.245430016 -0.0420437414 0 0 0
C@CP 3249 -0.12077255 -0.223515924 0.30990345 0 0 0
C@CP 3250 0.0484056062 -0.339878079 -0.176358847 0 0 0
C@CP 3251 -0.259072021 0.21204366 0.1124609 0 0 0
C@CP 3252 -0.182252534 0.301472617 0.0143567146 0 0 0
C@CP 3253 0.249895135 0.12211707 -0.156770754 0 0 0
C@CP 3254 -0.419874554 -0.0715057094 0.127527973 0 0 0
C@CP 3255 -0.368461596 0.201398949 -0.216123965 0 0 0
C@CP 3256 0.125714564 0.0938660734 -0.00339572792 0 0 0
C@CP 3257 -0.119906068 0.0884500619 0.025223618 0 0 0
C@CP 3258 0.0771782424 0.0045184852 0.460518897 0 0 0
C@CP 3259 -0.230324471 0.264156436 -0.199443749 0 0 0
C@CP 3260 0.114694091 0.110236374 0.125470462 0 0 0
C@CP 3261 0.0438440348 -0.220081492 -0.0191089066 0 0 0
C@CP 3262 -0.142837087 -0.256439786 0.290371451 0 0 0
C@CP 3263 -0.45831644 -0.0491696295 -0.0597806962 0 0 0
C@CP 3264 -0.154050237 -0.307104234 -0.244990999 0 0 0
C@CP 3265 0.0233871111 -0.176180495 0.251105067 0 0 0
C@CP 3266 -0.0413285131 -0.326847859 0.0331107073 0 0 0
C@CP 3267 0.354669883 0.253025841 -0.105485979 0 0 0
C@CP 3268 -0.339795888 0.18289687 0.0313425727 0 0 0
C@CP 3269 0.100583905 -0.384296234 0.150409367 0 0 0
C@CP 3270 -0.1176062 0.0579973079 -0.186422002 0 0 0
C@CP 3271 0.186001171 0.0574497182 0.134017167 0 0 0
C@CP 3272 0.1903307 0.291422062 0.0569639902 0 0 0
C@CP 3273 -0.164009775 -0.158078636 0.180786247 0 0 0
C@CP 3274 0.125351205 -0.254332395 -0.221062213 0 0 0
C@CP 3275 -0.0604589706 0.0238463512 0.215761397 0 0 0
C@CP 3276 0.0297710397 -0.198532747 -0.369025243 0 0 0
C@CP 3277 0.094338925 0.235678367 -0.220663927 0 0 0
C@CP 3278 -0.207461321 0.321126413 -0.0755185464 0 0 0
C@CP 3279 0.224733808 -0.206161703 -0.338719015 0 0 0
C@CP 3280 -0.247598124 0.183819915 0.165406357 0 0 0
C@CP 3281 -0.170386224 0.402083784 0.0323489789 0 0 0
C@CP 3282 -0.0832835985 -0.0276418135 -0.211438869 0 0 0
C@CP 3283 -0.0922843994 0.297003871 -0.0797926341 0 0 0
C@CP 3284 0.212785027 -0.0359502331 0.354247896 0 0 0
C@CP 3285 0.107507617 0.104267739 0.269484846 0 0 0
C@CP 3286 -0.0735895049 0.235164697 -0.311005264 0 0 0
C@CP 3287 -0.0488473512 -0.149180215 -0.180894136 0 0 0
C@CP 3288 -0.147665583 -0.116976469 -0.220248607 0 0 0
C@CP 3289 0.0864166577 0.436546246 -0.0427436628 0 0 0
C@CP 3290 0.0812775189 -0.458815858 0.0283429855 0 0 0
C@CP 3291 0.1491419 0.167116213 0.372548097 0 0 0
C@CP 3292 -0.0666040579 0.221315597 -0.137204097 0 0 0
C@CP 3293 -0.415357049 -0.190067388 -0.129642102 0 0 0
C@CP 3295 0.110181912 0.364378899 -0.158732973 0 0 0
C@CP 3296 0.401787338 -0.151178673 -0.126074626 0 0 0
C@CP 3297 -0.304153455 -0.234613719 0.22220797 0 0 0
C@CP 3298 0.152166009 -0.00349265046 -0.403621906 0 0 0
C@CP 3299 0.137651708 0.193490025 -0.326035991 0 0 0
C@CP 3300 -0.353289061 0.053396193 0.200910815 0 0 0
C@CP 3301 -0.196191817 0.0467833975 0.408597048 0 0 0
C@CP 3302 -0.00793933604 -0.132496602 0.31153385 0 0 0
C@CP 3303 0.307990454 -0.153546954 -0.0322810374 0 0 0
C@CP 3304 0.0640521308 0.373831055 -0.218445738 0 0 0
C@CP 3305 -0.220250683 0.130758948 0.0325481497 0 0 0
C@CP 3306 0.285957423 0.0320043389 0.337561079 0 0 0
C@CP 3307 -0.245107106 0.131014218 -0.191140779 0 0 0
C@CP 3308 -0.0825494935 -0.252957815 -0.1743933 0 0 0
C@CP 3309 -0.32031593 -0.217641086 0.171002438 0 0 0
C@CP 3310 0.000431553654 -0.159767854 0.148389506 0 0 0
C@CP 3311 -0.0669272922 0.150706859 -0.208788288 0 0 0
C@CP 3312 0.0991777169 -0.114598528 -0.0652090535 0 0 0
C@CP 3313 0.0907122851 0.176152586 -0.314410641 0 0 0
C@CP 3314 -0.0850062929 0.433361153 -0.0156427955 0 0 0
C@CP 3315 -0.0884503727 0.315707987 0.0356425816 0 0 0
C@CP 3316 0.262439132 -0.00985694018 -0.0582777501 0 0 0
C@CP 3317 -0.269496497 0.353893094 0.0640233483 0 0 0
C@CP 3318 0.0252042811 -0.0870869135 0.102366018 0 0 0
C@CP 3319 -0.376600637 0.205193219 0.0233352046 0 0 0
C@CP 3320 -0.0351420352 0.365267678 -0.124397152 0 0 0
C@CP 3321 0.251742122 0.356393327 0.0780548322 0 0 0
C@CP 3322 -0.205599104 0.113777515 0.0190149091 0 0 0
C@CP 3323 0.213680638 -0.11898764 0.305758804 0 0 0
C@CP 3324 -0.37372747 0.107562009 -0.0976319926 0 0 0
C@CP 3325 0.272248303 0.134675825 0.0188174948 0 0 0
C@CP 3326 -0.116143167 -0.0393515325 -0.278059717 0 0 0
C@CP 3327 -0.2978031 0.176465039 -0.130048442 0 0 0
C@CP 3328 0.189853003 -0.395546512 -0.154485783 0 0 0
C@CP 3329 0.135157971 0.2635991 -0.290970453 0 0 0
C@CP 3330 -0.188117709 0.063453828 -0.15083991 0 0 0
C@CP 3331 -0.237089418 0.391564322 0.0908215461 0 0 0
C@CP 3332 0.196702095 -0.358378767 0.124581689 0 0 0
C@CP 3333 0.251965723 -0.281111081 0.124441531 0 0 0
C@CP 3334 -0.0986085348 -0.288054089 -0.223772587 0 0 0
C@CP 3335 0.203336852 0.0305728238 0.264242653 0 0 0
C@CP 3336 -0.449269223 0.0887976442 -0.0500929393 0 0 0
C@CP 3337 -0.00606000569 0.084105504 0.163353033 0 0 0
C@CP 3338 -0.0584942269 0.144555612 0.138774449 0 0 0
C@CP 3339 0.375373777 -0.0906061448 0.0144331554 0 0 0
C@CP 3340 0.23546121 -0.130834971 -0.0289875755 0 0 0
C@CP 3341 0.053554711 0.331902585 0.258005788 0 0 0
C@CP 3342 0.1373145 -0.157360794 0.389577325 0 0 0
C@CP 3343 0.416736075 0.0687838836 -0.143217183 0 0 0
C@CP 3344 0.0180025508 0.314631291 -0.0493575796 0 0 0
C@CP 3345 -0.0230150803 -0.130963539 -0.240471415 0 0 0
C@CP 3346 0.0198103787 -0.101766528 -0.433870917 0 0 0
C@CP 3347 0.0506672042 0.148971547 -0.130553027 0 0 0
C@CP 3348 -0.103311644 -0.343717097 -0.297504988 0 0 0
C@CP 3349 0.108893164 -0.370675949 0.0968253378 0 0 0
C@CP 3350 0.0657032159 0.21929584 -0.408421179 0 0 0
C@CP 3351 0.24724379 -0.217786089 -0.282226141 0 0 0
C@CP 3353 -0.156888441 -0.108093116 0.412357969 0 0 0
C@CP 3354 0.186577431 0.298333874 -0.0143501667 0 0 0
C@CP 3355 -0.0977465726 -0.204024702 -0.238417939 0 0 0
C@CP 3356 -0.178069285 -0.306292591 -0.0368515651 0 0 0
C@CP 3357 0.280380258 0.285809323 0.169100962 0 0 0
C@CP 3358 0.029037509 0.0849495506 0.273906677 0 0 0
C@CP 3359 0.183799454 0.247507805 0.273296308 0 0 0
C@CP 3360 0.329433867 -0.135118337 0.22478237 0 0 0
C@CP 3361 -0.065860953 -0.00464103286 -0.0431208879 0 0 0
C@CP 3362 0.0354230801 -0.0274444509 0.348275499 0 0 0
C@CP 3363 -0.0321512058 0.251554958 0.144391566 0 0 0
C@CP 3364 -0.0933028942 -0.23035308 0.383592737 0 0 0
C@CP 3365 -0.377823853 0.0805717914 0.0731538878 0 0 0
C@CP 3366 0.087650906 0.193865762 0.00553768742 0 0 0
C@CP 3367 -0.0700512522 0.237427628 -0.316939681 0 0 0
C@CP 3368 -0.324767709 -0.127129924 -0.174275573 0 0 0
C@CP 3369 -0.110819247 -0.163998153 0.226253452 0 0 0
C@CP 3370 -0.147165147 0.0507986306 -0.281970242 0 0 0
C@CP 3371 0.297908652 -0.00823081591 -0.320244298 0 0 0
C@CP 3372 -0.197313098 0.401267167 0.0613100168 0 0 0
C@CP 3373 0.147545274 0.152898052 -0.152147098 0 0 0
C@CP 3374 0.20430482 0.114645271 -0.0163297605 0 0 0
C@CP 3375 -0.252427168 -0.117285713 0.280412983 0 0 0
C@CP 3376 -0.101994956 0.121531407 -0.202796263 0 0 0
C@CP 3377 -0.0699701487 -0.12842212 -0.354474637 0 0 0
C@CP 3378 -0.0435770386 -0.404295128 0.164057198 0 0 0
C@CP 3379 0.0109868665 0.0987531921 0.248284318 0 0 0
C@CP 3380 0.159231231 0.0742389 0.25205745 0 0 0
C@CP 3381 0.163620325 -0.0244593488 -0.0771654688 0 0 0
C@CP 3382 -0.24099958 -0.325443547 0.155463424 0 0 0
C@CP 3383 -0.188544599 -0.0590744213 0.045209477 0 0 0
C@CP 3384 0.248468453 -0.240944156 -0.222071234 0 0 0
C@CP 3385 -0.010949545 -0.0120758394 -0.152029367 0 0 0
C@CP 3386 -0.240752568 -0.0628975692 0.137771084 0 0 0
C@CP 3387 -0.290387673 -0.0473149748 -0.00396969825 0 0 0
C@CP 3388 -0.352603272 0.153077774 0.154567901 0 0 0
C@CP 3389 0.307234598 -0.0835521212 0.309080095 0 0 0
C@CP 3390 0.35116781 -0.137912997 -0.174307172 0 0 0
C@CP 3391 -0.297832099 -0.153130028 -0.0591354823 0 0 0
C@CP 3392 0.281566956 -0.0887200001 -0.107119831 0 0 0
C@CP 3393 0.299997669 -0.140830209 -0.0941487169 0 0 0
C@CP 3394 0.0658644121 -0.154964233 -0.23753295 0 0 0
C@CP 3395 0.0920324587 0.328996506 0.137492043 0 0 0
C@CP 3396 0.299513786 0.139924804 0.197817256 0 0 0
C@CP 3397 0.365266745 -0.247619551 0.0286495426 0 0 0
C@CP 3398 0.106453575 -0.06383402 0.140730606 0 0 0
C@CP 3399 0.383006389 0.0759295933 0.164786858 0 0 0
C@CP 3400 0.448843706 -0.0529595272 -0.116077565 0 0 0
C@CP 3401 -0.0641684129 -0.132639357 0.138811519 0 0 0
C@CP 3402 -0.138921058 0.096347606 -0.305191352 0 0 0
C@CP 3403 -0.000701954048 0.0060329302 -0.435143176 0 0 0
C@CP 3404 0.323696491 0.0649117754 -0.0432449286 0 0 0
C@CP 3405 -0.397205312 -0.0762768252 0.128343507 0 0 0
C@CP 3406 0.34195489 0.056011658 0.0148020941 0 0 0
C@CP 3407 -0.125422892 0.14049962 -0.113850594 0 0 0
C@CP 3408 -0.0385340182 -0.0806447748 0.322647403 0 0 0
C@CP 3409 -0.0472931735 -0.405693267 -0.188293973 0 0 0
C@CP 3410 0.195462118 0.189777156 0.359868504 0 0 0
C@CP 3411 -0.264267707 0.111968648 -0.321590343 0 0 0
C@CP 3412 0.331021956 -0.0569283953 0.183440281 0 0 0
C@CP 3413 0.0923869935 0.340595914 -0.288075623 0 0 0
C@CP 3414 0.0500779704 -0.129012641 -0.077717345 0 0 0
C@CP 3415 0.1496266 -0.233105228 0.00829899823 0 0 0
C@CP 3416 -0.0423204147 0.197813197 0.316450619 0 0 0
C@CP 3417 0.262036945 -0.269510085 -0.232574862 0 0 0
C@CP 3418 -0.16888667 0.330603597 -0.242195818 0 0 0
C@CP 3419 -0.0200200349 -0.253285906 -0.251002561 0 0 0
C@CP 3420 0.270392787 0.0265619093 0.195497648 0 0 0
C@CP 3421 0.219089769 0.350220219 -0.072758011 0 0 0
C@CP 3422 0.0183555978 0.03156864 -0.0856330721 0 0 0
C@CP 3423 -0.087046986 0.0256150518 -0.0589347687 0 0 0
C@CP 3424 0.0644066814 -0.21602666 0.204580425 0 0 0
C@CP 3425 0.0572324026 0.218936546 -0.301763916 0 0 0
C@CP 3426 0.168808576 0.201094521 0.298491537 0 0 0
C@CP 3427 0.230838987 -0.000824788686 0.230380324 0 0 0
C@CP 3428 0.255392083 -0.14541385 0.0504307915 0 0 0
C@CP 3429 -0.283842264 0.25319302 -0.0930030179 0 0 0
C@CP 3430 0.398675059 0.228495117 0.058165668 0 0 0
C@CP 3431 -0.0874797916 0.152916657 0.0550146544 0 0 0
C@CP 3432 -0.191702796 -0.421637119 0.0347153622 0 0 0
C@CP 3433 0.195258724 0.198485194 0.0225168204 0 0 0
C@CP 3434 -0.126984884 0.131619886 0.165975776 0 0 0
C@CP 3435 0.0807481545 -0.138278114 -0.31594699 0 0 0
C@CP 3436 -0.111783729 -0.00126570635 0.089486347 0 0 0
C@CP 3437 0.167723251 -0.241788066 -0.12782154 0 0 0
C@CP 3438 0.101074862 0.173444704 -0.367405994 0 0 0
C@CP 3439 0.0761521834 0.112728445 -0.0169529629 0 0 0
C@CP 3440 0.374251998 0.0555810242 -0.10963581 0 0 0
C@CP 3441 0.394393951 -0.12228006 0.136504107 0 0 0
C@CP 3442 0.0595647523 -0.391239973 -0.0657107229 0 0 0
C@CP 3443 0.248119545 -0.0578797386 0.139701544 0 0 0
C@CP 3444 -0.30751759 0.15990762 -0.183455217 0 0 0
C@CP 3445 0.0183945289 -0.415759301 -0.0565702884 0 0 0
C@CP 3446 -0.0677904135 0.112314436 0.0875158468 0 0 0
C@CP 3447 0.183469599 0.086506833 -0.282963269 0 0 0
C@CP 3448 -0.18506246 0.237260793 0.290395209 0 0 0
C@CP 3449 0.134291723 0.33583754 0.1551595 0 0 0
C@CP 3450 0.0659054868 0.447420491 0.0746690752 0 0 0
C@CP 3451 0.0160223662 0.271220451 -0.0121846193 0 0 0
C@CP 3452 -0.225769868 0.0362470527 -0.20290909 0 0 0
C@CP 3453 -0.298216387 0.191410742 -0.109012147 0 0 0
C@CP 3454 -0.321078893 -0.126362914 -0.239452823 0 0 0
C@CP 3455 0.140477133 -0.00568316939 0.21434321 0 0 0
C@CP 3456 0.0795340309 0.0467904974 -0.0052262366 0 0 0
C@CP 3457 0.0684466322 -0.256623864 0.00226577381 0 0 0
C@CP 3458 0.218814635 0.333193815 -0.142740022 0 0 0
C@CP 3459 0.206564615 -0.393924646 0.0860915493 0 0 0
C@CP 3460 0.0875677989 -0.115645704 0.394409275 0 0 0
C@CP 3461 -0.347520848 0.104968657 -0.198265905 0 0 0
C@CP 3462 -0.235777889 0.0630952283 -0.0090114852 0 0 0
C@CP 3463 -0.0914108911 -0.105374647 -0.379336761 0 0 0
C@CP 3464 0.204935131 0.251196179 0.177694591 0 0 0
C@CP 3465 -0.239696607 0.34717972 0.157184679 0 0 0
C@CP 3466 0.160505435 0.0675875643 -0.394426145 0 0 0
C@CP 3467 0.301624251 -0.159131194 -0.202538152 0 0 0
C@CP 3468 -0.0410124893 -0.333212905 -0.302069201 0 0 0
C@CP 3469 0.0766197298 -0.127295462 -0.410092862 0 0 0
C@CP 3470 0.187960909 0.308487493 -0.128964492 0 0 0
C@CP 3471 -0.127105109 0.029258099 -0.356853902 0 0 0
C@CP 3472 0.158340307 -0.331461336 0.0443585799 0 0 0
C@CP 3473 0.336420562 0.197046538 -0.0129325817 0 0 0
C@CP 3474 -0.369451923 -0.0975170973 0.0758816872 0 0 0
C@CP 3475 -0.173891763 -0.0114481766 -0.0184910245 0 0 0
C@CP 3476 0.180926716 0.0271793235 -0.380466071 0 0 0
C@CP 3477 0.358237466 0.0890083804 0.173506144 0 0 0
C@CP 3478 0.165865138 0.316476502 0.0385298037 0 0 0
C@CP 3479 0.0493258807 -0.0384529716 -0.4109482 0 0 0
C@CP 3480 -0.312482887 -0.101203243 -0.288287341 0 0 0
C@CP 3481 -0.375840494 -0.0468244856 -0.104144683 0 0 0
C@CP 3482 -0.199547487 0.142893222 -0.0453239832 0 0 0
C@CP 3483 -0.123524686 0.169865796 0.0411320432 0 0 0
C@CP 3484 0.14488085 -0.0253079273 0.279625151 0 0 0
C@CP 3485 0.27551809 0.229217192 0.0694543768 0 0 0
C@CP 3486 -0.0877338292 -0.0386068591 -0.16334982 0 0 0
C@CP 3487 0.0279291454 0.245338692 -0.0538430612 0 0 0
C@CP 3488 -0.225299414 0.0336561253 -0.239766292 0 0 0
C@CP 3489 -0.0959881308 0.203926042 0.117632082 0 0 0
C@CP 3490 -0.222068468 -0.133304354 -0.115181871 0 0 0
C@CP 3491 -0.167470567 -0.0481328415 0.42648136 0 0 0
C@CP 3492 -0.108883834 0.201436517 0.257403507 0 0 0
C@CP 3493 0.0374442663 0.291732782 -0.258236038 0 0 0
C@CP 3494 -0.11455108 -0.141767989 -0.260179378 0 0 0
C@CP 3495 -0.241350551 0.181669049 0.0220768046 0 0 0
C@CP 3496 -0.21259035 0.322138985 -0.0598646346 0 0 0
C@CP 3497 0.111257856 0.0688302777 -0.180868667 0 0 0
B@CP 3499 -0.278519245 -0.181603978 0.0733889736 0 0 0
C@CP 3500 -0.137925569 0.156801637 -0.0708435143 0 0 0
C@CP 3501 -0.17592867 -0.239173649 -0.0194159194 0 0 0
C@CP 3502 0.124009548 -0.337957927 0.244121243 0 0 0
B@CP 3504 0.182807285 -0.167695117 0.116307253 0 0 0
C@CP 3505 -0.0853291876 -0.215470026 -0.283051281 0 0 0
B@CP 3507 -0.0428323264 0.302057446 0.192571332 0 0 0
C@CP 3508 0.0438730171 0.199828521 -0.167297125 0 0 0
