B@CP 1004 -0.0514974504 0.0144033102 -0.363993484 0 0 0
B@CP 1005 0.0475397142 0.0369052875 0.0634948493 0 0 0
B@CP 1008 -0.252797613 -0.0187326379 0.343177958 0 0 0
B@CP 1014 0.473228473 -0.00272553804 0.00354932893 0 0 0
B@CP 1018 0.0740862734 -0.331980767 -0.228370304 0 0 0
B@CP 1020 -0.199225017 -0.215066841 0.154004974 0 0 0
B@CP 1025 -0.278961405 0.276102244 -0.173330846 0 0 0
B@CP 1026 -0.213830676 0.0226635377 0.405197407 0 0 0
B@CP 1032 -0.00946903612 -0.243617352 -0.0555078891 0 0 0
B@CP 1033 -0.297413379 0.178559629 -0.0247363927 0 0 0
B@CP 1034 -0.188379028 -0.22603886 -0.190033667 0 0 0
B@CP 1036 -0.34641849 0.284523727 0.0567924401 0 0 0
B@CP 1040 -0.227835317 -0.143847258 -0.169967811 0 0 0
B@CP 1041 0.178508765 0.0277925358 -0.32040458 0 0 0
B@CP 1042 0.0405995223 -0.268418703 0.285779674 0 0 0
B@CP 1045 0.0727558184 -0.142344586 0.176637884 0 0 0
B@CP 1046 -0.0584973742 0.197083555 -0.310657555 0 0 0
B@CP 1047 -0.00455424342 -0.136883518 0.199998057 0 0 0
B@CP 1055 0.196749728 0.152603305 0.104415387 0 0 0
B@CP 1056 -0.212813825 0.336017403 -0.184454129 0 0 0
B@CP 1059 0.295233132 -0.221280512 -0.00999855806 0 0 0
B@CP 1063 -0.195091515 -0.264055307 -0.17290394 0 0 0
B@CP 1065 0.105320809 0.409858848 -0.00367496442 0 0 0
B@CP 1066 0.191897322 -0.266832947 0.128624541 0 0 0
B@CP 1068 -0.107226697 -0.164307296 0.0204342796 0 0 0
B@CP 1069 0.0764254185 0.354200453 -0.103206059 0 0 0
B@CP 1070 -0.187896751 -0.298781307 0.0243540192 0 0 0
B@CP 1077 -0.258758761 0.107766289 -0.33738432 0 0 0
B@CP 1080 0.380884366 0.0187050096 0.0944889202 0 0 0
B@CP 1083 0.0383935121 0.0805919932 -0.169589239 0 0 0
B@CP 1084 -0.127174989 0.123960254 0.21795534 0 0 0
B@CP 1085 -0.284348339 0.19896664 -0.25257876 0 0 0
B@CP 1089 0.0810723874 -0.0297598963 -0.167506899 0 0 0
B@CP 1091 -0.152027873 0.0115850047 0.150057297 0 0 0
B@CP 1092 -0.331074432 -0.0713866409 -0.214592185 0 0 0
B@CP 1093 -0.18775061 -0.245111133 0.245711012 0 0 0
B@CP 1094 -0.0593426376 -0.423473621 0.00735403532 0 0 0
B@CP 1099 -0.114217733 0.0641427189 -0.0627493985 0 0 0
B@CP 1100 -0.169214382 0.163804377 -0.227220191 0 0 0
B@CP 1104 -0.128566682 0.290982818 0.200857756 0 0 0
B@CP 1105 0.0602273565 0.325351881 0.239026838 0 0 0
B@CP 1106 -0.273679671 0.212271594 0.122150728 0 0 0
B@CP 1107 -0.174769878 -0.145681627 0.32995985 0 0 0
B@CP 1109 -0.265115754 0.0829932118 0.0961346235 0 0 0
B@CP 1110 -0.0170879006 -0.178275748 0.43219793 0 0 0
B@CP 1117 -0.135212495 0.034343312 0.365712917 0 0 0
B@CP 1118 0.0628031668 0.0615579289 -0.396784768 0 0 0
B@CP 1121 -0.196096174 0.30066354 0.139277408 0 0 0
B@CP 1122 0.274889041 0.22163429 0.0569534531 0 0 0
B@CP 1123 -0.231093142 -0.153563492 0.296449211 0 0 0
B@CP 1125 -0.311042817 0.254096501 -0.096691941 0 0 0
B@CP 1131 0.0561033654 -0.0480069853 0.437617354 0 0 0
B@CP 1139 0.239442632 -0.112632897 -0.228734638 0 0 0
B@CP 1143 -0.0625791742 0.242371392 0.192197606 0 0 0
B@CP 1146 0.00340881975 0.184873917 0.0179082801 0 0 0
B@CP 1147 0.00567224122 -0.343913318 0.0555322648 0 0 0
B@CP 1149 0.160829021 0.268052879 -0.0723604657 0 0 0
B@CP 1152 0.334472607 0.208267618 0.0524145631 0 0 0
B@CP 1154 -0.0743507413 -0.0360439302 -0.039528755 0 0 0
B@CP 1155 0.197158618 0.247396552 -0.268163841 0 0 0
B@CP 1160 0.247111363 -0.158440956 -0.316498463 0 0 0
B@CP 1161 0.146252118 -0.286152669 -0.287268855 0 0 0
B@CP 1162 0.0136718325 -0.228407646 -0.283986271 0 0 0
B@CP 1163 0.05125258 -0.336225136 0.16912654 0 0 0
B@CP 1166 0.281720708 -0.126296566 0.0815288613 0 0 0
B@CP 1167 0.0712595324 0.32141807 0.303850165 0 0 0
B@CP 1170 -0.0383372231 -0.208085974 0.26435903 0 0 0
B@CP 1171 0.0273603161 -0.249353345 -0.133834484 0 0 0
B@CP 1176 -0.282802668 -0.203198393 0.303648778 0 0 0
B@CP 1179 0.322235649 0.0683259678 -0.104251653 0 0 0
B@CP 1185 -0.11311384 -0.00208697697 0.229138612 0 0 0
B@CP 1186 -0.221418088 -0.112476229 0.0900938086 0 0 0
B@CP 1187 -0.360873136 0.12998258 -0.209807012 0 0 0
B@CP 1188 0.00961031351 0.0812575156 -0.130882494 0 0 0
B@CP 1189 -0.0187325858 -0.146349281 0.127633039 0 0 0
B@CP 1190 -0.304764894 0.0377776688 0.275715938 0 0 0
B@CP 1191 -0.094088331 0.216761162 0.0898664378 0 0 0
B@CP 1192 -0.105226227 -0.341276484 0.0364296248 0 0 0
B@CP 1196 0.0719797288 -0.0445399312 -0.344421484 0 0 0
B@CP 1197 0.349480761 0.184249133 -0.0115206175 0 0 0
B@CP 1200 0.0277049481 0.294517131 0.327271257 0 0 0
B@CP 1206 0.283006182 -0.0150011117 0.120023749 0 0 0
B@CP 1211 -0.0237868142 0.455512124 -0.0568655342 0 0 0
B@CP 1221 0.112821142 -0.212497482 -0.0962794819 0 0 0
B@CP 1222 0.00722057849 0.0793186136 -0.294132064 0 0 0
B@CP 1225 -0.335736311 -0.0822135317 0.239330383 0 0 0
B@CP 1226 0.000537702975 0.0253751555 0.234022702 0 0 0
B@CP 1228 0.173246798 -0.247024038 0.250828997 0 0 0
B@CP 1229 -0.31204063 -0.228756235 0.23451527 0 0 0
B@CP 1234 0.24906483 0.0704424193 0.318735924 0 0 0
B@CP 1237 0.111830501 -0.219318378 -0.140633371 0 0 0
B@CP 1239 0.13467341 0.147647152 0.239233591 0 0 0
B@CP 1241 0.0698037824 0.031673628 0.261875498 0 0 0
B@CP 1242 0.220838417 0.355638391 0.0704711986 0 0 0
B@CP 1245 -0.103746222 -0.0263024953 0.425180408 0 0 0
B@CP 1248 -0.187978197 0.136030441 -0.28371868 0 0 0
B@CP 1257 -0.035311708 0.37285951 0.235074391 0 0 0
B@CP 1259 0.347780391 -0.0912701683 -0.0627192575 0 0 0
B@CP 1262 0.209594945 0.0565902809 -0.297660618 0 0 0
B@CP 1263 -0.3279024 0.129221271 0.257554311 0 0 0
B@CP 1264 0.133200813 0.415272386 -0.135475994 0 0 0
B@CP 1268 -0.388029249 0.0624221338 -0.22473658 0 0 0
B@CP 1274 0.161890569 -0.131240623 0.0398905115 0 0 0
B@CP 1275 -0.0779133821 0.367363347 0.213712364 0 0 0
B@CP 1280 -0.17663533 0.130358361 0.243729834 0 0 0
B@CP 1281 0.00202777849 -0.0788307666 0.469827923 0 0 0
B@CP 1284 0.105122738 0.372349819 0.242269693 0 0 0
B@CP 1285 -0.0479915189 -0.0526446559 -0.424151793 0 0 0
B@CP 1291 -0.288585021 0.186498426 -0.159418595 0 0 0
B@CP 1293 0.138819167 -0.313958233 -0.203145062 0 0 0
B@CP 1299 -0.437807229 -0.00300060608 0.124022076 0 0 0
B@CP 1302 -0.0239075657 -0.39471233 -0.0771314676 0 0 0
B@CP 1305 -0.17274494 0.142572286 -0.355987009 0 0 0
B@CP 1306 0.153961838 0.0962622425 0.128424253 0 0 0
B@CP 1312 -0.414417633 -0.0243458831 0.176452426 0 0 0
B@CP 1318 -0.251120403 0.314052771 -0.168734134 0 0 0
B@CP 1320 -0.128008373 0.102265866 0.105559492 0 0 0
B@CP 1323 0.148062082 -0.231982116 -0.0650106803 0 0 0
B@CP 1324 0.461067653 0.0452444557 0.0216130485 0 0 0
B@CP 1326 -0.26274667 -0.0730034932 -0.319506844 0 0 0
B@CP 1330 0.275858303 -0.120080406 0.225754348 0 0 0
B@CP 1332 0.214313523 0.303405572 0.153100428 0 0 0
B@CP 1335 0.23955457 0.0313829584 0.172647454 0 0 0
B@CP 1342 0.143725837 0.127764545 -0.339154079 0 0 0
B@CP 1343 -0.0306885758 0.142770546 0.197299094 0 0 0
B@CP 1345 0.0785262804 -0.406664761 0.191774901 0 0 0
B@CP 1348 0.0852386912 -0.320750415 -0.138673754 0 0 0
B@CP 1354 0.0391305442 0.0425398357 -0.118634557 0 0 0
B@CP 1356 -0.129805482 -0.358462246 -0.0810156463 0 0 0
B@CP 1362 0.0114314519 0.00802237137 -0.120318949 0 0 0
B@CP 1363 -0.255101869 0.129345624 -0.182700059 0 0 0
B@CP 1365 0.123585116 -0.246988391 0.213745404 0 0 0
B@CP 1367 -0.0463581333 0.402274938 -0.028649429 0 0 0
B@CP 1370 0.194935245 -0.1609931 0.197884984 0 0 0
B@CP 1371 -0.152344985 0.213601164 0.0370991538 0 0 0
B@CP 1372 -0.264775027 -0.104364558 -0.349756099 0 0 0
B@CP 1373 -0.0882744596 -0.080524613 0.364687087 0 0 0
B@CP 1375 0.154209062 0.33359594 0.206917278 0 0 0
B@CP 1379 -0.00789731357 0.250620242 -0.114231004 0 0 0
B@CP 1385 0.24100815 -0.211187722 0.210836817 0 0 0
B@CP 1387 -0.25700818 0.340735628 0.171348913 0 0 0
B@CP 1390 -0.453896579 0.000937215989 0.0755798247 0 0 0
B@CP 1391 0.384767875 0.176805224 0.0170107542 0 0 0
B@CP 1393 -0.00133455683 0.096113753 0.169293182 0 0 0
B@CP 1398 0.321329929 -0.00522253465 -0.282633798 0 0 0
B@CP 1406 0.0698610173 -0.333496661 0.074852899 0 0 0
B@CP 1408 -0.279785651 0.0507476759 -0.357516785 0 0 0
B@CP 1410 -0.0607818974 -0.341608038 0.234637564 0 0 0
B@CP 1416 0.298309765 -0.0801434131 0.0282621786 0 0 0
B@CP 1417 -0.381823832 0.238351249 0.049000226 0 0 0
B@CP 1422 0.133542992 0.371414641 0.230521779 0 0 0
B@CP 1423 0.216211389 0.176968619 0.388567261 0 0 0
B@CP 1424 0.365141132 -0.00853706208 -0.0359367035 0 0 0
B@CP 1428 -0.084385743 0.239137113 -0.242565857 0 0 0
B@CP 1429 0.142626754 0.290195688 0.165606125 0 0 0
B@CP 1433 -0.252147872 0.137940147 0.307183904 0 0 0
B@CP 1434 0.222035584 -0.015928333 -0.194781645 0 0 0
B@CP 1436 0.425150676 -0.0382128302 0.0425316506 0 0 0
B@CP 1438 -0.0590588621 0.436792347 -0.125053062 0 0 0
B@CP 1439 0.229934183 0.120664075 -0.357183762 0 0 0
B@CP 1446 -0.2481405 0.00142707054 -0.236804916 0 0 0
B@CP 1448 0.467238499 -0.0283924025 0.0555801349 0 0 0
B@CP 1452 0.292314336 -0.067145218 -0.0111415908 0 0 0
B@CP 1453 -0.00560518545 0.0807030225 0.439434102 0 0 0
B@CP 1454 0.42132004 -0.017802879 0.0927081791 0 0 0
B@CP 1465 -0.014128499 -0.080247979 0.121656735 0 0 0
B@CP 1466 0.154221506 0.201345036 -0.0113154172 0 0 0
B@CP 1470 0.17688435 -0.212345445 -0.299595693 0 0 0
B@CP 1471 -0.166701897 -0.0360133271 0.167492068 0 0 0
B@CP 1478 0.284212783 -0.0767517634 0.311210298 0 0 0
B@CP 1481 -0.0323134882 -0.380681108 0.227772795 0 0 0
B@CP 1482 -0.00708701451 -0.0764651871 0.104902882 0 0 0
B@CP 1483 0.289733838 0.21108427 0.0258000828 0 0 0
B@CP 1486 0.27115674 0.0191758491 0.00701107209 0 0 0
B@CP 1489 0.184689261 0.157651846 -0.363151488 0 0 0
B@CP 1490 -0.212768458 0.102976856 -0.410260104 0 0 0
B@CP 1491 -0.0111137159 -0.0374349294 0.203890037 0 0 0
B@CP 1492 0.313964897 0.11150848 -0.0596413838 0 0 0
B@CP 1495 0.109672275 -0.259550466 0.368753648 0 0 0
B@CP 1500 0.164594726 -0.100807755 -0.377849173 0 0 0
B@CP 1504 0.175086559 0.0014734217 -0.150630696 0 0 0
B@CP 1505 -0.228574836 0.0579074949 0.217980036 0 0 0
B@CP 1509 0.214026597 0.318349934 -0.0258195377 0 0 0
B@CP 1515 0.197540785 0.196357296 -0.375418136 0 0 0
B@CP 1519 -0.179916693 0.1534866 -0.0337291533 0 0 0
B@CP 1523 -0.293328599 0.250550931 -0.0328884943 0 0 0
B@CP 1524 0.0482916201 0.104363723 -0.217008291 0 0 0
B@CP 1526 0.14294016 0.376305008 0.221666694 0 0 0
B@CP 1527 0.00841316186 -0.0518115964 0.393665467 0 0 0
B@CP 1530 -0.203050032 -0.0439532021 0.139983839 0 0 0
B@CP 1534 -0.321619578 0.0532094675 -0.315452901 0 0 0
B@CP 1536 -0.0362772862 -0.245536713 0.121910543 0 0 0
B@CP 1551 -0.155311387 0.23143232 -0.257212562 0 0 0
B@CP 1552 0.00648637856 -0.0489403896 0.304768875 0 0 0
B@CP 1555 -0.287777569 -0.0108572534 0.360506101 0 0 0
B@CP 1561 0.140954032 0.0604783453 -0.00991210442 0 0 0
B@CP 1567 0.261913549 -0.103537825 0.0669137286 0 0 0
B@CP 1569 -0.0665859303 -0.14725649 -0.291188579 0 0 0
B@CP 1572 0.0233668619 -0.329570324 -0.12990922 0 0 0
B@CP 1573 -0.047142416 -0.0212556502 0.356112261 0 0 0
B@CP 1576 0.0909051332 -0.345096277 -0.265170959 0 0 0
B@CP 1580 0.111028492 0.326291114 0.206292669 0 0 0
B@CP 1583 -0.205183779 -0.148861408 0.145275617 0 0 0
B@CP 1584 -0.328222982 -0.151329878 0.0593649876 0 0 0
B@CP 1586 0.0849495634 -0.30121536 -0.31144073 0 0 0
B@CP 1588 -0.0919309552 0.0991875634 -0.131569392 0 0 0
B@CP 1589 0.0695450643 -0.315926979 0.216644742 0 0 0
B@CP 1596 0.301508191 -0.0815983565 -0.23743014 0 0 0
B@CP 1600 0.0641036238 -0.0217165199 0.301704497 0 0 0
B@CP 1606 0.105793154 0.0300309616 0.00224246383 0 0 0
B@CP 1609 -0.0723325587 -0.371398992 0.120631276 0 0 0
B@CP 1611 0.0499372511 0.409324957 -0.185024923 0 0 0
B@CP 1613 -0.145008468 -0.256022449 -0.0438668728 0 0 0
B@CP 1625 0.232282186 0.131456093 0.000649912579 0 0 0
B@CP 1630 -0.244434649 0.347532997 -0.0861184822 0 0 0
B@CP 1637 0.289839537 -0.0518045454 -0.293008504 0 0 0
B@CP 1638 0.33243825 0.328588407 0.0188394076 0 0 0
B@CP 1642 0.311020686 -0.220352594 0.105537046 0 0 0
B@CP 1645 -0.0670730075 -0.381450658 -0.0480037938 0 0 0
B@CP 1649 0.134225341 0.401343075 -0.180085387 0 0 0
B@CP 1655 -0.0286609846 -0.0256535946 -0.242833826 0 0 0
B@CP 1656 0.107224948 0.0138118542 0.0324655362 0 0 0
B@CP 1673 -0.398435774 0.215362315 -0.00662703167 0 0 0
B@CP 1678 0.021771848 0.163280441 -0.330955616 0 0 0
B@CP 1679 -0.152402287 0.0850610652 0.0378240473 0 0 0
B@CP 1681 0.192380185 0.236271061 0.198086882 0 0 0
B@CP 1686 -0.437221126 -0.0215385325 0.0302683957 0 0 0
B@CP 1690 0.152977749 0.0583358065 0.366196389 0 0 0
B@CP 1694 -0.370681193 0.131120417 -0.0469824092 0 0 0
B@CP 1696 0.0608722202 0.394177478 -0.0824178641 0 0 0
B@CP 1697 0.00681547874 -0.213897879 0.271948024 0 0 0
B@CP 1701 -0.0285663427 -0.007752868 0.0399484467 0 0 0
B@CP 1703 -0.111539126 0.15289338 0.28115544 0 0 0
B@CP 1710 0.283068126 -0.212204162 0.167650691 0 0 0
B@CP 1719 0.220335304 0.339531626 0.197303319 0 0 0
B@CP 1722 -0.262939638 -0.325986349 0.142824427 0 0 0
B@CP 1727 0.108410759 -0.305003045 0.117211594 0 0 0
B@CP 1733 0.0804852147 -0.146311619 0.280820475 0 0 0
B@CP 1735 0.299777178 -0.0597953835 0.336200511 0 0 0
B@CP 1736 0.203416763 -0.290998767 0.00153162012 0 0 0
B@CP 1739 -0.151129547 -0.203554109 0.050976301 0 0 0
B@CP 1740 -0.236900432 -0.17598628 -0.0796086826 0 0 0
B@CP 1743 0.183564627 -0.178926538 -0.0800405007 0 0 0
B@CP 1745 -0.293098948 -0.0728594023 0.262484066 0 0 0
B@CP 1746 -0.217139444 0.0120261359 0.3585708 0 0 0
B@CP 1747 -0.200336497 -0.213282285 -0.201874479 0 0 0
B@CP 1748 -0.0450461866 0.143992609 -0.0753054019 0 0 0
B@CP 1751 -0.141960003 0.289671792 0.336706292 0 0 0
B@CP 1752 0.0700756905 -0.0931131126 -0.0786268485 0 0 0
B@CP 1755 0.0215493213 -0.0399455264 0.10871604 0 0 0
B@CP 1763 0.0604638908 0.364825466 -0.203931581 0 0 0
B@CP 1774 0.235199263 -0.153138265 -0.311753582 0 0 0
B@CP 1777 -0.0788361183 -0.307773018 -0.271417677 0 0 0
B@CP 1781 -0.0467643024 0.444737226 -0.0232421961 0 0 0
B@CP 1789 -0.302695297 -0.269470881 -0.00980930364 0 0 0
B@CP 1790 -0.292130361 0.013271174 0.31040016 0 0 0
B@CP 1793 0.221503504 0.259026949 0.177011094 0 0 0
B@CP 1800 -0.0355236092 -0.074421803 0.258399596 0 0 0
B@CP 1802 -0.161725149 0.0435723599 0.240230943 0 0 0
B@CP 1803 -0.343331245 0.256640464 -0.10572964 0 0 0
B@CP 1804 0.188010636 0.0121230233 -0.306714494 0 0 0
B@CP 1807 0.310008873 0.112416075 -0.254584725 0 0 0
B@CP 1814 0.218942354 -0.247086956 -0.242686684 0 0 0
B@CP 1815 0.0277131599 -0.0502354662 0.427636272 0 0 0
B@CP 1817 -0.0284638826 -0.29809805 -0.276917866 0 0 0
B@CP 1819 -0.129567015 -0.160163237 -0.404232777 0 0 0
B@CP 1822 0.179394502 -0.0360236979 0.0376891069 0 0 0
B@CP 1823 0.0545463455 -0.0302713417 -0.329444767 0 0 0
B@CP 1826 0.146414033 -0.0581274703 -0.0388869868 0 0 0
B@CP 1828 -0.145236692 0.33224467 -0.217720974 0 0 0
B@CP 1835 0.1603583 -0.0288571436 0.0890898097 0 0 0
B@CP 1836 -0.0455293564 -0.242077167 -0.0320929794 0 0 0
B@CP 1838 0.286791311 0.316011337 0.116140792 0 0 0
B@CP 1840 0.245921361 -0.202614046 -0.316259016 0 0 0
B@CP 1842 -0.041299756 -0.397934924 -0.141519095 0 0 0
B@CP 1844 0.122122886 -0.185215378 -0.335373628 0 0 0
B@CP 1847 -0.101942602 -0.0173525616 -0.0451193693 0 0 0
B@CP 1848 -0.0992243034 0.30124858 -0.269777508 0 0 0
B@CP 1851 0.160084045 0.150962127 -0.149926115 0 0 0
B@CP 1852 0.126706927 0.0446119612 0.410619113 0 0 0
B@CP 1855 -0.33131732 0.295701365 0.0638547422 0 0 0
B@CP 1856 -0.259889138 -0.101159418 -0.0590094634 0 0 0
B@CP 1858 0.242331488 0.291385384 -0.158724549 0 0 0
B@CP 1861 0.157586648 0.12805262 -0.106235712 0 0 0
B@CP 1862 -0.401003924 -0.161131822 0.142556109 0 0 0
B@CP 1866 0.0768069376 0.356308999 -0.0893966331 0 0 0
B@CP 1870 -0.0945920426 -0.423432236 0.0177185971 0 0 0
B@CP 1872 0.0916730516 -0.166503816 -0.0696154316 0 0 0
B@CP 1873 -0.328381785 -0.0856552641 0.205676296 0 0 0
B@CP 1877 -0.231100688 -0.205034468 -0.050418627 0 0 0
B@CP 1879 -0.0671952214 0.112848011 -0.118790325 0 0 0
B@CP 1880 0.285691462 -0.100372906 0.0280929673 0 0 0
B@CP 1881 0.0532129465 -0.318150722 -0.344876658 0 0 0
B@CP 1883 -0.176827611 0.170291704 -0.186715223 0 0 0
B@CP 1887 0.0736849108 -0.211216208 -0.290835051 0 0 0
B@CP 1890 -0.315467915 -0.123811713 0.180852619 0 0 0
B@CP 1891 0.0986394718 -0.283964924 -0.326409327 0 0 0
B@CP 1892 -0.0938465592 -0.30362651 -0.283989834 0 0 0
B@CP 1893 0.113246707 0.431508913 -0.0105818851 0 0 0
B@CP 1899 0.289641925 0.217400213 -0.0364577205 0 0 0
B@CP 1901 0.209410896 0.111341829 -0.266734917 0 0 0
B@CP 1903 -0.00477214517 -0.189943484 -0.405327346 0 0 0
B@CP 1906 0.0556714126 0.32740854 -0.18535598 0 0 0
B@CP 1909 -0.0113448328 0.476181538 -0.0439730656 0 0 0
B@CP 1910 0.158958965 -0.41912148 -0.118506893 0 0 0
B@CP 1911 0.387621139 0.0536872043 -0.125154531 0 0 0
B@CP 1915 0.0655325985 0.190663166 0.284158208 0 0 0
B@CP 1917 -0.178343754 -0.365291149 0.217667172 0 0 0
B@CP 1920 -0.0900829114 -0.063346402 0.341643664 0 0 0
B@CP 1921 0.286333663 0.188740851 -0.21488077 0 0 0
B@CP 1922 0.0932697389 -0.240165734 -0.0643951888 0 0 0
B@CP 1925 -0.0151369738 -0.421238339 0.0350918039 0 0 0
B@CP 1935 0.335646561 -0.131451418 -0.269105058 0 0 0
B@CP 1937 -0.00922985598 -0.263918537 0.25730678 0 0 0
B@CP 1939 -0.105681479 -0.067998154 0.322368826 0 0 0
B@CP 1950 0.352641748 0.144947873 -0.0528002661 0 0 0
B@CP 1955 0.0719166344 0.0359880566 0.239936646 0 0 0
B@CP 1958 -0.17559836 -0.0453982502 -0.00308384417 0 0 0
B@CP 1967 -0.327130232 0.0911449395 0.218837168 0 0 0
B@CP 1970 -0.117785124 0.0771050428 -0.152870312 0 0 0
B@CP 1974 0.194021024 -0.14028273 -0.130003121 0 0 0
B@CP 1980 0.0144009904 -0.286249052 -0.285210018 0 0 0
B@CP 1993 -0.0642294261 -0.309937786 -0.168353259 0 0 0
B@CP 1994 -0.132399088 -0.194099652 0.219760165 0 0 0
B@CP 1996 0.0496347931 0.120294026 0.285273484 0 0 0
B@CP 1999 0.378846433 0.173750543 0.112270556 0 0 0
B@CP 2002 -0.20266698 0.153125888 -0.169243309 0 0 0
B@CP 2005 0.0665072136 -0.262213412 -0.050045435 0 0 0
B@CP 2013 0.0252748603 0.275076495 0.308946108 0 0 0
B@CP 2019 -0.0641396059 0.273159312 0.00669745864 0 0 0
B@CP 2021 -0.406910978 -0.0793730076 0.137962541 0 0 0
B@CP 2022 -0.0897597733 -0.14562251 -0.309334086 0 0 0
B@CP 2024 0.251962857 -0.174242642 0.342151087 0 0 0
B@CP 2025 0.00906157944 -0.134561678 -0.0240659743 0 0 0
B@CP 2026 -0.177944614 -0.144802632 -0.311920759 0 0 0
B@CP 2028 -0.201449772 -0.0403239502 0.00368049406 0 0 0
B@CP 2029 -0.0491991898 -0.347256653 -0.14107838 0 0 0
B@CP 2032 -0.306985636 -0.12816968 -0.32600533 0 0 0
B@CP 2033 -0.0752733021 -0.200534726 0.0234869331 0 0 0
B@CP 2034 -0.298223633 -0.0281116638 0.356007731 0 0 0
B@CP 2036 -0.294445515 0.194153887 0.311056001 0 0 0
B@CP 2037 -0.0425430204 0.35698664 0.250814445 0 0 0
B@CP 2040 0.076268917 0.283699494 -0.296335491 0 0 0
B@CP 2042 0.1700335 0.33066814 0.241587191 0 0 0
B@CP 2043 -0.329716483 -0.0973960822 -0.26413846 0 0 0
B@CP 2048 -0.203382357 0.0503444007 -0.287347117 0 0 0
B@CP 2050 -0.203099761 -0.363051112 0.0483632106 0 0 0
B@CP 2053 -0.301643331 -0.118204694 0.062374629 0 0 0
B@CP 2057 -0.0641371682 0.358730816 -0.128064784 0 0 0
B@CP 2059 0.296599607 0.128151354 0.11788718 0 0 0
B@CP 2060 -0.222403463 -0.174326697 -0.00845205851 0 0 0
B@CP 2068 -0.320756997 0.0272391893 0.315678354 0 0 0
B@CP 2076 -0.0320632599 0.391765377 -0.216471635 0 0 0
B@CP 2077 -0.122628383 0.230292784 0.365863642 0 0 0
B@CP 2078 0.325539163 -0.00842127589 0.151460706 0 0 0
B@CP 2079 -0.303568742 0.115224388 0.253554035 0 0 0
B@CP 2081 -0.100045315 0.278503533 -0.258643091 0 0 0
B@CP 2082 -0.34516871 -0.152857155 -0.0869304311 0 0 0
B@CP 2083 0.312242174 0.134474802 0.0863499038 0 0 0
B@CP 2086 0.340952024 -0.148598833 -0.136793699 0 0 0
B@CP 2087 0.0321572521 -0.115669194 -0.10373827 0 0 0
B@CP 2091 0.0168292266 0.159588287 0.194394883 0 0 0
B@CP 2095 -0.13406845 -0.405197397 -0.0794696793 0 0 0
B@CP 2103 -0.241683275 -0.0500526621 -0.0235864861 0 0 0
B@CP 2105 0.103083893 -0.251391902 0.31703481 0 0 0
B@CP 2109 -0.104679019 -0.22877878 0.122274722 0 0 0
B@CP 2110 0.0451749951 -0.280037298 -0.0535635542 0 0 0
B@CP 2111 -0.0628977239 -0.197376744 -0.0586061089 0 0 0
B@CP 2113 0.333221706 -0.0177198912 -0.121102978 0 0 0
B@CP 2114 0.0637989786 0.266445148 0.296811776 0 0 0
B@CP 2115 0.201684173 0.107064754 -0.00977774772 0 0 0
B@CP 2117 -0.289632208 -0.18771556 0.0219496438 0 0 0
B@CP 2118 -0.381723264 0.0178721155 0.214860466 0 0 0
B@CP 2119 0.407226714 -0.000207330709 -0.245821879 0 0 0
B@CP 2125 0.255147293 0.246996153 0.279356286 0 0 0
B@CP 2127 -0.147823669 -0.0646715281 0.376981422 0 0 0
B@CP 2130 -0.156133044 -0.0930266853 -0.31048461 0 0 0
B@CP 2131 0.212412433 -0.104025526 0.0835194302 0 0 0
B@CP 2133 -0.189042831 -0.181348649 0.183288291 0 0 0
B@CP 2134 -0.303206094 0.131050243 0.187874799 0 0 0
B@CP 2136 -0.0553458429 0.283123889 0.162158584 0 0 0
B@CP 2141 -0.0359976114 0.372345831 -0.00596044355 0 0 0
B@CP 2144 0.286685508 -0.0215350648 -0.28403046 0 0 0
B@CP 2145 0.0983831917 0.00223546806 -0.127824314 0 0 0
B@CP 2149 0.212746863 0.0482229948 -0.0244910851 0 0 0
B@CP 2154 -0.35981989 -0.00185858324 0.236472877 0 0 0
B@CP 2161 0.130500667 -0.214936135 -0.123670175 0 0 0
B@CP 2164 0.251569103 0.111311017 -0.144593901 0 0 0
B@CP 2166 -0.296593963 0.0385264983 0.177268941 0 0 0
B@CP 2168 -0.148232341 -0.00591496308 0.0974454215 0 0 0
B@CP 2169 0.047850447 0.0836110799 0.305166687 0 0 0
B@CP 2175 -0.278595503 -0.354767008 -0.0186776751 0 0 0
B@CP 2177 0.297956796 0.0351259647 -0.266082535 0 0 0
B@CP 2182 -0.0985074497 0.175641249 -0.342866311 0 0 0
B@CP 2186 -0.110433827 -0.128985263 0.425741527 0 0 0
B@CP 2188 0.0161933761 0.0875730212 -0.0771129394 0 0 0
B@CP 2203 0.337230639 0.049713607 -0.273389569 0 0 0
B@CP 2205 -0.364941555 -0.133147312 -0.175992419 0 0 0
B@CP 2207 0.181436113 0.16753952 -0.32265051 0 0 0
B@CP 2208 -0.207690505 -0.263119183 0.0391395388 0 0 0
B@CP 2213 -0.117117225 -0.161342818 0.300336068 0 0 0
B@CP 2215 0.313969638 -0.00426800035 -0.104917111 0 0 0
B@CP 2217 0.0443606051 0.0730809887 0.389034482 0 0 0
B@CP 2220 0.261200282 -0.122168968 0.179963443 0 0 0
B@CP 2221 -0.0341448631 0.038636937 0.100881053 0 0 0
B@CP 2222 -0.32830566 0.101679881 -0.287132331 0 0 0
B@CP 2225 0.184261848 0.35619915 0.163360894 0 0 0
B@CP 2226 -0.0984162732 0.108870335 0.172259022 0 0 0
B@CP 2228 -0.17243238 0.318970445 -0.0760807927 0 0 0
B@CP 2230 0.00490240956 0.164752493 -0.246288264 0 0 0
B@CP 2233 0.103631195 0.409632908 0.219215042 0 0 0
B@CP 2234 0.0114874567 0.385664715 -0.263487052 0 0 0
B@CP 2248 -0.0187041026 -0.0573167226 0.0224264691 0 0 0
B@CP 2250 0.133711591 -0.186011889 -0.0719814446 0 0 0
B@CP 2251 0.217277439 0.028889294 -0.157438209 0 0 0
B@CP 2252 0.116177876 -0.204614011 -0.096000409 0 0 0
B@CP 2254 0.146575922 0.347150344 0.264427088 0 0 0
B@CP 2255 -0.23995604 -0.222517545 0.226387469 0 0 0
B@CP 2256 -0.320339609 -0.0781047259 -0.218339601 0 0 0
B@CP 2263 0.0138719415 -0.0660692205 0.322559919 0 0 0
B@CP 2267 -0.388273986 0.151451107 0.025573394 0 0 0
B@CP 2271 0.266392976 0.292693401 0.114764101 0 0 0
B@CP 2272 -0.331003357 -0.207398703 0.227172963 0 0 0
B@CP 2273 0.211109977 0.195851427 0.265341734 0 0 0
B@CP 2275 0.157410007 -0.0463911825 -0.157646321 0 0 0
B@CP 2279 0.00743046514 0.219226555 -0.256778904 0 0 0
B@CP 2282 0.142076459 0.232119521 0.371367335 0 0 0
B@CP 2284 0.230153442 -0.0681306699 0.234500084 0 0 0
B@CP 2285 -0.17681547 0.00336175027 0.419825016 0 0 0
B@CP 2293 -0.131343825 -0.188698519 -0.216672528 0 0 0
B@CP 2299 -0.160946849 0.027960144 0.285587565 0 0 0
B@CP 2300 -0.296533477 0.222621653 0.0365529077 0 0 0
B@CP 2301 -0.184894803 0.13341476 0.339118269 0 0 0
B@CP 2303 0.286095879 0.179340345 -0.24006826 0 0 0
B@CP 2305 0.117441269 0.335829996 -0.311222975 0 0 0
B@CP 2309 0.0441697852 0.285586528 0.215561099 0 0 0
B@CP 2313 -0.252596476 -0.0185034548 0.108585187 0 0 0
B@CP 2315 -0.00184879788 -0.0904110022 -0.176540293 0 0 0
B@CP 2320 0.401985645 -0.128441645 -0.206802058 0 0 0
B@CP 2325 -0.201341416 0.143295163 0.332253572 0 0 0
B@CP 2329 0.167965951 -0.432740856 0.0508332904 0 0 0
B@CP 2331 0.243742574 -0.0668602369 0.237694084 0 0 0
B@CP 2332 -0.0414321715 -0.0637213881 -0.266947803 0 0 0
B@CP 2333 -0.20108568 0.0826966056 -0.14281736 0 0 0
B@CP 2335 0.135240916 -0.295021836 -0.0683007608 0 0 0
B@CP 2336 0.0772253399 0.0168855647 -0.437166811 0 0 0
B@CP 2340 0.3303786 -0.0778506901 0.198692589 0 0 0
B@CP 2343 -0.202571367 -0.206435193 0.326666955 0 0 0
B@CP 2346 0.233960007 -0.212643145 -0.270238069 0 0 0
B@CP 2348 0.135090616 0.0577159841 0.214468862 0 0 0
B@CP 2350 0.0210886189 0.0314104936 0.113793128 0 0 0
B@CP 2351 -0.209747639 0.142683039 0.350991605 0 0 0
B@CP 2356 0.179599167 -0.176666269 0.162378156 0 0 0
B@CP 2357 -0.116681007 0.332921294 -0.248112262 0 0 0
B@CP 2359 -0.0896748268 -0.00781464562 -0.263905805 0 0 0
B@CP 2363 -0.411890014 0.0247126949 -0.194915888 0 0 0
B@CP 2365 -0.138290771 -0.0258822974 0.18328858 0 0 0
B@CP 2368 0.24569686 0.376587975 -0.0327086939 0 0 0
B@CP 2369 0.135370182 -0.14003091 -0.209862686 0 0 0
B@CP 2370 -0.145158783 -0.255929301 0.0428127359 0 0 0
B@CP 2372 0.126219685 -0.316790113 0.0861109454 0 0 0
B@CP 2373 -0.00457388151 0.0853569496 0.0792911085 0 0 0
B@CP 2376 0.0704617427 -0.250405895 0.11414233 0 0 0
B@CP 2381 -0.32983964 -0.074999674 0.10284241 0 0 0
B@CP 2382 0.177078077 0.0593126749 0.380139194 0 0 0
B@CP 2383 -0.431794856 0.128073254 -0.0993228214 0 0 0
B@CP 2386 0.145065779 0.337222364 0.200348666 0 0 0
B@CP 2388 -0.267908695 0.077416731 -0.0275686976 0 0 0
B@CP 2392 0.185595209 -0.307844072 0.146543 0 0 0
B@CP 2395 -0.283748711 -0.207208793 -0.161402819 0 0 0
B@CP 2397 -0.411250608 0.138022637 -0.00801398363 0 0 0
B@CP 2400 -0.00724511718 0.265647459 0.0218886615 0 0 0
B@CP 2402 -0.0803226357 0.275571513 0.131915323 0 0 0
B@CP 2405 0.073227538 0.300965263 -0.351933198 0 0 0
B@CP 2411 0.0981826515 -0.224646934 0.275569434 0 0 0
B@CP 2413 -0.24910374 0.14813228 0.170159793 0 0 0
B@CP 2416 -0.349739128 0.0530726338 -0.243748471 0 0 0
B@CP 2421 0.0717495391 -0.410444176 -0.0951629457 0 0 0
B@CP 2437 0.170804228 -0.116029476 -0.115623728 0 0 0
B@CP 2441 -0.36848867 0.0741739767 -0.161654437 0 0 0
B@CP 2456 -0.0311904248 0.196253022 -0.329355497 0 0 0
B@CP 2457 -0.113641386 0.176741698 -0.150727289 0 0 0
B@CP 2459 0.2634705 0.170330875 -0.207836433 0 0 0
B@CP 2460 -0.288111457 -0.169007176 -0.30950784 0 0 0
B@CP 2461 -0.159834448 0.000887212786 -0.049677215 0 0 0
B@CP 2462 0.0226363888 0.05797659 -0.369444719 0 0 0
B@CP 2467 -0.156918024 -0.228843764 0.306951891 0 0 0
B@CP 2471 0.273121055 -0.14490215 -0.297755492 0 0 0
B@CP 2475 0.360868777 -0.262421971 0.0172911276 0 0 0
B@CP 2477 0.357857672 -0.236992678 0.189278964 0 0 0
B@CP 2481 -0.111208164 0.190053513 -0.00630223169 0 0 0
B@CP 2487 0.115147797 -0.288421474 -0.112908046 0 0 0
B@CP 2492 -0.271224022 -0.388433759 -0.0141225309 0 0 0
C@CP 2500 -0.269992934 0.195234106 0.252140656 0 0 0
C@CP 2501 -0.323963127 -0.00173757583 0.201168532 0 0 0
C@CP 2502 0.0898943088 0.385893781 -0.124876043 0 0 0
C@CP 2503 -0.0784123793 -0.36854949 -0.13475507 0 0 0
C@CP 2504 0.0167354623 -0.415553402 -0.0532838499 0 0 0
C@CP 2505 -0.113056043 0.142339347 0.0974827767 0 0 0
C@CP 2506 0.142311871 0.0145484644 -0.182027223 0 0 0
C@CP 2507 -0.191437803 -0.305747206 -0.154125971 0 0 0
C@CP 2508 -0.0506598116 0.383839903 -0.197866385 0 0 0
C@CP 2509 -0.200211332 0.229965647 -0.0427800698 0 0 0
C@CP 2510 -0.259637576 0.0629842251 0.051531061 0 0 0
C@CP 2511 -0.049870561 -0.0914508918 0.316484727 0 0 0
C@CP 2512 0.226008265 0.293669941 0.156897522 0 0 0
C@CP 2513 0.331611274 0.0784070557 -0.0491102057 0 0 0
C@CP 2514 -0.0470685294 -0.426675918 0.0502549879 0 0 0
C@CP 2515 -0.135600481 0.0851354433 -0.00680227198 0 0 0
C@CP 2516 0.220930625 -0.288533525 0.258294846 0 0 0
C@CP 2517 0.163942891 0.398517155 -0.0271878897 0 0 0
C@CP 2518 -0.0484295119 0.0915364543 0.349271361 0 0 0
C@CP 2519 -0.0695888247 -0.203961207 0.364518494 0 0 0
C@CP 2520 -0.346439781 0.0118504017 -0.208904691 0 0 0
C@CP 2521 0.0757478396 -0.176776647 0.212562059 0 0 0
C@CP 2522 -0.0679699773 -0.244846421 0.142201262 0 0 0
C@CP 2523 0.301508389 0.310447045 0.00423655879 0 0 0
C@CP 2524 -0.0534691515 0.392075375 -0.0903000069 0 0 0
C@CP 2525 -0.417474776 0.104947776 -0.157957553 0 0 0
C@CP 2526 0.0107482315 0.187030079 -0.404255651 0 0 0
C@CP 2527 -0.437068172 0.0373725011 0.167500663 0 0 0
C@CP 2528 0.0541726397 0.0676230853 -0.446246218 0 0 0
C@CP 2529 -0.371893478 0.00669768827 0.0571241019 0 0 0
C@CP 2530 0.240565913 0.202937572 0.11847829 0 0 0
C@CP 2531 0.116600018 0.285146817 0.256498831 0 0 0
C@CP 2532 -0.0726400521 -0.355188313 -0.294749108 0 0 0
C@CP 2533 -0.0616527212 -0.0466241339 0.0204893832 0 0 0
C@CP 2534 -0.141131763 -0.285685747 -0.0788613148 0 0 0
C@CP 2535 -0.329185229 0.271282064 0.0997551829 0 0 0
C@CP 2536 -0.250844232 -0.0157408798 -0.229550608 0 0 0
C@CP 2537 0.0731712842 -0.276270247 0.0614462457 0 0 0
C@CP 2538 -0.341272265 -0.0156294577 -0.0817950144 0 0 0
C@CP 2539 0.182644945 0.168162883 -0.00881535314 0 0 0
C@CP 2540 -0.0125354744 -0.319846725 0.157320091 0 0 0
C@CP 2541 -0.0512269528 0.0605905436 0.424765995 0 0 0
C@CP 2542 -0.133101203 0.450656411 0.013598533 0 0 0
C@CP 2543 0.157316744 0.181768414 -0.187280047 0 0 0
C@CP 2544 0.232341003 0.0238559835 -0.214939481 0 0 0
C@CP 2545 0.00650885289 -0.0773152256 0.288592517 0 0 0
C@CP 2546 0.198503168 -0.33536133 0.137332533 0 0 0
C@CP 2547 0.241829505 0.173964554 0.13959968 0 0 0
C@CP 2548 -0.121045362 -0.0386630371 -0.363409466 0 0 0
C@CP 2549 -0.171022159 -0.211154441 0.240834966 0 0 0
C@CP 2550 -0.166642726 0.10829046 0.362685242 0 0 0
C@CP 2551 -0.00549410195 0.332970042 -0.252545071 0 0 0
C@CP 2552 0.123686711 0.104050457 -0.326102843 0 0 0
C@CP 2553 -0.151253464 -0.192531481 -0.285428875 0 0 0
C@CP 2554 0.283543524 0.149722117 0.0217589158 0 0 0
C@CP 2555 0.0367837268 0.135797844 -0.298219569 0 0 0
C@CP 2556 0.288221488 0.00367112381 -0.171882584 0 0 0
C@CP 2557 0.0966636535 0.188866294 0.259161882 0 0 0
C@CP 2558 0.286097201 -0.0467118589 -0.0375293827 0 0 0
C@CP 2559 -0.193807172 -0.198388376 -0.338616868 0 0 0
C@CP 2560 -0.0966115125 0.203042475 0.174375448 0 0 0
C@CP 2561 -0.128703308 -0.385355131 0.223373627 0 0 0
C@CP 2562 0.0438889491 -0.196484884 -0.0524217878 0 0 0
C@CP 2563 -0.401514399 -0.145054944 -0.0566207574 0 0 0
C@CP 2564 0.262188093 -0.0543244996 0.199717844 0 0 0
C@CP 2565 0.33979645 -0.0788993911 0.172417099 0 0 0
C@CP 2566 -0.109043509 -0.408920443 0.151690618 0 0 0
C@CP 2567 0.255758002 -0.0993755871 0.349934445 0 0 0
C@CP 2568 -0.0521333697 -0.117803801 -0.0293954386 0 0 0
C@CP 2569 -0.106623935 0.0957410688 -0.169758113 0 0 0
C@CP 2570 -0.340414339 0.116908891 0.0453227211 0 0 0
C@CP 2571 0.149559912 0.00123685061 0.0181672916 0 0 0
C@CP 2572 0.0767884487 0.0473783946 -0.328861054 0 0 0
C@CP 2573 0.256231848 -0.298914899 0.0818255784 0 0 0
C@CP 2574 -0.18483037 0.098751288 0.0207468648 0 0 0
C@CP 2575 0.232006882 0.133314347 0.367028109 0 0 0
C@CP 2576 0.0266171518 -0.416314278 -0.0275776832 0 0 0
C@CP 2577 0.399272813 -0.0889777809 0.215611823 0 0 0
C@CP 2578 0.023168075 -0.22579206 0.00119038557 0 0 0
C@CP 2579 0.288203995 0.160477823 0.00859942887 0 0 0
C@CP 2580 -0.328017756 0.188199581 -0.251213901 0 0 0
C@CP 2581 0.105463387 0.212678038 0.338028966 0 0 0
C@CP 2582 -0.391666984 -0.0334181156 0.082658109 0 0 0
C@CP 2583 0.293698627 0.230536751 -0.0148921262 0 0 0
C@CP 2584 -0.0949149029 -0.0493916335 0.435601939 0 0 0
C@CP 2585 -0.0636201093 0.0401579899 0.0320202627 0 0 0
C@CP 2586 -0.079073432 0.331863898 -0.0693524428 0 0 0
C@CP 2587 -0.0410807985 -0.0782260446 -0.27048395 0 0 0
C@CP 2588 0.0129509135 -0.311014887 -0.301318088 0 0 0
C@CP 2589 0.115962161 -0.315092156 0.0523583567 0 0 0
C@CP 2590 -0.415223944 0.123102905 0.00926394106 0 0 0
C@CP 2591 -0.220096404 -0.261302374 0.0857512354 0 0 0
C@CP 2592 0.0543727673 0.0497201116 0.385174239 0 0 0
C@CP 2593 -0.170772106 -0.0781259726 -0.132308554 0 0 0
C@CP 2594 0.147792173 0.178786819 0.345737231 0 0 0
C@CP 2595 0.00825950785 -0.119129877 0.441044397 0 0 0
C@CP 2596 -0.00812082665 0.329049863 -0.0812525838 0 0 0
C@CP 2597 0.328065542 0.11588798 0.213593162 0 0 0
C@CP 2598 -0.234331616 -0.306130179 -0.119181738 0 0 0
C@CP 2599 0.222882492 0.19488456 0.260335806 0 0 0
C@CP 2600 0.256029158 0.295341425 0.239223723 0 0 0
C@CP 2601 -0.00357198484 0.261521108 0.127892569 0 0 0
C@CP 2602 -0.0722322984 -0.365936312 -0.0952437399 0 0 0
C@CP 2603 0.163864722 0.147430022 -0.194431535 0 0 0
C@CP 2604 0.3840912 0.176882066 -0.208933198 0 0 0
C@CP 2605 -0.397541138 0.127458825 0.070657552 0 0 0
C@CP 2606 -0.113130902 -0.408469992 0.0824374061 0 0 0
C@CP 2607 -0.187797224 -0.0384837591 0.303464953 0 0 0
C@CP 2608 0.158881255 -0.182269929 0.277522739 0 0 0
C@CP 2609 0.215084014 -0.267629699 0.221700537 0 0 0
C@CP 2610 -0.081658705 -0.360798078 -0.0102617914 0 0 0
C@CP 2611 -0.28396709 -0.120386218 -0.00321433489 0 0 0
C@CP 2612 0.336317891 0.0698721583 -0.273532646 0 0 0
C@CP 2613 -0.389582642 -0.204093748 -0.169019631 0 0 0
C@CP 2614 0.0368662966 -0.174714876 0.276772144 0 0 0
C@CP 2615 0.0987838496 0.336796049 0.0176359887 0 0 0
C@CP 2616 -0.088503697 -0.425588618 -0.0492329922 0 0 0
C@CP 2617 0.231852706 0.226729737 -0.0341726447 0 0 0
C@CP 2618 0.161105706 0.241930921 -0.195626432 0 0 0
C@CP 2619 0.189068231 0.21647188 -0.235588083 0 0 0
C@CP 2620 0.0701670785 0.0873847588 -0.306432656 0 0 0
C@CP 2621 0.377651424 -0.0342495094 0.116995116 0 0 0
C@CP 2622 -0.342962186 -0.244174171 0.0513962366 0 0 0
C@CP 2623 -0.220650976 0.199949179 0.0151020587 0 0 0
C@CP 2624 -0.299818804 -0.119766851 0.0364191599 0 0 0
C@CP 2625 -0.441650255 -0.00797347527 -0.0735964981 0 0 0
C@CP 2626 -0.113705337 0.401185546 -0.173233298 0 0 0
C@CP 2627 0.327725986 0.179441073 -0.0680989625 0 0 0
C@CP 2628 -0.457822791 -0.00827573851 0.0186508554 0 0 0
C@CP 2629 0.182995188 -0.296277936 0.308459514 0 0 0
C@CP 2630 -0.125146315 0.00759998143 -0.123255634 0 0 0
C@CP 2631 0.143338829 0.226495771 -0.188810021 0 0 0
C@CP 2632 0.191441018 0.0523724683 -0.0266884309 0 0 0
C@CP 2633 0.0739339118 -0.373135608 0.0348588026 0 0 0
C@CP 2634 -0.114592186 0.189839067 0.281434527 0 0 0
C@CP 2635 0.0566024951 -0.354930774 0.212582494 0 0 0
C@CP 2636 -0.369440082 0.221677788 0.0687325482 0 0 0
C@CP 2637 0.0425147754 -0.297895411 0.0539204992 0 0 0
C@CP 2638 -0.12639486 -0.40713124 0.125866101 0 0 0
C@CP 2639 0.120928829 -0.0872196003 -0.287737331 0 0 0
C@CP 2640 -0.162241567 0.260010455 0.0183304838 0 0 0
C@CP 2641 -0.161438011 0.0574419966 0.293553811 0 0 0
C@CP 2642 -0.163516742 0.0269572668 0.0740107958 0 0 0
C@CP 2643 -0.369676095 0.0938664307 -0.114489658 0 0 0
C@CP 2644 0.245154875 0.0234276024 0.331074546 0 0 0
C@CP 2645 0.232929252 -0.0884319178 -0.0638940252 0 0 0
C@CP 2646 0.00850478171 -0.277591295 0.215111143 0 0 0
C@CP 2647 -0.0673926281 0.0847113443 -0.230249126 0 0 0
C@CP 2648 0.128494512 0.0514293088 -0.390514257 0 0 0
C@CP 2649 0.415434243 0.143336952 -0.141227683 0 0 0
C@CP 2650 -0.129530276 -0.354634909 -0.141524055 0 0 0
C@CP 2651 -0.102605648 0.303108484 -0.248693849 0 0 0
C@CP 2652 -0.343096438 -0.258518437 -0.0849880843 0 0 0
C@CP 2653 -0.253857311 -0.0438655974 -0.173406698 0 0 0
C@CP 2654 0.0554107418 -0.0333260227 0.0198565713 0 0 0
C@CP 2655 -0.0391344954 0.273964789 -0.309873735 0 0 0
C@CP 2656 -0.0193325327 -0.164685636 -0.109784274 0 0 0
C@CP 2657 -0.180194523 -0.0549523464 0.0148545264 0 0 0
C@CP 2658 0.0696759812 0.158356993 0.287993465 0 0 0
C@CP 2659 0.230044832 -0.128105682 -0.176313831 0 0 0
C@CP 2660 0.172189547 0.116220567 -0.140855231 0 0 0
C@CP 2662 -0.220746023 0.0904782251 0.0292704973 0 0 0
C@CP 2663 -0.296459998 -0.356986276 0.064886299 0 0 0
C@CP 2664 -0.260881179 -0.200665133 -0.255049671 0 0 0
C@CP 2665 -0.0421150642 -0.327749045 0.288452195 0 0 0
C@CP 2666 0.122028574 0.104888573 -0.290539761 0 0 0
C@CP 2667 -0.199846569 0.02664216 0.389657261 0 0 0
C@CP 2668 -0.0146758872 0.337752443 0.00681097801 0 0 0
C@CP 2669 0.166837924 -0.103123264 -0.367009899 0 0 0
C@CP 2670 -0.169196868 -0.00837654282 -0.167977501 0 0 0
C@CP 2671 0.0312679228 0.411170394 -0.178152617 0 0 0
C@CP 2672 0.300483779 0.0376829908 0.0637531918 0 0 0
C@CP 2673 0.225763119 -0.061441244 0.386993874 0 0 0
C@CP 2674 0.18685759 0.116610164 -0.0337935341 0 0 0
C@CP 2675 -0.280191628 0.238779198 -0.105469654 0 0 0
C@CP 2676 0.0845973556 0.0966726237 -0.245631879 0 0 0
C@CP 2677 0.27480945 -0.118803079 -0.298401913 0 0 0
C@CP 2678 0.348840043 -0.217603271 -0.139499506 0 0 0
C@CP 2679 -0.363041522 -0.083760494 0.218012504 0 0 0
C@CP 2680 0.327588737 0.0061340195 0.323066236 0 0 0
C@CP 2681 -0.231750389 -0.189386233 -0.109766201 0 0 0
C@CP 2682 -0.258540942 -0.233384037 0.238378693 0 0 0
C@CP 2683 -0.364993714 -0.257194562 -0.0517742067 0 0 0
C@CP 2684 0.323584962 0.230666459 -0.201445463 0 0 0
C@CP 2685 -0.118943273 -0.0395625037 0.332445497 0 0 0
C@CP 2686 0.124646935 -0.232744345 0.270877446 0 0 0
C@CP 2687 0.0164030853 0.233029058 -0.368758872 0 0 0
C@CP 2688 -0.242628697 -0.0344202367 -0.0167773605 0 0 0
C@CP 2689 -0.148586544 0.074623255 0.162697716 0 0 0
C@CP 2690 -0.329457375 0.0115530106 -0.0275835585 0 0 0
C@CP 2691 -0.262734639 -0.119828029 0.210795202 0 0 0
C@CP 2692 0.162392035 0.060029627 -0.0195251079 0 0 0
C@CP 2693 -0.161757657 0.346573977 0.258036197 0 0 0
C@CP 2694 0.336636944 -0.156080077 -0.0336738253 0 0 0
C@CP 2695 -0.293280928 0.158384705 0.0716932998 0 0 0
C@CP 2696 0.332244942 0.0224693671 0.242753562 0 0 0
C@CP 2697 0.0271884871 0.195886799 -0.231446912 0 0 0
C@CP 2698 0.115633102 -0.199831842 -0.266318794 0 0 0
C@CP 2699 0.217937684 0.139738182 -0.350240696 0 0 0
C@CP 2700 0.114929072 -0.310536997 -0.231955038 0 0 0
C@CP 2701 -0.031524351 -0.263963469 0.0702622035 0 0 0
C@CP 2702 0.297902531 0.0970250833 0.0746614168 0 0 0
C@CP 2703 0.269035287 -0.160101715 0.193643658 0 0 0
C@CP 2704 -0.215047434 -0.0773654624 0.337663537 0 0 0
C@CP 2705 0.0473086627 0.403584697 -0.0416073078 0 0 0
C@CP 2706 0.305811175 0.152465054 -0.159455771 0 0 0
C@CP 2707 -0.0719061494 0.170613778 0.279139305 0 0 0
C@CP 2708 -0.389206414 -0.141283711 -0.182891105 0 0 0
C@CP 2709 -0.040285935 0.0608938546 -0.362089886 0 0 0
C@CP 2710 0.229660507 -0.242542552 -0.134697697 0 0 0
C@CP 2711 0.242942783 -0.0751607096 0.144155937 0 0 0
C@CP 2712 -0.0373129824 -0.138583462 -0.037846585 0 0 0
C@CP 2713 0.0201723308 -0.37776414 -0.090965557 0 0 0
C@CP 2714 -0.193292146 -0.223133283 0.0456516831 0 0 0
C@CP 2715 -0.241660249 0.0386569777 0.181035195 0 0 0
C@CP 2716 -0.295766887 0.140912869 0.205751347 0 0 0
C@CP 2717 0.210827876 0.0305784357 -0.00692055008 0 0 0
C@CP 2718 0.166988313 -0.333718781 0.105805015 0 0 0
C@CP 2719 -0.309271351 0.0908813681 -0.119767272 0 0 0
C@CP 2720 -0.283291987 0.197234253 -0.108009534 0 0 0
C@CP 2721 0.125162954 0.304200905 0.216180086 0 0 0
C@CP 2722 0.103243117 0.0475599945 0.0440066426 0 0 0
C@CP 2723 -0.192170323 -0.35145336 -0.246192624 0 0 0
C@CP 2724 0.0315907866 0.223845411 -0.408570939 0 0 0
C@CP 2725 0.0769162505 -0.148981828 0.318747271 0 0 0
C@CP 2726 -0.0175679759 -0.0674503398 0.265523632 0 0 0
C@CP 2727 0.0208314509 0.0249453979 -0.247397079 0 0 0
C@CP 2728 0.341593308 0.251160805 -0.0837152715 0 0 0
C@CP 2729 -0.07181944 -0.201088134 0.297143057 0 0 0
C@CP 2730 0.0981057157 0.0905610031 0.330492884 0 0 0
C@CP 2731 0.232448523 0.324285579 -0.153515525 0 0 0
C@CP 2732 0.225275993 -0.254017766 -0.267118062 0 0 0
C@CP 2733 0.268386096 0.0714683016 -0.125723251 0 0 0
C@CP 2734 0.0569361584 -0.0172202977 0.397393838 0 0 0
C@CP 2735 -0.31526575 0.183010916 0.0809932263 0 0 0
C@CP 2736 -0.146604672 -0.232153003 0.0199831071 0 0 0
C@CP 2737 0.100039459 0.365683286 -0.0581745869 0 0 0
C@CP 2738 -0.0567121254 0.0493925566 -0.43651696 0 0 0
C@CP 2739 -0.1113954 -0.435080677 0.0812998735 0 0 0
C@CP 2740 0.161926264 -0.161568931 -0.186173708 0 0 0
C@CP 2741 -0.280613962 -0.0248355685 -0.159998066 0 0 0
C@CP 2742 -0.237411524 0.129638339 0.32030962 0 0 0
C@CP 2743 -0.340690115 0.168792904 -0.248032429 0 0 0
C@CP 2744 -0.323208085 0.102326332 0.260786353 0 0 0
C@CP 2745 0.26199115 0.191135595 -0.330479499 0 0 0
C@CP 2746 -0.0377652937 0.203502265 0.0712700376 0 0 0
C@CP 2747 0.300304562 0.0751441594 -0.107266941 0 0 0
C@CP 2748 -0.257738056 -0.0473463056 -0.257774749 0 0 0
C@CP 2749 0.172637887 -0.297064198 0.0761704307 0 0 0
C@CP 2750 0.208512269 -0.230296516 0.177403727 0 0 0
C@CP 2751 0.158936042 0.188765263 -0.274227311 0 0 0
C@CP 2752 -0.307723856 -0.309131403 -0.0552061431 0 0 0
C@CP 2753 0.0383903071 0.232722518 -0.287911817 0 0 0
C@CP 2754 0.0809490124 -0.33096478 -0.104020399 0 0 0
C@CP 2755 0.287898893 -0.049713067 -0.360973994 0 0 0
C@CP 2756 0.170727307 -0.311370298 -0.101870354 0 0 0
C@CP 2757 -0.317027855 -0.348875923 -0.0237860613 0 0 0
C@CP 2758 0.0982652595 -0.0752224288 0.117035084 0 0 0
C@CP 2759 -0.0400139526 -0.461165741 -0.00565068856 0 0 0
C@CP 2760 -0.0810761068 0.26009538 -0.27588003 0 0 0
C@CP 2761 0.0781938588 -0.235787734 0.269597962 0 0 0
C@CP 2762 0.221391166 0.18774673 0.0256182639 0 0 0
C@CP 2763 0.0771034383 -0.293936838 0.239033029 0 0 0
C@CP 2764 -0.172970035 0.0550871219 0.0468766104 0 0 0
C@CP 2765 0.0425410529 0.260351664 -0.375742463 0 0 0
C@CP 2766 -0.292775608 0.0104975144 -0.235762002 0 0 0
C@CP 2767 0.272722657 0.0418671249 -0.234608448 0 0 0
C@CP 2768 -0.347318161 0.108610553 0.258645564 0 0 0
C@CP 2769 0.178134376 -0.266165449 -0.340557154 0 0 0
C@CP 2770 0.433696122 0.104710662 0.0924106335 0 0 0
C@CP 2771 -0.0317083325 0.140646079 -0.207768592 0 0 0
C@CP 2772 0.181409891 0.0590243476 0.0643825093 0 0 0
C@CP 2773 0.203373763 -0.0250445336 0.086886894 0 0 0
C@CP 2774 -0.024477844 -0.0354095701 -0.376047435 0 0 0
C@CP 2775 -0.124140147 -0.0268458273 0.446473813 0 0 0
C@CP 2776 0.219184375 -0.208807906 -0.0864929935 0 0 0
C@CP 2777 -0.321710212 0.095285676 0.211859237 0 0 0
C@CP 2778 0.122451412 -0.241335601 0.0312331484 0 0 0
C@CP 2779 0.277578587 -0.367211011 -0.0740522344 0 0 0
C@CP 2780 -0.172571635 0.160687036 0.245686854 0 0 0
C@CP 2781 -0.165511548 -0.0531539698 0.202268674 0 0 0
C@CP 2782 -0.00273049393 0.275091335 0.0953603608 0 0 0
C@CP 2783 0.371461245 0.251293754 0.110916954 0 0 0
C@CP 2784 -0.0431508052 -0.0645599468 0.291155633 0 0 0
C@CP 2785 -0.0862180488 -0.225505196 0.184345527 0 0 0
C@CP 2786 -0.233521037 -0.346851286 0.210384873 0 0 0
C@CP 2787 0.0899573921 0.397018362 -0.01000198 0 0 0
C@CP 2788 -0.13722124 0.163325203 -0.122135599 0 0 0
C@CP 2789 -0.170667363 0.359941536 -0.166194804 0 0 0
C@CP 2790 0.0993771072 0.214442478 0.341893013 0 0 0
C@CP 2791 0.0647876769 -0.128448652 0.378383507 0 0 0
C@CP 2792 -0.0969487364 0.316890834 -0.311017985 0 0 0
C@CP 2793 -0.0965790622 -0.313467167 -0.0244304673 0 0 0
C@CP 2794 -0.187651881 -0.210752498 0.27124552 0 0 0
C@CP 2795 -0.19818404 0.347141647 0.0559621483 0 0 0
C@CP 2796 0.00229582663 -0.289065491 -0.074429727 0 0 0
C@CP 2797 0.244026692 0.0718300843 0.107993674 0 0 0
C@CP 2798 -0.387288478 0.249514386 -0.0484366132 0 0 0
C@CP 2799 -0.0104352965 -0.103465626 -0.24448309 0 0 0
C@CP 2800 0.173371787 -0.353103724 0.208340328 0 0 0
C@CP 2801 0.261978744 0.182061176 0.0328771293 0 0 0
C@CP 2802 0.150720686 0.193681616 -0.217663605 0 0 0
C@CP 2803 -0.0525549077 -0.0160399882 -0.040576258 0 0 0
C@CP 2804 0.400296954 -0.163844666 0.0146203339 0 0 0
C@CP 2805 0.116356801 -0.058586705 -0.214418901 0 0 0
C@CP 2806 -0.234583583 0.181906931 -0.0378743067 0 0 0
C@CP 2807 0.134749433 -0.0523970921 -0.110529598 0 0 0
C@CP 2808 0.335053576 -0.254655049 0.156465578 0 0 0
C@CP 2809 -0.298558938 -0.149742113 -0.0469274668 0 0 0
C@CP 2810 -0.454493346 -0.0504587667 0.0573097588 0 0 0
C@CP 2811 0.333627269 -0.259570199 0.05301843 0 0 0
C@CP 2812 0.43996042 -0.113887514 -0.0957070942 0 0 0
C@CP 2813 -0.239236349 0.226189057 -0.124378372 0 0 0
C@CP 2814 0.0131250771 -0.372715596 0.15465521 0 0 0
C@CP 2815 0.403771784 0.100285477 0.201978528 0 0 0
C@CP 2816 0.135959447 0.00578777611 0.059488187 0 0 0
C@CP 2817 0.182442909 -0.0928449396 -0.29875001 0 0 0
C@CP 2818 0.230894119 0.38292523 -0.0402671933 0 0 0
C@CP 2819 -0.135698704 0.21257189 -0.270830743 0 0 0
C@CP 2820 -0.054553346 -0.325927074 -0.271995015 0 0 0
C@CP 2821 0.335860815 0.183072006 0.0186365545 0 0 0
C@CP 2822 0.141246713 -0.221201501 0.00507393539 0 0 0
C@CP 2823 -0.297690265 -0.1153787 0.183851503 0 0 0
C@CP 2824 -0.24789508 -0.242892261 -0.0472898364 0 0 0
C@CP 2825 -0.172950474 -0.0923216049 -0.227092142 0 0 0
C@CP 2826 0.0431195031 0.219614884 0.316950473 0 0 0
C@CP 2827 0.0747185174 0.1239032 -0.305772454 0 0 0
C@CP 2828 0.188590056 -0.175694639 -0.186438113 0 0 0
C@CP 2829 0.197275421 0.421310148 0.0722366105 0 0 0
C@CP 2830 0.130524409 -0.391449259 0.201644135 0 0 0
C@CP 2831 0.033774757 0.0154308431 -0.103467395 0 0 0
C@CP 2832 0.247524348 0.148325464 0.0750820599 0 0 0
C@CP 2833 -0.141456439 -0.437797513 0.0604602756 0 0 0
C@CP 2834 -0.104471426 0.0535723302 -0.213023548 0 0 0
C@CP 2835 -0.050986258 -0.349857249 0.19758924 0 0 0
C@CP 2836 -0.0404778573 -0.385222115 -0.0099863887 0 0 0
C@CP 2837 -0.301657498 -0.0111937722 -0.224628419 0 0 0
C@CP 2838 -0.428122909 0.149256359 0.00833556257 0 0 0
C@CP 2839 0.0690425465 -0.0457553122 0.392781849 0 0 0
C@CP 2840 -0.0750286145 -0.0110340609 -0.369064669 0 0 0
C@CP 2841 0.0385482646 -0.112981097 0.0228388001 0 0 0
C@CP 2842 0.199412322 0.386703417 -0.15945481 0 0 0
C@CP 2843 -0.160313793 0.33339398 -0.129522477 0 0 0
C@CP 2844 -0.132166872 0.251780676 -0.172323335 0 0 0
C@CP 2845 0.180148651 -0.35674713 0.256432973 0 0 0
C@CP 2846 -0.29942786 -0.171185764 -0.202129661 0 0 0
C@CP 2847 0.0273864951 -0.480234988 0.015686867 0 0 0
C@CP 2848 -0.0911650075 0.212400757 0.235748021 0 0 0
C@CP 2849 0.157525358 0.275224857 -0.172048149 0 0 0
C@CP 2850 0.119654952 -0.121325471 0.0628348244 0 0 0
C@CP 2851 -0.304603043 0.0205695622 -0.104968 0 0 0
C@CP 2852 0.257429449 0.116547593 0.0106717486 0 0 0
C@CP 2853 0.0521970735 0.244544501 -0.122879196 0 0 0
C@CP 2854 0.172401656 -0.169061313 0.360168953 0 0 0
C@CP 2855 0.1512163 0.0842418033 0.137898877 0 0 0
C@CP 2856 -0.0705316153 0.119650087 0.403309133 0 0 0
C@CP 2857 -0.0271283947 0.0720270327 -0.115741738 0 0 0
C@CP 2858 0.0169230149 -0.132180356 -0.251694706 0 0 0
C@CP 2859 -0.386419072 0.176020737 0.0271669954 0 0 0
C@CP 2860 0.0929691124 -0.245000324 -0.170707303 0 0 0
C@CP 2861 0.130000378 -0.262541699 0.14781074 0 0 0
C@CP 2862 -0.191287294 -0.373345961 -0.114558204 0 0 0
C@CP 2863 -0.0914587097 -0.256073045 -0.00640899938 0 0 0
C@CP 2864 -0.0266655153 0.172519164 0.358572876 0 0 0
C@CP 2865 -0.194172226 -0.329966344 -0.270045844 0 0 0
C@CP 2866 0.267945745 0.137196114 0.193507452 0 0 0
C@CP 2867 0.0637402311 0.211625961 0.200639731 0 0 0
C@CP 2868 -0.116693027 0.0801478536 0.00467395667 0 0 0
C@CP 2869 -0.145495929 0.192644909 -0.328618618 0 0 0
C@CP 2870 0.367540502 -0.0495716987 -0.0852730325 0 0 0
C@CP 2871 0.280473391 -0.0190690853 0.0398392377 0 0 0
C@CP 2872 -0.180145088 -0.0425887942 0.276402511 0 0 0
C@CP 2873 -0.161042653 0.0200322349 -0.328857961 0 0 0
C@CP 2874 -0.220610982 0.394244491 0.0713749228 0 0 0
C@CP 2875 0.202652363 -0.419219372 0.0722589252 0 0 0
C@CP 2876 -0.225676391 0.109730501 -0.28146659 0 0 0
C@CP 2877 0.176000348 -0.0806074907 -0.161629968 0 0 0
C@CP 2878 -0.220929757 -0.227141887 0.104038854 0 0 0
C@CP 2879 -0.115997138 0.388298851 0.257603643 0 0 0
C@CP 2880 0.176495201 0.042700077 0.0416188845 0 0 0
C@CP 2881 0.377168395 -0.0808285706 0.0717431502 0 0 0
C@CP 2882 0.00861329324 0.162049534 0.299995883 0 0 0
C@CP 2883 0.2479667 -0.091240121 0.326188022 0 0 0
C@CP 2884 0.100247718 -0.336728071 -0.150374619 0 0 0
C@CP 2885 -0.0255306605 0.407278735 0.0250039992 0 0 0
C@CP 2886 -0.205414036 0.231974009 0.219347365 0 0 0
C@CP 2887 0.0437774353 0.262695299 0.368280684 0 0 0
C@CP 2888 0.289645198 0.00309954604 0.293005542 0 0 0
C@CP 2889 -0.146980302 0.353202165 0.0833036311 0 0 0
C@CP 2890 0.224770699 -0.0143294455 -0.132939884 0 0 0
C@CP 2891 0.153750299 -0.380163362 -0.0571733697 0 0 0
C@CP 2892 -0.000568895468 -0.127012432 -0.36081173 0 0 0
C@CP 2893 -0.0933732516 0.128985356 0.0415654647 0 0 0
C@CP 2894 0.0752848398 -0.00718142207 0.0449949984 0 0 0
C@CP 2895 -0.0877915421 0.339338064 -0.0764998503 0 0 0
C@CP 2896 0.177167445 0.0124922827 0.150588541 0 0 0
C@CP 2897 -0.104212713 -0.233231595 0.267081736 0 0 0
C@CP 2898 -0.203849367 -0.269832464 0.167461966 0 0 0
C@CP 2899 0.383402642 -0.256883041 -0.131555443 0 0 0
C@CP 2900 -0.441207105 0.00205959117 -0.0574863673 0 0 0
C@CP 2901 0.25477536 0.231195996 -0.174522727 0 0 0
C@CP 2902 -0.409334006 0.142866026 0.121921873 0 0 0
C@CP 2903 -0.0352436774 0.224085813 0.194244596 0 0 0
C@CP 2904 -0.0957322525 0.171484844 0.0647405594 0 0 0
C@CP 2905 -0.0569175209 -0.408792434 -0.00754087101 0 0 0
C@CP 2906 0.144691044 -0.24904125 0.081133897 0 0 0
C@CP 2907 -0.185039519 -0.215859373 0.0514027939 0 0 0
C@CP 2908 -0.125420022 -0.00354836448 0.402006351 0 0 0
C@CP 2909 -0.129249856 0.424743354 0.15168135 0 0 0
C@CP 2910 -0.109144595 -0.287290125 -0.0165531222 0 0 0
C@CP 2911 -0.164589346 0.249679635 0.107980921 0 0 0
C@CP 2912 -0.0447186148 -0.396549136 -0.129148952 0 0 0
C@CP 2913 0.306900767 -0.0155917365 -0.224684776 0 0 0
C@CP 2914 0.129907108 -0.284164499 0.0705969435 0 0 0
C@CP 2915 -0.171020055 0.098992047 0.285617475 0 0 0
C@CP 2916 -0.396222716 0.0284207491 0.0551775199 0 0 0
C@CP 2917 0.367638017 0.073983057 0.170756555 0 0 0
C@CP 2918 0.181519744 -0.248696324 0.172459866 0 0 0
C@CP 2919 0.277682678 0.164794522 0.231532395 0 0 0
C@CP 2920 -0.0984324419 -0.16277192 0.0309714469 0 0 0
C@CP 2921 0.304626693 -0.17415164 0.0625489479 0 0 0
C@CP 2922 -0.38514268 0.212249488 -0.0921496196 0 0 0
C@CP 2923 0.331129306 0.0102416002 -0.321438595 0 0 0
C@CP 2924 0.414927788 -0.0860147877 -0.0447073637 0 0 0
C@CP 2925 -0.128473056 0.406480989 0.00623026306 0 0 0
C@CP 2926 0.0986198029 -0.345074112 0.244431567 0 0 0
C@CP 2927 0.28607697 -0.330634859 -0.145098941 0 0 0
C@CP 2928 -0.252019967 -0.0378140209 -0.106646898 0 0 0
C@CP 2929 -0.0250325847 0.297945405 0.1634824 0 0 0
C@CP 2930 -0.198388494 0.300040016 0.0545232085 0 0 0
C@CP 2931 -0.0482207574 -0.189356814 0.354425128 0 0 0
C@CP 2932 0.147177142 -0.390651722 -0.251480889 0 0 0
C@CP 2933 -0.0815733268 0.334095773 -0.185231287 0 0 0
C@CP 2934 0.243027097 0.0504143706 0.133271078 0 0 0
C@CP 2935 0.0968307603 -0.329911891 0.231470294 0 0 0
C@CP 2936 0.0973103021 0.231839835 0.253876631 0 0 0
C@CP 2937 0.0525977176 0.102604978 -0.411407097 0 0 0
C@CP 2938 0.263795121 -0.287854433 0.116429629 0 0 0
C@CP 2939 0.320734029 -0.161571228 0.090810686 0 0 0
C@CP 2940 0.0207750172 -0.0687497017 -0.343668475 0 0 0
C@CP 2941 -0.283748201 -0.238722363 0.177745705 0 0 0
C@CP 2942 -0.0220187974 0.120796846 -0.220531086 0 0 0
C@CP 2943 -0.18309018 0.118550228 -0.335049131 0 0 0
C@CP 2944 -0.38595487 -0.108166297 -0.0374334644 0 0 0
C@CP 2945 -0.428565367 0.0975601257 -0.0461128367 0 0 0
C@CP 2946 0.170163366 -0.196009887 -0.0841824894 0 0 0
C@CP 2947 -0.309153957 0.268778113 0.21963104 0 0 0
C@CP 2948 0.0971520366 0.42342007 0.0270910198 0 0 0
C@CP 2949 0.0303384941 0.0866449856 0.206495843 0 0 0
C@CP 2950 0.177131205 0.265933894 -0.121734646 0 0 0
C@CP 2951 0.104273653 -0.358676133 0.168916044 0 0 0
C@CP 2952 0.23489076 -0.176326348 -0.118137608 0 0 0
C@CP 2953 0.431384447 -0.0260942864 0.0894551242 0 0 0
C@CP 2954 -0.220583212 0.0499294876 -0.207913726 0 0 0
C@CP 2955 0.101649039 0.0171133976 0.344104607 0 0 0
C@CP 2956 0.224686064 -0.2210676 -0.148144111 0 0 0
C@CP 2957 0.132637294 0.256081132 -0.292222522 0 0 0
C@CP 2958 -0.00478842315 -0.154067735 -0.391774547 0 0 0
C@CP 2959 0.323853248 0.0615082665 0.236202509 0 0 0
C@CP 2960 0.298322986 0.188444305 0.0564346702 0 0 0
C@CP 2961 -0.143866979 0.160396678 0.415042268 0 0 0
C@CP 2962 0.137188795 0.0764553187 0.271693584 0 0 0
C@CP 2963 -0.0266414695 0.252252971 -0.176570414 0 0 0
C@CP 2964 0.353530224 0.10825117 0.131061743 0 0 0
C@CP 2965 -0.335808187 0.241845484 -0.003368264 0 0 0
C@CP 2966 -0.058757595 0.407249382 -0.159292848 0 0 0
C@CP 2967 0.387672647 0.173977599 -0.0924909889 0 0 0
C@CP 2968 -0.1026703 -0.246727912 0.38489275 0 0 0
C@CP 2969 0.0642914916 -0.188379145 0.0717529751 0 0 0
C@CP 2970 0.256366188 -0.0430180175 -0.341658584 0 0 0
C@CP 2971 -0.234693782 -0.297786807 -0.0581514413 0 0 0
C@CP 2972 0.135450684 -0.25853064 0.277627456 0 0 0
C@CP 2973 -0.0364329353 -0.337188642 -0.22386685 0 0 0
C@CP 2974 0.34341778 0.268577241 -0.00454992922 0 0 0
C@CP 2975 -0.0326987866 -0.401277114 -0.23783112 0 0 0
C@CP 2976 0.0018027818 -0.200698355 0.246396525 0 0 0
C@CP 2977 0.405250325 0.0927630339 0.155868724 0 0 0
C@CP 2978 0.0772550701 -0.448101959 0.0669528476 0 0 0
C@CP 2979 0.0280111579 0.000479190285 0.00819380993 0 0 0
C@CP 2980 0.125506706 -0.36883901 0.26251485 0 0 0
C@CP 2981 -0.278916898 0.333473893 0.144388229 0 0 0
C@CP 2982 -0.107479932 0.423952587 0.0833541178 0 0 0
C@CP 2983 0.262477969 -0.0288382551 0.191926433 0 0 0
C@CP 2984 -0.0174336227 0.397321088 -0.161133728 0 0 0
C@CP 2985 -0.177253097 0.327003001 -0.0294065483 0 0 0
C@CP 2986 0.0974199603 -0.111399088 -0.184323558 0 0 0
C@CP 2987 0.0551811764 -0.00222992566 0.357280803 0 0 0
C@CP 2988 0.158007451 0.0982262395 0.0395693271 0 0 0
C@CP 2989 -0.143442402 -0.32608348 -0.0783868051 0 0 0
C@CP 2990 0.277126555 0.225000863 0.10646633 0 0 0
C@CP 2991 0.248585688 -0.359589254 -0.119866551 0 0 0
C@CP 2992 -0.0800721416 0.19815064 -0.297617703 0 0 0
C@CP 2993 0.359897086 0.232580782 -0.0412098329 0 0 0
C@CP 2994 0.280438618 -0.0715981786 0.14287927 0 0 0
C@CP 2995 -0.0805012065 -0.126077174 -0.385013823 0 0 0
C@CP 2996 -0.0586692488 0.211859293 -0.330229522 0 0 0
C@CP 2997 -0.436715209 -0.136627927 0.00724937683 0 0 0
C@CP 2998 -0.209801923 -0.242948415 0.327240862 0 0 0
C@CP 2999 0.0423085953 -0.247783597 -0.0462718664 0 0 0
C@CP 3000 -0.0189467905 -0.352016731 -0.0015725343 0 0 0
C@CP 3001 -0.210052467 0.014434521 -0.379403183 0 0 0
C@CP 3002 -0.325301752 0.256866728 0.213291784 0 0 0
C@CP 3003 0.0664319387 0.242544926 0.266199598 0 0 0
C@CP 3004 -0.0897094662 -0.0448110064 -0.309792076 0 0 0
C@CP 3005 0.251509893 -0.288899604 0.227415371 0 0 0
C@CP 3006 0.0677586955 -0.0714824117 -0.435571583 0 0 0
C@CP 3007 -0.0926997495 -0.267140782 -0.0191799299 0 0 0
C@CP 3008 0.122059666 -0.0286323833 -0.081865717 0 0 0
C@CP 3009 0.127065746 0.122544652 -0.173020903 0 0 0
C@CP 3010 -0.0730885419 -0.138671992 -0.33929242 0 0 0
C@CP 3011 -0.0974591637 0.386646785 0.127650517 0 0 0
C@CP 3012 0.373144715 0.20504711 0.116303892 0 0 0
C@CP 3013 0.136588728 -0.238428303 0.376824548 0 0 0
C@CP 3014 0.157449921 -0.0592685891 0.27513111 0 0 0
C@CP 3015 -0.189706143 -0.262233911 -0.322872762 0 0 0
C@CP 3016 0.0328739974 0.0658654361 0.213196388 0 0 0
C@CP 3017 0.213360651 -0.060249785 0.22813521 0 0 0
C@CP 3018 -0.176417713 -0.0644808555 0.192876232 0 0 0
C@CP 3019 0.2298789 -0.200634607 -0.148985329 0 0 0
C@CP 3020 0.0491293175 -0.142207382 0.29748981 0 0 0
C@CP 3021 0.0461931388 -0.0395107929 0.428864681 0 0 0
C@CP 3022 -0.213623139 -0.14458908 -0.202334558 0 0 0
C@CP 3023 0.0492721675 -0.319993414 -0.044366726 0 0 0
C@CP 3024 0.135074577 0.332647875 -0.146670884 0 0 0
C@CP 3025 0.196611845 0.265168667 -0.249119531 0 0 0
C@CP 3026 0.0963641562 0.121833338 0.245681304 0 0 0
C@CP 3027 -0.0437604125 0.0233257938 0.407179521 0 0 0
C@CP 3028 0.0525873269 -0.33887576 0.286183281 0 0 0
C@CP 3029 -0.053476356 0.430662326 0.124401783 0 0 0
C@CP 3030 0.432837549 0.124802448 0.0712779079 0 0 0
C@CP 3031 0.223053388 0.141731936 0.179867802 0 0 0
C@CP 3032 -0.280094336 -0.209866735 -0.0989022084 0 0 0
C@CP 3033 0.00745618382 -0.256141896 0.281067146 0 0 0
C@CP 3034 -0.00414239835 0.148544793 0.418476701 0 0 0
C@CP 3035 0.235667358 0.196310748 0.046763144 0 0 0
C@CP 3036 -0.175976172 -0.200684438 0.277733394 0 0 0
C@CP 3037 0.102148532 0.0962829073 -0.0856160248 0 0 0
C@CP 3038 -0.10110404 -0.087020346 -0.0118949161 0 0 0
C@CP 3039 0.0248336705 0.395255762 -0.233943643 0 0 0
C@CP 3040 -0.0728245054 -0.150404161 -0.0996922232 0 0 0
C@CP 3041 -0.0353631248 0.1444186 -0.357291979 0 0 0
C@CP 3042 0.101103691 0.126783121 0.403316947 0 0 0
C@CP 3043 -0.377056353 0.0900992458 0.174694001 0 0 0
C@CP 3044 -0.159860953 0.329322035 0.0469635407 0 0 0
C@CP 3045 0.326849789 0.180966419 -0.0794569642 0 0 0
C@CP 3046 0.300099176 -0.158525253 0.176120149 0 0 0
C@CP 3047 0.0613060599 -0.404370791 0.188085217 0 0 0
C@CP 3048 0.170218463 -0.0301216303 0.0235211628 0 0 0
C@CP 3049 -0.323227976 -0.266851255 -0.190243796 0 0 0
C@CP 3050 0.129600213 -0.215725705 0.396880286 0 0 0
C@CP 3051 -0.180646536 -0.00783326174 0.175695258 0 0 0
C@CP 3052 0.22204492 0.3128258 0.135003027 0 0 0
C@CP 3053 -0.341985295 -0.288871806 0.137375664 0 0 0
C@CP 3054 -0.23994649 -0.0388215293 0.371044778 0 0 0
C@CP 3055 0.298290153 0.0273263101 0.132204955 0 0 0
C@CP 3056 0.105930336 0.195346975 0.254628749 0 0 0
C@CP 3057 -0.160017683 0.0256146613 0.12982024 0 0 0
C@CP 3058 0.292942426 0.305293647 -0.136045103 0 0 0
C@CP 3059 -0.114253429 0.107234264 0.0599130346 0 0 0
C@CP 3060 0.0129160713 0.147460222 -0.0128153468 0 0 0
C@CP 3061 -0.366737061 -0.0841701059 0.0502444642 0 0 0
C@CP 3062 0.0292089346 -0.249024975 -0.381836583 0 0 0
C@CP 3063 -0.0264725251 0.099584006 0.179304649 0 0 0
C@CP 3064 0.00185281887 -0.0322234091 -0.0878359524 0 0 0
C@CP 3065 0.152703556 -0.00581546241 0.384208695 0 0 0
C@CP 3066 -0.010852316 -0.126851143 0.427743794 0 0 0
C@CP 3067 0.0365963968 -0.0615187386 -0.360648989 0 0 0
C@CP 3068 -0.163133884 -0.310563602 -0.205742067 0 0 0
C@CP 3069 0.312301117 -0.248092823 -0.131748885 0 0 0
C@CP 3070 0.220557691 0.109678364 -0.171385473 0 0 0
C@CP 3071 0.251201877 0.344405645 -0.0520888369 0 0 0
C@CP 3072 0.380419717 0.00161658751 0.192083641 0 0 0
C@CP 3073 0.268304506 0.017417398 0.145686477 0 0 0
C@CP 3074 -0.185410019 -0.0953069504 0.127883696 0 0 0
C@CP 3075 0.123328518 0.211554052 0.0510440331 0 0 0
C@CP 3076 0.232550279 -0.285121314 0.117519478 0 0 0
C@CP 3077 -0.0492727485 -0.389900943 0.113018139 0 0 0
C@CP 3079 0.00300525948 -0.0914686044 0.460094166 0 0 0
C@CP 3080 -0.0947372785 -0.11620772 0.211017344 0 0 0
C@CP 3081 0.0974995849 0.380944815 -0.242405978 0 0 0
C@CP 3082 -0.198066227 -0.286665278 0.199786499 0 0 0
C@CP 3083 -0.0883474198 0.330671326 0.19122263 0 0 0
C@CP 3084 0.0281094559 -0.330498514 -0.0564229001 0 0 0
C@CP 3085 0.373881911 -0.218504975 0.0341308397 0 0 0
C@CP 3086 0.00876638634 -0.310516362 -0.248586802 0 0 0
C@CP 3087 -0.0688685733 0.424677979 0.0677906885 0 0 0
C@CP 3088 -0.0649870706 -0.0519994607 -0.429577201 0 0 0
C@CP 3089 0.103458278 -0.0492514359 0.44004533 0 0 0
C@CP 3090 -0.30159801 -0.318911719 -0.100403762 0 0 0
C@CP 3091 -0.269013527 -0.0459972417 0.131788939 0 0 0
C@CP 3092 0.074091633 -0.0525770535 -0.431096266 0 0 0
C@CP 3093 0.011138251 0.235587716 -0.118779924 0 0 0
C@CP 3094 -0.381670611 -0.106512068 0.130960993 0 0 0
C@CP 3095 -0.286488519 -0.0266989405 -0.0182583256 0 0 0
C@CP 3096 0.228940968 0.291508352 -0.14570079 0 0 0
C@CP 3097 0.184178896 0.00361146154 0.181829947 0 0 0
C@CP 3098 -0.152273224 -0.361883237 -0.159662916 0 0 0
C@CP 3099 -0.151042066 -0.0317518783 0.102164855 0 0 0
C@CP 3100 -0.055066819 0.0312732563 -0.327125988 0 0 0
C@CP 3101 -0.105870984 0.302234464 -0.0546545763 0 0 0
C@CP 3102 0.115297481 -0.10547566 0.295873155 0 0 0
C@CP 3103 0.0529911662 0.00584146466 -0.101631998 0 0 0
C@CP 3104 0.208962232 0.342470943 0.0894686299 0 0 0
C@CP 3105 0.0181241094 -0.144453178 -0.357128591 0 0 0
C@CP 3106 -0.141772411 -0.0959422663 0.108701087 0 0 0
C@CP 3107 0.0263562301 0.222195304 0.175267757 0 0 0
C@CP 3108 -0.0393092901 0.113063688 0.4222331 0 0 0
C@CP 3109 -0.11855768 -0.198821734 -0.365129038 0 0 0
C@CP 3110 0.302258741 -0.033980421 0.0644709139 0 0 0
C@CP 3111 -0.116806864 -0.367906039 -0.0899799892 0 0 0
C@CP 3112 0.280774638 -0.122760627 0.294020335 0 0 0
C@CP 3113 0.046040365 -0.27540031 -0.193804601 0 0 0
C@CP 3114 0.335258164 -0.0542760004 -0.0783642845 0 0 0
C@CP 3115 0.0554067173 0.0523867251 0.143544647 0 0 0
C@CP 3116 -0.15117929 0.0507296783 0.273926093 0 0 0
C@CP 3117 -0.0584503429 -0.230993819 -0.0120215652 0 0 0
C@CP 3118 0.0525594539 -0.433702568 -0.145369123 0 0 0
C@CP 3119 0.180667232 0.314398509 0.0473777017 0 0 0
C@CP 3120 0.143129952 0.024562301 -0.0816701742 0 0 0
C@CP 3121 0.344477048 0.169087331 -0.259301628 0 0 0
C@CP 3122 -0.235169804 -0.0732316175 0.349689465 0 0 0
C@CP 3123 0.360680561 -0.232056722 0.161501488 0 0 0
C@CP 3124 0.368230233 0.259427872 -0.0320605176 0 0 0
C@CP 3125 -0.0025034143 -0.0347070043 0.0799275299 0 0 0
C@CP 3126 0.0732772611 0.129074754 0.0156703298 0 0 0
C@CP 3127 -0.0889477566 -0.147239831 -0.0323655184 0 0 0
C@CP 3128 0.0440091285 0.360563587 0.0618140664 0 0 0
C@CP 3129 0.0407308069 -0.240038229 -0.386356696 0 0 0
C@CP 3130 0.291475897 -0.0749753218 -0.243702367 0 0 0
C@CP 3131 0.154149332 0.310220236 -0.0467682906 0 0 0
C@CP 3132 0.186967647 0.0956331717 -0.387265309 0 0 0
C@CP 3133 -0.223099732 -0.35657999 -0.200502735 0 0 0
C@CP 3134 0.0938458384 0.0476527904 0.434224735 0 0 0
C@CP 3135 -0.2642339 -0.138596436 -0.00558804854 0 0 0
C@CP 3136 -0.0024912533 0.226787787 0.0853447496 0 0 0
C@CP 3137 0.338691816 0.109509225 -0.00106794411 0 0 0
C@CP 3138 -0.284788758 -0.234137737 0.27411997 0 0 0
C@CP 3139 -0.180964981 0.14465881 -0.0288892851 0 0 0
C@CP 3140 -0.268961965 0.201424812 0.183186954 0 0 0
C@CP 3141 -0.187053719 0.372263545 -0.130221086 0 0 0
C@CP 3142 0.135905752 0.37838915 0.125883859 0 0 0
C@CP 3143 0.28298694 0.100044566 -0.00961638209 0 0 0
C@CP 3144 0.21274493 -0.115939678 -0.206190122 0 0 0
C@CP 3145 -0.00306783787 0.188311989 0.163585819 0 0 0
C@CP 3146 -0.21814077 -0.324294642 0.0665897532 0 0 0
C@CP 3147 -0.426469261 0.152693748 -0.062737499 0 0 0
C@CP 3148 -0.187999785 -0.128577609 0.388592663 0 0 0
C@CP 3149 0.046842869 0.226137251 -0.145369924 0 0 0
C@CP 3150 -0.00153906846 -0.297372612 0.00902858957 0 0 0
C@CP 3151 -0.258862464 0.0897707986 -0.0549263255 0 0 0
C@CP 3152 -0.332789676 -0.263570189 0.0572986267 0 0 0
C@CP 3153 -0.291997147 0.0967561206 0.086204903 0 0 0
C@CP 3154 0.236406687 -0.0116357866 0.0122048705 0 0 0
C@CP 3155 0.223333591 -0.297041819 -0.262877569 0 0 0
C@CP 3156 -0.164492769 0.135412295 -0.183415945 0 0 0
C@CP 3157 0.14420561 -0.312948771 0.168457389 0 0 0
C@CP 3158 -0.311759713 0.138204501 -0.144394698 0 0 0
C@CP 3159 0.462268667 -0.0165308388 -0.0810564893 0 0 0
C@CP 3160 -0.399802326 -0.048330683 -0.0789364779 0 0 0
C@CP 3161 0.0459717343 -0.170092304 0.427168805 0 0 0
C@CP 3162 0.175754661 -0.0772208625 0.290153801 0 0 0
C@CP 3163 -0.158085112 -0.233420535 -0.0551279126 0 0 0
C@CP 3164 -0.00822923453 -0.280428476 0.276955919 0 0 0
C@CP 3165 -0.220497466 0.0466986283 -0.304391044 0 0 0
C@CP 3166 0.19467434 0.140722467 -0.0459309064 0 0 0
C@CP 3167 -0.188111575 -0.0577595319 -0.374206776 0 0 0
C@CP 3168 -0.0277441312 -0.260013507 0.257468271 0 0 0
C@CP 3169 -0.205431861 -0.202608515 0.170855109 0 0 0
C@CP 3170 -0.0842116712 -0.305025593 0.0598538916 0 0 0
C@CP 3171 0.361741011 -0.0257638094 -0.26614921 0 0 0
C@CP 3172 0.016600682 -0.109206529 0.111514898 0 0 0
C@CP 3173 -0.127200612 0.159396466 -0.0132592539 0 0 0
C@CP 3174 0.125825746 -0.105799104 0.404291916 0 0 0
C@CP 3175 -0.327919424 0.140956567 -0.148354458 0 0 0
C@CP 3176 -0.328878264 -0.240250487 0.0283134576 0 0 0
C@CP 3177 0.150095946 0.30953431 -0.208168648 0 0 0
C@CP 3178 0.251207047 -0.0448465149 0.2052734 0 0 0
C@CP 3179 0.218530162 0.115724553 0.0888823942 0 0 0
C@CP 3180 -0.0417286107 0.3000473 0.221591695 0 0 0
C@CP 3181 0.0187029262 -0.248421087 -0.32413056 0 0 0
C@CP 3182 0.161310102 0.363321793 0.107144789 0 0 0
C@CP 3183 0.12366059 -0.251725498 0.136173957 0 0 0
C@CP 3184 -0.225236116 0.110047673 0.21948898 0 0 0
C@CP 3185 -0.0241309461 0.211974926 -0.158232561 0 0 0
C@CP 3186 0.0713853588 -0.0476092336 0.424602754 0 0 0
C@CP 3187 -0.123979461 0.182471649 -0.137063636 0 0 0
C@CP 3188 -0.249654282 -0.238820204 -0.0679457586 0 0 0
C@CP 3189 0.0733667176 -0.140775093 0.059245429 0 0 0
C@CP 3190 -0.00603035198 0.325984681 -0.0453979915 0 0 0
C@CP 3191 -0.153737318 0.239564438 -0.24418964 0 0 0
C@CP 3192 -0.0351879828 -0.266852845 -0.0120358888 0 0 0
C@CP 3193 0.148779708 -0.228291307 -0.374774604 0 0 0
C@CP 3194 -0.032688262 -0.188628202 0.0705661771 0 0 0
C@CP 3195 -0.372638712 0.0933804248 -0.235336271 0 0 0
C@CP 3196 -0.223876886 -0.337905976 -0.0187689109 0 0 0
C@CP 3197 0.168479304 -0.278640584 0.0434400016 0 0 0
C@CP 3198 -0.2574874 -0.0400750771 -0.0675437147 0 0 0
C@CP 3199 0.0495561714 -0.206193573 0.116667348 0 0 0
C@CP 3200 0.356016895 0.0651821076 -0.0922053741 0 0 0
C@CP 3201 -0.214994356 0.0659156145 0.135419008 0 0 0
C@CP 3203 -0.0805759668 -0.0684355412 0.193118451 0 0 0
C@CP 3204 0.126168796 -0.246698584 -0.264944473 0 0 0
C@CP 3205 -0.0552632712 -0.127777999 -0.183519089 0 0 0
C@CP 3206 -0.0471662135 -0.0879145177 0.406563087 0 0 0
C@CP 3207 0.24977827 0.213222335 -0.0435056948 0 0 0
C@CP 3208 0.122707402 -0.0931730168 0.370394537 0 0 0
C@CP 3209 0.177187276 0.133421326 -0.199845645 0 0 0
C@CP 3210 -0.280277486 -0.0297522198 0.350717276 0 0 0
C@CP 3211 0.339938792 -0.186148977 -0.185691889 0 0 0
C@CP 3212 -0.222989494 -0.322830703 -0.109721461 0 0 0
C@CP 3213 -0.112774388 -0.244304281 -0.283369046 0 0 0
C@CP 3214 -0.299139985 -0.287713872 0.0854410971 0 0 0
C@CP 3215 0.10916395 0.203517282 -0.243144834 0 0 0
C@CP 3216 -0.171268117 -0.106379766 0.220157668 0 0 0
C@CP 3217 0.267352776 -0.343624476 0.0615529993 0 0 0
C@CP 3218 -0.200028583 0.259637187 -0.313902751 0 0 0
C@CP 3219 -0.24617202 0.00433754038 0.146824163 0 0 0
C@CP 3220 -0.219810007 0.106322269 0.368185242 0 0 0
C@CP 3221 0.0132915033 0.122371571 0.258989844 0 0 0
C@CP 3222 0.0804285229 0.206622733 0.215987641 0 0 0
C@CP 3223 -0.0890132639 -0.0941465508 0.240199202 0 0 0
C@CP 3224 0.120925407 0.200390847 0.272570802 0 0 0
C@CP 3225 0.296415976 -0.112485053 0.18359789 0 0 0
C@CP 3226 -0.145691919 0.268945233 0.314310554 0 0 0
C@CP 3227 0.267243699 0.237051508 0.266887958 0 0 0
C@CP 3228 -0.400527488 -0.103634519 0.0305314679 0 0 0
C@CP 3229 0.109281882 -0.144999342 0.231799293 0 0 0
C@CP 3230 0.138024462 -0.119883313 0.370813427 0 0 0
C@CP 3231 -0.303286247 -0.286588457 -0.157073394 0 0 0
C@CP 3232 -0.198838634 0.265729656 0.0791315892 0 0 0
C@CP 3233 -0.0240397076 0.199363845 0.061055606 0 0 0
C@CP 3234 -0.285080023 -0.010752508 0.327361971 0 0 0
C@CP 3235 0.0561450891 -0.157483652 0.364901631 0 0 0
C@CP 3236 -0.0620355722 0.134872995 -0.220322549 0 0 0
C@CP 3237 0.0866322532 0.411838775 0.145454884 0 0 0
C@CP 3238 0.123304428 0.359056273 0.139426563 0 0 0
C@CP 3239 -0.22999499 -0.00440307009 -0.346289128 0 0 0
C@CP 3240 0.229141236 -0.157786781 0.367742318 0 0 0
C@CP 3241 -0.241411985 -0.0184011544 -0.318223846 0 0 0
C@CP 3242 -0.267385459 -0.0494719721 -0.269148587 0 0 0
C@CP 3243 0.122732296 0.350167355 0.146942906 0 0 0
C@CP 3244 0.166506997 -0.0333422995 0.0720844821 0 0 0
C@CP 3245 -0.0554881454 -0.324077635 -0.185639849 0 0 0
C@CP 3246 -0.336328802 -0.198599165 0.222380984 0 0 0
C@CP 3247 -0.221157718 0.20856482 -0.343411335 0 0 0
C@CP 3248 -0.249848552 0.0744688891 0.291264466 0 0 0
C@CP 3249 0.199783891 0.114329707 -0.323887013 0 0 0
C@CP 3250 0.216582065 -0.206153788 0.191130414 0 0 0
C@CP 3251 0.289051667 0.349810769 -0.104442324 0 0 0
C@CP 3252 0.380924092 0.161676894 -0.182437602 0 0 0
C@CP 3253 0.122764532 -0.00635355435 -0.212750821 0 0 0
C@CP 3254 -0.0704086728 -0.0738601823 0.357314824 0 0 0
C@CP 3255 -0.240374139 -0.0692056291 -0.359345781 0 0 0
C@CP 3256 0.0127906089 0.341662217 0.0526691427 0 0 0
C@CP 3257 0.0235232997 0.332863829 -0.329394531 0 0 0
C@CP 3258 0.30755024 0.273665035 -0.125821766 0 0 0
C@CP 3259 -0.216689327 -0.304291336 0.0741789214 0 0 0
C@CP 3260 -0.080208907 -0.104329067 -0.0186154724 0 0 0
C@CP 3261 -0.148244463 -0.160899892 -0.260212484 0 0 0
C@CP 3262 -0.298017767 -0.215439811 0.215855533 0 0 0
C@CP 3263 0.124041345 0.252597602 -0.235943221 0 0 0
C@CP 3264 0.0439534104 0.0435602061 0.0407363817 0 0 0
C@CP 3265 0.153509532 0.00499830879 0.376784503 0 0 0
C@CP 3266 0.0484937903 0.374037164 -0.228940595 0 0 0
C@CP 3267 -0.284478241 -0.232034736 -0.0893918205 0 0 0
C@CP 3268 -0.121373192 -0.240775771 -0.129570428 0 0 0
C@CP 3269 0.128581565 0.3011477 -0.23935327 0 0 0
C@CP 3270 -0.0844799737 0.152536574 0.337954158 0 0 0
C@CP 3271 -0.338289413 -0.285023079 0.150572716 0 0 0
C@CP 3272 -0.0192157491 0.284805619 0.368398706 0 0 0
C@CP 3273 -0.247068742 -0.178826687 -0.282311643 0 0 0
C@CP 3274 -0.33708472 -0.0404419147 -0.109106922 0 0 0
C@CP 3275 0.126794298 0.0335573027 0.0450251333 0 0 0
C@CP 3277 0.0284077473 -0.217937813 0.10083582 0 0 0
C@CP 3278 0.0742624079 -0.356317441 0.133231424 0 0 0
C@CP 3279 -0.392142733 -0.0402436953 -0.0313783464 0 0 0
C@CP 3280 0.166749845 -0.119651073 -0.103514132 0 0 0
C@CP 3281 0.15159699 0.230876993 -0.253933064 0 0 0
C@CP 3282 -0.06021117 0.167235759 -0.407927148 0 0 0
C@CP 3283 -0.304390849 -0.216842858 0.177584399 0 0 0
C@CP 3284 -0.183317114 0.272765596 0.0101990918 0 0 0
C@CP 3285 0.125127946 -0.172499455 0.348178099 0 0 0
C@CP 3286 -0.173575161 -0.173321379 0.030093748 0 0 0
C@CP 3287 0.165110253 0.0986815024 -0.0964543889 0 0 0
C@CP 3288 -0.118733466 -0.308264292 0.232330201 0 0 0
C@CP 3289 -0.0730961711 -0.293507153 -0.0314760851 0 0 0
C@CP 3290 0.157415389 0.0732267065 -0.0858565348 0 0 0
C@CP 3291 0.351229032 0.0409395501 -0.267683571 0 0 0
C@CP 3292 -0.240243651 0.13749367 -0.123467462 0 0 0
C@CP 3293 0.313320247 -0.15928789 -0.0826674234 0 0 0
C@CP 3295 -0.272091562 -0.285191582 -0.181952638 0 0 0
C@CP 3296 0.0365320299 -0.190260981 0.21027558 0 0 0
C@CP 3297 0.0659952828 0.413359581 -0.0901955589 0 0 0
C@CP 3298 0.218274004 -0.0777370322 -0.104040112 0 0 0
C@CP 3299 0.278162939 -0.0584872003 -0.265939218 0 0 0
C@CP 3300 -0.01983728 0.276833846 -0.378720521 0 0 0
C@CP 3301 0.0897322371 0.0832149448 0.123821897 0 0 0
C@CP 3302 0.0621540359 -0.0700518534 0.42645297 0 0 0
C@CP 3303 0.274076893 -0.184279644 -0.0921135082 0 0 0
C@CP 3304 -0.428608719 0.0141538044 0.0357284609 0 0 0
C@CP 3305 0.364658534 -0.0621218447 0.0841554949 0 0 0
C@CP 3306 -0.0111488898 0.266672756 0.135918778 0 0 0
C@CP 3307 -0.0911405232 0.316816742 -0.1492591 0 0 0
C@CP 3308 0.347693611 0.120995628 -0.275697526 0 0 0
C@CP 3309 0.190666994 -0.14192619 -0.0672411752 0 0 0
C@CP 3310 -0.150958034 -0.172757916 -0.386419799 0 0 0
C@CP 3311 -0.115406159 0.233720575 0.162512432 0 0 0
C@CP 3312 -0.225261119 0.0620510161 0.116254817 0 0 0
C@CP 3313 0.263499622 -0.035120392 -0.205860891 0 0 0
C@CP 3314 -0.129146364 -0.328424299 -0.220307456 0 0 0
C@CP 3315 0.185243212 -0.249386617 -0.0852596766 0 0 0
C@CP 3316 0.0610913324 0.250536377 -0.0184660616 0 0 0
C@CP 3317 0.0480914988 -0.348890937 -0.202829535 0 0 0
C@CP 3318 0.216128773 0.184607653 0.0841786289 0 0 0
C@CP 3319 -0.205284991 0.186540814 0.096190716 0 0 0
C@CP 3320 0.111855102 0.0203688592 -0.221245045 0 0 0
C@CP 3321 -0.35404654 -0.070054109 0.0100455988 0 0 0
C@CP 3322 0.351603211 -0.295671698 0.0158579527 0 0 0
C@CP 3323 -0.37453529 0.0292879938 -0.238706357 0 0 0
C@CP 3324 0.129729915 -0.0519915746 0.102634903 0 0 0
C@CP 3325 -0.0239929902 -0.405519399 -0.20302726 0 0 0
C@CP 3326 -0.118715966 0.154335283 0.255793 0 0 0
C@CP 3327 -0.294303119 -0.00664807608 0.177440463 0 0 0
C@CP 3328 -0.0956904434 0.259313048 -0.078794466 0 0 0
C@CP 3329 -0.0828501021 0.282685836 0.121269007 0 0 0
C@CP 3330 -0.396100133 0.157408414 -0.0719101509 0 0 0
C@CP 3331 0.284279754 -0.356154728 -0.106507928 0 0 0
C@CP 3332 0.0186316906 -0.229552645 0.16485099 0 0 0
C@CP 3333 0.225559901 -0.187085811 0.0959949022 0 0 0
C@CP 3334 -0.144138324 0.235376145 -0.130690087 0 0 0
C@CP 3335 0.0156460429 0.149431368 -0.115944023 0 0 0
C@CP 3336 -0.378285906 0.0267764466 0.25596964 0 0 0
C@CP 3337 0.27651093 -0.155703535 0.100914116 0 0 0
C@CP 3338 -0.411000153 -0.161155625 -0.0812400563 0 0 0
C@CP 3339 -0.422373995 -0.0531802301 -0.108568301 0 0 0
C@CP 3340 0.121429562 -0.148467982 -0.0786067529 0 0 0
C@CP 3341 0.120450195 -0.26824413 -0.084398541 0 0 0
C@CP 3342 -0.106316672 -0.3603226 -0.258415647 0 0 0
C@CP 3343 -0.180326346 -0.317359889 -0.0932944464 0 0 0
C@CP 3344 0.323933391 0.185100938 -0.281953402 0 0 0
C@CP 3345 -0.00965817873 0.137696467 -0.307535411 0 0 0
C@CP 3346 -0.0216336845 0.195120216 -0.15956045 0 0 0
C@CP 3347 0.0343643128 -0.436740683 -0.0538990575 0 0 0
C@CP 3348 0.0576679811 0.100690425 -0.112720868 0 0 0
C@CP 3349 -0.0578398969 0.00846286925 0.162894876 0 0 0
C@CP 3350 -0.249149748 -0.206709195 -0.0499090059 0 0 0
C@CP 3351 0.215955892 -0.00701902992 -0.347057168 0 0 0
C@CP 3353 -0.158086899 0.266431681 0.00158221184 0 0 0
C@CP 3354 -0.242344266 -0.310516183 -0.240875052 0 0 0
C@CP 3355 0.214328634 0.142788387 0.303054232 0 0 0
C@CP 3356 -0.196117685 0.322653237 0.14673416 0 0 0
C@CP 3357 0.176340422 -0.171939404 0.189156668 0 0 0
C@CP 3358 -0.17104199 -0.330987797 -0.0569323284 0 0 0
C@CP 3359 -0.0609178393 0.227755012 0.0219010421 0 0 0
C@CP 3360 0.0901239424 -0.262522087 0.25395242 0 0 0
C@CP 3361 0.313075612 -0.107397807 -0.206601243 0 0 0
C@CP 3362 -0.0778944095 -0.0972586608 0.379273808 0 0 0
C@CP 3363 0.322300903 -0.0195520884 0.0723636525 0 0 0
C@CP 3364 0.114563391 -0.434082715 -0.0595408941 0 0 0
C@CP 3365 -0.334845732 -0.0180041069 0.228490825 0 0 0
C@CP 3366 0.217092568 -0.161471831 0.150182093 0 0 0
C@CP 3367 0.336023297 -0.201027351 -0.110011842 0 0 0
C@CP 3368 -0.0252907374 0.193212541 0.0756975912 0 0 0
C@CP 3369 0.416267364 -0.138207858 -0.168603944 0 0 0
C@CP 3370 -0.330146561 -0.0716049685 -0.324925449 0 0 0
C@CP 3371 -0.31095295 -0.128955171 0.242007514 0 0 0
C@CP 3372 0.0222051542 0.312442392 -0.167112294 0 0 0
C@CP 3373 0.251153495 0.146373064 0.188770787 0 0 0
C@CP 3374 -0.10013329 -0.146962028 -0.208323343 0 0 0
C@CP 3375 0.319375873 0.105889742 -0.0716507647 0 0 0
C@CP 3376 0.0843823707 -0.0342116491 0.00188367649 0 0 0
C@CP 3377 -0.0898555496 -0.0699406883 -0.199171095 0 0 0
C@CP 3378 0.310550341 0.079088366 0.170909353 0 0 0
C@CP 3379 -0.00771772962 0.31619929 -0.276194642 0 0 0
C@CP 3380 0.156186331 -0.283990644 -0.175625563 0 0 0
C@CP 3381 -0.0566846578 0.0193919076 -0.371385719 0 0 0
C@CP 3382 0.185879687 0.18279148 -0.339484402 0 0 0
C@CP 3383 0.272377378 0.0795093319 -0.254529773 0 0 0
C@CP 3384 0.0132148696 -0.0528081664 0.427205019 0 0 0
C@CP 3385 0.0776895865 -0.410820212 -0.105451719 0 0 0
C@CP 3386 -0.286510713 -0.0967844412 0.311912433 0 0 0
C@CP 3387 0.0171124389 -0.178145907 -0.108215099 0 0 0
C@CP 3388 -0.0450175965 -0.157416972 0.180925604 0 0 0
C@CP 3389 -0.0987384394 -0.429800958 0.00471009558 0 0 0
C@CP 3390 -0.232042855 -0.056226554 0.399736824 0 0 0
C@CP 3391 0.344406764 0.0314325129 -0.113297824 0 0 0
C@CP 3392 -0.100782908 -0.263563111 0.286665528 0 0 0
C@CP 3393 -0.390466844 0.128942364 -0.228480993 0 0 0
C@CP 3394 -0.195099346 -0.0765094736 -0.0821987728 0 0 0
C@CP 3395 -0.149613998 -0.126496113 -0.320968386 0 0 0
C@CP 3396 0.100672792 -0.103454133 -0.0828491063 0 0 0
C@CP 3397 0.189053675 -0.0469804146 -0.38895585 0 0 0
C@CP 3398 0.361956749 -0.00533385513 0.0245869371 0 0 0
C@CP 3399 0.028937708 -0.397560296 0.0953195245 0 0 0
C@CP 3400 0.323694584 0.0951658256 -0.131134505 0 0 0
C@CP 3401 0.0567492644 0.257658833 0.0994642802 0 0 0
C@CP 3402 0.280384543 -0.0995005782 0.265047692 0 0 0
C@CP 3403 -0.0995437813 -0.381636061 0.202425184 0 0 0
C@CP 3404 -0.261000089 -0.136382458 -0.360551971 0 0 0
C@CP 3405 -0.174928987 0.00576509558 -0.309348858 0 0 0
C@CP 3406 0.135449826 0.0808304592 -0.0115272928 0 0 0
C@CP 3407 0.294159134 0.109898229 -0.0824877075 0 0 0
C@CP 3408 -0.314153925 -0.0081092628 -0.299711639 0 0 0
C@CP 3409 -0.0197825919 -0.119339387 -0.17763945 0 0 0
C@CP 3410 0.308557645 -0.351783298 0.0550337751 0 0 0
C@CP 3411 -0.2400497 0.352823136 0.0835666108 0 0 0
C@CP 3412 0.396121837 0.0514991997 0.0756065244 0 0 0
C@CP 3413 0.124845795 -0.176910926 0.29000955 0 0 0
C@CP 3414 -0.30275395 0.181513876 0.270931641 0 0 0
C@CP 3415 -0.243527351 0.208947179 0.251218275 0 0 0
C@CP 3416 0.220024397 0.0259877169 -0.308349506 0 0 0
C@CP 3417 -0.0269919505 -0.007209675 0.196577318 0 0 0
C@CP 3418 -0.332410722 0.279955964 -0.045238829 0 0 0
C@CP 3419 -0.0172239978 -0.0365472641 -0.0191466083 0 0 0
C@CP 3420 -0.302114629 0.0206676251 -0.147014172 0 0 0
C@CP 3421 -0.0652713756 0.215700507 0.259921346 0 0 0
C@CP 3422 0.218909815 -0.129645702 0.262692656 0 0 0
C@CP 3423 -0.414238283 -0.150782135 -0.0021873466 0 0 0
C@CP 3424 0.258719523 -0.145916339 0.15976188 0 0 0
C@CP 3425 -0.0106603625 0.370210264 -0.216555562 0 0 0
C@CP 3426 0.267037714 0.24617469 -0.120527658 0 0 0
C@CP 3427 0.3430799 0.200946751 0.146445842 0 0 0
C@CP 3428 -0.12412723 -0.188481712 -0.0724602135 0 0 0
C@CP 3429 -0.399911075 -0.166333649 -0.0583983318 0 0 0
C@CP 3430 -0.324411165 0.310924729 -0.118048302 0 0 0
C@CP 3431 -0.18371816 0.368500266 0.0572249405 0 0 0
C@CP 3432 0.0423422872 -0.236088202 -0.204577651 0 0 0
C@CP 3433 -0.124163638 -0.117451973 -0.304427665 0 0 0
C@CP 3434 0.155640946 0.0808003291 -0.021809908 0 0 0
C@CP 3435 -0.051361024 0.0797143255 -0.2088736 0 0 0
C@CP 3436 -0.168150943 0.346960913 0.0311042214 0 0 0
C@CP 3437 0.120026161 -0.403869475 0.0831560647 0 0 0
C@CP 3438 -0.207402005 -0.0105491993 0.0919096233 0 0 0
C@CP 3439 -0.304993906 0.219998866 -0.204216463 0 0 0
C@CP 3440 0.270373189 -0.233018437 -0.010800533 0 0 0
C@CP 3441 0.211394306 0.144958789 0.241675004 0 0 0
C@CP 3442 -0.164111077 0.0086263161 0.399861833 0 0 0
C@CP 3443 0.100177449 -0.312200929 0.0605165296 0 0 0
C@CP 3444 0.0882383926 0.0754125474 -0.104822667 0 0 0
C@CP 3445 0.212066374 -0.207624728 0.0694301242 0 0 0
C@CP 3446 0.3306952 0.0686452575 0.189053939 0 0 0
C@CP 3447 -0.309995068 -0.207733335 0.16341431 0 0 0
C@CP 3448 0.344668169 -0.0186111752 0.0606466501 0 0 0
C@CP 3449 0.151973292 -0.100756269 -0.0913801015 0 0 0
C@CP 3450 -0.0445695064 0.17620262 -0.0338178729 0 0 0
C@CP 3451 -0.333126302 -0.0687087913 0.0620872188 0 0 0
C@CP 3452 0.243522891 0.0898830041 0.311687811 0 0 0
C@CP 3454 -0.270630976 -0.154670151 -0.354558914 0 0 0
C@CP 3455 0.0364791379 -0.315458308 0.0610255178 0 0 0
C@CP 3456 0.0847246155 0.0957997384 0.00988504683 0 0 0
C@CP 3457 -0.104402695 -0.385589547 -0.108284109 0 0 0
C@CP 3458 -0.139513012 0.360726812 0.0804516572 0 0 0
C@CP 3459 -0.122688228 -0.21685665 -0.117382188 0 0 0
C@CP 3460 -0.105213458 -0.220628657 -0.246319546 0 0 0
C@CP 3461 -0.411598262 -0.125101187 -0.110513831 0 0 0
C@CP 3462 0.199123913 -0.12829297 -0.151147961 0 0 0
C@CP 3463 -0.186707397 0.415877766 0.0958417052 0 0 0
C@CP 3464 -0.275012899 0.164942179 -0.306954987 0 0 0
C@CP 3465 0.0291411271 -0.273824895 -0.0781891951 0 0 0
C@CP 3466 -0.202905117 -0.0530584088 0.118449405 0 0 0
C@CP 3467 0.14698836 0.0826073701 -0.260025544 0 0 0
C@CP 3468 0.0871230158 -0.0873270272 0.391569264 0 0 0
C@CP 3469 -0.0355382159 -0.274112147 -0.262287875 0 0 0
C@CP 3470 -0.176394718 -0.40600846 0.0421811267 0 0 0
C@CP 3471 -0.0951091244 0.390826189 0.245172647 0 0 0
C@CP 3472 0.0169520082 0.15202729 -0.331052953 0 0 0
C@CP 3473 0.0487569209 0.467775437 -0.0478434105 0 0 0
C@CP 3474 0.295045631 -0.0845464797 0.320518976 0 0 0
C@CP 3475 -0.0626335049 0.259532812 -0.0253981025 0 0 0
C@CP 3476 0.109432596 0.26594233 -0.14817745 0 0 0
C@CP 3477 -0.0193052402 0.276661266 -0.364355347 0 0 0
C@CP 3478 0.412509094 -0.101708873 -0.164724814 0 0 0
C@CP 3479 -0.231084382 0.131594947 -0.382876881 0 0 0
C@CP 3480 0.13088718 0.11785108 0.210513424 0 0 0
C@CP 3481 0.175783802 0.342267379 -0.136268635 0 0 0
C@CP 3482 -0.145379463 -0.308148825 0.274011957 0 0 0
C@CP 3483 0.256504644 0.237478487 -0.0936318769 0 0 0
C@CP 3484 0.260677455 0.280290452 0.0566968433 0 0 0
C@CP 3485 0.0707736061 0.0874811881 0.252785451 0 0 0
C@CP 3486 -0.319469395 -0.336140631 -0.0116575105 0 0 0
C@CP 3487 0.125910891 -0.256912784 -0.0975649765 0 0 0
C@CP 3488 -0.197589489 -0.0658242042 -0.0229589818 0 0 0
C@CP 3489 0.307724292 -0.067170695 0.310360556 0 0 0
C@CP 3490 -0.232379877 0.0838239744 -0.192724874 0 0 0
C@CP 3491 0.0656180534 -0.191607454 -0.182951746 0 0 0
C@CP 3492 0.256935015 0.0453186651 -0.0798128154 0 0 0
C@CP 3493 0.109911851 0.129833903 0.0275239528 0 0 0
C@CP 3494 -0.0193402494 0.0423330659 -0.321075259 0 0 0
C@CP 3495 0.292869574 -0.193796527 -0.207724255 0 0 0
C@CP 3496 -0.119583568 0.307517437 -0.18943464 0 0 0
C@CP 3497 -0.205987514 0.11334233 -0.134926084 0 0 0
B@CP 3499 -0.216115642 0.200224906 0.234413579 0 0 0
C@CP 3500 0.426271278 -0.0478529515 -0.176984704 0 0 0
C@CP 3501 0.101046046 0.304522067 -0.315928458 0 0 0
C@CP 3502 -0.159883423 0.109608243 0.166840923 0 0 0
B@CP 3504 0.105823408 -0.388205786 0.00960955976 0 0 0
C@CP 3505 -0.0802296873 -0.16117218 0.223751034 0 0 0
B@CP 3507 0.00799662424 0.444231841 0.0242242356 0 0 0
C@CP 3508 0.061236039 -0.425347787 -0.176589706 0 0 0
B@CP 3510 -0.396084497 -0.0884064221 -0.142801279 0 0 0
C@CP 3511 0.276157375 0.00713990474 -0.0197709504 0 0 0
B@CP 3513 -0.225150249 -0.00201075649 -0.266486943 0 0 0
C@CP 3514 -0.16414433 -0.216142242 0.346374356 0 0 0
B@CP 3516 0.283127326 -0.192542625 -0.196896184 0 0 0
C@CP 3517 0.295686904 -0.0577712873 0.14543511 0 0 0
B@CP 3519 -0.135773933 -0.0427163295 0.145885002 0 0 0
C@CP 3520 0.0792459585 0.180934443 0.222739647 0 0 0
