B@CP 1018 0.139182241 0.075453602 0.268949757 0 0 0
B@CP 1056 0.0544226642 -0.130805988 -0.303413724 0 0 0
B@CP 1079 -0.0934265811 -0.0879228995 0.095068078 0 0 0
B@CP 1087 0.0442264306 0.084179676 0.0117683239 0 0 0
B@CP 1109 0.366654831 -0.247222896 0.0128662187 0 0 0
B@CP 1118 -0.197397864 0.35739668 0.0131285667 0 0 0
B@CP 1200 0.344309654 -0.214493364 0.116045333 0 0 0
B@CP 1239 -0.0347878994 0.180514882 0.0518054362 0 0 0
B@CP 1277 0.0803753923 0.238764299 -0.117917095 0 0 0
B@CP 1286 0.191615917 -0.251126206 0.237331353 0 0 0
B@CP 1288 0.302716472 0.195013373 0.212169231 0 0 0
B@CP 1295 0.19282458 -0.0287218722 0.209897001 0 0 0
B@CP 1344 0.45637816 -0.0472759083 -0.0161316387 0 0 0
B@CP 1348 0.0796569664 0.204234853 0.139100633 0 0 0
B@CP 1352 0.440597007 0.0873184145 0.104241717 0 0 0
B@CP 1364 0.271000439 -0.157972122 0.0758141154 0 0 0
B@CP 1367 -0.0272830455 -0.370702764 -0.182436728 0 0 0
B@CP 1375 0.357845697 0.201249101 0.13712263 0 0 0
B@CP 1427 0.185815108 0.0939486427 -0.0837590412 0 0 0
B@CP 1438 -0.0339864913 -0.198967293 -0.0817718181 0 0 0
B@CP 1491 -0.104981007 -0.303023545 0.146838981 0 0 0
B@CP 1492 0.0460466235 -0.048710898 0.256803939 0 0 0
B@CP 1496 0.195190916 0.229280211 -0.0100094989 0 0 0
B@CP 1503 -0.221347807 0.128770097 -0.352825083 0 0 0
B@CP 1505 0.0277050664 0.283574501 -0.265213001 0 0 0
B@CP 1517 -0.397554532 0.0485585844 0.069923772 0 0 0
B@CP 1541 0.149935226 -0.177594347 -0.269777051 0 0 0
B@CP 1555 -0.133401914 0.314300378 -0.209869644 0 0 0
B@CP 1602 0.357679417 0.168769041 -0.17988114 0 0 0
B@CP 1603 -0.286144677 0.123304111 -0.138321188 0 0 0
B@CP 1628 0.0683959674 -0.260263813 -0.26509696 0 0 0
B@CP 1646 -0.268347264 -0.168570522 -0.116399641 0 0 0
B@CP 1654 0.288948874 0.123672283 -0.0917316339 0 0 0
B@CP 1664 0.190817924 -0.221759003 0.244773424 0 0 0
B@CP 1674 0.25129066 0.370602111 0.0597187474 0 0 0
B@CP 1676 0.11667537 -0.0614564209 0.149363527 0 0 0
B@CP 1691 0.012384697 -0.0501588338 0.0515821456 0 0 0
B@CP 1692 -0.0930693373 -0.070504222 -0.0281212588 0 0 0
B@CP 1714 -0.00794982113 0.226810071 0.193224618 0 0 0
B@CP 1720 -0.136538829 0.0617428834 0.108722663 0 0 0
B@CP 1722 0.367825144 0.0600773696 0.148673264 0 0 0
B@CP 1768 -0.15192179 -0.100413442 0.0887888682 0 0 0
B@CP 1781 -0.0578956049 -0.4002887 -0.16563408 0 0 0
B@CP 1801 0.36907692 0.0178101939 0.140654824 0 0 0
B@CP 1809 0.235788607 0.19987403 -0.335185395 0 0 0
B@CP 1817 0.0799147351 -0.15881817 -0.311357294 0 0 0
B@CP 1852 -0.00643693347 0.115294247 -0.105204169 0 0 0
B@CP 1874 -0.00595978382 -0.147251819 -0.441764632 0 0 0
B@CP 1878 -0.109303123 0.154004046 0.392400983 0 0 0
B@CP 1891 0.0536706887 -0.0718305408 -0.0510113485 0 0 0
B@CP 1915 0.316882798 -0.0519306905 0.0191419309 0 0 0
B@CP 1918 0.394364177 -0.192406638 0.141482446 0 0 0
B@CP 1929 -0.270604991 0.0171694537 -0.340356899 0 0 0
B@CP 1931 0.0201034548 -0.00511309134 0.485352351 0 0 0
B@CP 1936 -0.166256461 0.0262424957 -0.402745122 0 0 0
B@CP 1937 -0.11193741 -0.349923411 0.0806344979 0 0 0
B@CP 1944 -0.360676574 -0.0219737674 0.0764586491 0 0 0
B@CP 1947 -0.197266074 0.134750975 -0.0848854405 0 0 0
B@CP 1968 -0.17558901 0.0717472108 0.320262198 0 0 0
B@CP 1990 0.190787888 0.154159566 -0.306683385 0 0 0
B@CP 2016 -0.246511122 -0.104326693 -0.269407944 0 0 0
B@CP 2019 -0.309508603 0.276343496 -0.139104332 0 0 0
B@CP 2024 0.0296433797 0.198037442 -0.235571873 0 0 0
B@CP 2033 -0.0133895102 -0.0615623768 0.328100654 0 0 0
B@CP 2050 -0.160990528 -0.255238053 0.16777066 0 0 0
B@CP 2068 0.0725902682 0.382495224 0.264936592 0 0 0
B@CP 2076 -0.0293731305 0.366503029 0.261718385 0 0 0
B@CP 2097 -0.326763068 -0.0271276779 -0.0544356468 0 0 0
B@CP 2126 0.143375665 -0.330573275 0.292571026 0 0 0
B@CP 2148 -0.303767545 0.0137009971 -0.27756811 0 0 0
B@CP 2150 -0.0553703535 0.384193752 -0.0402221873 0 0 0
B@CP 2152 0.36566901 0.0923748526 -0.102065418 0 0 0
B@CP 2159 -0.149569403 -0.204543931 0.270035083 0 0 0
B@CP 2171 -0.0136229962 -0.347998731 -0.15709561 0 0 0
B@CP 2174 0.0098423875 0.40042936 -0.135451594 0 0 0
B@CP 2211 -0.125536589 0.0862986792 -0.233091928 0 0 0
B@CP 2212 -0.0831822178 0.157834894 0.430920642 0 0 0
B@CP 2213 -0.0439747273 -0.185408558 0.129023797 0 0 0
B@CP 2217 0.060903717 0.252350256 -0.351784339 0 0 0
B@CP 2220 -0.318165104 0.271458849 0.010558129 0 0 0
B@CP 2223 0.247932743 0.0564341395 -0.132038079 0 0 0
B@CP 2238 0.378160116 0.135337572 -0.15875815 0 0 0
B@CP 2243 -0.390831482 0.0908890788 0.134474186 0 0 0
B@CP 2249 -0.439551304 0.0612108314 0.108442049 0 0 0
B@CP 2250 0.18441832 0.280696779 -0.184841331 0 0 0
B@CP 2256 -0.115306029 -0.135281554 -0.286404952 0 0 0
B@CP 2271 0.224210354 0.0579053032 -0.203798489 0 0 0
B@CP 2280 -0.29302021 -0.179677657 0.120895047 0 0 0
B@CP 2298 -0.0109220633 -0.148823033 -0.213075477 0 0 0
B@CP 2314 0.0280216452 -0.0427123979 -0.003950277 0 0 0
B@CP 2319 0.342483943 -0.0213638422 -0.152344871 0 0 0
B@CP 2324 0.00180951268 -0.122594393 -0.196684925 0 0 0
B@CP 2325 0.080663151 0.31624427 -0.0071638385 0 0 0
B@CP 2326 -0.193086505 0.295227745 0.0662796673 0 0 0
B@CP 2339 -0.425713842 -0.0760831623 -0.044664882 0 0 0
B@CP 2344 -0.393204246 -0.0644511942 0.106207088 0 0 0
B@CP 2351 -0.015233567 0.107622256 -0.241680265 0 0 0
B@CP 2352 0.183298704 -0.17250569 -0.0445723007 0 0 0
B@CP 2354 -0.0616719136 -0.1237109 0.264542369 0 0 0
B@CP 2356 -0.0683427146 -0.116820899 0.212702349 0 0 0
B@CP 2371 -0.162754974 0.375758008 0.0255718868 0 0 0
B@CP 2386 0.298203374 -0.0975543426 0.351176074 0 0 0
B@CP 2411 0.357762575 -0.206681951 -0.132020307 0 0 0
B@CP 2421 -0.258523184 -0.0706948191 -0.162549159 0 0 0
B@CP 2427 0.211842888 -0.0810200528 0.121990803 0 0 0
B@CP 2440 0.315161207 0.218286083 0.167011772 0 0 0
B@CP 2456 0.0435155424 0.365548872 0.121288974 0 0 0
B@CP 2475 -0.20794965 -0.144684362 -0.231943999 0 0 0
B@CP 2493 -0.0196144789 0.121037978 0.0152295106 0 0 0
B@CP 2495 -0.259431574 0.311580067 0.0378132242 0 0 0
C@CP 2500 -0.130003712 0.0694515692 -0.169994343 0 0 0
C@CP 2504 -0.260233935 0.14973621 -0.321938197 0 0 0
C@CP 2506 0.265459543 -0.305978504 0.126538763 0 0 0
C@CP 2510 -0.19717921 -0.111838149 -0.0413772759 0 0 0
C@CP 2511 -0.0892642884 -0.256029875 0.271268937 0 0 0
C@CP 2512 0.44809304 0.0780345469 0.0595349776 0 0 0
C@CP 2513 -0.178993357 0.0407157461 -0.38742183 0 0 0
C@CP 2517 -0.135795587 0.145789966 0.0211953759 0 0 0
C@CP 2518 -0.244532 0.228830561 -0.143922338 0 0 0
C@CP 2519 0.404082971 -0.112095701 -0.159847357 0 0 0
C@CP 2520 -0.331483098 0.163228511 -0.285866184 0 0 0
C@CP 2522 -0.250057643 -0.232878397 -0.0806969251 0 0 0
C@CP 2523 0.293176168 0.0155736902 0.0336952684 0 0 0
C@CP 2525 0.365256443 -0.243905803 0.0541938063 0 0 0
C@CP 2530 0.216480524 0.119672706 -0.299032267 0 0 0
C@CP 2531 0.141656576 -0.229899504 0.138598687 0 0 0
C@CP 2535 -0.171623926 0.198847552 0.0442165627 0 0 0
C@CP 2536 -0.204319527 0.227451929 0.285718701 0 0 0
C@CP 2538 -0.112009044 -0.258929772 0.0450673483 0 0 0
C@CP 2540 0.257920737 0.182924804 0.349937349 0 0 0
C@CP 2541 0.106515467 0.111400028 -0.240862895 0 0 0
C@CP 2545 -0.361140227 0.211639479 -0.0681159644 0 0 0
C@CP 2547 0.180111361 0.27566383 0.305420586 0 0 0
C@CP 2548 -0.401230975 0.186952669 -0.14161666 0 0 0
C@CP 2549 -0.140761537 0.402935952 0.159798174 0 0 0
C@CP 2550 0.114945299 0.114034604 0.239822643 0 0 0
C@CP 2553 0.42086637 -0.0438860777 -0.0279755338 0 0 0
C@CP 2554 -0.170202812 0.150845872 0.234320148 0 0 0
C@CP 2555 -0.130713621 0.148755276 0.14557458 0 0 0
C@CP 2557 0.322206292 0.181154751 -0.00958197314 0 0 0
C@CP 2558 0.0272093292 0.177031082 0.0417014838 0 0 0
C@CP 2560 -0.00720023525 0.119780904 -0.158969829 0 0 0
C@CP 2561 -0.101494176 0.364304035 -0.260347587 0 0 0
C@CP 2564 0.0238430704 -0.384733726 0.120596301 0 0 0
C@CP 2567 0.237172016 0.21102813 -0.28544575 0 0 0
C@CP 2568 -0.332178026 0.264795242 -0.0482966568 0 0 0
C@CP 2569 -0.0793888792 0.249821713 0.0840291465 0 0 0
C@CP 2570 -0.194449948 0.0576889634 -0.0412534309 0 0 0
C@CP 2571 -0.273760307 0.317678767 0.0866206182 0 0 0
C@CP 2573 -0.421916138 -0.164976423 -0.0851885403 0 0 0
C@CP 2576 -0.213938918 0.138226739 -0.0356872706 0 0 0
C@CP 2578 -0.0694965105 -0.125190526 -0.303644846 0 0 0
C@CP 2581 -0.250524827 0.270427009 0.239083245 0 0 0
C@CP 2582 0.19454903 0.027050785 -0.208793711 0 0 0
C@CP 2583 0.263038223 0.337376576 0.168905767 0 0 0
C@CP 2589 0.248120644 -0.0385017306 0.163621987 0 0 0
C@CP 2590 -0.0408178604 -0.219737806 -0.420958358 0 0 0
C@CP 2596 0.106333679 -0.00156088772 0.351748097 0 0 0
C@CP 2598 0.0756296406 -0.328337045 -0.137270989 0 0 0
C@CP 2599 -0.0864297229 0.230980768 0.337420258 0 0 0
C@CP 2605 -0.0493487736 0.117469475 -0.201367395 0 0 0
C@CP 2614 0.311553796 -0.021504936 0.125621311 0 0 0
C@CP 2618 -0.064293551 0.227497531 -0.0212495389 0 0 0
C@CP 2622 -0.150347979 0.169999637 0.260070708 0 0 0
C@CP 2623 0.260045069 -0.00696257228 -0.226788117 0 0 0
C@CP 2624 -0.301692412 -0.0280813011 0.334850721 0 0 0
C@CP 2628 -0.0620465891 -0.234333582 -0.408214573 0 0 0
C@CP 2630 -0.0158419073 -0.0996932595 -0.138801953 0 0 0
C@CP 2632 0.20221014 0.201837892 -0.231489428 0 0 0
C@CP 2634 -0.0347007834 0.275101206 0.00490304716 0 0 0
C@CP 2635 0.0753001468 -0.12783679 -0.0187511667 0 0 0
C@CP 2637 0.0217029897 0.410262316 0.111544632 0 0 0
C@CP 2639 -0.144221237 0.14297533 -0.272101715 0 0 0
C@CP 2640 -0.0976732186 0.0809814934 0.31178164 0 0 0
C@CP 2642 -0.188833294 -0.0425125907 0.009346322 0 0 0
C@CP 2643 0.090682061 -0.0397854319 -0.297077407 0 0 0
C@CP 2645 0.368404427 0.195034023 -0.00859038759 0 0 0
C@CP 2647 -0.179707755 -0.0314714428 -0.369435142 0 0 0
C@CP 2649 -0.0156118164 -0.118473888 0.281500614 0 0 0
C@CP 2650 -0.00505488389 0.295341876 0.315226419 0 0 0
C@CP 2652 0.0405635774 0.243369991 0.135614812 0 0 0
C@CP 2654 0.270699569 0.189367807 0.0495199073 0 0 0
C@CP 2659 0.242642754 -0.160234746 -0.0899876951 0 0 0
C@CP 2662 0.110227596 0.268129839 0.0976061151 0 0 0
C@CP 2664 -0.4411589 -0.0320610356 -0.143350186 0 0 0
C@CP 2666 -0.140442332 0.156844411 0.116571874 0 0 0
C@CP 2667 0.0755552363 -0.0641543911 -0.252984923 0 0 0
C@CP 2668 -0.144231222 -0.20292908 0.258569294 0 0 0
C@CP 2672 0.136672109 -0.158971992 -0.0968052912 0 0 0
C@CP 2673 -0.22660198 0.0368409931 -0.326897604 0 0 0
C@CP 2674 -0.0276091871 0.00267963429 0.362159044 0 0 0
C@CP 2675 -0.219227028 -0.165341874 -0.203717281 0 0 0
C@CP 2676 -0.264491913 0.0332490885 0.242671739 0 0 0
C@CP 2679 -0.119456364 -0.102908347 -0.184506026 0 0 0
C@CP 2680 0.00678493231 -0.170506761 0.111710696 0 0 0
C@CP 2684 0.0477306508 -0.21932566 -0.0211173245 0 0 0
C@CP 2686 -0.240127773 -0.319012606 0.229955772 0 0 0
C@CP 2687 0.00274291807 0.0731508536 0.231572297 0 0 0
C@CP 2689 0.0356809775 -0.0967227007 -0.272728946 0 0 0
C@CP 2690 0.087532147 -0.255458995 -0.169272607 0 0 0
C@CP 2691 -0.328246311 -0.144530008 0.297157462 0 0 0
C@CP 2692 -0.362590518 0.114962724 0.204874095 0 0 0
C@CP 2693 -0.239203791 0.065272615 -0.393193629 0 0 0
C@CP 2694 -0.306316612 0.166647711 0.194917366 0 0 0
C@CP 2698 -0.103523825 -0.101336645 -0.109589928 0 0 0
C@CP 2700 0.057624593 -0.299637917 -0.213229557 0 0 0
C@CP 2706 0.0504515197 -0.436731946 0.0504843005 0 0 0
C@CP 2707 0.263270484 -0.354501447 -0.144165003 0 0 0
C@CP 2708 0.123432301 0.237158798 -0.147630062 0 0 0
C@CP 2710 0.346048167 0.0103867273 0.0508281012 0 0 0
C@CP 2711 0.0664288126 -0.388983738 -0.0589253367 0 0 0
C@CP 2713 -0.244146688 -0.0934581687 -0.0909398839 0 0 0
C@CP 2714 0.342592603 0.142495267 -0.0610024525 0 0 0
C@CP 2715 -0.0238534399 0.328198364 0.11529001 0 0 0
C@CP 2718 -0.209449114 0.113921227 0.282411451 0 0 0
C@CP 2720 0.296101504 0.254364995 -0.135052759 0 0 0
C@CP 2722 -0.109337642 -0.0543422949 -0.275310487 0 0 0
C@CP 2723 -0.214603787 0.310036947 -0.0444308481 0 0 0
C@CP 2724 0.0982017792 0.162577643 0.0642752709 0 0 0
C@CP 2725 0.101022565 0.387900072 0.181414021 0 0 0
C@CP 2727 -0.0390289381 0.0514595024 -0.236595995 0 0 0
C@CP 2733 -0.0726312972 0.174470187 -0.0653297668 0 0 0
C@CP 2734 0.25168728 -0.0647996816 -0.241530319 0 0 0
C@CP 2736 0.162944413 -0.390452051 0.0553442158 0 0 0
C@CP 2737 -0.294238129 0.105514585 -0.0207702685 0 0 0
C@CP 2738 0.0356831114 -0.327772295 -0.270557199 0 0 0
C@CP 2743 -0.0806894545 0.395546187 -0.00501554693 0 0 0
C@CP 2744 0.11860037 0.26079672 0.146118718 0 0 0
C@CP 2745 -0.238249333 0.257550033 0.0651877218 0 0 0
C@CP 2746 -0.254585239 -0.0859028131 0.0272060964 0 0 0
C@CP 2747 -0.219822497 -0.107783352 -0.250812484 0 0 0
C@CP 2748 -0.0866432731 -0.171295585 0.0130214449 0 0 0
C@CP 2752 -0.195951102 -0.186098191 -0.107532731 0 0 0
C@CP 2753 0.282914592 0.0889567878 0.0996897898 0 0 0
C@CP 2754 -0.0930535179 -0.296896572 0.122853568 0 0 0
C@CP 2755 -0.0765997368 0.389435952 -0.100643694 0 0 0
C@CP 2756 0.109743667 -0.206753469 -0.181052797 0 0 0
C@CP 2757 0.324485614 -0.137884168 0.172611454 0 0 0
C@CP 2762 0.205221661 -0.363935282 0.0199439751 0 0 0
C@CP 2768 0.0884204208 -0.154060807 0.264844334 0 0 0
C@CP 2769 0.253916146 0.238450668 -0.0443382862 0 0 0
C@CP 2772 -0.22631334 -0.0523348394 0.159401153 0 0 0
C@CP 2773 -0.174255416 0.18124628 0.211321937 0 0 0
C@CP 2779 -0.199654243 -0.24836425 -0.255234288 0 0 0
C@CP 2780 0.0186432248 0.197040446 0.059012163 0 0 0
C@CP 2781 0.370476297 0.0331983171 -0.215704814 0 0 0
C@CP 2782 -0.194764892 -0.192402535 0.253715308 0 0 0
C@CP 2784 -0.32347836 0.182993481 0.205346506 0 0 0
C@CP 2785 -0.197717709 -0.358651321 0.0125365628 0 0 0
C@CP 2786 -0.176940083 0.189007507 -0.00219459776 0 0 0
C@CP 2787 -0.233198319 0.338024614 -0.047849382 0 0 0
C@CP 2788 -0.0360357366 -0.359908247 -0.0885045898 0 0 0
C@CP 2793 -0.0861960482 -0.315859065 0.0664266224 0 0 0
C@CP 2794 -0.0219868521 -0.178884672 -0.233514086 0 0 0
C@CP 2795 -0.241901642 0.266650354 0.273506256 0 0 0
C@CP 2796 0.201256845 0.288209532 0.0152329675 0 0 0
C@CP 2798 -0.253036744 0.0820647188 -0.18903757 0 0 0
C@CP 2799 0.125890398 -0.305710091 -0.325586562 0 0 0
C@CP 2802 -0.348681935 0.10728424 -0.199940741 0 0 0
C@CP 2804 0.0740952297 -0.38258659 -0.194933574 0 0 0
C@CP 2805 -0.112353461 0.143213232 -0.172391587 0 0 0
C@CP 2806 -0.0119561318 0.033322131 -0.089746484 0 0 0
C@CP 2807 -0.208482992 0.337892868 0.00811099362 0 0 0
C@CP 2808 0.15718717 -0.0560807624 0.357167556 0 0 0
C@CP 2809 0.347444811 -0.254898015 0.0979056203 0 0 0
C@CP 2810 -0.385364628 0.205924544 -0.0100605377 0 0 0
C@CP 2812 0.067352975 -0.0393362342 -0.0990173541 0 0 0
C@CP 2813 -0.14372714 -0.127530649 -0.200926973 0 0 0
C@CP 2814 0.369854416 -0.0248062678 -0.189479714 0 0 0
C@CP 2815 -0.116974439 0.330072701 0.184755177 0 0 0
C@CP 2818 -0.0378062678 -0.205685893 -0.0640951093 0 0 0
C@CP 2819 -0.104396714 0.202794926 -0.268956768 0 0 0
C@CP 2820 0.126543805 -0.254925908 -0.222933352 0 0 0
C@CP 2821 0.0602433139 0.143107845 -0.345804653 0 0 0
C@CP 2822 -0.158614778 -0.0821460523 0.177053784 0 0 0
C@CP 2823 -0.0517297897 -0.153893837 0.0560822155 0 0 0
C@CP 2824 -0.0158872832 -0.00298043647 0.486888 0 0 0
C@CP 2827 0.147899942 -0.0357544651 -0.293107321 0 0 0
C@CP 2829 -0.0510315228 0.244895914 -0.221565169 0 0 0
C@CP 2831 -0.267885308 -0.303590296 0.0676999723 0 0 0
C@CP 2833 0.286656104 -0.0508276063 0.279621707 0 0 0
C@CP 2837 -0.0840715258 0.097350819 0.161846999 0 0 0
C@CP 2838 -0.0739840346 0.255477256 -0.205295627 0 0 0
C@CP 2839 0.0544633194 0.250478705 0.159901952 0 0 0
C@CP 2840 0.357298256 0.0736403043 0.283353748 0 0 0
C@CP 2842 0.220476603 -0.308213357 0.191707381 0 0 0
C@CP 2843 0.0141642918 0.0782326451 0.199447441 0 0 0
C@CP 2845 0.233189977 0.310031259 -0.119316094 0 0 0
C@CP 2846 0.108789361 0.392298455 -0.0392406748 0 0 0
C@CP 2847 0.0586890549 -0.198608722 0.400924101 0 0 0
C@CP 2849 -0.187262073 -0.29056219 -0.0901381671 0 0 0
C@CP 2850 -0.0839408739 -0.367536252 0.00827299845 0 0 0
C@CP 2852 0.290366564 -0.328854664 0.0916678163 0 0 0
C@CP 2854 0.0834451781 -0.0223600327 0.317761886 0 0 0
C@CP 2855 -0.213183484 0.0716118247 -0.143445392 0 0 0
C@CP 2856 0.101406249 0.245700357 0.169619006 0 0 0
C@CP 2857 -0.25307582 0.287632707 0.0232076618 0 0 0
C@CP 2858 -0.0274755354 -0.350871135 0.154121848 0 0 0
C@CP 2859 -0.0982626983 0.286045662 0.226732521 0 0 0
C@CP 2860 -0.180579163 -0.18252257 0.143879456 0 0 0
C@CP 2861 0.231475265 -0.172327051 0.300962632 0 0 0
C@CP 2862 -0.125102224 0.263597762 0.0444126938 0 0 0
C@CP 2863 -0.257029017 -0.235649368 -0.12465282 0 0 0
C@CP 2864 0.284515568 -0.259884924 0.0687476568 0 0 0
C@CP 2867 -0.169909281 -0.326680605 0.289546108 0 0 0
C@CP 2868 -0.39437217 0.113105869 0.0929424989 0 0 0
C@CP 2869 0.000308986242 -0.101053329 -0.0753688457 0 0 0
C@CP 2873 0.40075877 0.157266043 0.0711889959 0 0 0
C@CP 2880 -0.076266487 0.368130995 0.151737148 0 0 0
C@CP 2881 -0.0858926468 0.279837987 -0.0909255923 0 0 0
C@CP 2883 -0.0885834329 -0.14481852 0.321405488 0 0 0
C@CP 2884 -0.0885006799 0.33504672 -0.0894108033 0 0 0
C@CP 2886 0.266405681 -0.279658145 0.148257554 0 0 0
C@CP 2890 0.254660504 0.285548786 0.255690173 0 0 0
C@CP 2891 0.352759496 0.113637971 -0.186419522 0 0 0
C@CP 2893 0.148477422 -0.0392095141 0.317218112 0 0 0
C@CP 2898 -0.234768467 0.124274396 0.00584507908 0 0 0
C@CP 2899 0.26417797 0.0154277379 0.375875738 0 0 0
C@CP 2900 0.0421846891 -0.094619819 -0.262917216 0 0 0
C@CP 2901 -0.0650673895 -0.0526606599 -0.171216612 0 0 0
C@CP 2905 -0.0932218778 -0.175807759 0.378886837 0 0 0
C@CP 2906 0.301503357 -0.142051012 0.0480852447 0 0 0
C@CP 2907 -0.0317404871 -0.227709382 0.170296018 0 0 0
C@CP 2909 0.151271324 -0.169174226 0.0745160959 0 0 0
C@CP 2910 -0.394693981 0.223310678 0.0403167919 0 0 0
C@CP 2913 0.370030571 0.0781125706 0.0722980969 0 0 0
C@CP 2918 -0.0879834019 0.118853197 -0.277969619 0 0 0
C@CP 2919 0.31423921 -0.0371811567 -0.0702653636 0 0 0
C@CP 2920 0.273551516 -0.292585838 0.157796388 0 0 0
C@CP 2921 -0.0931421273 0.044856338 0.23249531 0 0 0
C@CP 2923 0.183320689 -0.386443592 -0.217463386 0 0 0
C@CP 2925 0.144752355 0.0584057953 -0.223789627 0 0 0
C@CP 2926 0.134725569 -0.215897876 -0.342317711 0 0 0
C@CP 2928 -0.225943791 -0.194637533 0.027088495 0 0 0
C@CP 2929 0.0523681706 -0.303851598 0.171565933 0 0 0
C@CP 2930 0.064923182 0.193027467 0.252428014 0 0 0
C@CP 2931 0.315671916 -0.0073573682 0.309759144 0 0 0
C@CP 2933 -0.0831060877 -0.324600643 -0.221895494 0 0 0
C@CP 2934 0.421650091 -0.0949734244 0.139962233 0 0 0
C@CP 2937 0.0428452885 -0.0643788468 -0.105534375 0 0 0
C@CP 2938 0.207980491 0.0240618877 0.344375498 0 0 0
C@CP 2939 -0.00325618625 0.139615731 -0.0936635759 0 0 0
C@CP 2941 -0.0330642822 0.2274117 -0.207723313 0 0 0
C@CP 2943 0.0337790655 0.0798721983 -0.255873822 0 0 0
C@CP 2946 0.0620794558 -0.0239090248 -0.273523276 0 0 0
C@CP 2948 -0.158494703 -0.298929067 0.246351062 0 0 0
C@CP 2951 -0.266387361 -0.148721962 0.217235219 0 0 0
C@CP 2953 -0.0567273045 0.0433821481 0.0914929126 0 0 0
C@CP 2954 -0.339573761 0.0103311228 -0.0049787109 0 0 0
C@CP 2956 -0.239506082 -0.385798741 -0.0892355016 0 0 0
C@CP 2959 -0.0321005615 -0.292936541 -0.167352443 0 0 0
C@CP 2960 -0.174144202 0.108011315 -0.236481196 0 0 0
C@CP 2963 0.0902627513 -0.166217432 -0.0919677912 0 0 0
C@CP 2964 -0.171949114 0.305152693 -0.279284874 0 0 0
C@CP 2968 0.0644812486 -0.111122493 0.192911902 0 0 0
C@CP 2969 0.0886293185 0.0835688387 -0.302268919 0 0 0
C@CP 2970 0.00283831409 -0.108647439 0.278187276 0 0 0
C@CP 2972 0.463291289 -0.0730476742 0.00239763095 0 0 0
C@CP 2974 0.0560840336 -0.293814309 0.166874296 0 0 0
C@CP 2976 -0.393457376 -0.148105605 0.126727188 0 0 0
C@CP 2977 0.182473351 -0.215024667 0.147310743 0 0 0
C@CP 2979 0.270461717 0.212946488 0.150288117 0 0 0
C@CP 2980 -0.0965682121 0.201632851 0.246732437 0 0 0
C@CP 2982 0.273024976 -0.241289754 -0.25787149 0 0 0
C@CP 2983 0.287390596 0.0420263552 0.226998256 0 0 0
C@CP 2985 -0.0309586791 -0.0148167232 0.011139043 0 0 0
C@CP 2988 -0.00479138343 0.15504182 -0.227183739 0 0 0
C@CP 2993 -0.203497865 -0.219649722 -0.364607768 0 0 0
C@CP 2996 -0.231034403 -0.17427602 -0.077715778 0 0 0
C@CP 2998 -0.212276223 0.141863019 -0.387280695 0 0 0
C@CP 3000 -0.289125428 -0.0769281208 -0.34196747 0 0 0
C@CP 3001 -0.0335491693 0.0851538388 -0.263652662 0 0 0
C@CP 3002 -0.0519142253 0.103050055 0.0401740468 0 0 0
C@CP 3003 0.0329265664 0.111389982 -0.244137227 0 0 0
C@CP 3004 -0.180406496 -0.240871327 -0.344744835 0 0 0
C@CP 3006 0.0419274076 -0.222026862 -0.14561693 0 0 0
C@CP 3007 0.0917125965 0.207925087 -0.179630893 0 0 0
C@CP 3008 0.272590503 -0.0716373239 0.117564056 0 0 0
C@CP 3010 -0.0991011822 0.387473864 0.22006414 0 0 0
C@CP 3011 0.332926537 -0.192598554 -0.0285766808 0 0 0
C@CP 3012 0.124620657 0.159281799 0.311522992 0 0 0
C@CP 3014 -0.405011713 -0.0819143409 0.164859686 0 0 0
C@CP 3015 0.271199757 0.174622358 -0.305796043 0 0 0
C@CP 3016 0.0659154749 -0.0582693045 -0.387696051 0 0 0
C@CP 3021 0.318912541 0.117053061 -0.0972638571 0 0 0
C@CP 3022 0.0963031061 -0.201157294 0.333881939 0 0 0
C@CP 3025 0.279264819 0.296481155 -0.0702812646 0 0 0
C@CP 3027 0.0513414653 -0.256108623 -0.0349743288 0 0 0
C@CP 3029 0.112870242 -0.296968212 0.0340761499 0 0 0
C@CP 3031 0.00548089135 0.30101671 -0.0391290178 0 0 0
C@CP 3034 0.034696775 -0.229450188 -0.300872713 0 0 0
C@CP 3037 -0.0139141848 -0.36540252 0.122893811 0 0 0
C@CP 3038 0.0718793788 0.00295719693 -0.102960945 0 0 0
C@CP 3041 -0.253411937 -0.37752749 -0.0453634005 0 0 0
C@CP 3043 0.252712578 -0.160594337 0.129561278 0 0 0
C@CP 3045 -0.110938255 -0.350018321 0.273283953 0 0 0
C@CP 3046 0.0347507534 0.110045667 -0.181139579 0 0 0
C@CP 3048 -0.14926737 -0.117691022 0.253692397 0 0 0
C@CP 3049 -0.031367918 0.225184645 -0.174229359 0 0 0
C@CP 3051 -0.0941591723 -0.226984167 0.0453892047 0 0 0
C@CP 3053 -0.0337732904 -0.156982483 -0.170356076 0 0 0
C@CP 3054 -0.417112999 -0.150971041 -0.0473695887 0 0 0
C@CP 3055 0.272858235 0.285850035 0.0894177473 0 0 0
C@CP 3056 0.332839681 0.155203411 -0.18677141 0 0 0
C@CP 3064 -0.197389943 0.247786699 0.191946217 0 0 0
C@CP 3066 -0.0777494184 0.147966893 -0.173643143 0 0 0
C@CP 3069 -0.216734131 -0.0335090564 -0.388270752 0 0 0
C@CP 3072 -0.0271097232 -0.0817894215 0.201831568 0 0 0
C@CP 3073 0.0855197304 0.369730258 -0.00291111987 0 0 0
C@CP 3075 -0.381265431 0.0222010713 -0.0137993954 0 0 0
C@CP 3081 0.182728323 -0.327228925 0.0154834182 0 0 0
C@CP 3082 -0.462756506 -0.0702306887 0.0477318 0 0 0
C@CP 3088 -0.235250411 -0.209723623 0.0107035816 0 0 0
C@CP 3092 -0.126666102 -0.0059236575 0.192377185 0 0 0
C@CP 3093 -0.334308813 0.00439544955 0.252268306 0 0 0
C@CP 3094 -0.0615850172 0.189840211 -0.361891766 0 0 0
C@CP 3095 0.0318316716 0.100227984 0.190503991 0 0 0
C@CP 3096 -0.307775747 -0.0852569428 -0.211025716 0 0 0
C@CP 3097 -0.0889445581 -0.15973718 0.250220749 0 0 0
C@CP 3102 0.201065726 -0.159421269 0.201429603 0 0 0
C@CP 3105 0.316603994 0.187368004 0.0151000469 0 0 0
C@CP 3106 0.277602744 0.0438177076 -0.040707617 0 0 0
C@CP 3115 -0.080474325 0.154041384 -0.363695301 0 0 0
C@CP 3117 0.341140605 0.00828076099 0.234549669 0 0 0
C@CP 3121 0.194632701 -0.306769399 0.244175907 0 0 0
C@CP 3125 0.316610112 -0.205842434 -0.106888792 0 0 0
C@CP 3128 0.177487477 0.141318766 -0.379613459 0 0 0
C@CP 3129 -0.0596932013 -0.351665254 -0.00312050582 0 0 0
C@CP 3131 -0.264812149 -0.0924670467 0.143287887 0 0 0
C@CP 3134 -0.161153591 0.0154969447 -0.344845372 0 0 0
C@CP 3138 -0.26544021 -0.214432154 0.196372783 0 0 0
C@CP 3139 -0.288536421 0.0806181023 -0.151883693 0 0 0
C@CP 3142 -0.278874554 0.0377896546 -0.118251458 0 0 0
C@CP 3143 -0.0551772004 -0.377984409 -0.164108194 0 0 0
C@CP 3148 -0.115349867 -0.378917855 -0.00385741455 0 0 0
C@CP 3150 -0.284235434 -0.0252163661 0.201344756 0 0 0
C@CP 3152 0.220776373 -0.0122767997 -0.394467562 0 0 0
C@CP 3154 0.290546915 -0.0493011236 -0.202572779 0 0 0
C@CP 3155 0.147184984 -0.161828066 0.00606912691 0 0 0
C@CP 3158 -0.266813081 0.254565268 -0.198670379 0 0 0
C@CP 3159 -0.447532533 0.110748396 0.00803778872 0 0 0
C@CP 3161 0.279100756 0.198603362 0.133111974 0 0 0
C@CP 3162 -0.0656221522 0.349271703 0.0794296646 0 0 0
C@CP 3163 -0.435772768 -0.11048453 -0.11642826 0 0 0
C@CP 3167 -0.084033399 -0.390523735 -0.241109518 0 0 0
C@CP 3170 -0.333066249 -0.29475341 -0.0631944666 0 0 0
C@CP 3171 -0.1509006 -0.0999726849 -0.27053395 0 0 0
C@CP 3172 0.384228737 -0.145322277 -0.0813784052 0 0 0
C@CP 3173 -0.217781562 0.288156902 0.062811554 0 0 0
C@CP 3177 0.25197065 0.140097857 0.173976768 0 0 0
C@CP 3179 0.196379374 -0.082619666 0.390607224 0 0 0
C@CP 3182 -0.368745299 0.0193430189 0.235278948 0 0 0
C@CP 3184 0.219622856 -0.0465643091 0.236508025 0 0 0
C@CP 3185 -0.0997055068 -0.321366459 -0.223198087 0 0 0
C@CP 3186 0.0389872496 0.148738204 -0.338937618 0 0 0
C@CP 3187 -0.0594182188 0.24837386 0.15325958 0 0 0
C@CP 3189 0.371041115 0.20074583 -0.0354768862 0 0 0
C@CP 3192 0.283867866 0.0571983301 -0.175448611 0 0 0
C@CP 3196 -0.116554401 0.176696659 -0.179519654 0 0 0
C@CP 3197 0.170555905 0.331707103 0.264671992 0 0 0
C@CP 3198 0.00641257927 -0.0444858688 -0.295231882 0 0 0
C@CP 3200 0.307801286 -0.148853849 -0.295080786 0 0 0
C@CP 3202 0.127023613 -0.0959558705 -0.30220083 0 0 0
C@CP 3203 -0.130969816 -0.236823321 0.241653536 0 0 0
C@CP 3206 -0.00947058951 -0.278932309 0.362055824 0 0 0
C@CP 3212 0.19545144 0.209936409 0.360807395 0 0 0
C@CP 3213 0.0430597999 -0.15929901 -0.144556256 0 0 0
C@CP 3216 -0.100579033 -0.205151719 -0.285959954 0 0 0
C@CP 3220 -0.0573791306 -0.0316750601 0.160101039 0 0 0
C@CP 3222 -0.354502823 0.284219227 -0.0219149195 0 0 0
C@CP 3224 -0.0936549275 0.253054307 -0.0203966632 0 0 0
C@CP 3226 0.0225425953 0.166478821 -0.13483371 0 0 0
C@CP 3227 0.23855843 -0.34993353 -0.0284313313 0 0 0
C@CP 3229 -0.00577116393 -0.323534922 -0.0588080985 0 0 0
C@CP 3230 -0.150576311 -0.16216341 0.296486539 0 0 0
C@CP 3231 0.162104247 0.00160152275 0.140768781 0 0 0
C@CP 3232 -0.0574939152 0.0317805298 -0.259484126 0 0 0
C@CP 3233 -0.178837038 0.153542614 0.300653586 0 0 0
C@CP 3234 -0.172943939 0.264819691 0.173033517 0 0 0
C@CP 3237 0.160884879 -0.119674724 0.034189846 0 0 0
C@CP 3240 -0.0479324554 0.147463948 0.227614246 0 0 0
C@CP 3243 0.253772343 0.0568243842 -0.379730563 0 0 0
C@CP 3245 -0.0221525217 0.0624252056 -0.0903196949 0 0 0
C@CP 3247 0.0346028036 -0.376243299 -0.0999944064 0 0 0
C@CP 3248 0.295577994 -0.0937033421 -0.1751786 0 0 0
C@CP 3251 -0.175966098 0.127097762 0.125928079 0 0 0
C@CP 3252 0.103568711 -0.319304435 -0.321322083 0 0 0
C@CP 3254 -0.0872239098 0.0502161161 -0.0961321511 0 0 0
C@CP 3257 -0.266212492 -0.139048998 0.374176538 0 0 0
C@CP 3258 -0.0752904707 0.0360826864 -0.106521358 0 0 0
C@CP 3259 -0.0216516865 0.0612199113 -0.254498058 0 0 0
C@CP 3260 0.169439168 0.011354931 -0.0258971764 0 0 0
C@CP 3262 0.264421228 -0.150805205 0.149157662 0 0 0
C@CP 3263 -0.169597856 0.206478697 -0.0433151544 0 0 0
C@CP 3264 -0.12844825 -0.3281923 -0.132292286 0 0 0
C@CP 3266 -0.0649416227 0.0228701045 0.327301434 0 0 0
C@CP 3269 -0.00142421589 -0.00359045444 -0.0141079207 0 0 0
C@CP 3270 0.235676082 0.0287081254 -0.382590516 0 0 0
C@CP 3271 -0.205885011 0.0898085446 -0.369175622 0 0 0
C@CP 3273 -0.198258677 -0.178043355 -0.0450410375 0 0 0
C@CP 3275 -0.0990410972 -0.125315066 -0.108565507 0 0 0
C@CP 3276 0.119423443 -0.0520560652 0.0834906182 0 0 0
C@CP 3278 -0.0982795726 0.0197199108 -0.044999144 0 0 0
C@CP 3280 -0.223465215 0.0205509539 0.197883619 0 0 0
C@CP 3281 -0.022838227 0.222854652 0.316959999 0 0 0
C@CP 3282 0.177346683 -0.344923268 0.216805041 0 0 0
C@CP 3286 -0.324878465 -0.174545499 -0.207496665 0 0 0
C@CP 3287 -0.290262945 0.219357106 0.282388991 0 0 0
C@CP 3288 -0.0719331832 0.300694041 0.118455271 0 0 0
C@CP 3289 0.133680921 0.170851119 0.112246391 0 0 0
C@CP 3292 0.0658090045 -0.351867346 -0.146872532 0 0 0
C@CP 3293 -0.0762131433 -0.182014707 0.393421487 0 0 0
C@CP 3294 -0.0682639745 0.070746068 -0.120890896 0 0 0
C@CP 3297 -0.232951809 -0.0620885092 -0.049055583 0 0 0
C@CP 3302 -0.181748543 0.0960096011 0.0332687077 0 0 0
C@CP 3308 0.0652687588 0.0453913763 -0.0297236652 0 0 0
C@CP 3310 -0.293417037 0.303821424 -0.0795490772 0 0 0
C@CP 3311 -0.130757461 -0.262558836 -0.331343392 0 0 0
C@CP 3312 0.197889935 -0.222317065 -0.0932532086 0 0 0
C@CP 3317 -0.257731509 -0.0399611018 0.0857723881 0 0 0
C@CP 3318 -0.207676389 0.167837556 0.0425922254 0 0 0
C@CP 3320 -0.218849692 -0.0686294374 0.35307253 0 0 0
C@CP 3321 -0.0564302891 0.211631118 -0.356020891 0 0 0
C@CP 3324 0.0331152902 0.105625429 -0.372737621 0 0 0
C@CP 3325 -0.229259264 -0.155913519 0.0977583195 0 0 0
C@CP 3329 -0.327762301 -0.276499412 0.0117987531 0 0 0
C@CP 3330 -0.127561196 0.365666106 0.181611946 0 0 0
C@CP 3332 -0.274739561 -0.299850678 0.214150766 0 0 0
C@CP 3334 -0.314931558 0.178349653 0.0689799286 0 0 0
C@CP 3335 0.133899992 -0.010712393 0.110218072 0 0 0
C@CP 3336 0.161915876 -0.283088272 0.262444073 0 0 0
C@CP 3337 -0.325108426 0.194357464 0.229838384 0 0 0
C@CP 3338 0.0360747265 0.387571436 0.00707566854 0 0 0
C@CP 3340 -0.454326546 0.0747938201 0.0829671478 0 0 0
C@CP 3341 -0.140162059 0.129724932 -0.108466326 0 0 0
C@CP 3342 -0.135754006 0.0517309746 -0.248059392 0 0 0
C@CP 3346 0.415966874 0.0251405137 0.215419386 0 0 0
C@CP 3347 0.107208837 -0.0297354367 -0.437504514 0 0 0
C@CP 3348 0.184536473 -0.256670227 -0.0130295544 0 0 0
C@CP 3349 -0.342458224 -0.0199270782 -0.169550872 0 0 0
C@CP 3355 -0.118123081 -0.198897782 0.40723433 0 0 0
C@CP 3356 0.259707238 -0.275421367 0.147782698 0 0 0
C@CP 3357 -0.0480169397 -0.327017199 -0.0718190043 0 0 0
C@CP 3362 0.269028561 -0.0630059656 -0.17756104 0 0 0
C@CP 3364 -0.175161925 -0.123151181 0.304742863 0 0 0
C@CP 3365 0.153512279 -0.14675243 0.000856329182 0 0 0
C@CP 3369 -0.463133396 0.0344219617 -0.0827197187 0 0 0
C@CP 3370 0.178748606 0.310790823 -0.0921712215 0 0 0
C@CP 3371 -0.100632921 0.406513981 0.128673782 0 0 0
C@CP 3372 0.0437577637 0.333364971 -0.0558160772 0 0 0
C@CP 3374 -0.249734065 0.0181780117 -0.15177632 0 0 0
C@CP 3376 -0.243649454 0.0577967448 0.228491148 0 0 0
C@CP 3377 -0.144893795 0.0425928904 0.404286741 0 0 0
C@CP 3378 0.379631777 0.234275005 -0.0658889061 0 0 0
C@CP 3382 0.0010815846 0.267710656 -0.0998624147 0 0 0
C@CP 3383 -0.16184639 0.340484443 -0.0110566015 0 0 0
C@CP 3386 -0.457683173 -0.00375665968 -0.124323134 0 0 0
C@CP 3388 -0.0183246505 -0.00248453776 0.0800646677 0 0 0
C@CP 3389 0.270136752 0.0856947913 0.0884147128 0 0 0
C@CP 3390 0.053593047 -0.0181594013 0.146879848 0 0 0
C@CP 3391 0.210433293 -0.13283229 -0.124320962 0 0 0
C@CP 3392 -0.137204682 0.0390920299 0.287916339 0 0 0
C@CP 3393 -0.0822494911 0.316512056 0.198630735 0 0 0
C@CP 3394 0.235740703 0.266368473 0.0159037194 0 0 0
C@CP 3396 -0.230718814 0.304867239 -0.114271782 0 0 0
C@CP 3397 -0.327090464 0.0742659093 -0.195612718 0 0 0
C@CP 3399 0.20310575 0.187806402 -0.268332858 0 0 0
C@CP 3400 -0.287177604 -0.0827027749 -0.267337827 0 0 0
C@CP 3401 0.0570460339 0.46143539 -0.0392523885 0 0 0
C@CP 3402 0.434380165 0.15536085 0.0532108418 0 0 0
C@CP 3403 0.305975778 -0.234159338 -0.241509901 0 0 0
C@CP 3405 0.159398007 -0.135155191 0.403095273 0 0 0
C@CP 3408 -0.083200677 0.300776657 0.31209683 0 0 0
C@CP 3410 0.205818173 -0.392914993 0.144494253 0 0 0
C@CP 3412 0.350992732 0.123583781 -0.119576208 0 0 0
C@CP 3413 -0.197876388 -0.0954416735 -0.299383219 0 0 0
C@CP 3416 -0.27476314 -0.0591587259 0.102922802 0 0 0
C@CP 3418 0.0696594818 0.0645176785 0.18882371 0 0 0
C@CP 3420 0.232946384 0.249534302 0.146862624 0 0 0
C@CP 3421 0.253902686 -0.263484896 -0.051197849 0 0 0
C@CP 3423 0.0569282059 0.0267243985 0.332772782 0 0 0
C@CP 3427 -0.00631414229 -0.174460687 -0.366445735 0 0 0
C@CP 3428 -0.0973601149 -0.10179555 -0.378695585 0 0 0
C@CP 3429 0.0945041487 0.160841999 -0.370362316 0 0 0
C@CP 3432 -0.303080709 -0.0249314796 -0.0868525913 0 0 0
C@CP 3433 -0.184427979 0.328328927 0.181867119 0 0 0
C@CP 3434 -0.228357231 -0.181891607 -0.186154387 0 0 0
C@CP 3435 0.164475462 0.39912745 -0.194317658 0 0 0
C@CP 3436 0.104013106 0.267861213 -0.144117945 0 0 0
C@CP 3441 0.0773319128 0.287660628 0.322026214 0 0 0
C@CP 3442 0.201595976 0.304410026 -0.0662678008 0 0 0
C@CP 3452 -0.164670836 0.00456436914 0.181304201 0 0 0
C@CP 3455 0.0761584526 -0.323462193 -0.269106492 0 0 0
C@CP 3457 0.054161071 0.000937693663 0.0755794025 0 0 0
C@CP 3460 0.071644243 0.414986895 -0.0603754436 0 0 0
C@CP 3462 -0.293784691 -0.151526434 -0.255334098 0 0 0
C@CP 3464 -0.358832743 0.29786396 -0.0126376101 0 0 0
C@CP 3465 -0.17113859 0.176789485 -0.387876243 0 0 0
C@CP 3466 0.0333737508 0.0883254806 0.189090968 0 0 0
C@CP 3468 0.0994597434 -0.139392022 0.109689462 0 0 0
C@CP 3470 0.352563745 -0.253903525 -0.18648879 0 0 0
C@CP 3471 0.30667075 -0.11722523 0.158555087 0 0 0
C@CP 3472 0.205753014 0.17172594 -0.17586367 0 0 0
C@CP 3475 0.206741145 0.138311436 -0.0617023983 0 0 0
C@CP 3478 -0.129893544 -0.253106025 -0.229774625 0 0 0
C@CP 3479 0.130845744 0.146096248 0.033243793 0 0 0
C@CP 3480 0.140190951 0.148660743 -0.199379583 0 0 0
C@CP 3483 -0.149425918 0.000219884688 -0.112173917 0 0 0
C@CP 3486 0.221236255 -0.11756785 -0.0227978647 0 0 0
C@CP 3490 0.124873537 0.140264906 -0.0241163573 0 0 0
C@CP 3491 -0.430036338 -0.0438348302 0.11034851 0 0 0
C@CP 3494 0.305703789 -0.0324727673 0.0146781037 0 0 0
C@CP 3497 0.127195958 0.355900488 0.190303579 0 0 0
C@CP 3498 0.342184362 0.138915052 0.216787844 0 0 0
C@CP 3499 0.309358215 -0.185636219 0.212182085 0 0 0
C@CP 3502 -0.0968954104 0.177052957 -0.00640667066 0 0 0
C@CP 3505 0.244925494 0.121352088 0.151094621 0 0 0
B@CP 3507 -0.153992506 -0.336083078 -0.284511839 0 0 0
C@CP 3508 -0.0715691569 -0.341995817 0.0293757004 0 0 0
C@CP 3517 -0.297509621 -0.241827517 0.151671763 0 0 0
B@CP 3519 -0.228613682 -0.23102999 0.0348823329 0 0 0
B@CP 3521 0.234385381 -0.0414584229 -0.196802677 0 0 0
B@CP 3527 -0.124996117 0.28712642 0.311491949 0 0 0
C@CP 3529 -0.0952580408 -0.208278188 0.405608893 0 0 0
C@CP 3532 -0.0873773877 0.162485041 0.349742292 0 0 0
B@CP 3537 0.423510714 -0.0351063511 -0.144070451 0 0 0
B@CP 3541 0.0811427299 -0.0368466147 0.333781635 0 0 0
C@CP 3542 0.105667514 -0.0921820655 0.198506142 0 0 0
C@CP 3543 -0.218037227 -0.288353033 0.0528387755 0 0 0
B@CP 3546 -0.19896422 -0.171175408 -0.311325469 0 0 0
B@CP 3548 0.133019296 -0.179347797 0.0618893425 0 0 0
C@CP 3551 -0.0996917875 -0.125294116 -0.229996201 0 0 0
B@CP 3557 -0.270728231 -0.233923282 -0.196584 0 0 0
C@CP 3558 -0.227760458 0.187862428 0.289228271 0 0 0
C@CP 3568 -0.146993517 -0.121744578 0.413676699 0 0 0
C@CP 3570 -0.20414527 -0.202800618 -0.0234547833 0 0 0
C@CP 3571 0.317206291 -0.295110937 -0.0826908945 0 0 0
C@CP 3579 0.00976025103 0.352570873 0.0834681362 0 0 0
C@CP 3580 0.044394535 0.0800660063 -0.204732369 0 0 0
B@CP 3582 0.0657756207 0.217070996 -0.0572307052 0 0 0
B@CP 3585 -0.0711693976 0.0279476205 -0.317499041 0 0 0
B@CP 3587 0.0592479913 -0.160529254 0.13386331 0 0 0
C@CP 3595 0.0349155477 -0.213491258 -0.0609374082 0 0 0
C@CP 3604 -0.10783871 -0.219477937 0.378037586 0 0 0
B@CP 3608 -0.0828615012 0.408792725 -0.198382866 0 0 0
C@CP 3611 -0.0557715575 0.0691794841 0.420415475 0 0 0
C@CP 3613 0.111026929 0.243355053 0.285861493 0 0 0
B@CP 3617 -0.393630515 0.0724433658 0.228660987 0 0 0
C@CP 3618 0.107043495 -0.0900221886 -0.0705287195 0 0 0
C@CP 3619 -0.0761376914 -0.193550476 -0.242082577 0 0 0
B@CP 3621 0.0602918215 -0.341627948 -0.245403471 0 0 0
C@CP 3625 0.321703965 -0.0598614048 -0.243916195 0 0 0
B@CP 3627 -0.189696961 0.125717605 0.262707546 0 0 0
C@CP 3630 -0.370364169 -0.129415556 -0.10490921 0 0 0
C@CP 3631 0.167292622 0.319754822 0.0794490888 0 0 0
C@CP 3634 -0.111247895 0.163326633 0.115365168 0 0 0
C@CP 3640 -0.173129134 -0.373360609 -0.0839885586 0 0 0
B@CP 3648 0.20614342 -0.36465201 0.194552073 0 0 0
C@CP 3651 0.256041931 0.0644922304 -0.0771551986 0 0 0
C@CP 3658 -0.366282042 0.0500342983 0.0228318421 0 0 0
B@CP 3660 0.0927446473 0.221491717 -0.372250702 0 0 0
B@CP 3668 0.148726981 -0.156637062 -0.203285379 0 0 0
C@CP 3669 0.144074981 -0.251256518 0.262985678 0 0 0
C@CP 3670 0.325211038 -0.229850412 0.066182388 0 0 0
B@CP 3672 0.16896774 -0.143231822 -0.0385114541 0 0 0
B@CP 3677 0.229215982 -0.283760277 -0.0425135671 0 0 0
C@CP 3678 -0.300834113 0.318187639 -0.0431167982 0 0 0
C@CP 3679 0.0253531511 -0.16378748 0.118664327 0 0 0
B@CP 3695 -0.413604704 0.0994871427 -0.138997077 0 0 0
C@CP 3696 -0.361418587 0.0461511393 0.0743434756 0 0 0
B@CP 3701 -0.206563483 0.0891654321 0.163646932 0 0 0
C@CP 3704 0.145607035 -0.349664183 -0.108713472 0 0 0
C@CP 3706 -0.301965452 -0.0955164585 0.149045238 0 0 0
B@CP 3708 0.0502469144 -0.0253348662 0.197774714 0 0 0
B@CP 3719 0.22915351 -0.176480112 -0.307973324 0 0 0
C@CP 3732 0.322852325 -0.106678206 -0.060074009 0 0 0
B@CP 3735 -0.176379648 -0.00261518342 0.129116589 0 0 0
C@CP 3739 -0.14537051 0.0794861773 0.0892049708 0 0 0
B@CP 3741 0.110660522 0.309673006 0.0415544738 0 0 0
C@CP 3744 0.448855039 0.0621683286 4.020123e-05 0 0 0
C@CP 3750 0.437363163 -0.137382482 -0.0277889021 0 0 0
C@CP 3751 0.360725134 -0.0551068818 0.18009241 0 0 0
B@CP 3753 0.135906129 0.375249017 0.0934448586 0 0 0
B@CP 3759 0.169447849 0.142670261 0.356479812 0 0 0
B@CP 3764 -0.324865417 0.242374309 -0.149185991 0 0 0
B@CP 3770 0.333647186 -0.161860263 0.0926010809 0 0 0
C@CP 3771 -0.184675286 -0.0875541217 0.00587535736 0 0 0
B@CP 3774 -0.252667871 0.347999424 0.0693468614 0 0 0
B@CP 3776 -0.258236283 -0.317791059 0.109540936 0 0 0
C@CP 3784 -0.149309076 -0.0708012902 -0.252161725 0 0 0
B@CP 3786 0.11581327 0.338676177 0.0337700381 0 0 0
B@CP 3788 0.358596097 0.0232467917 0.0590885203 0 0 0
B@CP 3792 -0.123536119 0.250372689 -0.255342799 0 0 0
C@CP 3793 0.0355735592 0.152364079 0.242549234 0 0 0
C@CP 3795 -0.229678631 -0.175265625 0.113712046 0 0 0
C@CP 3802 0.254093605 -0.141271598 0.227243933 0 0 0
B@CP 3813 0.266613517 -0.190964602 -0.292840989 0 0 0
B@CP 3816 -0.208826215 -0.230389397 -0.285245766 0 0 0
C@CP 3823 -0.320357191 -0.324098765 0.0739627773 0 0 0
C@CP 3824 -0.0856144327 0.319028587 -0.208845561 0 0 0
C@CP 3826 0.301250584 0.234254881 0.00601960422 0 0 0
B@CP 3834 0.113113578 0.0787411853 0.0705328085 0 0 0
B@CP 3837 0.3969849 0.00661306145 -0.180021963 0 0 0
C@CP 3838 -0.256118445 0.282147423 -0.0814588757 0 0 0
C@CP 3844 -0.289090951 -0.104800212 0.114332148 0 0 0
B@CP 3846 0.314591336 -0.0783494649 -0.178787938 0 0 0
C@CP 3849 -0.27870417 0.326368222 -0.129819406 0 0 0
C@CP 3855 -0.15784518 -0.156085413 0.326304933 0 0 0
C@CP 3856 -0.286336661 0.194542816 -0.092692007 0 0 0
C@CP 3862 0.0493176077 -0.231612776 0.260667851 0 0 0
B@CP 3864 -0.104981974 0.107769961 0.339272995 0 0 0
C@CP 3865 -0.124449801 0.29274718 0.196326082 0 0 0
B@CP 3869 -0.165412217 -0.135891828 0.369299598 0 0 0
C@CP 3870 0.0616098217 0.202005803 -0.196179337 0 0 0
C@CP 3879 0.00758895019 0.434534881 -0.150404626 0 0 0
B@CP 3889 0.0852367402 0.223841082 0.3562146 0 0 0
B@CP 3896 0.00275098206 -0.0647049399 0.0997453868 0 0 0
C@CP 3897 -0.281146844 -0.0886221089 -0.144341958 0 0 0
C@CP 3898 -0.229374862 0.134730482 0.270501777 0 0 0
B@CP 3900 0.371655818 -0.22953496 0.143659267 0 0 0
B@CP 3902 -0.216919691 -0.0760353869 -0.243725693 0 0 0
C@CP 3907 0.228752131 -0.215851316 0.136048324 0 0 0
B@CP 3909 -0.011589342 0.0481893658 0.180375304 0 0 0
B@CP 3911 -0.131444786 0.340315374 0.275221837 0 0 0
C@CP 3912 -0.279749744 0.0391169497 0.0922812436 0 0 0
C@CP 3913 -0.149697715 -0.120242944 -0.204175174 0 0 0
B@CP 3915 -0.00470913875 0.188251199 -0.266491534 0 0 0
C@CP 3916 -0.347839905 0.220909929 -0.228460167 0 0 0
B@CP 3918 -0.213994944 -0.0122051286 0.0779293666 0 0 0
C@CP 3919 -0.101948694 -0.319293192 0.325343143 0 0 0
B@CP 3921 -0.20217282 0.160831971 -0.37471408 0 0 0
C@CP 3924 -0.131458867 0.348208274 0.280161679 0 0 0
C@CP 3925 -0.418284761 -0.0217303428 -0.19918913 0 0 0
C@CP 3930 0.263370895 -0.337065562 0.106040505 0 0 0
C@CP 3931 -0.0860696891 0.0939891253 0.254698818 0 0 0
B@CP 3933 0.00960352451 -0.286965785 -0.143102585 0 0 0
C@CP 3936 -0.224813878 -0.287103091 -0.218528805 0 0 0
C@CP 3937 -0.25857023 0.128560536 0.357732982 0 0 0
C@CP 3940 -0.21503128 -0.243455405 0.00815586352 0 0 0
C@CP 3949 0.230611555 -0.0232488762 -0.0206344401 0 0 0
B@CP 3951 -0.0694931878 -0.0387444538 -0.27128707 0 0 0
C@CP 3952 -0.135124656 0.190278324 -0.063715591 0 0 0
C@CP 3955 -0.295314169 -0.00785992387 0.137175055 0 0 0
B@CP 3957 -0.208108939 -0.267969754 -0.108024932 0 0 0
B@CP 3960 -0.326204969 -0.0935465016 0.0292032683 0 0 0
C@CP 3961 -0.118789543 -0.146002162 0.0465077868 0 0 0
B@CP 3963 0.278079998 -0.181177479 -0.264612668 0 0 0
C@CP 3964 -0.0608917481 -0.0680291869 0.0143681598 0 0 0
B@CP 3969 -0.34774041 -0.0922126037 0.105121314 0 0 0
B@CP 3971 0.0921387233 0.384281002 0.240073356 0 0 0
C@CP 3972 -0.181870826 -0.285057886 0.278587407 0 0 0
B@CP 3975 0.234056009 0.0871789156 0.249258342 0 0 0
C@CP 3976 0.114874939 0.0850926945 0.412004387 0 0 0
C@CP 3979 -0.0846279993 -0.339660811 -0.136139815 0 0 0
B@CP 3981 0.368018294 0.0160606041 0.14752017 0 0 0
B@CP 3983 0.0160453778 0.119791202 0.105431589 0 0 0
C@CP 3984 0.162351136 0.176574458 -0.298367228 0 0 0
C@CP 3991 -0.40611361 -0.117675061 -0.0874207287 0 0 0
B@CP 3993 -0.367202225 -0.107428541 -0.115098342 0 0 0
C@CP 3994 0.112595263 -0.212873273 0.228518614 0 0 0
B@CP 3998 0.14087404 0.297657728 -0.0347976346 0 0 0
B@CP 4000 0.147749081 -0.244228206 -0.204090935 0 0 0
C@CP 4001 -0.163517834 -0.136650572 0.301286182 0 0 0
C@CP 4002 0.0246914469 -0.357098364 -0.262056911 0 0 0
C@CP 4003 -0.105615016 -0.147656628 0.339956827 0 0 0
B@CP 4005 -0.119041752 -0.38770857 -0.079845907 0 0 0
B@CP 4008 0.327428471 0.0292685846 -0.0121515798 0 0 0
B@CP 4010 -0.162715289 0.265051663 0.0862498461 0 0 0
C@CP 4015 -0.334461461 0.148880282 -0.0294719209 0 0 0
B@CP 4022 0.0228960768 -0.275605214 -0.162719265 0 0 0
C@CP 4025 -0.00129196446 -0.396256017 -0.061816336 0 0 0
C@CP 4026 0.436457096 0.0446495314 -0.0105551965 0 0 0
C@CP 4027 -0.0769954966 -0.227344582 -0.0272166434 0 0 0
B@CP 4029 0.233298743 -0.372029333 0.149513533 0 0 0
C@CP 4033 0.0745069965 0.105345383 0.27995215 0 0 0
C@CP 4036 -0.290460567 -0.102338727 0.340268469 0 0 0
B@CP 4038 -0.295880919 -0.150158392 0.00716965645 0 0 0
C@CP 4039 0.328629767 -0.166055092 -0.165254888 0 0 0
B@CP 4041 -0.0844951429 -0.0860184373 0.154196028 0 0 0
B@CP 4044 -0.360980649 -0.0358170998 -0.291884902 0 0 0
C@CP 4045 0.393175903 -0.0133429749 0.00830990962 0 0 0
B@CP 4047 0.164562376 0.0918931016 0.193613601 0 0 0
C@CP 4051 -0.00634375891 0.203444889 -0.397896253 0 0 0
C@CP 4057 -0.218847887 0.224241233 0.214396545 0 0 0
C@CP 4060 0.27750477 -0.266772904 -0.0123013646 0 0 0
C@CP 4063 -0.337729349 0.238313785 0.0425811875 0 0 0
C@CP 4068 -0.0614909995 -0.345189728 0.0781960048 0 0 0
B@CP 4071 -0.230039737 -0.270772711 0.19929759 0 0 0
B@CP 4073 -0.248153737 -0.287029358 -0.102522635 0 0 0
C@CP 4074 -0.0998927531 -0.0560579475 -0.230918374 0 0 0
B@CP 4077 0.0656061442 0.325916637 0.300039236 0 0 0
B@CP 4081 0.152068673 0.226972296 0.0689876131 0 0 0
C@CP 4084 0.143757171 -0.0800810982 -0.268710659 0 0 0
C@CP 4085 -0.212982406 -0.104670122 0.266839498 0 0 0
C@CP 4086 -0.0970434296 0.140015714 -0.113787319 0 0 0
C@CP 4087 -0.291599351 0.0934625567 -0.326848387 0 0 0
C@CP 4090 0.423559897 -0.0406509784 -0.202755616 0 0 0
B@CP 4092 -0.0627252294 0.144361488 -0.2423931 0 0 0
B@CP 4094 0.2166887 -0.377297671 0.160953089 0 0 0
C@CP 4095 0.122640841 0.268666091 -0.0122141545 0 0 0
B@CP 4103 0.0722275156 -0.381701112 -0.213679897 0 0 0
B@CP 4114 0.155902739 0.314266889 0.269092679 0 0 0
C@CP 4116 -0.258210404 -0.379888919 -0.0145835484 0 0 0
C@CP 4120 -0.207888435 -0.130077622 -0.234993414 0 0 0
C@CP 4123 0.331547901 -0.240625662 0.149821312 0 0 0
C@CP 4129 0.145485869 -0.00535983554 0.261167155 0 0 0
C@CP 4132 0.245247898 -0.224718653 0.210453455 0 0 0
B@CP 4134 -0.195525248 -0.304505871 0.0491607903 0 0 0
C@CP 4135 -0.404728095 0.0713659522 -0.038945988 0 0 0
C@CP 4138 -0.360778563 -0.279841224 -0.117474162 0 0 0
B@CP 4140 -0.0162183378 -0.153976867 0.321391145 0 0 0
B@CP 4142 0.235208799 -0.388697354 0.0949299856 0 0 0
C@CP 4143 -0.121622307 0.282159525 0.35028354 0 0 0
C@CP 4144 -0.173343842 -0.240177136 0.223942525 0 0 0
B@CP 4146 0.00597775343 0.0297549035 0.372246398 0 0 0
C@CP 4147 0.0516326557 0.235294759 0.179045747 0 0 0
B@CP 4151 -0.0508829512 0.236751151 0.0229606911 0 0 0
C@CP 4153 0.393706277 0.11395664 0.0989244904 0 0 0
C@CP 4156 0.171069952 -0.343212346 -0.0638787452 0 0 0
B@CP 4158 -0.150425577 -0.331534021 0.0818288543 0 0 0
C@CP 4159 0.198187017 0.218319596 -0.0535613658 0 0 0
B@CP 4161 0.386019744 -0.13914202 0.143645551 0 0 0
B@CP 4165 -0.0195491798 0.301348015 0.248571531 0 0 0
C@CP 4169 0.354744178 0.109604454 -0.0896977781 0 0 0
C@CP 4170 0.185136361 -0.241787085 -0.165561839 0 0 0
C@CP 4171 0.177582337 0.354419761 -0.132804157 0 0 0
C@CP 4174 -0.223454099 0.0215887832 0.40356976 0 0 0
B@CP 4176 -0.0293319762 -0.0127584818 0.0146638007 0 0 0
B@CP 4178 -0.297981077 0.268930124 0.00882092315 0 0 0
C@CP 4179 0.24210091 -0.325207342 0.0516531928 0 0 0
C@CP 4180 -0.0631427402 -0.232350284 0.306383234 0 0 0
B@CP 4182 0.306383073 -0.113165194 -0.0242890213 0 0 0
B@CP 4184 -0.301144544 -0.281439851 0.124054331 0 0 0
C@CP 4191 -0.258001745 -0.360612015 0.0419825024 0 0 0
C@CP 4195 0.191948688 0.23479953 0.042519673 0 0 0
B@CP 4197 -0.22520262 -0.0342003431 0.298398902 0 0 0
C@CP 4198 -0.0474053238 -0.0388869632 -0.00183667131 0 0 0
B@CP 4203 0.182352987 0.35148484 -0.0050660597 0 0 0
C@CP 4207 0.220761965 0.0869317129 0.0208004045 0 0 0
C@CP 4210 0.432029856 -0.132829552 0.0343679936 0 0 0
C@CP 4213 0.168550077 -0.425204562 0.021908934 0 0 0
B@CP 4219 -0.256393151 -0.290561335 -0.0370651444 0 0 0
C@CP 4220 0.268421586 -0.104728287 0.0514935269 0 0 0
C@CP 4222 -0.109402732 0.0501902458 -0.310016018 0 0 0
B@CP 4226 -0.258263648 0.172399543 0.0480864154 0 0 0
C@CP 4227 0.371918851 0.0138589981 0.0434142045 0 0 0
C@CP 4228 0.0563789268 0.155849766 -0.0494921916 0 0 0
C@CP 4231 -0.120643631 0.0635805922 0.0437893654 0 0 0
C@CP 4240 0.142398924 -0.151977777 -0.411494011 0 0 0
C@CP 4242 0.353937835 0.108597342 0.276487991 0 0 0
C@CP 4243 -0.117586388 0.228368268 0.260943681 0 0 0
C@CP 4246 0.157781998 0.0455693784 0.0270436018 0 0 0
C@CP 4249 -0.166113284 -0.259904138 0.154053497 0 0 0
C@CP 4255 -0.173701243 0.331978221 -0.286058229 0 0 0
B@CP 4257 -0.179282197 0.307801959 0.0363110446 0 0 0
C@CP 4258 -0.264898499 -0.317146777 -0.178956969 0 0 0
B@CP 4262 -0.0540468045 0.430900518 -0.11493825 0 0 0
C@CP 4263 -0.00960021744 -0.17353605 0.0370520403 0 0 0
C@CP 4269 -0.369094379 0.0454676062 0.197402311 0 0 0
C@CP 4270 0.0543111064 -0.305814503 -0.294635733 0 0 0
B@CP 4272 0.0976587878 0.195959238 0.36320324 0 0 0
C@CP 4273 0.257359664 0.235763794 -0.0399966006 0 0 0
B@CP 4277 -0.134645419 0.0882694136 0.189748762 0 0 0
C@CP 4278 -0.0442145267 0.022066332 0.359897524 0 0 0
C@CP 4279 0.184603084 0.4174547 0.0165982262 0 0 0
B@CP 4281 -0.282510727 -0.163741371 0.0427422691 0 0 0
C@CP 4284 0.196448911 0.380676017 -0.159681201 0 0 0
C@CP 4285 -0.318142924 -0.0193032906 0.0241236321 0 0 0
B@CP 4287 0.0168723639 0.172626035 0.0727833804 0 0 0
C@CP 4290 -0.0108436292 0.255729083 0.251102996 0 0 0
C@CP 4291 0.196634778 0.349902893 0.119343141 0 0 0
B@CP 4293 -0.401778571 0.241962246 0.0583219314 0 0 0
C@CP 4294 0.127808803 -0.105010784 -0.274152476 0 0 0
B@CP 4296 0.0620797396 0.280414151 -0.354872835 0 0 0
B@CP 4298 0.157788721 -0.394261771 0.179908566 0 0 0
C@CP 4301 0.152844155 -0.381723049 0.102120544 0 0 0
C@CP 4302 0.373249769 0.183580792 0.0341710888 0 0 0
B@CP 4308 0.150209244 0.240696819 0.0792983232 0 0 0
B@CP 4311 -0.271799948 0.0691995716 0.253543818 0 0 0
C@CP 4312 0.330626927 -0.165160363 -0.17586485 0 0 0
C@CP 4315 0.167223684 -0.0908141771 -0.396574008 0 0 0
C@CP 4318 -0.326952045 -0.05671406 0.198287723 0 0 0
B@CP 4322 -0.0901083952 0.162060876 0.187712399 0 0 0
C@CP 4323 -0.019311532 0.0458372103 0.20949206 0 0 0
C@CP 4324 0.153896306 0.278608696 0.225949748 0 0 0
C@CP 4327 -0.246753705 -0.191587371 0.233802007 0 0 0
B@CP 4329 0.286184423 -0.0947643943 0.24469284 0 0 0
C@CP 4330 0.256099726 -0.0225207157 -0.078796868 0 0 0
B@CP 4332 -0.0927142388 0.387321999 0.134184339 0 0 0
C@CP 4333 -0.199742918 -0.126919163 -0.351621165 0 0 0
B@CP 4335 0.338181754 -0.198212381 -0.122745109 0 0 0
C@CP 4336 0.217794093 -0.0512870012 0.373023572 0 0 0
B@CP 4338 0.428557066 0.0091879887 0.187487205 0 0 0
C@CP 4343 0.135461277 -0.232459991 -0.0913369324 0 0 0
C@CP 4344 0.293120052 -0.298059215 -0.151145497 0 0 0
C@CP 4345 0.164932454 -0.00576224322 0.229858367 0 0 0
B@CP 4351 0.0321529968 -0.171055475 0.198164955 0 0 0
C@CP 4355 -0.190568263 0.0101824527 -0.362802064 0 0 0
C@CP 4356 -0.0536803947 -0.116735301 -0.440426204 0 0 0
B@CP 4359 0.23026828 0.077610481 0.0917613849 0 0 0
C@CP 4360 0.322682423 0.0711419908 0.103244611 0 0 0
C@CP 4363 0.290785246 0.0418938481 0.0595758024 0 0 0
C@CP 4366 -0.113383102 -0.377759328 0.102902184 0 0 0
C@CP 4371 -0.0489504988 -0.124812586 0.416767098 0 0 0
C@CP 4372 0.392695154 -0.228601854 -0.146708544 0 0 0
C@CP 4378 0.228068134 0.201469806 0.275235566 0 0 0
B@CP 4380 -0.112282984 0.149322487 0.0374381678 0 0 0
C@CP 4381 0.306243631 -0.019078762 0.179753216 0 0 0
C@CP 4384 0.367627813 -0.104789925 0.153516644 0 0 0
B@CP 4388 0.221115962 0.192174883 -0.373663337 0 0 0
C@CP 4389 -0.26330636 0.148583638 0.374650501 0 0 0
C@CP 4390 -0.265950739 0.258383728 -0.126848985 0 0 0
B@CP 4394 0.373524955 0.025210325 0.126974787 0 0 0
C@CP 4395 -0.184944252 0.0800457277 0.0724196644 0 0 0
C@CP 4396 -0.164464002 -0.362929844 0.261631259 0 0 0
B@CP 4403 -0.180815052 -0.264585486 -0.31259813 0 0 0
C@CP 4405 0.0197835526 0.387291259 -0.0548382119 0 0 0
B@CP 4407 0.131030397 0.195760615 -0.159077913 0 0 0
C@CP 4408 -0.273684497 -0.241655382 -0.00027466811 0 0 0
B@CP 4410 0.198488272 -0.176859539 0.387095274 0 0 0
C@CP 4411 0.289898003 0.0790698922 0.30411478 0 0 0
B@CP 4415 0.378345908 0.045235925 0.102816623 0 0 0
B@CP 4419 -0.226390402 -0.182887826 0.276937038 0 0 0
C@CP 4423 -0.250386052 -0.0302286221 -0.0203508222 0 0 0
C@CP 4424 -0.120071465 -0.28692276 -0.152599755 0 0 0
C@CP 4425 -0.061862981 0.0214284837 -0.254116552 0 0 0
C@CP 4426 -0.374569832 0.0756273932 -0.174303591 0 0 0
B@CP 4431 0.12776195 0.136513108 -0.0372777571 0 0 0
C@CP 4432 -0.0297075745 0.0603532949 -0.106838526 0 0 0
B@CP 4434 -0.397316037 0.16685605 0.105235794 0 0 0
C@CP 4437 -0.148861227 0.318730829 0.162476199 0 0 0
C@CP 4438 -0.102983942 -0.0847034026 -0.294105956 0 0 0
B@CP 4440 0.223289923 0.183653711 0.235302605 0 0 0
C@CP 4441 -0.326530178 -0.0486149188 -0.201921188 0 0 0
B@CP 4443 -0.144630063 0.181756017 -0.373611639 0 0 0
B@CP 4445 0.401563771 0.135479761 -0.0824416467 0 0 0
C@CP 4446 -0.196765678 -0.0734803518 -0.104520486 0 0 0
C@CP 4447 -0.295514722 -0.130476012 0.107763839 0 0 0
B@CP 4455 -0.0924743269 0.0810259462 0.130056531 0 0 0
C@CP 4456 0.0451961538 -0.215430162 -0.0547094422 0 0 0
C@CP 4457 -0.0189642339 -0.184753327 -0.0373882293 0 0 0
C@CP 4458 -0.143966816 -0.00095560439 -0.143075114 0 0 0
C@CP 4459 0.289813217 0.275561299 -0.0119957261 0 0 0
B@CP 4461 -0.170772934 -0.0707961688 0.195352204 0 0 0
B@CP 4465 0.265729953 -0.221055593 0.234006942 0 0 0
C@CP 4466 -0.171149129 0.174015809 -0.407169797 0 0 0
C@CP 4467 0.109061599 -0.345078821 -0.12122466 0 0 0
B@CP 4470 -0.161652707 0.107319858 0.19561822 0 0 0
B@CP 4475 0.417186694 0.0224801799 -0.237181993 0 0 0
C@CP 4476 -0.0108803937 -0.191803157 0.396064957 0 0 0
C@CP 4477 -0.300753241 -0.296582345 0.00243956411 0 0 0
B@CP 4479 0.391573203 0.0302545483 0.154024445 0 0 0
C@CP 4482 -0.408469168 -0.0274102816 -0.171505313 0 0 0
B@CP 4487 -0.100125636 0.187366152 0.38492909 0 0 0
B@CP 4491 -0.0393915073 -0.0948746236 -0.151517142 0 0 0
C@CP 4492 -0.0114205761 -0.020935063 0.395952221 0 0 0
B@CP 4494 0.196233736 -0.102806173 -0.000381582844 0 0 0
C@CP 4497 0.0771347554 0.349328673 0.306170992 0 0 0
B@CP 4500 -0.0810001293 0.0245576973 -0.13357796 0 0 0
C@CP 4501 -0.187193928 0.10812157 -0.0233073191 0 0 0
C@CP 4504 0.125076597 -0.100790819 0.149808429 0 0 0
B@CP 4506 -0.108779186 0.0687447088 -0.239258822 0 0 0
C@CP 4509 0.329606148 0.234290954 0.225104636 0 0 0
C@CP 4510 -0.224648855 0.211672654 -0.0196909786 0 0 0
C@CP 4516 -0.179634202 -0.0975845444 -0.13051435 0 0 0
B@CP 4518 0.0857930078 -0.256181411 -0.303795296 0 0 0
C@CP 4521 0.286427155 0.212283681 0.199712413 0 0 0
C@CP 4522 0.196594184 -0.389244221 0.176057808 0 0 0
B@CP 4524 -0.0862266852 0.0105889618 -0.209433102 0 0 0
C@CP 4525 0.268218539 -0.0845397835 -0.181119238 0 0 0
B@CP 4527 -0.133306547 -0.0343950998 0.22314357 0 0 0
C@CP 4531 -0.0220227361 0.149230756 -0.174000565 0 0 0
B@CP 4533 -0.0131463034 0.194972573 -0.363816863 0 0 0
B@CP 4535 -0.0165833105 0.461004612 -0.00412676113 0 0 0
C@CP 4537 0.290588012 0.173450264 -0.205824599 0 0 0
B@CP 4539 -0.190477508 -0.232906663 0.0440095456 0 0 0
B@CP 4541 -0.217339782 0.156208887 0.290423211 0 0 0
C@CP 4543 -0.00355370239 -0.204084887 -0.00797412359 0 0 0
B@CP 4545 0.257277849 -0.375726935 -0.0148564083 0 0 0
C@CP 4546 0.356516042 -0.279383746 -0.0642682116 0 0 0
B@CP 4548 0.394076815 -0.16930031 0.181135563 0 0 0
C@CP 4549 0.0842067303 0.269357999 0.0708462279 0 0 0
B@CP 4553 0.0693901675 0.28423828 0.103925848 0 0 0
C@CP 4555 0.0399530932 -0.32559822 0.000952556448 0 0 0
C@CP 4558 0.0201869354 -0.0257271222 -0.154185299 0 0 0
C@CP 4561 -0.436127979 -0.0686494891 0.145457172 0 0 0
B@CP 4563 0.17644729 0.0315292368 0.264261062 0 0 0
B@CP 4566 -0.172222083 0.282343734 -0.033189924 0 0 0
C@CP 4567 0.00937154418 -0.397023574 0.143227618 0 0 0
C@CP 4572 -0.102140121 -0.161124611 0.0359199632 0 0 0
C@CP 4573 0.317090069 0.0969229602 0.331712777 0 0 0
B@CP 4577 -0.3147715 0.137218274 -0.240037994 0 0 0
C@CP 4582 -0.00725819298 -0.350309278 0.0303703884 0 0 0
B@CP 4584 -0.034271251 0.154212204 -0.093470167 0 0 0
C@CP 4585 0.364674559 -0.206060802 -0.165817078 0 0 0
B@CP 4589 -0.419960974 -0.0876771247 -0.102393243 0 0 0
B@CP 4591 -0.148706204 -0.0468875123 -0.025321893 0 0 0
C@CP 4595 -0.0488032766 -0.170885307 0.125283316 0 0 0
C@CP 4597 0.0900335428 0.423302461 -0.0838968124 0 0 0
B@CP 4599 -0.0505636643 0.326250096 -0.0495541492 0 0 0
C@CP 4600 0.141671862 -0.369513827 -0.261312531 0 0 0
C@CP 4603 0.398790757 0.0971171177 -0.217307141 0 0 0
B@CP 4605 -0.155546273 -0.248702621 0.151687421 0 0 0
B@CP 4609 0.320562748 0.29149066 -0.127791337 0 0 0
C@CP 4610 0.145090251 -0.0560873814 0.207258654 0 0 0
C@CP 4611 -0.035581307 0.0465846737 0.0791752781 0 0 0
C@CP 4612 0.0615261301 0.382420669 -0.125618496 0 0 0
B@CP 4614 0.270848401 -0.105691258 -0.210702471 0 0 0
C@CP 4615 0.400615909 0.232584203 0.102742687 0 0 0
B@CP 4617 -0.122093175 -0.289260708 0.34129965 0 0 0
B@CP 4622 0.180357833 -0.146268965 0.323587698 0 0 0
C@CP 4623 0.44995308 -0.00744584728 0.00416691544 0 0 0
C@CP 4624 -0.0978760209 -0.281029165 -0.30954846 0 0 0
B@CP 4626 0.0370306302 -0.0270145009 0.474438871 0 0 0
C@CP 4627 0.15979001 -0.13138937 -0.232453715 0 0 0
B@CP 4629 0.193078218 0.371039579 0.183652349 0 0 0
C@CP 4632 -0.0774672082 0.338168347 -0.134442265 0 0 0
B@CP 4635 0.235009306 0.308719591 -0.06019383 0 0 0
C@CP 4636 0.00364373612 -0.266706935 -0.200946443 0 0 0
B@CP 4638 -0.134539183 0.0909699023 -0.0335783501 0 0 0
B@CP 4640 -0.176535704 -0.0703292995 -0.252484348 0 0 0
C@CP 4641 0.445145844 -0.0135288036 0.151449581 0 0 0
C@CP 4642 0.0697255133 0.256558984 0.339920114 0 0 0
B@CP 4644 0.101569003 0.0290140033 0.374194702 0 0 0
B@CP 4646 0.185339754 -0.0818383905 -0.210548624 0 0 0
C@CP 4647 0.284991025 0.0497592692 -0.0826288507 0 0 0
C@CP 4648 0.00744226289 -0.101196127 -0.278077262 0 0 0
B@CP 4650 0.199012373 -0.187561078 0.380999361 0 0 0
B@CP 4652 -0.126558329 0.120594588 -0.0524815854 0 0 0
C@CP 4655 -0.0876945741 -0.29921821 0.244686064 0 0 0
C@CP 4657 0.247341284 0.353861152 0.12853297 0 0 0
C@CP 4660 -0.106711063 0.432209899 0.0759048159 0 0 0
B@CP 4662 -0.23227128 -0.140934871 0.223358389 0 0 0
C@CP 4663 0.178320902 -0.269645749 -0.0496984944 0 0 0
B@CP 4665 -0.10813229 -0.112905879 0.267778622 0 0 0
B@CP 4667 -0.0726495103 -0.0726561636 0.0927392036 0 0 0
B@CP 4669 -0.00524501392 0.0283269734 -0.348183619 0 0 0
C@CP 4670 -0.334654685 -0.275139288 -0.0327602514 0 0 0
C@CP 4671 -0.258624057 -0.161634592 -0.0732504254 0 0 0
B@CP 4676 -0.164507773 -0.134650514 0.274975251 0 0 0
B@CP 4678 -0.101262925 0.381115678 0.164345067 0 0 0
C@CP 4679 -0.0518266439 -0.299985694 0.271352403 0 0 0
C@CP 4680 0.226806675 -0.132075701 0.243427414 0 0 0
C@CP 4681 -0.0807052634 0.012158149 0.170016738 0 0 0
B@CP 4683 -0.177644627 -0.306872022 -0.127617782 0 0 0
B@CP 4685 -0.21878872 -0.0405352308 0.0425218835 0 0 0
C@CP 4687 -0.29507001 -0.222541843 -0.246734654 0 0 0
C@CP 4690 0.196368207 -0.0145937645 -0.0746606507 0 0 0
B@CP 4692 -0.121109234 -0.201238883 -0.00488473862 0 0 0
C@CP 4693 0.00597248997 -0.308615888 0.127414473 0 0 0
B@CP 4695 -0.259353892 -0.111438774 0.204229446 0 0 0
C@CP 4696 -0.3419743 -0.118065855 0.10868568 0 0 0
C@CP 4699 -0.0388417772 0.0829725331 0.0737022825 0 0 0
B@CP 4707 -0.473820866 -0.0173258964 0.0392705197 0 0 0
B@CP 4712 0.159657215 0.402982646 -0.11320383 0 0 0
C@CP 4713 -0.160410515 -0.159341945 -0.385426027 0 0 0
C@CP 4714 0.242211513 0.100785068 -0.286007132 0 0 0
B@CP 4716 -0.0118822212 -0.214955749 0.283899826 0 0 0
B@CP 4718 -0.259288868 0.162846514 -0.361138827 0 0 0
C@CP 4719 0.368778723 -0.127883539 0.244259469 0 0 0
C@CP 4720 -0.130312671 0.0709539997 -0.363322753 0 0 0
B@CP 4722 0.156798371 0.0941900079 0.0905789447 0 0 0
C@CP 4723 -0.135544904 -0.142276733 0.0144041063 0 0 0
B@CP 4731 -0.0420323161 0.424180347 -0.13461201 0 0 0
B@CP 4733 0.200396499 -0.0585083077 0.234874043 0 0 0
C@CP 4734 0.0822631762 0.0692011193 -0.116956506 0 0 0
C@CP 4736 -0.0460442179 -0.256633982 0.374232851 0 0 0
C@CP 4737 0.0839759948 -0.135233787 0.4128517 0 0 0
C@CP 4738 0.250726198 0.263091789 -0.239072931 0 0 0
C@CP 4741 0.0035539946 0.304533836 0.246216259 0 0 0
B@CP 4743 -0.0104535074 0.341886918 0.00145230177 0 0 0
C@CP 4744 0.17712759 -0.119902144 -0.299206224 0 0 0
B@CP 4746 -0.313035344 -0.18434391 -0.162110099 0 0 0
C@CP 4747 0.233505221 0.206339296 -0.219914286 0 0 0
B@CP 4749 -0.183061795 -0.432899432 -0.0038303029 0 0 0
B@CP 4752 -0.128741761 -0.00196368012 -0.0677776688 0 0 0
B@CP 4754 0.167809367 0.19427868 -0.113307109 0 0 0
C@CP 4755 0.184951799 -0.322022432 -0.0432738113 0 0 0
C@CP 4756 0.18466066 0.36019648 0.167731048 0 0 0
C@CP 4759 -0.241378148 -0.166002578 0.370734038 0 0 0
B@CP 4761 -0.193490164 0.243029058 0.322534093 0 0 0
C@CP 4762 0.0803379477 -0.413944989 -0.0823551894 0 0 0
B@CP 4764 -0.0545506146 0.189151191 -0.186881869 0 0 0
C@CP 4765 -0.126911314 0.2788513 -0.152469272 0 0 0
B@CP 4767 0.413658607 0.0159834146 -0.00928591641 0 0 0
C@CP 4768 0.227156497 0.237076473 -0.109667018 0 0 0
B@CP 4772 -0.0773549923 0.348123859 0.184007743 0 0 0
C@CP 4774 0.215134538 -0.364349282 0.0803001586 0 0 0
B@CP 4776 0.317270266 -0.272401964 0.091692516 0 0 0
B@CP 4778 -0.252176675 0.279002584 0.209405985 0 0 0
C@CP 4779 -0.190501203 0.190114125 -0.0781658851 0 0 0
C@CP 4785 0.16230035 0.333151412 -0.0414343263 0 0 0
C@CP 4786 -0.322550089 -0.00255763131 0.310624309 0 0 0
B@CP 4788 -0.321246836 0.23657758 0.164028631 0 0 0
C@CP 4789 0.142608132 0.0500597889 0.128157425 0 0 0
C@CP 4792 0.35580864 -0.260550651 -0.157764894 0 0 0
C@CP 4795 0.331322904 0.156496777 0.0347484576 0 0 0
B@CP 4797 -0.100205056 -0.230751378 -0.215501249 0 0 0
B@CP 4799 -0.035787504 0.361819585 0.0972552827 0 0 0
C@CP 4800 -0.18551648 0.269848505 -0.00299093881 0 0 0
C@CP 4801 -0.214845377 0.158467208 0.0551290174 0 0 0
C@CP 4804 -0.218972729 0.224382677 0.0625587244 0 0 0
B@CP 4806 -0.387661232 0.0421159158 -0.133156373 0 0 0
C@CP 4807 -0.304341534 0.252113762 -0.0647883412 0 0 0
B@CP 4809 -0.352110681 0.0196357086 0.0323543468 0 0 0
C@CP 4810 0.156699574 -0.313876131 -0.0443733641 0 0 0
B@CP 4814 -0.0743564862 -0.136346536 0.108570189 0 0 0
C@CP 4815 0.124576012 -0.174772091 0.331894809 0 0 0
C@CP 4816 0.264853146 -0.353001398 0.0646164257 0 0 0
C@CP 4819 0.0717962847 -0.40267988 0.0106117459 0 0 0
C@CP 4822 -0.233973366 -0.139246543 0.368222641 0 0 0
B@CP 4824 -0.331684255 -0.102501615 0.0562202798 0 0 0
C@CP 4828 0.163468367 0.405340662 0.123508527 0 0 0
B@CP 4833 -0.0122509626 -0.0634338732 0.360254794 0 0 0
C@CP 4834 0.214719508 0.3685759 -0.162533717 0 0 0
B@CP 4836 -0.127173753 -0.321016994 0.0113061296 0 0 0
C@CP 4837 0.012449644 -0.175668675 -0.308223334 0 0 0
B@CP 4839 0.388165832 -0.0174934737 0.225978725 0 0 0
C@CP 4840 -0.169382684 0.0765099742 0.335500346 0 0 0
C@CP 4843 -0.0214449467 -0.316045955 -0.171438092 0 0 0
B@CP 4845 -0.127883031 0.222142174 0.0699146917 0 0 0
C@CP 4846 -0.0290419034 -0.131726697 0.00273490924 0 0 0
B@CP 4848 0.146983272 -0.222270919 -0.209066832 0 0 0
C@CP 4849 0.211156322 -0.380114223 -0.0100350971 0 0 0
C@CP 4859 -0.0188693469 0.0116602288 -0.247133566 0 0 0
C@CP 4860 -0.19732216 -0.296273713 0.304105535 0 0 0
B@CP 4863 0.073379756 0.33581978 0.168105422 0 0 0
C@CP 4867 -0.246048051 0.295136661 0.213677579 0 0 0
B@CP 4871 0.147095577 -0.267103352 0.127250609 0 0 0
C@CP 4876 -0.158853004 0.384653454 -0.0208681841 0 0 0
B@CP 4878 0.32003123 -0.168917001 -0.229762026 0 0 0
C@CP 4879 -0.000889849328 0.192990214 0.0476143627 0 0 0
B@CP 4883 0.074762587 0.346987088 -0.271353168 0 0 0
C@CP 4884 0.418528262 0.0383326776 -0.147293364 0 0 0
C@CP 4885 0.0246792334 -0.219181047 -0.357349083 0 0 0
B@CP 4889 0.0613329927 0.0547311425 0.265044205 0 0 0
B@CP 4891 -0.199504635 -0.216489947 0.346268738 0 0 0
C@CP 4894 0.167818955 0.416709141 0.0578887736 0 0 0
B@CP 4896 -0.342468601 0.283369902 0.0899328684 0 0 0
C@CP 4897 -0.181023157 -0.0567976011 -0.405328414 0 0 0
B@CP 4899 -0.383054997 -0.0853263262 -0.0851571403 0 0 0
B@CP 4902 -0.0321371475 0.276445577 -0.286798172 0 0 0
C@CP 4903 -0.106251351 -0.177868769 0.309469681 0 0 0
B@CP 4905 -0.0735513488 -0.0739915743 0.110085836 0 0 0
C@CP 4906 0.136846695 -0.254053093 -0.264711467 0 0 0
B@CP 4908 0.165271739 0.290665242 0.24083412 0 0 0
C@CP 4909 0.0643311789 0.422574959 -0.0504275207 0 0 0
B@CP 4913 -0.289115044 0.100963291 -0.0984282869 0 0 0
C@CP 4914 -0.231977275 -0.26672487 -0.258385051 0 0 0
C@CP 4915 -0.453077844 -0.0561547493 0.064844547 0 0 0
B@CP 4917 -0.186962782 -0.00139661163 0.380776374 0 0 0
C@CP 4918 0.0102958609 -0.113642585 0.111326282 0 0 0
B@CP 4920 0.318292105 0.126862752 0.228178994 0 0 0
C@CP 4921 0.165785255 0.0518841282 -0.0222718903 0 0 0
B@CP 4923 -0.141285113 -0.267767598 -0.298833724 0 0 0
B@CP 4926 0.1835859 0.134200877 -0.310208863 0 0 0
B@CP 4928 0.0337336278 -0.184173591 -0.290440419 0 0 0
C@CP 4929 -0.364165727 0.191588767 -0.0511318136 0 0 0
C@CP 4930 0.171232935 -0.0392185073 0.0334659728 0 0 0
B@CP 4932 0.193487283 -0.0376953926 0.224022215 0 0 0
C@CP 4933 0.12553012 -0.0837273111 0.137904683 0 0 0
C@CP 4938 0.196177582 0.141133852 0.40474651 0 0 0
C@CP 4939 -0.22664964 -0.114139721 -0.40545748 0 0 0
B@CP 4943 0.155492841 -0.385057436 -0.205946198 0 0 0
B@CP 4947 -0.3808974 0.151276631 0.200622041 0 0 0
C@CP 4948 -0.213443758 0.0114700898 -0.112059873 0 0 0
C@CP 4949 0.135093669 0.243639266 -0.253627562 0 0 0
C@CP 4950 0.0967855728 0.283843114 -0.131081273 0 0 0
C@CP 4951 -0.167966818 0.0591722768 -0.346035799 0 0 0
B@CP 4953 0.0151594167 0.176043923 -0.0600102009 0 0 0
B@CP 4955 0.247256831 0.173064298 -0.268896786 0 0 0
C@CP 4956 0.338866413 -0.221759523 -0.115522705 0 0 0
C@CP 4957 0.0937727225 -0.0836087355 -0.169277324 0 0 0
B@CP 4959 -0.154115841 0.154103785 -0.195639327 0 0 0
B@CP 4962 -0.271075673 -0.0100807986 0.200679015 0 0 0
C@CP 4963 0.0503762933 -0.0585233223 0.0542935063 0 0 0
B@CP 4965 -0.374930222 -0.0711616972 0.036639052 0 0 0
B@CP 4967 -0.202109288 0.114461832 0.234581419 0 0 0
C@CP 4968 0.226307818 -0.236218035 0.252121933 0 0 0
C@CP 4969 -0.40236801 -0.111344021 0.0817489939 0 0 0
C@CP 4972 -0.119329647 0.406608591 0.0276143713 0 0 0
B@CP 4974 -0.0920895847 0.130066159 -0.151216869 0 0 0
C@CP 4975 0.191009451 -0.220297717 -0.095263648 0 0 0
B@CP 4977 -0.0107080379 0.205000053 0.33779949 0 0 0
C@CP 4978 -0.086629668 -0.0535076293 -0.230506252 0 0 0
B@CP 4983 0.0530323003 0.114008812 -0.00500340335 0 0 0
C@CP 4984 0.00480848324 0.126967284 -0.382529813 0 0 0
B@CP 4986 0.115129859 -0.356494394 0.102882315 0 0 0
C@CP 4987 -0.0322661955 0.0758417071 0.159170823 0 0 0
B@CP 4989 -0.114359072 0.118002696 -0.109094894 0 0 0
B@CP 4991 -0.0613975502 -0.452456095 0.0728405455 0 0 0
B@CP 4993 0.131051265 -0.365325314 -0.126337685 0 0 0
C@CP 4994 0.348645612 0.079937714 -0.26051179 0 0 0
C@CP 4995 0.205867402 0.210973226 -0.35428772 0 0 0
B@CP 4998 -0.350888139 -0.286930558 0.121163621 0 0 0
C@CP 4999 0.0353489994 0.105688172 0.0156632111 0 0 0
B@CP 5001 -0.145868436 0.322406443 -0.308810311 0 0 0
C@CP 5002 -0.400004506 -0.0102462466 0.237591148 0 0 0
C@CP 5005 -0.203358145 -0.325240343 0.15960098 0 0 0
C@CP 5008 -0.0132258849 -0.347518279 -0.00791946579 0 0 0
B@CP 5010 0.0264998483 -0.339837434 0.037287204 0 0 0
C@CP 5011 0.0481539505 0.296331716 0.100312611 0 0 0
B@CP 5013 0.124741875 0.269590574 0.34747945 0 0 0
C@CP 5014 -0.182450244 0.159000322 0.32628056 0 0 0
C@CP 5019 0.048974785 0.47204224 -0.0347188737 0 0 0
C@CP 5023 0.287725834 0.0145299824 -0.0662624303 0 0 0
B@CP 5025 -0.24489355 0.134955164 0.23218684 0 0 0
C@CP 5026 0.359032069 -0.0358674073 -0.191763855 0 0 0
B@CP 5028 0.100910502 0.103193452 0.308720027 0 0 0
C@CP 5029 -0.149622996 -0.27820559 0.167800803 0 0 0
B@CP 5031 -0.0950316123 0.0565408062 0.161233309 0 0 0
C@CP 5032 -0.0246684434 0.215364107 -0.0705288413 0 0 0
B@CP 5036 -0.205294291 -0.0902937143 -0.0945236159 0 0 0
C@CP 5038 0.0193161218 -0.0994409593 0.127852194 0 0 0
B@CP 5042 0.207419617 0.168093982 -0.116773584 0 0 0
B@CP 5044 0.320045748 -0.235246542 -0.241472884 0 0 0
C@CP 5045 -0.083642797 0.0338184048 0.114021237 0 0 0
C@CP 5046 -0.209186991 -0.074362503 -0.390031053 0 0 0
C@CP 5047 0.12337331 -0.127570765 0.202567439 0 0 0
B@CP 5049 0.2888452 0.271864434 -0.130953028 0 0 0
B@CP 5051 -0.307252685 0.329787422 0.103801835 0 0 0
C@CP 5052 -0.0814172023 0.270299576 -0.0418141466 0 0 0
C@CP 5053 -0.025700967 -0.28193948 -0.282637325 0 0 0
C@CP 5056 -0.0641546562 -0.356483915 -0.0229297319 0 0 0
B@CP 5058 -0.345028692 0.0655709567 -0.0434723555 0 0 0
C@CP 5059 -0.162684142 -0.0862714179 0.220381432 0 0 0
B@CP 5061 0.0760898198 -0.0246292679 0.16671295 0 0 0
C@CP 5064 0.0624383707 -0.295075264 -0.100787938 0 0 0
C@CP 5065 0.0615494729 0.118381296 0.372218814 0 0 0
B@CP 5067 -0.372122857 0.114785268 0.234775447 0 0 0
B@CP 5070 -0.311191157 0.0571723882 -0.131684484 0 0 0
B@CP 5073 -0.219406796 -0.206442734 0.0373658651 0 0 0
C@CP 5074 -0.100272962 -0.238715744 0.216015293 0 0 0
B@CP 5076 0.22054546 0.0587596626 -0.154140069 0 0 0
C@CP 5077 -0.199925299 0.266728862 -0.178294529 0 0 0
C@CP 5080 -0.254360411 0.0141152248 0.388416748 0 0 0
B@CP 5082 -0.0662502859 -0.27780265 -0.247211372 0 0 0
C@CP 5083 0.151809617 0.104164174 -0.368336901 0 0 0
B@CP 5085 0.0298783779 0.0435139734 0.475628649 0 0 0
B@CP 5088 0.224689543 -0.217097486 -0.0667452689 0 0 0
C@CP 5089 -0.257588836 0.132588112 -0.204817378 0 0 0
C@CP 5092 -0.148073575 0.0403233754 0.383584663 0 0 0
B@CP 5094 0.416937461 0.140479968 -0.0894387142 0 0 0
B@CP 5096 -0.135810307 -0.216423291 0.222873089 0 0 0
C@CP 5097 -0.304645094 0.353070369 0.0610530792 0 0 0
C@CP 5098 -0.143711707 -0.185929883 0.362435807 0 0 0
B@CP 5100 0.277976516 0.124045079 -0.350481513 0 0 0
B@CP 5102 0.229770389 0.2401403 0.140864416 0 0 0
C@CP 5103 0.242326053 0.321390629 0.0396728669 0 0 0
C@CP 5104 0.290087301 0.338625835 -0.0844956449 0 0 0
C@CP 5107 -0.233162858 0.156837451 0.230178958 0 0 0
C@CP 5110 -0.0646039483 0.164401333 -0.217714006 0 0 0
B@CP 5112 -0.0834450895 0.437402808 -0.0820177959 0 0 0
C@CP 5113 -0.0316689186 0.172180488 0.151451175 0 0 0
B@CP 5115 0.181109597 -0.183936853 -0.0356945141 0 0 0
B@CP 5117 -0.233247009 0.285814383 -0.26601063 0 0 0
C@CP 5120 -0.430682355 -0.0554280077 0.165073488 0 0 0
C@CP 5121 0.0614996562 -0.328789198 0.0961775626 0 0 0
C@CP 5122 -0.282743605 -0.0437149892 -0.368678675 0 0 0
C@CP 5125 -0.120949127 -0.25548356 0.215845262 0 0 0
B@CP 5127 0.348396838 -0.23884795 0.102269684 0 0 0
C@CP 5128 0.0994981411 0.0272363966 -0.26660894 0 0 0
C@CP 5131 -0.0789716199 0.370197319 -0.0960416122 0 0 0
B@CP 5133 -0.267122114 -0.0185074193 -0.0982228172 0 0 0
C@CP 5134 0.0328001062 0.123141148 0.170969425 0 0 0
B@CP 5136 -0.207360868 0.360934748 -0.0118077996 0 0 0
C@CP 5137 -0.28140732 -0.00475565245 -0.246538292 0 0 0
B@CP 5139 -0.118130476 -0.123031196 -0.038637556 0 0 0
C@CP 5140 0.0924469081 -0.0528526514 -0.347536883 0 0 0
B@CP 5145 -0.124626467 0.29002558 0.0503923066 0 0 0
B@CP 5147 0.280867348 0.173512368 -0.295427049 0 0 0
B@CP 5149 -0.210670532 0.212422643 0.150561349 0 0 0
C@CP 5150 -0.057567487 -0.0335863205 -0.344286157 0 0 0
C@CP 5151 -0.31798533 0.029259207 -0.0112955746 0 0 0
C@CP 5152 -0.240371975 -0.394211228 0.0291707896 0 0 0
B@CP 5154 0.239663385 0.116779108 -0.139270334 0 0 0
C@CP 5155 -0.137868401 0.258834314 -0.333442192 0 0 0
C@CP 5158 0.0293159997 -0.248462486 -0.29697477 0 0 0
B@CP 5160 0.244654803 0.111594615 -0.1674189 0 0 0
B@CP 5163 -0.0179838935 0.385772733 0.258993847 0 0 0
B@CP 5165 0.0164043378 0.173711568 0.365968884 0 0 0
B@CP 5167 0.120822831 0.26512498 -0.247841118 0 0 0
C@CP 5168 0.11798718 -0.174842022 0.395514601 0 0 0
C@CP 5169 -0.000483025208 -0.19227614 0.132893321 0 0 0
C@CP 5170 0.398965054 0.0600504896 -0.111811971 0 0 0
B@CP 5172 -0.156477769 -0.348551932 0.267022677 0 0 0
B@CP 5174 -0.206165164 -0.159133275 0.238515891 0 0 0
C@CP 5175 -0.102957353 0.320287954 -0.071781446 0 0 0
C@CP 5176 -0.0888173086 0.380884037 -0.0934573435 0 0 0
B@CP 5180 0.0278262689 -0.019341529 0.299755892 0 0 0
B@CP 5182 -0.108293693 0.156597188 -0.0129330372 0 0 0
C@CP 5183 0.22289731 -0.126591617 -0.187012484 0 0 0
C@CP 5185 -0.383922335 -0.214673725 0.164552356 0 0 0
B@CP 5187 -0.25753676 0.319779788 -0.066166248 0 0 0
C@CP 5188 -0.0859260516 -0.0238744474 0.110240702 0 0 0
B@CP 5190 0.249466531 0.253324986 -0.0230910487 0 0 0
B@CP 5192 0.136602357 0.391678832 0.0162613957 0 0 0
B@CP 5194 -0.370445614 -0.0291078571 0.132803851 0 0 0
C@CP 5198 0.186027446 0.291243298 -0.11581971 0 0 0
C@CP 5199 0.141895539 0.21591516 -0.0707862264 0 0 0
B@CP 5202 -0.189252481 0.244310541 -0.153112159 0 0 0
B@CP 5204 0.122622601 0.195915358 0.256260077 0 0 0
C@CP 5205 -0.236707155 -0.285667341 0.083198144 0 0 0
C@CP 5206 -0.259453673 0.273671329 -0.0268163507 0 0 0
C@CP 5209 0.440012993 -0.049677607 0.0837250958 0 0 0
C@CP 5212 0.0917761205 -0.419255547 -0.0483815026 0 0 0
B@CP 5214 0.385984664 -0.0347369887 -0.103789162 0 0 0
C@CP 5215 -0.185521697 -0.0709127627 0.337410098 0 0 0
B@CP 5217 0.437382744 0.021871439 0.109831246 0 0 0
B@CP 5220 0.0574730654 -0.035618031 -0.0679680514 0 0 0
C@CP 5223 0.200092252 0.230956662 -0.13478771 0 0 0
C@CP 5224 0.207665674 0.253700097 -0.0667304274 0 0 0
B@CP 5226 -0.0472808434 -0.129627313 0.128239412 0 0 0
C@CP 5227 -0.0816816763 0.343031071 -0.192838754 0 0 0
B@CP 5229 0.131485399 0.0765888639 0.0184060754 0 0 0
C@CP 5230 -0.0435746115 -0.288269053 -0.330652852 0 0 0
B@CP 5232 0.263654144 -0.175414706 -0.312985682 0 0 0
C@CP 5233 -0.388760438 0.0538555618 -0.137460527 0 0 0
B@CP 5235 0.179219976 -0.218570925 -0.0190988712 0 0 0
C@CP 5236 0.0948185875 0.03462821 0.169061521 0 0 0
B@CP 5238 0.00608889281 0.194075964 -0.00697852017 0 0 0
B@CP 5240 0.1136985 -0.0260432596 0.262955583 0 0 0
C@CP 5242 -0.173678423 0.162778641 -0.195703754 0 0 0
B@CP 5244 -0.0432928627 -0.0895417856 -0.292115391 0 0 0
B@CP 5246 0.0450982846 0.354793214 -0.266512682 0 0 0
C@CP 5247 -0.244951886 0.047060738 -0.144595158 0 0 0
B@CP 5250 0.0566054103 0.20854311 0.0833034592 0 0 0
B@CP 5253 -0.400538911 -0.0782487923 0.191351851 0 0 0
C@CP 5254 0.0184710776 -0.216360253 -0.320805117 0 0 0
B@CP 5258 -0.289228192 -0.23370709 -0.146313436 0 0 0
B@CP 5260 0.277713835 0.254172738 0.220444713 0 0 0
C@CP 5261 -0.0699690089 0.288128131 0.189985171 0 0 0
C@CP 5263 0.120788698 0.0820594164 -0.0263962547 0 0 0
B@CP 5265 0.158136617 -0.0638592068 -0.331444025 0 0 0
B@CP 5267 0.236075155 -0.0723450494 0.240394307 0 0 0
C@CP 5268 -0.253534925 -0.0866977188 -0.384754521 0 0 0
C@CP 5269 0.0629065833 -0.313504678 -0.344591247 0 0 0
C@CP 5272 0.116131034 0.0931904117 0.0931564283 0 0 0
B@CP 5274 -0.0971127853 0.148595701 -0.0466697221 0 0 0
C@CP 5277 0.228230493 -0.256130925 -0.138007823 0 0 0
C@CP 5278 0.0507921502 0.33782965 0.0444514084 0 0 0
B@CP 5280 0.115303909 -0.0769220849 -0.0209189617 0 0 0
C@CP 5281 -0.402610538 0.0404229116 0.0122012369 0 0 0
B@CP 5283 -0.0821680957 -0.0531939072 -0.333316319 0 0 0
C@CP 5284 -0.260071536 0.0194945619 0.05327348 0 0 0
B@CP 5286 -0.111791617 0.340929573 -0.23879499 0 0 0
C@CP 5287 0.029417205 -0.0602722966 -0.0794022969 0 0 0
B@CP 5289 -0.0569904646 0.282009059 0.378836655 0 0 0
C@CP 5290 -0.160489977 0.0430231811 0.0582364017 0 0 0
B@CP 5292 0.200141045 -0.171782699 -0.206318272 0 0 0
C@CP 5293 -0.314777122 0.125762865 0.321129759 0 0 0
B@CP 5295 0.253700623 0.00926444614 -0.202942556 0 0 0
C@CP 5296 -0.350504211 0.222054463 0.180857332 0 0 0
B@CP 5298 -0.20626345 -0.0910281323 0.298955272 0 0 0
B@CP 5300 0.0514590206 -0.0824662767 -0.416178001 0 0 0
C@CP 5301 0.459818188 -0.0530781312 -0.059887648 0 0 0
C@CP 5302 -0.328577087 -0.243356147 -0.183624776 0 0 0
B@CP 5304 0.00435195923 -0.328762904 -0.223509416 0 0 0
C@CP 5305 -0.173835668 0.0389600287 0.335195019 0 0 0
B@CP 5307 -0.221888455 0.244025442 0.289198452 0 0 0
C@CP 5308 -0.303117076 0.220755059 0.239136015 0 0 0
B@CP 5310 -0.386227441 -0.172865243 0.0463766093 0 0 0
C@CP 5311 -0.00390730682 -0.279868187 0.188760645 0 0 0
B@CP 5313 -0.35718281 0.0489426756 0.269949457 0 0 0
C@CP 5314 0.241411634 0.312532601 -0.0491397708 0 0 0
B@CP 5316 -0.0386006429 -0.389701905 -0.0576140139 0 0 0
C@CP 5317 -0.166864853 0.0575882503 -0.231580702 0 0 0
B@CP 5319 0.18709396 0.337850338 -0.191963378 0 0 0
C@CP 5320 -0.265119816 -0.0819382795 -0.0464888938 0 0 0
B@CP 5322 0.000671875524 -0.249198373 0.279407949 0 0 0
B@CP 5324 -0.247202271 -0.146884705 -0.24436471 0 0 0
C@CP 5325 0.412753549 0.00213136218 0.0599760968 0 0 0
C@CP 5326 0.356388284 0.0126608318 0.0239201727 0 0 0
B@CP 5328 -0.0441325502 -0.086280959 -0.216304885 0 0 0
C@CP 5329 0.166774573 -0.170885281 -0.166306852 0 0 0
B@CP 5331 0.063484207 0.0463443328 -0.260334117 0 0 0
C@CP 5332 0.124967558 -0.337119995 0.145696413 0 0 0
C@CP 5335 0.0995500768 0.364227631 0.0470000833 0 0 0
B@CP 5339 0.179380452 -0.278244005 0.261095992 0 0 0
C@CP 5340 0.013000032 -0.218510397 -0.163933428 0 0 0
C@CP 5341 0.413386386 -0.0505230235 0.0347724706 0 0 0
B@CP 5345 -0.0529103213 0.0348317939 -0.197424589 0 0 0
C@CP 5346 0.161856409 0.384367647 0.0329056724 0 0 0
C@CP 5347 0.353714961 0.0768252571 0.182599384 0 0 0
B@CP 5349 -0.170255904 -0.131779545 -0.184552656 0 0 0
C@CP 5350 0.0704607719 -0.309738627 0.316468819 0 0 0
B@CP 5352 -0.246451445 -0.0178556351 0.230651661 0 0 0
C@CP 5353 -0.119915208 -0.33803455 -0.186833842 0 0 0
B@CP 5355 0.165237717 0.382375078 0.190541305 0 0 0
B@CP 5357 -0.293841326 0.0111367013 -0.0960092966 0 0 0
C@CP 5359 0.318713594 0.0137321299 0.300056408 0 0 0
B@CP 5361 -0.00780146124 -0.049360471 -0.340050713 0 0 0
B@CP 5363 0.342015864 -0.160036169 -0.18407095 0 0 0
C@CP 5365 -0.42268841 0.0296541415 -0.195337315 0 0 0
B@CP 5367 -0.333569688 0.115150228 0.111146257 0 0 0
C@CP 5368 0.127988905 -0.0749720977 -0.403399788 0 0 0
B@CP 5370 0.0564077968 0.391336227 0.22976377 0 0 0
C@CP 5371 -0.185980693 0.0192766864 -0.136111412 0 0 0
B@CP 5373 -0.208020625 0.248550621 -0.305221129 0 0 0
C@CP 5374 -0.151505301 -0.363911241 -0.150218553 0 0 0
B@CP 5376 0.295443541 0.223251675 -0.0583814973 0 0 0
B@CP 5378 -0.435284765 0.0646990486 -0.129223667 0 0 0
C@CP 5380 0.227591665 -0.34027857 0.0764062004 0 0 0
B@CP 5384 -0.0132586915 -0.0373355018 0.415241953 0 0 0
B@CP 5386 -0.340063017 -0.04753642 -0.159232272 0 0 0
C@CP 5387 -0.174075695 0.402533763 -0.0819630929 0 0 0
C@CP 5388 0.138255211 -0.241812137 0.0758859929 0 0 0
C@CP 5389 -0.124761133 0.170791071 0.00813181512 0 0 0
B@CP 5393 -0.435649707 0.113484473 0.106327208 0 0 0
C@CP 5394 0.311470789 0.0753103415 -0.287234808 0 0 0
C@CP 5395 0.0132492827 0.171862018 0.438763947 0 0 0
B@CP 5397 -0.421289523 0.143428728 -0.0862683467 0 0 0
B@CP 5399 0.0337274441 -0.0289795549 0.0651493261 0 0 0
C@CP 5400 -0.199907063 0.302295943 0.220068818 0 0 0
C@CP 5401 -0.172742367 0.00299956842 0.108208259 0 0 0
B@CP 5403 -0.20491846 0.143748969 -0.321610452 0 0 0
C@CP 5404 -0.0482584515 -0.127824501 0.0739980786 0 0 0
B@CP 5406 -0.4060659 -0.207867218 -0.153204284 0 0 0
C@CP 5407 0.303936371 0.245705688 -0.0732005405 0 0 0
B@CP 5409 0.140893784 -0.0198138165 -0.0105569578 0 0 0
C@CP 5410 -0.0818080932 0.388235515 -0.0841230168 0 0 0
B@CP 5412 -0.332862977 -0.165894753 -0.182128931 0 0 0
C@CP 5413 -0.37135126 -0.132512239 0.06891768 0 0 0
B@CP 5415 -0.455577384 -0.0316918382 -0.0677418296 0 0 0
C@CP 5416 -0.276987989 0.321099829 0.0635281897 0 0 0
B@CP 5418 0.124623343 0.431663363 -0.0128094936 0 0 0
C@CP 5419 -0.076723817 -0.316348632 -0.0877657066 0 0 0
B@CP 5421 -0.380330441 0.0365133445 -0.187853393 0 0 0
C@CP 5422 -0.0810566248 0.212827877 0.265870582 0 0 0
B@CP 5424 -0.297552903 -0.206218521 -0.219939351 0 0 0
B@CP 5426 -0.394016264 -0.116134142 0.142073946 0 0 0
B@CP 5428 0.245067364 0.033267118 0.296898869 0 0 0
C@CP 5429 -0.0892801628 0.142593038 -0.182955276 0 0 0
C@CP 5430 0.393136696 0.187419156 -0.0652368561 0 0 0
C@CP 5431 -0.0795679278 -0.21338508 0.134642885 0 0 0
B@CP 5433 0.0627623831 -0.230326486 0.0255109797 0 0 0
C@CP 5434 0.0574877284 -0.179560308 0.222087933 0 0 0
B@CP 5436 -0.149779788 0.0660210903 0.175820231 0 0 0
B@CP 5438 -0.0772680333 0.361492669 0.183236007 0 0 0
B@CP 5440 0.0968075006 0.153196258 0.423269845 0 0 0
C@CP 5441 0.227582929 0.105630142 -0.0967562038 0 0 0
C@CP 5442 0.324904899 -0.195869274 0.117827901 0 0 0
C@CP 5443 0.150884626 0.0355844966 -0.367841969 0 0 0
B@CP 5445 0.00201976402 0.211295872 0.268576262 0 0 0
C@CP 5446 0.240938806 -0.182255156 0.363089175 0 0 0
B@CP 5448 -0.157388944 0.263309856 0.236733535 0 0 0
C@CP 5449 -0.114258743 0.0177338582 -0.154832025 0 0 0
B@CP 5451 -0.113272691 -0.399962127 0.138800918 0 0 0
C@CP 5452 0.384275468 0.0113469264 -0.0266542559 0 0 0
B@CP 5454 -0.0975295243 0.117663069 -0.399153056 0 0 0
B@CP 5456 -0.215701186 -0.130344333 0.0241512657 0 0 0
B@CP 5458 -0.296450171 -0.274872742 -0.129321477 0 0 0
C@CP 5460 0.0214586532 0.108352851 -0.414642822 0 0 0
C@CP 5461 -0.285795197 -0.0653385325 0.0432052002 0 0 0
B@CP 5463 0.249469327 -0.317642481 0.176643256 0 0 0
B@CP 5465 -0.0331803873 0.00173344688 0.123899534 0 0 0
C@CP 5466 -0.208300773 0.111134945 -0.155882816 0 0 0
C@CP 5467 0.357661554 -0.154317059 -0.208095786 0 0 0
B@CP 5469 0.217102456 -0.253928987 -0.190980169 0 0 0
C@CP 5470 -0.15765568 0.124637682 -0.129994516 0 0 0
B@CP 5472 -0.152348459 -0.354790207 0.227030054 0 0 0
C@CP 5475 -0.149684659 -0.390215246 0.151359475 0 0 0
C@CP 5476 -0.358693819 -0.16495395 0.167547932 0 0 0
B@CP 5478 0.175153426 -0.375889155 0.118508983 0 0 0
B@CP 5480 -0.408470671 0.109735223 -0.0207599518 0 0 0
B@CP 5482 -0.0231345296 -0.148041007 0.264757169 0 0 0
B@CP 5484 -0.127784149 0.110430671 0.269911087 0 0 0
C@CP 5485 -0.0555456564 0.00935381042 -0.257929106 0 0 0
C@CP 5486 0.0649475574 -0.157314078 0.052990867 0 0 0
C@CP 5487 0.154047759 -0.28697388 0.266504734 0 0 0
C@CP 5488 -0.108095833 -0.0629264139 -0.186708988 0 0 0
B@CP 5490 -0.0440075123 0.245665042 -0.354969463 0 0 0
C@CP 5491 0.285368847 -0.0473170795 -0.300879275 0 0 0
B@CP 5493 -0.181587102 0.237284901 0.039747828 0 0 0
C@CP 5494 0.0266136515 -0.0770464965 0.434834214 0 0 0
B@CP 5496 -0.120762842 -0.0722024009 0.339511954 0 0 0
B@CP 5498 0.283835444 -0.227608444 -0.178095119 0 0 0
C@CP 5499 0.0548712032 0.267530883 0.0851977205 0 0 0
C@CP 5500 -0.11872265 0.206972318 -0.18755844 0 0 0
B@CP 5502 0.308079879 0.317826414 0.0219695185 0 0 0
C@CP 5503 0.099293998 0.406281855 -0.217514715 0 0 0
B@CP 5505 0.229955682 -0.0300751608 -0.2608339 0 0 0
B@CP 5507 -0.241369375 0.168377733 0.0336018729 0 0 0
C@CP 5508 -0.110904314 -0.303650191 -0.208293075 0 0 0
C@CP 5509 -0.145782154 -0.167193108 0.139415414 0 0 0
B@CP 5511 -0.0243508963 -0.386004429 0.0231106905 0 0 0
B@CP 5513 -0.0782111281 0.194402205 -0.146634516 0 0 0
C@CP 5514 -0.177747079 -0.074249849 0.22984598 0 0 0
C@CP 5515 0.263662391 -0.307651867 -0.186795808 0 0 0
B@CP 5517 -0.0848455285 0.438027175 -0.115410721 0 0 0
B@CP 5519 0.267925603 0.0156942353 0.183881521 0 0 0
B@CP 5521 -0.0760214302 -0.0269481021 -0.273920956 0 0 0
C@CP 5522 0.0654972788 -0.273833506 -0.378554198 0 0 0
C@CP 5523 0.140056983 -0.0264949723 0.0834794114 0 0 0
C@CP 5524 0.11282603 -0.131929103 0.292372403 0 0 0
B@CP 5526 -0.204905875 -0.23455067 -0.0132112766 0 0 0
C@CP 5527 -0.287729269 -0.248245556 0.166006364 0 0 0
B@CP 5529 -0.0779933866 -0.201200241 -0.182590261 0 0 0
C@CP 5530 0.142240614 -0.367809621 0.154723062 0 0 0
A@CP 5531 -0.146677643 0.194929176 -0.365384302 0 0 0
B@CP 5532 0.312164987 0.100521066 -0.199476878 0 0 0
